-0.152328 5.23649
-0.0405354 5.39666
0.0306792 5.6474
0.0653009 5.87884
0.121634 6.05114
0.236836 6.16595
0.245916 6.34964
0.169658 6.3845
0.255285 6.46557
0.30064 6.57853
1.02805 7.28122
0.850141 7.11963
0.983017 7.11686
0.819813 6.92993
0.87515 6.76859
1.11444 7.07791
1.06777 6.82032
0.941362 6.56169
1.08966 6.56244
0.935295 6.31047
0.752387 6.35079
0.790008 6.00149
0.611586 6.00978
0.620842 5.69532
0.809283 5.67428
0.66798 5.46842
0.745529 5.33203
0.605104 5.2181
0.562629 5.41161
0.468936 5.1861
0.509587 4.88015
0.680673 5.01688
0.630592 4.62835
0.486356 4.52115
0.339966 4.61689
0.393448 4.23744
0.26168 4.26275
0.178958 4.5527
0.154402 4.25976
0.0591455 4.41218
0.090148 4.10213
-0.0157623 4.04562
0.0645423 3.8328
-0.0207429 3.70111
0.0529833 3.58198
-0.0184922 3.4107
0.0529571 3.37387
-0.00687218 3.1276
0.101724 3.10026
0.000497341 2.83465
0.0926638 2.75118
0.00815248 2.53661
0.0897975 2.48939
0.0338717 2.3034
0.0994625 2.22086
0.0325446 2.04878
-0.0773778 2.20845
-0.0316195 1.7892
-0.155971 1.85084
-0.201963 2.13702
-0.235074 2.39304
-0.112227 2.59439
-0.19044 2.68415
-0.116634 2.88808
-0.216519 2.90766
-0.261285 2.64847
-0.290195 2.88418
-0.228477 3.1788
-0.332142 3.05939
-0.337892 2.65603
-0.368624 2.37769
-0.4074 2.27386
-0.261072 0.359391
-0.279838 0.586307
-0.341794 0.872244
-0.367912 1.14429
-0.315054 0.97918
-0.306671 1.21054
-0.406734 1.40982
-0.368511 1.57417
-0.392295 1.87206
-0.381001 2.14802
-0.32653 1.89737
-0.296706 2.07351
-0.320871 2.38423
-0.254734 1.67839
-0.337292 1.68197
-0.283018 1.37763
-0.344663 1.39267
-0.250164 0.966736
-0.19608 1.16358
-0.195904 1.37063
-0.140286 1.15849
-0.148245 1.48522
-0.0784283 1.56991
-0.068891 1.30388
-0.0079999 1.45574
0.057899 1.61518
0.0660663 1.82175
0.133222 1.74017
0.11932 1.33015
0.218085 1.54918
0.259093 1.8847
0.168564 2.07821
0.0927739 1.97195
0.172645 2.447
0.25191 2.24527
0.286414 2.58581
0.200715 2.86141
0.300366 2.86447
0.31859 3.13205
0.229733 3.32573
0.352197 3.46476
0.310201 3.64251
0.417824 3.82506
0.291438 3.93191
0.223 3.64701
0.173488 3.95283
0.112655 3.63005
0.154863 3.41268
0.525947 4.22468
0.558025 3.86106
0.458857 3.38093
0.585673 3.58712
0.570739 3.27245
0.490674 3.00764
0.381654 2.87005
0.488449 2.57265
0.376631 2.56478
0.345379 2.25519
0.45938 2.1431
0.406655 1.83999
0.328297 1.5442
0.451711 1.50687
0.419898 1.23431
0.276346 1.27856
0.353955 1.05169
0.243349 0.962542
0.0959749 0.926151
0.216449 0.70491
0.132839 0.5836
0.00767994 0.735648
-0.0335641 1.01805
0.0164657 1.19574
-0.102478 0.860567
-0.170276 0.970255
-0.164012 0.743556
-0.0668159 0.601805
-0.107208 0.491802
-0.0128465 0.359594
-0.048758 0.283721
0.0811825 0.0875648
-0.039988 0.135063
-0.139974 0.344911
-0.0864191 0.176261
-0.137462 0.210972
-0.205882 0.36679
-0.222533 0.504697
-0.210692 0.623935
-0.278751 0.712471
-0.240202 0.494113
-0.214143 0.312655
-0.102906 0.0784968
-0.0312314 0.0156022
-0.0417404 -0.125434
0.112206 -0.277214
0.0467567 -0.0688321
0.213401 -0.236433
0.240141 -0.0861104
0.194755 0.0979663
0.0996289 0.264812
0.173299 0.316964
0.052825 0.47209
0.295096 0.383866
0.278643 0.132362
0.422901 -0.0250726
0.318602 -0.0782716
0.439895 -0.24737
0.356956 -0.278687
0.519989 -0.484999
0.38976 -0.466022
0.517902 -0.655257
0.414505 -0.572913
0.413655 -0.639425
0.538188 -0.778127
0.411291 -0.725131
0.287841 -0.538963
0.269135 -0.639001
0.147304 -0.451535
0.306922 -0.470074
0.0128088 -0.263324
0.0677848 -0.385884
0.169981 -0.530658
0.113255 -0.469679
0.19124 -0.576086
0.224645 -0.623981
0.294777 -0.706421
0.240677 -0.642782
0.147452 -0.555372
0.242603 -0.615436
0.131838 -0.493052
0.233334 -0.593943
0.339058 -0.687621
0.323683 -0.615249
0.196141 -0.500593
0.285126 -0.500525
0.00757694 -0.300883
-0.099443 -0.115349
-0.0164595 -0.273757
0.00898552 -0.353893
-0.0509992 -0.195744
-0.175663 0.06671
-0.0895996 -0.061852
-0.165863 0.145041
0.0598845 -0.420672
0.111065 -0.477737
0.442286 -0.568752
0.444033 -0.665109
0.59859 -0.711462
0.601539 -0.625727
0.753136 -0.752938
0.820272 -0.695067
1.00726 -0.858961
1.17602 -0.748464
1.21733 -0.854296
1.44108 -0.871144
1.49306 -0.79757
1.48756 -0.733032
1.30627 -0.656174
0.826577 -0.558128
0.605923 -0.507628
1.96404 -0.867939
1.67274 -0.864795
1.75814 -0.931204
1.54126 -0.95635
1.28054 -0.922265
1.37222 -0.994513
1.16387 -0.98893
0.945133 -0.984668
0.774436 -0.851779
0.771899 -0.938427
0.612177 -0.81903
0.677688 -0.918706
0.596635 -0.908424
0.458755 -0.751519
0.453701 -0.809831
0.333834 -0.720831
0.440483 -0.82301
0.410501 -0.801459
0.557931 -0.93193
0.546962 -0.872147
0.691825 -1.01159
0.672511 -0.90026
0.595212 -0.796568
0.661109 -0.747734
0.797529 -0.90119
0.812785 -0.786104
0.691906 -0.561862
0.558595 -0.323199
0.662004 -0.38252
0.598751 -0.180433
0.491879 0.195153
0.690574 -0.0704817
0.634123 0.266555
0.501256 0.509222
0.397953 0.511733
0.391221 0.781536
0.305017 0.670674
0.512204 0.757237
0.434551 0.968639
0.532135 0.99056
0.575467 1.26123
0.641755 0.96017
0.630158 0.733036
0.755032 0.748661
0.734769 1.05946
0.88547 0.842559
0.853518 1.13391
0.725583 1.41316
0.554675 1.65075
0.669891 1.7337
0.592009 1.89529
0.696251 2.04015
0.561169 2.1601
0.505366 1.92939
0.657313 2.45195
0.649104 2.81507
0.570772 2.96159
0.671759 3.17602
0.679874 3.52839
0.774127 3.44139
0.796687 3.79826
0.683693 3.87259
0.8015 4.1787
0.673034 4.23335
0.813643 4.59312
0.770923 4.88136
0.91731 4.98825
0.832563 5.15708
0.894588 5.4525
0.966646 5.28061
1.071 5.58589
0.949162 5.70306
0.928459 5.85299
0.869543 5.8956
0.952614 6.05181
1.0778 5.94558
1.11891 6.31315
1.28256 6.23428
1.25324 5.90113
1.26787 5.60308
1.11704 5.22866
1.28874 5.38691
1.25671 5.20081
1.18388 4.99954
1.0258 4.7695
1.20057 4.70027
1.05725 4.38424
1.23512 4.1923
1.04675 4.03233
1.09022 3.77895
0.92702 3.62713
0.925184 4.08825
1.04546 3.47975
0.952263 3.25277
0.798294 3.06168
0.945665 2.86901
0.791132 2.63056
0.892551 2.44107
0.769826 2.31467
0.872623 2.09851
0.958859 2.2902
1.06231 2.55249
1.04377 2.15644
1.28878 2.32549
1.26351 2.90794
1.10217 2.99853
1.20388 3.48419
1.04918 3.21687
1.43634 3.3374
1.44576 3.89764
1.4848 4.3909
1.39415 4.70629
1.62023 4.74621
1.55114 5.03826
1.34916 5.05208
1.55089 5.33508
1.37266 5.31595
1.45889 5.58774
1.7076 5.6694
1.63011 5.88813
1.45618 5.93117
1.68844 6.24729
1.52739 6.19633
1.40125 6.12373
1.48945 6.36847
1.39557 6.49753
1.2832 6.47932
1.40265 6.73419
1.23048 6.6091
1.22004 6.78646
1.29131 6.75869
1.33639 6.88213
1.30273 7.07262
1.47755 7.0372
1.63723 6.94818
1.54827 6.64691
1.68509 6.77848
1.6636 6.54255
1.59309 6.338
1.84715 6.62163
1.78923 6.77906
1.9839 6.95918
1.79056 6.93678
1.87704 7.17664
1.70622 7.29133
2.00857 7.50865
1.83954 7.54046
1.66971 7.4922
1.51802 7.25732
1.45229 7.37007
1.28558 7.27485
1.20844 7.23495
1.16029 7.21409
1.25907 7.34775
1.1537 7.34057
1.30613 7.51864
1.38737 7.70002
1.50167 7.91684
1.53683 7.81396
1.47939 7.6638
1.65272 7.80403
1.56909 7.58883
1.39439 7.4717
1.71659 7.70542
1.84473 7.70478
1.84353 7.89001
2.00839 7.88345
1.9771 7.70528
2.20923 7.86208
2.14648 8.05349
2.0104 8.06965
2.20107 8.26485
1.96789 8.21131
1.86705 8.05759
1.73534 8.1021
1.7554 7.96362
1.63519 7.93396
1.5688 8.08613
1.52228 8.17577
2.29553 8.6154
2.55059 8.71794
2.75677 8.75601
2.64791 8.59694
2.91412 8.71883
2.78418 8.50416
2.99315 8.5792
2.88904 8.41889
2.74508 8.34114
2.87978 8.2424
3.05667 8.41632
3.13394 8.22658
3.28191 8.43007
3.4628 8.2027
3.51952 8.47777
3.76177 8.29833
3.64258 8.19419
3.72011 8.09289
3.49294 7.89444
3.82636 7.90118
3.78857 7.68887
4.13693 7.79228
4.11661 7.50674
3.73178 7.41847
4.00744 7.31053
3.83696 7.21587
4.09795 7.10666
4.24707 7.29347
4.47102 7.12692
4.54325 7.39294
4.37621 7.6089
4.58373 7.58773
4.76477 7.51008
4.98554 7.32031
4.99547 7.56368
5.22939 7.40114
5.31901 7.21248
5.21698 6.97449
5.6264 7.00009
5.52967 6.82742
5.51889 6.6055
5.72854 6.69399
5.77514 6.5055
5.75533 6.38302
5.64775 6.25979
5.912 6.16525
5.83255 5.9484
5.4974 6.01872
5.78372 5.66266
5.52149 5.68748
5.22921 5.85498
5.36049 5.5811
5.15853 5.51461
5.01092 5.78783
4.9477 6.04274
4.80535 5.86266
4.91607 5.5654
4.69675 5.62934
4.80633 5.31549
5.02503 5.175
4.88517 5.00861
5.00439 4.83076
4.8825 4.63557
4.70936 5.0275
4.64269 4.63777
4.82504 4.16854
5.05397 4.16946
5.01665 3.8361
4.88401 3.73872
4.68809 3.84831
4.82376 3.40548
4.54468 3.44753
4.76385 2.98003
4.99942 2.99959
4.94562 2.66789
5.1548 2.59825
5.03871 2.30692
4.74957 2.48919
4.89302 2.08485
5.13933 1.88659
4.91819 1.75315
4.59819 2.05359
4.70546 1.55719
5.04496 1.38239
5.1042 1.63037
5.28333 1.53797
5.39044 1.10979
5.09007 0.998515
5.31195 0.638512
4.92473 0.732036
5.11121 0.339482
4.76619 0.417418
4.97324 0.0493676
4.6575 0.109701
4.82895 -0.154748
4.57791 -0.161841
4.35515 0.126803
4.44407 0.435416
4.25776 0.397727
4.08293 0.328515
4.10593 0.0268902
3.86687 0.20708
3.86977 -0.0931854
3.61739 0.156593
3.54092 -0.151855
3.75428 -0.319987
3.51159 -0.421487
3.76947 -0.516307
3.55742 -0.588389
3.23335 -0.624267
3.69424 -0.727923
3.41507 -0.829944
3.62403 -0.913854
3.37501 -0.968322
3.14412 -0.872357
3.13748 -1.01741
2.8562 -0.963752
2.95555 -1.07719
3.14166 -1.11756
2.90692 -1.17809
2.72695 -1.0748
2.57148 -1.14175
2.64254 -1.21125
2.36047 -1.18566
2.48642 -1.241
2.28243 -1.23353
2.33366 -1.25439
2.58895 -1.26156
2.41153 -1.25293
2.11729 -1.2469
2.34811 -1.2383
2.08881 -1.23313
2.24017 -1.21586
2.56318 -1.2313
2.4081 -1.18654
2.71555 -1.18523
2.59867 -1.14884
3.03888 -1.15545
2.99223 -1.09488
2.62245 -1.07761
2.20781 -1.12652
2.2609 -1.0272
2.75235 -0.988845
2.41531 -0.953949
2.08535 -0.945748
1.85217 -0.997335
1.88797 -1.07338
1.58668 -1.02688
1.59285 -1.10275
1.34331 -1.05768
1.32081 -1.1578
1.11061 -1.07381
1.05984 -1.13741
0.910339 -1.05279
0.884414 -1.10231
0.752987 -1.00074
0.725402 -1.03764
0.579788 -0.929174
0.708234 -1.0401
0.865024 -1.12993
0.855462 -1.11729
0.861256 -1.04328
1.04194 -1.16117
1.03692 -1.0839
0.945785 -0.939531
1.16378 -1.0039
1.04224 -0.815285
0.916884 -0.790505
0.82635 -0.665461
0.914059 -0.669654
0.779742 -0.432942
0.974755 -0.572404
0.872176 -0.279102
0.790864 0.0374117
0.956391 -0.150645
0.889912 0.100979
0.76052 0.395213
0.606722 0.535789
0.933905 0.243222
0.909464 0.508361
1.10387 0.23018
1.06203 0.614005
1.03065 1.00761
1.25451 0.741064
1.24016 0.387051
1.45935 0.36137
1.38029 0.029096
1.54398 0.06139
1.54748 -0.0729042
1.58809 -0.24341
1.71835 -0.123394
1.84051 -0.39458
1.99985 -0.280323
1.92695 -0.0298658
1.68271 0.148072
1.86792 0.244643
1.66606 0.416963
1.54637 0.791782
1.85236 0.568459
1.78752 0.897266
1.67336 1.11239
1.46224 1.24218
1.72457 1.44017
1.51174 1.66191
1.28284 1.48645
1.26266 1.22098
1.10181 1.3306
1.12508 1.6611
0.983512 1.57477
0.990283 1.84516
0.827124 1.7136
0.913533 1.35741
1.14073 1.95024
1.30412 1.85174
1.54747 2.12702
1.4892 2.41591
1.52336 2.81061
1.63525 2.49173
1.80565 2.81529
1.69527 3.02294
1.63773 3.27797
1.58115 3.63194
1.79404 3.65346
1.63406 3.92863
1.59644 4.19505
1.79913 4.16909
1.67 4.45942
1.9086 4.67542
1.79055 5.08261
2.02432 5.06393
2.0124 5.30566
1.83258 5.43273
1.66845 5.22847
2.20033 5.63411
1.9648 5.77035
1.86853 6.03647
2.06527 6.00936
2.13354 6.30082
1.94605 6.42429
2.12835 6.59347
2.03214 6.73927
2.21022 6.82761
2.11451 6.9176
2.2749 7.06236
2.21197 7.32618
2.50274 7.26809
2.57754 7.07388
2.40699 6.90349
2.66594 6.82316
2.35273 6.62581
2.57707 6.53349
2.38045 6.32013
2.2279 6.10072
2.4127 6.03201
2.60799 6.31414
2.77666 6.14246
2.56303 5.8121
2.45574 5.53755
2.26294 5.26954
2.58389 5.30102
2.41921 5.0417
2.64432 4.95956
2.44427 4.69054
2.19785 4.90195
2.18632 4.57053
2.36043 4.26254
2.62319 4.36251
2.57326 4.08618
2.44429 3.93908
2.2286 3.90398
2.40935 3.66545
2.12464 3.4014
2.58677 3.30606
2.30677 2.94635
2.58149 2.83362
2.37733 2.63728
2.54663 2.5275
2.34449 2.30767
2.12918 2.57789
2.05938 2.21216
1.84373 2.38589
1.8326 1.89353
2.19113 1.92087
2.03323 1.5521
1.92782 1.1727
2.19642 1.29077
2.17675 1.03147
2.02089 0.825934
2.31614 0.75496
2.15999 0.509326
2.54924 0.381738
2.26076 0.246264
2.48764 -0.00704897
2.1257 0.0835213
2.04021 0.321566
2.24247 -0.198675
2.57609 -0.298102
2.41124 -0.395992
2.62914 -0.493472
2.39374 -0.54985
2.22395 -0.392929
2.11152 -0.494027
2.25822 -0.648735
2.50038 -0.723134
2.64528 -0.637146
2.83426 -0.76676
2.84935 -0.599993
2.8816 -0.425476
3.16632 -0.256682
2.80195 -0.200939
2.87825 0.0423431
3.26873 0.0799868
2.9838 0.337359
2.78467 0.565219
2.57897 0.711707
2.79066 0.819419
2.50338 1.0795
2.84679 1.06239
2.79631 1.35978
2.42442 1.56799
2.80075 1.73518
2.53699 1.99105
2.62418 2.2994
2.89338 2.12242
2.82835 2.57589
3.15931 2.40661
3.14776 2.85693
2.84971 3.01691
3.07733 3.25949
2.85622 3.27804
2.89119 3.52722
2.66313 3.78197
2.94316 3.8672
2.7787 4.0996
2.97006 4.12427
2.87326 4.37918
2.72957 4.64741
2.88889 4.6034
2.92848 4.84422
2.80022 5.15765
3.03512 5.20112
2.84502 5.41495
2.70243 5.61212
2.94953 5.66574
3.04089 5.47849
3.15108 5.65234
3.2666 5.41577
3.39049 5.76466
3.14064 5.89892
3.40809 6.05531
3.21967 6.14272
3.01929 6.07991
3.09719 6.2997
2.85523 5.87731
2.8876 6.53675
3.22011 6.51095
3.20585 6.74147
2.92295 6.85707
3.15768 7.0362
2.82307 7.01083
2.79937 6.91383
2.85355 7.25381
3.2068 7.27593
3.098 7.48231
2.65355 7.55527
3.07305 7.75725
2.77194 7.81922
2.51195 7.83468
2.30836 7.62043
2.4835 8.07277
2.30562 8.13479
2.52167 8.33699
2.38458 8.49898
2.08734 8.41762
2.07968 8.55197
1.97806 8.45134
1.90453 8.37649
1.82471 8.43786
1.73738 8.24999
1.88455 8.28547
2.66385 8.21054
2.73465 8.02843
2.9672 8.08048
2.93664 7.9289
3.17392 8.01257
3.43139 7.60484
3.40057 7.39603
3.53093 7.18241
3.55626 6.86703
3.80075 7.04707
3.95343 6.85752
3.75879 6.56706
4.13326 6.6646
4.04561 6.40173
3.71341 6.17957
3.41779 6.34273
3.55849 5.95715
3.71835 5.80348
3.52393 5.51432
3.76508 5.40337
4.02423 5.66209
4.07078 6.0641
4.30434 5.83181
4.27434 5.4698
4.03516 5.27729
4.21782 5.20023
4.14385 4.85943
3.81867 4.93767
3.96361 4.55752
3.75101 4.44223
3.95107 4.20848
3.82224 3.84051
3.5671 4.17991
3.48841 3.65017
3.37828 4.12688
3.29576 3.92345
3.17331 3.65876
3.12996 4.00324
3.23491 4.14372
3.08615 4.26433
3.2236 4.36855
3.03256 4.52554
3.18193 4.66021
3.15177 4.92956
3.37307 4.80731
3.38347 4.45174
3.5366 4.53884
3.59569 4.78095
3.50876 5.14597
3.26061 5.10572
3.30122 3.34745
3.4451 3.02711
3.82732 3.06896
3.64481 2.54768
3.37603 2.61453
3.25494 3.1242
3.44424 2.2759
3.69116 2.13268
3.51378 1.96687
3.24685 2.04711
3.37324 1.7295
3.08253 1.82967
3.11257 1.52333
3.4902 1.3248
3.14661 1.15247
3.41664 1.0574
3.34791 0.797785
3.03248 0.893112
3.05112 0.629092
3.37758 0.407326
3.72945 0.506865
3.61423 0.35227
3.71784 0.308181
3.67179 0.933055
4.1049 0.708732
3.90997 1.17261
3.79243 1.70128
4.19385 1.36422
4.09575 1.7501
4.0358 2.22666
4.35566 1.75246
4.33088 2.07395
4.33461 2.31987
4.23014 2.80394
4.08779 3.42554
4.05835 3.89648
4.26829 3.72097
4.17261 4.27006
4.445 4.0246
4.40514 4.54198
4.42918 5.0911
4.60217 4.25789
4.32559 3.2537
4.51493 2.90443
4.48446 2.50085
4.51167 1.32981
4.49199 0.886296
4.79473 1.14042
4.1817 1.0275
4.44647 5.41874
4.48088 5.63026
4.59627 5.37598
4.56614 5.89271
4.41476 6.13267
4.69242 6.12633
4.58405 6.42878
4.28376 6.32859
4.31286 6.53363
4.46534 6.60384
4.37222 6.68826
4.34611 6.87322
4.59921 6.69767
4.77905 6.90404
4.80193 7.154
5.12317 6.69951
4.86348 6.69758
5.01365 6.52426
5.32259 6.40371
5.10441 6.23693
4.86497 6.4262
4.83869 6.27163
4.78619 6.5746
3.44262 6.6083
2.57736 -0.871709
2.59956 -0.987461
2.45948 -1.05265
2.36205 -0.937122
2.16754 -1.01091
2.33308 -1.11343
2.13163 -1.11614
2.1169 -1.18773
1.87165 -1.10264
1.96828 -1.20885
1.77364 -1.18187
1.86017 -1.2186
1.84118 -1.24286
1.65633 -1.20495
1.62754 -1.2403
1.49625 -1.21817
1.51963 -1.23256
1.6702 -1.22848
1.46346 -1.22526
1.38156 -1.22652
1.26284 -1.22916
1.26253 -1.21278
1.13768 -1.22066
1.0445 -1.18874
1.00909 -1.18478
1.13604 -1.20296
1.22386 -1.21026
1.19625 -1.13768
1.35091 -1.19601
1.35543 -1.10625
1.37701 -0.937132
1.19559 -0.881457
1.18277 -0.714308
1.05908 -0.433828
1.24795 -0.532883
1.13276 -0.279433
1.0336 -0.00290617
1.22349 -0.126079
1.43067 -0.314062
1.29537 -0.3764
1.45996 -0.588552
1.36298 -0.733232
1.55561 -0.826552
1.64099 -0.98797
1.58415 -1.11308
1.84686 -0.919593
1.99533 -1.04135
2.08345 -0.846361
1.85087 -0.743308
1.67332 -0.729346
1.68236 -0.532234
2.00889 -0.645767
2.29603 -0.788487
1.48184 -1.17989
1.1613 -1.1899
1.50962 -1.1975
1.63211 -1.16303
1.74656 -1.19009
1.69256 -1.21149
1.88574 -1.20015
1.92836 -1.22257
2.10835 -1.20244
1.96764 -1.19094
2.21877 -1.17337
2.01545 -1.15883
1.85557 -1.12978
1.83818 -1.17428
2.15437 -1.22667
1.95403 2.66813
2.04317 2.91445
1.95029 3.08517
1.82997 3.20926
1.99512 3.88716
2.07017 4.25688
2.16726 5.89904
1.1873 1.05776
1.33111 1.00831
2.2399 -0.904029
2.43696 -0.898646
2.67723 -0.928949
3.0164 -0.925631
3.34977 -0.984648
2.92524 -1.04213
3.45908 -1.09222
3.87668 -1.02851
3.86862 -0.955718
3.76674 -0.929245
3.58974 -0.896119
3.30842 -0.898631
3.94983 -0.861472
4.53693 -0.880457
4.11876 -0.895169
4.25193 -0.956862
4.73375 -0.940537
4.33718 -1.01741
4.01931 -1.08644
4.48862 -1.04768
4.60628 -0.996618
4.8131 -1.00545
5.18469 -0.966758
5.12438 -0.889398
4.89996 -0.853974
5.19707 -0.841364
5.51818 -0.876811
5.59192 -0.795307
5.92513 -0.829431
6.03684 -0.758607
6.12703 -0.618529
6.01797 -0.693234
6.28448 -0.694322
6.30216 -0.73959
6.32128 -0.791141
6.54836 -0.727009
6.70867 -0.77937
6.86015 -0.696288
6.76594 -0.636494
6.97844 -0.620438
6.94665 -0.516617
7.19621 -0.571089
6.77079 -0.433748
7.41712 -0.42454
7.60194 -0.415145
7.48021 -0.58711
7.21997 -0.691532
7.06657 -0.67292
7.00335 -0.746062
7.15721 -0.768107
6.92322 -0.810697
6.51695 -0.854539
6.83131 -0.876444
6.47075 -0.914112
6.11887 -0.943893
6.22009 -0.959513
5.90579 -1.01575
5.62333 -0.957678
5.87903 -0.897998
5.31834 -1.01576
5.0506 -1.03797
5.35822 -1.08744
4.83078 -1.10923
4.98646 -1.16763
4.69546 -1.18658
4.8064 -1.21288
4.54513 -1.22841
4.72768 -1.21054
4.54283 -1.21995
4.33144 -1.22754
4.29441 -1.23662
4.05195 -1.23681
4.10783 -1.21315
4.43623 -1.21012
4.39355 -1.13347
3.93305 -1.16358
3.63773 -1.13121
3.34776 -1.13793
3.21162 -1.1789
2.98652 -1.23345
3.29023 -1.20524
3.32331 -1.23052
3.09941 -1.25406
2.69493 -1.26114
2.89461 -1.26397
2.72657 -1.25425
2.94371 -1.25037
2.80619 -1.2277
3.19298 -1.2164
3.18652 -1.17176
3.37139 -1.18538
3.42955 -1.21417
3.37358 -1.23866
3.64425 -1.22956
3.55718 -1.23346
3.85422 -1.25451
3.9378 -1.21172
3.76043 -1.17104
3.55338 -1.19332
3.54183 -1.13138
3.84015 -1.08014
3.58653 -1.02739
3.34913 -1.0729
3.31739 -1.14189
3.79246 -0.98378
3.88734 -0.885035
4.0208 -0.985752
4.16575 -0.880418
4.01967 -0.777387
4.02813 -0.612307
4.02696 -0.358388
4.31292 -0.500636
4.31315 -0.72745
4.64856 -0.61617
4.54821 -0.772294
4.44465 -0.872219
4.77121 -0.842262
4.55851 -0.983603
4.81085 -0.999342
4.62888 -1.09267
4.866 -1.0923
4.76905 -1.15395
4.57542 -1.18328
4.43669 -1.13879
4.32959 -1.18387
4.24842 -1.13605
4.14461 -1.18396
4.15593 -1.22296
4.38909 -1.217
4.0186 -1.14899
4.1385 -1.07237
4.29012 -0.984345
4.38735 -1.07091
4.70502 -1.20745
4.80603 -1.18618
4.8946 -1.20083
4.909 -1.21674
5.12993 -1.18829
5.08718 -1.18807
4.93844 -1.19702
4.98185 -1.14929
5.21569 -1.15905
5.17078 -1.11744
5.03374 -1.09797
4.98628 -1.03671
5.17673 -1.04265
5.06016 -0.946011
5.27611 -0.965919
5.2714 -0.888131
5.12944 -0.805381
4.95813 -0.693965
4.96607 -0.540256
4.7847 -0.37791
4.5276 -0.388589
4.29448 -0.213443
5.16683 -0.323959
5.28141 -0.629012
5.54082 -0.501075
5.63273 -0.29663
5.34318 -0.01221
5.62325 -0.0904172
5.87886 -0.138864
6.03255 -0.363624
6.25017 -0.165941
6.39534 -0.404613
6.59411 -0.23624
6.76398 -0.419884
6.85609 -0.215177
7.09028 -0.288296
7.0161 -0.496862
6.80116 -0.605638
7.07928 -0.656599
7.29461 -0.45989
7.31986 -0.664204
7.20017 -0.738063
7.05461 -0.801051
7.3177 -0.793994
7.22098 -0.850721
7.08563 -0.876925
6.91827 -0.863053
6.92824 -0.918025
7.09773 -0.910734
7.02222 -0.938521
6.8767 -0.957501
6.70893 -0.956523
6.71562 -0.999263
6.98959 -0.957314
6.83788 -0.982495
7.06049 -0.960721
6.90674 -0.97673
7.09833 -0.953715
6.97056 -0.953679
7.23226 -0.928376
7.28227 -0.92919
7.45723 -0.908022
7.48534 -0.926009
7.36011 -0.932575
7.44786 -0.929672
7.31442 -0.928948
7.20799 -0.937123
7.17822 -0.925874
7.31869 -0.915473
7.2234 -0.892394
7.37674 -0.878534
7.53897 -0.888948
7.50781 -0.818037
7.48617 -0.715229
7.50207 -0.559038
7.60405 -0.643575
7.62972 -0.727871
7.74098 -0.603105
7.76955 -0.726276
7.65917 -0.825342
7.79305 -0.797291
7.89415 -0.695067
7.86471 -0.617993
7.95814 -0.586233
8.03295 -0.604828
7.93818 -0.755635
8.05844 -0.676201
8.0896 -0.602148
8.12132 -0.570412
8.1348 -0.602293
8.05906 -0.716148
8.16093 -0.598489
8.09288 -0.667536
7.98227 -0.760542
8.0153 -0.698207
8.10807 -0.605204
8.06375 -0.584408
8.19477 -0.516954
8.19352 -0.462678
8.11937 -0.470782
8.24464 -0.369198
8.15874 -0.353245
8.29233 -0.278984
8.24874 -0.230004
8.41269 -0.133712
8.37137 -0.287334
8.44772 -0.185422
8.31416 -0.359853
8.40539 -0.24169
8.36007 -0.332716
8.25902 -0.481849
8.30332 -0.410282
8.21244 -0.522308
8.17177 -0.576688
8.19474 -0.508747
8.23525 -0.409881
8.1645 -0.504206
8.13957 -0.511607
8.20002 -0.354226
8.10915 -0.444531
8.03578 -0.456205
8.14992 -0.239395
8.00857 -0.291777
7.93925 -0.488144
7.90583 -0.396337
7.90908 -0.219203
7.79547 -0.409512
7.85297 -0.513927
7.71005 -0.504555
7.64486 -0.55596
7.6463 -0.409472
7.49372 -0.39984
7.43555 -0.324189
7.36213 -0.197731
7.23203 -0.0889366
7.04148 -0.0263141
7.26843 0.109132
7.13367 0.253895
6.926 0.175537
6.74208 -0.0157124
6.70829 0.331374
6.53318 0.110496
6.40299 0.352734
6.28959 0.0695272
6.48998 -0.0714042
6.20017 -0.0370813
6.03852 0.0470372
6.07458 0.391785
5.70266 0.306946
5.83631 0.039585
5.71907 0.0185481
5.55181 0.0788243
5.39539 0.262944
5.60443 0.738032
5.83477 0.629557
5.79854 1.0048
5.59488 1.47473
5.86312 1.33096
5.84794 1.67073
5.56767 1.90761
5.38655 1.78799
5.31598 2.17196
5.51308 2.23483
5.37663 2.53281
5.23245 2.94133
5.47496 2.80826
5.32477 3.30617
5.06298 3.41107
5.15695 3.64737
5.1224 3.86746
5.27588 3.82488
5.21404 4.3079
5.06301 4.54321
5.18212 4.76419
5.37112 4.47035
5.3963 4.85107
5.25178 5.15113
5.34829 5.37442
5.4442 5.1623
5.55627 5.38851
5.57069 5.16968
5.57723 4.95779
5.60083 4.56415
5.74918 4.82108
5.72996 5.1074
5.85252 4.93319
5.97704 5.01445
5.8071 5.35458
6.08071 5.34433
6.01748 5.68366
6.25665 5.57779
6.41002 5.15262
6.25152 4.91081
6.49892 4.75225
6.3738 4.52344
6.55437 4.41841
6.52037 4.1408
6.69382 4.17745
6.69599 3.94041
6.61978 3.82717
6.43195 3.80464
6.66027 3.5419
6.51919 3.32282
6.73517 3.23813
6.73141 2.91354
6.50903 2.97045
6.26013 3.15801
6.40219 2.72955
6.14156 2.74898
5.97936 3.13351
5.90049 2.82468
5.98594 2.56021
5.76175 2.57477
6.01078 2.29089
6.14791 2.4173
6.30646 2.07451
6.31355 2.45809
6.56445 2.33955
6.60574 2.6925
6.80016 2.47688
7.02924 2.60719
6.88651 3.03228
7.06192 3.04487
6.8517 3.3394
6.95869 3.48228
6.7774 3.67027
6.86105 3.86419
7.02855 3.64628
7.00657 3.92361
6.84504 4.19669
6.68363 4.47732
6.8329 4.49164
6.6813 4.79676
6.53968 4.93929
6.57671 5.035
6.57124 5.20142
6.49094 5.4247
6.68768 5.31462
6.69285 5.0534
6.85214 5.04592
6.79742 4.88265
6.9202 4.77807
6.83889 4.70116
6.96015 4.52235
6.98414 4.23451
7.10678 4.29469
7.13632 3.96471
7.15601 3.63651
7.28439 3.67253
7.30363 3.29406
7.43671 3.35797
7.48549 2.89273
7.62508 3.03419
7.62721 2.65848
7.58494 2.52975
7.49089 2.49515
7.61359 2.29589
7.5792 2.17548
7.7029 1.99267
7.58662 1.93
7.47157 2.22835
7.44196 2.00111
7.55909 1.66785
7.40153 1.78098
7.24515 2.14071
7.22057 1.70829
7.4739 1.41635
7.28656 1.22131
7.47569 1.10755
7.39161 0.913782
7.2379 0.912784
7.04706 1.06591
7.10263 0.715231
6.80796 0.776193
6.98297 0.437567
7.18327 0.487999
7.37306 0.411479
7.29742 0.680317
7.44874 0.700463
7.54562 0.888508
7.59182 0.63057
7.68877 0.8716
7.61277 1.11696
7.77863 1.07318
7.66715 1.35054
7.7261 1.60028
7.79624 1.30198
7.86269 1.4005
7.92154 1.13506
7.9924 1.36374
7.85981 1.66543
7.98518 1.69426
7.82813 2.06552
7.68719 2.33258
7.73608 2.51311
7.84236 2.33541
7.79654 2.70378
7.75109 3.14509
7.61836 3.49901
7.51497 3.49853
7.49234 3.83347
7.39307 3.75176
7.35828 4.1206
7.25359 4.0326
7.20979 4.39368
7.06021 4.61463
7.13457 4.79926
6.9953 4.86761
6.98822 5.06209
6.8722 5.3019
7.07047 5.24814
6.87837 5.56533
6.74275 5.52629
6.579 5.61249
6.67979 5.81471
6.44059 5.91905
6.41158 5.6791
6.25659 5.88285
6.07387 5.88467
6.1025 6.07099
6.02017 6.24961
5.8904 6.35406
5.95681 6.46009
6.20376 6.1998
6.11327 6.48988
5.92628 6.71779
5.95034 6.95759
5.77407 7.2558
5.49144 7.31794
5.60447 7.46709
5.32027 7.56153
5.50825 7.64837
5.27496 7.8158
5.08432 7.71656
4.98533 7.85744
4.83771 7.75403
4.73697 7.64117
4.52887 7.76397
4.72099 7.93134
4.35111 7.9993
4.00649 8.03774
4.16355 8.11245
4.30069 8.22793
4.64667 8.13406
4.61589 8.35289
4.90576 8.22966
4.92286 8.37053
5.10149 8.27759
5.18188 8.3576
5.32911 8.22571
5.15165 8.16808
5.4007 8.02321
5.66964 8.15843
5.74335 7.90116
5.57914 7.78489
5.7858 7.68531
5.70258 7.58143
5.90766 7.4456
5.95396 7.69613
6.08461 7.48514
6.12917 7.24067
5.99805 7.16545
5.76166 7.43718
6.18587 6.9318
6.31647 7.05426
6.37294 6.80345
6.50332 6.83292
6.4981 6.59451
6.34053 6.62156
6.49574 6.34512
6.30656 6.38432
6.43302 6.24196
6.38815 6.16323
6.52551 6.09646
6.68024 6.12477
6.64498 6.39737
6.8222 6.24793
6.88529 5.87642
7.00704 5.59097
7.0711 5.73586
7.1236 5.48333
7.21157 5.55812
7.26612 5.22858
7.27402 4.86846
7.31304 4.49589
7.41174 4.56062
7.45784 4.21436
7.56363 4.36808
7.59989 3.9093
7.74465 3.95697
7.73129 3.56059
7.80353 3.58783
7.85996 3.24465
7.87962 2.81534
7.94886 2.88892
7.98878 2.54408
8.0435 2.73864
7.98841 3.13696
8.09813 3.01216
8.01621 3.37205
7.90276 3.5718
7.9893 3.68957
7.89168 3.98612
7.78005 4.26163
7.68123 4.38379
7.72522 4.62235
7.57882 4.68951
7.43247 4.83048
7.50171 4.91662
7.42385 5.12842
7.3328 5.3902
7.45184 5.3546
7.30546 5.61195
7.17119 5.81907
7.28097 5.84721
7.13246 6.08004
7.01002 6.02832
6.94438 6.38271
6.8147 6.43823
6.72072 6.49962
6.76262 6.64546
6.64482 6.69792
6.6066 6.60038
6.61381 6.91426
6.44471 7.15425
6.59718 7.21033
6.38356 7.48861
6.25476 7.35553
6.16593 7.66095
6.28689 7.72126
6.20126 7.84249
6.00651 7.94866
6.24143 7.94695
6.11155 8.09483
5.92915 8.15266
5.81755 8.29266
5.6264 8.31703
5.43764 8.32143
5.4982 8.39375
5.65306 8.40216
5.45991 8.48696
5.26338 8.45861
5.24387 8.56685
4.96 8.60142
5.0132 8.46752
4.72184 8.52083
4.56926 8.70409
4.4525 8.59262
4.52313 8.49179
4.31181 8.47607
4.25817 8.62084
4.02256 8.6078
4.04491 8.37593
4.01894 8.19393
3.86989 8.15316
3.88386 8.46795
3.73786 8.58107
3.82138 8.72401
3.66138 8.74992
3.53528 8.68778
3.36191 8.65578
3.44308 8.75642
3.37267 8.79424
3.23677 8.76688
3.15553 8.6076
3.08231 8.70081
3.07928 8.63691
3.12587 8.83598
3.03964 8.87673
3.50556 8.82558
3.99575 8.7892
4.26186 8.7949
4.17259 8.708
4.34114 8.69233
5.40243 8.60822
5.64683 8.50675
6.55764 7.9444
6.37975 8.07506
6.19804 8.16857
6.26791 8.05029
6.02486 8.22802
5.96743 8.3486
5.80219 8.41106
6.43059 7.91494
6.38011 7.83713
6.54083 7.71531
6.4052 7.70115
6.29756 7.82615
6.5627 7.50694
6.64428 7.55913
6.71603 7.42873
6.76885 7.48571
6.85346 7.31944
6.91319 7.38208
6.82293 7.5573
6.68945 7.62327
6.67226 7.75189
7.0504 7.30085
7.02626 7.15603
7.2697 6.85721
7.21181 7.0029
7.1589 6.95234
7.13812 7.06566
7.05869 6.94313
7.15414 6.81365
7.12282 6.7196
7.22398 6.65786
7.23189 6.77785
7.28748 6.63799
7.30753 6.71191
7.38968 6.54279
7.32703 6.48453
7.49213 6.25605
7.36623 6.2993
7.2377 6.48966
7.28799 6.22627
7.49061 6.01637
7.42674 5.83544
7.54266 5.78766
7.61221 5.56816
7.64766 5.71265
7.71538 5.48776
7.71727 5.34121
7.67873 5.28179
7.81733 5.08482
7.80838 5.29672
7.92858 5.0406
7.9344 4.85199
7.86776 4.77354
7.97129 4.64819
7.95808 4.44884
7.84546 4.59586
7.86783 4.34304
7.97779 4.1212
7.97664 3.91343
8.0676 3.8314
8.09381 4.16747
8.15081 3.87772
8.18477 3.56066
8.0919 3.42942
8.19544 3.08806
8.18505 2.75842
8.24871 2.65549
8.20665 2.48008
8.12972 2.57942
8.17863 2.22605
8.086 2.34347
8.12804 1.94204
8.21142 1.8989
8.27055 2.2346
8.32695 1.79284
8.33453 2.16301
8.3835 2.15542
8.43052 1.82465
8.39626 1.54557
8.35771 1.39121
8.38896 1.33369
8.46412 1.41431
8.4129 1.16673
8.37807 1.18151
8.37897 0.936579
8.46375 1.0041
8.42968 0.715569
8.48265 0.795449
8.46162 0.530917
8.40225 0.458953
8.40135 0.266666
8.3784 0.307035
8.32858 0.186401
8.3355 0.0325598
8.25242 -0.007751
8.26776 -0.172343
8.35304 -0.114505
8.28968 -0.27454
8.35596 -0.251268
8.42636 -0.0591832
8.43303 0.0997536
8.48413 0.111017
8.47266 0.224382
8.48297 0.320624
8.51596 0.368754
8.49535 0.498972
8.50226 0.730914
8.5374 0.579745
8.53812 0.767553
8.53041 0.947873
8.504 1.05708
8.52769 1.21052
8.51401 1.35987
8.51487 1.62329
8.48785 1.87918
8.45174 2.1868
8.48968 2.30067
8.45843 2.47637
8.40587 2.4827
8.34488 2.48953
8.38421 2.83163
8.30772 2.91335
8.33916 3.1137
8.27773 3.27834
8.32861 3.38635
8.26444 3.58776
8.21039 3.77826
8.24827 3.81824
8.18888 4.00879
8.25636 4.01614
8.16064 4.35398
8.04878 4.46799
8.03747 4.70417
8.11415 4.57656
8.16492 4.53207
8.23912 4.29833
8.22845 4.48904
8.15003 4.75114
8.09532 4.70905
8.03177 4.97949
7.89161 5.32086
7.99538 5.25594
7.9055 5.4948
7.77665 5.65668
7.77434 5.50002
7.63518 5.93878
7.64343 6.07221
7.72758 5.86518
7.75816 5.91373
7.82336 5.72012
7.85587 5.7918
7.93839 5.58657
7.98576 5.40522
8.02918 5.40646
8.04494 5.25935
8.08767 5.05516
8.09954 5.14118
8.17298 4.9156
8.24318 4.55721
8.24929 4.67488
8.29508 4.4849
8.32539 4.27622
8.34776 4.29205
8.39316 4.02451
8.41555 3.98177
8.42043 3.85643
8.45962 3.70812
8.43903 3.91272
8.40018 4.11063
8.40802 4.05351
8.35235 4.29487
8.30892 4.52882
8.29525 4.59737
8.27027 4.73052
8.24235 4.78309
8.19629 4.92378
8.14286 5.1011
8.10706 5.17697
8.11485 5.28615
8.08111 5.31837
8.06549 5.26482
8.16291 5.15904
8.20512 5.02529
8.22801 4.86945
8.252 4.73987
8.27075 4.69038
8.29865 4.51547
8.28858 4.63771
8.32769 4.48538
8.34196 4.33013
8.38801 4.18929
8.42857 4.05962
8.4621 3.81728
8.43679 3.95061
8.43012 3.90206
8.40066 4.0538
8.38284 4.03712
8.36788 4.18033
8.33959 4.2778
8.35214 4.19159
8.33592 4.37599
8.34844 4.29292
8.3134 4.52625
8.3245 4.42665
8.26138 4.72822
8.3818 4.09899
8.38795 4.01605
8.41838 3.90794
8.41652 3.82883
8.4298 3.83371
8.44935 3.69818
8.46091 3.61699
8.49759 3.53855
8.46675 3.71069
8.52364 3.53412
8.48947 3.67691
8.57556 2.74686
8.55758 2.87867
8.55151 2.70792
8.53646 2.80892
8.52346 2.55264
8.54922 2.55843
8.53589 2.36361
8.16777 -0.183904
8.02086 -0.25179
7.86998 -0.301431
7.73761 -0.329028
7.72405 -0.448799
7.88644 -0.413454
7.74674 -0.581239
7.53603 -0.741915
7.33649 -0.746336
7.22556 -0.826423
7.49752 -0.829837
7.33752 -0.857939
7.54642 -0.8577
7.28603 -0.896756
7.07707 -0.890121
7.01728 -0.927831
6.68879 -0.947337
6.79867 -0.966385
6.5604 -1.01181
6.31342 -0.993261
6.38041 -0.970238
6.17522 -0.984192
6.04107 -1.02572
5.75844 -1.10184
5.47925 -1.14742
5.23011 -1.17505
5.42379 -1.16972
5.38406 -1.16696
5.509 -1.15987
5.62297 -1.14375
5.6235 -1.14921
5.83357 -1.12334
6.05434 -1.07119
6.1073 -1.09328
5.94375 -1.11075
6.24465 -1.07884
6.09701 -1.06856
5.85001 -1.10633
5.75743 -1.1335
5.63961 -1.13884
5.60975 -1.15097
5.4985 -1.1261
5.74265 -1.08899
5.61441 -1.06122
5.43199 -1.08813
5.32798 -1.12595
5.30396 -1.08553
5.41776 -1.02108
5.35522 -1.15063
5.67163 -0.96528
5.46351 -0.91717
5.71619 -0.851887
5.43796 -0.797823
5.78444 -0.675865
6.03624 -0.806472
5.90147 -0.907895
6.1561 -0.890183
5.92568 -1.00393
6.27747 -0.945386
6.10525 -1.02143
5.94067 -1.06528
6.30327 -0.991475
6.3214 -1.01881
6.50845 -0.954952
6.51665 -0.914152
6.51248 -0.875924
6.39111 -0.864485
6.58295 -0.813318
6.38076 -0.792522
6.59486 -0.758811
6.56736 -0.696347
6.24687 -0.688666
6.50322 -0.574118
6.14322 -0.548675
5.83349 -0.496053
6.78948 -0.742052
6.7404 -0.838076
6.72678 -0.901019
6.49129 -1.01512
6.48119 -1.04538
6.32177 -1.08152
6.52773 -1.02721
6.30381 -1.05078
6.74514 -0.991657
6.7235 -0.980044
6.64587 -1.00271
5.75055 -1.12781
5.0082 -1.21735
7.43635 -0.891523
7.60673 -0.881959
7.62738 -0.903396
7.77005 -0.868288
7.72911 -0.882662
7.65192 -0.893765
7.83633 -0.847966
7.96633 -0.772608
7.92189 -0.811814
7.86629 -0.817415
7.74223 -0.834827
7.88533 -0.783961
7.75367 -0.799929
7.64753 -0.812011
7.77582 -0.752474
7.64467 -0.775221
7.74679 -0.683853
7.92252 -0.636786
7.90874 -0.722515
8.02782 -0.547851
8.00904 -0.482144
7.87085 -0.577523
7.92927 -0.459661
8.08244 -0.340307
8.0183 -0.338522
8.48345 -0.0380128
8.4914 -0.0118168
8.51393 0.0995449
8.48171 -0.0415259
8.45554 -0.134875
8.43386 -0.199262
8.43604 -0.14567
8.38524 -0.27293
8.48807 -0.0105918
8.50396 0.114976
8.51714 0.201598
8.50728 0.239699
8.52651 0.324323
8.54977 0.44787
8.59403 0.574356
8.57053 0.729063
8.56122 0.901362
8.60179 1.06589
8.56397 1.08164
8.56675 1.33086
8.53626 1.54153
8.55504 1.65469
8.60162 1.56283
8.60971 1.25176
8.62725 1.87394
8.60557 1.74499
8.58803 1.88423
8.54662 1.88554
8.56787 2.13121
8.53604 2.21183
8.52067 2.02524
8.50514 2.32454
8.49215 2.54813
8.48117 2.65788
8.49724 2.90872
8.45905 2.95662
8.44236 2.74155
8.41014 3.01403
8.37386 3.0463
8.3813 3.21335
8.42604 3.27976
8.37402 3.42958
8.31793 3.67104
8.37617 3.58586
8.33935 3.853
8.3042 4.09253
8.2976 4.28969
8.36457 4.00294
8.38626 3.74303
8.43479 3.74547
8.4195 3.54111
8.48395 3.36046
8.46357 3.12623
8.51395 3.17423
8.52201 3.00404
8.51638 3.19201
8.50355 3.42062
8.54704 3.36322
8.53268 3.43797
8.49767 3.45619
8.48066 3.51383
8.44602 3.63171
8.45445 3.72634
8.43721 3.73183
8.52518 1.77388
8.49809 1.82043
8.59427 2.01865
8.5199 0.234497
8.5379 0.211827
7.71416 6.06727
7.69464 6.18278
7.62965 6.1924
7.56194 6.24522
7.57052 6.29965
7.50258 6.37991
7.56065 6.38129
7.46624 6.50576
7.38739 6.7266
7.62027 6.27202
8.1723 0.00159843
8.24867 0.221935
8.14012 0.145696
8.09997 -0.0808899
8.05742 0.0712164
8.0758 0.304948
7.97669 0.0890171
8.00068 -0.089336
7.94417 -0.0687733
7.89606 -0.0458015
7.85563 0.146942
7.77085 -0.159481
7.68469 0.0751917
7.76644 0.343187
7.58894 0.311417
7.71233 0.517082
7.42917 0.164484
7.50595 0.0234894
7.36579 -0.00116617
7.56354 -0.204099
7.73637 0.690529
7.83162 0.581164
7.81696 0.816094
7.92298 0.723046
7.89704 0.924125
7.99829 0.866976
8.05337 1.05928
8.11226 0.782
8.02768 0.584277
7.93375 0.529263
7.96676 0.34238
8.12993 0.54365
8.18811 0.397519
8.20296 0.688992
8.1517 0.98616
8.24593 0.917743
8.21458 1.2518
8.0988 1.26616
8.06218 1.45052
8.11851 1.57121
8.03918 1.85616
7.9494 2.06125
8.02125 2.16465
7.91818 2.41927
8.16971 1.72596
8.2218 1.59283
8.2832 1.4184
8.31226 1.11832
8.31447 0.799363
8.26738 0.725152
8.27916 0.536885
8.34901 0.6288
8.33118 0.378944
7.87671 0.394818
7.77382 4.78251
7.68898 4.91753
7.57083 4.97935
7.61088 5.17583
7.52938 5.48148
7.39869 5.63533
7.26066 6.06869
7.73996 5.00301
7.12438 6.31977
7.1189 6.53638
6.9778 6.60256
6.85545 6.67706
6.74225 6.90288
6.8621 6.83067
6.78754 7.08554
6.68209 7.31793
6.78578 7.26962
6.91176 7.11624
6.97387 6.84136
5.1089 8.69125
6.14356 6.68307
5.01231 8.03185
6.53439 0.615656
6.47644 1.00731
6.25347 0.700859
6.00423 0.720614
6.06197 0.90331
6.0318 1.13726
6.20965 0.988829
6.21001 1.2379
6.01925 1.3817
6.12191 1.55554
6.01838 1.94632
5.73399 2.13947
5.87492 2.22802
5.5686 2.45326
5.60393 3.05703
5.75877 2.88143
5.7826 3.09171
5.66002 3.30621
5.49204 3.46382
5.48856 3.7732
5.39187 4.0951
5.56262 3.98567
5.50653 4.25735
5.6625 4.19797
5.77171 4.36652
5.82074 4.15424
5.77125 3.87947
5.63937 3.76226
5.77627 3.64887
5.638 3.55161
5.80228 3.38757
5.97781 3.6027
5.84146 3.71332
5.94021 3.98444
6.14842 3.93196
5.97983 4.33202
6.26968 4.23654
6.13391 4.6364
5.92186 4.72906
5.80552 4.57089
6.27155 3.57176
6.25534 1.72377
6.36867 1.41597
6.46177 1.66931
6.66658 1.35935
6.70511 1.05003
6.83793 1.10669
6.90036 1.34374
6.8021 1.52254
6.69212 1.80892
6.89821 1.58657
6.96411 1.80862
6.81629 2.12296
7.02133 2.15017
7.06806 1.45348
7.21292 2.42514
7.22349 2.6299
7.3324 2.31868
7.36926 2.50599
7.30279 2.8827
7.14135 3.32949
5.67389 5.53744
4.08997 -0.16809
3.73581 -1.23841
3.8451 -1.22051
3.74113 -1.22272
3.62817 -1.21482
3.43687 -1.24167
3.51703 -1.18953
3.78418 -1.1936
3.66034 -1.17067
3.43825 -1.17225
3.28193 -1.2474
3.09837 -1.26504
3.13059 -1.25684
4.58688 -1.1531
4.72392 -1.06299
6.16279 -0.870043
6.38987 -0.580764
6.65776 -0.542709
6.53602 -0.637321
0.715775 2.72726
0.921904 4.41629
0.140425 2.64433
-0.19649 4.9729
-0.183556 5.0397
-0.222648 4.81232
-0.170819 4.93528
-0.0758858 5.18706
-0.0543385 4.92317
-0.148781 4.61162
-0.2382 4.60104
-0.228022 4.3915
-0.262338 4.26906
-0.259863 4.10998
-0.3149 3.94679
-0.299079 3.73382
-0.319123 4.02547
-0.267688 4.45741
-0.317443 3.43494
-0.355608 3.20382
-0.322161 3.27435
-0.289476 3.4095
-0.240561 3.67753
-0.226026 3.94822
-0.170827 3.76139
-0.15012 4.05154
-0.187297 4.26703
-0.0799046 4.35638
-0.0253305 4.64777
0.099987 4.85289
0.0493865 5.2041
0.130986 5.09179
0.193992 5.23449
0.182771 5.45416
0.0621405 5.46329
-0.00845957 5.32425
0.170427 5.70383
0.109318 5.80116
0.185338 5.94881
0.295023 5.89161
0.354771 6.1114
0.358093 6.32239
0.482088 6.29873
0.447883 6.16476
0.450336 5.98129
0.561411 6.22698
0.486289 5.77508
0.334723 5.67513
0.434852 5.48146
0.28971 5.40909
0.31468 5.1716
0.374155 4.94937
0.254767 4.86893
0.19829 5.04885
0.632226 6.50565
0.482689 6.46513
0.553679 6.66703
0.383667 6.52774
0.668842 6.90456
0.704369 6.76189
-0.0998902 3.82254
-0.119655 3.53023
-0.220241 3.48684
-0.177119 3.34465
-0.116517 3.19034
8.53589 2.36361
