-2.47522 0.602333
-2.51513 0.82091
-2.49542 1.4301
-2.47771 1.82154
-2.46092 1.90049
-2.38743 2.23065
-2.33173 2.3985
-2.27499 2.55604
-2.17444 2.77943
-1.42049 4.27067
-1.16847 4.69776
-0.997163 4.90217
-0.801369 5.0487
-0.227994 5.42061
0.112784 5.55646
0.658352 5.59952
1.72802 5.46465
2.38946 5.26814
3.52242 4.57306
3.95319 4.07393
4.43514 3.23971
4.73213 2.7045
4.75899 2.58642
4.96022 1.67463
5.05618 0.465898
5.05154 -0.459508
5.02328 -1.04187
5.01424 -1.16376
5.00512 -1.23913
4.93337 -1.4187
4.81728 -1.61517
4.76463 -1.70125
4.65092 -1.8339
4.47314 -2.0209
4.27552 -2.1878
4.11369 -2.29414
3.97679 -2.34354
3.81447 -2.38642
3.59126 -2.42455
1.71503 -2.59393
1.45571 -2.6158
1.29126 -2.612
1.09679 -2.5968
0.711594 -2.52549
0.520906 -2.48291
0.247315 -2.41563
-0.151512 -2.29647
-0.369577 -2.2069
-0.586875 -2.11142
-0.700545 -2.05954
-0.814175 -2.00467
-1.02417 -1.8814
-1.19052 -1.77924
-1.37915 -1.64667
-1.5667 -1.48551
-1.73249 -1.26676
-1.87579 -1.07269
-1.96254 -0.951145
-2.0123 -0.86884
-2.11872 -0.623666
-2.29062 -0.089113
