-0.0912628 3.2829
-0.095356 3.4527
-0.0170717 3.98343
0.0251961 4.14034
0.0946951 4.30565
1.08426 6.30773
1.16303 6.46199
1.33564 6.72241
1.52277 6.98038
1.64856 7.14022
1.79606 7.28155
2.40352 7.79806
2.66361 7.97863
2.79088 8.04258
3.47791 8.17057
3.63024 8.15242
3.78248 8.1238
4.43814 7.97499
4.64972 7.92371
4.84683 7.84319
5.2559 7.64945
5.86888 7.12639
6.05946 6.96055
6.23729 6.79524
6.36721 6.57883
6.48217 6.3601
6.94506 5.24413
7.19573 4.57791
7.32091 4.13327
7.37175 3.88419
7.53805 2.83835
7.5662 2.62901
7.58129 2.5119
7.57286 2.38067
7.54592 2.20969
7.50452 1.96859
7.38469 1.70672
7.33178 1.59533
7.22668 1.4154
7.11017 1.23718
6.9405 1.05686
6.77895 0.893806
6.45382 0.629266
6.13544 0.37076
5.76358 0.122371
5.56276 -0.000166774
5.45925 -0.0626315
4.91933 -0.316988
4.80132 -0.360407
4.67244 -0.38968
4.49792 -0.384651
4.23446 -0.356629
3.88321 -0.304078
3.83446 -0.291617
3.39276 -0.176094
2.75139 -0.00713301
2.63177 0.0251803
2.41846 0.0889847
2.10282 0.209088
1.89297 0.325384
1.66817 0.472233
1.51743 0.57417
1.10333 0.990025
0.962546 1.13329
0.795762 1.30378
0.612278 1.50825
0.505367 1.63752
0.351661 1.84144
0.165898 2.14501
0.0378752 2.39754
-0.0414839 2.69492
