0.436728 -0.72811
0.400814 -0.795886
0.402267 -0.835897
0.373123 -0.874363
0.327538 -0.998964
0.307712 -1.07833
0.206984 -1.23274
0.24532 -1.13886
0.307605 -0.930022
0.210616 -1.13772
0.236597 -0.982287
0.14607 -1.12716
0.148533 -1.01411
0.0191441 -1.02266
0.0118752 -1.26228
0.112676 -1.26824
-0.0314207 -1.40325
-0.0855427 -1.36649
-0.0680571 -1.30841
-0.0931845 -1.21089
-0.150002 -1.34293
-0.260746 -1.27755
-0.109324 -1.01651
-0.173273 -0.992702
-0.237196 -0.966881
-0.336518 -1.09284
-0.368635 -1.01529
-0.460736 -1.07808
-0.502529 -1.07316
0.349237 -0.866297
-0.785977 -1.22734
-0.637422 -1.14137
-0.659849 -1.35547
-0.900978 -1.39399
-0.850529 -1.51969
-1.06559 -1.55282
-1.09805 -1.61844
-1.20449 -1.6267
-0.996139 -1.46098
-0.924295 -1.37688
-7.99253 -1.13292
-7.92709 -1.20423
-7.96968 -1.2328
-7.86159 -1.34453
-7.88386 -1.38004
-7.77527 -1.4853
-7.76937 -1.44201
-7.81683 -1.37186
-7.86209 -1.27179
-7.78976 -1.33502
-7.68335 -1.38134
-7.64407 -1.49027
-7.54117 -1.51066
-7.57554 -1.42499
-7.46789 -1.45304
-7.34352 -1.47893
-7.20201 -1.52186
-6.75401 -1.62114
-5.79907 -1.84902
-5.95431 -1.81651
-6.38175 -1.72478
-6.60076 -1.66622
-6.59739 -1.69605
-6.74085 -1.62232
-6.89997 -1.57288
-6.80296 -1.67946
-6.93767 -1.6179
-7.05431 -1.5577
-6.99031 -1.65929
-7.20332 -1.59884
-7.34053 -1.54132
-7.36004 -1.5974
-7.12383 -1.72917
-7.35369 -1.71788
-7.45578 -1.62398
-7.54122 -1.61733
-7.48791 -1.73378
-7.59036 -1.62522
-7.6713 -1.51738
-7.67732 -1.56962
-7.60123 -1.66763
-7.67296 -1.61732
-7.76782 -1.53976
-7.64556 -1.66262
-7.56184 -1.72712
-7.53859 -1.76143
-7.40678 -1.83867
-7.46271 -1.81781
-7.34157 -1.89157
-7.26124 -1.91951
-7.23141 -1.89987
-7.08753 -1.95398
-7.09923 -1.93649
-7.18104 -1.88952
-7.31611 -1.83425
-7.174 -1.83564
-7.03414 -1.91401
-6.9534 -1.8619
-6.81195 -1.93198
-6.64951 -1.89336
-6.821 -1.79035
-6.51061 -1.85042
-6.34112 -1.93771
-6.16266 -1.88472
-6.02588 -1.99417
-5.79484 -1.96622
-5.8998 -1.87583
-6.16087 -1.79478
-6.4073 -1.78816
-5.62424 -1.94083
-5.12903 -2.06493
-5.45096 -2.01569
-5.25116 -2.0916
-5.65351 -2.05556
-5.39885 -2.12157
-5.07191 -2.14986
-4.80066 -2.09791
-4.70631 -2.17092
-4.46416 -2.11913
-2.92298 -1.93113
-3.09277 -2.00067
-3.25135 -2.05478
-3.76513 -2.12137
-3.40628 -2.11114
-4.12265 -2.13221
-4.39575 -2.16933
-4.18856 -2.19767
-3.72875 -2.18538
-3.94811 -2.24001
-3.53216 -2.22568
-3.61144 -2.26718
-3.19829 -2.23376
-3.17442 -2.17728
-2.79847 -2.18628
-2.84057 -2.22145
-2.4586 -2.19522
-2.5454 -2.23588
-2.23158 -2.20642
-2.22561 -2.23074
-1.99038 -2.18507
-1.98999 -2.14856
-1.70725 -2.16925
-1.85976 -2.19978
-1.55315 -2.17209
-1.71483 -2.20625
-1.42029 -2.17968
-1.4171 -2.15112
-1.20033 -2.11965
-1.29259 -2.14993
-1.09684 -2.10803
-1.16168 -2.11352
-0.953972 -2.08292
-1.03918 -2.08853
-0.816278 -2.05231
-0.984264 -2.06465
-0.839711 -2.02573
-0.654819 -2.01118
-0.559658 -1.98255
-0.468801 -1.92454
-0.64758 -1.98112
-0.593765 -1.93376
-0.464808 -1.84605
-0.711871 -1.89729
-0.492964 -1.74986
-0.333318 -1.73799
-0.299381 -1.65732
-0.357715 -1.58002
-0.614049 -1.68055
-0.507734 -1.53433
-0.288639 -1.43505
-0.458551 -1.39539
-0.447206 -1.26571
-0.634049 -1.49757
-0.736368 -1.60686
-0.941171 -1.65591
-0.893156 -1.74217
-1.13935 -1.73562
-1.34574 -1.70344
-1.3596 -1.802
-1.48008 -1.79251
-1.60587 -1.84195
-1.7276 -1.888
-1.57618 -1.90603
-1.96854 -1.97923
-1.84529 -1.94189
-2.73568 -1.9312
-2.86031 -2.02245
-2.49614 -1.94218
-2.49614 -1.94218
-2.30421 -1.97327
-2.38922 -1.98951
-2.13368 -1.97816
-2.41322 -2.05245
-2.83424 -2.09737
-2.72607 -2.13207
-2.42486 -2.09957
-2.39399 -2.14439
-2.10363 -2.11282
-1.63222 -2.06018
-2.07948 -2.05572
-1.77393 -2.00455
-1.47146 -1.95617
-1.36061 -2.0064
-1.16248 -1.95422
-1.29496 -1.88931
-1.39086 -1.85216
-1.1525 -1.83768
-1.05121 -1.88952
-0.933839 -1.84969
-0.742075 -1.8107
-0.860776 -1.88592
-0.937703 -1.92009
-0.96708 -1.99484
-0.735069 -1.98615
-1.15792 -2.04537
-1.32606 -2.09596
-1.53582 -2.12203
-1.2524 -2.11275
-1.13686 -2.08266
-1.40286 -2.14317
-0.175534 -1.46099
-0.169385 -1.3997
-0.175414 -1.54595
-0.0510645 -1.51995
-0.193172 -1.64609
-0.0956392 -1.62253
-0.266819 -1.76271
-0.14126 -1.68802
-0.20857 -1.75552
-0.294643 -1.83689
-0.360673 -1.88319
-0.222182 -1.78432
-0.262241 -1.80838
-0.388274 -1.88862
-0.545794 -1.95572
-0.742189 -2.03527
-0.691634 -1.99543
-0.532823 -1.90595
-0.373577 -1.85231
-0.334992 -1.77602
-0.215871 -1.73014
-0.237542 -1.77898
-0.106915 -1.65761
-0.0621481 -1.57835
0.0680609 -1.48163
-0.101473 -1.6735
0.0510225 -1.51299
0.159532 -1.3479
0.108099 -1.43772
-0.0263681 -1.59707
0.0353708 -1.49233
0.13388 -1.36955
0.0684853 -1.3817
0.1724 -1.26289
0.223876 -1.26698
0.353357 -1.01222
0.421796 -0.831496
0.457438 -0.754534
0.522081 -0.591659
0.463739 -0.711045
0.465665 -0.670885
0.49627 -0.62737
0.529905 -0.555119
0.540222 -0.518267
0.481282 -0.677572
0.530352 -0.467188
0.431244 -0.805246
0.415285 -0.853231
0.342767 -1.0133
0.216767 -1.2535
0.259237 -1.11384
0.131308 -1.29447
0.0818691 -1.42922
0.0128765 -1.45361
-0.107601 -1.53994
-0.193527 -1.66823
-0.264578 -1.64961
-0.438339 -1.77849
-0.358846 -1.60058
-0.156664 -1.45999
-0.239828 -1.42156
-0.114992 -1.28171
-0.0247841 -1.28794
0.0322838 -1.09025
0.0868092 -1.17694
0.0130291 -1.36234
0.131928 -1.22567
0.196891 -1.14883
0.188313 -1.07574
0.284941 -0.973948
0.272134 -0.877692
0.385935 -0.713602
0.305169 -0.6477
0.173407 -0.966552
0.145024 -0.82901
0.0204096 -0.910114
-0.0920105 -1.10212
-0.0798883 -0.947864
-0.0214157 -0.757914
-0.14403 -0.863556
-0.189523 -1.07482
-0.282241 -0.993002
-0.35966 -1.23776
-0.42331 -1.11353
-0.379788 -0.908676
-0.574181 -1.09087
-0.578933 -1.32162
-0.758269 -1.28911
-0.844062 -1.52007
-0.65162 -1.5315
-0.496077 -1.4337
-0.552283 -1.61644
-0.365447 -1.43922
-0.528399 -1.74544
-0.668027 -1.78691
-0.649029 -1.8837
-0.825649 -1.89126
-0.8665 -1.99068
-0.729662 -1.97561
-0.915574 -2.06081
-1.10349 -2.06271
-1.02028 -1.98313
-1.22714 -2.06483
-1.40727 -2.1137
-1.61485 -2.16796
-1.73438 -2.19924
-1.91801 -2.2115
-2.05037 -2.23499
-2.0394 -2.21725
-2.38243 -2.25835
-2.57942 -2.27018
-2.79183 -2.29518
-2.9626 -2.26924
-3.17072 -2.31159
-3.29818 -2.29443
-3.34485 -2.27134
-3.08852 -2.24823
-3.51501 -2.30353
-3.69712 -2.29868
-3.94081 -2.2846
-4.00489 -2.31888
-4.17629 -2.30278
-4.19486 -2.27613
-4.45388 -2.29533
-4.43895 -2.24766
-4.69432 -2.26615
-4.79593 -2.23826
-4.9572 -2.25165
-5.04032 -2.22118
-4.74162 -2.21688
-4.97201 -2.18668
-5.29755 -2.18002
-5.2627 -2.22245
-5.6168 -2.18688
-5.71713 -2.12194
-6.05276 -2.11867
-6.06256 -2.07275
-6.35882 -2.03415
-6.19967 -2.01079
-5.93186 -2.05118
-6.43928 -1.96055
-6.59592 -1.96449
-6.64862 -1.99803
-6.90522 -1.98027
-6.70072 -2.02114
-6.44836 -2.0579
-6.59414 -2.05888
-6.29111 -2.09924
-6.06738 -2.13883
-5.81721 -2.18765
-6.00292 -2.16229
-5.88859 -2.17066
-5.62328 -2.21012
-5.78806 -2.17893
-5.63471 -2.18776
-5.48137 -2.21256
-5.26336 -2.25699
-5.25671 -2.23023
-4.98903 -2.26912
-5.09045 -2.22362
-4.76219 -2.25531
-4.81199 -2.20119
-4.57215 -2.24878
-4.52142 -2.20192
-4.34009 -2.28064
-4.48729 -2.3001
-4.24027 -2.31442
-4.39957 -2.305
-4.18228 -2.31894
-4.29444 -2.32218
-4.01066 -2.33239
-3.73713 -2.32682
-3.83816 -2.32285
-3.61628 -2.32349
-3.63765 -2.2844
-3.38543 -2.31187
-3.46162 -2.32135
-3.07849 -2.31363
-3.29501 -2.29464
-3.02619 -2.27915
-2.74594 -2.29583
-2.81088 -2.25345
-2.47697 -2.26893
-2.52056 -2.22953
-2.1688 -2.21144
-2.41783 -2.18585
-2.16984 -2.15283
-1.91135 -2.11457
-1.77579 -2.17015
-1.61306 -2.05632
-1.72066 -2.009
-1.47607 -1.93912
-1.61882 -1.90919
-1.40348 -1.76317
-1.69644 -1.81648
-1.49332 -1.63203
-1.71074 -1.66541
-1.8748 -1.78548
-1.97489 -1.90798
-1.82458 -1.96044
-2.06007 -2.02149
-1.91095 -2.04583
-2.06658 -2.08879
-2.30806 -2.09855
-2.31526 -1.98541
-2.52559 -2.08101
-2.71104 -2.01905
-2.69136 -2.09366
-2.63455 -2.14129
-2.90352 -2.11847
-2.86964 -2.16748
-3.0633 -2.16667
-3.23155 -2.11276
-3.24919 -2.18832
-2.98766 -2.21233
-3.14773 -2.25805
-3.43483 -2.23289
-3.66697 -2.20695
-3.87439 -2.21279
-3.94587 -2.27263
-4.07068 -2.21685
-4.19479 -2.25604
-4.08638 -2.30125
-4.25423 -2.19316
-4.40724 -2.14012
-4.72699 -2.07989
-4.91325 -2.13012
-5.19514 -2.03326
-5.18904 -2.12204
-5.45177 -2.09263
-5.30268 -2.15836
-5.0609 -2.1679
-5.44688 -2.20276
-5.55057 -2.14089
-5.7633 -2.16154
-5.63196 -2.1971
-5.90775 -2.16393
-6.02953 -2.15994
-6.02278 -2.13431
-6.26959 -2.10392
-6.23356 -2.1311
-6.06506 -2.14082
-6.17626 -2.12676
-6.39596 -2.10507
-6.43582 -2.1013
-6.60749 -2.07871
-6.80145 -2.03974
-6.85899 -2.00907
-7.00778 -1.98813
-7.20302 -1.94707
-7.12173 -1.95157
-7.34448 -1.86713
-7.19932 -1.87161
-7.00766 -1.95166
-6.92296 -2.00793
-6.77524 -2.00115
-6.75308 -2.04425
-6.6007 -2.07121
-6.48071 -2.04189
-6.46096 -2.0985
-6.17571 -2.08261
-6.2801 -2.02038
-6.50578 -1.98471
-6.70409 -1.96344
-6.628 -1.89746
-6.87302 -1.85279
-6.89372 -1.93505
-7.06327 -1.85638
-7.09957 -1.73535
-7.26939 -1.74369
-7.27212 -1.61063
-7.39895 -1.58265
-7.44065 -1.66722
-7.35071 -1.78899
-7.47321 -1.72989
-7.57324 -1.58199
-7.5879 -1.65567
-7.51725 -1.75864
-7.58767 -1.68431
-7.59802 -1.70609
-7.66748 -1.60733
-7.72758 -1.57964
-7.80099 -1.45495
-7.84036 -1.44241
-7.91901 -1.32307
-7.98028 -1.22965
-7.97379 -1.20888
-8.03066 -1.05557
-8.03834 -1.0485
-8.07781 -0.946709
-8.11912 -0.732614
-8.08848 -0.842684
-8.10789 -0.751164
-8.06721 -0.912664
-8.01612 -1.0542
-8.0103 -0.999239
-7.97673 -1.17574
-7.96403 -1.09323
-7.8965 -1.27231
-7.88228 -1.1537
-7.79895 -1.33832
-7.80044 -1.18788
-7.67608 -1.36173
-7.73301 -1.17291
-7.66604 -1.1959
-7.59011 -1.33039
-7.59707 -1.17469
-7.50544 -1.24266
-7.56925 -1.04656
-7.44966 -1.03984
-7.39143 -1.2536
-7.39931 -1.39049
-7.28817 -1.3855
-7.30472 -1.49578
-7.37644 -1.50641
-7.47351 -1.43038
-7.52974 -1.4988
-7.14041 -1.55291
-7.13722 -1.38064
-7.27138 -1.19428
-7.01947 -1.21431
-6.92188 -1.51747
-6.78498 -1.41887
-6.74135 -1.2555
-6.53047 -1.47851
-6.68274 -1.57698
-6.43682 -1.69533
-6.17424 -1.61096
-6.19472 -1.73473
-5.95463 -1.75942
-5.91386 -1.65441
-5.65754 -1.70274
-5.67548 -1.82061
-5.85452 -1.89363
-5.49731 -1.91698
-5.69429 -2.00943
-5.13986 -1.9058
-4.92692 -1.98423
-4.87309 -1.92449
-4.69193 -1.99162
-4.68348 -1.90937
-4.48269 -1.9755
-4.3809 -1.86616
-4.15634 -2.00066
-4.43709 -2.06582
-4.10884 -2.13992
-3.82744 -2.06754
-3.81137 -2.15312
-3.5405 -2.13654
-3.47418 -2.02039
-3.80306 -1.972
-3.52257 -1.89336
-3.96422 -1.88562
-3.71901 -1.79487
-4.10089 -1.7388
-4.47163 -1.72601
-4.69287 -1.78374
-4.76438 -1.63202
-4.92788 -1.74214
-5.11841 -1.6653
-5.14276 -1.78497
-4.91353 -1.84878
-5.41044 -1.81057
-5.35269 -1.71713
-5.43147 -1.58124
-5.86807 -1.49887
-5.51329 -1.39988
-5.8301 -1.2812
-6.09896 -1.29924
-6.31497 -1.38802
-6.35116 -1.16241
-6.09959 -1.12498
-6.39022 -0.90869
-6.56978 -1.00073
-6.56241 -1.19833
-6.78853 -1.01159
-6.54451 -1.33831
-6.90715 -1.11144
-7.02472 -0.930898
-7.28302 -0.860309
-7.13895 -0.604291
-7.337 -0.501764
-7.4357 -0.60522
-7.48899 -0.770649
-7.55133 -0.885289
-7.61186 -0.711518
-7.63647 -0.886017
-7.64644 -1.04388
-7.7021 -0.914164
-7.72534 -1.04645
-7.78078 -0.871826
-7.79817 -1.02554
-7.85899 -0.813958
-7.87979 -0.99369
-7.93648 -0.729679
-7.94882 -0.954119
-8.01235 -0.772147
-8.0012 -0.908815
-8.05986 -0.789369
-8.07314 -0.803918
-8.06503 -0.644547
-8.12783 -0.549639
-8.13306 -0.587745
-8.14997 -0.443742
-8.1357 -0.308746
-8.12339 -0.166787
-8.12009 0.0999005
-8.11504 0.452285
-8.12196 0.227931
-8.1187 -0.0302294
-8.09617 -0.0763743
-8.08405 -0.361408
-8.03982 -0.116145
-8.06525 0.15011
-7.99204 0.0700172
-8.02181 -0.276992
-7.96127 -0.18912
-7.95904 -0.433047
-7.90217 -0.26012
-7.8809 -0.521767
-7.84853 -0.276936
-7.77239 -0.394784
-7.80818 -0.669325
-7.73275 -0.712559
-7.6573 -0.480327
-7.54683 -0.531662
-7.57798 -0.292266
-7.6764 -0.272183
-7.61539 -0.0776313
-7.71891 -0.142017
-7.77666 -0.064425
-7.67017 0.0884341
-7.72806 0.268632
-7.81459 0.136633
-7.85777 -0.0967286
-7.89898 0.0304606
-7.84208 0.334207
-7.92335 0.323808
-7.97433 0.411412
-8.03506 0.385509
-7.98507 0.742804
-8.05264 0.681027
-8.0734 0.410612
-8.09044 0.60784
-8.06914 0.913433
-8.10095 0.892951
-8.10894 0.674475
-8.08486 1.14183
-8.00603 2.21734
-8.04852 1.90493
-8.05929 1.6999
-8.06196 1.51013
-8.07443 1.3884
-8.07467 1.25477
-8.06001 1.2837
-8.04844 1.66017
-8.02342 1.46334
-7.96834 1.79748
-7.98111 2.01631
-7.97618 2.26512
-7.93503 2.32425
-7.92772 2.14816
-7.89481 2.41561
-7.85732 2.29651
-7.89518 2.03484
-7.91298 1.77626
-7.84575 2.0152
-7.83341 1.77122
-7.75644 2.11319
-7.79804 2.2459
-7.72515 2.38138
-7.76263 2.54583
-7.63359 2.65002
-7.64629 2.93802
-7.77007 2.80669
-7.83955 2.54392
-7.84673 2.68042
-7.89291 2.50291
-7.90923 2.59425
-7.80472 3.00227
-7.90245 2.84677
-7.95665 2.53187
-7.02117 4.89778
-6.93057 5.11611
-6.67325 5.70088
-6.53018 5.99074
-6.60047 5.84715
-6.49639 5.95708
-6.43578 6.12739
-3.43398 7.50676
-3.53097 7.50707
-3.62679 7.50166
-3.73912 7.46462
-3.86409 7.44609
-3.79562 7.33655
-4.16198 7.41188
-3.99677 7.42864
-4.33736 7.40999
-4.35452 7.2288
-4.0912 7.18406
-4.15821 7.01996
-4.42247 6.99229
-4.5789 7.12621
-4.6642 6.96407
-4.53499 6.78448
-4.82215 6.76208
-4.87782 6.96384
-5.00776 6.83525
-5.05111 6.97243
-4.95094 7.10187
-5.08106 7.07845
-5.04406 7.13619
-5.15904 7.05808
-5.16621 6.99713
-5.28642 6.94885
-5.21068 6.80227
-5.41518 6.75684
-5.39965 6.57964
-5.55461 6.55576
-5.55196 6.34344
-5.38575 6.34974
-5.54882 6.06528
-5.37185 6.15342
-5.45481 5.92425
-5.5976 5.79795
-5.72834 5.78687
-5.70393 5.5299
-5.53762 5.70207
-5.51454 5.48102
-5.73752 5.2237
-5.89607 5.25008
-5.91485 4.95422
-5.76251 5.03689
-5.77721 4.86525
-5.96503 4.58968
-5.77719 4.6573
-5.85519 4.39843
-5.64767 4.59939
-5.68695 4.33451
-5.48547 4.56309
-5.48295 4.33051
-5.32829 4.55534
-5.22855 4.42071
-5.1408 4.68976
-5.28481 4.75286
-5.07813 4.90251
-5.21633 4.97798
-5.43957 4.80922
-5.35949 5.09173
-5.6064 4.85571
-5.59272 5.12764
-5.33563 5.37585
-5.26428 5.65744
-5.37684 5.78677
-5.17435 5.92249
-5.27552 6.05505
-5.06195 6.17605
-5.17804 6.35987
-4.94382 6.40368
-5.02782 6.49529
-5.06141 6.63006
-5.25213 6.55648
-4.91028 6.56917
-4.67509 6.54068
-4.77556 6.24148
-4.34341 6.35505
-4.37205 6.62316
-4.24796 6.81436
-4.04621 6.60829
-3.96943 6.84289
-3.87257 7.03807
-3.7375 6.85728
-3.78718 6.71509
-3.48724 6.7543
-3.693 6.54517
-3.31782 6.50032
-3.6017 6.37147
-3.41406 6.30642
-3.65877 6.15979
-3.9025 6.37112
-4.05019 6.19693
-4.00793 5.98357
-3.69931 5.93489
-3.86265 5.79387
-4.10384 5.79656
-4.32119 5.86583
-4.29423 5.63032
-4.01366 5.66303
-4.06761 5.48819
-4.34108 5.36798
-4.59848 5.45325
-4.653 5.14903
-4.30415 5.10755
-4.52773 4.85597
-4.78355 4.87132
-4.73273 4.6812
-4.95713 4.62769
-4.96567 4.82993
-4.8881 4.98824
-4.97116 5.12113
-4.81984 5.3111
-4.99295 5.29112
-5.14024 5.16616
-5.13994 5.33384
-4.87335 5.49472
-5.09034 5.57518
-4.83899 5.76028
-5.03563 5.82533
-4.80638 5.99588
-4.97982 6.03688
-4.57176 6.13058
-4.58176 5.93374
-4.31796 6.08767
-4.59057 5.69894
-4.84069 4.41686
-4.60172 4.54558
-4.68779 4.30434
-4.85774 4.11447
-4.6819 4.10244
-4.50789 4.28499
-4.60605 3.87761
-4.81935 3.88973
-4.87188 3.57739
-4.67041 3.41543
-4.9346 3.19018
-4.79652 2.98674
-5.04874 2.8276
-5.15217 3.01164
-5.13317 3.31163
-5.37768 3.01888
-5.32569 2.71504
-5.61215 2.70434
-5.59026 2.34833
-5.82039 2.44797
-5.88706 2.67299
-6.07887 2.35421
-5.92241 2.17282
-6.11751 2.10095
-6.1202 1.82125
-6.31328 2.03955
-6.36963 1.69692
-6.53978 1.73652
-6.50639 1.3188
-6.68602 1.45319
-6.74473 1.7474
-6.85341 1.3299
-6.73557 1.07105
-6.86991 1.03279
-6.98129 0.999048
-7.01843 1.33094
-7.13245 0.96254
-7.15611 1.20093
-7.11928 1.4803
-7.28232 1.22749
-7.24114 0.982661
-7.36115 0.864127
-7.28156 0.659518
-7.10491 0.600432
-7.26105 0.371496
-7.16295 0.214907
-6.98158 0.305756
-7.04774 -0.0126705
-6.81598 -0.00845025
-6.93549 -0.252227
-6.70226 -0.418648
-6.52752 -0.167497
-6.6289 0.208597
-6.80728 0.364462
-6.66246 0.645763
-6.88826 0.712932
-6.59809 0.974043
-6.42915 0.854833
-6.27947 1.21498
-6.29887 1.51182
-6.14756 1.47445
-5.92266 1.57942
-5.77856 1.9493
-5.59675 1.68879
-5.79361 1.29547
-6.05015 1.23693
-5.93448 0.980737
-5.69269 0.974215
-5.51456 1.32956
-5.33706 1.02027
-5.60033 0.697242
-5.92768 0.537568
-5.62173 0.372085
-5.37 0.614074
-5.29928 0.235145
-5.6629 -0.0224665
-5.80528 0.221868
-5.96408 0.0550036
-5.95687 -0.346653
-6.15707 -0.132601
-6.27855 -0.334657
-6.2107 -0.64622
-6.45057 -0.464444
-6.33281 -0.0979073
-6.44174 0.0866141
-6.22688 0.185193
-6.45109 0.408844
-6.25145 0.563108
-6.15756 0.892265
-6.49639 -0.656718
-6.68433 -0.780551
-6.56081 -0.903701
-6.93421 -0.523745
-6.92816 -0.771364
-7.12273 -0.27716
-7.25751 -0.354987
-7.26394 -0.162463
-7.36669 -0.228802
-7.46414 -0.365218
-7.48449 -0.0769167
-7.33113 0.0686056
-7.44401 0.127986
-7.53252 0.184433
-7.60674 0.361994
-7.46267 0.531575
-7.39275 0.322501
-7.55717 0.576879
-7.65347 0.538005
-7.71909 0.462666
-7.7702 0.404239
-7.71152 0.666121
-7.80017 0.607575
-7.87113 0.573146
-7.81833 0.789732
-7.87247 0.831246
-7.92883 0.616035
-7.92289 0.892419
-7.939 1.18324
-8.01952 1.09941
-7.97126 1.48156
-7.91292 1.53115
-7.85984 1.4307
-7.77228 1.638
-7.74765 1.89439
-7.69237 1.83528
-7.64527 2.13301
-7.65469 2.38201
-7.53987 2.48044
-7.58447 2.56721
-7.49913 2.77869
-7.51634 3.0061
-7.38942 3.10261
-7.37077 3.33566
-7.50117 3.26133
-7.57006 3.28809
-7.44746 3.49702
-7.48967 3.54207
-7.37011 3.75316
-7.44978 3.71681
-7.55941 3.487
-7.54639 3.60174
-7.63586 3.29854
-7.68385 3.06762
-7.71911 3.07189
-7.78748 2.89102
-7.66882 3.37436
-7.7329 3.39306
-7.63575 3.60134
-7.68115 3.59396
-7.57238 3.81321
-7.82107 3.15364
-7.24712 4.47545
-7.35577 4.25934
-7.46208 4.03922
-7.45875 3.97503
-7.35995 4.12476
-7.23145 4.43195
-7.13465 4.68647
-7.09458 4.69262
-7.00699 4.86945
-6.91386 5.00461
-6.99686 4.84553
-6.87968 4.99476
-6.8086 5.27951
-6.84083 5.33572
-6.73548 5.50295
-6.74349 5.54638
-6.65547 5.63681
-6.59599 5.77872
-6.56359 5.75402
-6.64299 5.54891
-6.49509 5.72664
-6.57784 5.43812
-6.7034 5.34939
-6.78538 5.14006
-6.67815 5.25088
-6.72289 5.06718
-6.85344 4.87191
-6.97023 4.74814
-6.97806 4.6134
-7.08276 4.50743
-7.06794 4.4293
-7.17057 4.26871
-7.09223 4.27754
-7.22029 4.03926
-7.13247 4.10341
-6.97394 4.34651
-7.00646 4.46565
-6.89942 4.63164
-6.81293 4.61417
-6.75849 4.85571
-6.67947 4.80713
-6.70141 4.58229
-6.83709 4.42187
-6.76367 4.29605
-6.55576 4.52246
-6.55896 4.79775
-6.41395 4.7893
-6.41951 5.02
-6.56044 5.04379
-6.66194 4.93473
-6.65482 5.04534
-6.58489 5.15481
-6.61685 5.21301
-6.50674 5.32395
-6.44113 5.59897
-6.3578 5.53387
-6.39117 5.2718
-6.28155 5.46041
-6.28915 5.33319
-6.28964 5.21006
-6.18738 5.42459
-6.15346 5.23395
-6.0355 5.47438
-6.0156 5.29228
-5.8816 5.50867
-5.89584 5.76168
-6.059 5.66977
-5.96255 5.86937
-6.06908 5.88187
-5.9247 6.08371
-6.01549 6.09935
-6.14559 5.99791
-6.16519 5.82019
-6.25113 5.75413
-6.18514 5.65085
-6.26805 5.5925
-6.34591 5.73465
-6.28525 5.94175
-6.39158 5.80355
-6.39777 5.94305
-6.48585 5.86922
-6.37229 6.07852
-6.29409 6.10182
-6.25566 6.27553
-6.34085 6.25993
-6.24628 6.38565
-6.16941 6.48856
-5.89672 6.75832
-5.78475 6.82973
-5.66429 6.8917
-5.57053 6.9808
-5.48153 7.07961
-5.37785 7.17438
-5.30414 7.17292
-5.25122 7.25783
-4.91753 7.36676
-5.09611 7.3218
-4.99618 7.24319
-5.21071 7.12271
-5.39292 7.0742
-5.38437 7.00562
-5.44991 6.89144
-5.58229 6.75189
-4.85767 7.19987
-4.84084 7.30201
-4.70299 7.29488
-4.72438 7.39517
-4.52716 7.40814
-4.5713 7.25404
-4.69562 7.19812
-4.76852 7.1116
-5.72025 6.64311
-5.85592 6.59222
-5.81525 6.45836
-5.6869 6.52493
-5.75993 6.37191
-5.84311 6.28482
-5.92288 6.27355
-5.79871 6.1971
-5.86194 5.99275
-5.72358 6.07233
-5.67931 6.35807
-5.92494 6.42907
-6.03672 6.2653
-5.98885 6.47769
-6.12248 6.34045
-6.10725 6.50338
-6.19076 6.15441
-5.9223 6.65302
-5.99782 6.67556
-6.08855 6.58507
-6.09545 5.02935
-6.27602 5.00779
-6.26464 4.77703
-6.38778 4.59456
-6.27464 4.52208
-6.11627 4.71568
-6.15534 4.43911
-6.12338 4.12949
-6.29281 4.26476
-6.38949 3.98136
-6.39454 4.18132
-6.42721 4.34666
-6.48039 4.13524
-6.61643 4.19271
-6.58208 3.95438
-6.73274 3.95097
-6.77203 4.08408
-6.82951 3.94735
-6.92908 3.96668
-6.88701 3.73219
-7.07474 3.60282
-7.05699 3.3617
-7.24071 3.24442
-7.22686 3.48985
-7.30711 3.29541
-7.37065 2.95652
-7.27856 2.94027
-7.18075 3.16069
-7.13459 3.06411
-6.97595 3.17139
-6.86611 3.47581
-6.8254 3.29774
-6.85831 3.08318
-6.97842 2.94263
-6.89117 2.80904
-7.04987 2.71886
-7.0941 2.89039
-7.20969 2.57938
-7.21998 2.81915
-7.35785 2.59461
-7.42413 2.71186
-7.45785 2.52069
-7.49545 2.29732
-7.37706 2.27745
-7.48776 2.1315
-7.57813 1.95441
-7.46538 1.99513
-7.54855 1.73245
-7.42371 1.80209
-7.36191 2.07058
-7.24515 2.26787
-7.10812 2.46479
-7.13181 2.20464
-7.27375 1.99896
-7.16582 1.91752
-7.31052 1.71313
-7.21298 1.59936
-7.35227 1.41754
-7.38761 1.22238
-7.41958 1.03305
-7.47666 1.20479
-7.53771 0.90989
-7.48395 0.767202
-7.5724 0.706782
-7.62485 0.759724
-7.62203 0.999652
-7.73924 0.931115
-7.66461 1.20341
-7.72734 1.24078
-7.80794 1.03872
-7.7971 1.33864
-7.87471 1.11714
-7.67924 1.57383
-7.66866 1.37122
-7.60716 1.48943
-7.62988 1.34967
-7.57096 1.33442
-7.52473 1.57563
-7.44705 1.51092
-7.06236 1.80246
-6.97359 2.15382
-6.93423 1.92211
-6.78128 2.09177
-6.78431 2.40578
-6.89944 2.44032
-6.79828 2.65143
-6.65791 2.65316
-6.68618 2.82117
-6.54488 2.93648
-6.68189 3.00387
-6.76531 2.85819
-6.78058 3.00046
-6.71641 3.21817
-6.59616 3.1769
-6.57271 3.42151
-6.71077 3.48444
-6.56831 3.70711
-6.72244 3.72666
-6.4024 3.62924
-6.28357 3.8592
-6.21432 3.70875
-6.03258 3.85508
-6.10252 3.61558
-6.21223 3.45776
-6.10063 3.40473
-6.2959 3.1484
-6.32018 3.44181
-6.45581 3.29088
-6.42501 2.73796
-6.55041 2.68789
-6.58796 2.44162
-6.33432 2.44187
-6.20791 2.82309
-6.10767 2.62625
-6.55849 2.09007
-5.98258 2.89539
-6.04766 3.15154
-5.89337 3.1011
-5.81615 3.34857
-5.96081 3.41766
-5.92577 3.68122
-5.85711 3.53328
-5.67565 3.71099
-5.71943 4.02194
-5.89909 3.91217
-5.89165 4.10598
-5.42786 4.08231
-5.4063 3.81801
-5.52296 3.50152
-5.68855 3.06194
-5.37098 3.32954
-5.13864 3.7504
-5.24586 4.01449
-5.04988 4.16151
-5.19973 4.22217
-5.05053 4.38307
-6.86755 1.82348
-6.8946 1.59871
-6.98028 1.67413
-6.91747 2.58107
-7.00078 2.59914
-7.00485 2.40789
-7.23812 3.66021
-7.36628 3.53589
-7.25723 3.82158
-7.08504 3.99301
-7.11158 3.75334
-6.91566 4.21586
-7.35758 3.6463
-7.3064 4.00582
-7.23067 4.2998
-7.40983 3.9382
-7.48655 3.84495
-7.57766 3.64061
-7.54673 3.77613
-7.09123 4.60088
-7.1643 4.50753
-7.19658 -0.0334077
-6.06845 -0.919334
-5.79798 -0.760186
-5.8096 -1.07188
-5.57815 -1.21971
-5.45683 -1.00994
-5.27286 -1.2506
-5.12509 -1.07005
-5.15046 -0.807543
-5.45784 -0.729676
-5.58738 -0.440404
-5.27514 -0.513011
-5.32995 -0.147985
-5.06815 -0.289393
-5.0322 -0.552822
-4.84302 -0.6888
-4.87035 -0.956363
-4.65815 -0.807056
-4.58328 -1.02109
-4.87888 -1.22334
-4.5648 -1.24549
-4.66373 -1.42518
-4.3046 -1.32505
-4.37894 -1.12828
-4.13806 -1.07665
-3.91161 -1.25164
-4.07478 -1.46002
-3.73146 -1.47801
-3.53349 -1.28822
-3.46969 -1.43548
-3.37777 -1.5449
-3.70448 -1.65937
-3.24762 -1.74232
-2.88184 -1.49832
-2.72787 -1.70549
-2.91403 -1.82826
-3.16559 -1.86746
-2.9389 -1.94076
-3.23881 -1.95896
-3.08626 -2.03361
-2.5674 -1.86284
-2.34843 -1.67635
-2.51305 -1.56123
-2.22937 -1.48149
-2.0147 -1.57595
-2.13072 -1.79327
-1.89211 -1.68011
-1.76084 -1.52119
-1.54888 -1.49767
-1.58139 -1.36507
-1.7266 -1.34705
-1.85822 -1.45219
-1.94277 -1.35257
-1.73394 -1.19573
-1.89381 -1.10173
-2.17455 -1.27266
-2.1791 -1.0194
-2.39137 -1.20824
-2.46149 -1.39604
-2.65672 -1.27232
-2.53393 -1.0124
-2.80514 -1.12961
-2.93001 -1.28763
-3.12344 -1.07422
-2.82621 -0.873388
-3.0954 -0.656962
-3.399 -0.784179
-3.29714 -0.534189
-3.47537 -0.315392
-3.74791 -0.671978
-3.65015 -1.0289
-3.8965 -0.980099
-4.03553 -0.79629
-4.00814 -0.460555
-4.1504 -0.651538
-4.29039 -0.876388
-4.30442 -0.588748
-4.46706 -0.775372
-4.54829 -0.520426
-4.35303 -0.423716
-4.39389 -0.255695
-4.60438 -0.189193
-4.82008 -0.394676
-4.8435 -0.0928541
-5.07884 0.0446936
-4.85135 0.138855
-4.85682 0.449822
-5.25144 0.0340571
-5.14103 0.570417
-4.98059 0.741223
-5.16312 0.797025
-4.95755 1.02168
-5.04425 1.3549
-5.28654 1.38185
-5.15305 1.58458
-5.33652 1.63064
-5.3104 1.96172
-5.49583 2.06709
-5.21227 2.39359
-5.095 2.14709
-5.1234 1.85689
-4.88587 2.12051
-4.93964 2.41132
-4.76506 2.43812
-4.75202 2.70773
-4.9407 2.66644
-4.49304 3.10561
-4.60706 2.64255
-4.38112 2.6527
-4.63553 2.33104
-4.44813 2.19643
-4.68926 1.98409
-4.51426 1.90316
-4.65621 1.70087
-4.43049 1.72158
-4.51396 1.43958
-4.1263 1.64001
-4.28463 1.97323
-4.00855 2.03454
-4.12539 2.41132
-3.82115 2.35726
-3.67279 1.84413
-3.54575 2.27145
-3.30031 2.10355
-3.32712 1.69438
-3.07837 1.79669
-3.14575 1.41136
-3.45875 1.37871
-3.24517 1.03353
-3.59464 0.969642
-3.32233 0.630556
-3.61725 0.511674
-3.37644 0.161346
-3.68516 0.0859668
-3.78253 -0.270706
-4.02694 0.00989955
-4.20884 -0.328161
-4.1595 -0.509578
-4.26761 -0.0759351
-4.31518 0.183956
-4.43384 -0.0305675
-4.61885 0.142835
-4.44964 0.474907
-4.50095 0.783977
-4.77333 0.83109
-4.57958 1.08393
-4.78637 1.28144
-4.7971 1.49438
-4.91924 1.72091
-4.16401 1.16205
-4.35893 0.98932
-4.22117 0.837361
-3.91301 0.791807
-3.85797 1.07629
-3.80651 1.34597
-4.14674 0.498128
-3.86583 0.390076
-4.31857 0.67348
-3.30057 -0.127125
-3.21448 -0.332345
-3.13403 -0.0227318
-2.96683 -0.30081
-2.83581 0.116066
-3.09629 0.353962
-2.8598 0.493231
-3.03248 0.73204
-2.72077 0.798324
-2.93907 1.10268
-2.65618 1.1605
-2.83779 1.52953
-2.52636 1.48134
-2.62591 1.96184
-2.87136 1.90997
-2.98805 2.20361
-2.80621 2.13416
-2.71437 2.50791
-2.97235 2.63197
-2.8008 3.01385
-3.02528 2.9435
-2.9756 3.29897
-3.24797 3.05444
-3.14934 2.721
-3.35625 2.55921
-3.51439 2.83459
-3.59054 2.54211
-3.71513 2.71546
-3.9282 2.64703
-3.9637 2.4651
-4.06002 2.68792
-4.15137 2.76675
-4.14732 3.15708
-3.98644 2.94217
-3.7785 3.39457
-3.9621 3.6756
-3.64653 3.89088
-3.84519 4.04604
-3.61172 4.27714
-3.88714 4.35594
-4.0853 3.93496
-4.19176 4.19001
-4.3753 3.7434
-4.39082 4.09937
-4.3062 4.36733
-4.35899 4.63048
-4.30658 4.88794
-4.18855 4.80412
-4.1084 4.5792
-4.01455 4.8836
-4.16507 4.97429
-4.01249 5.1294
-4.12559 5.29899
-3.89782 5.34416
-3.7207 5.55598
-3.66079 5.32579
-3.31168 5.32369
-3.33086 5.65433
-3.59666 5.77966
-3.33727 5.93472
-2.98826 5.76451
-2.82996 6.01902
-3.20393 6.19623
-2.86791 6.24767
-3.02668 6.39395
-3.24807 6.34047
-2.86018 6.67192
-3.17829 6.71678
-2.9932 6.85077
-3.22106 6.86505
-3.36637 6.95075
-3.5796 6.97368
-3.37733 7.11478
-3.66297 7.16262
-3.91584 7.22526
-3.43209 7.31721
-3.1152 7.25804
-3.17172 7.09262
-3.28707 7.0403
-3.22532 6.99046
-3.06464 6.98852
-2.90865 7.14883
-2.8452 7.00178
-2.77258 6.88754
-2.62849 7.03201
-2.69001 7.12009
-2.44501 7.15536
-2.62533 7.26932
-2.84983 7.32974
-2.96427 7.42981
-3.09859 7.41809
-3.33428 7.49849
-3.2294 7.48671
-2.8189 7.44508
-2.66751 7.45667
-0.463861 6.36458
-0.372031 6.22434
-0.477143 6.20501
-0.336071 6.01457
-0.44495 5.91234
-0.233608 5.77162
-0.288221 5.61442
-0.181969 5.56894
-0.179014 5.41704
-0.0745068 5.43389
-0.0307541 5.20519
0.000991821 5.29983
0.0831308 5.17766
0.0733747 5.00369
0.0396805 4.8563
0.137079 4.82189
0.212996 4.52321
0.0734291 4.52718
0.187768 4.20109
0.354681 4.05899
0.248958 3.89254
0.343122 3.70949
0.262037 3.64585
0.314681 3.49448
0.222211 3.38728
0.178754 3.73494
0.10376 3.60103
0.0735579 3.23316
-0.00267506 3.5906
-0.111707 3.28285
-0.0273752 2.84567
-0.127275 2.9399
-0.239411 2.94084
-0.143377 2.71005
-0.2429 2.44321
-0.0746756 2.40158
-0.154284 2.13075
-0.278605 1.94756
-0.112432 1.79678
-0.245735 1.47022
-0.369389 1.62786
-0.398521 1.30427
-0.311007 1.06291
-0.472748 0.946391
-0.363003 0.686343
-0.518061 0.63183
-0.649426 0.769546
-0.573449 1.00256
-0.665884 1.10648
-0.847617 0.915801
-0.878969 0.430724
-0.649462 0.3964
-0.80488 0.088915
-1.0146 0.00484982
-0.931922 -0.187852
-1.11494 -0.3496
-1.22832 -0.20052
-1.16257 0.0738097
-1.31092 -0.0733055
-1.30822 0.153734
-1.42741 -0.0355467
-1.48285 0.160688
-1.59458 -0.0816968
-1.63941 0.134558
-1.83533 -0.0154788
-1.73361 -0.382973
-1.93009 -0.347746
-1.92706 -0.550429
-2.12385 -0.486775
-2.03614 -0.229511
-2.21572 -0.220168
-2.39039 -0.443471
-2.31239 -0.748868
-2.59554 -0.676558
-2.83358 -0.57412
-2.6543 -0.285481
-2.0449 -0.7512
-1.92738 -0.90093
-1.81916 -0.693345
-1.71787 -0.863648
-1.58887 -0.600582
-1.45697 -0.283881
-1.34643 -0.500293
-1.48541 -0.775068
-1.24073 -0.676279
-0.987014 -0.45322
-1.06533 -0.749655
-1.28753 -0.91065
-1.42446 -0.91375
-1.49349 -1.14229
-1.6221 -1.01099
-1.21677 -1.02789
-1.3602 -1.28495
-1.10628 -1.11368
-0.998912 -0.89377
-0.922301 -0.725705
-0.821507 -0.513825
-0.801967 -0.738673
-0.648176 -0.502104
-0.588238 -0.199153
-0.784007 -0.196907
-0.618044 0.0979852
-0.453689 0.130508
-0.485197 0.385249
-0.340355 0.3734
-0.228524 0.585996
-0.222329 0.860772
-0.143665 0.757864
-0.123609 0.950939
-0.177426 1.15343
-0.0575733 1.15935
-0.101921 1.44015
0.0219727 1.45661
-0.0441074 1.61744
0.00266075 1.77553
-0.0330381 1.93769
-0.0644836 2.07312
0.0437536 2.10354
0.0531816 2.51465
0.108344 2.84203
0.156476 2.57552
0.147029 2.32175
0.182392 2.42045
0.239347 2.2517
0.171432 2.06086
0.131294 1.73923
0.26085 1.89016
0.245253 1.53553
0.149091 1.34705
0.0528564 1.11371
0.155021 1.0145
0.0767307 0.847669
-0.0318527 0.846793
0.0378942 0.554807
0.152353 0.699549
0.144914 0.366559
0.0373888 0.272302
-0.0627117 0.293949
-0.0247545 0.0168899
0.0952511 0.118133
0.0981331 -0.162033
-0.0766516 -0.336238
-0.152541 -0.150758
-0.257547 -0.396618
-0.274302 -0.129524
-0.156562 0.069815
-0.261301 0.0704201
-0.204809 0.301421
-0.327223 0.167909
-0.387827 -0.0508514
-0.103404 0.555341
-0.448292 -0.363769
-0.420097 -0.58667
-0.605449 -0.69723
-0.498433 -0.823083
-0.729356 -1.00158
-0.750496 -0.855903
-0.891009 -0.966038
-0.968039 -1.1682
-0.863574 -1.23301
-1.0411 -1.34219
-0.979126 -1.4184
-1.22733 -1.51779
-1.11398 -1.63536
-1.23111 -1.82286
-1.01354 -1.72112
-1.07889 -1.86375
-0.819793 -1.7377
-0.974076 -1.89413
-1.15354 -1.97379
-1.33132 -1.97883
-1.31831 -2.04663
-1.50029 -2.09886
-1.18131 -1.32129
-1.36897 -1.4557
-0.726671 -1.1538
-0.324327 -0.668176
-0.231447 -0.765275
-0.187411 -0.55788
-0.0998068 -0.627997
0.0404072 -0.496041
0.106071 -0.67408
0.19215 -0.396362
0.231902 -0.118683
0.187581 0.0940854
0.284246 0.0999048
0.235918 0.287
0.24262 0.538632
0.315973 0.348867
0.348172 0.676512
0.256144 0.86306
0.250971 1.20093
0.345843 1.05144
0.334916 1.38754
0.317951 1.64724
0.377018 1.58486
0.43078 1.32078
0.458363 1.73083
0.370264 1.85122
0.42562 2.11839
0.336678 2.15369
0.298238 2.39012
0.234542 2.54008
0.306144 2.56855
0.285837 2.77038
0.203044 2.80729
0.268434 3.04288
0.173674 3.06533
0.336723 3.25431
0.367862 2.95413
0.453997 3.16765
0.401132 3.46401
0.49668 3.44563
0.464392 3.6996
0.590657 3.59717
0.525871 3.90214
0.452784 4.18047
0.350958 4.34951
0.408175 4.41815
0.519375 4.28612
0.55732 4.0811
0.642486 4.15943
0.640187 4.03423
0.608499 3.89892
0.678826 3.94882
0.675976 3.82864
0.701859 3.83735
0.695241 3.72611
0.639444 3.73367
0.720039 3.57661
0.749369 3.65576
0.776253 3.4946
0.669142 4.05508
0.616011 4.27877
0.542301 4.40108
0.52542 4.5308
0.458072 4.66843
0.462829 4.48066
0.381454 4.63391
0.305653 4.58941
0.276037 4.83784
0.380694 4.81721
0.315361 4.98122
0.189705 5.10775
0.179725 4.97237
0.126658 4.94918
0.211926 4.7796
0.0927935 5.32398
0.161585 5.31923
0.0888748 5.48805
0.00207329 5.64548
-0.0888557 5.7954
-0.18281 5.9395
-0.112435 5.7183
-0.12678 5.60953
-0.0434113 5.54469
0.0170002 5.3776
0.0311699 5.47664
-0.27768 6.08226
0.825448 2.13538
0.806983 1.91342
0.79878 1.91101
0.779955 1.68247
0.737003 1.70599
0.757767 1.44473
0.595299 -0.177438
0.573687 -0.33545
0.606207 -0.0107179
0.628204 0.152095
0.606935 0.266151
0.510272 0.0950147
0.526636 -0.12061
0.441264 -0.287432
0.373384 -0.160439
0.316451 -0.415135
0.447742 -0.46571
0.531614 -0.271607
0.546091 -0.393914
0.432223 -0.72168
0.364017 -0.893617
0.211973 -0.604414
0.283886 -0.238464
0.316297 -0.0720754
0.378223 0.124126
0.436728 0.441579
0.55585 0.537858
0.466137 0.875603
0.542053 1.33632
0.570045 0.907382
0.624906 1.2054
0.640459 1.56066
0.570045 1.82569
0.510656 2.11872
0.588896 2.21615
0.541855 2.38896
0.474951 2.41961
0.37878 2.4454
0.448895 2.76442
0.35605 2.70319
0.529898 2.64658
0.548208 2.96489
0.578382 3.26211
0.638956 3.06506
0.635039 2.75012
0.728385 3.01921
0.680255 3.32869
0.803423 3.32684
0.806019 3.13758
0.810055 2.94411
0.810071 2.74942
0.8177 2.55242
0.790697 2.48876
0.820875 2.34872
0.743145 2.29786
0.787308 2.02376
0.693495 2.00297
0.694281 1.28707
0.656811 2.40257
0.726933 2.65063
0.593641 2.50151
0.579098 4.40199
0.655468 0.935758
0.714513 0.956269
0.674774 0.73619
0.662176 0.523794
0.626411 0.510605
0.597019 0.680594
0.649409 0.328344
0.739951 1.20055
0.244612 5.15105
0.586314 3.7822
-2.40566 -0.158177
-2.49424 0.118433
-2.5996 0.458674
-2.19731 0.51399
-2.23826 0.0744823
-2.01506 0.234478
-2.06988 -0.0335907
-1.7934 0.378341
-1.95673 0.461413
-1.83378 0.677915
-1.96838 0.877334
-2.22539 0.972022
-1.91316 1.20021
-2.16861 1.39594
-1.86252 1.56034
-2.02884 1.71309
-1.84334 1.9145
-2.05405 2.03499
-2.22561 1.73519
-2.31224 2.09864
-2.41433 1.74311
-2.34512 1.52597
-2.36532 1.3778
-2.40546 1.20453
-2.45398 2.41329
-2.44875 2.80107
-2.58834 2.97071
-2.39448 3.21272
-2.58078 3.32598
-2.76142 3.42298
-2.60631 3.61746
-2.77217 3.69666
-2.59858 3.89915
-2.81357 3.94362
-2.68689 4.23786
-3.03542 4.12179
-3.0261 3.67438
-3.3542 3.81555
-3.30101 3.45867
-3.51347 3.52857
-3.5797 3.68342
-3.54192 3.18182
-3.77219 2.97748
-3.63971 2.93381
-3.36334 4.18597
-3.13388 3.38429
-2.87735 3.53533
-3.15626 4.42508
-3.38344 4.44125
-3.26804 4.61031
-3.53822 4.61359
-3.2617 4.8451
-3.55812 4.91518
-3.81691 4.7389
-3.79477 5.01188
-3.58029 5.15222
-3.79003 5.20207
-3.36983 5.07199
-3.14981 5.08238
-2.95076 4.90122
-3.02497 4.65385
-2.66661 4.64676
-2.68353 5.02891
-2.95081 5.10599
-2.90536 5.28045
-3.07623 5.20403
-2.99992 5.52234
-2.73164 5.4406
-2.72635 5.62119
-2.69114 5.79969
-2.49729 5.68926
-2.44531 5.47741
-2.22032 5.64893
-2.41497 5.88313
-2.0491 5.83718
-2.1628 6.06722
-2.47737 6.09368
-2.63251 6.21409
-2.3589 6.27334
-2.62667 6.43297
-2.20995 6.51542
-2.42373 6.71961
-2.53375 6.91614
-2.21493 6.95528
-2.1016 6.74762
-1.93129 6.88931
-1.87853 6.71966
-1.97161 6.60597
-1.72567 6.51305
-1.69438 6.72441
-1.48532 6.54934
-1.45344 6.3531
-1.35159 6.40608
-1.20428 6.21518
-1.26943 6.49224
-1.0028 6.33944
-1.1737 6.60003
-1.44504 6.72252
-1.28432 6.81458
-1.50092 6.93956
-1.28324 6.96341
-1.79886 7.23465
-1.70734 6.93363
-1.88354 7.06452
-2.04275 7.05834
-1.94236 7.18192
-2.09553 7.16539
-2.19145 7.08184
-2.25367 7.14431
-2.18708 7.23262
-2.34922 7.07242
-2.48696 7.05424
-2.34092 7.30321
-2.03682 7.30754
-1.95762 7.2841
-2.06828 7.36675
-2.11614 7.39787
-2.18266 7.42457
-2.38585 7.46024
-2.27222 7.4469
-2.52002 7.46332
-2.48376 7.38848
-1.59585 7.2251
-1.37349 7.10185
-0.910069 6.84556
-1.07392 6.91182
-0.992982 6.88568
-0.963765 6.75683
-0.656734 6.6059
-0.80327 6.60061
-0.919508 6.61761
-1.08654 6.70878
-0.956662 6.51275
-0.794106 6.4879
-0.772796 6.29754
-0.803412 6.12207
-0.649395 6.06132
-0.704174 5.8708
-0.912352 5.95068
-0.719613 5.63159
-0.869581 5.63395
-0.709468 5.32573
-0.579982 5.39509
-0.518104 5.13189
-0.610248 5.01315
-0.775309 5.03345
-0.605912 4.75373
-0.732517 4.66984
-0.881845 4.85073
-0.84754 4.54337
-0.981069 4.72812
-0.964643 4.42174
-0.820322 4.17137
-0.708508 4.34188
-0.700447 4.1262
-0.692624 3.91347
-0.796754 3.74777
-0.667176 3.63197
-0.693791 3.34846
-0.857138 3.3896
-0.734596 2.96725
-0.869462 2.99363
-1.01098 3.2646
-0.948898 2.80685
-0.812448 2.57295
-0.99514 2.40059
-1.07833 2.84451
-1.17752 2.52196
-1.20768 2.89626
-1.34995 2.72151
-1.29899 3.18172
-1.47601 3.17384
-1.55968 2.67666
-1.45628 2.38688
-1.5905 2.30432
-1.49699 2.03054
-1.67295 2.07549
-1.80261 2.40036
-1.65187 1.78059
-1.50689 1.74223
-1.32807 1.7749
-1.31881 2.24219
-1.15087 2.09254
-1.13312 1.7903
-0.986994 1.90237
-0.851092 2.15178
-0.785945 1.75717
-0.979024 1.50671
-1.06179 1.68017
-1.15872 1.55155
-1.15147 1.20094
-0.955602 1.17459
-0.803868 1.31524
-1.03274 0.951224
-1.01094 0.69011
-1.22019 0.772998
-1.43217 1.04819
-1.4699 0.685636
-1.36084 0.427963
-1.58367 0.381669
-1.65288 0.601403
-1.71191 0.22346
-1.61104 0.818292
-1.71342 1.01305
-1.58359 1.43317
-1.32568 1.39781
-1.13244 0.39424
-1.03782 0.222012
-0.637719 1.45805
-0.596654 1.83749
-0.701079 2.17685
-0.543191 2.21572
-0.636961 2.56516
-0.555669 2.95421
-0.503367 2.54367
-0.387907 2.71639
-0.398971 2.2911
-0.445702 1.90637
-0.40989 3.15626
-0.560171 3.39723
-0.44976 3.59964
-0.585112 3.71606
-0.567994 4.03266
-0.414967 3.87637
-0.41847 4.20329
-0.587029 4.43
-0.482285 4.53763
-0.459732 4.80252
-0.34037 4.47303
-0.304093 4.7091
-0.376778 4.96618
-0.402235 5.27281
-0.220498 4.89537
-0.25961 5.16678
-0.142081 5.10556
-0.0535517 4.7935
-0.0656481 4.54913
-0.189752 4.55771
-0.0947762 4.28019
-0.213273 4.34606
-0.260592 4.52748
-0.266283 4.14816
-0.146427 4.05868
-0.206183 3.89207
-0.304052 3.90157
-0.22023 3.63592
-0.334027 3.66885
-0.291341 3.37169
-0.110281 3.73185
-0.0195007 3.93255
0.0517206 4.20034
0.0893803 3.87455
0.042696 3.75429
0.15382 3.98659
-0.286625 5.37913
-0.436579 5.61653
-0.563551 5.60794
-0.565084 5.82833
-0.591907 6.17087
-0.491739 1.55143
-0.531206 1.2189
-1.72576 3.08062
-1.93563 2.75265
-2.08413 2.4153
-2.12169 2.78393
-1.9604 3.08007
-2.08298 3.04853
-2.22403 3.03827
-2.05523 3.27837
-2.18077 3.4302
-2.36799 3.68992
-2.05515 3.77897
-2.1961 4.04191
-2.40898 4.11996
-2.20843 4.36468
-2.45628 4.40369
-2.35963 4.58678
-2.90381 4.43138
-2.326 4.85309
-2.16939 4.62282
-2.05272 4.75449
-2.05344 4.96121
-2.2379 5.06937
-2.42706 5.09949
-2.58269 5.27011
-2.30693 5.2488
-2.06824 5.37444
-2.09436 5.15794
-1.833 5.09547
-1.82052 4.78498
-1.61589 4.88997
-1.50836 5.11532
-1.75415 5.33881
-1.53993 5.47999
-1.88103 5.59304
-1.71733 5.8399
-1.94365 5.96431
-1.87876 6.09989
-2.05535 6.28623
-1.80204 6.30009
-1.95118 6.4547
-1.59459 6.27798
-1.63501 6.09283
-1.38785 6.07754
-1.4829 5.90606
-1.41346 5.68446
-1.30501 5.80752
-1.18167 5.52472
-1.33669 5.48965
-1.26089 5.24436
-1.00717 5.14338
-1.0957 4.94299
-1.26665 4.94315
-1.13529 4.61139
-0.985438 4.92347
-1.39049 4.74264
-1.26405 4.41118
-1.05313 3.97538
-1.35276 4.13795
-1.43534 4.4758
-1.62173 4.33583
-1.54236 3.93278
-1.78993 3.97124
-1.66265 3.60141
-1.88836 3.49081
-2.03368 3.51183
-1.99122 4.18123
-1.8144 4.31264
-1.93741 4.51631
-1.77325 4.44976
-1.73835 4.56049
-1.59243 4.64657
-1.58209 3.38232
-1.49605 3.58791
-1.3751 3.47576
-1.37171 3.78217
-1.25878 3.53792
-1.23246 3.83097
-1.13893 3.58406
-1.16094 3.22481
-0.93342 5.41684
-1.10539 5.81104
-2.30534 2.69532
-2.26251 2.47333
-0.630814 6.36289
-0.532882 6.3579
-0.563154 6.49036
-0.688426 6.51297
-0.742366 6.70725
-0.828076 6.78548
-1.22396 6.93481
-1.15105 6.92729
-1.50544 7.13976
-1.43657 7.15702
-1.51218 7.19875
-1.68305 7.23802
-1.87887 7.26133
-2.49076 0.959837
-2.44533 0.734158
-4.21827 3.52946
-3.15188 2.43542
-3.40414 -1.10191
-3.3214 -1.22942
-3.22805 -1.36043
-4.01181 -1.59991
-4.35526 -1.57656
-5.08976 -1.46518
-7.84882 2.14706
-8.0276 -0.547963
-6.07407 -1.96151
-6.20528 -1.83172
-6.37607 -1.92274
-6.52335 -1.82409
-6.74368 -1.81722
-6.71178 -1.70167
-6.92415 -1.71046
-5.99317 -2.04483
-5.74195 -2.09276
-5.94961 -2.10928
-7.68395 -1.50754
-7.89968 -1.32129
-2.71344 -2.20079
-2.20125 -2.24924
-2.40762 -2.27648
-2.58459 -2.29683
-4.57932 -2.30978
-4.78484 -2.29209
-4.90025 -2.29836
-5.10872 -2.25913
-5.45411 -2.2242
-4.67709 -2.29393
-4.49481 -2.20141
-0.220194 -1.26954
-0.138425 -1.69866
-6.62841 -1.76616
-1.32359 7.03781
