-6.60629 1.78161
-6.47073 2.35048
-6.26706 3.00265
-5.78719 4.42827
-5.68781 4.61462
-5.53952 4.85921
-5.36216 5.10041
-3.56213 7.19711
-3.35041 7.35083
-3.09964 7.44139
-2.78659 7.51437
-2.48194 7.53777
-2.28278 7.49772
-2.07319 7.45048
-1.56291 7.2875
-1.1473 6.91425
-0.491632 6.20119
0.602403 3.99033
0.752563 2.81155
0.772519 2.06352
0.771789 1.85365
0.746155 1.5053
0.668502 1.00743
0.653839 0.922297
0.36253 0.314629
0.290853 0.189421
0.149245 -0.04113
0.0603113 -0.172176
0.0102053 -0.245626
-0.182305 -0.49857
-0.214051 -0.539567
-0.435208 -0.747623
-0.544173 -0.845723
-0.757875 -1.01234
-0.94019 -1.10953
-1.13239 -1.19905
-1.49593 -1.33248
-1.81474 -1.42327
-1.99351 -1.46992
-2.15589 -1.51136
-2.95385 -1.69673
-3.15911 -1.73682
-3.27069 -1.74305
-3.46717 -1.74837
-3.62078 -1.75216
-4.53132 -1.75487
-4.70121 -1.75329
-4.8287 -1.74545
-4.98666 -1.73435
-5.38311 -1.66716
-5.56997 -1.62491
-5.70504 -1.57476
-5.77672 -1.53531
-5.94743 -1.43904
-6.11533 -1.30448
-6.20921 -1.21849
-6.35841 -1.06226
-6.43097 -0.978199
-6.53041 -0.815862
-6.56833 -0.746298
-6.6292 -0.627983
-6.75662 -0.350393
-6.78338 -0.241756
-6.7965 -0.155126
-6.81051 -0.000758976
-6.82713 0.200769
-6.82962 0.50189
-6.82337 0.757751
-6.78812 0.982112
