1.14164 -4.7955
1.13268 -4.73965
1.19952 -3.95769
1.27356 -3.1819
1.30398 -3.03495
1.34165 -2.89587
1.38538 -2.77133
1.46819 -2.55563
1.60194 -2.32786
2.44306 -0.984139
2.51613 -0.885084
2.93109 -0.385661
3.49522 0.279385
3.68968 0.447118
4.08355 0.781541
4.30915 0.880043
4.82468 1.05184
5.08462 1.07565
5.34038 1.09063
5.58847 1.04207
6.20393 0.693223
6.58537 -0.0033434
6.73137 -0.290858
7.04927 -0.998608
7.12609 -1.17252
7.25724 -1.50245
7.31112 -1.66173
7.91598 -3.9047
7.96325 -4.09726
8.20293 -5.25243
8.2614 -5.77341
8.27757 -5.97522
8.27882 -6.16101
8.27297 -6.30627
8.24707 -6.64621
8.23469 -6.75481
8.19657 -6.96129
8.12647 -7.21751
8.0822 -7.34737
8.01809 -7.48887
7.96924 -7.59586
7.93157 -7.64775
7.85397 -7.71402
7.49181 -7.90111
7.32858 -7.98335
7.22656 -8.03464
7.05909 -8.09002
6.86242 -8.13101
6.69702 -8.15956
6.54336 -8.16067
6.39154 -8.1543
6.29061 -8.14839
4.6625 -8.03683
4.31291 -8.01278
4.15685 -7.99496
4.00464 -7.97481
3.74559 -7.9337
3.50836 -7.88503
3.29751 -7.83738
3.06375 -7.76877
2.63571 -7.61204
2.43532 -7.51455
2.21591 -7.40592
2.07155 -7.3123
1.94025 -7.18928
1.87573 -7.11763
1.74945 -6.9399
1.66528 -6.78433
1.51056 -6.25134
1.17066 -4.94126
