-6.38461 -3.73627
-6.40656 -3.97848
-6.37313 -3.48439
-6.37353 -3.26196
-5.03501 1.70036
-5.15148 1.48626
-4.97787 1.61679
-5.05172 1.49429
-5.10394 1.33246
-5.25653 1.16014
-5.23942 1.04685
-5.16119 1.04709
-5.28582 0.830448
-5.36219 0.85528
-5.38393 0.646124
-5.34123 0.567911
-5.44919 0.447982
-5.48641 0.536656
-5.55785 0.241579
-5.45761 0.244759
-5.56619 -0.0023502
-5.4797 -0.0635514
-5.59424 -0.233053
-5.67718 -0.245525
-5.66757 -0.420714
-5.79847 -0.569656
-5.73937 -0.64081
-5.91899 -0.914371
-5.79913 -0.917493
-5.9125 -1.12078
-5.99473 -1.21345
-5.97293 -1.36893
-6.03956 -1.40759
-6.074 -1.34956
-6.11542 -1.62332
-6.15024 -1.55501
-6.20188 -1.877
-6.16061 -1.98166
-6.21213 -2.17516
-6.24938 -2.16092
-6.24638 -1.96539
-6.19616 -1.68508
-6.22019 -1.70877
-6.25344 -1.8725
-6.27832 -2.26509
-6.27761 -2.19776
-6.28456 -2.27503
-6.28455 -2.27511
-6.29137 -2.28235
-6.31462 -2.52216
-6.33011 -2.77375
-6.35583 -3.02112
-6.33283 -2.93438
-6.29575 -2.60269
-6.28896 -2.28216
-6.28301 -2.43037
-6.27724 -2.32601
-6.2844 -2.50954
-6.26755 -2.42664
-6.29777 -2.76121
-6.26563 -2.6584
-6.24222 -2.39754
-6.20756 -2.3608
-6.23076 -2.67572
-6.2491 -2.90393
-6.28997 -3.01051
-6.25296 -3.20293
-6.28412 -3.35215
-6.25005 -3.52551
-6.29168 -3.68575
-6.25664 -3.72538
-6.25638 -3.88961
-6.30009 -4.01274
-6.3289 -3.79467
-6.34456 -4.09935
-6.31694 -4.23895
-6.36115 -4.31774
-6.32804 -4.47958
-6.41837 -4.51904
-6.40201 -4.24797
-6.40372 -5.83599
-6.37578 -6.08354
-6.38801 -6.20782
-6.38421 -6.37827
-6.41247 -6.30918
-6.34328 -6.45216
-6.33104 -6.35994
-6.30907 -6.23629
-6.2589 -6.38609
-6.23045 -6.46244
-6.13309 -6.45719
-6.04546 -6.55994
-6.21212 -6.53857
-6.29563 -6.50446
-6.1691 -6.55122
-6.15651 -6.52417
-6.03626 -6.55216
-6.07863 -6.51402
-6.20173 -6.47618
-6.09267 -6.49099
-6.20302 -6.43962
-6.07744 -6.42096
-5.92708 -6.48856
-5.9623 -6.39717
-5.75833 -6.42859
-5.91877 -6.30757
-6.06085 -6.33999
-5.77959 -6.26932
-5.49047 -6.19499
-5.63591 -6.23064
-5.69862 -6.30522
-5.4798 -6.39419
-5.52863 -6.49774
-5.7394 -6.51356
-5.61756 -6.5439
-5.79818 -6.55247
-5.95538 -6.53883
-5.79369 -6.59889
-5.95571 -6.56229
-5.85737 -6.62171
-5.90164 -6.62179
-6.0656 -6.57624
-5.97245 -6.6161
-5.89525 -6.62827
-5.84398 -6.61715
-5.94631 -6.53078
-5.73391 -6.61128
-5.66767 -6.69145
-5.75028 -6.67207
-5.60219 -6.70945
-5.66454 -6.68527
-5.81839 -6.65423
-5.78053 -6.66195
-5.7356 -6.66039
-5.5554 -6.72325
-5.42914 -6.74579
-5.38584 -6.72812
-5.42583 -6.68217
-5.64547 -6.66241
-5.51576 -6.65863
-5.38018 -6.65485
-5.21672 -6.69781
-5.14048 -6.65734
-5.26563 -6.60541
-5.47069 -6.58525
-5.26675 -6.56534
-5.44287 -6.5413
-5.66564 -6.58281
-5.58937 -6.63385
-5.28534 -6.51368
-5.05323 -6.54853
-5.03503 -6.59242
-4.79083 -6.57293
-4.71948 -6.64144
-4.96631 -6.64724
-4.95667 -6.70475
-4.67022 -6.71519
-4.85819 -6.76807
-5.11853 -6.75211
-5.27678 -6.71454
-5.26635 -6.75283
-5.14733 -6.78503
-5.33694 -6.78496
-5.51115 -6.7341
-5.53985 -6.72512
-5.38581 -6.72293
-5.54045 -6.64906
-5.66366 -6.57569
-5.75593 -6.54266
-5.86548 -6.50739
-5.74846 -6.46747
-5.92292 -6.41961
-6.03042 -6.43689
-6.04391 -6.32796
-6.19315 -6.2998
-6.13588 -6.13894
-6.27853 -6.0744
-6.40118 -5.95027
-6.30152 -5.89622
-6.35542 -5.79591
-6.41145 -5.719
-6.3497 -5.62214
-6.27559 -5.75203
-6.23709 -5.55161
-6.38025 -5.32076
-6.40529 -5.58669
-6.39952 -5.45401
-6.38709 -4.93139
-6.41026 -4.73452
-6.38165 -5.10482
-6.34304 -4.92251
-6.30537 -4.72443
-6.25835 -4.53415
-6.26959 -4.28164
-6.20297 -4.41113
-6.21423 -4.19418
-6.25257 -4.09705
-6.21777 -3.94692
-6.23372 -3.72324
-6.18271 -3.7058
-6.21772 -3.49087
-6.23479 -3.36787
-6.20764 -3.21866
-6.21409 -2.91763
-6.14286 -2.94081
-6.16332 -2.5377
-6.10501 -2.66619
-6.05396 -2.41802
-6.09213 -2.20859
-6.14257 -2.13495
-6.10754 -1.81244
-6.05905 -1.93489
-6.02126 -1.65662
-6.05394 -1.56892
-5.91175 -1.49474
-5.85022 -1.1957
-5.79105 -1.25896
-5.829 -1.4841
-5.90511 -1.748
-5.82628 -1.76321
-5.91601 -1.96668
-5.88171 -2.12843
-5.96561 -2.20793
-6.00011 -2.03167
-5.96219 -2.53696
-6.06121 -2.77612
-5.99781 -3.01812
-6.08473 -3.09855
-6.14614 -3.36368
-6.05972 -3.39371
-6.1177 -3.66609
-6.04083 -3.83481
-6.14938 -4.00216
-6.09353 -4.29466
-6.1626 -4.3055
-6.17733 -4.5709
-6.10302 -4.63685
-6.16499 -4.89442
-6.24107 -4.73298
-6.27123 -4.93674
-6.21721 -5.02739
-6.27211 -5.14106
-6.34023 -5.10756
-6.23855 -5.31141
-6.1557 -5.1331
-6.13518 -5.40492
-6.02808 -5.23976
-6.05042 -4.91156
-5.95794 -5.08356
-5.90616 -4.82888
-6.00286 -4.48516
-5.87062 -4.43601
-5.93508 -4.0746
-6.02371 -4.17884
-5.91843 -3.64323
-5.9696 -3.35943
-5.89042 -3.33595
-5.90813 -3.15205
-5.93714 -3.10012
-5.89942 -2.86307
-5.83305 -3.08488
-5.78572 -2.76564
-5.80918 -2.40504
-5.76644 -1.96733
-5.67966 -2.11474
-5.67451 -2.52244
-5.58893 -2.20034
-5.52175 -2.45764
-5.59612 -2.7655
-5.47177 -2.79651
-5.58387 -3.0778
-5.71192 -2.97768
-5.68839 -3.21415
-5.64416 -3.38908
-5.51946 -3.30047
-5.52302 -3.56149
-5.37938 -3.38713
-5.41516 -3.09474
-5.17987 -3.17292
-5.31159 -2.80946
-5.3924 -2.56004
-5.20978 -2.43754
-5.36896 -2.28559
-5.44895 -2.08301
-5.32902 -2.02436
-5.31831 -1.6998
-5.54158 -1.84431
-5.44962 -1.51728
-5.58323 -1.5351
-5.46396 -1.29723
-5.57442 -1.24626
-5.39684 -0.96869
-5.56645 -0.962039
-5.69798 -1.22904
-5.66116 -1.33777
-5.73405 -1.47514
-5.6533 -1.43887
-5.71003 -1.65306
-5.66131 -1.81118
-5.67255 -0.988859
-5.73082 -1.12773
-5.75078 -1.05109
-5.68876 -0.8283
-5.68809 -0.682083
-5.60651 -0.582778
-5.57561 -0.742789
-5.47734 -0.445803
-5.51937 -0.335237
-5.62205 -0.425702
-5.39476 -0.108704
-5.3699 0.104951
-5.36716 0.283318
-5.2972 0.293263
-5.25237 0.524022
-5.19871 0.811013
-5.11845 0.730727
-5.06526 1.02461
-5.03995 1.22377
-4.92935 1.25731
-4.9448 0.931884
-4.78168 1.24377
-4.78197 1.03986
-4.8425 0.836148
-4.97604 0.62763
-5.07058 0.631964
-5.10576 0.419597
-5.03754 0.295192
-5.22827 0.127456
-5.19742 0.412322
-5.29742 0.156978
-5.31549 -0.234336
-5.16636 -0.0197784
-5.18517 -0.272602
-5.06503 0.0398832
-4.88418 0.266488
-4.82875 0.603614
-4.74968 0.507975
-4.64251 0.708903
-4.68379 0.948961
-4.49807 0.976929
-4.50739 1.19615
-4.64222 1.22244
-4.47613 1.44135
-4.63109 1.47142
-4.77106 1.52141
-4.5916 1.74932
-4.71755 1.70612
-4.80006 1.6585
-4.69565 1.81326
-4.86774 1.65552
-4.93126 1.45314
-4.98818 1.51118
-4.797 1.87206
-4.55364 2.07244
-4.62447 2.12363
-4.74531 2.1085
-4.90368 1.91293
-3.9657 2.74232
-3.75242 2.82354
-4.05049 2.57912
-3.73297 2.66766
-3.96723 2.49836
-3.85043 2.45908
-3.64001 2.54064
-3.78478 2.41803
-3.69291 2.35825
-3.51388 2.49639
-3.48779 2.36486
-3.6328 2.20503
-3.80701 2.17911
-3.79597 2.00044
-3.95548 2.07444
-3.93711 2.2699
-4.10418 2.05963
-4.10095 1.85323
-4.27398 1.90494
-4.25576 1.78176
-4.36695 1.68315
-4.25338 1.68629
-4.32964 1.54911
-4.34657 1.38174
-4.18102 1.57139
-4.22396 1.36424
-4.3529 1.19885
-4.18395 1.23428
-4.05061 1.44949
-3.97476 1.26817
-4.14973 1.07374
-4.31978 1.01898
-4.24207 0.817389
-4.46266 0.755293
-4.41841 0.537894
-4.65433 0.415479
-4.53147 0.304735
-4.676 0.106689
-4.84968 0.0337429
-4.81316 -0.194205
-4.66253 -0.077061
-4.71308 -0.314689
-4.5549 -0.121063
-4.56096 -0.388549
-4.39551 -0.155904
-4.43105 0.0515409
-4.53865 0.104858
-4.36996 0.282491
-4.30639 0.0798023
-4.14421 0.248571
-4.21372 0.545118
-3.97395 0.535117
-4.07622 0.74712
-3.99991 0.98881
-3.89078 0.803297
-3.81964 0.983917
-3.77711 1.20799
-3.81703 1.37051
-3.80672 1.54646
-3.67641 1.45425
-3.58098 1.64869
-3.56815 1.87399
-3.92435 1.72044
-3.54889 2.09534
-3.29447 2.18783
-3.20151 2.0112
-3.36046 1.77915
-3.12548 1.87983
-3.19578 1.68852
-3.45614 1.56939
-3.32523 1.47348
-3.08254 1.55037
-3.23373 1.40426
-3.11138 1.32404
-2.83551 1.49149
-2.91051 1.29199
-3.03258 1.16872
-3.23712 1.11213
-3.04469 0.992681
-2.82033 1.14814
-2.80256 0.937954
-2.59969 1.09293
-2.54261 0.926275
-2.33304 1.13733
-2.222 0.930386
-1.95319 1.20149
-1.83276 0.907477
-1.63287 1.1431
-1.60109 1.41255
-1.95614 1.47412
-2.16842 1.32841
-2.23912 1.47785
-2.07993 1.69249
-2.38605 1.59191
-2.33462 1.75416
-2.57584 1.66061
-2.47796 1.86218
-2.805 1.73308
-2.65106 1.98608
-2.95374 1.84735
-2.88861 2.06391
-2.54212 2.19583
-2.75211 2.22747
-2.93827 2.26911
-2.60611 2.38589
-2.72799 2.53832
-3.04837 2.43955
-3.28961 2.38359
-3.4514 2.24171
-3.3356 2.52753
-3.11946 2.5707
-3.188 2.68233
-3.38784 2.67252
-3.0854 2.8347
-3.31738 2.82503
-3.51543 2.70633
-3.49788 2.82066
-3.59484 2.91537
-3.32494 2.96383
-3.43463 3.01324
-3.27537 3.11121
-2.77576 3.23272
-2.46579 3.26598
-2.32693 3.33155
-2.34235 3.20097
-2.13945 3.28375
-2.14345 3.40393
-1.55154 3.45619
-1.38391 3.43478
-1.48506 3.33717
-1.27993 3.32151
-1.40987 3.2513
-1.29712 3.16629
-1.09017 3.1938
-1.07626 3.46509
-1.22696 3.42131
-0.989304 3.46184
-0.910928 3.43799
-0.465669 3.40955
-0.301444 3.37726
-0.421659 3.28568
-0.27853 3.23197
-0.345778 3.17507
-0.55076 3.18393
-0.303319 3.05661
-0.427026 2.96845
-0.232426 2.90416
-0.0937448 2.97621
-0.0615988 2.83133
0.0710711 2.90679
0.0699611 2.77015
0.19798 2.8073
0.15131 2.65791
-0.0137043 2.63604
0.200733 2.45797
0.0593643 2.30558
0.242542 2.15958
0.347784 2.24422
0.403461 2.00189
0.491968 2.12147
0.560665 1.879
0.663133 1.92555
0.719996 1.58586
0.498941 1.72659
0.577015 1.41107
0.403708 1.59692
0.385583 1.36273
0.548817 1.18448
0.463682 1.0802
0.643612 0.899131
0.688246 1.14026
0.892395 0.921823
0.828248 0.6162
0.986064 0.613246
0.964144 0.454854
0.904449 0.301646
0.745155 0.447205
0.671923 0.640507
0.588132 0.471356
0.757272 0.175426
0.623864 0.106452
0.750895 -0.179718
0.967751 -0.0991148
0.905149 -0.634106
1.14887 -0.453848
1.18089 -0.9128
1.00477 -1.09349
1.16976 -1.33823
0.95314 -1.4841
0.802035 -1.10223
0.638548 -1.49194
0.60477 -1.12044
0.663408 -0.777392
0.689755 -0.453606
0.556461 -0.499766
0.548006 -0.158895
0.333872 -0.403359
0.49546 -0.688803
0.35874 -0.832914
0.520158 -0.911462
0.424849 -1.12109
0.219457 -1.08862
0.113953 -0.762184
-0.117778 -1.25221
0.293139 -1.45155
-0.0231624 -1.735
0.236158 -1.84011
0.062552 -2.07867
0.395727 -2.16438
0.130901 -2.4241
-0.112041 -2.3025
-0.111309 -2.64828
0.168704 -2.73535
0.405218 -2.64662
0.323679 -2.98852
0.0902286 -2.98326
0.248702 -3.2604
0.0554256 -3.18718
-0.1677 -3.06072
-0.457389 -2.71427
-0.508906 -3.08347
-0.267714 -3.3756
-0.535018 -3.34645
-0.758071 -3.16041
-0.812531 -2.80234
-0.998128 -2.99908
-1.0499 -2.78539
-1.23625 -2.81372
-1.08845 -2.51182
-1.41352 -2.4898
-1.4904 -2.72524
-1.3901 -2.99858
-1.68615 -2.80659
-1.69239 -2.49298
-1.96352 -2.50941
-1.98973 -2.75559
-1.76301 -3.0248
-1.51978 -3.14517
-1.62182 -3.2709
-1.41956 -3.4586
-1.63104 -3.52228
-1.82556 -3.2306
-1.90054 -3.50377
-1.69939 -3.88884
-2.0508 -3.81797
-2.17525 -3.45199
-2.12465 -3.14544
-2.4308 -3.18843
-2.43788 -3.65457
-2.61728 -3.31469
-2.77029 -3.07419
-2.58865 -2.84076
-2.83042 -2.84373
-3.09005 -2.92177
-2.98254 -3.16259
-3.2121 -3.32555
-2.85076 -3.42851
-3.17772 -3.74388
-2.77659 -3.84886
-3.04943 -4.17024
-2.66982 -4.19121
-2.87412 -4.3558
-2.79062 -4.55056
-2.40335 -4.37498
-2.51621 -4.68486
-2.05748 -4.55238
-2.47381 -4.93719
-2.94664 -4.95166
-2.78579 -5.17672
-2.49625 -5.19462
-2.73217 -5.30594
-2.65232 -5.41935
-2.25344 -5.29618
-2.091 -4.99785
-1.89069 -5.19866
-2.00418 -5.42032
-2.37733 -5.51028
-2.15868 -5.57931
-2.43375 -5.68034
-2.72408 -5.62205
-2.94793 -5.55516
-2.98299 -5.39124
-3.2423 -5.5762
-3.06431 -5.72728
-3.4133 -5.73319
-3.24147 -5.82866
-3.01564 -5.83917
-3.11592 -5.92147
-3.49395 -5.89176
-3.22749 -5.99834
-3.45385 -6.01066
-3.17412 -6.09692
-2.84568 -6.03289
-2.85292 -6.13271
-2.8984 -6.228
-3.37432 -6.2072
-3.10214 -6.34662
-2.788 -6.33394
-2.66774 -6.43245
-3.00356 -6.48385
-2.72525 -6.56868
-3.05891 -6.56784
-3.24678 -6.50482
-3.38159 -6.56118
-3.14538 -6.61991
-3.46453 -6.63832
-3.19705 -6.68033
-2.9116 -6.67532
-2.96954 -6.72382
-2.64831 -6.71909
-2.73213 -6.73504
-2.93126 -6.73824
-3.18132 -6.74657
-3.00646 -6.71479
-3.24745 -6.72998
-2.9134 -6.69627
-3.15026 -6.705
-2.83535 -6.66899
-2.74455 -6.68102
-2.61199 -6.67989
-2.71487 -6.68509
-2.57804 -6.7105
-2.80299 -6.70569
-2.49659 -6.7578
-2.36622 -6.72436
-2.39134 -6.68746
-2.2356 -6.69854
-2.16703 -6.66419
-2.04428 -6.6928
-1.86327 -6.6422
-2.07666 -6.60166
-2.38597 -6.63386
-2.14127 -6.52245
-1.81502 -6.56117
-1.80807 -6.51881
-1.4576 -6.51348
-1.09796 -6.50687
-1.53196 -6.57612
-1.33938 -6.60371
-1.08726 -6.5859
-0.845076 -6.55517
-0.741138 -6.49242
-0.39974 -6.48084
-0.0878086 -6.45672
0.18368 -6.42443
0.224119 -6.45979
0.407681 -6.39072
0.582464 -6.35911
0.712097 -6.32131
0.806849 -6.27961
0.875885 -6.22208
0.931755 -6.15169
0.956847 -6.06781
1.04694 -5.97911
1.21588 -6.00313
1.19319 -6.1021
1.07846 -6.17839
1.2645 -6.14061
1.40156 -6.09125
1.47859 -6.00398
1.60917 -6.05014
1.71857 -5.94335
1.71234 -5.88692
1.50644 -5.84714
1.74701 -5.77907
1.68364 -5.67417
1.96804 -5.62738
1.82153 -5.54881
2.00831 -5.43971
2.23983 -5.434
2.22023 -5.57503
2.06678 -5.68475
2.1439 -5.73971
1.92658 -5.77473
1.9184 -5.87733
2.10339 -5.86639
1.87352 -5.94798
2.04473 -5.94712
1.81998 -6.02655
1.96593 -5.98971
1.72993 -6.11294
1.90478 -6.03342
1.72963 -6.12989
1.45597 -6.2507
1.50066 -6.18686
1.29079 -6.27066
1.31544 -6.2135
1.07721 -6.26567
1.2289 -6.1903
0.966296 -6.24718
0.92976 -6.3231
1.47399 -6.14919
1.41556 -6.13036
1.64227 -6.11605
1.09926 -6.32742
0.790379 -6.3625
0.905626 -6.38521
0.70437 -6.44081
0.498017 -6.48375
0.745951 -6.48034
0.615584 -6.49673
0.405632 -6.50376
0.227559 -6.54285
0.271941 -6.54889
0.434741 -6.52561
0.310196 -6.53969
0.451218 -6.515
0.351335 -6.49981
0.603735 -6.47294
0.533884 -6.40527
0.300382 -6.44293
0.114413 -6.50827
0.180504 -6.56253
0.0203094 -6.58382
-0.116264 -6.52976
-0.163318 -6.5982
-0.279542 -6.5648
-0.372818 -6.58737
-0.308788 -6.6144
-0.443683 -6.60514
-0.604934 -6.59317
-0.484131 -6.55262
-0.660772 -6.56415
-0.714629 -6.54723
-0.508595 -6.49848
-0.643636 -6.46511
-0.926267 -6.47531
-0.970662 -6.56357
-1.20475 -6.53821
-1.16411 -6.60055
-1.42886 -6.59371
-1.44836 -6.5258
-1.65472 -6.56933
-1.63596 -6.46161
-1.81963 -6.52843
-1.90145 -6.43997
-1.99321 -6.53039
-1.91266 -6.60225
-2.13546 -6.55624
-2.21513 -6.43253
-2.39169 -6.55173
-2.20226 -6.65138
-2.47252 -6.63608
-2.41934 -6.68663
-2.18615 -6.70296
-2.37367 -6.74134
-2.19476 -6.73941
-2.29486 -6.75937
-2.10735 -6.7218
-2.21103 -6.73123
-1.87631 -6.70772
-1.99322 -6.72014
-1.81104 -6.71295
-1.82005 -6.70799
-1.92881 -6.67803
-1.70225 -6.66629
-1.67656 -6.63615
-1.41958 -6.64691
-1.65132 -6.68958
-1.44875 -6.68309
-1.69279 -6.7087
-1.66611 -6.68583
-1.4892 -6.65964
-1.65388 -6.67667
-1.6112 -6.65068
-1.21799 -6.63895
-1.79593 -6.67925
-1.2194 -6.65861
-1.17766 -6.66281
-1.00617 -6.63047
-0.868197 -6.62654
-1.09857 -6.62428
-0.864545 -6.59394
-0.573836 -6.62081
-0.763976 -6.6196
-0.569462 -6.61425
-0.405868 -6.60906
-0.324326 -6.58574
-0.466939 -6.56594
-0.690028 -6.57583
-0.523804 -6.53158
-0.940001 -6.60442
-0.798989 -6.62016
-0.236706 -6.52628
-0.307651 -6.50551
0.0969396 -6.51476
-0.062727 -6.55679
-0.214503 -6.60612
0.0667968 -6.59028
-0.383847 -6.62279
-2.66761 -6.65222
-2.89387 -6.61463
-2.52986 -6.31404
-2.16684 -6.28443
-2.51358 -6.15417
-2.01733 -6.12451
-2.31542 -6.02828
-2.54515 -6.04606
-2.53226 -5.968
-2.79542 -5.90654
-2.42839 -5.83685
-2.78945 -5.78244
-2.97496 -5.79132
-2.07783 -5.70202
-2.06694 -5.84534
-2.27425 -5.92805
-2.02801 -5.96809
-1.73815 -5.86516
-1.8334 -5.7572
-1.54961 -5.73485
-1.72416 -5.64284
-1.88373 -5.55202
-1.56682 -5.49197
-1.78078 -5.44958
-1.67818 -5.33315
-1.28625 -5.30299
-1.55907 -5.13266
-1.75568 -5.00317
-1.4962 -4.90893
-1.74322 -4.77835
-1.66804 -4.53598
-1.69145 -4.28216
-1.90729 -4.14423
-1.42193 -4.14423
-1.39579 -3.79929
-1.10492 -4.0766
-1.18742 -4.4104
-1.47381 -4.40586
-1.41365 -4.65873
-1.07194 -4.7117
-1.2527 -4.84889
-1.24763 -5.04808
-1.02352 -4.92901
-0.876354 -5.16436
-0.665115 -4.87402
-0.867154 -4.56177
-0.659365 -4.63161
-0.654067 -4.44135
-0.92402 -4.3315
-0.753754 -4.19357
-0.884541 -3.9598
-1.11819 -3.70063
-0.781326 -3.79222
-0.946291 -3.47896
-1.25681 -3.32528
-1.13386 -3.14985
-0.919466 -3.25232
-0.709045 -3.43112
-0.656203 -3.65472
-0.39842 -3.61838
-0.423022 -3.89115
-0.615125 -4.03069
-0.341528 -4.11456
-0.465539 -4.22793
-0.557638 -4.3201
-0.33465 -4.44884
-0.163686 -4.30041
0.00920391 -4.52278
-0.0915656 -4.71911
-0.434861 -4.67096
-0.214402 -4.96205
-0.372066 -5.0671
-0.162938 -5.2412
0.0075779 -5.13809
0.195378 -5.30552
0.0368176 -5.44569
0.275186 -5.55178
0.029336 -5.61305
-0.230561 -5.46478
-0.256069 -5.66794
-0.000874043 -5.77818
-0.252913 -5.82794
-0.0561552 -5.88485
-0.180684 -5.91346
-0.370121 -5.94882
-0.595475 -5.83069
-0.408947 -5.75302
-0.582117 -5.66796
-0.892154 -5.74654
-1.01786 -5.88682
-0.715748 -5.98247
-0.966457 -5.9856
-1.1734 -5.99897
-0.946712 -6.09906
-1.29312 -6.09341
-1.23676 -6.2493
-0.778763 -6.24092
-0.910508 -6.34776
-1.16486 -6.39746
-1.1823 -6.47571
-1.30437 -6.43471
-1.31599 -6.49764
-1.43286 -6.46409
-1.42619 -6.38894
-1.7506 -6.30519
-1.59202 -6.13495
-1.73985 -6.00137
-1.45695 -6.01229
-1.53514 -5.92756
-1.35673 -5.83044
-1.31956 -5.92852
-1.11378 -5.78894
-1.20325 -5.69028
-1.44374 -5.61554
-1.20787 -5.51949
-0.898 -5.59265
-0.904756 -5.4157
-0.555037 -5.37553
-0.489709 -5.17642
-0.348857 -5.31877
-0.445592 -5.54047
-0.665381 -5.523
-0.671251 -6.40477
-0.698604 -6.32558
-0.463658 -6.31748
-0.440526 -6.12613
-0.143278 -6.25015
-0.0751529 -6.13153
-0.0992408 -5.99768
0.159916 -6.0666
0.180664 -5.90237
0.474021 -5.99658
0.435249 -5.83701
0.258756 -5.73805
0.540106 -5.68021
0.497672 -5.45115
0.739001 -5.54291
0.705674 -5.32465
0.44512 -5.20519
0.154488 -5.00965
0.428349 -4.9458
0.207432 -4.7352
0.438513 -4.64011
0.21508 -4.56957
0.152023 -4.40014
0.385166 -4.27441
-0.0376701 -4.11301
0.196861 -3.92304
-0.137725 -3.85583
-0.0561314 -3.65941
0.0459933 -3.4064
0.185794 -3.66993
0.283186 -3.52276
0.410494 -3.7419
0.487148 -3.44169
0.419916 -3.20215
0.591772 -3.07427
0.713554 -3.4234
0.855717 -3.23431
0.832049 -2.88487
0.64437 -2.70769
0.578125 -2.44242
0.653802 -2.2187
0.636521 -1.91815
0.443432 -1.77405
0.497819 -1.30079
0.81977 -1.76644
0.865304 -2.09404
0.990919 -1.8379
1.20093 -1.75213
1.11522 -2.08282
1.31257 -2.07698
1.25708 -2.38325
1.02752 -2.34776
0.810955 -2.48475
1.08589 -2.70133
1.03372 -3.08054
1.25163 -3.02192
1.16199 -3.26948
1.02615 -3.34043
1.15688 -3.54368
1.34926 -3.34554
1.33074 -3.62148
1.24573 -3.82216
1.40122 -3.78869
1.38084 -4.02109
1.55917 -3.86188
1.53551 -4.19995
1.3259 -4.32078
1.4902 -4.51286
1.2783 -4.6597
1.4662 -4.82877
1.64352 -4.65488
1.62736 -4.87418
1.54542 -5.09333
1.34757 -5.05421
1.38984 -5.24264
1.21448 -5.262
1.34642 -5.39827
1.52574 -5.35125
1.42708 -5.5498
1.1878 -5.52647
1.26382 -5.70097
1.44306 -5.70621
1.34278 -5.84056
1.55099 -5.79432
1.47397 -5.90785
1.33617 -5.95719
1.16471 -5.96514
1.23308 -6.06116
1.00556 -6.11321
1.13272 -6.15267
0.973657 -6.2576
0.82219 -6.22231
0.742913 -6.31765
0.621887 -6.2514
0.778772 -6.38246
0.34735 -6.29823
0.541153 -6.15154
0.313437 -6.16196
0.219035 -6.242
0.102298 -6.19587
0.0934062 -6.3023
-0.131896 -6.40683
0.151175 -6.40901
0.694116 -6.04313
0.732588 -5.94203
0.657776 -5.84199
0.88553 -5.84067
0.812995 -5.70991
1.04122 -5.70672
0.953178 -5.56752
0.87138 -5.44327
1.03038 -5.39544
0.89414 -5.30351
0.805156 -5.09496
0.613436 -5.11206
0.621778 -4.92123
0.76764 -4.77523
0.638534 -4.49871
0.879478 -4.50917
0.675869 -4.29434
0.556461 -4.03526
0.884129 -4.13485
0.716385 -3.74952
1.01433 -3.82232
1.16674 -4.0943
1.10754 -4.40509
1.08469 -4.66235
0.973208 -4.77487
1.1518 -4.9383
1.31421 -4.88263
0.950602 -4.96025
1.01538 -5.17333
0.915063 -3.53306
1.10921 -5.84369
0.915209 -5.98347
0.771348 -6.12816
1.01893 -6.32031
0.84098 -6.40935
0.73833 -6.47714
0.595164 -6.49641
0.78921 -6.4712
0.875524 -6.46484
1.02951 -6.42754
0.925647 -6.41344
1.16516 -6.34463
1.05792 -6.34582
1.29173 -6.27643
1.18356 -6.27565
1.23728 -6.25168
1.14758 -6.26024
1.346 -6.16435
1.17406 -6.19668
1.27072 -6.12981
1.42464 -6.02592
1.59452 -6.03842
1.64984 -5.90352
1.80285 -5.92774
1.86792 -5.81251
1.72195 -5.75914
1.63041 -5.64078
1.87743 -5.62836
1.754 -5.52141
1.61457 -5.48071
1.73919 -5.40065
1.64219 -5.37488
1.72739 -5.23332
1.73372 -4.98627
1.90359 -5.03692
1.93005 -5.22261
1.82433 -5.32715
1.91274 -5.41408
2.1353 -5.24939
2.0914 -5.02822
2.30048 -4.98112
2.32933 -5.20995
2.22731 -5.34629
2.32762 -5.39659
2.47407 -5.22012
2.46579 -5.01009
2.60561 -5.02296
2.57398 -5.24775
2.4633 -5.36789
2.54073 -5.42865
2.64934 -5.31445
2.6996 -5.10583
2.77622 -5.1412
2.79727 -5.22473
2.70674 -5.3743
2.57946 -5.53963
2.55729 -5.4643
2.45543 -5.5534
2.38327 -5.68639
2.46129 -5.69054
2.56093 -5.63085
2.55675 -5.61711
2.38215 -5.76485
2.52459 -5.66217
2.3904 -5.76385
2.44855 -5.72655
2.32632 -5.80699
2.23767 -5.88017
2.16609 -5.90801
2.25006 -5.83056
2.07993 -5.9422
2.16873 -5.89718
2.34709 -5.78165
2.40872 -5.74061
2.49956 -5.66579
2.52881 -5.64635
2.64009 -5.583
2.62921 -5.57443
2.65909 -5.53669
2.74453 -5.48837
2.77137 -5.42147
2.66269 -5.48634
2.8463 -5.28484
2.89004 -5.33034
2.9271 -5.17351
2.89974 -5.15577
2.8722 -5.08371
2.92939 -5.04808
2.91892 -4.93502
2.838 -4.94933
2.92073 -4.81346
2.85674 -4.71262
2.78464 -4.80402
2.78342 -4.63253
2.68545 -4.77074
2.72603 -4.93312
2.56378 -4.84292
2.59483 -4.65863
2.46065 -4.75556
2.3429 -4.78099
2.21851 -4.80671
2.34544 -4.57217
2.13762 -4.61715
2.0349 -4.84424
1.95509 -4.68255
1.88102 -4.86931
1.77777 -4.77204
1.83882 -4.53392
1.68592 -4.37438
1.89948 -4.24994
1.72345 -4.06857
1.89545 -3.94012
1.73829 -3.75268
1.62212 -3.59426
1.47584 -3.59216
1.56092 -3.34099
1.46583 -3.04026
1.36913 -2.71474
1.5563 -2.77868
1.66316 -3.08101
1.74471 -2.74773
1.56563 -2.52934
1.48718 -2.62137
1.4328 -2.49828
1.45625 -2.27911
1.6679 -2.30655
1.49408 -1.90542
1.68896 -2.03376
1.72907 -1.76834
1.49742 -1.50529
1.33857 -1.54794
1.33539 -1.25105
1.45753 -1.23884
1.38053 -1.00349
1.34219 -0.668422
1.4836 -0.915496
1.50037 -1.11897
1.60558 -1.14649
1.59078 -1.35809
1.74199 -1.41962
1.93117 -1.70169
1.96347 -2.08968
2.11333 -2.07055
2.11758 -2.40294
2.23689 -2.40008
2.257 -2.68673
2.34589 -2.64988
2.38463 -2.93449
2.40848 -2.80742
2.51422 -2.96739
2.50227 -3.23947
2.39428 -3.18407
2.47232 -3.42217
2.56881 -3.53231
2.52475 -3.65649
2.60947 -3.80163
2.5191 -3.88862
2.41893 -3.6107
2.38986 -3.8053
2.43013 -4.00964
2.31331 -3.93225
2.38157 -4.22936
2.22683 -4.10297
2.20715 -4.35073
2.53486 -4.43233
2.51565 -4.14854
2.65667 -4.14381
2.70061 -4.48572
2.74609 -4.30317
2.81492 -4.42116
2.84885 -4.57373
2.88458 -4.49938
2.86934 -4.26855
2.78837 -4.14056
2.84253 -4.05303
2.79529 -3.88161
2.71895 -3.88773
2.72168 -3.64022
2.64721 -3.6595
2.6284 -3.37456
2.73385 -3.38903
2.65052 -3.08485
2.56102 -2.80078
2.49516 -2.77092
2.42674 -2.66469
2.48428 -2.62303
2.41555 -2.40081
2.32636 -2.40532
2.30375 -2.12496
2.23464 -2.19634
2.19145 -1.98857
2.09996 -1.71878
2.22175 -1.83578
2.1783 -1.59157
2.05763 -1.3687
1.9541 -1.44471
1.83866 -1.39222
1.83276 -1.19423
1.71927 -1.16834
1.69344 -0.914723
1.59968 -0.956146
1.52187 -0.694208
1.63618 -0.637514
1.51224 -0.419938
1.40977 -0.457194
1.29595 -0.366987
1.21399 -0.100188
1.38329 -0.235361
1.3603 0.0245712
1.23793 0.187065
1.0765 0.174702
1.01221 0.333649
1.09295 0.402753
1.22204 0.395671
1.11825 0.651296
1.3122 0.502698
1.34005 0.230484
1.42377 0.271735
1.47131 0.0560364
1.31774 0.15267
1.50034 -0.183617
1.6321 -0.186015
1.523 0.139041
1.61475 0.126599
1.45631 0.417259
1.54918 0.455628
1.43418 0.658424
1.32167 0.755041
1.20781 0.770241
1.17742 0.990402
1.07472 0.951126
0.936672 1.18059
0.783162 1.26584
0.842218 1.35421
0.909333 1.4005
0.853402 1.69388
1.01602 1.41417
1.04438 1.18726
1.12669 1.20669
1.25349 1.0805
1.13152 1.37412
1.2552 1.32005
1.10752 1.56449
1.00514 1.62985
0.998533 1.82794
0.893797 1.8584
0.755055 2.02011
0.588018 2.21443
0.688019 2.29002
0.534 2.43195
0.404026 2.4114
0.461418 2.5685
0.291505 2.60571
0.339008 2.73297
0.282749 2.94917
0.188358 3.03148
0.253528 3.11959
0.136987 3.07849
0.129259 3.02358
0.0525904 3.26174
-0.104932 3.32842
-0.145889 3.21563
-0.172184 3.11609
0.17633 3.14119
0.874605 2.53008
0.726339 2.65721
0.799997 2.49294
0.69547 2.51522
0.810385 2.39578
0.752665 2.35715
0.89926 2.23925
0.904576 2.36704
1.04615 2.16876
0.998513 2.37027
1.11712 2.20018
1.3868 1.80868
1.22868 2.02623
1.276 1.88417
1.29688 1.73025
1.1481 1.91914
1.22369 1.67498
1.36411 1.47657
1.29746 1.42796
1.41336 1.29259
1.44307 1.05213
1.35991 1.02916
1.4625 0.783937
1.59683 0.592973
1.72566 0.133217
1.76384 0.316038
1.63943 0.748461
1.79279 0.425428
1.92473 0.0396203
1.89308 -0.109693
2.0431 -0.381569
2.09784 -0.296992
2.16487 -0.602596
2.24328 -0.600543
2.26809 -0.90827
2.14234 -0.792494
2.27872 -1.16358
2.15954 -1.10907
2.27364 -1.39896
2.35947 -1.46836
2.33958 -1.62318
2.41562 -1.7384
2.37103 -1.85165
2.27158 -1.65671
2.31167 -1.91948
2.40482 -2.13048
2.47408 -2.03578
2.5308 -2.44741
2.57502 -2.17626
2.64372 -2.47796
2.6658 -2.8093
2.71681 -2.73267
2.76612 -2.95243
2.79722 -2.85489
2.84482 -3.20299
2.7623 -3.17516
2.8567 -3.37232
2.86532 -3.57306
2.89776 -3.78054
2.85537 -3.76604
2.79102 -3.64956
2.85122 -3.85864
2.89448 -4.02849
2.90321 -4.13968
2.92468 -3.90017
2.92248 -4.25148
2.93655 -4.34648
2.96094 -4.4744
2.91815 -4.37395
2.98449 -4.63054
2.99087 -4.7885
2.9968 -4.93604
2.97218 -5.03477
2.96175 -5.12432
2.73476 -5.28753
2.62697 -5.25816
2.4891 -5.39059
2.51105 -5.23511
2.41121 -5.29971
2.20827 -5.31344
2.3657 -5.21042
2.20562 -5.20469
2.01527 -5.30916
2.02913 -5.22333
1.84415 -5.28201
1.16623 -5.80229
1.30615 -5.63187
1.43465 -5.70533
1.48838 -5.56965
1.47056 -5.48642
1.6533 -5.3682
1.79801 -5.42564
1.6073 -5.47849
1.63678 -5.56348
1.27288 -5.86751
2.85795 -3.02419
2.85865 -2.84634
2.8362 -2.84642
2.8234 -2.66241
2.73315 -2.56366
2.78161 -2.4683
2.71267 -2.37107
2.66899 -2.37145
2.62094 -2.24296
2.65804 -2.19494
2.60717 -2.08871
2.62756 -2.00583
2.6048 -1.91657
2.57766 -1.96038
2.5936 -2.11692
2.59792 -2.13469
2.51233 -1.85121
2.53304 -1.57924
2.44809 -1.58704
2.39571 -1.27967
2.45687 -1.25668
2.35202 -0.974894
2.43271 -1.02833
2.35615 -0.738478
2.252 -0.434055
2.1303 -0.232045
2.18054 -0.166086
2.04149 0.128949
2.01848 -0.00568062
1.91161 0.283374
1.8857 0.50124
1.77854 0.599389
1.7798 0.699937
1.6686 0.938523
1.52204 1.0968
1.50479 1.25615
1.58024 1.24242
1.44634 1.47581
1.51273 1.48131
1.39597 1.65698
1.45077 1.71415
1.51407 1.59982
1.79427 0.980715
1.71555 1.09016
1.73889 0.94781
1.66345 1.0834
1.79851 0.762628
1.8195 0.83378
1.90987 0.653819
1.98325 0.380152
1.96492 0.514356
2.02387 0.37809
2.10299 0.115435
2.13684 0.0945596
2.20833 -0.140201
2.29866 -0.448778
2.30427 -0.334529
2.42364 -0.552922
2.39876 -0.762181
2.40626 -0.900577
2.48052 -1.03404
2.4383 -0.820759
2.5179 -0.942752
2.62035 -1.16123
2.57021 -1.00997
2.64283 -1.31183
2.63448 -1.4002
2.65579 -1.45637
2.67507 -1.59701
2.70617 -1.81215
2.76332 -2.01919
2.82226 -2.22067
2.74762 -2.24634
2.68174 -2.01631
2.63377 -1.8053
2.85042 -2.41548
2.83391 -2.54388
2.54054 -0.861939
2.49185 -0.714472
2.47656 -0.737494
2.45585 -0.634169
2.36957 -0.463872
2.31038 -0.295889
2.22348 -0.102538
2.26413 -0.122845
2.20284 0.0135856
2.15693 0.0747253
2.08684 0.234176
2.15176 0.139186
1.85884 0.820737
2.6123 -1.55886
2.59554 -1.72071
2.56855 -1.50971
2.53038 -1.37055
2.55425 -1.32194
2.49023 -1.20255
1.6513 1.20484
1.63624 1.35892
1.57632 1.47934
2.62148 -5.4578
2.39111 -5.57547
2.51646 -5.58595
2.3197 -5.72872
2.42686 -5.68996
2.59703 -5.58961
2.70789 -5.50201
2.72717 -5.51895
2.84966 -5.40161
2.96874 -5.23077
2.91811 -5.27153
2.83255 -5.28729
2.97464 -5.18599
2.25537 -5.83949
2.94357 -5.06935
2.82729 -3.50318
2.7947 -3.41781
2.17696 -1.36649
2.02986 -1.04269
2.05928 -0.821467
1.91652 -0.603355
1.88505 -0.821657
1.95219 -1.10358
1.9282 -1.23314
1.8366 -0.965317
1.74321 -0.648737
1.72729 -0.793948
1.62527 -0.3975
1.69177 -0.409948
1.77625 -0.486623
1.76636 -0.215508
1.87004 -0.262448
1.99387 -0.50216
1.66287 -0.32691
1.36844 0.864272
1.15777 1.63269
1.08072 1.86455
0.935995 2.07899
0.844162 2.06712
0.811313 2.2411
0.617148 2.45981
1.02432 2.05558
0.568803 2.58759
0.464491 2.73178
0.604794 2.65273
0.578505 2.77016
0.427607 2.86163
2.06593 -4.11215
2.15097 -3.84921
2.00855 -3.81556
2.03281 -3.5408
1.88632 -3.61439
1.86729 -3.20845
1.73133 -3.42723
2.06042 -3.20269
1.94829 -2.87825
1.8749 -2.53224
1.8262 -2.18642
1.98978 -2.43608
2.01047 -2.69668
2.13562 -2.75059
2.06996 -2.9264
2.18839 -3.12355
2.24247 -3.55105
2.33873 -3.31738
2.27832 -2.99933
2.02731 -4.4312
1.97365 -6.00687
2.06033 -5.96671
1.84626 -6.07763
1.62117 -6.18415
1.59902 -6.19985
1.39242 -6.29802
1.51874 -6.23666
1.36162 -6.29812
1.19925 -6.33236
1.15771 -6.36269
0.953213 -6.43486
1.12034 -6.3903
1.29077 -6.32196
1.43146 -6.24381
1.71052 -6.13785
1.54514 -6.17568
1.39023 -6.19853
1.6512 -6.11648
1.51705 -6.1296
1.36914 -6.19333
1.73423 -6.03428
1.86754 -6.01129
1.91374 -5.91229
1.9748 -5.84757
2.11088 -5.81801
2.09609 -5.70978
2.12514 -5.4853
2.2591 -5.56835
2.28316 -5.67091
2.39171 -5.50684
2.22768 -5.76794
2.12833 -5.86021
2.23171 -5.83134
2.01723 -5.95532
2.01584 -5.91133
1.803 -6.06961
1.98611 -5.99549
1.8447 -6.08136
2.03394 -5.97693
2.18935 -5.89667
-0.442531 -6.43335
-0.315361 -6.50496
-2.14709 -4.14993
-2.23157 -3.92095
-2.38393 -4.04621
-2.54733 -3.93789
-2.00458 -6.36596
0.205833 -6.57208
-6.32607 -6.39042
-6.22066 -6.37613
-5.27137 -6.16067
-5.02983 -6.17516
-5.03128 -6.22509
-5.10097 -6.30653
-5.3112 -6.32023
-5.19495 -6.41056
-5.309 -6.4574
-5.05663 -6.48284
-4.86919 -6.40234
-4.7844 -6.47943
-4.49059 -6.45373
-4.57666 -6.37905
-4.76641 -6.31166
-4.92951 -6.29752
-4.83012 -6.18308
-4.60985 -6.27673
-4.63475 -6.21082
-4.44782 -6.24778
-4.27038 -6.29566
-4.40788 -6.32837
-4.36005 -6.40822
-4.18296 -6.37179
-4.17709 -6.44366
-4.14888 -6.47701
-4.37708 -6.52048
-4.6306 -6.50559
-4.62263 -6.54597
-4.8316 -6.52627
-4.44941 -6.58702
-4.14279 -6.55101
-4.1013 -6.60888
-4.3894 -6.62301
-4.47689 -6.67527
-4.21758 -6.66333
-4.3804 -6.71228
-4.61363 -6.74614
-4.49281 -6.75173
-4.64276 -6.77723
-4.77432 -6.78051
-4.93688 -6.81613
-5.10575 -6.82065
-4.93487 -6.82166
-4.78578 -6.79762
-4.7914 -6.79917
-5.03569 -6.7669
-4.87747 -6.69552
-4.64458 -6.72898
-4.56786 -6.78682
-4.37037 -6.76181
-4.35621 -6.79028
-4.60666 -6.79228
-4.45094 -6.78092
-4.62747 -6.77925
-4.45903 -6.76923
-4.15996 -6.77376
-4.334 -6.73911
-4.1346 -6.71551
-4.05963 -6.68385
-3.92223 -6.69095
-3.77776 -6.66354
-3.90749 -6.63798
-3.61045 -6.621
-3.48661 -6.66215
-3.23311 -6.58665
-3.11807 -6.65281
-2.97196 -6.60557
-2.85359 -6.56926
-2.67451 -6.61333
-2.45375 -6.52461
-4.10169 -6.35023
-3.93923 -6.3904
-3.76426 -6.40072
-3.28383 -6.49009
-3.53138 -6.45272
-3.58326 -6.53747
-3.84224 -6.54826
-3.93131 -6.49355
-4.151 -6.51451
-3.75753 -6.59487
-3.49507 -6.56868
-3.02943 -6.54521
-3.02247 -6.51539
-2.74656 -6.52179
-2.62853 -6.65735
-3.46807 -6.70464
-3.70916 -6.69042
-3.7063 -6.7101
-3.90148 -6.71675
-3.73868 -6.73779
-3.89696 -6.78042
-4.09601 -6.79196
-4.16266 -6.78605
-3.86897 -6.79591
-4.06632 -6.74897
-4.21099 -6.6926
-4.46919 -6.68058
-4.25311 -6.60646
-4.52582 -6.60186
-4.70033 -6.64448
-4.66984 -6.53488
-4.91455 -6.56449
-4.77199 -6.47468
-4.8994 -6.43312
-5.04904 -6.47179
-5.03445 -6.36625
-5.21692 -6.43744
-5.15353 -6.55283
-5.31033 -6.52095
-5.29491 -6.62271
-5.49558 -6.55119
-5.39033 -6.45106
-5.56059 -6.38586
-5.74646 -6.34221
-5.88819 -6.33891
-5.82942 -6.25255
-5.97627 -6.18631
-5.82258 -6.11828
-5.94472 -5.97786
-6.07012 -6.026
-6.19003 -5.90482
-6.0828 -5.71347
-6.19331 -5.73049
-6.01723 -5.47324
-5.93036 -5.55274
-5.93833 -5.30773
-5.82448 -5.35103
-5.88402 -5.12166
-5.79675 -5.03891
-5.77268 -4.71447
-5.67166 -4.93502
-5.66367 -5.25927
-5.53707 -5.08873
-5.50617 -5.31197
-5.53587 -5.52835
-5.40643 -5.44361
-5.34985 -5.6626
-5.49236 -5.77276
-5.62366 -5.69275
-5.63412 -5.86617
-5.48869 -5.97298
-5.6518 -6.05139
-5.78765 -5.93064
-5.74505 -5.73838
-5.89225 -5.77185
-5.81936 -5.59643
-5.70114 -5.53116
-5.66294 -6.23253
-5.49236 -6.1413
-5.48363 -6.26893
-5.36217 -6.34516
-5.33984 -6.22239
-5.1937 -6.30506
-5.17876 -6.16269
-5.33669 -6.07493
-5.31943 -5.88711
-5.19133 -6.0188
-5.14597 -5.87965
-5.2501 -5.79255
-5.17521 -5.69756
-5.25425 -5.47158
-5.04944 -5.51812
-5.14562 -5.24032
-5.37015 -5.21883
-5.24682 -4.96242
-5.41656 -4.93203
-5.55013 -4.83208
-5.46052 -4.72897
-5.53456 -4.62196
-5.64037 -4.64847
-5.56657 -4.36837
-5.72581 -4.39847
-5.78736 -4.09777
-5.64743 -4.10705
-5.69054 -3.7531
-5.83363 -3.80245
-5.79064 -3.40622
-5.51782 -3.89409
-5.38144 -3.68138
-5.3943 -3.8935
-5.40091 -4.15991
-5.24058 -3.86541
-5.2049 -4.18157
-5.2727 -4.44142
-5.11856 -4.3803
-5.00133 -4.04421
-4.95165 -4.51219
-5.15781 -4.67048
-5.02128 -4.92818
-5.33047 -4.71541
-5.43131 -4.51005
-4.86683 -4.76897
-4.75177 -4.54441
-4.68486 -4.12844
-4.49952 -4.43092
-4.69668 -4.77599
-4.41537 -4.80592
-4.70458 -5.0138
-4.59613 -5.1656
-4.87409 -5.25079
-4.8482 -4.96955
-4.65462 -5.42703
-4.42431 -5.30854
-4.38459 -5.09138
-4.23054 -5.17106
-4.14557 -4.93059
-4.08226 -4.65002
-4.05432 -4.26717
-3.84295 -4.47208
-3.86736 -4.72625
-3.47042 -4.47428
-3.67943 -4.2312
-3.39369 -4.08798
-3.59602 -3.85984
-3.90626 -3.71122
-4.29796 -3.95587
-4.11606 -3.43239
-4.45642 -3.6963
-4.39912 -3.30726
-4.74475 -3.59271
-5.05569 -3.58296
-5.24583 -3.53224
-4.91673 -3.26716
-4.93312 -2.91096
-5.12927 -2.77483
-4.96333 -2.527
-5.03703 -2.27428
-5.12288 -2.11405
-5.25481 -2.15298
-5.19861 -1.91646
-5.05406 -1.89413
-5.05864 -1.65308
-5.11741 -1.36037
-5.30053 -1.24566
-5.11154 -1.08275
-5.16221 -0.815643
-5.25142 -0.609913
-5.40912 -0.610678
-5.03864 -0.35737
-5.01503 -0.0573378
-4.91071 -0.561618
-5.00205 -0.876235
-4.82053 -0.803835
-4.92943 -1.11672
-4.65412 -1.02324
-4.79045 -1.29292
-4.5611 -1.39323
-4.81936 -1.57361
-4.95149 -1.39232
-4.91163 -1.79548
-4.78636 -1.7569
-4.78874 -1.90919
-4.61958 -1.79449
-4.68622 -1.99513
-4.56631 -2.18222
-4.35164 -1.95316
-4.351 -1.65184
-4.2303 -1.37626
-4.40153 -1.11618
-4.13206 -1.03879
-4.41119 -0.793539
-4.61842 -0.68153
-4.47136 -0.545816
-4.73324 -0.551644
-4.41618 -0.375536
-4.33201 -0.516105
-4.29768 -0.307599
-4.17812 -0.110303
-4.15988 -0.435007
-3.93327 -0.324655
-3.98475 0.0312366
-3.93704 0.272588
-3.77537 0.0980071
-3.86362 -0.0898167
-3.69812 -0.218606
-3.55934 -0.0190615
-3.523 0.211756
-3.73924 0.386473
-3.41384 0.487233
-3.70566 0.64716
-3.66468 0.88243
-3.45061 0.753941
-3.49338 0.894978
-3.49297 1.03988
-3.68468 1.0573
-3.5903 1.18644
-3.54652 1.36189
-3.37465 1.27079
-3.30207 0.91313
-3.02535 0.712875
-3.08311 0.409937
-2.76514 0.454685
-2.89202 0.135436
-3.25777 0.257093
-3.2846 -0.00223432
-3.02095 -0.157954
-3.20154 -0.262735
-3.42742 -0.250805
-3.226 -0.504478
-2.97229 -0.425337
-2.97936 -0.699833
-2.63315 -0.667904
-2.69379 -0.241803
-2.38796 -0.38085
-2.27884 -0.605649
-2.31971 -0.874894
-2.55341 -0.96275
-2.80522 -1.00888
-2.4163 -1.18953
-2.71216 -1.39867
-2.38036 -1.50325
-2.50161 -1.7138
-2.78171 -1.63321
-2.97769 -1.42982
-3.03526 -1.62766
-2.66064 -1.91616
-2.9849 -1.95535
-2.6494 -2.22321
-2.98132 -2.30815
-3.1906 -2.04575
-3.22941 -1.85091
-3.20047 -1.70576
-3.41549 -1.63975
-3.42341 -1.88334
-3.66428 -1.60875
-3.63885 -1.34535
-3.88964 -1.31227
-3.85812 -1.08144
-3.96883 -0.739227
-4.20831 -0.69275
-3.63024 -1.02469
-3.78445 -0.657019
-3.71796 -0.488996
-3.48894 -0.548004
-3.60269 -0.747497
-3.42733 -0.822913
-3.4602 -0.972705
-3.27009 -1.24694
-3.3663 -1.4359
-3.29677 -1.01543
-3.05488 -1.16901
-3.1974 -0.830011
-4.05851 -1.31127
-3.95276 -1.56269
-4.13643 -1.63998
-3.98539 -1.84437
-3.71282 -1.92497
-3.89295 -2.08612
-3.75288 -2.29778
-3.97356 -2.29327
-4.11357 -2.0818
-4.16064 -2.36385
-4.0151 -2.63532
-4.41832 -2.56535
-4.31429 -2.93512
-4.64325 -3.043
-4.73009 -2.64892
-4.62067 -2.44565
-4.76583 -2.36614
-4.90181 -2.26288
-4.77573 -2.12323
-4.94449 -2.04395
-4.3171 -2.23124
-4.09408 -3.0851
-3.85369 -2.89088
-3.92057 -3.14814
-4.04647 -3.22442
-3.76925 -3.30124
-3.65988 -2.9744
-3.44731 -3.11953
-3.39499 -2.82673
-3.60474 -2.62559
-3.21733 -2.57806
-3.39672 -2.23345
-2.88079 -2.64871
-2.60522 -2.53165
-2.27143 -2.79582
-2.29096 -2.46362
-2.40611 -2.18388
-2.17502 -2.28625
-1.94624 -2.23934
-2.26175 -2.01125
-1.93465 -1.94707
-2.17321 -1.71854
-1.85667 -1.65257
-2.04923 -1.3915
-1.7148 -1.38996
-1.51329 -1.55573
-1.69443 -1.83979
-1.49643 -1.8475
-1.23247 -1.6792
-1.37369 -1.97298
-1.6169 -2.13938
-1.29065 -2.20388
-1.17135 -1.94157
-0.993096 -2.10982
-0.714053 -2.35264
-0.366143 -2.34925
-0.482021 -2.07793
-0.67899 -1.91689
-0.354486 -1.75285
-0.226009 -2.04304
-0.544227 -1.50706
-0.908826 -1.70668
-0.732226 -1.32379
-0.975985 -1.43208
-1.14172 -1.24672
-0.869266 -1.18224
-0.870668 -0.8852
-1.09235 -0.957071
-1.2117 -1.08264
-1.41536 -1.17759
-1.22845 -0.941365
-1.40283 -0.862114
-1.71576 -1.11777
-1.67689 -0.788316
-2.02635 -1.02188
-1.95647 -0.646279
-1.62101 -0.497128
-1.70568 -0.240946
-2.07372 -0.358834
-1.92441 -0.0505959
-2.20352 -0.154344
-2.4157 -0.169436
-2.30807 -0.0478367
-2.48681 0.0185303
-2.47031 0.314368
-2.13722 0.138129
-2.12042 0.453864
-1.80622 0.398262
-1.85955 0.166423
-1.62307 0.174541
-1.46995 0.56945
-1.34016 0.339257
-1.35626 0.0323412
-1.0756 0.384996
-1.11914 0.032425
-1.25876 -0.185676
-1.44768 -0.279691
-1.35461 -0.497544
-1.07545 -0.220097
-1.06202 -0.626818
-0.83684 -0.207328
-0.714818 -0.459029
-0.627573 -0.720524
-0.660793 -0.999005
-0.475602 -0.782727
-0.469201 -0.475575
-0.211084 -0.618842
-0.31073 -0.14766
-0.530446 -0.151426
-0.676515 -0.181212
-0.65287 0.0577305
-0.402158 0.219545
-0.617263 0.446439
-0.324101 0.620159
-0.467209 0.840566
-0.778303 0.730656
-0.833268 0.430315
-0.881627 0.137998
-1.12024 0.81278
-0.815643 1.08086
-1.02042 1.15335
-1.21524 1.10891
-1.17875 1.40798
-1.39698 1.21051
-1.45535 0.933138
-1.44747 1.69125
-1.75802 1.65028
-1.77524 1.89119
-2.16035 1.90555
-1.98357 2.06682
-2.32567 2.08646
-1.98783 2.23866
-2.23848 2.27481
-2.51491 2.09447
-2.2823 2.41788
-2.34452 2.61842
-1.90448 2.59632
-2.01935 2.39398
-1.66326 2.39465
-1.68036 2.14533
-1.33011 2.22106
-1.3792 1.96531
-1.03646 2.002
-1.10476 1.72649
-0.769807 1.69192
-0.956092 1.55187
-0.872879 1.37149
-0.631467 1.35773
-0.565721 1.08138
-0.431053 1.32789
-0.440638 1.61367
-0.255247 1.42852
-0.334585 1.15332
-0.124418 1.23754
-0.211684 0.949038
0.0118108 1.02797
-0.0628672 0.698425
0.134453 0.805477
0.119929 0.564348
-0.0092473 0.315697
-0.198312 0.42804
-0.198905 0.164715
-0.0822296 -0.0988302
0.143783 -0.0110987
0.064857 -0.375373
0.343296 0.0961551
0.189656 0.321985
0.329452 0.563314
0.488951 0.222458
0.479784 0.816858
0.256826 1.07177
0.592663 0.719793
0.051898 1.28057
0.152788 1.49836
-0.0590482 1.49734
-0.0162344 1.77331
-0.206999 1.71456
-0.187109 2.03384
-0.363556 1.91654
-0.551632 1.87577
-0.750796 2.04436
-0.531439 2.09903
-0.727532 2.29598
-0.998483 2.2971
-0.879521 2.43837
-1.07484 2.58278
-1.29601 2.44021
-1.45867 2.62343
-1.26035 2.82844
-1.6084 2.82226
-1.97051 2.83964
-1.68404 2.94566
-1.7699 3.05803
-2.16721 3.01263
-2.36058 2.81255
-2.54651 2.69639
-2.7002 2.68538
-2.88535 2.63601
-2.74225 2.77892
-2.94771 2.76675
-2.75898 2.85865
-2.74665 2.95111
-2.91302 2.98307
-3.0996 2.96903
-2.89128 3.08962
-3.07191 3.13328
-2.91599 3.17381
-2.60805 3.2139
-2.74224 3.07129
-2.55335 3.12435
-2.41899 3.05883
-2.15285 3.16008
-1.91676 3.16731
-1.93805 3.25709
-1.77058 3.2389
-1.7048 3.18752
-1.56243 3.15458
-1.44075 3.03504
-1.41259 3.19137
-1.15386 3.00832
-0.945141 2.81489
-0.891016 3.00559
-0.664838 2.785
-0.646096 3.0027
-0.49786 2.85192
-0.430795 2.62544
-0.560759 2.55457
-0.451994 2.4658
-0.320226 2.34845
-0.205613 2.56785
-0.115535 2.29332
-0.373168 2.14327
-0.522635 2.34694
0.00735521 2.04283
-0.0651555 2.45925
0.149327 2.03793
0.147353 1.81154
0.300276 1.85408
0.278863 1.63048
-0.179268 2.77634
-0.33254 2.80312
-0.758465 2.5514
-0.848122 3.20934
-0.835497 3.41568
-0.579186 3.3496
-0.620325 3.45969
-0.715158 3.47588
-1.57939 3.24232
-1.71368 3.33351
-1.93868 3.36778
-1.74091 3.45639
-1.95695 3.47098
-2.55095 2.90403
-2.58199 2.78353
-1.23841 0.526932
-1.64283 0.742153
-1.85651 0.640224
-1.6739 0.599145
-2.14868 0.69281
-2.36127 0.527593
-2.54406 0.688459
-2.53578 0.490085
-0.45155 -1.0847
-1.98511 -2.97639
-2.34897 -2.97011
-3.55558 -3.46666
-3.38714 -3.58162
-4.18116 -1.82457
-2.73604 0.807123
-3.06328 -4.46323
-3.21078 -4.72989
-3.38367 -4.99776
-3.37705 -5.2069
-3.09238 -5.23656
-3.34739 -5.41076
-3.726 -5.42873
-3.56988 -5.59011
-3.82278 -5.61369
-3.71746 -5.7399
-3.87378 -5.85794
-3.97971 -5.71401
-4.11277 -5.8197
-4.22914 -5.66826
-4.31921 -5.86536
-4.07252 -5.95876
-4.33697 -6.01996
-4.13561 -6.06764
-3.89586 -6.06774
-4.0384 -6.15055
-4.29377 -6.13713
-4.19614 -6.22681
-4.4505 -6.22899
-4.3478 -6.33733
-4.60866 -6.31939
-4.57351 -6.42524
-4.74566 -6.39453
-4.82771 -6.31302
-4.65427 -6.23459
-4.80022 -6.17078
-5.00833 -6.24086
-4.98395 -6.04202
-4.75164 -6.05444
-4.80658 -5.9305
-4.96732 -5.7892
-4.73447 -5.78189
-4.83349 -5.57958
-4.64956 -5.627
-4.44698 -5.53705
-4.50756 -5.7468
-4.11315 -5.37525
-3.99688 -5.56792
-3.71963 -5.17009
-3.98242 -5.08316
-3.65786 -4.87847
-3.9271 -4.9135
-4.58206 -5.94135
-4.5587 -6.11853
-4.33926 -6.43577
-4.43623 -6.5205
-4.15589 -6.50004
-3.81919 -6.5666
-4.01989 -6.65228
-3.75579 -6.67262
-3.97233 -6.6941
-3.73013 -6.7303
-3.46963 -6.70118
-3.42381 -6.72754
-3.24177 -6.7021
-3.50512 -6.77505
-3.6108 -6.76505
-3.43537 -6.72392
-3.88848 -6.44992
-4.1068 -6.39155
-3.76636 -6.34149
-4.07654 -6.30241
-3.92085 -6.23546
-3.65778 -6.24603
-3.74828 -6.16157
-3.57246 -6.08989
-3.74159 -5.9841
-3.46514 -6.30045
-3.42684 -6.3755
-3.2615 -6.43763
-3.54435 -6.46398
-5.54303 -4.13064
-5.40361 -6.66395
-5.26532 -6.70332
-5.22254 -6.78111
-5.16412 -6.73911
-5.10611 -6.67742
-3.01591 1.70726
-2.6026 1.50403
-2.71313 1.34581
-2.48611 1.41399
-2.58472 1.24602
-2.38072 1.30306
-2.47729 1.19406
-4.50368 1.62983
-4.43405 1.79346
-4.40512 1.96518
-4.53545 1.97602
-4.38599 2.1525
-4.34237 2.26886
-4.45425 2.26802
-4.27513 2.39767
-4.37339 2.46061
-4.57336 2.30196
-4.15013 2.40256
-4.17158 2.61188
-4.22039 2.29927
-4.0508 2.37548
-4.20295 2.15955
-6.38694 -5.21454
-5.98094 -1.77146
-5.90197 -6.6314
-6.31823 -3.50099
-6.32223 -3.18681
-6.02141 -0.895773
-5.95017 -0.563321
-5.96906 -0.768116
-5.90188 -0.376959
-5.78608 -0.172054
-5.69077 0.0707421
-5.66012 0.0477378
-5.73932 -0.200069
-5.62542 -0.0187009
-5.81345 -0.431499
-5.83884 -0.390609
-5.6453 0.221666
-5.61003 0.401679
-5.29208 1.25413
-5.40131 0.99345
-5.46712 0.775921
-5.53936 0.577834
-6.01056 -0.986359
-6.07359 -1.03701
-6.07545 -1.17552
-6.13431 -1.21044
-6.11753 -1.34875
-6.15773 -1.45465
-6.15524 -1.37759
-6.1849 -1.55487
-6.01559 -1.12725
-6.27439 -2.04579
