-6.27439 -2.04579
-6.25344 -1.8725
-6.13431 -1.21044
-5.90188 -0.376959
-5.40131 0.99345
-5.29208 1.25413
-5.03501 1.70036
-4.90368 1.91293
-4.74531 2.1085
-4.57336 2.30196
-4.37339 2.46061
-4.17158 2.61188
-3.9657 2.74232
-3.27537 3.11121
-1.95695 3.47098
-0.715158 3.47588
-0.620325 3.45969
-0.104932 3.32842
0.0525904 3.26174
0.253528 3.11959
0.874605 2.53008
0.998513 2.37027
1.11712 2.20018
1.3868 1.80868
1.45077 1.71415
1.51407 1.59982
1.57632 1.47934
1.63624 1.35892
2.26413 -0.122845
2.49185 -0.714472
2.54054 -0.861939
2.62035 -1.16123
2.82226 -2.22067
2.85042 -2.41548
2.98449 -4.63054
2.99087 -4.7885
2.9968 -4.93604
2.97464 -5.18599
2.96874 -5.23077
2.84966 -5.40161
2.72717 -5.51895
2.44855 -5.72655
2.23767 -5.88017
1.8447 -6.08136
1.59902 -6.19985
1.39242 -6.29802
1.02951 -6.42754
0.875524 -6.46484
0.205833 -6.57208
0.0667968 -6.59028
-0.383847 -6.62279
-2.29486 -6.75937
-4.93487 -6.82166
-5.10575 -6.82065
-5.33694 -6.78496
-5.97245 -6.6161
-6.21212 -6.53857
-6.29563 -6.50446
-6.34328 -6.45216
-6.38421 -6.37827
-6.41247 -6.30918
-6.41837 -4.51904
-6.40656 -3.97848
-6.37353 -3.26196
-6.35583 -3.02112
-6.31462 -2.52216
