-1.1389 -0.171899
-1.1713 0.404153
-0.466847 2.18611
-0.376693 2.39321
-0.276385 2.59704
-0.0482864 2.98751
0.375319 3.66085
0.542886 3.91005
0.720586 4.16334
0.938082 4.39099
1.29732 4.6518
1.42025 4.70611
1.54591 4.73682
2.17114 4.86317
2.44922 4.90946
2.74663 4.8698
3.84584 4.24247
4.05494 4.04312
5.51263 1.37166
5.65882 1.09244
5.87887 0.477868
5.96264 0.158311
5.98283 0.0309954
5.99923 -0.0920685
6.01527 -0.21868
6.15858 -1.46753
6.17883 -2.27739
6.10048 -3.1727
6.08097 -3.29943
5.98916 -3.4492
5.92965 -3.54232
5.81506 -3.61417
5.67351 -3.65754
5.53658 -3.69854
5.4158 -3.71488
2.72097 -4.07626
2.32711 -4.11905
1.86941 -4.16755
1.51869 -4.1787
1.28184 -4.17851
1.10336 -4.1776
1.04523 -4.16534
0.896193 -4.13205
0.604902 -4.00699
0.201885 -3.74749
0.0209684 -3.62275
-0.0899038 -3.51782
-0.1458 -3.44946
-0.281404 -3.2685
-0.395508 -3.04859
-0.544178 -2.73524
-0.756824 -2.27264
-0.862098 -2.01747
-1.02455 -1.59077
-1.04353 -1.44947
-1.09137 -0.860879
