3.38742 8.6919
3.58175 9.12789
3.91261 9.53698
4.12586 9.68896
4.5651 9.97513
4.76739 10.105
4.99082 10.1966
5.89162 10.2843
6.11578 10.205
6.51549 9.93086
6.91786 9.64718
7.08685 9.48228
7.22893 9.30717
7.36105 9.1403
7.5976 8.82264
7.68893 8.6765
7.74689 8.56125
7.89766 8.18717
8.92979 5.42224
8.9879 5.23526
9.04308 4.97044
9.14349 4.36484
9.15183 4.22193
9.07397 3.59167
9.03426 3.40467
8.96213 3.12298
8.91738 2.9951
8.84518 2.83303
8.77441 2.67909
8.70583 2.54612
8.65763 2.45774
8.53273 2.33631
8.50324 2.32181
8.42868 2.28978
4.3227 0.794523
4.09028 0.727028
3.87055 0.703838
3.7008 0.713283
3.55387 0.736893
3.3582 0.809702
3.1584 0.906238
2.98203 1.0126
2.81924 1.12725
2.69194 1.23416
2.55252 1.36306
2.42279 1.48996
2.2939 1.61742
2.04645 1.87171
1.63792 2.42928
1.55367 2.56783
1.31555 3.05332
1.2902 3.18639
1.25127 3.49457
1.33454 3.87307
1.38452 4.03985
1.44802 4.19018
