-0.550484 -9.0078
-0.372609 -9.04788
-0.194243 -9.09727
-0.036036 -9.1301
-0.172502 -9.23125
0.0007267 -9.19981
-0.11104 -9.36026
0.207618 -9.10713
0.0948968 -9.13165
0.229509 -9.05225
0.265698 -8.85027
0.257927 -8.9658
0.22927 -9.02987
0.245594 -8.71853
0.172987 -9.00569
0.143494 -8.90592
0.0755973 -9.18047
0.0380936 -9.004
-0.0265965 -9.17534
-0.0812998 -9.07199
-0.140663 -9.28905
-0.190497 -9.13911
-0.274242 -9.27238
-0.304639 -9.10044
-0.162179 -8.92651
-0.319788 -8.89595
-0.209104 -8.70067
-0.355376 -8.68453
-0.437525 -8.85391
-0.504782 -8.70282
-0.544761 -8.89633
-0.676841 -8.79878
-0.647469 -9.03583
-0.475482 -9.07484
-0.644662 -9.25816
-0.512514 -9.25456
-0.407749 -9.25723
-0.524766 -9.39464
-0.374752 -9.37647
-0.27953 -9.39462
-0.404278 -9.50965
-0.231136 -9.47112
-0.0986533 -9.41975
-0.0428791 -9.28666
0.000613689 -9.36191
0.0489812 -9.37324
0.162603 -9.19086
-0.0831714 -9.48926
-0.158968 -9.48854
-0.361631 -9.45246
-0.317355 -9.33224
-0.559882 -9.35904
-0.387881 -9.23607
-0.634517 -9.23912
-0.455796 -9.13312
-0.684374 -9.10456
-0.696748 -9.02731
-0.944889 -9.06608
-1.18336 -9.11731
-6.95014 -9.80394
-6.70769 -9.74747
-6.65881 -9.82095
-6.41637 -9.76576
-6.4817 -9.7322
-6.34753 -9.71248
-6.10788 -9.74658
-6.1819 -9.81384
-5.87442 -9.77228
-5.98989 -9.81017
-5.82947 -9.79311
-5.80873 -9.81045
-5.66798 -9.79591
-5.56318 -9.81119
-5.69525 -9.8932
-5.90674 -9.92092
-5.84651 -9.97451
-6.01959 -9.93932
-6.10673 -9.95822
-5.9595 -9.98726
-6.08345 -9.96454
-5.93944 -9.98956
-5.85592 -9.99614
-5.89458 -9.99653
-5.68828 -10.043
-5.70926 -10.0116
-5.83083 -9.95596
-5.67464 -9.94846
-5.49189 -10.0753
-5.39466 -9.93056
-5.30301 -10.0803
-5.32599 -10.1375
-5.21125 -10.1599
-5.17139 -10.098
-5.07684 -10.1565
-5.04464 -10.0472
-5.20468 -10.0175
-5.11231 -9.89784
-4.78542 -9.94821
-4.97187 -9.68
-5.2958 -9.70869
-5.70866 -9.70535
-5.4629 -9.47336
-5.80205 -9.40361
-6.07236 -9.53762
-6.12309 -9.73606
-5.90459 -9.86594
-6.11916 -9.86814
-6.00416 -9.93931
-6.21535 -9.92571
-6.08972 -9.96942
-6.27148 -9.94568
-6.36524 -9.95912
-6.4649 -9.95664
-6.4342 -9.92006
-6.37204 -9.8451
-6.65328 -9.88764
-6.62473 -9.94294
-6.79984 -9.93225
-6.87797 -9.87374
-6.82793 -9.79505
-6.98279 -9.81703
-7.04196 -9.71713
-7.12692 -9.79734
-7.24161 -9.70573
-7.19269 -9.65332
-7.11205 -9.5717
-7.34749 -9.60368
-7.31035 -9.48482
-7.1584 -9.42992
-6.89774 -9.42652
-7.07765 -9.30194
-7.33748 -9.33432
-7.15892 -9.13688
-7.42697 -9.16354
-7.32306 -8.94101
-7.64599 -9.07503
-7.53854 -8.71366
-7.83133 -8.85598
-7.77167 -8.5489
-7.96879 -8.63897
-7.9011 -8.37251
-8.08283 -8.3356
-8.11967 -8.72822
-8.03509 -8.93246
-8.16499 -8.95969
-8.13951 -9.17483
-7.92175 -9.14248
-7.99994 -9.37514
-7.76475 -9.32813
-7.56355 -9.28515
-7.54084 -9.46322
-7.79697 -9.53952
-7.55827 -9.61139
-7.68466 -9.6497
-7.51562 -9.70706
-7.64934 -9.72234
-7.45476 -9.76795
-7.50565 -9.78959
-7.2904 -9.8291
-7.31215 -9.77167
-7.13188 -9.84844
-7.01886 -9.85191
-6.97044 -9.90781
-7.0794 -9.91603
-6.89899 -9.95171
-6.8693 -9.97785
-6.76287 -9.95351
-6.61928 -9.95055
-6.629 -9.92343
-6.4584 -9.93886
-6.28388 -9.97707
-6.19423 -9.95386
-6.23186 -9.96605
-6.07327 -9.93641
-6.03008 -9.89414
-6.21713 -9.89016
-6.44248 -9.92658
-6.42326 -9.84641
-6.62027 -9.88303
-6.83167 -9.8872
-6.64681 -9.89533
-6.80896 -9.94876
-6.95733 -9.93012
-7.18804 -9.80524
-7.06051 -9.94447
-7.29026 -9.88846
-7.33198 -9.77892
-7.49369 -9.73542
-7.80727 -9.62377
-7.93216 -9.56507
-7.93384 -9.58199
-8.06116 -9.53366
-0.788974 -2.3514
-0.933567 -2.16978
-0.854035 -2.43387
-1.00507 -2.30426
-0.876459 -2.57288
-0.983953 -2.61203
-0.771218 -2.87526
-0.776151 -2.64351
-0.64368 -2.77871
-0.618712 -3.01188
-0.629388 -3.13498
-0.487155 -3.2597
-0.556302 -3.01237
-0.418417 -3.50578
-0.587023 -3.3778
-0.516146 -3.68283
-0.376002 -3.74935
-0.22949 -3.97169
-0.280655 -4.15309
-0.163725 -4.31953
-0.1242 -4.15183
0.0405459 -4.63216
-0.0393128 -4.25621
0.0328016 -4.46112
0.0333624 -4.34567
0.0829239 -4.45326
0.346689 -7.84446
0.383737 -8.00454
0.36834 -8.12097
0.324828 -8.27145
0.265484 -8.4392
0.245725 -8.61384
0.284612 -8.31195
0.281655 -8.18203
0.187691 -8.30604
0.207034 -8.508
0.103101 -8.60628
0.18381 -8.697
0.102377 -8.81801
-0.00919008 -8.86266
-0.0683227 -8.66594
0.0310922 -8.36549
-0.137742 -8.47695
-0.0976005 -8.25781
-0.22753 -8.30012
-0.146506 -7.99919
-0.000718117 -8.09286
-0.00645304 -7.77433
0.126092 -7.91423
0.128704 -7.71032
0.260261 -7.74568
0.175137 -7.48759
0.050909 -7.55242
0.0554595 -7.34926
0.126554 -7.20169
0.319237 -7.30185
0.207051 -6.98179
0.111335 -6.96453
0.123121 -6.78123
0.182181 -6.64459
0.076189 -6.50384
0.135742 -6.34894
0.0544453 -6.06641
0.158593 -6.06606
0.236153 -6.4543
0.279036 -6.28832
0.345762 -6.58063
0.369919 -6.37806
0.383112 -6.17501
0.364315 -5.99327
0.328501 -6.18059
0.262487 -6.06406
0.195139 -5.78968
0.0643024 -5.66173
0.084353 -5.84553
0.038404 -5.58935
-0.0400972 -5.83142
-0.0215788 -6.26782
-0.115493 -6.08694
-0.0904498 -6.50654
0.00793076 -6.60377
-0.0142002 -6.77785
-0.131843 -6.88381
0.0356894 -7.05072
0.064322 -6.80675
-0.0599904 -7.3774
-0.182975 -7.19148
-0.204429 -7.44072
-0.134843 -7.67574
-0.28967 -7.72209
-0.332609 -8.08406
-0.464013 -7.86809
-0.461148 -7.51258
-0.325267 -7.39737
-0.429623 -7.04787
-0.610355 -7.23281
-0.632634 -6.85811
-0.56146 -6.51577
-0.678141 -6.6076
-0.73705 -6.35717
-0.659612 -5.96314
-0.465126 -6.14448
-0.539437 -5.75704
-0.667267 -5.40909
-0.510365 -5.46087
-0.403258 -5.78929
-0.423269 -5.4936
-0.455847 -5.18467
-0.585342 -5.09907
-0.556976 -4.85601
-0.472149 -4.71888
-0.350597 -5.12822
-0.339673 -4.75098
-0.246115 -5.09828
-0.215141 -4.89326
-0.132835 -5.21584
-0.102944 -4.96921
-0.178552 -4.69508
-0.0720992 -4.81038
-0.103827 -4.58853
0.0105677 -4.65918
-0.000403881 -4.92156
0.0763645 -4.59806
0.101257 -4.5397
0.284423 -5.83803
0.317384 -5.91182
0.146055 -5.74244
0.118816 -5.70605
0.00761652 -5.39656
-0.00487518 -5.17393
-0.0279012 -5.32768
-0.0255513 -5.50763
-0.0644689 -5.35628
-0.0998058 -5.52791
-0.141579 -5.76474
-0.225646 -5.47883
-0.245343 -5.89542
-0.191277 -6.25672
-0.308397 -6.2067
-0.213566 -6.49971
-0.33792 -6.6174
-0.272775 -6.9973
-0.280525 -7.22141
-0.348886 -5.50426
-0.0554233 -5.18024
-0.0481319 -5.0151
-0.246949 -4.40861
-0.277338 -4.62995
-0.350073 -4.4298
-0.430566 -4.40901
-0.390577 -4.24393
-0.333397 -4.24673
-0.370349 -4.08811
-0.466383 -4.04296
-0.561024 -4.26445
-0.629195 -4.51728
-0.75861 -4.04211
-0.756562 -4.51971
-0.645824 -4.77431
-0.725726 -4.92399
-0.842824 -5.11411
-0.833317 -5.56582
-0.979059 -5.2799
-1.00359 -4.89149
-0.874374 -4.68318
-1.03457 -4.48781
-0.907234 -4.26054
-1.07477 -4.08444
-0.945114 -3.84446
-0.862077 -3.69581
-0.772573 -3.54173
-0.972079 -3.42003
-0.88473 -3.07374
-0.711665 -3.34086
-0.63063 -3.55908
-0.709398 -3.15784
-0.614077 -3.85548
-1.10154 -2.98402
-1.09787 -2.67305
-1.12361 -2.47728
-1.15124 -2.3184
-1.26529 -2.36413
-1.3199 -2.10437
-1.19398 -2.04032
-1.02942 -1.97579
-1.23009 -1.7426
-1.12575 -1.77953
-2.88594 0.276091
-2.61215 0.125918
-2.35005 -0.01237
-2.12004 -0.165994
-1.92098 -0.361632
-2.14192 -0.327408
-1.83292 -0.632126
-1.69112 -0.737377
-1.58351 -0.865443
-1.50001 -1.00653
-1.43581 -1.15069
-1.32922 -1.43802
-1.24107 -1.588
-1.39726 -1.29259
-1.40291 -1.78267
-1.61323 -1.5112
-1.57661 -1.80036
-1.46827 -1.9748
-1.43396 -2.1431
-1.61128 -2.0444
-1.42063 -2.31046
-1.28441 -2.62987
-1.50367 -2.43324
-1.39702 -2.78002
-1.24157 -2.9361
-1.17402 -3.25149
-1.31869 -3.08375
-1.36024 -3.47511
-1.12692 -3.66711
-1.28028 -3.99199
-1.18704 -4.34085
-1.36263 -4.42507
-1.19934 -4.76333
-1.46837 -4.88567
-1.27367 -5.28313
-1.1101 -5.11174
-1.10273 -5.40078
-0.997556 -5.67222
-1.17273 -5.71556
-1.04819 -6.11013
-0.857149 -6.00214
-0.889486 -6.36055
-0.794 -6.69154
-1.01449 -6.62587
-0.878144 -6.9622
-0.743297 -7.02516
-0.817377 -7.34598
-0.624084 -7.55952
-0.745557 -7.6931
-0.614362 -7.8158
-0.529769 -7.70071
-0.591137 -8.02856
-0.484122 -8.14514
-0.645874 -8.28592
-0.419223 -8.41648
-0.267951 -8.51951
-0.611324 -8.55735
-0.830797 -8.56679
-0.861828 -8.25342
-0.769325 -7.98171
-1.04975 -8.0147
-0.916076 -7.70658
-1.09221 -7.70382
-1.04534 -7.43445
-1.23263 -7.50207
-1.19576 -7.20487
-1.43537 -7.17673
-1.26194 -6.7758
-1.0325 -7.07084
-1.20611 -6.34106
-1.22068 -6.02805
-1.30267 -6.13248
-1.39583 -6.2991
-1.39182 -5.80527
-1.63441 -6.04412
-1.59695 -6.60767
-1.95202 -6.16767
-1.85645 -5.76867
-1.67491 -5.54857
-1.86399 -5.50218
-1.88865 -5.17866
-2.05463 -5.48822
-2.2091 -5.05227
-2.05481 -4.65602
-1.74527 -4.80262
-1.82596 -4.46171
-1.98672 -4.13127
-1.75307 -4.22297
-1.60215 -4.44403
-1.62424 -4.13778
-1.73841 -3.88311
-1.55954 -3.94222
-1.5563 -3.6581
-1.43899 -3.84619
-1.47626 -4.13807
-1.57225 -3.30244
-1.49228 -3.01002
-1.64057 -3.02745
-1.6579 -2.80475
-1.81978 -2.85602
-1.7972 -2.5298
-1.58901 -2.631
-1.72856 -2.27169
-1.89991 -1.89143
-1.77059 -1.67814
-2.03435 -1.52583
-1.88417 -1.29517
-2.13043 -1.23839
-2.09998 -1.05114
-1.94191 -1.03271
-2.07906 -0.820264
-1.84164 -0.909072
-1.80389 -1.09664
-1.69302 -1.02812
-1.70871 -0.857583
-1.60705 -0.974501
-1.54956 -1.1136
-1.65761 -1.22308
-2.25167 -0.520772
-2.34716 -0.723329
-2.24995 -0.893688
-2.41554 -0.850084
-2.30558 -1.03299
-2.60893 -0.880629
-2.33758 -1.30107
-2.56576 -1.18276
-2.51961 -1.4875
-2.21463 -1.7728
-2.51419 -1.89606
-2.23415 -2.15008
-1.98463 -2.17284
-2.02536 -2.49317
-2.28849 -2.48915
-2.05768 -2.82894
-1.89666 -3.17012
-1.72342 -3.1658
-1.73845 -3.46337
-1.99769 -3.55736
-2.29887 -3.79711
-2.25992 -4.28042
-2.47063 -4.13828
-2.48835 -4.6283
-2.67392 -4.20181
-2.63768 -3.76813
-2.90164 -3.99036
-2.8472 -3.64371
-2.76778 -3.23051
-2.48836 -3.40842
-2.4779 -3.01973
-2.266 -3.292
-2.26867 -2.89126
-2.09098 -3.14169
-2.45215 -2.67361
-2.61971 -2.34117
-2.40827 -2.19749
-2.90479 -1.93288
-2.94425 -2.32116
-2.87791 -2.69395
-2.63616 -2.76292
-3.11752 -3.0865
-3.06646 -3.62103
-3.38274 -3.46916
-3.31225 -4.00091
-3.10195 -3.97163
-3.09473 -4.26259
-3.29039 -4.58919
-3.05811 -4.52526
-2.85357 -4.45044
-2.95819 -4.74835
-2.74869 -4.73021
-2.67842 -5.05101
-2.43181 -5.01841
-2.35681 -5.31159
-2.54752 -5.48426
-2.24304 -5.74101
-2.01653 -5.80058
-2.34078 -6.10056
-2.1608 -6.51393
-1.87715 -6.66667
-2.0365 -6.96352
-1.73159 -7.02105
-1.68498 -7.42285
-1.42226 -7.61295
-1.61075 -7.77492
-1.38478 -7.93202
-1.23239 -7.80557
-1.2317 -8.00009
-1.27214 -8.20889
-1.04402 -8.3697
-1.22404 -8.51402
-1.05097 -8.60706
-0.989468 -8.77905
-0.845402 -8.82245
-0.798908 -8.99124
-0.947835 -8.964
-0.920995 -9.14705
-0.777245 -9.16517
-0.898557 -9.36832
-0.709629 -9.44435
-0.643771 -9.58115
-0.510041 -9.65317
-0.327019 -9.60842
-0.448726 -9.69367
-0.32306 -9.65656
-0.197657 -9.54905
-0.224923 -9.58387
-0.403225 -9.65436
-0.325006 -9.54742
-0.526991 -9.54917
-0.579474 -9.45133
-0.698129 -9.49182
-0.80259 -9.42003
-0.842032 -9.32135
-1.07104 -9.37259
-1.01886 -9.43874
-0.904224 -9.50061
-1.19771 -9.46245
-1.07443 -9.56677
-0.88853 -9.57091
-0.746464 -9.56988
-0.904381 -9.633
-0.668309 -9.69401
-0.977494 -9.74071
-0.77276 -9.76503
-0.900274 -9.80442
-0.738216 -9.78258
-0.632942 -9.75881
-0.650711 -9.76102
-0.549099 -9.73674
-0.588486 -9.72172
-0.487213 -9.73043
-0.678531 -9.75286
-0.763885 -9.78578
-0.732391 -9.7308
-0.913228 -9.82656
-1.07769 -9.85146
-1.08244 -9.82475
-1.27069 -9.8783
-1.21346 -9.87155
-1.07156 -9.85019
-1.17772 -9.81786
-1.34269 -9.87931
-1.30766 -9.89191
-1.37822 -9.92157
-1.46683 -9.91437
-1.43979 -9.82952
-1.19526 -9.8163
-1.22856 -9.74566
-1.16555 -9.65242
-1.4235 -9.69326
-1.47398 -9.54504
-1.60162 -9.65964
-1.70602 -9.76354
-1.68154 -9.86038
-1.5876 -9.90595
-1.74246 -9.93581
-1.62351 -9.94479
-1.81019 -9.95488
-1.64653 -9.91847
-1.83115 -9.91519
-1.64459 -9.81281
-1.96005 -9.83822
-1.77615 -9.66529
-1.51659 -9.68579
-1.33335 -9.76104
-1.33693 -9.58899
-1.52279 -9.58383
-1.41286 -9.45429
-1.62392 -9.50853
-1.61561 -9.32379
-1.28183 -9.24419
-1.46342 -9.09345
-1.24249 -9.00483
-1.08327 -9.09676
-1.08692 -8.92624
-1.18823 -8.77081
-1.40386 -8.86649
-1.36637 -8.65801
-1.63038 -8.68498
-1.60894 -8.95307
-1.91825 -8.96945
-1.98002 -8.69133
-2.22203 -8.87634
-2.31116 -8.68027
-2.64999 -8.8907
-2.6079 -8.64707
-2.86527 -8.72912
-2.84088 -8.56101
-3.12399 -8.60178
-2.96637 -8.32685
-2.64472 -8.45506
-2.66683 -8.32314
-2.65876 -8.15998
-3.01564 -7.98929
-2.65944 -7.92032
-2.2703 -8.04514
-2.51951 -7.61896
-2.89321 -7.74845
-3.04301 -7.46352
-3.25306 -7.70667
-3.59676 -7.28523
-3.61479 -7.79948
-3.97242 -7.58762
-4.09669 -7.29547
-4.08455 -6.93475
-4.44912 -7.10441
-4.45608 -6.66304
-4.94119 -6.75214
-4.73951 -6.32434
-5.0527 -6.24622
-4.93531 -6.00805
-5.25721 -5.81319
-4.95993 -5.66628
-4.68728 -5.93492
-4.66778 -5.48909
-4.43682 -5.82358
-4.39079 -6.22016
-4.10898 -5.92392
-4.15805 -6.25585
-3.97812 -6.30151
-3.73817 -6.12169
-3.71534 -6.6498
-3.35291 -6.31252
-3.34072 -6.68746
-3.08815 -6.59132
-3.09637 -6.89769
-2.72018 -6.74619
-2.92488 -6.32086
-2.52516 -6.39992
-2.3461 -6.74421
-2.37284 -7.07511
-2.06079 -7.43936
-1.85767 -7.2209
-1.79246 -7.63384
-1.88545 -7.86491
-1.57288 -8.12724
-1.86639 -8.22956
-1.64895 -8.39632
-1.44166 -8.43587
-1.82604 -8.48839
-2.13009 -8.42974
-2.44264 -8.32559
-2.40658 -8.51354
-2.16343 -7.74905
-2.41162 -7.33793
-2.76296 -7.1931
-2.7362 -5.9583
-3.15266 -5.93298
-3.02564 -5.5468
-3.38565 -5.58827
-3.29757 -5.29071
-3.07058 -5.08713
-2.80938 -5.35962
-3.39899 -5.00146
-3.72678 -4.78134
-3.65189 -4.2451
-3.85565 -4.45658
-3.98548 -4.18982
-3.8135 -3.81746
-4.22211 -3.70866
-3.83671 -3.36226
-4.11582 -3.08235
-3.68625 -2.7957
-4.11062 -2.5858
-3.83129 -2.31864
-4.19498 -2.14127
-3.75505 -1.86289
-3.47276 -2.2575
-3.29159 -1.88943
-3.42757 -1.66797
-3.16049 -1.52658
-3.59804 -1.4276
-3.3259 -1.08492
-2.97699 -1.22826
-3.06517 -0.966208
-3.28541 -0.691476
-2.9183 -0.811739
-2.82247 -1.02224
-2.60893 -0.880629
-2.7613 -0.713633
-2.57048 -0.731403
-2.74282 -0.5536
-2.96949 -0.602882
-2.94115 -0.399364
-3.16571 -0.445281
-3.48995 -0.280966
-3.6548 -0.517921
-3.69408 -0.821341
-3.98114 -0.579294
-3.85461 -0.347493
-4.22579 -0.334642
-3.90259 -0.134827
-3.68937 -0.0665458
-3.4961 -0.0224158
-3.67227 0.0982462
-3.41585 0.163767
-3.21424 -0.0345778
-3.13431 0.30079
-3.37234 0.320748
-3.60182 0.326287
-3.83445 0.335399
-3.94563 0.178318
-3.88392 0.00769249
-4.21699 -0.0458841
-4.34595 0.183265
-4.05952 0.352119
-4.28918 0.386536
-2.89751 0.0578452
-4.92572 0.434929
-4.7062 0.419782
-4.94674 0.312651
-4.61685 0.288294
-4.86151 0.187216
-4.67336 0.13722
-4.61909 -0.0124813
-4.92431 0.039703
-4.95606 -0.174564
-4.59811 -0.216881
-4.63085 -0.5018
-4.30495 -0.60412
-4.50255 -0.763652
-4.11867 -0.877615
-4.50245 -1.03655
-4.15781 -1.18098
-3.9334 -1.07932
-3.87679 -1.25705
-3.69586 -1.10846
-3.85063 -0.970616
-4.07284 -1.48537
-4.29038 -1.77151
-4.41836 -1.54731
-4.44749 -1.33159
-4.64754 -1.47153
-4.82271 -1.25241
-4.87528 -0.828599
-5.24115 -1.14341
-5.06253 -1.4025
-4.86486 -1.56352
-5.25808 -1.68221
-4.70951 -1.94244
-4.59656 -1.65865
-4.52671 -2.41988
-4.83928 -2.28343
-4.78991 -2.49172
-4.73195 -2.79071
-4.38696 -2.81701
-4.51109 -3.2425
-4.8563 -3.189
-5.02652 -2.92577
-5.11358 -2.54574
-5.36588 -2.97899
-5.54775 -2.68666
-5.5882 -2.24362
-5.98161 -2.79096
-6.05958 -2.35407
-5.88567 -2.08613
-6.12996 -1.96751
-6.35749 -2.3378
-6.36073 -2.70504
-6.57108 -2.59364
-6.68856 -2.97998
-6.40602 -3.09453
-6.67222 -3.34691
-6.43498 -3.51983
-6.7936 -3.71527
-6.53633 -4.0154
-6.25876 -3.80479
-6.04334 -3.48052
-5.97562 -3.8887
-6.19172 -4.16423
-5.89111 -4.23286
-5.97068 -4.62036
-5.59199 -4.48325
-5.63428 -4.04916
-5.22163 -4.27662
-5.33631 -3.80598
-5.69128 -3.63876
-5.37785 -3.39244
-5.69478 -3.25199
-5.70657 -2.95238
-5.93269 -3.12661
-6.1779 -3.19867
-5.12664 -3.19641
-5.035 -3.53353
-4.75438 -3.47136
-4.8019 -3.72567
-4.58334 -3.63845
-4.63421 -3.99657
-4.32393 -4.27876
-4.62603 -4.38251
-4.42415 -4.76621
-4.06246 -4.56963
-4.06234 -4.90295
-3.9003 -5.20374
-3.58057 -5.24793
-3.75396 -5.63553
-3.48116 -5.91182
-4.05965 -5.48974
-4.32673 -5.5154
-4.20827 -5.17575
-4.4787 -5.19319
-4.77413 -5.01899
-4.85727 -4.58717
-5.19429 -4.81256
-4.87266 -4.24525
-4.99126 -3.93677
-5.01536 -5.26536
-5.29364 -5.15809
-5.2003 -5.44805
-5.48472 -5.3523
-5.76015 -5.67376
-5.44781 -6.26058
-5.75777 -6.04522
-6.0886 -6.0215
-6.26093 -5.52173
-6.02189 -5.31665
-5.84284 -5.1359
-6.24586 -4.99635
-5.56566 -4.91946
-6.3948 -4.4873
-6.6321 -4.79882
-6.73436 -4.40179
-6.83586 -4.08746
-7.02427 -4.37262
-6.93001 -4.71976
-7.20411 -4.72573
-7.1954 -4.47427
-7.20681 -4.28061
-7.32414 -4.54387
-7.41112 -4.32992
-7.48465 -4.67556
-7.41242 -4.8231
-7.40493 -5.18978
-7.10995 -5.00861
-7.12684 -5.37851
-6.87284 -5.06808
-6.8488 -5.3667
-6.58844 -5.20715
-6.65986 -5.58728
-6.47706 -5.94882
-6.81018 -5.89612
-6.969 -5.66653
-7.10978 -6.06952
-7.21485 -5.76257
-7.41331 -5.67242
-7.39487 -6.05806
-7.63438 -6.05547
-7.57915 -6.43332
-7.34158 -6.36127
-7.13546 -6.50341
-6.80402 -6.25121
-6.81679 -6.73164
-6.39445 -6.34463
-6.32049 -6.09753
-6.0188 -6.36628
-5.79157 -6.24233
-5.73698 -6.53856
-5.40725 -6.73742
-5.29495 -7.17571
-4.78049 -7.38504
-5.08316 -7.47779
-5.36727 -7.53263
-5.49981 -7.33822
-5.71574 -7.21172
-5.72633 -6.9126
-6.16625 -7.08987
-6.13886 -6.68924
-6.48037 -6.88497
-6.47066 -6.67022
-6.75467 -7.21367
-7.12488 -7.07412
-7.21498 -6.843
-7.4601 -7.12379
-7.41842 -6.70162
-7.66984 -6.86002
-7.81028 -6.58664
-7.71945 -6.34745
-7.83041 -6.29017
-7.91451 -6.49069
-7.96199 -6.36882
-7.91482 -6.18473
-7.81947 -5.97651
-8.01543 -6.10918
-7.831 -5.61028
-8.02305 -5.66759
-7.85884 -5.34324
-7.75208 -5.28178
-7.76651 -5.16498
-7.6206 -5.01854
-7.80145 -5.06455
-7.63128 -4.71119
-7.78602 -4.8081
-7.64382 -4.42083
-7.4601 -4.07387
-7.55834 -3.9685
-7.74635 -4.36133
-7.75957 -4.13481
-7.62105 -3.82723
-7.70496 -3.84106
-7.59088 -3.59589
-7.5052 -3.6201
-7.48384 -3.35154
-7.57639 -3.38654
-7.67846 -3.60147
-7.65433 -3.32695
-7.51597 -3.11117
-7.58274 -3.07618
-7.65895 -3.17023
-7.61414 -2.93662
-7.51906 -2.9074
-7.5127 -2.74563
-7.45343 -1.81471
-7.71957 -3.13447
-7.80683 -3.364
-7.76197 -3.37186
-7.87785 -3.5871
-7.79421 -3.66712
-7.96082 -3.80705
-8.07812 -4.19095
-8.04879 -4.02796
-8.11254 -4.35308
-7.99631 -4.16231
-8.0827 -4.38016
-8.0089 -4.31094
-7.88386 -4.10933
-7.90284 -4.02765
-7.91177 -3.93508
-7.81905 -3.90457
-7.75602 -3.78999
-7.78373 -3.93566
-7.80054 -4.07485
-7.93885 -4.3442
-7.89603 -4.53198
-8.06798 -4.69446
-8.11214 -4.56959
-8.2216 -4.85705
-8.21689 -5.05979
-8.02847 -4.80301
-8.0558 -5.00279
-7.87695 -4.73538
-7.96126 -5.11431
-8.17012 -5.30547
-8.09226 -5.48909
-7.94888 -5.33223
-8.1727 -5.79042
-8.16812 -6.03491
-8.30187 -6.07001
-8.27763 -5.71248
-8.40017 -6.02484
-8.44208 -5.84542
-8.35907 -5.46273
-8.3405 -5.24226
-8.35038 -5.14658
-8.38951 -5.31095
-8.33928 -5.02101
-8.29008 -4.92327
-8.27734 -4.83044
-8.31908 -4.83079
-8.27478 -4.75414
-8.20424 -4.68501
-8.23149 -4.64278
-8.16532 -4.51111
-8.3329 -4.8898
-8.54668 -5.76024
-8.46667 -5.53765
-8.48252 -5.71175
-8.55232 -5.9611
-8.51741 -6.20656
-8.64662 -6.24051
-8.61637 -6.51545
-8.51472 -6.56623
-8.42924 -6.29465
-8.40836 -6.66092
-8.35014 -6.33767
-8.26955 -6.36034
-8.28244 -6.71741
-8.15194 -6.50358
-8.16012 -6.24856
-8.04149 -6.42083
-8.00162 -6.68844
-8.1848 -6.99185
-8.01319 -7.15894
-7.87216 -6.93113
-7.79811 -7.2938
-8.00878 -7.57469
-7.85232 -7.73777
-7.58431 -7.59318
-7.24039 -7.39117
-7.33265 -7.69481
-7.01896 -7.5922
-6.67824 -7.51964
-6.34764 -7.37998
-5.99195 -7.32223
-6.04354 -7.52242
-6.39768 -7.64092
-6.08383 -7.74172
-5.73538 -7.66932
-5.71282 -7.42953
-5.4182 -7.84317
-4.96908 -7.79848
-5.19433 -8.0487
-4.91709 -8.15702
-4.62904 -8.11594
-4.47328 -7.81666
-4.33054 -7.49918
-4.17876 -7.75285
-3.94619 -7.85045
-4.12498 -7.98839
-3.76985 -8.11276
-3.36106 -8.09089
-3.31843 -7.90277
-3.42942 -8.38267
-3.80319 -8.43941
-4.03284 -8.22723
-4.12574 -8.43823
-4.30324 -8.16233
-4.42957 -8.39568
-4.73609 -8.3739
-4.56117 -8.68117
-4.25633 -8.6271
-4.26379 -8.84816
-3.91475 -8.7837
-4.13043 -9.13687
-3.68395 -9.16446
-3.51248 -8.92583
-3.31329 -9.09509
-3.09918 -8.89048
-3.49149 -8.67439
-2.89848 -9.14519
-2.88591 -8.98655
-2.36963 -9.09851
-2.55724 -9.35465
-2.04883 -9.30836
-1.71334 -9.1355
-1.85915 -9.50012
-2.13509 -9.52698
-2.36269 -9.49614
-2.41924 -9.6843
-2.05028 -9.62438
-2.12716 -9.74941
-2.34967 -9.79624
-2.27995 -9.86514
-2.13604 -9.91274
-2.00105 -9.91786
-2.15785 -9.94953
-1.9695 -9.95002
-2.08401 -9.97117
-1.97382 -9.96409
-1.91868 -9.94158
-2.11383 -9.9444
-2.05236 -9.91242
-1.85258 -9.89385
-1.96856 -9.8591
-1.79399 -9.8549
-1.99105 -9.74301
-1.85496 -9.66679
-1.71272 -9.67505
-1.74792 -9.59789
-1.99799 -9.5799
-1.9244 -9.46921
-1.73277 -9.43469
-1.49577 -9.42032
-1.32038 -9.38161
-1.14903 -9.42042
-1.27702 -9.32185
-1.09877 -9.25805
-1.42142 -9.16608
-1.18666 -9.18486
-1.06317 -9.16749
-0.877268 -9.19347
-1.53107 -9.31703
-1.61529 -9.16335
-1.84195 -9.11772
-3.16381 -9.37924
-3.51091 -9.50457
-3.72502 -9.5782
-4.14511 -9.72854
-4.31655 -9.75978
-4.5094 -9.80733
-4.17779 -9.80881
-4.32549 -9.91552
-4.48609 -9.95235
-4.30333 -10.0235
-4.16018 -9.90303
-3.98764 -9.93981
-4.04749 -10.1005
-4.28196 -10.1324
-4.21045 -10.163
-4.34587 -10.1679
-4.27117 -10.2022
-4.07515 -10.1572
-4.15445 -10.2079
-3.92704 -10.18
-4.05506 -10.2028
-3.81694 -10.2047
-3.91481 -10.2151
-3.71681 -10.2021
-3.63376 -10.1756
-3.62921 -10.1392
-3.44391 -10.1282
-3.5318 -10.1506
-3.33283 -10.097
-3.19046 -10.0728
-3.08498 -10.0429
-2.91984 -10.0142
-2.92447 -10.0079
-2.76562 -9.97737
-2.91972 -9.99193
-2.60698 -9.95949
-2.78622 -9.9475
-2.51796 -9.92073
-2.33746 -9.94464
-2.61797 -9.84356
-2.38809 -9.96137
-2.24792 -9.96671
-2.45281 -9.95953
-2.33119 -9.94498
-2.2327 -9.9263
-2.4328 -9.92284
-2.26674 -9.87322
-2.6099 -9.8744
-2.44315 -9.79094
-2.17608 -9.79222
-2.25813 -9.70249
-2.04538 -9.66455
-2.18496 -9.6234
-2.27866 -9.511
-2.39296 -9.62624
-2.65147 -9.56019
-2.57887 -9.38844
-2.24917 -9.38649
-2.03887 -9.36566
-2.4245 -9.31459
-2.22237 -9.29192
-1.98594 -9.31836
-1.73622 -9.37209
-1.82523 -9.28482
-1.52329 -9.38046
-2.07698 -9.25762
-1.93701 -9.19876
-2.1642 -9.17285
-2.00452 -9.14455
-2.47806 -9.22828
-2.65995 -9.26171
-2.46979 -9.25929
-2.64405 -9.28407
-2.82382 -9.30926
-2.73304 -9.34005
-2.86386 -9.4112
-2.84579 -9.48365
-3.00302 -9.46327
-3.10854 -9.55028
-3.34485 -9.46655
-3.47591 -9.56629
-3.43446 -9.69907
-3.00214 -9.67998
-3.3307 -9.83511
-2.96148 -9.7996
-3.12171 -9.92328
-3.38672 -9.94963
-3.43584 -10.0292
-3.10673 -9.9918
-2.89091 -9.92316
-2.84257 -9.94609
-2.63953 -9.92588
-2.77083 -9.97997
-3.0259 -10.0165
-2.66621 -9.97207
-2.54516 -9.94922
-2.57094 -9.96189
-2.77123 -9.86304
-3.31038 -10.0712
-3.79985 -10.111
-3.67334 -9.97779
-3.73156 -9.83472
-4.00381 -9.83844
-3.96341 -9.69703
-2.63058 -9.72565
-2.90261 -9.56473
-3.0161 -9.44067
-2.97894 -9.36209
-2.31652 -9.19595
-3.02074 -9.92232
-2.91122 -9.82833
-2.68821 -9.77944
-2.82266 -9.72573
-2.70854 -9.57373
-3.12176 -9.68379
-3.0827 -9.79416
-3.30726 -9.82327
-3.54029 -9.78194
-3.38835 -9.5515
-3.72146 -9.61123
-3.87315 -9.79182
-3.97354 -9.65016
-4.10691 -9.77588
-4.23303 -9.58864
-3.93703 -9.42841
-4.18612 -9.37464
-4.44917 -9.3229
-4.46856 -9.01379
-4.64494 -9.15142
-4.80685 -8.94635
-5.02396 -8.57197
-5.31213 -8.94295
-5.37708 -8.63233
-5.44001 -8.39858
-5.12969 -8.28167
-4.93549 -8.34275
-5.35226 -8.1864
-5.46989 -8.0445
-5.59173 -8.18118
-5.84765 -7.98371
-5.89096 -8.317
-5.7802 -8.64976
-6.46749 -8.5429
-6.24038 -8.19154
-6.58008 -8.21553
-6.90341 -8.35268
-6.84956 -8.07706
-6.40223 -7.94051
-6.76953 -7.78069
-7.17811 -7.93483
-7.16216 -8.24166
-7.43827 -8.20762
-7.51581 -7.93217
-7.70674 -8.21912
-7.58181 -8.43456
-7.35255 -8.44583
-7.10996 -8.61711
-7.15267 -8.4195
-7.72831 -7.9186
-7.89251 -8.08805
-8.00735 -7.92394
-8.15154 -7.86957
-8.22021 -8.20958
-8.29723 -7.95549
-8.32586 -8.34269
-8.37885 -8.14013
-8.38478 -7.88813
-8.34512 -7.57489
-8.42568 -7.71552
-8.47106 -8.03414
-8.48834 -7.68033
-8.44357 -7.39647
-8.519 -7.44263
-8.5646 -7.62184
-8.57431 -7.29923
-8.50655 -7.22219
-8.53372 -6.94549
-8.62019 -7.0408
-8.65799 -7.29046
-8.68684 -7.13479
-8.70059 -7.42852
-8.72313 -7.11812
-8.69223 -6.79712
-8.68109 -6.51533
-8.70955 -7.43705
-8.76381 -8.12557
-8.76429 -8.33646
-8.73938 -8.03514
-8.75031 -7.90634
-8.73104 -7.67825
-8.73146 -7.7009
-8.68889 -7.7805
-8.63469 -7.55153
-8.61091 -7.88552
-8.53643 -7.8636
-8.56499 -8.0866
-8.55064 -8.40917
-8.42966 -8.44909
-8.48145 -8.75182
-8.42794 -8.6563
-8.36783 -8.72092
-8.2426 -8.51772
-8.24963 -8.81629
-8.18385 -8.61193
-8.3347 -9.00202
-8.24398 -9.05238
-8.3069 -9.20824
-8.22297 -9.41347
-8.39017 -9.35852
-8.3461 -9.50876
-8.2314 -9.58128
-8.04895 -9.56215
-7.85995 -9.65592
-8.08042 -9.68455
-7.82682 -9.72681
-7.92815 -9.72648
-7.73237 -9.76062
-7.91155 -9.74064
-7.70431 -9.77028
-7.57257 -9.80301
-7.43213 -9.8368
-7.51474 -9.82185
-7.32669 -9.87945
-7.28267 -9.86089
-7.11948 -9.92075
-7.20364 -9.92449
-7.00583 -9.98202
-7.45997 -9.83704
-7.5416 -9.78972
-7.67106 -9.7651
-7.66353 -9.76619
-7.85707 -9.75414
-7.84542 -9.74344
-8.01288 -9.74182
-8.00508 -9.74975
-8.0744 -9.73751
-8.0519 -9.72328
-8.21362 -9.72196
-8.1344 -9.75012
-8.27016 -9.74014
-8.17971 -9.72191
-8.03478 -9.69965
-8.26216 -9.68621
-8.05138 -9.62469
-7.85763 -9.70197
-7.72568 -9.73084
-7.85515 -9.67028
-7.75266 -9.6797
-7.65622 -9.68899
-8.19646 -9.52382
-8.31564 -9.55491
-8.78189 -8.87212
-8.78374 -8.68182
-8.76013 -8.92855
-8.75548 -8.76314
-8.72194 -8.84782
-8.75289 -8.59352
-8.68925 -8.67506
-8.7058 -8.33988
-8.78828 -8.50654
-8.64042 -8.47835
-8.62741 -8.20845
-8.68307 -8.05013
-8.59963 -8.75796
-8.65625 -9.02969
-8.53966 -9.04755
-8.4411 -9.10318
-8.50401 -9.21627
-8.48254 -9.31506
-8.57729 -9.31529
-8.46525 -9.47241
-8.54461 -9.56843
-8.35713 -9.63738
-8.44282 -9.72519
-8.63137 -9.62944
-8.50762 -9.72268
-8.33767 -9.73866
-8.46136 -9.60264
-8.62926 -9.60887
-8.75633 -9.52393
-8.77925 -9.3773
-8.66646 -9.43463
-8.73809 -9.28195
-8.66405 -9.24971
-8.7265 -9.09738
-8.7694 -9.08755
-8.79038 -9.21921
-8.79217 -9.05383
-7.67859 -9.75002
-8.635 -6.00819
-8.5977 -6.77286
-8.4537 -7.05712
-8.34706 -7.10067
-8.25895 -7.34415
-8.1468 -7.42952
-8.24669 -7.63464
-6.90936 -8.88131
-6.5256 -8.89151
-6.17768 -8.81794
-6.25714 -9.10251
-5.83634 -8.97258
-5.58908 -9.20217
-5.27235 -9.28738
-4.89503 -9.31327
-5.16742 -9.50077
-4.61502 -9.63476
-4.37687 -9.87001
-4.52914 -10.061
-4.28335 -10.0414
-4.43034 -10.17
-4.22428 -10.1495
-4.29635 -10.2272
-4.05347 -10.1577
-4.04893 -10.0543
-3.8214 -10.0815
-3.81857 -9.9387
-3.53848 -9.94964
-3.61009 -10.0952
-3.77212 -10.133
-3.7559 -10.1828
-3.49174 -10.1191
-3.45595 -10.0623
-3.4002 -10.0032
-3.27721 -10.0104
-3.24183 -9.95812
-3.04676 -9.98292
-3.20225 -10.0314
-3.2252 -9.89732
-3.84219 -10.2185
-3.95543 -10.1938
-4.0661 -10.2007
-4.12753 -10.203
-3.87767 -10.1551
-4.23211 -10.2475
-4.20457 -10.2369
-4.34858 -10.2676
-4.48861 -10.2904
-4.48626 -10.237
-4.60002 -10.2641
-4.5948 -10.2101
-4.73216 -10.2412
-4.67331 -10.2886
-4.80727 -10.2696
-4.73547 -10.2843
-4.6563 -10.2806
-4.78996 -10.2632
-4.58067 -10.255
-4.70588 -10.1557
-4.45981 -10.197
-4.44872 -10.1196
-4.59566 -10.0146
-4.80392 -10.0289
-4.9579 -10.0778
-4.907 -10.2001
-5.08101 -10.1184
-4.97832 -10.2274
-5.11864 -10.1707
-5.04059 -10.2286
-5.23145 -10.1811
-5.11438 -10.2044
-4.97319 -10.2153
-4.92246 -10.2489
-4.86051 -10.2447
-4.90997 -10.2694
-4.84253 -10.2122
-4.71439 -10.1514
-4.91106 -10.1323
-5.26514 -10.1049
-5.33076 -10.1121
-5.37328 -10.1307
-5.44465 -10.059
-5.58958 -9.98489
-5.39272 -10.009
-5.48004 -9.91361
-5.31906 -9.9395
-5.3204 -9.8466
-5.16485 -9.94627
-5.22493 -10.0279
-5.10142 -10.0369
-5.05258 -10.0063
-4.98517 -9.96093
-5.11793 -9.87256
-4.82994 -9.801
-4.77376 -9.92443
-4.65407 -9.81217
-5.07197 -9.71383
-5.90392 -9.67994
-5.60044 -9.68231
-5.81432 -9.70677
-5.5566 -9.73165
-5.42365 -9.78347
-5.28326 -9.70022
-5.29109 -9.67867
-5.17459 -9.77222
-6.18773 -9.68938
-6.45036 -9.70809
-4.56978 -10.1504
-4.08445 -9.92408
-5.91252 -9.19005
-6.09943 -9.32876
-6.44943 -9.43445
-6.27023 -9.60567
-6.43693 -9.68245
-6.6141 -9.77365
-6.77366 -9.63622
-6.76667 -9.16529
-3.61487 -9.42409
-3.32202 -9.3123
-3.00003 -9.44465
-5.85858 0.237199
-5.74186 0.253386
-5.94878 0.148336
-5.61674 0.292851
-5.38765 0.370948
-5.15295 0.40768
-5.2248 0.287862
-5.14858 0.159974
-5.31492 0.211761
-5.48375 0.137636
-5.2883 -0.0590376
-5.66588 -0.048313
-5.54111 -0.219668
-5.3001 -0.318842
-4.9949 -0.464295
-5.32471 -0.672961
-4.80858 -0.331444
-5.63935 -0.436371
-5.59346 -0.672496
-5.59149 -0.916296
-5.68375 -1.33695
-5.75978 -1.80588
-5.10035 -2.11954
-5.99479 -1.59839
-6.02768 -1.313
-5.89378 -1.03063
-6.13871 -1.12051
-6.11528 -0.888611
-6.38406 -1.1078
-6.35303 -0.841189
-6.56042 -0.978955
-6.57923 -0.797111
-6.79936 -1.04401
-6.80929 -0.811754
-6.98233 -1.00898
-7.00557 -0.839469
-7.11002 -0.996384
-7.4023 -1.53482
-7.39818 -1.73127
-7.39771 -1.99638
-7.33529 -1.78446
-7.35875 -1.64829
-7.28892 -1.71508
-7.2247 -1.59591
-7.26898 -1.40816
-7.3471 -1.47318
-7.21165 -1.14922
-7.19105 -1.34852
-7.09337 -1.54708
-6.92518 -1.39791
-6.67037 -1.21936
-6.79518 -1.5142
-6.56605 -1.50683
-6.28091 -1.37222
-6.37141 -1.78356
-6.17514 -1.53978
-6.17474 -1.71086
-6.37115 -2.08782
-6.56893 -2.22973
-6.62775 -1.89978
-6.79117 -2.20111
-6.78011 -2.60985
-6.98196 -2.55418
-6.96111 -2.98817
-6.93397 -3.40428
-7.16346 -3.34695
-7.11166 -2.96419
-7.25471 -3.15464
-7.18806 -2.71605
-7.36075 -3.0463
-7.36638 -2.72368
-7.25239 -2.38347
-7.07566 -2.23242
-7.17151 -2.06398
-7.30763 -2.15037
-7.23366 -1.83609
-6.98796 -1.72136
-7.13572 -1.67418
-7.39364 -2.20669
-7.38554 -2.42553
-7.46348 -2.31243
-7.4279 -2.15115
-7.48902 -2.50756
-7.45087 -2.69769
-7.4544 -2.87537
-7.42652 -2.93807
-7.38828 -3.3728
-6.92883 -2.0954
-6.80028 -1.78118
-6.86332 -1.64751
-7.31328 -3.44548
-7.41948 -3.62459
-7.34129 -3.73073
-7.1535 -3.73122
-7.31839 -3.9688
-7.23026 -4.04601
-7.03958 -3.98023
-6.99125 -3.6994
-6.35148 -0.239154
-6.46595 -0.412765
-6.37799 -0.410053
-6.12017 -0.207792
-6.21585 -0.119784
-6.04384 0.0254813
-5.91839 -0.0635762
-5.81086 -0.237604
-5.96271 -0.342509
-5.82548 -0.3471
-5.91541 -0.468984
-5.8324 -0.708579
-6.12078 -0.660615
-6.14305 -0.44988
-6.36069 -0.609784
-6.58506 -0.503221
-6.77101 -0.567518
-6.89575 -0.680646
-5.40509 0.260517
-8.22258 -4.77241
-7.65686 -5.3345
-7.63385 -5.62937
-4.49723 0.394682
-2.91934 -0.184219
-2.61903 -0.140137
-2.70387 -0.359226
-2.49171 -0.362865
-2.51685 -0.538152
-2.37046 -0.27095
-3.14579 -0.265142
-2.62754 -0.898069
-2.65695 -1.01612
-2.71812 -1.24465
-2.77495 -1.53848
-3.14997 -2.17575
-3.22467 -2.5969
-3.39422 -3.02216
-3.58384 -3.23116
-3.63448 -3.54172
-3.56057 -3.81929
-2.72217 -5.62678
-2.50905 -5.7856
-3.23062 -7.16986
-3.41264 -6.98122
-3.42802 -7.15558
-4.13793 -6.51976
-1.06384 -9.26345
-1.17178 -9.42928
-1.09635 -9.59426
-0.85722 -9.56519
-0.974863 -9.67275
-0.831975 -9.67657
-0.970092 -9.77227
-1.11045 -9.73369
-1.48637 -9.8794
-1.49279 -9.92441
-1.65179 -5.15363
-1.49023 -5.33744
0.327819 -7.48458
0.334056 -7.67209
0.25272 -8.02115
0.310036 -7.12725
0.338311 -6.78954
0.325242 -6.95664
0.120104 -8.1402
-0.727016 -2.55625
-7.40238 -9.68537
