-4.66388 -0.777074
-4.78475 -0.891849
-4.69945 -0.839523
-4.81621 -0.983666
-4.78642 -0.938756
-4.92189 -1.09672
-5.02261 -1.21627
-4.88016 -1.02972
-5.09284 -1.28146
-4.924 -1.05101
-5.03371 -1.15229
-4.87238 -0.946573
-4.7378 -0.820544
-4.73032 -0.724473
-4.96363 -0.979061
-4.81901 -0.760889
-4.89682 -0.802215
-5.06862 -1.00948
-5.02586 -0.882897
-5.24434 -1.14601
-5.09103 -0.851671
-4.85364 -0.631974
-4.93188 -0.586507
-5.14715 -0.7553
-4.93166 -0.382769
-5.203 -0.665163
-5.18319 -0.487387
-5.00301 -0.233573
-5.2119 -0.310875
-5.42338 -0.594858
-5.49873 -0.43317
-5.71945 -0.71772
-5.86358 -0.556135
-6.11979 -0.890305
-6.25713 -0.628979
-6.45093 -0.851786
-6.57191 -0.750368
-6.54793 -0.554523
-6.23077 -0.338911
-6.50156 -0.314682
-6.82092 -0.480308
-6.63484 -0.159379
-6.23355 0.0185781
-6.49487 0.114985
-6.26657 0.360755
-5.98843 0.434225
-6.08144 0.658913
-5.75675 0.906156
-5.75119 0.516414
-5.53759 0.675023
-5.41083 0.966154
-5.47257 1.25221
-5.20661 1.2564
-5.2049 0.985093
-5.01831 1.10839
-4.93405 1.43755
-5.12284 1.56776
-5.31536 1.52805
-5.2148 1.82746
-4.98766 1.8273
-5.12323 2.01631
-5.04338 2.13388
-4.8876 2.08568
-4.98638 2.30961
-5.11229 2.35266
-5.08901 2.52807
-5.27101 2.55849
-5.21043 2.74723
-5.35196 2.9591
-5.21531 2.97708
-5.08849 2.75123
-5.31728 3.20454
-5.40148 3.44824
-5.42299 3.22409
-5.52001 3.15413
-5.46471 2.85464
-5.578 3.07231
-5.61874 2.89096
-5.45397 2.49251
-5.302 2.28544
-5.17954 2.23483
-5.2385 2.07943
-5.37457 2.07016
-5.38196 1.76013
-5.5153 1.87085
-5.55441 2.21381
-5.64709 2.55393
-5.77324 2.30766
-5.65678 1.98801
-5.81989 1.88077
-5.66453 1.66975
-5.49793 1.56192
-5.64712 1.35009
-5.86528 1.40701
-6.10359 0.979973
-6.14652 1.3551
-6.05028 1.74331
-6.38717 1.55557
-6.20751 2.07822
-6.4466 2.03939
-6.364 2.51514
-6.70459 2.24192
-6.61097 2.64947
-6.51542 2.95166
-6.86658 2.84653
-6.6387 3.39772
-6.89391 3.41827
-6.76937 3.72563
-6.61184 3.71013
-6.39094 3.75977
-6.63265 3.89567
-6.53794 4.1121
-6.7841 4.09118
-6.99582 3.73662
-7.09364 4.06545
-6.90261 4.4808
-6.52771 4.50979
-6.68979 4.76153
-6.86338 4.81548
-6.68609 5.03877
-6.45917 4.94288
-6.4898 5.28933
-6.71202 5.34352
-6.54216 5.64884
-6.76555 5.61827
-6.72943 5.85889
-6.54742 6.01983
-6.29791 5.82323
-6.34003 6.15097
-6.6198 6.34933
-6.41934 6.39348
-6.18397 6.33095
-6.14967 6.13784
-6.02164 6.18765
-6.02384 6.02159
-5.89892 6.10511
-5.83259 5.86065
-5.81776 6.03386
-5.84379 6.18596
-5.81382 5.95041
-5.78352 6.39482
-5.78656 6.41664
-5.78206 6.57292
-5.79186 6.37071
-5.94984 6.61163
-5.86437 6.33966
-6.11361 6.5402
-5.86437 6.33966
-6.38111 6.56324
-6.38507 6.78201
-6.17841 6.81115
-6.39859 7.01321
-6.20628 7.01687
-6.00608 6.9051
-5.88253 6.74808
-6.10658 7.02751
-6.20744 7.14935
-6.34517 7.16618
-6.31647 7.27306
-6.45995 7.35763
-6.48232 7.18806
-6.57035 7.12768
-6.62243 7.00198
-6.71327 7.16007
-6.8788 7.11154
-6.82483 6.87442
-6.60077 6.76532
-6.79294 6.61105
-6.56783 6.5733
-6.86599 6.37292
-6.7936 6.13031
-7.06886 6.20203
-6.95055 5.90462
-6.83347 5.77076
-6.94454 5.6462
-6.93098 5.37727
-7.12376 5.44621
-7.19199 5.11567
-6.9161 5.06745
-7.12538 4.73309
-7.41683 4.78429
-7.36443 4.53405
-7.22862 4.34729
-7.49018 4.29871
-7.40161 3.94783
-7.21929 3.71953
-7.40749 3.47598
-7.14681 3.31241
-7.37754 3.07553
-7.20779 2.84262
-7.15393 2.35669
-6.92904 2.37182
-6.9869 2.02325
-6.87032 1.68277
-6.62322 1.77177
-6.75018 1.32834
-6.61599 1.026
-6.34269 1.07776
-6.5276 0.708607
-6.31222 0.850116
-6.29799 0.647599
-6.53329 0.365111
-6.79509 0.362943
-6.78916 0.0299429
-7.05132 0.0463879
-7.01716 0.408231
-6.78334 0.661685
-6.91712 0.838825
-7.20162 0.547178
-7.30532 0.065832
-7.45608 0.282694
-7.35588 0.677238
-7.11174 1.13046
-7.42337 1.00211
-7.29125 1.47608
-7.52768 1.38747
-7.42075 1.93835
-7.65523 1.72343
-7.66056 2.20321
-7.4576 2.60316
-7.18479 1.87646
-7.0882 1.62574
-7.73208 2.67538
-7.6219 3.12502
-7.83056 3.0091
-7.85531 3.382
-7.98402 3.10522
-8.00562 3.35027
-8.02157 3.60634
-7.84722 3.81017
-8.03415 4.0232
-7.84484 4.11747
-7.66436 4.03692
-7.72646 4.36456
-7.53752 4.53205
-7.68374 4.69167
-7.91852 4.55246
-7.88722 4.84173
-7.70369 4.91688
-7.56736 4.88961
-7.58338 5.06754
-7.43701 5.04104
-7.43019 5.38892
-7.77137 5.15094
-7.7482 5.54819
-7.52963 5.65774
-7.36862 5.78744
-7.58531 5.91083
-7.35136 6.10906
-7.17803 5.94582
-7.26921 6.39309
-7.46667 6.33283
-7.38289 6.50381
-7.52125 6.59127
-7.70505 6.26157
-7.53196 6.15149
-7.84336 5.87879
-7.93207 5.63294
-7.92877 5.48985
-7.95807 5.33007
-8.05132 5.50194
-8.16978 5.30289
-8.05164 5.05404
-8.17488 4.7166
-8.30408 5.0515
-8.44268 4.80923
-8.4074 4.59002
-8.27909 4.44016
-8.09916 4.37472
-8.26731 4.14183
-8.2239 3.72918
-8.36147 3.9156
-8.43222 4.08098
-8.4524 4.32648
-8.61023 4.04652
-8.62661 4.33385
-8.57236 4.53339
-8.52605 4.67563
-8.67779 4.75393
-8.74678 4.45865
-8.88611 4.57539
-8.92367 4.81481
-9.11397 4.55653
-8.96 4.25387
-9.22744 4.20799
-9.11468 3.96257
-8.98268 3.96925
-8.83262 3.9264
-9.0168 3.64211
-8.78407 3.43425
-8.70755 3.78379
-8.59203 3.65261
-8.63534 3.37056
-8.49415 3.28093
-8.41293 3.65557
-8.48134 3.88744
-8.31891 3.38762
-8.31618 2.93879
-8.14221 3.28603
-8.10919 2.83769
-7.93178 2.74077
-8.04233 2.44181
-7.86347 2.34956
-7.98146 2.06263
-7.81933 1.92867
-7.94814 1.63479
-7.79569 1.56543
-7.70246 1.35184
-7.85915 1.2087
-7.67732 0.937652
-7.88919 0.757196
-7.79004 0.452587
-7.57073 0.549829
-7.70865 0.0919071
-7.56568 -0.102692
-7.73435 -0.24454
-7.66449 -0.412568
-7.48695 -0.281261
-7.54407 -0.547083
-7.29045 -0.309016
-7.04334 -0.203706
-7.11397 -0.462272
-6.89142 -0.264889
-7.15142 -0.765192
-6.82185 -0.748567
-7.01666 -0.954665
-6.72526 -0.908613
-6.85177 -1.0615
-6.53718 -1.02681
-6.72586 -1.21495
-6.30613 -1.17283
-6.02855 -1.08875
-5.82536 -0.958314
-5.86949 -1.11845
-5.64922 -1.02157
-5.5987 -0.82037
-5.4006 -0.760687
-5.39893 -0.936386
-5.66259 -1.2385
-5.37757 -1.11562
-5.62303 -1.39436
-5.51242 -1.41534
-5.42656 -1.46121
-5.20833 -1.24996
-5.37442 -1.49653
-5.24279 -1.40497
-5.10734 -1.20725
-5.42585 -1.61018
-5.3967 -1.62943
-5.27653 -1.51333
-5.25123 -1.51471
-5.37418 -1.65696
-5.46501 -1.76382
-5.37701 -1.67821
-5.24741 -1.51296
-5.12983 -1.36048
-5.08341 -1.2536
-5.03638 -1.20791
-4.9276 -1.08863
-4.89981 -1.02489
-5.03384 -1.15068
-5.12212 -1.28254
-5.24602 -1.44076
-5.15799 -1.29776
-5.28449 -1.46391
-5.5879 -1.75247
-5.43311 -1.61539
-5.63271 -1.86128
-5.56834 -1.86191
-5.71365 -1.99023
-5.70311 -2.00283
-5.55808 -1.88267
-5.40772 -1.70441
-5.47715 -1.82048
-5.62237 -1.93743
-5.61667 -1.88947
-5.47658 -1.76161
-5.52465 -1.7626
-5.67454 -1.87241
-5.55206 -1.68767
-5.72854 -1.82285
-5.66696 -1.68209
-5.84078 -1.85815
-5.85163 -1.96519
-6.04331 -1.96111
-5.98937 -2.06462
-5.89725 -2.07742
-5.7623 -1.98604
-5.7663 -2.01844
-5.88769 -2.11818
-5.75785 -2.0567
-5.8349 -2.10082
-5.8551 -2.10324
-5.95673 -2.15666
-6.01138 -2.17374
-5.98899 -2.15167
-6.11801 -2.1772
-6.03042 -2.12251
-6.13031 -2.10644
-6.30822 -2.16126
-6.25405 -2.22577
-6.10271 -2.21886
-6.23445 -2.25727
-6.14266 -2.2367
-6.04305 -2.1914
-6.20645 -2.23384
-6.11862 -2.1857
-5.95942 -2.12258
-5.80198 -2.01408
-5.89483 -1.95663
-5.74824 -1.87561
-6.04833 -2.02072
-6.1637 -2.05277
-6.0651 -2.10315
-6.23302 -2.1669
-6.24957 -2.21673
-6.38216 -2.19918
-6.45012 -2.05419
-6.30761 -2.06052
-7.10586 -1.86074
-6.90459 -1.92047
-6.80601 -1.94262
-6.69841 -1.96374
-6.66914 -1.98719
-6.56895 -2.01696
-6.53314 -2.10785
-6.71768 -2.02769
-6.55519 -2.16171
-6.35811 -2.23301
-6.45028 -2.22178
-6.55708 -2.20067
-6.47136 -2.22743
-6.34284 -2.25025
-6.37045 -2.25107
-6.51638 -2.22755
-6.62409 -2.19183
-6.66466 -2.18598
-6.8236 -2.12144
-6.70831 -2.13
-6.93729 -2.03661
-6.80558 -2.05457
-7.02338 -1.96717
-6.95808 -1.95487
-7.17209 -1.85844
-7.19245 -1.85717
-7.08421 -1.94495
-7.19499 -1.86948
-7.32796 -1.78503
-7.37119 -1.75158
-7.58599 -1.69302
-7.33922 -1.80245
-7.50786 -1.75149
-7.30822 -1.8312
-7.25438 -1.85512
-7.46911 -1.78731
-7.75668 -1.70248
-7.8566 -1.64978
-7.9982 -1.64726
-8.05465 -1.64148
-7.90513 -1.68253
-7.70676 -1.75313
-7.56847 -1.78956
-7.60005 -1.79772
-7.79719 -1.73011
-7.67874 -1.78077
-7.89813 -1.73421
-8.05085 -1.67333
-8.20582 -1.64518
-8.05774 -1.67222
-8.15381 -1.67155
-8.46578 -1.58238
-8.48139 -1.5645
-8.3069 -1.61452
-8.49914 -1.55143
-8.37081 -1.58237
-8.20221 -1.61255
-8.47606 -1.5463
-8.26542 -1.58848
-8.19864 -1.60063
-8.4024 -1.5583
-8.354 -1.54913
-8.11582 -1.60431
-8.19466 -1.57618
-8.08801 -1.58768
-7.94893 -1.60401
-7.80041 -1.6214
-7.63807 -1.64164
-7.4945 -1.69836
-7.46778 -1.69248
-7.40666 -1.72577
-7.2922 -1.77266
-8.62884 -1.50596
-8.93534 -1.45305
-8.77665 -1.47926
-8.67333 -1.50693
-8.69305 -1.5088
-8.93021 -1.47168
-8.88402 -1.48209
-9.09402 -1.48446
-9.28652 -1.44459
-9.1073 -1.44346
-10.1003 -1.29313
-9.80679 -1.40165
-9.64197 -1.42148
-9.46693 -1.43392
-9.62086 -1.47873
-9.45869 -1.48431
-9.54597 -1.53068
-9.36924 -1.51537
-9.22051 -1.51948
-9.42761 -1.51997
-9.17922 -1.52463
-9.28642 -1.50279
-9.1175 -1.49111
-9.19719 -1.44015
-8.93102 -1.47691
-8.96348 -1.51591
-8.70752 -1.5064
-8.70034 -1.47646
-8.7996 -1.42937
-8.56878 -1.44802
-8.66862 -1.36008
-8.92662 -1.33236
-8.76366 -1.25072
-8.95173 -1.2116
-8.85796 -1.14271
-8.67166 -1.14095
-8.82154 -1.01102
-8.60548 -0.975782
-8.75292 -0.816493
-8.94843 -0.864011
-8.93014 -0.650254
-9.15126 -0.728962
-9.08346 -0.477553
-9.29012 -0.447327
-9.17406 -0.13891
-8.90442 -0.32878
-8.9644 0.167023
-9.21217 0.334037
-9.06627 0.342816
-9.05334 0.592515
-8.84354 0.619476
-8.99199 0.997958
-9.10915 0.935085
-9.17579 1.32384
-9.24995 0.85348
-9.39454 1.28211
-9.38391 1.80369
-9.18302 1.85676
-9.32482 2.29292
-9.09711 2.30637
-9.27753 2.77519
-9.50579 2.70671
-9.40833 3.18008
-9.62257 3.19101
-9.49585 3.4705
-9.62293 3.56225
-9.47296 3.74864
-9.34627 3.5611
-9.30478 3.89307
-9.19637 3.68556
-9.195 3.27028
-8.98603 3.11122
-9.10977 2.82979
-8.97428 2.64901
-8.84369 2.17616
-8.80425 2.78756
-8.70682 2.38587
-8.63951 2.65071
-8.65013 3.06624
-8.50875 2.8159
-8.53426 2.48838
-8.39784 2.44157
-8.21608 2.47882
-8.28543 2.05849
-8.12909 2.12765
-8.17163 1.83602
-8.07021 1.8436
-8.10744 1.52134
-8.0027 1.30124
-8.00668 0.989595
-8.09345 1.18458
-8.14198 0.924143
-8.05419 0.646984
-7.95626 0.429409
-8.09941 0.301141
-7.94803 0.0839171
-8.13426 -0.0105332
-8.06778 -0.303816
-7.87716 -0.2362
-7.95967 -0.469708
-7.83011 -0.475965
-7.95027 -0.670533
-7.76458 -0.701902
-7.9767 -0.932721
-7.72648 -0.920055
-7.59894 -0.777926
-7.49425 -0.931542
-7.38467 -0.65422
-7.27494 -1.00451
-7.4507 -1.11858
-7.15458 -1.16793
-7.50933 -1.28321
-7.25686 -1.32098
-7.00008 -1.32753
-6.67411 -1.40066
-6.47575 -1.31841
-6.4249 -1.41947
-6.23815 -1.3488
-6.03723 -1.2313
-5.9732 -1.35638
-5.83181 -1.21142
-5.86971 -1.48261
-6.24447 -1.51842
-6.02792 -1.67021
-5.75666 -1.59191
-5.90478 -1.77928
-6.109 -1.82146
-6.26517 -1.90403
-6.30314 -2.03801
-6.41939 -1.94024
-6.43539 -1.84753
-6.32437 -1.73486
-6.59136 -1.75038
-6.63268 -1.5741
-6.4922 -1.48471
-6.93332 -1.46135
-6.96813 -1.5767
-6.812 -1.67665
-6.96867 -1.65124
-7.14385 -1.62633
-7.17291 -1.54598
-7.35671 -1.53708
-7.28784 -1.47876
-7.10491 -1.49511
-7.16876 -1.41535
-7.40281 -1.39827
-7.50239 -1.47024
-7.6436 -1.40972
-7.8682 -1.33749
-7.86262 -1.46002
-8.09435 -1.44267
-8.18108 -1.35014
-8.05231 -1.19608
-8.31479 -1.24238
-8.23799 -1.06666
-8.2219 -0.851248
-8.08653 -0.742185
-8.2147 -0.574923
-8.40676 -0.719351
-8.40785 -0.947847
-8.52697 -0.848966
-8.60382 -0.688573
-8.50422 -0.525692
-8.66272 -0.381765
-8.47911 -0.281827
-8.37658 -0.481689
-8.2835 -0.220474
-8.44302 0.0690158
-8.61634 -0.0348704
-8.61183 0.430511
-8.75478 0.192198
-8.72135 1.039
-8.53008 0.814337
-8.53692 1.3301
-8.38601 0.895956
-8.34534 1.29538
-8.26158 0.974128
-8.23145 0.607489
-8.20175 1.242
-8.40955 0.474973
-8.26708 0.180596
-8.25497 1.61822
-8.42248 1.78854
-8.40284 2.11563
-8.50018 2.18662
-8.62312 1.96784
-8.7322 1.60397
-8.94768 1.54025
-8.86916 1.03891
-8.60435 2.33463
-8.77485 -0.0996217
-8.76725 -0.588175
-8.05751 -0.572301
-8.62055 -0.845026
-8.46043 -1.1205
-7.73285 -1.12662
-8.54515 -1.26285
-8.43044 -1.3648
-8.33884 -1.4481
-8.50461 -1.50397
-8.27713 -1.51086
-8.04246 -1.53216
-8.209 -1.55783
-8.31298 -1.54208
-8.32705 -1.58629
-8.10084 -1.60938
-7.93111 -1.63233
-7.94654 -1.57887
-7.82143 -1.52049
-7.6925 -1.47117
-7.60653 -1.5236
-7.40984 -1.61839
-7.68078 -1.6016
-7.51207 -1.66693
-7.37896 -1.73638
-7.17507 -1.71274
-7.17307 -1.79441
-7.36201 -1.80928
-7.22339 -1.84568
-7.06569 -1.90533
-7.00553 -1.87159
-6.88908 -1.95576
-6.92888 -2.01467
-6.80433 -2.06567
-6.79264 -2.13261
-6.96397 -2.05079
-7.04819 -1.99563
-7.10636 -1.96364
-7.04917 -1.96383
-7.20518 -1.8975
-7.40287 -1.82237
-7.32936 -1.84068
-7.49147 -1.82561
-7.48373 -1.80345
-7.48048 -1.77451
-7.6252 -1.77763
-7.57461 -1.71278
-7.77739 -1.70037
-7.96912 -1.69241
-7.83191 -1.56303
-7.74067 -1.5435
-7.18205 -1.87423
-7.0815 -1.94587
-6.64565 -2.1324
-6.66562 -2.16573
-6.56491 -2.18959
-6.47869 -2.1698
-6.41606 -2.2122
-6.47889 -2.09597
-6.51435 -1.9955
-6.6364 -2.03893
-6.66653 -1.9462
-6.59666 -1.87623
-6.81 -1.85693
-6.75255 -1.78163
-6.95431 -1.72178
-7.00151 -1.79822
-6.88912 -1.88513
-6.83051 -1.88763
-6.78276 -1.94202
-6.75132 -2.04078
-8.4509 -1.53697
-8.59225 -1.54191
-8.79757 -1.55449
-8.71889 -1.53052
-8.99273 -1.52784
-9.00409 -1.54574
-8.99969 -1.5388
-8.81453 -1.53621
-9.22347 -1.50144
-9.30292 -1.47564
-9.35022 -1.48879
-9.39516 -1.47398
-9.469 4.05459
-9.59887 3.81884
-9.6846 3.96084
-9.58733 4.20307
-9.40135 4.41071
-9.60002 4.3783
-9.51423 4.63885
-9.72101 4.45118
-9.70551 4.76197
-9.48211 4.87874
-9.40059 4.79902
-9.32692 4.93577
-9.29015 4.7392
-9.16893 4.97841
-9.23448 5.13635
-9.09724 5.18594
-9.14468 5.35974
-8.97448 5.44277
-9.07672 5.6153
-9.19715 5.53997
-9.14092 5.86036
-8.91149 5.91429
-8.98471 6.22608
-9.1426 6.22287
-8.99197 6.49685
-9.14861 6.52273
-8.98484 6.77811
-9.15161 6.76322
-9.00984 7.04736
-8.81081 7.0183
-8.78454 7.25099
-8.67451 7.19446
-8.66844 7.04068
-8.51032 7.2412
-8.62686 7.33439
-8.53455 7.40936
-8.68792 7.43755
-8.44941 7.5852
-8.66354 7.6522
-8.81511 7.5025
-8.83644 7.61485
-8.80653 7.73504
-8.65044 7.7527
-8.46198 7.76348
-5.47778 3.63188
-5.54412 3.81138
-5.54664 3.55742
-5.51153 3.35507
-5.64258 3.39347
-5.63775 3.22581
-5.74735 3.21813
-5.64294 3.11896
-5.84986 2.83341
-5.97516 3.31311
-5.83253 3.54229
-6.06823 3.65761
-5.88324 3.96777
-5.68005 3.70328
-5.68392 3.9501
-5.69432 4.24255
-5.6251 4.02474
-5.73834 4.42725
-5.72942 4.67697
-5.90608 4.44455
-5.93069 4.84525
-6.18494 4.5689
-6.09093 4.23403
-6.1563 3.96722
-6.32305 4.22185
-6.19051 3.39496
-6.37378 3.28457
-6.23713 3.18592
-6.09841 3.07691
-6.27163 2.9643
-6.10069 2.7233
-5.94674 2.49545
-5.96542 2.1606
-6.10335 2.40375
-6.34211 4.76626
-6.17844 4.96039
-6.2978 5.19712
-6.07035 5.30866
-6.29753 5.48235
-6.11869 5.61659
-5.97009 5.52239
-5.90688 5.37557
-5.8397 5.4764
-5.85531 5.64143
-5.73983 4.86571
-5.80415 4.93007
-5.78833 5.04091
-5.81615 5.34938
-5.82288 5.22487
-5.99521 5.08663
-5.85572 5.76915
-5.97607 5.73011
-6.07182 5.84149
-6.17797 5.99534
-6.61539 7.43061
-6.6377 7.27608
-6.7643 7.38532
-6.85991 7.28366
-6.93649 7.43164
-6.77277 7.50455
-7.0188 7.55859
-7.061 7.72649
-7.19354 7.63429
-7.13106 7.49507
-7.29569 7.55639
-7.26908 7.42826
-7.07202 7.3617
-7.21852 7.27009
-7.01775 7.2582
-7.08705 7.12992
-7.05561 6.93575
-7.27407 7.01125
-7.25434 6.69212
-6.99982 6.73515
-7.04865 6.50922
-7.42182 6.83427
-7.4564 6.99424
-7.4218 7.16986
-7.56833 7.07013
-7.60248 7.23146
-7.76577 7.04497
-7.59014 6.86769
-7.7923 6.65352
-8.01728 6.87334
-8.03045 6.51807
-7.88542 6.40434
-7.99613 6.16796
-8.21982 6.30594
-8.26213 6.67805
-8.44868 6.34382
-8.49306 6.66997
-8.38378 6.89599
-8.55624 6.92303
-8.38951 7.09594
-8.22344 7.02925
-8.28436 7.26227
-8.01761 7.23698
-8.18089 7.52249
-8.01437 7.44205
-7.87373 7.43551
-7.98342 7.56984
-7.80558 7.61515
-7.64219 7.46898
-7.78089 7.2849
-7.43666 7.35215
-7.45942 7.53172
-7.69052 7.69384
-7.42528 7.69769
-7.5243 7.75853
-7.23375 7.76865
-7.8112 7.71698
-7.96426 7.74147
-7.93709 7.70326
-8.08909 7.7017
-8.27619 7.76405
-8.38464 7.43552
-8.12226 7.75613
-6.89537 7.65721
-8.65604 6.63509
-8.63098 6.40546
-8.80421 6.37162
-8.79883 6.7318
-8.89479 6.46307
-8.7474 6.16901
-8.62628 6.14579
-8.52228 6.05843
-8.37544 6.0231
-8.50854 5.87071
-8.43003 5.73812
-8.28501 5.75353
-8.19342 6.00669
-8.0755 5.78232
-8.20358 5.54307
-8.39795 5.42033
-8.54199 5.0628
-8.63357 5.33668
-8.55569 5.63104
-8.69216 5.56335
-8.64087 5.85046
-8.80153 5.67865
-8.74708 5.95518
-8.80889 5.34881
-8.97605 5.08206
-8.76474 5.06121
-9.09742 4.83443
-9.09532 7.68593
-8.9636 7.71284
-9.18456 7.55457
-9.09 7.49528
-8.95639 7.48995
-9.13237 7.32251
-8.93033 7.31727
-9.12255 7.16691
-9.29296 6.89369
-9.2622 7.14809
-9.42574 7.03118
-9.34115 7.23574
-9.52022 7.09724
-9.48932 7.25426
-9.34287 7.39776
-9.21962 7.40169
-9.33577 7.54951
-9.49107 7.39255
-9.22294 7.63663
-9.67121 7.2519
-9.58234 7.15706
-9.66591 7.03298
-9.62223 6.87575
-9.81994 6.7953
-9.77258 6.63698
-9.6364 6.70229
-9.50906 6.82985
-9.55108 6.53444
-9.33857 6.50557
-9.51462 6.2122
-9.39716 6.17782
-9.27071 6.28259
-9.32845 5.94774
-9.51641 5.89182
-9.4876 5.5938
-9.32368 5.58863
-9.47 5.29792
-9.29181 5.32403
-9.38988 5.09452
-9.54072 5.02791
-9.66417 5.12452
-9.83308 4.87314
-9.95341 4.56307
-9.85159 4.46913
-9.99324 4.26138
-9.87311 4.28098
-9.7909 4.13291
-9.99083 4.0522
-9.98164 3.86685
-9.87699 3.78509
-9.75519 3.6668
-9.961 3.41741
-9.78108 3.35117
-9.93045 3.02581
-9.7745 3.11423
-9.75506 2.79192
-9.94606 2.63753
-9.84345 2.35401
-9.65258 2.35414
-9.48827 2.24279
-9.56888 1.9945
-9.57671 1.59149
-9.75405 1.92624
-9.82787 1.33291
-9.57003 1.18469
-9.64414 0.790597
-9.44679 0.943708
-9.40722 0.631968
-9.52833 0.296431
-9.33631 0.0665582
-9.46835 -0.141667
-9.78888 0.066156
-9.79605 0.443503
-10.0179 0.350597
-10.049 0.0870953
-9.97602 -0.197072
-9.68834 -0.26698
-9.71134 -0.532691
-9.50965 -0.4291
-9.41108 -0.64899
-9.54324 -0.784263
-9.32889 -0.855452
-9.11046 -1.04043
-9.49036 -0.993929
-9.34598 -1.18571
-9.12513 -1.23804
-9.26163 -1.27126
-9.18322 -1.34395
-9.4141 -1.30194
-9.36985 -1.39621
-9.00765 -1.40781
-9.46739 -1.47431
-9.5775 -1.38672
-9.71462 -1.45659
-9.64224 -1.49976
-9.60139 -1.52378
-9.76375 -1.51215
-9.74835 -1.50739
-9.94834 -1.50146
-9.85979 -1.47675
-10.1312 -1.46094
-10.0631 -1.42043
-9.91873 -1.39855
-10.1141 -1.35784
-9.95808 -1.35391
-10.2483 -1.28955
-10.424 -1.18305
-10.2341 -1.20931
-10.3766 -1.1376
-10.5231 -1.0439
-10.8306 -0.792147
-11.1729 -0.548395
-11.3442 -0.426169
-11.2661 -0.517849
-11.36 -0.501515
-11.4344 -0.353638
-11.5239 -0.243699
-11.4757 -0.46748
-11.5763 -0.283725
-11.5343 -0.41796
-11.5974 -0.321858
-11.5516 -0.442914
-11.4627 -0.568632
-11.5301 -0.544276
-11.6311 -0.359715
-11.6359 -0.384461
-11.5701 -0.577217
-11.4492 -0.749007
-11.4494 -0.687545
-11.3785 -0.789675
-11.3163 -0.921931
-11.3755 -0.891096
-11.4848 -0.724338
-11.4155 -0.833137
-11.5012 -0.676525
-11.3747 -0.836994
-11.3112 -0.961114
-11.25 -0.978844
-11.159 -1.08967
-11.0946 -1.09529
-11.1913 -0.938689
-11.3271 -0.81884
-11.3028 -0.772605
-11.2152 -0.78011
-11.0851 -0.933354
-11.0918 -0.790327
-11.2826 -0.562809
-11.1607 -0.579611
-11.0267 -0.686098
-10.9008 -0.878806
-10.8684 -0.703236
-10.7326 -0.947921
-10.646 -0.856603
-10.5803 -1.02533
-10.416 -1.00099
-10.4543 -1.16273
-10.621 -1.0907
-10.5958 -1.19537
-10.4382 -1.29087
-10.2807 -1.28071
-10.297 -1.35513
-10.1273 -1.37613
-10.1342 -1.28432
-10.2367 -1.17571
-10.0344 -1.22518
-9.98354 -1.3334
-9.87721 -1.2825
-9.79432 -1.36696
-9.67678 -1.25484
-9.8955 -1.18246
-9.80518 -1.04403
-9.55641 -1.1521
-9.79407 -0.788757
-10.1405 -0.794318
-10.1221 -1.05441
-10.3298 -0.873034
-10.5358 -0.783754
-10.4392 -0.682686
-10.6246 -0.607402
-10.7332 -0.642575
-10.7717 -0.466083
-10.9287 -0.441674
-11.0995 -0.458495
-11.1222 -0.194118
-10.894 -0.183993
-11.1754 0.129349
-11.011 0.168061
-10.7931 0.0747918
-10.933 0.265124
-10.7924 0.328295
-10.9569 0.464145
-10.8226 0.505507
-10.8391 0.705294
-11.0369 0.751376
-11.121 0.424347
-11.0258 0.323478
-11.2564 0.747768
-11.2733 0.429504
-11.3471 0.287405
-11.2874 0.0137352
-11.4088 0.158502
-11.3753 -0.0800835
-11.2423 -0.21791
-11.2724 -0.367243
-11.4189 -0.27176
-11.4071 -0.44902
-11.3492 -0.620671
-11.4767 -0.463981
-11.4257 -0.637105
-11.551 -0.423551
-11.4926 -0.572028
-11.4474 -0.686474
-11.5684 -0.507214
-11.6032 -0.498132
-11.5927 -0.559744
-11.6702 -0.368364
-11.6577 -0.390611
-11.7492 -0.205816
-11.7596 -0.175731
-11.6752 -0.331687
-11.7571 -0.117451
-11.8114 0.0647221
-11.7901 -0.0361055
-11.8399 0.116937
-11.8189 0.0228707
-11.7373 -0.201986
-11.8035 -0.00720263
-11.711 -0.192356
-11.7539 -0.0141375
-11.6749 -0.173348
-11.6181 -0.220889
-11.6587 -0.124393
-11.6186 -0.12477
-11.694 0.00457144
-11.8283 0.278794
-11.7617 0.139472
-11.8257 0.159932
-11.8972 0.42106
-11.8795 0.27791
-11.9607 0.606781
-11.9597 0.475725
-11.9122 0.260355
-11.9768 0.451606
-11.9047 0.265987
-11.9569 0.468167
-11.8594 0.260825
-11.8571 0.358188
-11.9389 0.600756
-11.8248 0.439718
-11.8647 0.588786
-11.7762 0.554042
-11.875 0.739851
-11.7501 0.827822
-11.8637 0.978956
-11.9924 0.907223
-12.0144 0.69221
-12.0301 0.864309
-12.0072 0.653973
-12.0201 0.81398
-11.9905 0.655228
-11.9965 0.77297
-11.9867 0.7626
-12.0362 0.902086
-12.0375 0.933107
-11.6698 2.77308
-11.6064 2.96087
-11.5335 3.15844
-11.478 3.38358
-11.3926 3.54731
-11.447 3.31114
-11.3193 3.55601
-11.2718 3.77362
-11.1721 3.87808
-11.1836 3.69151
-11.2894 3.45197
-11.4258 3.22173
-11.3459 3.22442
-11.2463 3.39148
-11.3772 2.98545
-11.4484 2.98526
-11.4777 2.79314
-11.515 2.56138
-11.3665 2.73104
-11.5127 2.26744
-11.6141 2.20319
-11.6778 1.8878
-11.555 1.93184
-11.4614 2.17512
-11.3598 2.45575
-11.3918 2.09816
-11.2245 2.55365
-11.1751 2.97109
-11.1219 2.823
-10.9975 3.10884
-10.9912 3.40796
-10.8419 3.57802
-10.8129 3.33376
-10.9218 2.97365
-11.0835 2.68585
-10.9422 2.64178
-10.7685 3.10881
-10.7865 2.86122
-10.6675 3.02607
-10.5387 3.45634
-10.5229 3.19039
-10.5948 2.87434
-10.7746 2.67224
-10.6889 2.63813
-10.7639 2.41301
-10.9528 2.25467
-10.8783 2.05749
-11.0385 1.89355
-11.0111 1.69086
-11.1932 1.58036
-11.1281 1.37778
-11.2837 1.15312
-11.1023 1.08822
-10.95 1.43708
-10.8173 1.12356
-10.7498 1.54159
-10.5723 1.48029
-10.5588 1.84118
-10.4236 1.73195
-10.3829 1.96677
-10.2316 1.87618
-10.3545 1.49938
-10.1032 1.52959
-10.2814 1.22974
-10.1075 1.13462
-9.92418 1.74971
-10.041 1.89625
-9.91907 2.0481
-10.0524 2.25576
-10.2673 2.22962
-10.1449 2.6501
-10.369 2.42765
-10.4277 2.13582
-10.5579 2.17996
-10.7796 1.85391
-10.6833 2.26999
-10.5009 2.52334
-10.6161 2.59556
-10.4617 2.84312
-10.3188 2.78145
-10.2902 3.10172
-10.4184 3.14612
-10.2454 3.39709
-10.1414 3.32505
-10.1338 3.06432
-10.0672 3.59541
-10.1632 3.73999
-10.3734 3.45303
-10.3023 3.78956
-10.396 3.90322
-10.5486 3.71942
-10.6661 3.4728
-10.6592 3.76217
-10.4747 4.0266
-10.541 4.19847
-10.7084 4.01518
-10.8779 3.83399
-10.7496 4.26294
-10.5973 4.42761
-10.649 4.62208
-10.5166 4.79621
-10.4145 4.62825
-10.3944 4.3403
-10.2636 4.61392
-10.2481 4.90604
-10.0672 4.98601
-10.1637 5.19805
-10.3391 5.10954
-10.213 5.31936
-10.1194 5.47864
-10.0091 5.397
-9.97447 5.76485
-9.83726 5.64423
-9.79098 5.9929
-9.6673 5.90985
-9.64902 6.19798
-9.68377 5.48795
-9.73608 6.28905
-9.72851 6.50323
-9.83276 6.32535
-9.90439 6.3949
-9.92661 6.55096
-10.0022 6.39797
-10.0328 6.27817
-10.0004 6.22794
-10.1523 6.07505
-10.0431 5.99802
-9.9318 6.23119
-9.88795 6.11195
-10.1241 5.7041
-10.2406 5.76228
-10.2342 5.47289
-10.3982 5.42624
-10.553 5.09304
-10.5907 4.84518
-10.6856 4.82537
-10.7916 4.48895
-10.8048 4.77033
-10.8973 4.4783
-10.9735 4.47944
-11.037 4.1877
-10.9338 4.2242
-11.0625 3.97222
-10.9899 3.91333
-10.876 4.11522
-10.9479 3.86473
-11.0603 3.54388
-11.1091 3.67241
-11.1576 3.4525
-11.2305 3.18
-11.1632 4.08732
-11.0415 4.50927
-10.8825 4.83839
-10.9877 4.78685
-10.8757 5.06379
-10.731 5.21923
-10.7737 5.32114
-10.6489 5.4456
-10.5831 5.43723
-10.6453 5.21464
-10.5349 5.38167
-10.4311 5.63322
-10.5435 5.58153
-10.46 5.7792
-10.3144 5.86577
-10.288 6.07194
-10.1162 6.29893
-10.1934 6.36229
-10.1325 6.4486
-10.0458 6.47212
-10.0863 6.52959
-10.0294 6.6141
-9.97303 6.8532
-10.0193 6.75358
-9.81104 7.03986
-10.4742 5.99955
-10.6256 5.8796
-10.6226 5.70351
-10.3722 6.14468
-10.5948 5.60629
-10.6854 5.50761
-10.8067 5.45873
-10.8955 5.22653
-10.9824 4.98731
-11.0854 4.75381
-11.0901 4.57286
-11.1779 4.52099
-11.1735 4.29347
-11.2716 4.29415
-11.3555 3.78486
-11.3114 3.79768
-11.3749 3.79443
-11.4342 3.61102
-11.4251 3.82242
-11.5093 3.84511
-11.4733 3.84982
-10.7346 5.68508
-11.3693 4.06817
-10.2986 6.27444
-10.6852 5.0059
-10.7429 5.03269
-9.88906 5.31558
-9.85085 5.09521
-9.57593 5.36843
-9.9649 4.81394
-10.1254 4.56998
-10.1736 4.19164
-10.308 4.26891
-10.1277 4.00591
-9.99106 0.768297
-10.3559 0.836177
-10.2015 0.531445
-10.2336 0.259277
-10.3897 0.461823
-10.4976 0.152529
-10.2115 0.015926
-10.2726 -0.163941
-10.1106 -0.479542
-10.5226 -0.237482
-10.3699 -0.539855
-10.6152 -0.458859
-10.6323 0.54663
-10.6457 0.872893
-10.512 1.16943
-11.4046 0.870429
-11.4058 0.585354
-11.5398 0.799892
-11.5071 0.416413
-11.6643 0.594368
-11.6032 0.345845
-11.4991 0.162771
-11.6092 0.160164
-11.4898 -0.0236879
-11.5479 -0.0822503
-11.5089 -0.287334
-11.6086 -0.120404
-11.5602 -0.294618
-11.6549 -0.158026
-11.6666 -0.275621
-11.7282 -0.0794591
-11.7905 0.113761
-11.7291 0.0376598
-11.7702 0.222144
-11.692 0.0568786
-11.7219 0.272998
-11.6464 0.0583828
-11.6849 0.389166
-11.6463 0.837722
-11.5973 0.939934
-11.5442 1.09895
-11.6503 1.05555
-11.5612 1.35783
-11.671 1.31715
-11.7507 1.07534
-11.7901 1.26387
-11.9145 1.12606
-11.8737 1.34849
-11.9733 1.20924
-12.0201 1.10515
-12.0193 1.37037
-12.0559 1.23935
-12.0524 1.04096
-12.0644 1.29587
-12.0641 1.11231
-12.0531 1.48314
-12.0138 1.67151
-11.9562 1.51089
-11.9317 1.79475
-11.8393 1.8198
-11.8453 1.57475
-11.7794 1.54914
-11.7858 1.75535
-11.7287 2.0497
-11.7371 2.26468
-11.8525 2.05445
-11.7552 2.39077
-11.6961 2.53205
-11.5991 2.65447
-11.6334 2.7861
-11.5381 2.9446
-11.5367 3.06505
-11.72 2.56202
-11.6416 2.34687
-11.8946 2.15477
-11.9639 1.90997
-11.682 1.5844
-11.558 1.65317
-11.4302 1.70046
-11.257 2.05273
-11.2946 1.70496
-11.4422 1.38181
-11.3381 1.37532
-11.4373 1.10398
-11.1375 1.92942
-11.1989 1.96675
-11.1013 2.20105
-11.1231 2.38238
-11.2246 2.34891
-9.4927 -1.23098
-9.9223 -1.42881
-10.0331 -1.45018
-10.2288 -1.41614
-10.0975 -1.46311
-10.2768 -1.42576
-10.3657 -1.37781
-10.4636 -1.36794
-10.3407 -1.39666
-10.3936 -1.37437
-10.556 -1.30014
-10.665 -1.28167
-10.6121 -1.30441
-10.7674 -1.25125
-10.7846 -1.2325
-10.6158 -1.27475
-10.3728 -1.30593
-10.6908 -1.209
-10.5105 -1.21799
-10.6871 -1.18162
-10.5955 -1.16892
-10.7538 -1.1381
-10.602 -1.09611
-10.8048 -1.04927
-10.7281 -1.00053
-10.6749 -0.930348
-10.8148 -0.929748
-10.9023 -0.825719
-10.997 -0.662595
-11.1471 -0.692851
-10.9518 -0.941878
-11.1395 -0.879428
-10.9837 -1.03499
-11.1692 -0.975272
-10.9744 -1.07082
-10.8577 -1.14055
-11.0694 -1.076
-10.9304 -1.14531
-10.8343 -1.18979
-11.014 -1.12067
-11.0753 -1.09172
-11.1226 -1.09397
-11.2256 -1.04243
-11.203 -1.01493
-11.3233 -0.847771
-11.2604 -0.833253
-11.3565 -0.664394
-11.2601 -0.713366
-11.4017 -0.728745
-10.9675 -1.1583
-10.9211 -1.18192
-11.0142 -1.07594
-10.8494 -1.19072
-10.926 -1.03353
-10.7312 -1.19371
-10.7518 -1.06589
-9.93983 -1.47934
-9.84027 -1.47678
-8.48864 -1.52775
-8.22157 -1.56906
-5.41704 -1.66714
-8.75521 4.22415
-7.92784 4.29504
-7.15831 5.69315
-7.63707 3.63799
-4.48219 -0.535369
-4.4319 -0.434951
-4.507 -0.574436
-4.38285 -0.340989
-4.34939 -0.244254
-4.40192 -0.341819
-4.32299 -0.146231
-4.30234 -0.0465333
-4.33918 -0.12132
-4.28555 0.0544856
-4.26796 0.15537
-4.3983 -0.0430192
-4.37051 0.188187
-4.51075 -0.0935907
-4.62239 -0.0427921
-4.49747 0.222826
-4.60698 0.172878
-4.53515 0.412343
-4.39468 0.40307
-4.44142 0.583274
-4.32917 0.617164
-4.40865 0.809322
-4.53285 0.674227
-4.5446 0.941205
-4.4265 1.0374
-4.33118 0.983677
-4.34087 1.16322
-4.22227 1.07732
-4.24533 1.31535
-4.39964 1.36062
-4.36531 1.56833
-4.51381 1.55858
-4.45477 1.89244
-4.63853 1.73356
-4.62095 1.95214
-4.56528 2.0466
-4.703 2.2049
-4.82883 2.37126
-4.9449 2.55117
-4.34481 1.74009
-4.19473 0.651909
-4.26901 0.303831
-4.26384 0.415119
-4.25618 0.673801
-4.21752 0.85334
-4.28294 0.833953
-4.25966 1.54197
-4.76103 1.88697
-4.80138 1.66626
-4.68717 1.44586
-4.80626 1.17891
-4.60297 1.19057
-4.53119 1.35245
-4.4649 1.20539
-4.50946 1.12695
-4.74368 0.907267
-4.64672 0.72922
-4.8076 0.60666
-4.66907 0.497491
-4.72292 0.231655
-4.89689 0.309312
-4.98044 -0.00314713
-4.78744 -0.0314765
-5.09176 0.0965722
-5.10767 0.242497
-5.02474 0.457921
-4.95045 0.72573
-5.19782 0.575329
-5.09104 0.850746
-5.30344 0.763895
-5.40292 0.556625
-5.58339 0.386974
-5.38739 0.404117
-5.48175 0.246949
-5.28159 0.287894
-5.52507 0.0601244
-5.30115 0.0516716
-5.60242 -0.223831
-5.26768 -0.137073
-5.87065 -0.0831875
-5.65982 0.153265
-5.84995 0.22236
-5.9663 -0.37896
-4.91247 0.954823
-4.70414 -0.343644
-4.54863 -0.306675
-4.68949 -0.452264
-4.71173 -0.581367
-4.56735 -0.469541
-4.42254 -0.250421
-4.53516 -0.533091
-4.53746 -0.607699
-4.70813 -0.832838
-4.63108 -0.743812
-4.63359 -0.752882
-4.56429 -0.656429
-4.36833 -0.216056
