-6.13861 -6.69499
-5.76385 -5.20297
-5.6813 -5.02566
-4.94437 -3.81554
-4.30364 -2.87452
-4.18021 -2.75318
-4.04523 -2.6318
-3.865 -2.55159
-3.67678 -2.50683
-3.25984 -2.528
-3.05014 -2.54949
-2.8913 -2.61066
-2.47307 -2.98136
-2.08313 -3.40185
-2.00306 -3.48843
-1.92936 -3.5781
0.120912 -7.57756
0.20136 -7.73809
0.233804 -7.92405
0.261549 -8.22174
0.381526 -9.69842
0.420808 -10.3182
0.414625 -10.726
0.407854 -10.7906
0.389731 -10.8478
0.357814 -10.887
0.313063 -10.9104
-1.00329 -11.1945
-1.27981 -11.2014
-2.50752 -11.2244
-4.09661 -11.1199
-4.24676 -11.1047
-4.26556 -11.1013
-4.43284 -11.0654
-4.61275 -11.0251
-5.15569 -10.9031
-5.31677 -10.8515
-5.3779 -10.826
-5.54921 -10.7133
-5.76981 -10.4835
-5.85797 -10.3385
-5.91518 -10.227
-6.00026 -10.0433
-6.11903 -9.75656
-6.15421 -9.66697
-6.26276 -9.32249
-6.38778 -8.50846
-6.37297 -8.2931
