4.05 -4.46264
4.02143 -4.21857
3.91578 -3.98157
3.94955 -4.27053
3.87556 -4.27588
3.91701 -4.40968
3.85941 -4.46452
3.77736 -4.39167
3.80375 -4.64401
3.67604 -4.61765
3.64194 -4.37767
3.70991 -4.19671
3.60133 -4.12359
3.70355 -3.95879
3.58777 -3.80888
3.4817 -4.0164
3.53371 -4.15752
3.51295 -4.31126
3.33265 -4.24057
3.38954 -4.62067
3.56019 -4.56552
3.53099 -4.82601
3.31877 -4.93965
3.16318 -4.82365
3.20833 -4.52378
3.08744 -4.65912
2.91237 -4.82744
3.00327 -5.09074
2.79919 -5.11229
2.67462 -5.02918
2.69953 -4.83023
2.55556 -4.95266
2.54493 -4.70184
2.36238 -5.0215
2.50611 -5.12712
2.35884 -5.29193
2.58703 -5.26909
2.38608 -5.49052
2.59935 -5.45987
2.7871 -5.29063
2.76225 -5.43538
2.94093 -5.32092
2.8329 -5.50039
2.63869 -5.57893
2.68786 -5.66473
2.50114 -5.73185
2.53254 -5.82825
2.38146 -5.85144
2.33663 -5.94927
2.19613 -5.9181
2.31941 -5.78845
2.1897 -5.82692
2.05175 -5.86788
1.95205 -6.02173
1.81627 -5.92693
1.69374 -6.06672
1.5672 -5.97442
1.43566 -6.09174
1.26873 -5.97357
1.47268 -5.87579
1.31181 -5.81745
1.09645 -5.84162
1.00664 -5.95124
0.849623 -5.85986
0.796035 -5.99819
1.01767 -6.05593
0.816977 -6.10504
1.00762 -6.17144
1.20804 -6.1113
1.28699 -6.21624
1.56478 -6.16953
1.49153 -6.22459
1.64067 -6.21168
1.56088 -6.26957
1.38731 -6.28491
1.37922 -6.32967
1.52851 -6.30579
1.37205 -6.34456
1.19953 -6.38115
1.22028 -6.39239
1.23055 -6.39018
1.1722 -6.41224
1.13129 -6.42074
1.11922 -6.42407
1.00198 -6.47657
0.941313 -6.50833
1.11086 -6.40945
1.28718 -6.35762
1.25713 -6.34713
1.44623 -6.30409
1.51782 -6.30692
1.60991 -6.30007
1.73221 -6.2682
1.79235 -6.27119
1.88741 -6.2493
1.91586 -6.22471
2.04637 -6.20964
1.92573 -6.23084
2.01529 -6.18507
2.17319 -6.15009
2.11444 -6.129
2.28589 -6.05201
2.11811 -6.05557
2.47397 -5.93605
2.43979 -5.99891
2.30245 -6.08395
2.38202 -6.05701
2.57804 -5.95752
2.62019 -5.88161
2.72177 -5.86519
2.80374 -5.78768
2.73107 -5.7561
2.94676 -5.66656
2.95089 -5.72928
3.10764 -5.6193
3.07076 -5.69932
3.22363 -5.60485
3.18957 -5.65708
3.28985 -5.59981
3.36105 -5.5287
3.51018 -5.4337
3.41575 -5.44974
3.5088 -5.36819
3.62079 -5.3028
3.58963 -5.24662
3.38988 -5.37446
3.48018 -5.19768
3.27912 -5.29598
3.40175 -5.08689
3.18385 -5.17736
3.17604 -5.01888
3.0524 -5.39997
3.1431 -5.49751
2.90334 -5.58424
3.57707 -5.00858
3.68723 -4.81982
3.73548 -4.93861
3.63053 -5.11181
3.73291 -5.08571
3.87115 -4.89451
3.84491 -4.76017
3.95911 -4.65577
3.93525 -4.90157
3.83685 -5.06086
3.75226 -5.21228
3.66254 -5.33678
2.94226 -5.77971
2.84645 -5.80673
2.74305 -5.84426
2.07573 -5.96248
2.25154 -5.9273
2.33504 -5.93007
2.42541 -5.91899
2.18252 -5.98497
2.44221 -5.95916
2.15639 -6.06548
2.3333 -6.03463
2.12572 -6.1304
2.27139 -6.09092
2.11853 -6.16587
2.21859 -6.13359
2.45582 -6.00492
1.95424 -6.18645
1.76305 -6.23667
1.79801 -6.20565
1.92158 -6.14215
1.67726 -6.19123
1.73185 -6.14508
1.91582 -6.06836
1.7016 -6.08569
1.44173 -6.17905
1.07054 -6.21801
1.23263 -6.20384
1.14077 -6.28019
1.24648 -6.27021
1.35667 -6.25101
1.5089 -6.22726
1.64746 -6.23278
1.5342 -6.25322
1.57624 -6.25991
1.6591 -6.2616
1.39447 -6.28987
1.2164 -6.32866
1.26338 -6.32824
1.21061 -6.34825
1.1333 -6.38778
1.05543 -6.40556
1.11986 -6.33857
0.97387 -6.39937
0.944493 -6.33083
0.843589 -6.41569
0.805733 -6.3814
0.870752 -6.28469
0.694747 -6.33159
0.565454 -6.29913
0.471517 -6.38779
0.68528 -6.43983
0.497212 -6.48516
0.658936 -6.51255
0.502751 -6.52426
0.328959 -6.49793
0.310869 -6.4463
0.169525 -6.47087
0.0786762 -6.40616
0.284102 -6.40215
0.246534 -6.3325
0.434177 -6.30372
0.312179 -6.23632
0.150447 -6.18882
0.0814238 -6.24496
0.0105333 -6.17006
-0.12575 -6.18518
-0.238162 -6.1269
-0.382447 -6.08744
-1.94032 -4.88655
-1.83463 -4.79245
-1.70743 -4.73964
-1.61507 -4.70465
-1.56539 -4.82255
-1.46669 -4.72821
-1.28443 -5.07258
-1.40139 -4.90255
-1.51651 -4.99786
-1.6786 -4.86993
-1.66651 -4.98493
-1.77657 -4.9055
-1.76458 -5.04399
-1.95065 -5.02629
-2.03312 -4.94186
-2.10528 -4.95048
-2.3357 -4.85446
-2.79358 -4.4233
-2.7799 -4.49078
-2.85944 -4.31781
-2.84785 -4.38518
-2.93579 -4.22752
-2.86679 -4.32624
-2.99484 -4.10975
-2.95888 -4.16685
-3.04408 -3.98936
-3.04361 -3.94187
-3.10282 -3.81956
-3.0742 -3.90605
-3.14074 -3.7466
-3.12589 -3.79145
-3.20336 -3.58434
-3.15891 -3.66405
-3.20833 -3.51019
-3.24222 -3.36457
-3.24571 -3.42754
-3.27039 -3.26862
-3.2983 -3.1567
-3.31744 -2.95789
-3.02198 -1.60479
-2.13312 0.279485
-2.1256 0.0938112
-2.04295 0.263523
-1.97351 0.169233
-2.05754 -0.0235481
-2.18911 -0.103397
-2.1569 -0.227315
-2.00571 -0.197833
-2.13786 -0.413368
-2.04866 -0.399389
-2.11272 -0.644249
-1.95102 -0.420271
-2.01794 -0.74504
-2.15068 -1.05723
-2.23583 -0.912218
-2.33015 -1.2808
-2.33641 -0.985971
-2.43307 -1.23534
-2.42228 -1.04961
-2.38069 -0.879007
-2.27365 -0.68643
-2.38421 -0.700774
-2.5229 -1.08287
-2.51721 -0.849751
-2.66387 -1.08307
-2.71358 -1.3194
-2.66274 -1.43747
-2.7744 -1.56499
-2.79362 -1.44623
-2.84865 -1.55949
-2.82903 -1.38916
-2.96516 -1.68532
-2.8973 -1.74463
-3.00784 -1.93
-2.92226 -1.9727
-3.00934 -2.19789
-3.07794 -2.0934
-3.10543 -2.36832
-2.98874 -2.51061
-3.05379 -2.64414
-3.1264 -2.63518
-3.08913 -2.76749
-3.12534 -2.93404
-3.1714 -2.75648
-3.17183 -2.88545
-3.23386 -2.7901
-3.1858 -3.0517
-3.23631 -3.05004
-3.28462 -2.87484
-3.27267 -3.07161
-3.30212 -2.96103
-3.29152 -3.0794
-3.32734 -2.84459
-3.3606 -2.67519
-3.33192 -2.59582
-3.33542 -2.35047
-3.25578 -1.91087
-3.10932 -1.72719
-3.166 -1.89961
-3.08121 -1.84189
-3.16 -2.04616
-3.24292 -2.11101
-3.18061 -2.27937
-3.24748 -2.32814
-3.21477 -2.53062
-3.28802 -2.49302
-3.27058 -2.25699
-3.30411 -2.34311
-3.29736 -2.2064
-3.32675 -2.35216
-3.3148 -2.24402
-3.29768 -2.12379
-3.28778 -2.08156
-3.27481 -2.08738
-3.2941 -1.97598
-3.31379 -2.43443
-3.29694 -2.69575
-3.32139 -2.73756
-3.17487 -2.44807
-3.12977 -2.1563
-3.10282 -2.00887
-3.05565 -1.91062
-3.25458 -3.2742
-3.22833 -3.2032
-3.20526 -3.32
-3.1854 -3.49504
-3.13863 -3.69627
-3.08227 -3.74452
-3.10427 -3.59379
-3.1813 -3.30634
-3.07696 -3.45768
-3.12733 -3.2406
-3.13737 -3.12127
-3.08321 -3.23318
-3.04237 -3.08279
-3.04658 -2.84828
-3.00085 -2.91351
-3.00433 -2.7333
-2.95421 -2.73401
-2.90568 -2.52015
-2.93832 -2.34287
-2.86788 -2.28784
-2.82285 -2.45478
-2.84798 -2.755
-2.73365 -2.4687
-2.74605 -2.83585
-2.79783 -2.99821
-2.8461 -3.0286
-2.79482 -3.21666
-2.71284 -3.11439
-2.70711 -3.4719
-2.61968 -3.33665
-2.56319 -3.58408
-2.61175 -3.78294
-2.72712 -3.76415
-2.59259 -4.00494
-2.67974 -3.99884
-2.54914 -4.2495
-2.67108 -4.15802
-2.57829 -4.35999
-2.63354 -4.33383
-2.73111 -4.17855
-2.76313 -4.04136
-2.82814 -4.03714
-2.8483 -3.89723
-2.92995 -3.8575
-2.90736 -3.73322
-2.98775 -3.62595
-3.02535 -3.71361
-2.96662 -3.89272
-3.03895 -3.81599
-2.95587 -3.99314
-3.01683 -3.91658
-2.95472 -4.06886
-2.96687 -4.11429
-2.87523 -4.2506
-2.82577 -4.38153
-2.75535 -4.43682
-2.76593 -4.37294
-2.87003 -4.17415
-2.77265 -4.26748
-2.87545 -4.06051
-2.78034 -4.17496
-2.69672 -4.32533
-2.6363 -4.47684
-2.57438 -4.48415
-2.51671 -4.61561
-2.4403 -4.64763
-2.42612 -4.77948
-2.54705 -4.67446
-2.44296 -4.83137
-2.28486 -4.98356
-2.19951 -5.09983
-2.33029 -4.97913
-2.5067 -4.80535
-2.30524 -5.02441
-2.40019 -4.95845
-2.24287 -5.10065
-2.35299 -4.97522
-2.502 -4.83552
-2.48691 -4.84265
-2.60494 -4.73279
-2.63183 -4.69847
-2.75902 -4.52586
-2.66428 -4.6184
-2.76345 -4.49123
-2.67979 -4.57908
-2.56937 -4.70419
-2.63952 -4.59155
-2.35474 -4.93267
-2.19649 -5.07444
-2.21094 -4.99711
-2.05423 -5.12299
-2.07902 -5.03384
-1.91893 -5.16048
-1.77181 -5.19774
-1.73314 -5.32817
-1.88364 -5.27376
-1.72682 -5.42472
-1.82072 -5.38368
-2.00409 -5.22578
-1.92283 -5.35086
-2.11829 -5.18124
-2.06704 -5.26351
-2.1493 -5.19383
-2.006 -5.31889
-2.02996 -5.29864
-2.18764 -5.14394
-2.06547 -5.26212
-1.99593 -5.3095
-2.09939 -5.18668
-1.91373 -5.36135
-1.80417 -5.47968
-1.88731 -5.4376
-1.69708 -5.62252
-1.7312 -5.60477
-1.56596 -5.75298
-1.61526 -5.72187
-1.45589 -5.8482
-1.57781 -5.74033
-1.73969 -5.58408
-1.6726 -5.6229
-1.79447 -5.4954
-1.7383 -5.5215
-1.90398 -5.41098
-1.63275 -5.63117
-1.64154 -5.59376
-1.63915 -5.56224
-1.55671 -5.68794
-1.4493 -5.75562
-1.42009 -5.83861
-1.25257 -5.99259
-1.30096 -5.96535
-1.43004 -5.84831
-1.54163 -5.72729
-1.34898 -5.94729
-1.33733 -5.96245
-1.40123 -5.91262
-1.26927 -6.0186
-1.24197 -6.02651
-1.39318 -5.88143
-1.53619 -5.76536
-1.51143 -5.73347
-1.64711 -5.62483
-1.72484 -5.53058
-1.60561 -5.55637
-1.83063 -5.36463
-1.99292 -5.23141
-1.98919 -5.16628
-2.14822 -5.05544
-2.31316 -4.85901
-2.23962 -4.88333
-2.34758 -4.74672
-2.4229 -4.54418
-2.52529 -4.4761
-2.2997 -4.74157
-2.28258 -4.65984
-2.38541 -4.44392
-2.46134 -4.21127
-2.31655 -4.36532
-2.38841 -4.18036
-2.50045 -4.01363
-2.38305 -4.04527
-2.47733 -3.83604
-2.36705 -3.90551
-2.40533 -3.66087
-2.51089 -3.38444
-2.40364 -3.39408
-2.4762 -3.19074
-2.57604 -3.0819
-2.47514 -2.92308
-2.56073 -2.74345
-2.6607 -2.79953
-2.61722 -2.49061
-2.59231 -2.11458
-2.69355 -2.09253
-2.61699 -1.79037
-2.71213 -1.90494
-2.781 -2.20318
-2.81771 -2.00853
-2.73522 -1.71846
-2.82893 -1.79673
-2.92012 -2.16673
-2.65538 -1.6389
-2.56866 -1.40593
-2.48163 -1.64343
-2.48604 -1.16887
-2.47221 -2.02727
-2.53777 -2.29143
-2.4623 -2.30745
-2.53664 -2.49664
-2.46696 -2.59827
-2.35874 -2.31552
-2.4025 -2.06295
-2.29982 -1.92333
-2.36847 -1.73745
-2.24036 -1.51851
-2.1733 -1.76117
-2.12207 -1.36531
-1.98409 -1.01778
-2.03294 -1.47458
-1.87069 -1.17557
-1.79203 -0.69521
-1.90208 -0.635984
-1.79034 -0.35363
-1.82566 -0.0860648
-1.90436 0.0533282
-1.80163 0.107923
-1.80949 0.245932
-1.90476 0.327088
-1.7546 0.4864
-1.9544 0.435205
-2.05521 0.346298
-1.83898 0.658068
-1.97752 0.667755
-1.81604 0.966024
-1.87255 0.798329
-1.72896 0.892131
-1.62269 0.78408
-1.4937 0.553557
-1.65292 0.33052
-1.52882 0.13142
-1.7022 0.132775
-1.66782 -0.0751649
-1.57875 -0.104557
-1.65627 -0.317073
-1.51279 -0.261407
-1.63235 -0.546815
-1.70141 -0.883186
-1.54669 -0.643479
-1.60371 -0.962435
-1.4827 -0.806335
-1.37401 -0.460632
-1.34341 -0.0322008
-1.3411 0.309158
-1.15386 0.193712
-1.19435 -0.220477
-1.02073 -0.0987446
-1.07704 -0.448397
-1.23229 -0.536994
-1.35938 -0.811756
-1.18017 -0.782656
-1.33982 -1.14129
-1.14174 -1.04226
-1.2348 -1.35037
-1.43056 -1.49739
-1.47906 -1.34176
-1.58198 -1.54793
-1.5371 -1.18313
-1.6922 -1.51986
-1.74397 -1.83007
-1.81698 -1.6883
-1.74166 -1.3047
-1.93685 -1.65904
-1.93204 -2.05604
-2.0492 -2.00334
-2.10044 -2.32168
-1.99236 -2.5571
-2.19036 -2.73251
-2.24288 -2.39706
-2.15943 -2.083
-2.24642 -2.11048
-2.08059 -1.80939
-2.34765 -2.73054
-2.28379 -2.93364
-2.21915 -3.09579
-2.08007 -2.97126
-2.09138 -3.31992
-2.00666 -3.13081
-1.92349 -2.89974
-1.85735 -2.58237
-1.79347 -2.23937
-1.75401 -2.46403
-1.7761 -2.71016
-1.66464 -2.51304
-1.63604 -2.25119
-1.51668 -2.34779
-1.4853 -2.05182
-1.57846 -1.87959
-1.34524 -1.72867
-1.34102 -2.06557
-1.16299 -1.79081
-1.14707 -1.51819
-1.01009 -1.21355
-0.991891 -1.54026
-0.841743 -1.3291
-0.761737 -1.01743
-0.944741 -0.740363
-0.676459 -0.645533
-0.786372 -0.464793
-0.906031 -0.332413
-0.742783 -0.19972
-0.851745 -0.0410241
-0.925619 0.224245
-0.66479 0.204006
-0.831118 0.594925
-1.03002 0.471399
-1.22238 0.614332
-1.02106 0.702358
-1.08865 0.923957
-1.26852 0.916748
-1.35809 0.755481
-1.43885 0.883336
-1.32409 1.07289
-1.43911 1.07437
-1.52076 0.947603
-1.57023 1.01276
-1.45487 1.21755
-1.63752 1.13033
-1.46382 1.38291
-1.37177 1.70111
-1.37466 1.5745
-1.26659 1.56801
-1.30249 1.41026
-1.17312 1.54872
-1.16567 1.41572
-1.30675 1.24167
-1.1549 1.18462
-1.00522 1.44469
-0.919474 1.18948
-0.920879 0.883108
-0.73459 0.981138
-0.660672 0.723225
-0.674999 0.530671
-0.533033 0.569177
-0.366491 0.296892
-0.450446 -0.022242
-0.173255 -0.0953175
-0.451217 -0.391003
-0.592554 -0.158693
-0.650541 -0.377702
-0.452926 -0.870206
-0.157101 -0.57457
-0.144548 -0.957454
0.164232 -0.773558
0.0585527 -1.11139
0.37196 -1.15239
0.00911331 -1.45259
-0.156252 -1.24578
-0.374416 -1.53864
-0.266438 -1.89012
0.0531607 -1.75066
-0.069211 -2.06137
-0.395044 -2.35043
-0.574576 -2.21276
-0.715505 -2.58362
-0.605742 -2.80958
-0.89668 -2.9478
-0.859591 -3.10515
-1.00571 -3.22548
-0.952378 -3.32492
-1.11961 -3.5228
-1.12601 -3.20018
-1.3332 -3.5418
-1.29935 -3.85316
-1.44376 -3.83596
-1.5222 -3.67907
-1.56014 -3.93851
-1.44941 -4.09935
-1.6361 -4.14726
-1.52137 -4.31488
-1.62583 -4.39856
-1.50516 -4.47387
-1.57385 -4.56597
-1.72328 -4.54233
-1.78109 -4.27879
-1.92945 -4.38098
-1.84553 -4.60254
-1.7085 -4.79119
-1.90085 -4.72211
-1.77279 -4.94358
-1.92872 -4.9026
-1.79255 -5.04351
-1.8491 -5.07259
-1.95088 -5.02057
-1.83861 -5.20701
-1.73763 -5.17606
-1.64777 -5.33567
-1.68489 -5.39544
-1.51571 -5.52531
-1.45869 -5.42094
-1.60982 -5.25706
-1.51686 -5.2404
-1.67598 -5.12185
-1.58554 -5.04626
-1.39373 -5.20741
-1.32872 -5.37833
-1.15402 -5.35482
-1.16544 -5.5013
-1.24357 -5.55593
-1.30817 -5.65256
-1.08347 -5.76598
-1.0859 -5.63498
-0.92945 -5.77564
-0.995962 -5.59906
-0.784544 -5.7654
-0.820746 -5.52896
-1.01527 -5.30871
-1.16873 -5.17343
-1.30215 -5.15854
-1.33233 -5.00561
-1.43359 -5.06715
-1.51696 -4.91444
-1.57075 -4.72348
-1.42803 -4.82906
-1.4285 -4.64296
-1.2595 -4.82833
-1.26501 -4.62318
-1.35562 -4.39436
-1.18469 -4.50102
-1.061 -4.69703
-1.04327 -4.45334
-1.15438 -4.27882
-0.907939 -4.21282
-1.08346 -3.91819
-1.27993 -4.12092
-0.788846 -3.82954
-0.913753 -3.5425
-0.64274 -3.43009
-0.762377 -3.2093
-0.489967 -3.05161
-0.300658 -2.70413
-0.369647 -2.5555
-0.17183 -2.38698
-0.00221825 -2.52172
0.10942 -2.18765
0.234068 -1.86753
0.413515 -2.04345
0.240895 -2.32702
0.430463 -2.30539
0.264651 -2.63444
0.581599 -2.45062
0.542819 -2.78373
0.237623 -3.15498
-0.135779 -2.94506
-0.180764 -3.34905
-0.397102 -3.24153
-0.43739 -3.46757
-0.307274 -3.65262
-0.55392 -3.68931
-0.432777 -3.86945
-0.206851 -3.904
0.0345373 -3.66238
-0.0198927 -3.9569
-0.168497 -4.23046
-0.357535 -4.04606
-0.473579 -4.19207
-0.512299 -4.02348
-0.669707 -4.08842
-0.605228 -3.90219
-0.669478 -4.33645
-0.457377 -4.38316
-0.613431 -4.56164
-0.856662 -4.51294
-0.78858 -4.74615
-0.923166 -4.91267
-0.707629 -4.95364
-0.509267 -4.77281
-0.457434 -5.00532
-0.250198 -4.83784
-0.142816 -5.07833
0.0511808 -4.85058
-0.0821018 -4.60201
0.307005 -4.64594
0.167852 -4.3757
-0.360829 -4.54902
-0.309991 -4.69617
0.242252 -4.03094
0.513575 -4.35532
0.637046 -4.0191
0.502837 -3.60221
0.690713 -3.1141
0.839807 -3.43766
0.856176 -3.76369
1.1695 -3.50601
1.09169 -3.88564
0.930057 -4.07937
0.786592 -4.26792
1.02886 -4.35452
1.19396 -4.14076
1.34094 -4.43112
1.42915 -4.14005
1.3309 -3.87329
1.61255 -3.87872
1.47314 -3.5841
1.44578 -3.25445
1.28237 -3.32304
1.25984 -3.16043
1.4346 -2.91655
1.23346 -2.73033
1.02033 -3.14725
0.955983 -2.85169
0.786452 -2.76584
0.731252 -2.57505
0.869605 -2.56705
0.872957 -2.31281
0.6505 -2.13603
0.901102 -1.92334
0.666171 -1.87916
0.530485 -1.72016
0.771605 -1.68578
0.692603 -1.41599
0.326581 -1.54531
0.762188 -1.0212
0.484394 -0.802166
0.672029 -0.61973
0.367754 -0.459939
0.0855646 -0.379849
0.192677 -0.0246372
-0.0771151 0.364109
0.211617 0.401014
-0.0229044 0.82725
-0.303507 0.692208
-0.300225 1.10773
-0.514865 0.894702
-0.542691 1.21806
-0.716837 1.29956
-0.578941 1.50509
-0.791365 1.54339
-0.595498 1.75081
-0.765223 1.8369
-0.939631 1.66934
-1.07045 1.57276
-1.0858 1.69672
-0.933898 1.8214
-1.0336 1.86204
-1.21399 1.72537
-1.16114 1.88454
-0.960941 2.01217
-0.777368 2.09559
-0.860379 1.95666
-0.699893 2.01691
-0.530666 1.96815
-0.573108 2.15701
-0.281295 2.14459
-0.428344 2.31507
-0.583471 2.26151
-0.702627 2.21673
-0.615105 2.32057
1.24906 2.32763
1.42984 2.27739
1.43164 2.13149
1.28961 2.1662
1.15116 2.29332
1.03563 2.44996
1.00179 2.33276
1.16473 2.15293
0.978315 2.20423
1.13661 1.99593
1.26306 1.97141
1.28858 1.81897
1.43035 1.83784
1.45654 1.53442
1.16784 1.73398
1.38858 1.26686
1.66195 1.14969
1.71599 0.779325
1.91579 0.821242
1.9936 0.471076
1.89239 0.349956
1.70761 0.528603
1.8104 0.260087
1.96539 -0.0059064
1.81088 0.0293651
1.64379 0.388042
1.61933 0.139296
1.7977 -0.234034
1.61816 -0.199008
1.79655 -0.468208
1.72183 -0.566871
1.57333 -0.41293
1.63491 -0.703179
1.77551 -0.773199
1.81199 -0.994903
1.90105 -0.765688
1.99222 -1.07283
1.96014 -1.32076
1.75902 -1.25743
1.85568 -1.52335
1.70948 -1.43814
1.72733 -1.66757
1.59911 -1.49544
1.49147 -1.7215
1.7014 -1.98978
1.43486 -2.21022
1.66034 -2.29068
1.53783 -2.57476
1.73118 -2.49024
1.69927 -2.84005
1.86282 -2.54638
1.87253 -2.25128
1.97993 -2.45927
2.00492 -2.73457
2.10331 -2.48816
2.26839 -2.63619
2.176 -2.93559
2.35602 -2.95219
2.25603 -3.14415
2.3828 -3.15409
2.32908 -3.33892
2.44932 -3.29514
2.43075 -3.52257
2.59398 -3.42559
2.49626 -3.10494
2.66021 -3.075
2.50902 -2.78804
2.72545 -2.76744
2.56752 -2.49878
2.42338 -2.51819
2.32219 -2.39213
2.17947 -2.31238
2.28778 -2.21512
2.18271 -2.02123
2.04529 -2.14559
1.94628 -1.85831
2.03936 -2.32292
2.13469 -1.73237
2.00653 -1.58488
2.11775 -1.49451
2.12609 -1.26226
2.23757 -1.43619
2.3011 -1.2293
2.12056 -0.9499
2.28036 -0.897988
2.13592 -0.659015
2.01792 -0.664112
1.90695 -0.511036
1.97778 -0.351581
2.13251 -0.348337
2.11723 0.0345785
2.30642 -0.415832
2.24772 -0.633135
2.3618 -0.756469
2.46049 -1.05721
2.4904 -0.705516
2.65704 -1.02466
2.61887 -1.34261
2.4684 -1.36098
2.38121 -1.55819
2.56914 -1.59251
2.51237 -1.82568
2.68471 -1.85346
2.62873 -2.08408
2.82538 -2.15028
2.72961 -2.40183
2.90265 -2.44075
2.88524 -2.67564
2.88722 -2.93362
3.02363 -2.93677
3.04672 -2.66125
3.15428 -2.93605
3.15909 -3.215
2.97111 -3.29061
3.1574 -3.57651
3.29092 -3.47058
3.33547 -3.16285
3.43894 -3.61545
3.31445 -3.82026
3.56827 -3.43751
3.48781 -3.09482
3.34695 -2.82321
3.20354 -2.77489
3.19568 -2.5487
3.32912 -2.50605
3.13839 -2.25577
3.21364 -2.13434
3.04097 -1.92401
3.14551 -1.8396
3.01631 -1.57834
2.89271 -1.70796
2.9264 -1.89258
2.83704 -1.87789
2.96552 -2.07459
3.03255 -2.37817
2.73567 -1.62158
2.81072 -1.37045
2.95023 -1.22215
2.81025 -1.085
2.74688 -0.873991
2.63038 -0.699132
2.75142 -0.615938
2.58204 -0.397685
2.53682 -0.549736
2.45114 -0.374251
2.31184 -0.0761575
2.45274 -0.109907
2.33353 0.123993
2.18756 0.249265
2.10762 0.539886
2.26687 0.357477
2.20111 0.571602
2.09015 0.726326
2.01508 0.928142
1.8301 1.12319
1.95573 1.15298
1.79124 1.3491
1.67035 1.34922
1.62832 1.58456
1.78488 1.53765
1.64345 1.8551
1.42381 2.01623
1.31708 2.03709
1.56615 2.10301
1.72071 2.00528
1.81475 1.84321
1.80733 1.76802
1.85822 1.63902
1.934 1.68619
2.033 1.47387
1.93878 1.43039
1.9019 1.34186
2.03785 1.21164
2.04575 1.35666
2.13354 1.26106
2.19901 1.33487
2.11316 1.4742
2.16137 1.5154
2.33866 1.32891
2.24848 1.57481
2.12826 1.66297
2.04046 1.67064
2.02428 1.79095
1.93705 1.78591
1.88274 1.90832
2.44008 1.09886
2.3436 1.12486
2.49576 0.884731
2.36922 0.962321
2.26178 1.14931
2.22849 1.03094
2.40329 0.776208
2.26802 0.834855
2.10496 1.00213
2.20522 0.739947
2.39059 0.614506
2.34252 0.462371
2.53475 0.299553
2.53438 0.519554
2.53432 0.647325
2.48085 0.790899
2.58245 0.645102
2.65991 0.643688
2.60242 0.820057
2.54744 0.974832
2.64815 0.850361
3.4116 -0.555765
3.99517 -3.65264
4.03468 -3.38533
3.96051 -3.43555
3.88062 -3.56612
3.89762 -3.28294
3.78838 -3.26544
3.74264 -3.49789
3.79716 -3.80435
3.79826 -4.10382
3.69355 -3.70114
3.62985 -3.18841
3.65829 -2.94472
3.50672 -2.86917
3.51575 -2.6387
3.37696 -2.26545
3.58182 -2.47463
3.62223 -2.72647
3.70956 -2.80149
3.80348 -3.05217
3.81257 -2.86166
3.73051 -2.65234
3.80907 -2.64663
3.67831 -2.39613
3.54696 -2.19598
3.41705 -2.04829
3.48027 -1.90626
3.32766 -1.68469
3.23706 -1.78492
3.20523 -1.50262
3.16872 -1.56571
3.12965 -1.62622
3.10467 -1.38799
3.25102 -2.01067
3.30565 -2.02891
3.15958 -1.27086
3.05909 -1.01244
2.87705 -0.913292
2.91323 -0.667893
2.79869 -0.442938
2.67825 -0.303451
2.7548 -0.212008
2.61892 -0.020552
2.55509 -0.132733
2.44612 0.149
2.70126 0.0467249
2.67021 0.278197
2.77673 0.0683959
2.76484 0.223902
2.63795 0.464056
2.71691 0.427949
2.89019 0.160715
2.78506 0.401858
2.75483 0.562042
2.68206 0.720875
2.74991 0.701752
2.86359 0.506187
2.92333 0.226871
3.03606 0.0987461
3.05093 -0.0212989
3.16533 -0.124081
3.17355 -0.233898
3.12258 -0.235467
3.03786 -0.148377
3.16376 -0.399196
3.08169 -0.41761
2.91539 -0.0725629
2.95686 -0.329944
3.0466 -0.637625
3.18436 -0.777159
3.15275 -0.92774
3.27538 -1.12515
3.18102 -1.13256
3.25745 -1.36619
3.41067 -1.52809
3.41445 -1.25664
3.31988 -0.956756
3.43655 -1.13189
3.3609 -0.86434
3.23241 -0.653239
3.26891 -0.597504
3.2368 -0.4442
3.33973 -0.704357
3.34789 -0.607538
3.28004 -0.418308
3.45164 -0.719261
3.43264 -0.788351
3.54506 -0.975878
3.47654 -0.968748
3.46895 -1.10751
3.56647 -1.23999
3.54039 -1.35414
3.66283 -1.49173
3.65391 -1.67477
3.52375 -1.53333
3.46347 -1.31593
3.61106 -1.76172
3.69974 -1.9624
3.5752 -1.85773
3.69122 -2.17164
3.78634 -2.21259
3.78674 -2.41532
3.88643 -2.35119
3.87688 -2.60645
3.9507 -2.70062
3.88926 -2.83329
3.9762 -2.99586
3.97258 -3.23271
4.06224 -2.53322
3.98129 -2.43444
4.02098 -2.33996
3.96689 -2.20572
3.91946 -2.21837
3.84905 -2.04048
3.80779 -2.10099
3.75916 -1.89218
3.7912 -1.81805
3.73233 -1.70294
3.73242 -1.60933
3.65703 -1.37749
3.58795 -1.16093
3.59675 -0.954501
3.74198 -1.56177
3.82038 -1.81052
3.90508 -1.94326
3.95847 -2.03891
3.90728 -2.04293
3.90732 -3.06302
3.58841 -2.11503
3.32083 -0.379806
3.2615 -0.282832
2.89014 -0.403776
2.8343 -0.14855
2.02956 1.11912
2.05632 1.5674
3.12539 -2.5803
3.15083 -4.00942
3.1844 -4.30603
3.02114 -4.40335
2.95936 -3.98852
2.80748 -4.24048
2.78346 -4.58001
2.6464 -4.40586
2.64661 -4.11767
2.78837 -3.90431
2.63865 -3.79325
2.50688 -3.98026
2.51962 -3.70299
2.38855 -3.81169
2.26524 -3.61705
2.21511 -3.9753
2.36358 -4.09244
2.22709 -4.34716
2.46119 -4.3424
2.29285 -4.69692
2.05379 -4.67332
2.10335 -5.01298
1.94667 -4.89944
1.74701 -4.72865
1.97273 -4.25566
1.64697 -4.29936
1.54201 -4.57302
1.4038 -4.76349
1.09599 -4.643
1.12865 -4.97257
0.837696 -4.77011
0.794888 -5.01117
0.563014 -4.82958
0.503128 -5.04531
0.322297 -4.88576
0.18855 -5.06519
0.417465 -5.25567
0.148617 -5.23373
0.242501 -5.37586
0.0367508 -5.36472
-0.0296011 -5.22505
-0.198756 -5.31998
-0.395164 -5.19677
-0.46448 -5.38831
-0.64745 -5.17583
-0.724133 -5.3617
-0.592538 -5.5217
-0.358772 -5.6188
-0.250833 -5.4909
-0.108315 -5.6129
-0.079504 -5.47499
0.150702 -5.5635
0.0266047 -5.69678
0.183621 -5.8073
-0.11729 -5.77728
0.00311184 -5.92135
0.210878 -6.02222
0.538224 -5.89777
0.55192 -6.09212
0.288746 -6.18051
0.509238 -6.19336
0.492392 -6.24813
0.72423 -6.20813
0.719317 -6.31874
0.978795 -6.27714
0.933733 -6.35618
0.76971 -6.4214
0.638664 -6.36855
0.502496 -6.33207
0.569186 -6.39419
0.373245 -6.38095
0.578365 -6.46103
0.390635 -6.45359
0.517978 -6.51554
0.640624 -6.52696
0.57054 -6.54456
0.407376 -6.52186
0.481848 -6.53678
0.364299 -6.526
0.393398 -6.52777
0.265628 -6.50376
0.133735 -6.47968
0.0967388 -6.50082
-0.0646801 -6.47737
-0.0171347 -6.45731
-0.230776 -6.46246
-0.193695 -6.43211
-0.207566 -6.35468
0.00132656 -6.31097
-0.157549 -6.27935
-0.309572 -6.2834
-0.217723 -6.21911
-0.352549 -6.22185
-0.444355 -6.25732
-0.4659 -6.34329
-0.594255 -6.26191
-0.479936 -6.17491
-0.657528 -6.17393
-0.801691 -6.2102
-0.786801 -6.07947
-0.300447 -6.16171
-1.06957 -5.57168
-1.25422 -5.4343
-1.44625 -5.29948
-1.39692 -5.17513
-1.57954 -5.12092
-1.63451 -5.21081
-1.54802 -5.37593
-1.37869 -5.46398
-1.32466 -5.63508
-1.51362 -5.58128
-1.34522 -5.73526
-1.21339 -5.86302
-1.1039 -5.82188
-1.15354 -5.66796
-1.24549 -5.55156
-0.986842 -5.76425
-0.898711 -5.92922
-0.995302 -6.02639
-1.13252 -6.01601
-1.30375 -5.85739
-1.18936 -5.99627
-1.09563 -6.10114
-1.0682 -6.1709
-1.16816 -6.09921
-1.01132 -6.23973
-1.15998 -6.1093
-1.25646 -6.03239
-1.0614 -6.17783
-1.1531 -6.07824
-1.28366 -5.93369
-1.14218 -6.04557
-1.19491 -5.95702
-1.34532 -5.77208
-1.14568 -5.93555
-1.0438 -6.07916
-1.00475 -6.03021
-0.899149 -6.1659
-0.89862 -6.25049
-1.04372 -6.15679
-0.966828 -6.23442
-0.876295 -6.30901
-0.712105 -6.36907
-0.663711 -6.41545
-0.802877 -6.36297
-0.583833 -6.43283
-0.73805 -6.34912
-0.91075 -6.28376
-0.856744 -6.2808
-0.67887 -6.31965
-0.981822 -6.16024
-0.979275 -6.21178
-0.580916 -6.38257
-0.405727 -6.41898
-0.375889 -6.4532
-0.445704 -6.45511
-0.278366 -6.46198
-0.513795 -6.45338
-0.363806 -6.44854
-0.56962 -6.40356
-0.723521 -6.28775
-0.498303 -6.35188
-0.630559 -6.2307
-0.829417 -6.13391
-0.766109 -6.06863
-0.954965 -5.96592
-1.14209 -5.85134
-0.893171 -5.91386
-0.719092 -5.95378
-0.561729 -6.14632
-0.475625 -6.04434
-0.617384 -5.90799
-0.607664 -5.7798
-0.478449 -5.91968
-0.374509 -5.819
-0.55526 -5.66591
-0.177571 -5.91484
-0.308045 -5.98381
-0.0871181 -6.02677
-0.241007 -6.10044
0.00108051 -6.13828
-0.17709 -6.20638
-0.373539 -6.16904
-0.380679 -6.27759
-0.0712719 -6.3246
-0.296643 -6.3794
-0.136181 -6.42794
0.0405226 -6.39029
0.0883331 -6.46706
-0.0887899 -6.48247
-0.219298 -6.46731
0.249861 -6.50756
0.267662 -6.46828
0.212967 -6.41084
0.152006 -6.35693
0.246626 -6.29311
0.0484505 -6.23173
-1.23334 -5.22302
-0.0786858 -6.24864
0.629815 -6.55757
0.738442 -6.56655
0.814584 -6.5265
0.803292 -6.53206
0.993959 -6.46141
0.92651 -6.46354
0.815543 -6.47112
0.901132 -6.47841
1.01527 -6.42328
1.08966 -6.43213
1.17322 -6.3249
0.455722 -5.6815
0.703374 -5.75087
0.951599 -5.69337
0.695393 -5.57867
0.936591 -5.44691
0.650087 -5.39923
0.720913 -5.22817
0.441884 -5.47888
0.997006 -5.21187
1.14853 -5.37309
1.22904 -5.22023
1.51448 -5.13628
1.35041 -5.38563
1.58958 -5.49095
1.3636 -5.56832
1.23262 -5.4818
1.1248 -5.47617
1.16161 -5.59032
1.30981 -5.69434
1.50014 -5.72038
1.17213 -5.73436
1.71716 -5.67505
1.67358 -5.83079
1.92735 -5.73246
1.85888 -5.52314
2.13313 -5.49113
1.98774 -5.30471
1.76337 -5.32708
1.85004 -5.09012
2.19191 -5.24745
2.20571 -5.70365
2.44032 -5.63512
-0.894406 -5.31737
-0.861099 -5.19894
-1.01879 -5.17984
-0.988 -5.05252
-1.1514 -5.03059
-1.08557 -4.91006
-0.837175 -5.06668
0.0365782 -5.14526
0.609477 -4.62386
0.814575 -4.50711
1.83068 -3.97849
1.84192 -3.69374
1.71385 -3.50625
1.88569 -3.48629
1.89848 -3.2548
1.69904 -3.21238
1.57817 -3.39828
1.86627 -3.00696
2.01225 -3.01354
2.09213 -3.1824
2.00779 -3.42626
2.1661 -3.38901
2.03791 -3.73482
1.94771 -3.57617
2.74717 -3.62021
2.7817 -3.34436
2.88999 -3.63919
3.02848 -3.69654
2.80699 -3.06999
2.56246 -2.2605
2.42395 -2.28632
2.46158 -2.05786
2.33618 -2.08037
2.32243 -1.83664
2.2367 -1.61163
1.13475 -2.33231
1.05867 -2.62099
0.985844 -2.49963
1.04577 -2.09739
1.19445 -1.888
0.98155 -1.59368
1.23433 -1.44291
0.97152 -1.30299
1.08127 -1.07938
0.922647 -0.793211
1.15089 -0.764058
0.864069 -0.453476
0.537377 -0.171559
0.762831 -0.0429907
0.498653 0.276407
0.360614 0.127344
0.317707 0.774548
0.590599 0.564779
0.702823 0.271105
0.782227 0.421966
0.886445 0.124343
0.930531 0.3082
0.886682 0.566812
0.708847 0.673126
0.748098 0.835401
0.547165 0.925562
0.687082 1.10469
0.479198 1.25345
0.570887 1.4583
0.289872 1.51461
0.31075 1.18443
0.136775 1.39494
0.099328 1.14835
-0.0434904 1.41262
0.0346308 1.62177
-0.208935 1.63358
-0.0925055 1.85723
-0.316859 1.90175
-0.177778 2.00844
0.000809669 2.04746
0.00574493 2.25224
-0.167386 2.35275
0.080596 2.40614
-0.0575066 2.47408
-0.24973 2.45987
-0.0351515 2.58046
0.249264 2.6405
0.537926 2.65593
0.787449 2.66131
0.725389 2.59322
0.581235 2.54066
0.819909 2.47838
0.654824 2.42184
0.845807 2.35767
0.755775 2.25971
0.552678 2.35586
0.37687 2.44619
0.424206 2.3248
0.572402 2.23833
0.41104 2.19849
0.576149 2.10441
0.469554 1.96429
0.702806 1.9374
0.697482 1.75972
0.566642 1.70912
0.745798 1.52709
0.882432 1.57131
0.927973 1.36633
1.03896 1.37289
1.13368 1.06827
0.860089 1.20127
1.05564 0.916043
1.2359 0.723782
1.12739 0.663248
0.919674 0.838512
1.08672 0.482801
1.34556 0.299493
1.203 0.150722
1.41145 -0.128386
1.25511 -0.181034
1.44459 -0.434403
1.30778 -0.451043
1.07771 -0.294215
1.06482 0.0766894
1.28743 -0.630248
1.45535 -0.694635
1.41039 -0.915589
1.61365 -0.97755
1.56412 -1.23967
1.3308 -1.14561
1.45837 -1.40856
1.03527 0.324344
1.43909 0.53766
1.31518 0.800246
1.44398 0.830709
1.20942 1.22837
1.06093 1.55466
0.846092 1.75097
0.910148 1.8643
0.74331 2.09296
0.949725 2.04029
0.374394 1.75289
0.234818 1.96008
0.220397 2.1407
0.136821 1.80831
0.243049 2.30915
0.154173 2.5281
0.377085 2.57504
-0.428036 1.69679
-0.46949 1.84744
-0.381512 1.43793
-0.209682 1.37435
-0.098155 1.19176
0.937889 -2.66791
-1.99186 -5.06974
-2.07195 -4.91936
-2.10757 -4.99723
-2.19387 -4.83396
-2.16832 -4.76534
-2.2063 -4.6008
-2.07826 -4.80141
-2.05322 -4.68161
-2.15953 -4.48282
-2.249 -4.25346
-2.07745 -4.41017
-2.03334 -4.57227
-1.95927 -4.54331
-2.12405 -4.19902
-2.00218 -4.15203
-2.13097 -4.01865
-2.19476 -4.05325
-2.26882 -4.0655
-2.26277 -3.89682
-2.16983 -3.84053
-2.26601 -3.6769
-2.34198 -3.54577
-2.26708 -3.41127
-2.36255 -3.11051
-2.13795 -3.64048
-1.97408 -3.60732
-2.02714 -3.90314
-1.86252 -3.86102
-1.89307 -4.09708
-1.9013 -4.23948
-1.77717 -4.06205
-1.68743 -3.84928
-1.77622 -3.54934
-1.62867 -3.59116
-1.62267 -3.35835
-1.72064 -3.18666
-1.9051 -3.25605
-1.79308 -2.98
-1.60733 -2.77748
-1.57937 -3.09619
-1.42534 -2.89393
-1.33879 -2.43788
-1.18427 -2.07564
-1.0942 -2.24604
-0.981303 -1.864
-0.828701 -1.56342
-0.713162 -1.77135
-0.621994 -1.32301
-0.348361 -1.18679
-0.534463 -1.90741
-0.747227 -2.13014
-0.897812 -2.08015
-0.957289 -2.38515
-0.800646 -2.41631
-1.00635 -2.76506
-1.19434 -2.65034
-1.3214 -3.15215
-1.4955 -3.20015
-1.50852 -3.42356
-1.42771 -3.46524
-2.00922 -4.91501
-1.8862 -5.44845
-2.23437 -5.08128
-2.2 -4.9501
-3.02581 -3.43706
-3.00306 -3.30396
-2.93111 -3.52139
-2.92385 -3.30359
-2.97442 -3.20413
-2.96559 -3.11236
-2.88317 -3.185
-2.92661 -2.95698
-2.8306 -3.46253
-2.83576 -3.74545
-2.75619 -3.86576
-2.76338 -3.95102
-2.3674 -0.383823
-2.43653 -0.586154
-2.45291 -0.706461
-2.34375 -0.467126
-2.26089 -0.44395
-2.27137 -0.290226
-2.30349 -0.200233
-2.25798 -0.0256763
-3.16937 -3.6196
-3.08795 -3.76377
-3.01854 -3.91701
-3.10883 -3.79344
-3.19443 -3.61235
-3.06233 -3.91568
-3.02172 -3.93429
-2.98159 -4.04148
-2.96479 -4.04185
-2.89539 -4.20875
-2.94143 -4.16401
-3.02622 -4.02224
2.55887 -5.94435
2.6286 -5.94012
2.76582 -5.8645
2.76369 -5.87123
2.87623 -5.81771
2.9849 -5.76408
2.91378 -5.78008
2.83684 -5.815
3.71291 -5.19318
3.89757 -4.56941
3.96672 -4.43693
3.77467 -4.80316
3.27983 -5.51684
2.59337 -5.86064
1.94787 -6.15254
1.9549 -6.09537
1.79323 -6.14383
1.75377 -6.21317
1.85815 -6.2182
1.68971 -6.26527
3.82038 -1.81052
