-1.53137 -10.6142
-1.35737 -10.593
-1.31899 -10.6366
-1.1553 -10.5587
-0.948308 -10.5258
-0.7459 -10.5201
-0.539931 -10.4949
-0.557045 -10.5702
-0.833859 -10.6123
-1.06313 -10.6596
-0.837656 -10.68
-0.643139 -10.6549
-0.668186 -10.7311
-0.50135 -10.6847
-0.262873 -10.7246
-0.236558 -10.6339
-0.457234 -10.6281
-0.345784 -10.5819
-0.327494 -10.5002
-0.14657 -10.5598
-0.118465 -10.5016
0.0952654 -10.5094
0.0523319 -10.5857
0.30806 -10.5196
0.286355 -10.6356
0.506632 -10.6023
0.647812 -10.6885
0.772132 -10.616
0.517629 -10.5229
0.908758 -10.5599
0.722492 -10.5153
0.920399 -10.5007
1.45447 -10.4176
3.14537 -10.3681
3.38506 -10.3052
3.44092 -10.3386
3.62502 -10.2574
3.86066 -10.2268
4.0855 -10.2137
3.86985 -10.3526
3.67073 -10.3128
3.55438 -10.3935
3.26418 -10.4043
3.24233 -10.5047
2.90795 -10.436
2.65989 -10.5226
2.44389 -10.4838
2.45204 -10.5364
2.20558 -10.5432
2.22918 -10.4174
1.84136 -10.5034
1.79947 -10.4366
1.82105 -10.3936
2.02466 -10.3941
1.61756 -10.3911
1.48602 -10.4767
1.28668 -10.4491
1.10896 -10.4816
1.20776 -10.544
1.13668 -10.5852
1.3482 -10.5991
1.53508 -10.5478
1.78853 -10.6111
1.33847 -10.684
1.07956 -10.619
0.970529 -10.6679
1.01373 -10.7063
0.944038 -10.7658
0.492673 -10.7512
0.196389 -10.7134
0.22299 -10.7519
-0.0197849 -10.7524
0.00709009 -10.6631
-0.205702 -10.7568
-0.402705 -10.7692
-0.0999222 -10.7685
-0.128274 -10.8045
0.0568428 -10.7819
0.128233 -10.7653
0.235498 -10.7884
0.399616 -10.7778
0.436114 -10.8129
0.153915 -10.8064
0.279412 -10.842
0.0418129 -10.8381
-0.201691 -10.8287
-0.426025 -10.8156
-0.328211 -10.8198
-0.144178 -10.8189
-0.303266 -10.7951
-0.527241 -10.8155
-0.404409 -10.7791
-0.265131 -10.7447
-0.0920825 -10.7714
-0.0157299 -10.7248
-0.237555 -10.6965
-0.482065 -10.7395
-0.463295 -10.6489
-0.70219 -10.7115
-0.738098 -10.7661
-0.807911 -10.8101
-0.663958 -10.8157
-0.843264 -10.7908
-0.702385 -10.7787
-0.674014 -10.7622
-0.908463 -10.7545
-0.979734 -10.7134
-1.17647 -10.7215
-1.22356 -10.678
-1.3672 -10.6732
-1.50019 -10.6622
-1.4271 -10.6967
-1.64834 -10.6929
-1.708 -10.6471
-1.8757 -10.6826
-2.57225 -10.3382
-2.50256 -10.4543
-2.55535 -10.3581
-2.47497 -10.4907
-2.3445 -10.5976
-2.39425 -10.5585
-2.21636 -10.6489
-2.16153 -10.7094
-1.99885 -10.7306
-1.95805 -10.7455
-1.73505 -10.7432
-1.82553 -10.7181
-1.66153 -10.7324
-1.48903 -10.7237
-1.52488 -10.7176
-1.69188 -10.7094
-1.59337 -10.7112
-1.78771 -10.7078
-2.05027 -10.6734
-1.48151 -10.71
-1.35498 -10.7225
-1.16597 -10.7421
-1.35173 -10.7262
-1.23075 -10.7377
-1.36017 -10.7327
-1.53816 -10.7367
-1.5616 -10.7315
-1.77909 -10.7359
-1.69521 -10.7005
-1.51122 -10.7017
-1.29081 -10.7343
-1.40777 -10.689
-1.16331 -10.7079
-0.994582 -10.7657
-1.07085 -10.7758
-0.925075 -10.721
-1.10325 -10.66
-1.30962 -10.6527
-1.24945 -10.63
-1.21937 -10.5731
-1.03418 -10.6257
-0.963799 -10.5787
-1.15208 -10.4394
-1.37794 -10.4708
-1.53852 -10.5374
-1.40801 -10.6128
-1.575 -10.5963
-1.5928 -10.6546
-1.60098 -10.684
-1.78419 -10.6682
-1.89593 -10.7047
-1.99198 -10.6547
-2.0854 -10.7009
-2.16477 -10.6367
-2.23795 -10.6663
-2.32024 -10.5719
-2.20745 -10.5796
-2.07235 -10.6027
-2.13809 -10.5428
-2.27043 -10.4896
-2.10496 -10.4742
-2.22164 -10.3647
-2.395 -10.3553
-2.43638 -10.4419
-2.51135 -10.282
-2.53276 -10.3375
-2.59169 -10.1782
-2.6238 -10.2243
-2.6978 -10.1139
-2.7165 -10.1338
-2.66897 -10.1981
-2.62517 -10.2708
-2.7488 -10.0755
-2.77785 -10.0216
-2.69108 -10.0415
-2.81409 -9.95008
-2.72273 -9.94026
-2.84414 -9.87396
-2.81929 -6.32235
-2.81493 -6.46156
-2.75788 -6.15359
-2.7357 -6.37518
-2.713 -6.03702
-2.61953 -6.20122
-2.63963 -6.50178
-2.75049 -6.6452
-2.70008 -6.69794
-2.74453 -6.81167
-2.83519 -6.8554
-2.79011 -7.02241
-2.66463 -6.82663
-2.71001 -7.07422
-2.78853 -7.23341
-2.70695 -7.24181
-2.80267 -7.42444
-2.79732 -7.4128
-2.90793 -7.22599
-2.9188 -7.35897
-2.9319 -7.49072
-2.80267 -7.42444
-2.93396 -7.64866
-2.83455 -7.58845
-2.76591 -7.54587
-2.80071 -7.70011
-2.72434 -7.59441
-2.66736 -7.7036
-2.64752 -7.42792
-2.5221 -7.49855
-2.43453 -7.21045
-2.38687 -7.44191
-2.48667 -7.70476
-2.29294 -7.4998
-2.25984 -7.17301
-2.14637 -7.24247
-2.11298 -6.96402
-1.9975 -6.9435
-2.00036 -6.61122
-1.82926 -6.57804
-1.83742 -6.27675
-1.72857 -6.22081
-1.65136 -6.31879
-1.71796 -6.69442
-1.51245 -6.47142
-1.66636 -6.8449
-1.775 -7.00374
-1.87438 -6.9653
-1.89357 -7.30146
-1.7212 -7.23983
-1.85233 -7.42545
-1.85208 -7.55925
-1.94954 -7.62283
-1.94801 -7.91752
-1.77938 -7.6204
-1.78073 -7.89291
-1.93438 -8.23476
-1.79124 -8.17575
-1.91247 -8.5585
-2.09988 -8.55685
-2.06662 -8.28217
-2.22098 -8.48117
-2.12676 -8.19075
-2.3073 -8.29949
-2.11494 -7.93073
-2.2684 -7.93049
-2.47488 -8.25981
-2.53911 -8.54204
-2.55191 -8.44341
-2.64603 -8.47879
-2.64047 -8.22109
-2.74188 -8.3677
-2.80471 -8.22504
-2.83494 -8.38744
-2.78797 -8.51977
-2.88907 -8.47998
-2.88407 -8.66014
-2.98434 -8.48841
-3.01028 -8.81686
-2.89628 -8.91346
-3.11627 -9.15421
-3.14479 -8.86963
-3.14923 -9.00487
-3.1316 -9.25632
-2.91751 -7.97944
-2.94365 -8.17076
-2.83754 -8.09243
-2.69041 -7.99064
-2.95382 -8.33639
-3.10084 -8.60885
-3.1335 -8.74302
-2.50785 -7.99701
-2.34454 -7.79922
-2.39221 -8.01019
-2.1895 -7.56351
-2.07364 -7.60544
-2.027 -7.2725
-2.88851 -7.79057
-2.90188 -6.78868
-2.86897 -6.61865
-2.94315 -6.96163
-2.92899 -7.10497
-3.10779 -9.37535
-3.12549 -9.34531
-3.04098 -9.25018
-2.94962 -9.3458
-3.01258 -9.46737
-2.91847 -9.50779
-2.87597 -9.69077
-2.87138 -9.79763
-2.75719 -9.78297
-2.58581 -9.95344
-2.56692 -10.0638
-2.58869 -10.1136
-2.48684 -10.2051
-2.46244 -10.1207
-2.37492 -10.2578
-2.27327 -10.1783
-2.06018 -10.3089
-2.09411 -10.1375
-2.25391 -10.0106
-2.43472 -10.0047
-2.39302 -9.85995
-2.56605 -9.82276
-2.50255 -9.6824
-2.68665 -9.65254
-2.60887 -9.51857
-2.77659 -9.50908
-2.7099 -9.3767
-2.83668 -9.40658
-2.80661 -9.28786
-2.88839 -9.15359
-2.64632 -9.15857
-2.72608 -8.96141
-2.73835 -8.73579
-2.61029 -8.78546
-2.42024 -8.6881
-2.55625 -8.92727
-2.42845 -8.87095
-2.4467 -9.00929
-2.29921 -8.80527
-2.32284 -9.02579
-2.15484 -8.91772
-2.28287 -9.15196
-2.43074 -9.18507
-2.34441 -9.33949
-2.54117 -9.35902
-2.42501 -9.5272
-2.20073 -9.52194
-2.32118 -9.70646
-2.15097 -9.73838
-2.21597 -9.87076
-2.05296 -9.88724
-2.11921 -9.9964
-1.97938 -10.0582
-1.88577 -9.94753
-1.95335 -9.6778
-1.73689 -9.86299
-1.72916 -10.0696
-1.84486 -10.1102
-1.74941 -10.2051
-1.56221 -10.2354
-1.565 -10.0165
-1.3664 -10.1444
-1.3354 -10.3015
-1.40656 -10.3816
-1.59923 -10.407
-1.71196 -10.304
-1.75738 -10.3669
-1.82806 -10.4399
-1.88083 -10.2494
-2.03413 -10.4181
-1.95259 -10.4998
-1.77181 -10.5791
-1.98308 -10.5359
-1.87319 -10.6206
-1.15755 -10.2702
-0.951705 -10.3554
-0.799148 -10.4886
-0.680592 -10.3331
-0.944608 -10.227
-0.741091 -10.0742
-1.13093 -10.097
-1.10824 -9.89456
-1.36471 -9.94827
-1.3401 -9.71924
-1.55151 -9.82962
-1.65121 -9.58611
-1.37153 -9.46514
-1.53781 -9.34274
-1.70207 -9.2575
-1.85259 -9.43167
-1.86438 -9.21211
-2.00695 -9.3582
-2.16428 -9.2284
-1.95613 -9.00103
-1.78546 -8.69139
-1.74219 -8.95616
-1.62478 -8.6205
-1.55972 -8.81692
-1.6114 -9.03966
-1.42995 -8.964
-1.54046 -9.16817
-1.32681 -9.20481
-1.22251 -8.97919
-1.05284 -9.10032
-1.13103 -9.2429
-0.891843 -9.31152
-0.676419 -9.03457
-0.968742 -8.8091
-0.621792 -8.7804
-0.74324 -8.63601
-0.88547 -8.48127
-1.16555 -8.60868
-1.09435 -8.36295
-1.31406 -8.46332
-1.21261 -8.14871
-1.46226 -8.36329
-1.42144 -8.0752
-1.64955 -8.29155
-1.51067 -7.94623
-1.63636 -7.90643
-1.44118 -7.65095
-1.60659 -7.52004
-1.39454 -7.29582
-1.49962 -7.08471
-1.5648 -6.8635
-1.41107 -6.7218
-1.27395 -6.92277
-1.24341 -6.55741
-1.05347 -6.62841
-1.05793 -7.00134
-1.2251 -7.20634
-1.05893 -7.39598
-0.818209 -7.10437
-0.806603 -7.40851
-0.890136 -7.56716
-1.03066 -7.77904
-0.612837 -7.66788
-0.81387 -8.11051
-0.524274 -7.94438
-0.408046 -8.14244
-0.223648 -7.83705
-0.0411716 -8.05402
-0.119299 -8.28542
-0.432997 -8.40043
-0.199674 -8.53617
0.12411 -8.39762
0.139059 -8.61679
-0.166065 -8.73162
-0.383726 -8.70761
-0.517985 -8.59714
-0.366474 -8.87229
0.0274243 -8.89487
-0.301865 -9.06217
0.00159502 -9.19152
-0.428365 -9.28286
-0.0312696 -9.51685
0.399163 -9.32025
0.487112 -9.616
0.860052 -9.3927
0.956481 -9.71755
1.20804 -9.49377
1.38188 -9.67249
1.23444 -9.88051
0.972922 -10.0014
1.28153 -10.0777
1.06681 -10.2119
0.73864 -10.176
0.928528 -10.385
0.482476 -10.3458
0.377471 -10.153
0.553668 -9.92825
0.128911 -9.99024
0.182292 -9.7758
-0.23493 -9.80626
-0.589296 -9.57694
-0.554124 -9.77378
-0.5281 -9.9042
-0.8298 -9.79241
-0.242621 -10.0652
-0.377282 -10.2574
-0.0558486 -10.2587
-0.164163 -10.3608
-0.372694 -10.4075
-0.141892 -10.4445
-0.324412 -10.5318
0.022161 -10.5333
0.102368 -10.3964
0.320732 -10.4821
0.336071 -10.5834
0.617317 -10.4967
0.652197 -10.6186
0.908299 -10.5554
0.948018 -10.641
1.07036 -10.5878
1.22209 -10.6102
1.05844 -10.7235
1.31477 -10.6801
1.52187 -10.6257
1.42068 -10.4809
1.73702 -10.523
1.60927 -10.3898
1.85004 -10.3855
2.02254 -10.5101
1.93834 -10.6219
1.78206 -10.6473
1.9973 -10.7137
2.17074 -10.6189
2.35053 -10.6969
2.46518 -10.5754
2.73626 -10.6792
2.50665 -10.7448
2.72517 -10.769
2.49217 -10.802
2.88304 -10.8204
2.98549 -10.7737
3.16019 -10.8265
3.27203 -10.7836
3.39482 -10.8462
3.22051 -10.8778
3.51365 -10.9049
3.59588 -10.8533
3.72069 -10.8905
3.6627 -10.933
3.84904 -10.9136
3.79586 -10.9225
3.96336 -10.913
3.99825 -10.8914
4.10374 -10.9042
4.12989 -10.8596
4.21552 -10.8775
4.27997 -10.8202
4.3266 -10.8668
4.21668 -10.9072
4.34635 -10.8717
4.45079 -10.8555
4.42058 -10.8212
4.59911 -10.789
4.53565 -10.8666
4.65751 -10.8361
4.65871 -10.8364
4.78489 -10.7553
4.83304 -10.7405
4.95417 -10.6751
4.99751 -10.6431
4.93797 -10.6713
5.06106 -10.5815
4.97008 -10.6325
4.81614 -10.7035
4.81836 -10.652
4.68236 -10.6997
4.63928 -10.6617
4.47566 -10.7229
4.43625 -10.6614
4.58348 -10.6004
4.42091 -10.579
4.61029 -10.5144
4.78141 -10.5518
4.75081 -10.4385
4.62252 -10.4029
4.70704 -10.327
4.58513 -10.3186
4.45322 -10.4156
4.48235 -10.2179
4.65162 -10.2255
5.10895 -10.2567
5.20474 -10.2507
5.31668 -10.2077
5.28747 -10.2345
5.14154 -10.4764
5.08566 -10.4045
4.97039 -10.5565
4.9455 -10.4491
4.87642 -10.3918
5.00687 -10.3269
4.94997 -10.2444
4.81901 -10.3296
4.80588 -10.2376
5.02954 -10.2485
5.25387 -10.3549
5.16557 -10.4863
5.12075 -10.5426
5.22577 -10.424
5.17806 -10.4754
5.28112 -10.3277
5.22312 -10.3449
5.06339 -10.5377
5.07016 -10.5871
4.93164 -10.6629
4.99313 -10.5719
5.10136 -10.4262
4.97546 -10.4749
4.82631 -10.6634
4.81003 -10.5171
4.61045 -10.6565
4.47055 -10.7625
4.34207 -10.706
4.3804 -10.7882
4.13806 -10.7894
4.09865 -10.6764
3.94219 -10.784
4.0205 -10.8359
3.88777 -10.8638
3.74899 -10.8325
3.75554 -10.7375
3.54572 -10.7892
3.60527 -10.6857
3.39719 -10.6741
3.10179 -10.6977
3.22272 -10.5846
2.97947 -10.5853
2.73686 -10.5302
2.93473 -10.455
3.10857 -10.4909
3.10575 -10.3256
3.29317 -10.4238
3.44537 -10.5165
3.54561 -10.2809
3.65307 -10.4795
3.57104 -10.6035
3.75905 -10.6045
3.83485 -10.4719
4.00502 -10.5338
3.91088 -10.6719
4.26258 -10.533
4.20536 -10.3476
4.44751 -10.3369
4.49892 -10.5283
4.62043 -10.3435
4.69833 -10.4626
4.8033 -10.2404
4.85903 -10.3599
4.945 -10.4048
5.02784 -10.257
4.93808 -10.2256
5.04283 -10.126
5.15294 -10.081
5.16678 -10.1915
5.27934 -10.0204
5.32308 -10.0768
5.39061 -9.91463
5.35949 -9.83436
5.37205 -9.82304
5.40961 -9.98972
5.31673 -9.69677
5.3071 -9.56904
5.14499 -9.74312
5.20098 -9.8384
5.04318 -9.92218
4.93701 -9.84842
4.88701 -10.0434
4.68899 -10.071
4.97413 -10.0904
4.80777 -9.74023
4.6097 -9.86199
4.40255 -10.0822
4.46114 -9.78895
4.66928 -9.61149
4.51829 -9.51608
4.2878 -9.70417
4.26998 -9.94744
4.07748 -9.97223
4.14597 -10.1635
3.98198 -10.3484
3.95832 -10.1932
3.79648 -10.3276
3.82526 -10.0719
3.63862 -10.0035
3.40627 -10.0074
3.30934 -10.2459
3.17657 -10.1096
2.98092 -10.1582
2.89472 -10.3136
2.80498 -10.1733
2.76374 -10.297
2.75272 -10.4064
2.6492 -10.3328
2.5303 -10.4146
2.24884 -10.4796
2.3327 -10.3043
2.54011 -10.2219
2.37534 -10.1313
2.53611 -9.9963
2.28657 -10.0077
2.35542 -9.85038
2.14168 -9.8926
2.23162 -9.69927
1.93669 -9.76671
2.01913 -9.50333
1.70834 -9.64682
1.60347 -9.37981
1.58772 -9.90782
1.98371 -9.26586
2.28064 -9.30552
2.34713 -9.51834
2.62332 -9.41885
2.53794 -9.71304
2.84962 -9.68304
2.76482 -9.89267
3.0049 -9.93613
2.86538 -10.0368
2.73321 -10.0406
2.66277 -10.1325
2.68673 -10.2369
3.11512 -9.72307
2.97318 -9.46187
3.28328 -9.53267
3.10029 -9.19434
2.81366 -9.22574
2.83115 -9.0107
2.5043 -9.0821
2.62806 -8.77099
2.15939 -8.82556
2.37853 -8.54523
1.95587 -8.49841
1.61804 -8.78552
1.82948 -9.06825
1.4292 -9.08681
1.21503 -8.88614
1.04507 -9.1263
0.822461 -8.94016
0.703494 -9.16785
0.408671 -9.04237
0.549966 -8.7267
0.545515 -8.38168
0.90683 -8.50775
1.03283 -8.70244
1.38412 -8.47022
1.03082 -8.26682
1.36413 -8.1728
1.15623 -8.08373
0.819868 -7.97848
0.268359 -8.15819
0.278797 -7.8336
0.678119 -7.65569
0.405469 -7.56079
0.0384016 -7.55709
-0.275467 -7.62481
-0.282897 -7.41316
-0.574253 -7.28228
-0.280943 -7.07554
-0.571247 -6.96997
-0.724488 -6.87823
-0.850244 -6.75561
-0.607749 -6.66405
-0.776364 -6.24643
-1.08998 -6.29924
-0.985868 -5.98788
-1.19769 -6.08132
-1.24896 -6.33255
-1.3575 -6.46693
-1.34285 -6.27729
-1.35297 -6.05534
-1.49049 -6.05068
-1.37951 -5.8831
-1.26707 -5.74485
-1.23305 -5.90578
-1.09963 -5.75667
-1.1351 -5.52688
-0.96569 -5.41343
-0.891302 -5.6935
-0.841857 -5.9082
-0.694452 -5.76797
-0.727281 -5.41638
-0.400957 -5.48631
-0.53844 -5.10032
-0.797294 -5.11764
-0.976227 -5.12238
-1.0906 -5.32208
-1.11911 -5.14326
-1.23176 -5.42151
-1.23493 -5.18826
-1.33775 -5.35684
-1.40606 -5.67867
-1.48709 -5.40296
-1.5937 -5.9057
-1.68407 -5.65747
-1.72912 -6.01263
-1.80522 -6.00207
-1.93617 -6.21726
-1.86009 -5.84353
-2.02798 -6.09823
-2.09584 -6.44753
-2.14334 -6.28965
-2.26838 -6.6244
-2.22142 -6.26536
-2.32212 -6.26212
-2.47778 -6.62131
-2.40481 -6.92852
-2.29177 -6.9419
-2.24065 -6.80415
-2.17625 -6.80694
-2.57532 -7.04884
-2.45649 -6.14938
-2.29825 -5.93551
-2.29378 -5.57033
-2.52745 -5.93843
-2.47034 -5.79304
-2.57754 -5.87786
-2.67226 -5.96312
-1.95814 -5.03441
-2.08037 -5.23566
-1.88334 -5.15301
-1.98167 -5.52547
-2.12199 -5.63771
-2.17243 -5.4218
-2.21219 -5.71215
-2.38666 -5.69386
-2.21343 -5.96202
-2.10143 -5.94059
-1.9711 -5.80293
-1.87758 -5.60361
-1.76813 -5.53841
-1.67947 -5.34133
-1.7931 -5.3075
-1.6159 -5.03087
-1.73048 -4.95806
-1.79997 -4.83259
-1.66637 -4.69205
-1.73651 -4.7149
-1.16577 -3.93619
-1.06743 -3.78523
0.882781 -1.78925
0.7847 -1.78843
0.75863 -1.93383
1.1659 -1.78415
1.00332 -1.93957
1.22669 -2.01307
0.85751 -2.0342
0.946908 -2.26072
1.28433 -2.23572
1.53866 -2.13821
1.52431 -2.37587
1.18123 -2.39248
1.24361 -2.58679
1.65192 -2.67255
1.25399 -2.79531
0.932132 -2.78572
1.03325 -2.97944
1.3874 -2.9657
1.00199 -3.28823
1.56147 -3.19679
1.3357 -3.44965
1.72192 -3.45823
1.37726 -3.77482
1.0143 -3.62193
0.866964 -3.95311
1.17069 -4.21927
0.734179 -4.26733
0.796023 -4.53209
1.22691 -4.59309
0.837183 -4.87295
0.393006 -4.75223
0.385954 -5.11446
0.878172 -5.27981
1.38746 -4.94843
1.43832 -5.36643
1.79938 -5.13401
1.83814 -5.41002
1.68826 -5.69131
1.34 -5.63575
1.09279 -5.53501
1.07648 -5.79969
0.741114 -5.66259
0.774876 -5.98084
0.389351 -5.92474
0.572208 -6.35217
1.14836 -6.20009
0.929305 -6.5588
1.23106 -6.57351
1.58163 -6.4597
1.40912 -6.76381
1.06037 -6.86971
1.41431 -7.08106
1.70718 -6.81325
1.73679 -7.04276
2.05661 -6.93559
1.98118 -6.5402
1.88556 -6.25253
1.62402 -6.06532
1.97607 -5.96428
2.17221 -6.23187
2.26074 -5.9486
2.42273 -6.13975
2.51548 -5.78072
2.12539 -5.61461
2.40749 -5.24512
2.07002 -5.28421
2.1015 -5.03428
1.86888 -4.80255
2.27941 -4.72326
1.94789 -4.39615
1.60768 -4.61688
1.53433 -4.37432
1.66053 -4.07762
2.01153 -4.03373
1.86038 -3.75805
2.26351 -3.83614
2.07268 -3.51854
2.07822 -3.17865
2.38443 -3.48416
2.53692 -3.21106
2.36865 -2.86727
2.08328 -2.91878
1.80946 -2.93494
2.02476 -2.75595
1.9654 -2.6109
2.19802 -2.59964
2.49773 -2.5986
2.67291 -2.77181
2.73451 -2.59176
2.91261 -2.82834
2.75099 -3.02051
3.07689 -3.21763
2.85668 -3.29376
2.98954 -3.3377
2.99859 -3.51789
2.7176 -3.51911
2.88818 -3.90069
2.58159 -3.77519
2.61003 -4.22019
2.25726 -4.20732
2.40118 -4.42727
2.56373 -4.60575
2.23602 -4.42735
2.5885 -4.89987
2.73663 -5.158
2.72444 -5.4791
3.01344 -5.38272
2.88469 -4.77412
3.29489 -5.07479
3.22724 -4.53639
2.9547 -4.31828
3.12638 -4.15296
3.17315 -3.84566
3.34203 -4.16163
3.41273 -3.78943
3.21163 -3.56044
3.33218 -3.44637
3.35808 -3.16955
3.16189 -2.85947
3.37571 -2.85766
3.56947 -3.16455
3.54794 -3.51097
3.70663 -3.44118
3.75854 -3.73844
3.86853 -3.57119
3.97412 -4.01433
4.04005 -3.67553
4.20324 -4.00044
4.1667 -4.35013
4.31179 -4.32691
4.31299 -4.70332
4.43977 -4.57882
4.45291 -4.86427
4.39384 -5.09085
4.25374 -5.11192
4.35116 -5.30839
4.31091 -5.59698
4.45566 -5.47992
4.4272 -5.74824
4.53643 -5.93085
4.62117 -5.58866
4.69025 -6.02009
4.63688 -6.30111
4.50132 -6.38648
4.65618 -6.67934
4.50385 -6.88795
4.70937 -7.13746
4.57482 -7.24879
4.46744 -7.20936
4.51558 -7.4574
4.65919 -7.48497
4.57597 -7.72802
4.718 -7.77523
4.62997 -8.0065
4.77317 -8.06924
4.67563 -8.2353
4.76119 -8.32844
4.86491 -8.27992
4.822 -8.53765
4.66033 -8.49764
4.74151 -8.78468
4.92697 -8.79681
4.8247 -9.04806
4.62768 -9.04597
4.71369 -9.31332
4.90126 -9.23485
4.87176 -9.46196
5.06839 -9.28361
5.05364 -9.57198
5.20809 -9.33612
5.2303 -9.22481
5.1427 -9.08251
5.00451 -9.05443
5.10151 -8.87358
5.08989 -8.61456
4.95435 -8.48743
5.06722 -8.36281
5.13098 -8.49136
5.18805 -8.54378
5.22305 -8.34255
5.26795 -8.52858
5.21567 -8.74081
5.34785 -8.75234
5.34817 -8.4944
5.40111 -8.59153
5.28761 -9.47182
5.25509 -9.1107
5.29099 -8.92603
5.20337 -8.94728
5.44661 -8.42327
5.40843 -8.30501
5.46889 -8.24271
5.52902 -7.87224
5.50408 -8.06373
5.48223 -7.87468
5.40311 -8.02583
5.31964 -8.29464
5.29103 -8.07181
5.19747 -8.13547
5.14248 -8.33294
5.13422 -8.1777
5.07247 -8.06361
4.97493 -8.19159
5.0097 -7.86635
4.89518 -7.99676
4.91893 -7.68768
4.8285 -7.81728
4.8018 -7.51153
4.91164 -7.33654
5.02084 -7.5401
5.02609 -7.21249
5.08469 -7.36117
5.10509 -7.55981
5.05528 -7.69946
5.09305 -7.7906
5.16535 -7.59982
5.16975 -7.89089
5.25513 -7.56263
5.28824 -7.79111
5.33704 -7.46498
5.39199 -7.57212
5.36098 -7.83891
5.43825 -7.73333
5.48107 -7.41075
5.45818 -7.19298
5.49557 -7.31978
5.53391 -7.54516
5.55581 -7.67692
5.52648 -7.01428
5.49921 -7.09148
5.43997 -7.11861
5.39439 -6.9213
5.29899 -7.20519
5.29501 -6.80168
5.18828 -6.95484
5.17966 -7.32132
5.2272 -7.42236
5.1057 -7.14481
5.0599 -6.87038
4.93933 -6.99256
4.94893 -6.61793
4.85643 -6.80487
4.83483 -7.07521
4.76567 -6.84203
4.81587 -7.27592
4.7876 -6.45765
4.91397 -6.29227
4.81402 -6.05599
4.73818 -5.7911
4.83217 -5.77822
4.74381 -5.53821
4.6628 -5.24869
4.53381 -5.1727
4.5817 -4.87089
4.72967 -5.07616
4.77122 -5.33071
4.86236 -5.29367
4.84574 -5.54519
4.95535 -5.58476
4.92479 -5.75939
5.03366 -5.8937
4.92594 -5.99836
5.01153 -6.20989
4.98466 -6.40278
5.06706 -6.48615
5.12218 -6.18394
5.18527 -6.44099
5.23157 -6.19204
5.16376 -5.8974
5.06941 -5.61296
5.18969 -5.59779
5.05298 -5.30157
4.97201 -5.39317
4.92566 -5.14903
4.81198 -4.99863
4.88027 -4.95996
4.80267 -4.75775
4.69267 -4.78225
4.68251 -4.55976
4.57014 -4.51622
4.43937 -4.33775
4.50056 -4.1363
4.36371 -4.13249
4.34141 -3.8671
4.17755 -3.65505
4.28957 -3.51652
4.11126 -3.36843
4.06023 -3.51264
3.9471 -3.34261
4.00717 -3.06322
3.81338 -2.93781
3.75415 -3.21755
3.59632 -2.83846
3.68797 -2.67293
3.77764 -2.68876
3.91856 -2.73834
3.6714 -2.41665
3.87379 -2.47211
3.56114 -2.31358
3.56387 -2.49406
3.45499 -2.19666
3.31988 -2.08329
3.16701 -2.08526
2.50563 -1.98135
2.75999 -2.01764
2.47712 -2.06671
2.25774 -1.93742
2.32953 -2.16122
2.53203 -2.23966
2.30402 -2.38295
2.56488 -2.44295
2.75709 -2.38596
2.96738 -2.31775
2.93032 -2.58243
2.80733 -2.52071
3.17041 -2.57569
3.19215 -2.29303
2.99 -2.05426
3.39323 -2.54208
2.07485 -2.19116
1.92932 -2.44004
1.78317 -2.2321
1.84745 -2.01851
1.55945 -1.95289
1.72835 -1.82539
1.99296 -1.8842
1.45207 -1.7772
3.97034 -2.38787
4.10065 -2.55463
4.1805 -2.71034
4.12196 -2.76227
4.05747 -2.70548
4.0703 -2.74091
4.11762 -2.77086
4.04601 -2.76603
4.06765 -2.87127
4.13621 -2.76895
4.15992 -3.13452
4.31736 -3.23618
4.41832 -3.59106
4.47343 -3.7762
4.56861 -3.92764
4.61481 -4.17623
4.62263 -4.35441
4.7108 -4.38989
4.65735 -4.07347
4.73989 -4.21323
4.84361 -4.59363
4.97504 -4.66883
4.95802 -4.94854
5.08974 -5.00889
5.06677 -5.14135
5.17207 -5.30564
5.20017 -5.1731
5.28146 -5.35554
5.28666 -5.57176
5.28984 -5.91026
5.37308 -5.77337
5.41624 -6.07198
5.46102 -5.88662
5.46344 -6.03772
5.45705 -6.24027
5.42892 -6.38433
5.48418 -6.47789
5.44634 -6.65984
5.36362 -6.5865
5.34906 -6.26991
5.27312 -6.47921
5.21497 -6.66269
5.14533 -6.67792
5.48242 -6.8788
5.50528 -6.70775
5.54374 -6.80926
5.54435 -6.91411
5.60939 -6.62352
5.6502 -6.5172
5.5414 -6.70959
5.56191 -6.40784
5.50836 -6.22538
5.57086 -6.18178
5.63069 -6.32907
5.64639 -6.14851
5.65026 -5.95457
5.57456 -5.97208
5.58071 -5.7364
5.51309 -5.80159
5.5142 -6.00263
5.43805 -5.79677
5.45753 -5.68371
5.41387 -5.65587
5.39934 -5.70575
5.33985 -5.50333
5.3815 -5.51026
5.33923 -5.38877
5.26738 -5.20718
5.33923 -5.38877
5.20901 -4.95864
5.17262 -4.99606
5.13299 -4.81128
5.09332 -4.82837
5.05578 -4.67211
4.96567 -4.44281
5.12775 -4.60437
5.05151 -4.44474
4.95335 -4.29559
4.79191 -4.22442
4.85751 -4.20213
4.83748 -4.20158
4.42385 -3.4032
4.41941 -3.21686
4.35436 -3.03637
4.27192 -2.87153
5.53133 -5.60035
5.48776 -5.62189
5.41888 -5.3638
5.43429 -5.54218
5.37775 -5.38741
5.25418 -4.86661
5.18891 -4.75154
5.34902 -4.91904
5.38742 -5.03461
5.39339 -5.16467
5.45725 -5.1953
5.47165 -5.35445
5.53333 -5.33035
5.52262 -5.46135
5.51011 -5.19389
5.4724 -5.08529
5.40895 -4.96807
4.05747 -2.70548
3.9196 -2.43694
4.01857 -2.47418
4.54695 -9.2806
4.46921 -9.16399
4.38788 -9.38937
4.29292 -9.15644
4.19382 -9.52454
4.11249 -9.7621
4.02735 -9.67458
4.05245 -9.43307
3.82371 -9.72439
3.96929 -9.86094
3.88349 -9.35164
3.60339 -9.45214
3.83621 -8.97688
3.53062 -9.07886
3.37372 -9.27195
3.3027 -9.04675
3.07565 -8.80433
3.39605 -8.83689
3.30179 -8.6767
3.19595 -8.49194
2.79483 -8.41579
3.08825 -8.29122
2.94266 -8.05477
2.62746 -8.15181
2.33697 -8.26977
2.41024 -7.8968
1.82469 -8.14108
1.90092 -7.78999
1.41247 -7.90287
1.63268 -7.61561
1.17768 -7.5173
1.74334 -7.30045
1.94162 -7.53316
2.2376 -7.31732
2.19685 -7.61951
2.4922 -7.54876
2.68741 -7.28888
2.89761 -7.61479
3.32825 -7.82274
3.36137 -8.2207
3.7041 -8.00335
3.66145 -8.33017
3.48516 -8.5663
3.76824 -8.58918
3.6141 -8.81528
4.02128 -8.56335
3.90708 -8.2833
4.15504 -8.23387
4.01584 -7.98326
3.89233 -7.72866
3.63107 -7.62354
3.8115 -7.48592
3.61847 -7.24518
3.31777 -7.39991
3.41112 -7.13365
3.1957 -7.02118
3.01268 -7.27063
2.88964 -7.00391
2.52459 -6.95475
2.82869 -6.63015
2.3951 -6.52433
2.69116 -6.19194
3.03264 -6.23948
3.16446 -6.64438
3.39248 -6.2946
3.45877 -6.83018
3.60051 -6.53099
3.7619 -6.88883
3.84334 -7.27174
3.98092 -7.17287
3.98973 -6.7944
3.78528 -6.31178
4.04395 -6.40586
3.95382 -6.06284
3.84162 -5.85463
3.66869 -5.82708
3.79683 -5.39779
3.52542 -5.45257
3.58814 -5.0581
3.45162 -4.77537
3.63024 -4.71159
3.78528 -4.92341
3.78203 -4.57641
3.9523 -4.726
3.92514 -5.07931
3.9897 -5.32003
3.99958 -5.68962
4.13467 -5.41324
4.16562 -5.75069
4.26538 -6.01846
4.10899 -6.05669
4.24274 -6.41258
4.19055 -6.76903
4.33546 -6.74505
4.34314 -7.03481
4.17176 -7.15635
4.3588 -7.3537
4.20554 -7.53077
4.40735 -7.65932
4.25357 -7.89695
4.46711 -7.95471
4.35188 -8.17252
4.52345 -8.27541
4.2961 -8.52535
4.49529 -8.56403
4.40108 -8.8006
4.23936 -8.86921
4.07327 -9.09895
4.10146 -8.80147
4.47761 -8.9811
4.5723 -8.773
4.08668 -7.73315
3.99874 -7.48342
4.09452 -7.35184
4.3916 -6.55522
4.36242 -6.28153
4.40257 -5.99554
4.07049 -5.0534
4.14012 -4.71658
4.02741 -4.4248
3.87967 -4.34996
3.76587 -4.06929
3.73919 -4.31775
3.58042 -4.15868
3.6483 -4.44915
3.48631 -4.47108
3.62242 -3.85216
3.30599 -5.5198
3.45196 -5.84171
3.18975 -5.84814
3.58177 -6.11581
3.59301 -6.31379
2.87317 -5.82147
3.02951 -6.82875
1.02457 -7.18917
0.687539 -7.36065
0.768041 -7.07212
0.423886 -7.10319
0.322256 -7.36812
0.0484257 -7.21952
0.097506 -6.74522
-0.347872 -6.76806
-0.31031 -6.34841
0.115818 -6.24239
0.637732 -6.79026
-0.0816565 -5.83362
-0.467334 -5.9282
-0.057066 -5.41379
0.316256 -5.49691
0.108535 -5.25887
-0.103238 -5.00547
3.44358 -9.7352
3.29852 -9.79988
3.5878 -9.8071
3.2118 -9.92424
1.38157 -5.86507
0.0987163 -4.49234
-0.249557 -4.6109
-0.433324 -4.79016
-0.497551 -4.40908
-0.657798 -4.81801
-0.74893 -4.62857
-0.800994 -4.37002
-0.88304 -4.68096
-0.849741 -4.87602
-1.00201 -4.89482
-0.995525 -4.64122
-1.15322 -4.91898
-1.13313 -4.64123
-1.01 -4.38723
-1.17195 -4.47747
-1.12943 -4.24404
-1.30894 -4.45463
-1.25913 -4.66855
-1.41544 -4.93037
-1.46817 -4.69654
-1.4189 -4.32112
-1.3359 -4.21213
-1.25741 -4.08899
-1.5163 -4.41261
-1.60524 -4.5015
-1.67643 -4.60496
-1.5815 -4.74019
-1.57683 -5.25735
-1.31667 -5.1011
-1.25153 -4.84437
-1.05827 -3.95067
-0.955331 -4.11178
-0.869745 -3.84285
-0.765734 -4.03091
-0.882041 -4.22557
-0.612847 -4.12153
-0.539536 -3.83713
-0.679254 -3.72245
-0.454661 -3.5706
-0.628255 -3.47455
-0.796555 -3.5958
-0.770429 -3.38038
-0.870387 -3.50828
-0.657784 -3.20755
-0.622817 -3.11552
-0.682339 -3.31659
-0.503758 -2.9419
0.275055 -2.10981
0.438143 -1.9786
0.578031 -2.15895
0.626358 -1.91414
0.309183 -2.36253
0.585423 -2.46107
0.1903 -2.70742
0.575632 -2.74625
0.284986 -2.95423
0.598049 -3.09462
0.908516 -2.53582
0.142799 -3.24174
0.307232 -3.4526
0.59404 -3.3776
0.5373 -3.70653
0.118779 -3.75925
-0.0391154 -3.58375
-0.199072 -3.98392
0.109954 -4.07627
-0.175768 -4.32267
-0.443492 -4.01582
-0.318846 -3.71451
0.445663 -4.16253
0.471447 -4.45047
-0.180162 -3.40965
-0.381776 -3.26781
-0.0276985 -3.08432
-0.220258 -2.93161
-0.449432 -3.11236
-0.278906 -2.77715
-0.381404 -2.75898
-0.213506 -2.59741
-0.0478721 -2.43229
0.124687 -2.26295
0.098711 -2.48231
-0.0773969 -2.65603
-0.970219 -3.64211
1.31799 -8.70394
1.23108 -9.29592
2.15512 -9.09838
1.90679 -9.98108
1.72887 -10.0934
1.93902 -10.1957
2.09736 -10.053
2.18792 -10.1833
2.09968 -10.3687
1.69407 -10.2503
1.52005 -10.1518
1.51282 -10.2871
1.31617 -10.2673
1.42333 -10.3684
1.23661 -10.3972
1.14351 -10.5156
1.14321 -10.321
2.12234 -10.4692
5.13015 -9.98356
5.42583 -10.0496
5.41822 -10.0974
5.35044 -10.2055
5.35466 -10.2047
5.29475 -10.3066
5.33771 -10.2194
5.3874 -10.132
5.35963 -10.1727
5.32308 -10.1921
5.21398 -10.2572
5.10484 -10.3384
5.04284 -10.3364
4.29382 -10.2123
4.20561 -10.3484
4.2366 -10.5219
4.01122 -10.4901
3.69493 -10.4829
3.85677 -10.5818
3.53576 -10.5676
3.26539 -10.6016
2.90775 -10.5872
3.02438 -10.6385
2.70097 -10.6505
2.49848 -10.5909
2.37479 -10.6532
2.18888 -10.6238
2.07795 -10.6833
1.77028 -10.7063
2.10853 -10.7505
1.63382 -10.7237
1.32329 -10.7357
1.69793 -10.7776
1.38719 -10.7955
1.18319 -10.801
0.936157 -10.7925
0.695459 -10.782
0.822706 -10.8016
1.05964 -10.8123
0.939251 -10.8273
1.18019 -10.8109
1.04889 -10.8163
1.29426 -10.786
1.14979 -10.7644
1.42608 -10.7378
0.916159 -10.7894
0.727972 -10.7724
0.682911 -10.8254
0.528398 -10.8191
0.473479 -10.836
0.286194 -10.8218
0.461222 -10.7767
0.169947 -10.7585
0.0494075 -10.8032
0.334573 -10.7101
0.70374 -10.712
0.0387654 -10.6486
0.623952 -10.8425
0.819449 -10.8354
0.707711 -10.8161
0.610888 -10.8038
1.52632 -10.779
1.81962 -10.7884
1.70984 -10.7138
2.21694 -10.7695
2.13554 -10.818
2.33616 -10.8542
2.06184 -10.8758
2.22585 -10.8877
1.99173 -10.8602
2.09494 -10.8554
1.78098 -10.8324
1.7439 -10.8085
2.06921 -10.803
2.49289 -10.8412
2.3543 -10.7905
2.50777 -10.7749
2.58576 -10.7395
2.40774 -10.7031
2.71296 -10.7078
2.97934 -10.6853
2.93968 -10.7215
3.24148 -10.7083
3.26876 -10.6539
3.48148 -10.688
3.50996 -10.7245
3.23468 -10.7389
3.54714 -10.7786
3.24033 -10.7779
2.88563 -10.7692
3.06692 -10.8109
2.86302 -10.7975
2.65222 -10.8023
2.84279 -10.8336
2.87478 -10.8543
2.68847 -10.855
2.42514 -10.8635
2.60608 -10.859
2.77316 -10.8733
2.9847 -10.88
2.91175 -10.8749
3.18026 -10.8832
3.42604 -10.9152
3.31936 -10.8748
3.59227 -10.9077
3.53891 -10.8763
3.73841 -10.9299
3.78291 -10.8771
3.4271 -10.8307
3.3132 -10.8509
3.11355 -10.8418
3.12571 -10.8617
3.73862 -10.8275
4.01541 -10.833
4.04219 -10.8759
4.22326 -10.8567
4.2466 -10.8185
4.12797 -10.7841
4.36722 -10.7799
4.43776 -10.8387
4.62014 -10.7662
4.22586 -10.7498
4.28082 -10.6994
4.05723 -10.7014
4.16252 -10.6299
3.89166 -10.6448
4.07066 -10.5695
3.58674 -10.6312
3.75817 -10.701
3.97292 -10.751
3.74175 -10.7561
3.86849 -10.7887
4.188 -10.8763
4.07676 -10.8974
3.90808 -10.8971
2.63204 -10.8514
2.68052 -10.8687
2.48079 -10.865
1.49253 -10.8088
1.58108 -10.8161
1.31542 -10.803
1.42486 -10.8013
1.67459 -10.8283
1.82625 -10.8469
1.89975 -10.8296
-0.195632 -10.6154
0.211404 -10.273
0.0920525 -10.1558
-0.571283 -10.5569
-0.728518 -10.6215
-0.54953 -10.4734
-0.90174 -10.6807
-1.06484 -9.56523
-1.11064 -9.74077
-1.17798 -9.35774
-0.657579 -8.4932
-0.651855 -8.33078
-1.2696 -7.89625
-1.25427 -7.66215
-1.38552 -7.83908
-1.28417 -7.43736
-1.48117 -8.59365
-1.38283 -8.71061
-1.24978 -8.81508
-2.87709 -9.58337
-0.983682 -10.773
