-0.959126 -8.0419
-1.13276 -7.95827
-1.3199 -7.88771
-2.53694 -7.80122
-2.75008 -7.82107
-2.95991 -7.84462
-2.801 -7.977
-2.53617 -7.91152
-2.48471 -8.02451
-2.31932 -7.96411
-2.15894 -8.07604
-2.09737 -7.94974
-2.32248 -7.86747
-2.11905 -7.78727
-2.32631 -7.79135
-1.71464 -7.80481
-1.91537 -7.78961
-1.51577 -7.83693
-1.74075 -7.87612
-1.87027 -7.93475
-1.60096 -7.99403
-1.43071 -7.9321
-1.2817 -8.05244
-1.48707 -8.10153
-1.79524 -8.06908
-1.56784 -8.17048
-1.86774 -8.16443
-2.14963 -8.17512
-2.39127 -8.12193
-2.36824 -8.19029
-2.54844 -8.16245
-2.64747 -8.09744
-2.80193 -8.17884
-2.84437 -8.09445
-3.10537 -8.09254
-3.07875 -7.93567
-3.36383 -7.91322
-3.16493 -7.8733
-3.55728 -7.95683
-3.74549 -8.00795
-3.60053 -8.02223
-3.44575 -8.04054
-3.65145 -8.09525
-3.39331 -8.16211
-3.60195 -8.21535
-3.8422 -8.16948
-3.92811 -8.06744
-4.10573 -8.12915
-4.60768 -8.18707
-4.51087 -8.19041
-4.41058 -8.1934
-4.26255 -8.16896
-4.19038 -8.22271
-4.00834 -8.23248
-4.07918 -8.29668
-3.84615 -8.3147
-3.68173 -8.29601
-3.63642 -8.37052
-3.42934 -8.38419
-3.41778 -8.42675
-3.22691 -8.43074
-3.19826 -8.45522
-3.07497 -8.45227
-3.02318 -8.46714
-2.90006 -8.44893
-3.01598 -8.41441
-2.81196 -8.40076
-2.87045 -8.37246
-2.76531 -8.36677
-2.74573 -8.32049
-2.61861 -8.37371
-2.43407 -8.31489
-2.30163 -8.39472
-2.56063 -8.43
-2.40923 -8.44976
-2.16821 -8.46977
-2.42481 -8.48136
-2.22279 -8.51622
-1.98681 -8.51773
-1.8422 -8.47494
-1.76554 -8.54523
-1.57962 -8.53054
-1.53331 -8.58116
-1.38536 -8.58249
-1.38129 -8.52744
-1.60732 -8.4672
-1.41813 -8.47567
-1.62879 -8.41315
-1.32484 -8.45448
-1.14869 -8.53291
-1.06131 -8.49833
-1.18842 -8.41384
-0.916175 -8.45711
-1.08492 -8.37735
-1.27541 -8.36235
-1.1864 -8.31996
-0.893945 -8.35997
-1.10026 -8.26167
-0.943587 -8.2478
-1.07277 -8.16079
-1.28809 -8.17459
-0.870603 -8.18103
-0.804502 -8.1347
-0.670776 -8.23394
-0.785905 -8.27245
-0.551972 -8.33309
0.143045 -8.41684
0.27127 -8.32159
0.252969 -8.39461
0.377719 -8.27768
0.389817 -8.23674
0.491747 -8.18489
0.460118 -8.23343
0.364142 -8.34849
0.516541 -8.22499
0.423562 -8.32977
0.578766 -8.20012
0.476251 -8.2916
0.297894 -8.42149
0.436466 -8.31416
0.613309 -8.15904
0.483459 -8.23775
0.661218 -8.05087
0.721089 -7.9904
0.770987 -7.87962
0.842709 -7.85692
0.849053 -7.79307
0.932724 -7.66559
0.834685 -7.75289
0.888259 -7.58829
0.992821 -7.4847
0.978957 -7.40038
1.04559 -7.33532
1.03389 -7.21902
0.911489 -7.36785
0.987029 -7.10944
1.09899 -7.0199
1.13509 -7.10907
1.15517 -7.01295
1.17218 -6.9281
1.50826 -5.07531
1.46846 -5.24368
1.42039 -5.22408
1.41647 -5.40831
1.3692 -5.56581
1.36793 -5.68854
1.33001 -5.95884
1.32494 -6.10285
1.3155 -6.27261
1.25246 -6.42486
1.24675 -6.25501
1.15553 -6.38239
1.21039 -6.59401
1.16616 -6.74329
1.04811 -6.7727
1.07194 -6.91602
1.17321 -6.86311
0.977112 -6.98204
0.885992 -7.17727
0.901388 -6.92877
0.77447 -7.19886
0.769531 -7.44505
0.808979 -7.5922
0.722862 -7.81606
0.693102 -7.70549
0.599394 -7.87037
0.516012 -8.06102
0.479561 -7.96114
0.579152 -7.81026
0.472489 -7.85176
0.616285 -7.64634
0.668809 -7.39462
0.54883 -7.50519
0.602933 -7.33626
0.505303 -7.37214
0.594935 -7.17835
0.674844 -7.22188
0.736731 -6.99124
0.592742 -6.93374
0.44193 -7.19218
0.448738 -6.97151
0.50746 -6.76177
0.623317 -6.66186
0.560515 -6.47114
0.42431 -6.62948
0.441464 -6.36234
0.5395 -6.28388
0.640229 -6.15282
0.513856 -6.13588
0.585306 -5.87557
0.760979 -5.79888
0.662603 -5.53766
0.834312 -5.42259
0.896848 -5.63748
0.972158 -5.40859
1.01167 -5.69022
1.12127 -5.4068
1.04266 -5.13075
1.21095 -5.07118
1.2449 -5.4835
1.33412 -5.17318
1.314 -4.816
1.42478 -4.87745
1.39972 -4.58408
1.46073 -4.38729
1.52928 -4.88134
1.54514 -4.69929
1.66471 -4.36273
1.68298 -4.19227
1.67837 -4.05754
1.58161 -4.03274
1.68156 -3.93284
1.51729 -3.83231
1.49639 -3.95006
1.48391 -4.0744
1.55375 -4.19024
1.48212 -4.21196
1.52407 -4.29375
1.47705 -4.30648
1.53327 -4.4255
1.59276 -4.33288
1.60314 -4.53243
1.46073 -4.38729
1.46224 -4.19509
1.3758 -4.15969
1.31361 -4.44995
1.2942 -3.96902
1.18083 -4.36993
1.21888 -4.57715
1.23785 -4.73423
1.12872 -4.75368
1.0327 -4.49605
0.92675 -4.89031
0.93176 -5.19697
0.846192 -5.15381
0.732181 -5.24415
0.785238 -5.02174
0.696335 -5.10559
0.559814 -5.21606
0.482007 -5.6668
0.371545 -5.46546
0.395258 -5.23349
0.396058 -4.98209
0.238955 -5.23789
0.218915 -4.82975
0.0407887 -5.02886
0.0055418 -5.40417
0.19436 -5.6587
-0.0258217 -5.74452
-0.139711 -5.5722
-0.178862 -5.38694
-0.28319 -5.51242
-0.287086 -5.76768
-0.503731 -5.53268
-0.67609 -5.8083
-0.796105 -5.53443
-1.14172 -5.64339
-1.05124 -5.95867
-0.722866 -6.07904
-1.00327 -6.21796
-1.4276 -6.11987
-1.4132 -6.42405
-1.77286 -6.24309
-1.94788 -6.42707
-1.86428 -6.69242
-2.18071 -6.57097
-2.37417 -6.77472
-1.99713 -7.07684
-1.72114 -6.86121
-1.59797 -6.94966
-1.40303 -6.74496
-1.26968 -6.97849
-1.582 -7.10588
-1.36726 -7.18533
-1.04997 -7.15164
-1.28789 -7.35384
-1.02253 -7.34635
-1.17315 -7.49928
-0.918374 -7.47049
-1.19021 -7.69199
-0.802618 -7.60882
-0.657747 -7.42339
-0.525499 -7.52518
-0.66011 -7.72753
-0.426496 -7.65034
-0.49921 -7.81997
-0.225878 -7.63274
-0.307767 -7.90381
-0.0526085 -7.73988
-0.128097 -7.9837
0.0792007 -7.83072
0.017993 -8.02176
0.158188 -7.90722
0.282197 -7.70671
0.167745 -7.59327
0.353711 -7.45466
0.248516 -7.33739
0.0313282 -7.47186
0.103665 -7.19059
-0.133642 -7.33577
-0.320761 -7.47828
-0.396403 -7.25723
-0.115382 -6.98015
-0.349072 -7.0225
-0.517475 -7.06021
-0.740394 -7.24357
-0.763605 -6.99975
-0.990196 -6.97061
-0.93645 -6.79712
-0.474521 -6.81515
-0.718813 -6.568
-1.06458 -6.58035
-0.938477 -6.41318
-0.617191 -6.31396
-0.425081 -6.52694
-0.268903 -6.3317
-0.174438 -6.6164
0.112671 -6.65176
0.190239 -6.92275
0.290728 -6.72637
0.30657 -6.51301
0.369652 -6.85865
0.194434 -6.34523
0.329264 -6.28966
0.282917 -6.0196
0.101954 -6.15935
0.0990171 -5.93982
0.345541 -5.73825
0.390218 -5.85043
0.44793 -5.95684
0.405266 -6.1603
-0.101565 -6.064
-0.00858116 -6.37046
-0.419719 -6.06902
0.310446 -7.08307
0.434517 -7.55379
0.434651 -7.72546
0.277444 -7.84865
0.317766 -7.91991
0.344867 -8.02319
0.201013 -8.09781
0.243823 -8.17845
0.350941 -8.14142
0.205135 -8.26144
0.288843 -8.29054
0.295292 -8.38792
0.0841608 -8.47484
0.0751324 -8.38268
-0.0883551 -8.51867
-0.088377 -8.44247
0.0786591 -8.28475
-0.160925 -8.3398
0.0384073 -8.14518
-0.161331 -8.17848
0.0984678 -8.02386
0.187233 -8.00162
-0.370274 -8.31857
-0.404538 -8.15246
-0.57298 -8.30269
-0.767173 -8.22351
-0.794353 -8.36142
-0.589025 -8.40792
-0.831061 -8.45276
-0.629498 -8.51735
-0.395029 -8.44292
-0.404813 -8.54006
-0.252221 -8.46705
-0.22229 -8.52146
-0.286023 -8.58066
-0.485283 -8.62679
-0.364997 -8.66319
-0.144385 -8.58104
-0.194 -8.65109
-0.00339603 -8.5784
-0.0666685 -8.61821
0.105239 -8.54421
0.157791 -8.49382
0.180101 -8.5069
0.29712 -8.42972
0.19335 -8.47895
0.0912333 -8.49775
0.0120106 -8.56432
-0.100286 -8.56137
-0.0326576 -8.49085
-0.176617 -8.47909
-0.277088 -8.47373
-0.375376 -8.46722
-0.442804 -8.41692
-0.662257 -8.44754
-0.498399 -8.49346
-0.653579 -8.52567
-0.415575 -8.54243
-0.513854 -8.57881
-0.312739 -8.59671
-0.475526 -8.62189
-0.322556 -8.63896
-0.406868 -8.65052
-0.252714 -8.6523
-0.177998 -8.61692
-0.114002 -8.61998
0.0423431 -8.57488
-0.253149 -8.67064
0.114351 -8.54164
-0.411302 -8.6783
-0.344899 -8.67812
-0.487997 -8.69263
-0.550286 -8.65522
-0.639214 -8.66015
-0.763773 -8.62214
-0.579725 -8.62474
-0.707599 -8.58313
-0.90923 -8.5774
-0.934168 -8.54133
-0.990907 -8.59586
-1.17195 -8.59464
-0.951079 -8.63122
-0.77495 -8.6412
-0.912457 -8.63046
-1.07057 -8.62207
-1.03883 -8.61307
-1.27177 -8.60866
-1.15035 -8.5841
-0.961271 -8.5836
-0.855002 -8.61354
-0.76305 -8.57981
-0.67785 -8.62123
-0.766932 -8.63724
-0.602947 -8.66805
-0.590058 -8.57642
-0.881895 -8.51354
-1.07346 -8.53234
-1.04935 -8.47556
-1.08274 -8.39027
-1.25877 -8.45331
-1.41046 -8.38719
-1.49415 -8.46017
-1.71483 -8.4061
-1.70337 -8.49663
-1.98379 -8.46126
-2.04694 -8.31896
-2.31849 -8.38624
-2.26439 -8.46974
-2.03024 -8.52061
-1.79571 -8.54583
-1.96736 -8.55315
-1.73137 -8.58403
-1.63577 -8.5722
-1.53986 -8.53715
-1.50144 -8.58444
-1.33501 -8.57042
-1.33691 -8.51153
-1.21649 -8.54128
-1.18631 -8.50717
-1.96672 -8.54897
-2.15855 -8.53222
-2.37843 -8.50945
-2.50279 -8.49758
-2.61028 -8.48702
-2.72813 -8.48752
-2.66208 -8.48083
-2.60343 -8.46897
-2.84309 -8.47055
-2.73287 -8.4433
-2.70419 -8.41424
-2.78843 -8.42834
-2.88798 -8.47618
-3.10001 -8.47042
-3.09475 -8.47702
-3.31383 -8.47511
-3.3394 -8.45323
-3.52801 -8.45046
-3.47598 -8.44218
-3.61275 -8.42806
-3.77894 -8.40841
-3.82475 -8.37469
-3.98355 -8.36333
-4.15799 -8.3259
-4.26753 -8.28502
-4.40791 -8.24327
-4.51875 -8.21782
-4.56179 -8.2328
-4.70249 -8.18407
-4.80558 -8.18278
-4.71929 -8.22434
-4.90861 -8.17827
-5.01083 -8.17106
-5.05573 -8.16544
-5.10016 -8.15481
-4.96535 -8.18931
-5.13454 -8.12569
-4.95074 -8.18213
-5.09554 -8.10159
-5.02236 -8.10817
-5.22068 -8.06554
-5.17059 -8.08682
-5.27017 -8.01367
-5.31683 -7.9524
-5.36198 -7.8863
-5.49879 -7.22639
-5.512 -7.36895
-5.43657 -7.19422
-5.38659 -7.29174
-5.41621 -7.41179
-5.32643 -7.38521
-5.25571 -7.22317
-5.19234 -7.33793
-5.25474 -7.5204
-5.09681 -7.45865
-5.06132 -7.29931
-4.99456 -7.40076
-4.93184 -7.28609
-4.87879 -7.41276
-4.94885 -7.52399
-4.70816 -7.51061
-4.73122 -7.2872
-4.43327 -7.36097
-4.40119 -7.58873
-4.16233 -7.48837
-4.03489 -7.70276
-4.37538 -7.72303
-4.2894 -7.81637
-4.47831 -7.78515
-4.62288 -7.69717
-4.6181 -7.8291
-4.44615 -7.86493
-4.52482 -7.9586
-4.27954 -7.92342
-4.27144 -8.01341
-4.385 -8.08815
-4.63246 -8.05161
-4.60742 -8.13361
-4.37567 -8.18771
-4.14534 -8.16316
-4.12952 -8.23646
-3.95114 -8.19863
-3.90949 -8.23394
-3.98822 -8.28032
-3.79647 -8.27691
-3.67459 -8.20761
-3.59085 -8.29099
-3.39776 -8.28095
-3.2775 -8.20348
-3.59652 -8.09489
-3.26258 -8.0777
-3.04329 -8.14544
-2.95224 -8.24475
-2.75881 -8.16541
-3.00032 -8.05421
-2.75093 -8.04399
-2.4396 -8.09677
-2.49653 -8.21926
-2.27303 -8.22953
-2.35965 -8.29647
-2.6462 -8.30492
-2.58903 -8.41173
-3.03779 -8.35126
-2.76255 -8.44711
-2.48481 -8.47587
-2.28781 -8.51905
-2.14229 -8.52779
-2.80841 -8.47293
-3.02848 -8.44712
-2.90908 -8.48694
-3.31461 -8.44371
-3.25246 -8.38107
-3.47065 -8.38116
-3.51822 -8.41811
-3.47507 -8.45395
-3.66133 -8.42242
-3.63023 -8.38772
-3.79295 -8.38076
-3.84281 -8.39859
-3.97174 -8.37947
-3.98071 -8.38674
-4.14836 -8.35962
-4.09107 -8.35192
-4.20376 -8.32986
-4.34136 -8.29453
-4.30382 -8.32413
-4.49716 -8.28569
-4.339 -8.32495
-4.14438 -8.34745
-4.28883 -8.31404
-4.42812 -8.30093
-4.55383 -8.29895
-4.58445 -8.27476
-4.78074 -8.24331
-4.68212 -8.25203
-4.86017 -8.20961
-4.76428 -8.23363
-4.87071 -8.22556
-4.80396 -8.19046
-4.58648 -8.2147
-4.84915 -8.10543
-5.03314 -8.05048
-5.16786 -8.03017
-5.14161 -7.98497
-5.24136 -7.92834
-5.10686 -7.92804
-5.24416 -7.85516
-5.41314 -7.79261
-5.23849 -7.75198
-5.08018 -7.82412
-5.07651 -7.64999
-4.85728 -7.79565
-4.92904 -7.92547
-4.98161 -8.01573
-4.77762 -7.99165
-4.7436 -7.89412
-4.85731 -7.6485
-5.26237 -7.64898
-5.35627 -7.70694
-5.38137 -7.60999
-5.45021 -7.67109
-5.48002 -7.5166
-5.38136 -7.49903
-4.36674 -8.26681
-4.14693 -8.29919
-3.93611 -8.33027
-3.66557 -8.33522
-3.40405 -8.32886
-2.00222 -8.17125
-1.63929 -8.28562
-1.60313 -8.14944
-1.38368 -8.22364
-1.26924 -8.30794
-1.10549 -8.2232
-0.996171 -8.30513
-0.955564 -8.10718
-1.27768 -8.13904
-1.15498 -8.0391
-1.44792 -8.0481
-1.80005 -8.02996
-1.55803 -7.9511
-1.23737 -7.9113
-1.50346 -7.8365
-0.941743 -7.7801
-0.858436 -7.92443
-1.48703 -7.72707
-1.74955 -7.75093
-1.73824 -7.90315
-2.00943 -7.8878
-2.14171 -8.02368
-2.40145 -7.87102
-2.65765 -7.9572
-2.77585 -7.79834
-2.92417 -7.92994
-3.08436 -7.77666
-2.98939 -7.60979
-3.30422 -7.62846
-3.37198 -7.77937
-3.61688 -7.64987
-3.6614 -7.79749
-3.423 -7.89655
-3.1757 -7.8916
-3.22539 -7.97801
-3.07209 -7.96626
-3.48066 -7.99392
-3.67108 -7.91357
-3.75056 -7.99378
-3.87382 -8.05756
-3.88963 -8.1326
-4.10325 -8.07388
-4.03319 -7.9782
-3.87638 -7.91954
-4.0667 -7.86537
-3.86174 -7.84185
-3.81626 -7.4681
-3.51208 -7.50887
-3.55732 -7.36864
-3.72753 -7.25444
-4.05878 -7.2439
-3.7276 -6.98966
-3.45408 -7.17929
-3.38051 -6.941
-3.04736 -7.10571
-3.17571 -6.79573
-2.83715 -6.78229
-2.6277 -7.02408
-2.36523 -7.01521
-2.40789 -7.16321
-2.31124 -7.37644
-2.66169 -7.28578
-2.60563 -7.58417
-2.9159 -7.40783
-3.25669 -7.40812
-2.13722 -7.65079
-1.99446 -7.41527
-1.81266 -7.56424
-1.48348 -7.57505
-1.6521 -7.3356
-2.63098 -6.51477
-3.08684 -6.51205
-2.82639 -6.2838
-2.5016 -6.30622
-2.31081 -6.42904
-2.16785 -6.24692
-2.51281 -6.09011
-1.95677 -6.01616
-2.34725 -5.8684
-2.73139 -5.85682
-2.96202 -6.05625
-3.14001 -6.25034
-3.30399 -6.07713
-3.40382 -6.34703
-3.47481 -6.67553
-3.73193 -6.46191
-3.76584 -6.73059
-3.88709 -6.85858
-4.02293 -7.00048
-4.03093 -6.78865
-4.23246 -6.95295
-4.17261 -7.10488
-4.33142 -7.16027
-4.54198 -7.19035
-4.4654 -7.01036
-4.35798 -6.77207
-4.18413 -6.76181
-4.09365 -6.52593
-3.90204 -6.64838
-3.8682 -6.2079
-4.09057 -6.22348
-4.29914 -6.36102
-4.36286 -6.56705
-4.52255 -6.52573
-4.50865 -6.68892
-4.57746 -6.8692
-4.67231 -6.74219
-4.73602 -6.93237
-4.66382 -7.07128
-4.85058 -7.09811
-4.98934 -7.16773
-4.96699 -7.02618
-5.1016 -7.13217
-5.01021 -6.86937
-5.1983 -7.03781
-5.32149 -7.15113
-5.32729 -7.00776
-5.47537 -7.10955
-5.4006 -6.95171
-5.29196 -6.82113
-5.15704 -6.83604
-5.14368 -6.64291
-4.98445 -6.63686
-4.97826 -6.45518
-4.84995 -6.45129
-4.80226 -6.26528
-4.70114 -6.32431
-4.76715 -6.58109
-4.47161 -6.25661
-4.84408 -6.87332
-4.57518 -6.07953
-4.22581 -5.86126
-4.21107 -6.12169
-3.9514 -5.95145
-3.84663 -5.5812
-3.65724 -5.73581
-3.7168 -5.98134
-3.47765 -5.88914
-3.59727 -6.15635
-3.12558 -5.79419
-3.37802 -5.60654
-3.04395 -5.42264
-3.33002 -5.37237
-3.53456 -5.43394
-3.39807 -5.28358
-3.23727 -5.12236
-3.45726 -5.21403
-3.45652 -4.9722
-3.64387 -5.26625
-3.84479 -5.33561
-4.05309 -5.52202
-3.97429 -5.24587
-4.18546 -5.47586
-4.24345 -5.64876
-4.44828 -5.77894
-4.31156 -5.61016
-4.36269 -5.53254
-4.60898 -5.71162
-4.73246 -6.01699
-4.94383 -6.2616
-4.90978 -6.07033
-5.07228 -6.26037
-5.1328 -6.45195
-5.18445 -6.35956
-5.25663 -6.47407
-5.28846 -6.65144
-5.32284 -6.58115
-5.38041 -6.69696
-5.4141 -6.87041
-5.33363 -6.52275
-5.28545 -6.3606
-5.30219 -6.43799
-5.24067 -6.18952
-5.19571 -6.01041
-5.1831 -6.12053
-5.21134 -6.28089
-5.14585 -6.14283
-5.15237 -6.24475
-5.0488 -6.09819
-5.06205 -5.957
-5.12201 -5.97666
-5.03357 -5.75164
-5.13336 -5.86989
-5.13779 -5.83371
-5.07612 -5.72532
-5.07689 -5.64714
-4.94797 -5.27441
-4.87811 -5.09631
-4.86628 -5.10796
-4.83286 -5.01153
-4.78495 -4.92507
-4.80584 -4.91949
-4.71807 -4.73726
-4.74357 -4.74342
-2.80052 -1.45485
-2.68567 -1.39191
-2.87301 -1.59855
-2.66227 -1.50285
-2.78296 -1.68762
-2.59388 -1.60929
-2.71636 -1.75985
-2.61592 -1.81212
-2.76517 -1.90551
-2.87331 -1.87922
-2.92111 -2.11135
-2.75787 -2.02844
-2.84619 -2.331
-2.64188 -2.03313
-2.59044 -2.18177
-2.76094 -2.53256
-2.60188 -2.39368
-2.61763 -2.62198
-2.46315 -2.23807
-2.35867 -2.33054
-2.44525 -2.62447
-2.28556 -2.46634
-2.39209 -2.82087
-2.5927 -2.91014
-2.57594 -3.12167
-2.71573 -3.21191
-2.69978 -3.44448
-2.46665 -3.22089
-2.60169 -3.75177
-2.24925 -3.25264
-2.31457 -3.64717
-2.44843 -3.94748
-2.61739 -4.05114
-2.77897 -4.21602
-2.57755 -4.21956
-2.70339 -4.45576
-2.43208 -4.43463
-2.69524 -4.76409
-2.92444 -4.57219
-3.0069 -4.86582
-2.89748 -5.09013
-2.54091 -5.07988
-2.74448 -5.27469
-2.48802 -5.3064
-2.66793 -5.46741
-2.83053 -5.64634
-2.4952 -5.67018
-2.30995 -5.47605
-2.00905 -5.68162
-2.06828 -5.46813
-1.84803 -5.46625
-2.1086 -5.24195
-1.52393 -5.30714
-1.84605 -5.022
-2.204 -4.79502
-1.82729 -4.80296
-1.53519 -4.95038
-1.58385 -4.67552
-1.88993 -4.56362
-1.56087 -4.37435
-1.91411 -4.28211
-1.69451 -4.08511
-1.9319 -4.02675
-1.68403 -3.75274
-2.1209 -3.81708
-2.17123 -4.192
-2.36824 -4.1312
-2.14446 -4.45476
-1.83613 -3.40569
-2.09617 -3.42984
-1.9048 -3.0188
-2.0504 -2.76887
-2.25935 -2.9101
-2.13582 -2.50595
-1.94291 -2.4152
-1.9264 -2.11672
-2.12563 -2.10384
-1.88711 -1.67724
-2.08756 -1.77743
-2.2594 -2.00022
-2.21128 -1.68589
-2.38229 -1.97054
-2.4427 -1.81271
-2.28161 -1.52801
-2.45553 -1.59386
-2.30703 -1.40724
-2.46972 -1.41337
-2.28514 -1.23325
-2.44062 -1.20735
-2.57265 -1.31261
-2.06249 -0.940744
-2.17297 -1.03641
-2.09716 -1.15854
-2.31201 -1.11201
-2.20423 -1.29757
-2.1225 -1.40296
-1.89881 -1.1941
-1.93689 -1.0125
-1.68556 -0.897761
-1.93647 -0.882697
-1.81267 -0.843807
-1.44999 -0.742615
-0.203843 -1.05039
-0.0698986 -1.14894
-0.189931 -1.17685
0.00155067 -1.28586
-0.124185 -1.36925
-0.401641 -1.22668
-0.340922 -0.975536
-0.560076 -0.925625
-0.695106 -1.13065
-0.620801 -1.4238
-0.887509 -1.29875
-0.843092 -1.5135
-1.1086 -1.45863
-0.951007 -1.69256
-1.20058 -1.85316
-0.921642 -1.9043
-0.996532 -2.20166
-0.781602 -2.02307
-0.569798 -2.21788
-0.82443 -2.59911
-1.21646 -2.59554
-1.07145 -2.86665
-1.36659 -2.96948
-1.57751 -2.69162
-1.64808 -3.08385
-1.48409 -3.32661
-1.30549 -3.17056
-1.14081 -3.30174
-1.32541 -3.60555
-0.968475 -3.64831
-0.727249 -3.22087
-0.990211 -3.07205
-0.837094 -2.91259
-1.18146 -3.07454
-0.610966 -2.83744
-0.492099 -2.59356
-0.245177 -2.90016
-0.286637 -2.4438
-0.222709 -2.15625
-0.395915 -2.00193
-0.617344 -1.78744
-0.220576 -1.87449
-0.280381 -1.58084
0.0313406 -1.81592
0.0264521 -2.05316
0.000656128 -2.392
0.197619 -2.19361
0.180038 -2.04142
0.322317 -2.2078
0.269294 -2.4114
0.450729 -2.45589
0.326377 -2.69476
0.528019 -2.7319
0.355065 -3.00638
0.126567 -2.99551
0.203543 -3.31473
-0.0495539 -3.45855
0.148706 -3.64518
0.260191 -3.49778
0.320484 -3.72656
0.382972 -3.33372
0.489457 -3.54628
0.478036 -3.8919
0.340154 -4.16108
0.533751 -4.28748
0.624868 -3.9395
0.694456 -4.205
0.655548 -4.46191
0.567062 -4.73545
0.727208 -4.64823
0.690005 -4.9263
0.803385 -4.80367
0.864012 -4.52821
0.752798 -4.41278
0.824941 -4.20889
0.780042 -3.90541
0.904666 -3.97073
0.947709 -4.23644
1.02157 -3.99985
0.992513 -3.75616
0.892367 -3.74164
0.982082 -3.51249
0.827117 -3.63401
0.706809 -3.66019
0.587048 -3.68494
0.654458 -3.40605
0.547035 -3.27452
0.687324 -3.10246
0.539012 -3.02901
0.710162 -2.82175
0.624169 -2.5523
0.801909 -2.55775
0.679878 -2.35943
0.568386 -2.39202
0.515875 -2.20275
0.701349 -2.1332
0.567151 -1.9312
0.32208 -1.94136
0.426109 -1.73924
0.133937 -1.38095
0.288465 -1.55028
0.199095 -1.66392
-0.00822926 -1.56239
0.857466 -2.32355
1.01564 -2.5246
0.919042 -2.76748
1.13511 -2.74579
1.28309 -2.94062
1.31996 -3.05352
1.32034 -3.20059
1.34583 -3.33706
1.28706 -3.33769
1.37497 -3.47826
1.43958 -3.51797
1.40067 -3.68061
1.34514 -3.70768
1.25702 -3.65592
1.30394 -3.90413
1.36454 -3.8249
1.30278 -3.92651
1.39545 -3.91277
1.40317 -4.03082
1.46366 -3.96226
1.42099 -3.82213
1.47107 -3.734
1.22609 -3.934
1.12579 -3.99691
1.17178 -4.13561
1.08029 -4.20601
1.08368 -3.83191
1.15926 -3.74979
1.11194 -3.65818
1.19528 -3.44423
1.07439 -3.25241
0.908836 -3.20332
0.997705 -3.08896
0.86178 -3.01733
1.00477 -2.9332
1.12699 -3.04287
1.23009 -3.10377
1.20603 -3.22975
0.783334 -3.2103
0.805984 -3.42076
1.66203 -3.82188
0.376745 -4.57972
0.189095 -4.43078
0.0352592 -4.66642
-0.0168133 -4.27169
0.164274 -4.02155
0.00716019 -3.87469
-0.215197 -3.96915
-0.203096 -4.3452
-0.114827 -4.55142
-0.292439 -4.6018
-0.402271 -4.29089
-0.600069 -4.62316
-0.684056 -4.20083
-0.46975 -3.97144
-0.682285 -3.82967
-0.425618 -3.55369
-0.68736 -3.56234
-0.93902 -4.0252
-1.32157 -3.99257
-1.07526 -4.43418
-1.37434 -4.5686
-1.2685 -4.77253
-0.891733 -4.86983
-1.15477 -5.09732
-0.74611 -5.24844
-0.579509 -4.99321
-0.346887 -4.9168
-0.382877 -5.25747
-0.155684 -5.14582
-0.13229 -4.82759
-1.04905 -5.37694
-1.58718 -5.59697
-1.50818 -5.84422
0.11247 -2.66893
-1.80004 -2.52716
-1.61874 -2.41412
-1.64422 -2.19912
-1.80329 -2.21485
-1.69311 -1.87094
-1.48692 -1.94117
-1.43158 -1.59273
-1.67194 -1.54893
-1.78017 -1.36738
-1.94233 -1.43616
-1.71411 -1.11157
-1.56488 -1.24377
-1.63323 -0.873318
-1.55006 -0.821667
-1.41821 -0.972583
-1.37708 -0.755025
-1.01162 -0.745806
-1.27444 -0.765896
-1.16877 -0.79257
-1.28868 -0.86208
-1.20623 -1.02382
-1.30369 -1.25158
-1.09433 -1.21557
-0.965457 -1.05052
-0.738656 -0.86408
-0.892436 -0.810041
-2.02285 -1.54328
-1.40564 -2.26621
-3.18421 -4.74749
-3.05671 -4.3007
-3.34512 -4.5915
-3.58991 -4.77094
-3.72306 -5.08574
-3.83718 -4.93492
-4.02756 -5.08523
-4.17106 -5.29736
-4.15562 -5.11834
-4.34304 -5.32363
-4.46129 -5.51555
-4.51531 -5.48225
-4.666 -5.57399
-4.8181 -5.85621
-4.7649 -5.9236
-4.94299 -5.99792
-4.94971 -5.91381
-4.83195 -5.72217
-4.95296 -5.76661
-4.81903 -5.58333
-4.91391 -5.61041
-4.89634 -5.47215
-4.98862 -5.5297
-4.85953 -5.27757
-4.94086 -5.32874
-5.01485 -5.45961
-4.7844 -5.03083
-4.72504 -5.07233
-4.77472 -5.25757
-4.67438 -5.0828
-4.6405 -5.14423
-4.78932 -5.41596
-4.64585 -5.35335
-4.74834 -5.56605
-4.47424 -5.27254
-4.49939 -5.16077
-4.50017 -5.0537
-4.35036 -4.9698
-4.37267 -4.832
-4.47026 -4.84749
-4.58621 -4.96202
-4.51448 -4.76151
-4.62158 -4.93719
-4.60533 -4.76317
-4.41989 -4.50543
-4.34382 -4.53798
-4.29188 -4.34436
-4.29502 -4.2356
-4.42674 -4.33508
-4.27459 -4.09031
-4.302 -4.00826
-4.41574 -4.18331
-4.36949 -4.05094
-4.27971 -3.86572
-4.38915 -4.0193
-4.45018 -4.17437
-4.4628 -4.11114
-4.54379 -4.32432
-4.65252 -4.54484
-4.61344 -4.54434
-4.68647 -4.75478
-4.57448 -4.5472
-4.50507 -4.35247
-3.1517 -1.76963
-3.32875 -2.30245
-3.45234 -2.50276
-3.281 -2.42058
-3.38946 -2.60926
-3.51173 -2.70294
-3.46062 -2.76134
-3.56202 -2.86678
-3.50052 -2.90333
-3.66661 -3.07158
-3.63487 -3.15892
-3.80928 -3.33092
-3.76023 -3.40054
-3.95666 -3.63697
-3.82207 -3.61227
-3.5994 -3.32424
-3.70774 -3.63188
-3.90871 -3.86534
-4.01988 -3.8753
-4.08831 -4.10365
-4.18887 -4.1284
-4.14998 -3.96235
-4.14956 -3.82548
-3.99274 -3.52984
-4.15395 -3.72583
-4.02386 -3.48257
-3.82237 -3.20263
-3.9492 -3.28253
-3.83875 -3.12407
-4.08232 -3.49278
-4.22112 -3.70114
-4.36082 -3.89788
-4.1544 -3.65266
-3.57902 -2.71117
-3.72112 -2.91358
-3.60533 -2.82803
-3.67455 -2.96442
-4.22157 -4.2939
-4.17978 -4.37162
-3.98999 -4.13284
-4.07142 -4.41883
-3.87946 -4.1631
-3.8149 -3.89522
-3.67798 -3.8854
-3.69614 -3.74809
-3.57954 -3.60688
-3.54939 -3.43094
-3.39847 -3.33459
-3.48258 -3.29657
-3.40676 -3.12687
-3.22591 -2.9809
-3.28489 -2.85479
-3.09929 -2.64679
-3.1991 -2.59936
-3.04154 -2.37259
-3.17969 -2.41408
-3.08209 -2.23644
-3.19822 -2.24768
-3.06321 -2.04144
-3.22935 -2.08655
-3.16073 -1.95135
-2.97106 -1.78397
-3.06826 -1.69422
-2.97053 -1.64033
-3.29414 -2.59696
-3.34741 -2.77836
-3.40341 -2.72691
-3.4587 -3.01845
-2.99828 -2.76736
-3.16729 -3.19472
-2.8948 -2.92104
-3.03018 -3.33429
-3.2862 -3.62348
-3.11936 -3.71271
-3.33965 -4.05333
-3.54008 -3.99726
-3.46927 -3.64475
-3.75142 -4.1708
-3.70284 -4.30953
-3.93626 -4.50005
-3.72746 -4.58433
-3.55679 -4.2804
-3.4686 -4.43571
-3.27495 -4.28367
-3.12189 -4.00329
-2.89978 -3.83919
-3.01573 -3.76453
-2.90107 -3.4868
-2.84759 -4.04245
-4.00835 -4.83925
-4.01777 -4.69996
-4.12412 -4.75759
-4.09322 -4.58454
-4.21528 -4.67306
-4.19192 -4.52242
-4.30067 -4.62883
-4.24512 -5.0446
-3.32775 -3.44562
-2.79435 -3.07964
-5.45004 -6.99543
-3.88859 -6.7564
-2.38444 -6.5632
-0.617239 -8.03876
-0.849488 -8.52275
1.30419 -5.7168
1.21629 -5.79837
1.33435 -5.81238
1.19075 -6.0946
1.10775 -5.88703
1.06422 -6.0909
1.06558 -6.27921
1.05337 -6.46545
1.09146 -6.57304
0.990825 -6.65104
0.848345 -6.70949
0.94504 -6.43764
0.818161 -6.49846
0.86764 -6.21706
0.974187 -6.20207
0.977948 -5.99116
0.877073 -5.89811
1.14421 -5.65346
0.768296 -6.08969
0.715487 -6.40174
0.725863 -6.7064
1.07637 -7.39623
1.04901 -7.50127
0.588257 -8.11467
0.67713 -8.01539
0.739022 -7.94617
0.811047 -7.86005
0.713305 -8.03685
0.826243 -7.87494
0.751374 -7.99436
0.931084 -7.71486
0.874434 -7.76815
0.947978 -7.67255
0.99772 -7.58308
1.01077 -7.6007
1.02908 -7.50606
1.05765 -7.40152
1.10474 -7.30418
1.11227 -7.20713
-1.3626 -8.24836
-1.63473 -8.244
-1.43468 -8.30657
-1.66874 -8.2999
-1.90255 -8.24382
-1.87459 -8.33388
-2.20803 -8.25244
-2.17241 -8.33518
-2.55194 -8.23406
-2.03068 -8.38855
-1.86207 -8.40252
-1.48774 -8.36576
-1.8149 -8.42447
-1.93457 -8.41457
-2.01532 -8.42515
-2.76254 -8.24317
-2.95079 -8.27067
-3.01097 -8.20904
-3.17129 -8.23731
-3.38274 -8.29918
-3.14593 -8.31862
-2.99363 -8.3535
-3.20529 -8.37655
