-3.09051 -3.20496
-3.01053 -2.89867
-2.92165 -2.61117
-2.82974 -2.31515
-2.23814 -0.675588
-2.04834 -0.340156
-0.49192 2.082
-0.411796 2.20173
-0.151246 2.46898
0.171152 2.63638
0.932925 2.75559
1.99298 2.35355
2.16564 2.21643
2.30708 2.09853
2.53976 1.78382
3.00793 0.884672
4.13154 -2.2878
4.20743 -2.61726
4.12234 -3.43647
3.93511 -4.18244
3.8807 -4.33816
3.80724 -4.50904
2.98549 -5.68111
2.66876 -5.97887
2.54707 -6.07631
2.21391 -6.30791
1.73452 -6.57932
1.5491 -6.65127
1.39265 -6.6552
1.23983 -6.63701
1.06408 -6.60686
0.893719 -6.56347
0.789906 -6.53677
0.580579 -6.47623
-1.56113 -5.84893
-2.16374 -5.59562
-2.38179 -5.47765
-2.55116 -5.38367
-2.68655 -5.30645
-2.94518 -5.11392
-3.03179 -5.04889
-3.12414 -4.93521
-3.20681 -4.78641
-3.23098 -4.69585
-3.1371 -3.62321
