3.85277 11.1332
4.0941 11.1406
3.94551 11.0313
4.14455 11.015
4.25754 11.0885
4.41938 11.1259
4.4977 11.192
4.62842 11.1237
8.3756 4.31137
8.26065 4.19428
8.17377 4.06524
8.32022 4.03859
8.16109 3.92122
8.01364 3.97932
8.03218 3.8249
8.12414 3.72868
8.2625 3.87003
8.26414 3.77034
8.18016 3.62244
8.32746 3.73718
8.39334 3.90298
8.44991 3.82776
8.38421 3.69702
8.24852 3.61269
8.24559 3.5495
8.34731 3.61785
8.46042 3.68538
8.27307 3.51195
8.41202 3.55555
8.21776 3.41062
8.2999 3.43358
8.37764 3.51352
8.49075 3.66008
8.3982 3.60421
8.46966 3.75728
8.5809 3.85515
8.57825 3.99693
8.6236 4.00897
8.64347 4.16145
8.61116 4.20155
8.66507 4.39126
8.60543 4.32757
8.53816 4.16284
8.56195 4.35972
8.62014 4.54346
8.53061 4.49652
8.48763 4.27531
8.44367 4.36829
8.45609 4.53294
8.4873 4.69921
8.3769 4.63906
8.38416 4.45179
8.27443 4.42644
8.2296 4.62745
8.30786 4.81556
8.1738 4.87603
8.0674 4.64471
8.019 4.85079
8.05858 5.02352
8.13034 5.18505
7.93861 5.22461
7.99934 5.44556
8.16683 5.50696
7.90939 5.78152
8.02582 5.86422
7.86969 6.13871
7.74796 6.07993
7.7108 6.29366
7.72897 6.48291
7.8667 6.36178
7.7496 6.68194
7.92747 6.42713
7.82162 6.78065
8.01051 6.49232
7.9026 6.81002
8.0223 6.69176
7.87451 7.00409
7.75657 7.07801
7.74407 7.28411
7.81655 7.24776
7.94408 7.03879
7.8513 7.25154
7.94615 7.12688
7.82013 7.40097
7.87869 7.36737
7.77774 7.57456
7.78395 7.64934
7.86851 7.5103
7.78828 7.77823
7.97073 7.43385
7.68164 7.99237
7.69098 7.84238
7.61513 8.0367
7.60531 8.16055
7.60683 8.21868
7.60243 8.30059
7.57195 8.28048
7.54063 8.43839
7.52724 8.31137
7.45497 8.51753
7.47333 8.60313
7.59013 8.53486
7.59381 8.39955
7.03745 9.4798
7.14766 9.27597
6.99974 9.39273
7.09248 9.24008
7.2075 9.09362
7.09374 9.15286
7.22016 8.93881
7.29687 8.94321
7.30012 9.00355
7.35817 8.87716
7.34044 8.98933
7.28763 9.10354
7.39512 8.95182
7.44156 8.76081
7.40792 8.68596
7.34623 8.7846
7.4211 8.5531
7.32932 8.6749
7.39986 8.48657
7.4629 8.36468
7.54394 8.12206
7.68469 7.81907
7.61551 7.86979
7.72252 7.62639
7.6558 7.63348
7.76478 7.43813
7.71081 7.4317
7.613 7.5511
7.65129 7.34579
7.52886 7.52688
7.49129 7.74173
7.5351 7.86201
7.41815 7.93821
7.39664 8.13786
7.49556 8.1179
7.38142 8.35121
7.44028 8.32731
7.37233 8.4909
7.27601 8.57438
7.17235 8.81428
7.04515 9.07184
6.97416 8.91777
7.14377 8.67764
7.02193 8.63487
7.23435 8.40806
7.12057 8.32454
7.29598 8.11865
7.20392 8.0509
7.37351 7.80311
7.21441 7.77115
7.45245 7.41532
7.32235 7.33044
7.55138 7.03165
7.59972 7.14389
7.61176 7.2643
7.69532 7.04338
7.68404 6.93735
7.61636 6.75797
7.43678 6.92871
7.58342 6.65928
7.61632 6.47355
7.46731 6.63474
7.53376 6.27029
7.25969 6.57126
7.29307 6.85535
7.16105 7.19343
7.08867 7.60873
6.88382 7.5179
6.88042 7.87704
7.01283 7.92268
7.00707 8.19016
6.87745 8.13399
6.85181 8.29382
6.82669 8.46794
6.7438 8.34717
6.58014 8.68276
6.59022 8.31718
6.75249 8.12855
6.66318 7.93646
6.42861 8.22737
6.3775 8.55089
6.24686 8.44919
6.10099 8.75179
6.30806 8.81911
6.31862 9.09502
6.15547 8.98825
6.06128 9.18773
6.11785 9.305
5.91982 9.42102
6.05131 9.47454
6.21543 9.36088
6.13697 9.60239
5.82649 9.69073
5.90635 9.91226
5.67786 9.95663
5.64834 10.1371
5.82469 10.1594
6.03356 9.97768
6.0489 10.0934
6.23509 9.89426
6.21663 10.0598
6.057 10.1819
6.09653 10.2337
6.28814 10.1476
6.41297 9.94295
6.49753 10.001
6.56543 9.84132
6.56573 9.71943
6.6814 9.71033
6.68984 9.82257
6.79164 9.67723
6.78698 9.61925
6.74614 9.5716
6.8588 9.51528
6.84882 9.58568
6.93091 9.51657
6.90859 9.60015
6.98151 9.61598
6.85548 9.70838
6.64679 9.98594
6.38291 10.2339
6.48742 10.1012
6.38177 10.155
6.23276 10.2811
6.12248 10.2967
6.01396 10.4393
6.21903 10.411
6.02092 10.5461
5.88108 10.712
5.49759 10.8375
5.65654 10.7639
5.54375 10.7043
5.73615 10.6475
5.88495 10.5796
5.81833 10.542
5.67422 10.5638
5.82755 10.4503
5.98462 10.3546
5.87488 10.3668
5.66207 10.4234
5.91955 10.2556
5.97881 10.3012
6.01199 10.2476
5.5886 10.3067
5.40136 10.4661
5.37877 10.5911
5.5149 10.5958
5.36768 10.7029
5.39274 10.7956
5.22831 10.8353
5.19538 10.7213
5.16431 10.6123
5.04802 10.7479
5.01825 10.8504
4.87996 10.8019
4.8006 10.918
4.90105 10.9822
4.71981 11.0161
4.80279 11.0706
4.55711 11.0432
4.62377 10.9649
4.40113 10.9759
4.64713 10.8538
4.4124 10.7974
4.62076 10.7431
4.80483 10.72
4.97679 10.6963
4.99929 10.5614
5.10982 10.5477
5.20287 10.468
5.17411 10.2857
5.41077 10.3063
5.45976 10.1116
5.33447 10.0537
5.54225 9.90306
5.36388 9.87406
5.59415 9.69006
5.76029 9.56489
5.69173 9.45546
5.87376 9.26652
5.73476 9.2189
5.95467 9.06254
5.78362 8.95483
5.90192 8.65293
6.09194 8.4888
5.98538 8.36588
6.22145 8.18514
6.07393 8.05029
6.29419 7.80392
6.45722 7.88781
6.47465 7.60309
6.63979 7.58997
6.76836 7.25761
6.96178 7.16519
6.88404 6.93529
7.09762 6.90738
7.03279 6.68417
7.0592 6.36539
7.29187 6.20592
7.1385 6.07033
7.27248 5.93916
7.45218 5.94276
7.67823 5.88211
7.57224 5.62631
7.80083 5.52127
7.67562 5.34365
7.81171 5.30262
7.79485 5.10328
7.94898 5.01206
7.87341 4.89291
7.88612 4.70441
7.67145 4.83271
7.74661 4.58085
7.89933 4.46981
8.08364 4.38043
7.84297 4.16778
7.70186 4.37563
7.60102 4.16592
7.52903 4.34158
7.58041 4.55073
7.38687 4.46375
7.39828 4.16124
7.18961 4.28105
7.20475 4.73368
7.44911 4.71633
7.42505 5.00766
7.19009 5.28204
7.46205 5.3455
7.3475 5.65886
7.14006 5.76055
6.92974 5.53795
6.94922 6.03154
6.70567 5.84213
6.75891 6.27519
6.90238 6.32522
6.84766 6.59717
6.64337 6.56363
6.52826 6.25865
6.45986 6.69029
6.62526 6.98179
6.37425 7.03866
6.38039 7.39721
6.58368 7.36096
6.14093 7.30979
6.12588 7.71031
5.90113 7.72769
5.9423 7.98053
5.71711 8.14059
5.86714 8.24408
5.72403 8.35724
5.57496 8.4776
5.41677 8.33961
5.55692 8.01207
5.72155 7.88943
5.69412 7.62241
5.91845 7.39889
5.83028 7.24104
6.00632 7.06089
6.22575 6.8212
6.05155 6.7202
5.85298 6.8523
5.99552 6.39781
6.1723 6.4548
6.1331 6.23249
6.29473 6.08919
6.33297 6.46256
6.49045 5.86952
6.55327 5.52963
6.72937 5.38931
6.60215 5.14778
6.86182 4.9129
6.58677 4.77425
6.42225 4.99537
6.44086 5.30532
6.26067 5.24782
6.25155 4.89759
6.38259 4.61555
6.20454 4.64311
6.22304 4.31448
6.42386 4.22713
6.53984 4.46129
6.68812 4.53184
6.62366 4.172
6.83247 4.35019
7.00747 4.47787
6.99405 4.13334
6.82131 3.90821
7.03444 3.83152
6.93947 3.62717
7.15709 3.58987
6.98633 3.3961
7.24434 3.38355
7.32506 3.53806
7.35647 3.68753
7.54471 3.58596
7.52733 3.81868
7.37094 3.90276
7.50805 3.99567
7.64915 3.98831
7.75879 3.85755
7.97614 3.99818
8.01995 4.17681
8.157 4.18453
8.10815 3.9883
8.24364 4.06931
8.32504 4.27913
8.37935 4.17033
8.2917 3.93843
8.43356 4.09107
8.43038 3.912
8.25071 3.73883
8.34957 3.71683
8.32954 3.59533
8.20928 3.58045
8.17635 3.4386
8.28833 3.47422
8.11627 3.31929
8.23399 3.3975
8.10411 3.29422
8.15369 3.33602
7.9742 3.19703
8.03498 3.2461
8.08054 3.32237
7.86268 3.11736
7.9502 3.22296
8.09799 3.38692
7.93069 3.24075
8.08785 3.4491
7.89802 3.27639
7.9703 3.47138
7.82766 3.30585
7.78919 3.3617
7.77932 3.47452
7.92247 3.65383
7.74308 3.59165
7.76642 3.73751
7.90261 3.83282
7.76356 3.84486
7.61229 3.76082
7.49516 3.6837
7.61214 3.63908
7.42028 3.58941
7.54612 3.4753
7.23553 3.44582
7.34052 3.24201
7.60011 3.29985
7.44999 3.16669
7.49901 3.13137
7.28533 2.99683
7.41046 2.99585
7.23961 2.86132
7.3566 2.87988
7.10962 2.70697
6.89959 2.47883
7.11793 3.04235
5.87239 1.97729
5.7389 1.96061
5.38562 2.05254
5.51297 1.98419
5.39571 2.03277
5.53906 1.97812
5.66576 1.92379
5.61251 1.94554
5.48429 2.01508
5.48003 2.00461
5.66006 1.97696
5.42165 2.01936
5.32638 2.04047
5.1969 2.03451
5.21655 2.03517
5.04428 2.05707
5.11969 2.05627
5.32 2.04981
5.10796 2.10941
5.35149 2.11472
5.26034 2.1804
4.96537 2.16713
4.81115 2.10778
4.67907 2.14601
4.51558 2.08622
4.44108 2.12914
4.31224 2.08461
4.20448 2.1299
4.51797 2.18175
4.30072 2.20857
4.09355 2.19121
4.15515 2.24829
3.9203 2.25086
4.12082 2.36499
4.37269 2.30503
4.397 2.45633
4.20576 2.50935
4.34791 2.55737
4.49045 2.63774
4.26922 2.66197
4.38226 2.83955
4.23637 2.78983
4.18335 2.91664
4.29887 3.07065
4.09399 3.09613
4.13699 3.31608
4.43397 3.25246
4.27539 3.43084
4.42232 3.50658
4.10081 3.63162
4.30665 3.80591
3.99816 3.92717
3.9236 3.80483
3.76391 3.92683
3.82387 3.71396
3.57115 3.78702
3.69186 3.61355
3.87468 3.49241
3.85479 3.21454
3.61566 3.44812
3.55831 3.20441
3.71446 3.00016
3.96239 2.95826
3.81653 2.79677
4.07152 2.75455
3.89514 2.62167
4.08902 2.59563
3.98002 2.48241
3.74256 2.50767
3.83009 2.37336
3.6202 2.41937
3.6295 2.30662
3.73695 2.21659
3.9287 2.16034
3.69623 2.12963
3.96842 2.10318
4.13479 2.07171
3.91014 2.03414
4.16069 2.04509
4.30009 2.05922
4.40396 2.0548
4.68148 2.06318
4.5978 2.07444
4.82999 2.05582
4.93026 2.06973
4.98753 2.06177
4.74298 2.0703
4.76274 2.10496
4.98113 2.09889
5.14111 2.08231
5.19825 2.07515
5.33221 2.06767
5.23312 2.08576
5.25399 2.09779
5.15026 2.11928
5.12057 2.17107
5.20731 2.15083
5.04464 2.22574
5.13029 2.22076
4.7341 2.469
4.84813 2.42797
4.782 2.37385
4.95737 2.32156
4.85676 2.28244
4.99051 2.21255
4.86694 2.20674
4.68988 2.25548
4.64307 2.36229
4.56398 2.30463
4.42226 2.38075
4.50436 2.50773
4.65832 2.43409
4.62843 2.50792
4.30538 2.50745
4.11689 2.55627
4.19401 2.4167
4.24149 2.3116
4.48372 2.25666
4.28306 2.20538
4.45725 2.15056
4.69963 2.17606
4.53755 2.08694
4.25593 2.07949
4.17954 2.14128
4.08514 2.07521
3.96607 2.12236
4.04516 2.21495
3.82993 2.17369
3.7935 2.27796
4.02426 2.33722
3.82592 2.43121
4.02076 2.45082
2.76018 2.64847
2.87806 2.56872
2.98547 2.55697
2.93077 2.47789
3.04479 2.46184
3.0152 2.35917
2.84105 2.43386
2.79446 2.53628
2.68266 2.50932
2.63447 2.63081
2.50197 2.60025
2.42595 2.76982
2.30674 2.69307
2.17922 2.83502
1.96023 2.9358
1.58751 3.14015
1.25353 3.48451
1.20253 3.5582
1.28158 3.45256
1.32294 3.40821
1.35925 3.34606
1.2667 3.45862
1.41599 3.25802
1.38545 3.31217
1.51291 3.17704
1.5477 3.09718
1.63748 3.05596
1.69826 2.95974
1.7566 2.9304
1.8425 2.80843
1.80558 2.89234
1.9543 2.73195
1.9135 2.82026
2.04226 2.69635
2.0343 2.74477
2.17419 2.62109
2.18056 2.68973
2.35989 2.55606
2.17796 2.7553
2.03618 2.81964
2.29394 2.50755
2.49071 2.39193
2.56186 2.46351
2.61593 2.39082
2.71253 2.39997
2.69104 2.3232
2.87233 2.32336
2.81364 2.2706
2.67457 2.27469
2.47264 2.35747
2.31046 2.44112
2.33281 2.44321
2.38518 2.4181
2.49321 2.3962
2.36473 2.48022
2.43475 2.44605
2.30615 2.50102
2.23609 2.55388
2.27758 2.50163
2.12715 2.61677
2.1952 2.52088
2.00798 2.65412
2.13088 2.57411
1.98515 2.71762
1.89655 2.78421
1.86269 2.85491
1.71453 3.00235
1.62753 3.09377
1.59625 3.1188
1.65656 3.09809
1.76518 2.96863
1.80107 2.94868
1.90316 2.80676
1.97802 2.77585
1.90334 2.93731
2.04563 2.79695
2.12566 2.68253
2.10314 2.64217
2.21562 2.57165
2.26332 2.61585
2.32256 2.52781
2.42075 2.5359
2.58049 2.43277
2.55818 2.50786
2.7159 2.43741
2.77871 2.33619
2.8808 2.36486
2.8869 2.42775
3.07328 2.36468
2.98406 2.30604
3.10111 2.30518
3.13248 2.25705
3.21385 2.28944
3.30138 2.21148
3.32999 2.26512
3.43975 2.20913
3.45813 2.14517
3.22663 2.17466
3.44085 2.11068
3.63374 2.07527
3.7331 2.04396
3.95779 2.05777
4.05098 2.04604
4.19909 2.07044
4.39688 2.06027
3.74801 2.06699
3.71432 2.12474
3.59253 2.09032
3.51654 2.13872
3.47499 2.17545
3.63532 2.19807
3.4251 2.25528
3.57596 2.29483
3.60727 2.40501
3.42721 2.37631
3.40264 2.52829
3.6761 2.48696
3.11657 2.53065
3.26799 2.46837
3.15967 2.39605
3.29751 2.34179
3.21745 2.26026
3.35423 2.20698
3.30554 2.18537
3.37811 2.14709
3.25767 2.15441
3.15839 2.19968
3.15537 2.15148
2.98321 2.21621
3.04584 2.25701
3.01809 2.19914
2.85396 2.22152
2.81467 2.2471
2.67155 2.30574
2.87914 2.25341
2.77408 2.28355
2.967 2.24348
3.04829 2.20394
3.17238 2.17129
3.30845 2.13427
3.25783 2.14052
3.43413 2.10081
3.57049 2.07932
3.41303 2.11388
3.29229 2.13354
2.61324 2.35265
3.53038 2.24027
3.31312 2.30835
3.39503 2.36223
3.17888 2.4264
3.01468 2.44224
3.03305 2.48813
3.11686 2.50816
3.26839 2.47401
3.15 2.59411
3.3266 2.53703
3.28936 2.65751
3.11701 2.72711
2.988 2.70455
2.95602 2.58266
2.77348 2.75266
2.74592 2.58101
2.51346 2.70507
2.62149 2.54323
2.48351 2.58459
2.34546 2.65854
2.25992 2.82038
2.17906 2.73841
2.06473 2.90537
2.13205 3.00127
2.2606 2.96488
2.38481 2.87519
2.3672 3.04996
2.54894 2.89089
2.56429 3.06758
2.71799 2.93619
2.96302 2.89354
2.76458 3.09848
2.98817 3.13782
3.15618 2.98908
3.21593 2.81554
3.35668 2.92713
3.43002 2.73729
3.49683 2.55529
3.65929 2.66766
3.58014 2.85002
3.49626 3.02619
3.26368 3.17875
3.39007 3.38015
3.15457 3.46143
3.01849 3.32639
2.77638 3.33224
2.91553 3.49908
2.65857 3.60974
2.51948 3.4037
2.60283 3.22788
2.42545 3.2332
2.29923 3.4293
2.26128 3.24966
2.1821 3.13757
2.06907 3.4232
2.02817 3.19508
2.01587 3.06187
1.91366 3.20344
1.92789 3.06121
1.82837 3.10456
1.74321 3.0997
1.71941 3.24798
1.61588 3.2879
1.64221 3.17402
1.52281 3.36409
1.51844 3.30674
1.54023 3.22788
1.39678 3.3631
1.47028 3.24262
1.30382 3.45278
1.27795 3.54046
1.36824 3.47893
1.26924 3.65599
1.33463 3.59529
1.43373 3.45
1.41357 3.53557
1.32229 3.69288
1.22067 3.80479
1.25586 3.86572
1.3891 3.68439
1.31804 3.90821
1.4333 3.7482
1.41187 3.93715
1.56015 3.63844
1.49316 3.59098
1.59751 3.43295
1.69646 3.389
1.81574 3.21379
1.80404 3.33793
1.71619 3.51151
1.8737 3.40449
1.75142 3.63234
1.63789 3.69652
1.54302 3.83887
1.65043 3.88219
1.48547 4.0664
1.33429 4.2486
1.26261 4.14093
1.22376 4.33339
1.13476 4.34688
1.19085 4.09417
1.07341 4.26821
1.15071 4.03217
1.08412 4.14007
1.10316 4.0001
1.01516 4.22362
1.00566 4.13293
1.06435 3.95264
1.00795 4.04945
1.07374 3.86566
0.985402 4.04299
1.03604 3.8602
1.14422 3.6855
1.1834 3.64735
1.12477 3.6978
1.21663 3.6294
1.14508 3.78388
1.20453 3.71512
1.12617 3.85302
1.16848 3.80264
2.58046 10.4662
2.71526 10.6376
2.89828 10.7109
3.04035 10.8446
3.2751 10.9383
3.47578 11.0042
3.62763 11.0851
3.59618 11.0144
3.72952 11.0066
3.54882 10.9324
3.69057 10.8904
3.85739 10.9192
4.01925 10.9421
4.0012 10.823
4.18621 10.8865
4.19357 10.7394
4.35988 10.6693
4.52869 10.6555
4.45093 10.5183
4.62918 10.5244
4.73637 10.6229
4.848 10.4049
4.61524 10.3607
4.81036 10.1662
4.9965 10.1964
5.173 10.0598
5.03019 10.0118
5.20688 9.88121
5.38535 9.63252
5.12198 9.77228
5.21857 9.56714
5.37378 9.40275
5.54665 9.38205
5.54953 9.19367
5.33923 9.21454
5.5236 8.9834
5.69265 8.77842
5.51831 8.74737
5.7529 8.52801
5.30532 8.68112
5.2709 8.99814
5.08506 8.89866
5.00809 9.14481
4.88605 9.01182
4.79872 9.24647
4.70845 9.1016
4.61014 9.30479
4.47438 9.08984
4.46361 9.36795
4.34714 9.34917
4.34893 9.55858
4.51565 9.5415
4.39845 9.7841
4.57797 9.71613
4.69299 9.49823
4.76061 9.73905
4.52356 9.9771
4.71408 9.99713
4.60116 10.1714
4.36871 10.2944
4.23788 10.5561
4.06615 10.3905
4.20776 10.2491
4.25432 10.0706
4.12933 10.2122
3.97583 10.1197
4.16031 9.79145
3.91406 9.84993
3.78352 10.0205
3.68559 10.2097
3.78336 10.384
3.81644 10.5773
3.61619 10.5522
3.64971 10.6763
3.50308 10.6669
3.55232 10.7944
3.79082 10.7713
3.30477 10.7205
3.41827 10.8503
3.31138 10.8535
3.40226 10.9206
3.19341 10.8194
3.07419 10.7272
3.10911 10.6288
3.22616 10.5429
3.42073 10.559
3.35366 10.4323
3.54514 10.4068
3.42098 10.2453
3.5958 10.0337
3.37303 10.017
3.22362 10.188
3.16887 10.3724
3.0274 10.2336
2.91856 10.3818
3.0262 10.5166
2.81248 10.519
2.95108 10.6237
2.83628 10.6246
2.68487 10.3569
2.80193 10.2376
2.52067 10.1716
2.48119 10.3179
2.29937 10.1971
2.05795 9.88299
2.27195 10.0713
2.22268 9.96175
2.37182 10.0353
2.52519 9.99644
2.73199 10.0818
2.70806 9.88698
2.91274 9.96614
2.90164 9.76182
3.06933 9.83169
3.09185 9.59909
3.30043 9.76185
3.12176 10.0267
3.56103 9.81564
3.55314 9.5504
3.79788 9.64198
3.73446 9.87188
4.01801 9.6378
4.01533 9.39097
4.19067 9.49822
4.23368 9.2559
4.10569 9.1757
4.23802 9.04868
4.28525 8.74491
4.57654 8.7607
4.76532 8.86349
4.77939 8.57876
4.9632 8.65378
5.01562 8.36531
5.16923 8.52167
5.23196 8.30441
5.36736 8.13569
5.20304 8.07103
5.42596 7.84513
5.268 7.79921
5.37353 7.59914
5.52099 7.51741
5.66347 7.22348
5.43938 7.19768
5.63915 6.8261
5.77947 6.45466
5.61538 6.47289
5.48362 6.71
5.49901 6.26672
5.68785 6.09933
5.56687 5.93184
5.66464 5.77599
5.8084 5.77228
5.88932 6.07679
5.96977 5.76955
6.09039 5.99422
6.1276 5.59396
6.21879 5.81957
6.33739 5.63264
6.09014 5.2839
5.93013 5.45798
5.97237 5.08933
5.81903 5.24738
5.73315 5.50596
5.65193 5.23412
5.80187 4.99869
5.66595 4.92959
5.78362 4.77011
5.9273 4.78345
5.85213 4.48352
6.05996 4.55215
6.03732 4.25484
6.14604 4.04605
6.3064 3.88133
6.14019 3.8164
6.20078 3.54494
6.35296 3.54753
6.48764 3.66994
6.47553 3.3871
6.7136 3.50599
6.58055 3.18851
6.82058 3.16578
7.05109 3.21448
6.99595 3.03153
7.20699 3.18503
7.27447 3.05491
7.46007 3.31322
7.82347 3.5233
7.61771 3.24078
7.87867 3.39952
8.05976 3.56381
8.02914 3.42195
8.09933 3.725
7.81786 3.26326
7.98356 3.27765
7.74867 3.11033
7.91366 3.17689
7.99168 3.23132
7.86417 3.11191
7.79754 3.05036
7.85252 3.08775
7.70741 2.97088
7.67585 2.95436
7.64393 2.92597
7.74067 3.05002
7.45399 2.79899
7.57245 2.93396
7.74849 3.09546
7.55272 2.97957
7.7271 3.16448
7.56907 3.1175
7.69794 3.24584
7.60291 3.20821
7.47747 2.9887
7.32793 2.78647
7.16478 2.62973
7.20804 2.62746
7.00281 2.48998
7.01085 2.4635
6.89725 2.40909
6.76313 2.32193
6.87972 2.37364
7.05311 2.49336
6.9521 2.42507
6.81645 2.33155
6.65891 2.22424
6.61704 2.2235
6.6665 2.25338
6.86712 2.38526
6.81087 2.35661
7.011 2.47974
7.04593 2.49478
7.14575 2.56315
7.29104 2.66788
7.20765 2.599
7.41071 2.75129
7.53916 2.83782
7.4481 2.78846
7.6403 2.92371
7.58739 2.91677
7.40631 2.77419
7.21455 2.61718
7.17579 2.63862
7.37566 2.82913
7.58188 2.92795
7.5321 2.9887
7.75192 3.02783
7.72785 3.0063
7.62819 3.12563
7.43309 3.02133
7.40543 2.92591
7.28014 2.87558
7.2003 2.74213
7.10807 2.77382
7.18743 2.89967
7.29346 2.95736
7.01455 2.85426
6.93228 2.67479
7.05543 2.62727
6.89297 2.55093
6.93314 2.50103
6.96829 2.47854
6.84678 2.43919
6.75061 2.39369
6.76929 2.44935
6.60637 2.3532
6.62938 2.4296
6.4616 2.35454
6.55156 2.47218
6.73874 2.55474
6.57607 2.62201
6.79314 2.72355
6.67132 2.8114
6.4173 2.78968
6.61945 2.97292
6.78525 2.9577
6.8444 2.86714
6.44655 3.0107
6.41958 3.18358
6.28868 3.08875
6.32063 3.32194
6.19296 3.27395
6.08481 3.39056
6.02379 3.66965
5.94227 3.42896
6.06196 3.10527
5.85582 3.24327
5.81489 3.4981
5.87834 3.51801
5.87227 3.65623
5.75568 3.71678
5.78386 3.88308
5.63065 3.94777
5.66782 3.61708
5.49329 3.79987
5.56538 3.42562
5.72497 3.37439
5.71162 3.1604
5.85939 3.00414
5.692 2.90994
5.86184 2.81122
5.97461 2.89435
6.09242 2.86391
6.23484 2.90233
6.18493 2.72799
6.29306 2.66172
6.3593 2.57366
6.19835 2.59154
6.21963 2.50295
6.30769 2.43247
6.45093 2.49416
6.42359 2.41824
6.32605 2.35821
6.24206 2.25695
6.41386 2.25216
6.18118 2.14345
6.37978 2.17566
6.58669 2.28233
6.57485 2.24082
6.76473 2.3515
6.34103 2.10978
6.49178 2.15529
6.48296 2.15968
6.36548 2.1063
6.31154 2.07498
6.47517 2.15204
6.35628 2.07164
6.47254 2.13327
6.53245 2.17484
6.56614 2.24169
6.79975 2.37228
6.37177 2.11942
6.34908 2.08275
6.21135 2.04495
6.16479 1.99301
6.09541 1.99176
6.01896 1.95277
5.97022 1.93202
6.00473 1.93307
6.14889 2.00095
6.04828 1.98506
5.86168 1.96295
5.88355 2.00334
6.05635 2.02508
6.17112 2.03542
6.16839 2.08868
6.01002 2.05197
6.03753 2.09177
5.89306 2.06323
5.76321 2.02781
5.66317 2.00528
5.76798 1.97909
5.80671 1.91731
5.64167 2.05698
5.51389 2.0363
5.53263 2.08585
5.73074 2.08933
5.63339 2.12336
5.72363 2.14576
5.91533 2.13955
5.78677 2.22403
5.5399 2.15855
5.47255 2.24081
5.27802 2.24633
5.25755 2.29895
5.4633 2.33193
5.34098 2.40739
5.1429 2.39288
5.2043 2.50517
5.02182 2.46605
5.05203 2.60078
4.86492 2.54488
4.90682 2.68968
4.72626 2.67272
4.80068 2.88404
5.03489 2.77299
4.9923 2.93552
5.1359 2.87199
5.23749 2.69701
5.29107 2.9324
5.06325 3.08738
5.18811 3.22891
4.99015 3.33654
5.02906 3.55819
4.70142 3.58396
4.77445 3.90128
4.99281 3.84745
5.15766 3.69521
5.26928 3.41863
5.33551 3.67351
5.06496 4.06514
5.28632 4.07753
5.05621 4.46449
4.93816 4.39596
4.79341 4.71237
4.9048 4.84352
5.08438 4.81194
4.84969 5.18244
4.72562 5.07686
4.55488 5.55738
4.54412 5.11506
4.54915 4.75299
4.79688 4.38791
4.52862 4.36983
4.84677 4.09974
4.45022 4.02892
4.21921 4.39406
4.25946 4.59483
4.25809 4.86432
4.01676 4.77438
3.98323 5.14557
4.11735 5.33747
4.35056 5.11097
4.29951 5.49267
4.01581 5.81883
3.80921 5.59434
3.72745 6.19285
3.54187 5.95138
3.46641 6.41068
3.57347 6.63408
3.76917 6.64827
3.56045 6.99474
3.36998 6.86965
3.38124 7.25378
3.22721 7.22375
3.28096 7.40964
3.17363 7.51932
3.04257 7.292
3.15496 6.91645
2.95276 6.95656
3.10569 6.51924
3.27912 6.58809
3.32067 6.21025
3.17104 6.05224
3.36833 5.75635
3.58275 5.56237
3.48043 5.37915
3.72674 5.17213
3.47732 5.01279
3.74868 4.80101
3.91476 4.48682
4.11197 4.14349
3.76137 4.22538
3.61233 4.60433
3.41807 4.41996
3.3574 4.7373
3.18171 5.04657
3.23592 5.44988
3.00453 5.3732
3.06923 5.55555
3.04176 5.83055
3.20717 5.76021
2.97276 6.27863
2.84853 6.14446
2.77696 6.51221
2.6276 6.26444
2.56523 6.8144
2.45543 6.56742
2.34089 6.93404
2.43889 7.16594
2.56982 7.28806
2.43163 7.3745
2.44356 7.62261
2.61361 7.63877
2.54046 7.92887
2.75973 7.9032
2.61891 8.21573
2.47653 8.17345
2.51348 8.43562
2.65096 8.48109
2.80832 8.33257
2.74595 8.62067
2.59672 8.78123
2.78628 8.8541
2.69743 9.05084
2.56521 9.14428
2.41626 8.99684
2.45202 9.26542
2.33143 9.26454
2.40403 9.44967
2.53973 9.40743
2.47997 9.59035
2.32292 9.62774
2.28322 9.44783
2.17552 9.51574
2.16798 9.68769
2.29269 9.78715
2.17725 9.83398
2.34055 9.91478
2.02645 9.71299
1.93159 9.75807
1.90527 9.65306
1.94158 9.5567
2.0508 9.56031
1.96392 9.42946
2.05556 9.37761
2.1825 9.28646
2.05112 9.17301
1.91762 9.19149
1.99857 8.85921
2.13277 9.04987
2.16301 8.79983
2.25654 9.04176
2.29656 8.76807
2.41188 8.63706
2.29483 8.52132
2.35143 8.29108
2.20089 8.31862
2.20572 8.57474
2.05786 8.44683
2.09288 8.10838
1.93277 8.03166
2.05391 7.78326
2.21838 7.96788
2.17472 7.58346
2.29995 7.70931
2.3798 7.95652
2.32151 7.38137
2.17747 7.21823
2.04095 7.41539
2.05527 7.1068
1.91211 7.18445
2.00215 6.84755
2.1612 6.85685
2.08936 6.50717
2.29072 6.52005
2.21192 6.30667
2.33753 6.19931
2.17842 6.09215
2.1371 6.27825
2.05365 6.2653
1.96556 6.08531
1.90948 6.43014
1.75615 6.26812
1.74109 5.98258
1.5917 6.18957
1.53086 5.95034
1.61017 5.74674
1.82786 5.73947
1.71241 5.62759
1.82321 5.58674
1.95706 5.58495
1.90083 5.42485
1.73669 5.4909
1.7644 5.35275
1.66381 5.36444
1.59772 5.50202
1.55624 5.22212
1.70238 5.20069
1.63931 4.99269
1.52703 4.96103
1.5969 4.787
1.4912 4.728
1.65247 4.50071
1.72222 4.77167
1.81661 4.57241
1.8394 4.32267
2.03318 4.49303
1.89871 4.78194
2.11855 4.80197
2.23506 4.60114
2.26647 4.74584
2.39293 4.6624
2.32528 4.88059
2.56002 4.74182
2.50613 4.98385
2.2759 5.13504
2.14497 5.02503
1.97055 5.01884
2.05423 5.21947
1.85861 5.21477
1.78994 5.00369
2.17762 5.42036
2.44799 5.21646
2.4523 5.42263
2.61908 5.24378
2.64452 5.0743
2.86055 5.11412
2.68075 5.41473
2.84499 5.35514
2.8075 5.57221
2.95571 5.62575
2.82503 5.87148
2.62182 5.84908
2.49091 6.1036
2.44266 6.32137
2.39189 5.94007
2.47929 5.65667
2.65446 5.61113
2.27664 5.60234
2.22115 5.82351
2.06537 5.70598
2.05132 5.88304
1.92733 5.87898
2.10116 5.95874
2.7658 4.82041
3.08336 4.66863
2.90097 4.61536
2.95377 4.42935
3.18496 4.24461
3.49746 4.08483
3.27986 3.91966
3.3653 3.62386
2.9914 3.76007
3.05793 4.03157
2.83979 4.05166
2.64658 3.89208
2.40769 3.78936
2.40465 3.58565
2.17877 3.6882
1.92641 3.74773
1.87153 3.58474
1.78918 3.74183
1.77733 3.88305
1.70754 4.03585
1.58642 4.20437
1.71633 4.21266
1.8505 4.03323
2.03734 4.15615
2.02725 3.91019
2.20209 3.94474
2.22497 4.12686
2.40005 4.01988
2.35873 4.25068
2.59237 4.13717
2.53744 4.33035
2.754 4.3139
2.9669 4.20643
2.76034 4.5687
2.57144 4.5122
2.3882 4.4623
2.23142 4.41732
2.16798 4.28516
1.51269 4.45809
1.43898 4.33293
1.40416 4.57336
1.31496 4.50101
1.22236 4.47588
1.20105 4.73991
1.14361 4.60682
1.15834 4.46687
1.09112 4.58836
1.0086 4.5413
1.00714 4.78032
0.911714 4.79247
0.950475 4.46013
0.952403 4.30016
0.911833 4.42675
0.953408 4.22823
0.875083 4.38192
0.907919 4.20513
0.961146 4.02924
0.770812 5.03069
0.78651 5.23501
0.771148 5.44272
0.824405 5.41645
0.829642 5.26116
0.862909 5.49173
0.894212 5.29071
0.939921 5.5747
0.963428 5.44612
0.987564 5.2571
1.03812 5.44073
1.02017 5.62917
1.1196 5.64522
1.06283 5.81892
1.16783 5.9189
1.24118 5.75614
1.2061 5.4876
1.34796 5.50006
1.2503 5.35055
1.17886 5.23237
1.12783 5.40699
1.06995 5.22657
1.12669 4.99517
1.20531 5.00443
1.28979 4.90673
1.27815 5.1774
1.40718 5.08462
1.47049 5.3891
1.48781 5.58992
1.45637 5.74587
1.38101 5.86357
1.43738 6.12223
1.29334 6.03181
1.33885 6.28174
1.20325 6.16908
1.08738 6.01282
1.10507 6.29103
0.99201 5.98912
0.999986 5.80552
0.917908 5.73486
0.885331 5.87151
0.844144 5.62015
0.803747 5.71964
1.44654 8.57679
1.54594 8.71001
1.57686 8.91447
1.68217 9.34684
1.74166 9.50876
1.77592 9.38275
1.84165 9.53419
1.82002 9.6682
1.87451 9.39209
1.78129 9.21117
1.7947 9.03825
1.85793 8.92495
1.73894 8.79939
1.84876 8.6575
1.94306 8.52516
1.94286 8.32736
1.82821 8.30191
1.78068 7.96228
1.66097 8.10623
1.66614 7.63885
1.81232 7.72869
1.79047 7.42222
1.91386 7.59414
1.77162 7.10398
1.84134 6.79345
1.74053 6.91506
1.67245 6.74374
1.76069 6.52727
1.96021 6.63902
1.62953 6.44718
1.52782 6.63295
1.47968 6.37107
1.38256 6.56372
1.26104 6.39173
1.23643 6.62508
1.11286 6.54709
1.04741 6.35653
0.968166 6.15748
0.981043 6.41272
0.892865 6.18213
0.834393 5.96438
1.32517 8.06704
1.3574 8.28499
1.40466 8.22122
1.4288 8.38785
1.48587 8.27483
1.52408 8.49468
1.59028 8.36071
1.6249 8.61656
1.63666 8.81446
1.69687 8.99624
1.65855 9.15656
1.72308 9.27619
1.70508 8.46157
1.64476 8.30096
1.60916 8.22194
1.53711 8.07633
1.56373 7.83216
1.47734 7.80411
1.49384 7.53268
1.57903 7.24912
1.69487 7.28764
1.67006 7.03063
1.55208 6.92231
1.42687 7.12027
1.44819 6.808
1.33705 6.84482
1.27461 7.11965
1.25819 6.86197
1.18153 6.86881
1.17901 7.12905
1.21196 7.37361
1.27307 7.3648
1.27608 7.55373
1.29743 7.79211
1.33423 7.66116
1.37788 7.86128
1.4074 7.69352
1.44421 7.89892
1.43271 8.06949
1.35474 7.42892
1.14362 7.02572
1.08383 6.9297
1.0579 6.70503
1.37819 4.78891
1.31201 4.69282
1.0808 4.78449
1.016 5.01733
0.954493 4.95304
0.943793 5.11669
0.910846 5.04552
0.875115 5.05368
0.85393 4.84948
0.884194 4.62697
0.829278 4.68378
0.859649 4.53006
0.819827 4.52214
0.830695 4.37561
0.765777 4.53667
0.785655 4.63642
0.773871 4.74671
0.809238 4.87075
0.814234 5.05301
3.56154 3.61789
2.49136 9.79042
2.63586 9.59857
2.64823 9.76527
2.75233 9.71744
2.8587 9.49494
2.69245 9.31401
2.86234 9.12881
3.09752 9.25619
3.32309 9.43542
3.34797 9.14586
3.55556 9.26392
3.53924 9.01064
3.78938 9.05709
3.67093 8.79874
3.93945 8.76177
4.05899 8.99659
3.95357 9.19385
3.77888 9.35258
4.04502 8.38909
4.35338 8.35532
4.56203 8.49593
4.58172 8.17546
4.78844 8.27801
4.79951 7.90319
4.99135 8.04726
5.13893 7.85011
5.018 7.70076
5.22457 7.52188
5.06374 7.22595
5.26238 7.15021
5.35515 6.90332
5.35477 6.56241
5.22653 6.84341
5.22017 6.46217
5.08884 6.72743
5.10105 6.3811
4.98139 6.54084
5.00561 6.111
5.19422 6.09386
5.14951 5.73376
5.34843 5.74521
5.3033 5.38374
5.46615 5.34476
5.54999 5.62653
5.45894 5.93889
5.34354 6.17231
5.54769 5.07929
5.4226 5.09488
5.53953 4.87587
5.67007 4.69692
5.5442 4.6928
5.63684 4.49315
5.74854 4.17585
5.91617 4.16262
5.89743 3.9201
6.02608 3.97551
5.50514 4.34505
5.47839 4.60787
5.30223 4.69798
5.39955 4.8576
5.22248 5.01594
5.29782 5.12342
5.16295 5.34851
5.03602 5.21791
5.16036 4.92455
5.28203 4.41028
4.99614 5.69642
5.04951 5.83702
4.78214 6.07364
4.79891 5.6164
4.57816 5.99489
4.42905 5.96717
4.356 6.2914
4.54195 6.46518
4.29144 6.68241
4.40568 6.91783
4.0972 7.11117
4.25842 7.33496
4.0459 7.56229
4.2027 7.64893
4.05128 7.94288
3.8506 7.76816
3.87188 7.46144
3.63616 7.63595
3.78122 7.13137
4.06342 6.60172
3.95435 6.26185
4.23498 6.00526
3.5358 7.33771
3.36575 7.57368
3.42217 7.89644
3.68687 8.13413
3.27785 8.22103
3.19207 7.83757
2.99748 8.06585
2.98044 7.67833
2.80392 7.39627
3.02668 8.37892
2.92092 8.64565
3.18093 8.62164
3.04122 8.82096
2.91991 8.89158
3.01754 9.0099
3.19675 8.94087
3.34528 8.78055
3.48602 8.56487
3.48607 8.82213
3.38303 8.94203
3.76717 8.54017
4.23569 8.13833
4.33501 7.82475
4.41425 8.08352
4.5783 7.83076
4.54092 7.50978
4.64344 7.60427
4.7457 7.61651
4.89568 7.56247
4.84104 7.31521
4.91375 6.91821
4.69489 7.12439
4.69693 7.43624
4.47412 7.21636
4.35779 7.51449
4.5905 6.906
4.76888 6.59867
4.58318 6.71485
5.44283 4.11109
2.7584 6.9396
2.9081 6.64323
5.43357 3.33732
5.55406 3.12706
5.3842 3.13883
5.50208 2.91171
5.60426 2.75433
5.75214 2.70843
5.62432 2.58113
5.85307 2.56586
5.89699 2.6815
6.0285 2.61589
6.00525 2.75456
6.08545 2.51574
5.97855 2.53346
5.95325 2.45103
6.12894 2.42638
6.00628 2.35406
6.1776 2.33985
6.02532 2.27347
6.03298 2.20541
5.8743 2.31051
5.68138 2.33121
5.85533 2.36901
5.7522 2.43752
5.54643 2.4267
5.40169 2.5414
5.45 2.72133
4.87031 3.27729
4.66954 3.3061
4.85524 3.09591
4.66617 3.10797
4.53714 2.99531
4.59786 2.80606
4.6494 2.50835
4.80184 2.39114
4.56589 2.38567
4.5888 2.31037
4.70347 2.26893
4.98251 2.31162
4.99278 2.37878
4.82369 2.21268
5.09803 2.22941
4.49462 2.24804
6.22766 2.04775
5.8671 1.9414
5.98385 1.9868
6.08776 2.03076
6.34895 2.93253
7.19213 2.58269
7.0738 2.6213
7.98604 3.72874
8.12768 3.87747
7.9982 3.8469
7.84066 3.71582
7.89914 3.83958
6.62046 3.82861
6.48528 3.94653
6.09301 4.83552
6.13454 5.06611
5.09418 8.72032
4.95688 8.82969
2.92138 10.1236
4.01138 10.6498
4.90517 9.89421
5.03151 9.5965
4.89985 9.42366
5.12406 9.30086
5.21261 9.41578
1.50522 3.47617
2.76673 2.49096
2.89623 2.4923
3.44837 2.4314
2.01142 2.73912
1.88583 2.88082
1.8502 2.95236
1.74683 2.99429
1.7524 2.95011
1.63666 3.03039
1.48114 3.18925
4.90871 2.14479
5.02946 2.16689
5.08174 2.11513
7.25576 4.02379
7.21309 3.8224
7.13 4.00564
7.60751 5.12726
4.95351 11.0624
5.07624 10.9501
6.88168 9.41568
7.00043 9.28983
6.94538 9.27208
6.86684 9.24578
6.91946 9.10367
6.78287 9.17142
6.77918 8.98318
6.89961 8.83004
6.81138 8.74167
6.95218 8.48283
6.60014 9.01625
6.63748 9.18702
6.41818 9.33325
6.58493 9.3799
6.3741 9.6306
6.56879 9.55251
6.4229 9.74151
6.3747 9.88164
6.75505 9.45069
6.71092 9.36471
6.14024 9.80701
8.7217 4.69465
8.67515 4.62851
8.64953 4.53039
8.62125 4.3788
8.5231 4.2699
8.62576 4.24286
8.67764 4.33241
8.66991 4.42727
8.70909 4.40265
8.69108 4.50728
8.71777 4.55952
8.73345 4.49833
8.74091 4.63458
8.76124 4.53615
8.77842 4.7352
8.7609 4.96469
8.73412 5.04497
8.71667 5.0447
8.69246 5.16284
8.68353 5.03093
8.6168 5.22271
8.66035 4.95055
8.70571 4.87301
8.71426 4.931
8.73822 4.76009
8.73448 4.93444
8.7585 4.83886
8.7662 4.72015
8.7579 4.80766
8.76321 4.88982
8.77406 4.79333
8.80162 4.61802
8.7734 4.64662
8.77718 4.40412
8.79413 4.37429
8.74101 4.36661
8.75192 4.22188
8.75229 4.17447
8.69737 4.07697
8.68288 3.98788
8.68123 4.04872
8.63735 3.89627
8.62488 3.97547
8.55997 3.73537
8.61751 3.83544
8.55324 3.84376
8.65491 3.94082
8.64512 4.00494
8.70037 4.14301
8.63989 4.09758
8.69775 4.23679
8.63589 4.16783
8.52663 4.10317
8.54702 3.96093
8.40516 4.19335
8.72795 4.25271
8.72662 4.31004
8.67482 4.10431
8.71727 4.19984
8.70043 4.32735
8.76099 4.55753
8.72252 4.53765
8.68475 4.69764
8.61717 4.85115
8.61796 5.03788
8.54378 5.13806
8.52338 5.38284
8.42646 5.42539
8.43384 5.15944
8.52311 4.90848
8.40823 4.92032
8.57091 4.6986
8.31134 5.1978
8.33745 5.39071
8.23166 5.22556
8.27198 5.03216
8.26468 5.67064
8.1249 5.80696
8.1415 5.93354
8.22012 5.9501
8.08154 6.18036
8.1341 6.21208
8.23028 6.09938
8.1385 6.36938
8.24889 6.23635
8.15717 6.50995
8.24645 6.40429
8.15805 6.60043
8.06699 6.77927
8.12869 6.79349
8.20468 6.55538
8.26646 6.4548
8.36077 6.09399
8.3753 6.28345
8.30347 6.47484
8.27713 6.63768
8.2005 6.82742
8.19064 6.79418
8.24084 6.6262
8.10137 6.97906
8.14533 6.92059
8.09382 7.05299
8.14483 6.98141
8.07188 7.16332
7.9998 7.23282
8.01714 7.28589
8.0182 7.10057
8.02157 6.9344
8.57577 5.68544
8.62621 5.45118
8.69274 5.30258
8.5261 5.58491
8.47939 5.81199
8.48112 5.90358
8.42113 5.83433
8.32674 5.97571
8.40232 5.75136
8.45167 5.56321
8.34959 5.70332
8.31547 5.89283
8.466 6.07744
7.97478 6.87821
8.01365 6.09662
7.78828 7.77823
6.38291 10.2339
0.78651 5.23501
0.894212 5.29071
