0.803747 5.71964
0.834393 5.96438
1.3574 8.28499
1.44654 8.57679
1.68217 9.34684
1.74166 9.50876
1.82002 9.6682
2.29937 10.1971
2.71526 10.6376
3.04035 10.8446
3.62763 11.0851
3.85277 11.1332
4.4977 11.192
4.95351 11.0624
5.88108 10.712
6.21903 10.411
6.64679 9.98594
6.98151 9.61598
7.39512 8.95182
7.59013 8.53486
8.27713 6.63768
8.466 6.07744
8.69274 5.30258
8.7609 4.96469
8.80162 4.61802
8.79413 4.37429
8.75229 4.17447
8.68288 3.98788
8.61751 3.83544
8.55997 3.73537
8.37764 3.51352
8.2999 3.43358
7.53916 2.83782
7.19213 2.58269
6.65891 2.22424
6.35628 2.07164
6.16479 1.99301
6.00473 1.93307
5.80671 1.91731
5.66576 1.92379
3.7331 2.04396
3.15537 2.15148
2.85396 2.22152
2.67457 2.27469
2.47264 2.35747
2.31046 2.44112
2.1952 2.52088
2.00798 2.65412
1.8425 2.80843
1.5477 3.09718
1.41599 3.25802
1.2667 3.45862
1.20253 3.5582
1.12477 3.6978
1.03604 3.8602
0.961146 4.02924
0.765777 4.53667
0.771148 5.44272
