-1.15723 6.51611
-1.20118 6.68602
-1.22527 6.44919
-1.32775 6.67718
-1.26095 6.82482
-1.32215 6.93631
-1.33644 7.07025
-1.35669 7.17447
-1.38775 7.20908
-1.36895 7.27738
-1.42804 7.37388
-1.48465 7.43922
-1.57112 7.65337
-1.68678 7.76968
-1.93653 8.08267
-2.66908 8.94371
-2.50323 8.79214
-2.58651 8.74928
-2.73697 8.7924
-2.85485 8.93578
-2.85648 9.07082
-3.04269 9.03231
-2.96791 8.84573
-3.30082 9.0015
-3.14076 8.72304
-3.38452 8.77708
-3.55824 8.9594
-3.56668 8.74003
-3.67372 8.86089
-3.71106 9.01338
-3.69727 9.12938
-3.80309 9.15269
-3.89758 9.00225
-3.94746 9.14263
-4.06326 9.0556
-4.09587 9.18038
-3.97533 9.23778
-4.208 9.2578
-4.30589 9.16892
-4.43572 9.24798
-4.33259 9.33379
-4.49914 9.32261
-4.64321 9.26213
-4.59691 9.3706
-4.70925 9.33085
-4.39948 9.48136
-4.82786 9.28898
-4.94882 9.25154
-4.80958 9.20458
-4.9352 9.1206
-4.71293 9.1423
-4.56947 9.20564
-4.48857 9.17151
-4.62023 9.02772
-4.44531 9.10147
-4.40056 9.00294
-4.20831 9.07802
-4.2189 8.93856
-4.43645 8.77776
-4.60958 8.87354
-4.74271 8.65823
-4.57741 8.55966
-4.34109 8.58659
-4.18468 8.77197
-4.09977 8.59981
-3.97187 8.80466
-4.05988 8.91499
-3.80556 8.87536
-3.81821 8.64507
-4.02626 8.38412
-3.81203 8.36421
-3.61694 8.50629
-3.44928 8.60988
-3.41562 8.35897
-3.29622 8.61429
-3.15455 8.4885
-2.96812 8.59339
-2.92473 8.7273
-2.83619 8.64017
-2.78907 8.69057
-2.70722 8.55675
-2.56886 8.57433
-2.56683 8.42602
-2.39421 8.29507
-2.31842 8.43603
-2.46268 8.63891
-2.34823 8.63312
-2.214 8.45299
-2.08755 8.26137
-2.18505 8.1791
-2.0976 7.91716
-1.91774 7.77772
-1.79392 7.92645
-1.74434 7.53166
-1.54423 7.49811
-1.56214 7.22371
-1.45624 7.2807
-1.49669 7.01321
-1.6196 7.03616
-1.75528 7.26079
-1.79677 7.04454
-1.9028 7.22677
-1.93761 7.00684
-2.05978 7.28866
-1.92811 7.49314
-2.12929 7.64749
-2.24749 7.45582
-2.21272 7.19402
-2.37538 7.28177
-2.30697 6.96867
-2.50431 7.11056
-2.48539 6.8733
-2.58221 6.99985
-2.64232 6.86104
-2.55339 6.57199
-2.34682 6.66087
-2.36135 6.33148
-2.25715 6.50068
-2.15521 6.64742
-2.18107 6.3171
-1.9728 6.34524
-1.96335 6.72192
-2.10184 6.97321
-1.81572 6.79045
-1.839 6.55484
-1.68366 6.55637
-1.64665 6.81504
-1.49721 6.60713
-1.48343 6.84943
-1.33052 6.37016
-1.51057 6.36668
-1.38175 6.12849
-1.54807 6.0912
-1.65215 6.29272
-1.78913 6.34135
-1.73553 6.07217
-1.85708 6.18701
-1.90711 5.95287
-2.10524 5.98232
-2.02146 5.58633
-2.24606 5.6146
-2.128 5.29308
-2.27845 5.0696
-2.49604 5.41876
-2.41594 5.9279
-2.63152 5.89193
-2.68591 5.51094
-2.81907 5.69537
-2.83559 6.11403
-2.65943 6.27676
-2.52322 6.21505
-2.76691 6.5025
-2.70164 6.70456
-2.87566 6.80991
-2.70704 7.11168
-2.97161 7.1561
-3.13355 6.92836
-3.27581 7.17849
-3.06771 7.4604
-3.30773 7.46629
-3.50107 7.34047
-3.48617 7.63216
-3.22867 7.70716
-3.38245 7.97797
-3.64023 7.84579
-3.61005 8.10338
-3.78053 7.96689
-3.79695 8.15446
-3.65049 8.30043
-3.96151 8.19736
-3.96852 7.98037
-4.20196 8.09675
-4.26934 8.38312
-4.4505 8.18258
-4.49268 8.39149
-4.64421 8.2087
-4.68932 8.3765
-4.76863 8.48065
-4.84942 8.33572
-4.82032 8.2007
-4.99583 8.17388
-4.99326 8.40751
-5.18357 8.14411
-5.22685 8.28064
-5.18878 8.47601
-5.41808 8.23866
-5.37075 8.44208
-5.55198 8.32254
-5.43974 8.53636
-5.24697 8.61974
-5.31314 8.7297
-5.51026 8.63186
-5.38671 8.7986
-5.20281 8.88231
-5.28187 8.91411
-5.1077 8.9934
-5.25529 9.00722
-5.44441 8.87017
-5.35966 9.0156
-5.23899 9.12786
-5.50491 8.93254
-5.61856 8.81971
-5.61212 8.74371
-5.53591 8.72862
-5.71708 8.585
-5.74911 8.71824
-5.95625 8.43042
-5.85664 8.60738
-6.06514 8.32425
-5.0909 9.20638
-5.09367 9.114
-6.99396 7.2149
-7.09358 6.99007
-7.17728 6.76669
-7.42323 6.10039
-7.50824 5.86196
-7.97609 4.88833
-8.0209 4.74831
-7.97361 4.84289
-7.93552 5.00037
-7.86233 5.13636
-7.8976 4.98782
-7.7853 5.2773
-7.60299 5.6425
-7.55288 5.72
-7.45552 5.90736
-7.42143 6.03947
-7.36113 6.13593
-7.36349 6.19188
-7.34768 6.34101
-7.27881 6.34643
-7.21266 6.55549
-7.253 6.55196
-7.09481 6.80635
-7.08405 6.93286
-7.00369 6.9871
-7.01427 7.08125
-6.93411 7.15276
-6.92712 7.23912
-6.8675 7.40835
-6.84272 7.34563
-6.72574 7.56176
-6.30987 8.07862
-6.18262 8.20344
-6.28092 8.0209
-6.09151 8.2035
-6.23158 7.93602
-6.42943 7.80158
-6.42929 7.8855
-6.57669 7.72042
-6.59959 7.5974
-6.44584 7.63573
-6.68677 7.43046
-6.74685 7.44361
-6.84173 7.26072
-6.92192 7.10883
-6.95522 7.02811
-6.97463 6.94055
-6.88336 7.10681
-6.90374 6.96797
-6.78216 7.20323
-6.82707 6.9527
-6.63869 7.18949
-6.6115 7.39206
-6.46533 7.44744
-6.38537 7.56738
-6.34549 7.63383
-6.23579 7.74869
-6.05084 7.94889
-6.00495 8.13425
-5.88421 8.09924
-5.83874 8.24137
-5.89017 8.34309
-5.66886 8.41026
-5.73589 8.20953
-5.67363 8.04931
-5.81467 8.02447
-5.94069 7.93371
-5.88367 7.83709
-6.0861 7.72928
-6.03541 7.53163
-5.76425 7.74719
-5.51797 7.93742
-5.34104 8.11518
-5.33693 7.97256
-5.18595 7.90009
-5.44018 7.76896
-5.36202 7.63541
-5.57711 7.48604
-5.63111 7.67779
-5.8379 7.44284
-5.76139 7.24872
-5.97874 7.07579
-6.05894 7.25752
-6.1956 7.25639
-6.21804 7.38547
-6.17097 7.523
-6.26335 7.43894
-6.38919 7.31025
-6.29322 7.27325
-6.35962 7.12713
-6.25286 6.95001
-6.4699 6.902
-6.55246 7.03135
-6.66761 6.69493
-6.73562 6.87683
-6.83753 6.61645
-6.89813 6.68917
-7.00202 6.37083
-7.00396 6.53077
-6.99317 6.71085
-7.07977 6.47637
-7.14704 6.45421
-7.09493 6.6613
-7.24664 6.32964
-7.25566 6.16875
-7.37243 5.98867
-7.36129 5.92923
-7.44686 5.77021
-7.53283 5.7041
-7.54379 5.61837
-7.66211 5.42437
-7.56799 5.4747
-7.68243 5.2726
-7.7566 5.16484
-7.76954 5.21197
-7.83818 5.02504
-7.89565 4.94438
-7.92995 4.79568
-7.82851 4.95991
-7.8841 4.76112
-7.76349 5.03506
-7.80296 4.84601
-7.87449 4.66618
-7.80299 4.77169
-7.86791 4.57068
-7.75056 4.77296
-7.84509 4.46065
-7.68833 4.70418
-7.65322 4.87214
-7.5492 4.99004
-7.6124 4.66019
-7.41296 4.95965
-7.34853 5.24477
-7.44408 5.26969
-7.53201 5.17736
-7.63221 5.01816
-7.57299 5.22513
-7.45179 5.40464
-7.52508 5.43255
-7.63881 5.21901
-7.44185 5.69793
-7.50356 5.64346
-7.43237 5.58163
-7.35052 5.74919
-7.28714 5.97783
-7.25929 5.88669
-7.1588 6.15138
-7.16649 6.2701
-7.08487 6.36686
-7.13944 6.03075
-7.02169 6.13907
-6.86804 6.37587
-6.94724 6.03294
-6.7268 6.3408
-6.50605 6.63089
-6.56337 6.26971
-6.35687 6.54541
-6.14518 6.72529
-5.97714 6.82307
-5.8035 6.98334
-5.91027 6.66843
-5.74609 6.75602
-5.63909 6.99496
-5.61061 7.21443
-5.4854 7.1295
-5.39908 7.39528
-5.33617 7.23582
-5.20218 7.4013
-5.20242 7.63024
-5.04053 7.57717
-4.96875 7.81679
-4.95551 8.03038
-4.79766 8.03143
-4.63022 8.02017
-4.77076 7.87448
-4.64558 7.8452
-4.46907 7.95183
-4.54645 7.72123
-4.32874 7.81403
-4.13134 7.85356
-4.2067 7.66474
-4.40122 7.57751
-4.24626 7.44041
-4.06174 7.55798
-4.0617 7.73193
-3.88821 7.74704
-4.0133 7.82894
-3.87592 7.42358
-3.70851 7.62314
-3.6584 7.453
-3.72813 7.22404
-3.57461 7.06153
-3.76588 7.02482
-4.00282 7.00298
-3.75295 6.77716
-4.01461 6.47765
-4.25336 6.61187
-4.28841 6.90584
-4.26228 7.17172
-4.08978 7.32437
-4.45433 7.31761
-4.5079 6.97765
-4.69714 7.20117
-4.61774 7.48345
-4.80215 7.64103
-4.79995 7.39138
-5.00243 7.36095
-4.88209 7.2219
-5.05904 7.04893
-5.21605 7.16893
-5.30873 6.85758
-5.37913 7.05323
-5.54204 6.83373
-5.50543 6.49493
-5.29783 6.57658
-5.15596 6.78241
-5.12984 6.57084
-4.98387 6.82664
-4.87333 7.04745
-4.77219 6.87906
-4.93115 6.56866
-4.67308 6.57241
-4.43739 6.69959
-4.49159 6.36086
-4.31074 6.14824
-4.5028 6.09208
-4.58597 6.13442
-4.70195 6.18739
-4.65711 5.86369
-4.90996 5.8939
-4.85364 5.59034
-5.04078 5.55537
-5.11477 5.78365
-5.07351 6.02047
-5.27055 5.90291
-5.25085 5.55068
-5.407 5.65943
-5.47667 5.87618
-5.35636 6.15745
-5.52733 6.1511
-5.65532 5.83529
-5.70063 6.15373
-5.84041 5.75593
-5.89601 6.13057
-5.71446 6.48891
-5.8656 6.48427
-6.04277 6.29603
-6.06541 5.92072
-6.21476 5.89048
-6.26462 6.29272
-6.05958 6.57597
-6.39901 5.82995
-6.35508 5.45351
-6.16134 5.52038
-6.29646 5.08271
-6.43473 5.10364
-6.49363 5.28246
-6.58302 5.01366
-6.61452 5.37426
-6.48499 5.52766
-6.56395 5.72203
-6.77193 5.57671
-6.63049 5.92852
-6.79216 5.95517
-6.93174 5.66291
-6.95445 5.47927
-7.04039 5.50563
-7.0911 5.31059
-7.14218 5.41803
-7.07041 5.60214
-7.20496 5.47393
-7.24094 5.31858
-7.30056 5.54964
-7.11419 5.72273
-7.13088 5.87339
-7.2478 5.79199
-7.34544 5.65106
-6.97044 5.80009
-7.2906 5.18242
-7.19911 5.27105
-7.24059 5.10577
-7.1203 5.0378
-6.94143 5.27571
-6.95293 5.03316
-6.7759 5.13655
-6.89091 4.81583
-7.06558 4.83955
-7.06501 4.58364
-7.15254 4.70576
-7.26544 4.56904
-7.27059 4.34721
-7.09691 4.28364
-6.87701 4.39583
-6.94837 4.1042
-6.70239 4.10332
-6.6713 4.43567
-6.76754 4.612
-6.89844 4.60742
-6.72654 4.84289
-6.62895 4.6631
-6.44636 4.78052
-6.52061 4.50783
-6.33043 4.46397
-6.31666 4.77664
-6.19773 4.86844
-6.14661 5.18734
-6.01789 5.10357
-6.05583 5.40556
-5.96184 5.48235
-5.99738 5.71155
-5.88372 5.40006
-5.75123 5.48562
-5.83169 5.12575
-5.67719 5.22564
-5.56816 5.52554
-5.50531 5.13136
-5.41865 5.42131
-5.30895 5.2304
-5.14543 5.3148
-4.9434 5.20969
-5.1595 5.03563
-5.02648 4.85548
-4.86006 4.80348
-4.74289 5.08763
-4.71043 5.43219
-4.53902 5.20991
-4.52294 5.63231
-4.47632 5.91488
-4.38816 5.8173
-4.26468 5.82744
-4.09564 6.02095
-3.85013 6.21061
-3.82344 6.50552
-3.65841 6.51043
-3.42636 6.77428
-3.50694 6.5077
-3.36572 6.46286
-3.16271 6.65044
-3.19713 6.38793
-2.99889 6.40751
-3.15295 6.16804
-3.33977 6.1308
-3.21809 5.72732
-3.03249 6.06852
-2.97722 5.81834
-3.00182 5.40743
-2.81228 5.36127
-2.89213 5.01014
-2.6905 5.14829
-2.74588 4.80427
-2.53898 4.77105
-2.73104 4.51087
-2.89047 4.58683
-2.85756 4.1021
-3.09378 4.36802
-3.14264 3.97436
-3.3687 4.14212
-3.35133 3.67828
-3.5685 3.79195
-3.66047 4.06952
-3.49576 4.44659
-3.7211 4.48229
-3.45748 4.86384
-3.63964 4.9236
-3.45862 5.25118
-3.38981 5.09659
-3.26777 5.15557
-3.54567 5.70849
-3.69832 5.22658
-3.77776 5.49893
-3.77958 5.83822
-3.95299 5.51816
-3.90757 5.17723
-4.11608 5.15077
-4.03741 4.88051
-4.17141 4.79983
-4.27292 4.90037
-4.31699 5.19661
-4.45152 4.78086
-4.36533 5.54654
-4.15588 5.58796
-4.66424 4.7757
-4.59472 4.43888
-4.80454 4.33887
-4.99171 4.54329
-4.96936 4.29401
-5.13043 4.27749
-4.96931 4.01211
-5.16503 3.87243
-5.29753 4.08826
-5.35623 4.43711
-5.47751 4.10708
-5.5782 4.4454
-5.67129 4.12234
-5.58413 3.80899
-5.37633 3.73242
-5.52102 3.51621
-5.68347 3.5385
-5.76654 3.83599
-5.88091 3.57149
-5.76769 3.23107
-5.59027 3.2868
-5.61991 2.94915
-5.39001 3.22035
-5.46602 2.78207
-5.3001 2.83495
-5.22493 3.10386
-5.09836 2.90692
-5.12341 3.27734
-5.23375 3.2778
-5.2159 3.50084
-5.02213 3.61021
-4.96678 3.26101
-4.82695 3.58228
-4.81701 3.21146
-4.66593 3.40549
-4.59393 3.94012
-4.81796 3.92347
-4.90686 3.77753
-4.48647 3.49439
-4.34572 3.8032
-4.33181 4.2018
-4.45751 4.37961
-4.30452 4.58769
-4.12238 4.51475
-4.15426 4.08087
-3.96832 4.35462
-3.8715 4.78799
-3.94719 3.9752
-4.17693 3.75653
-4.30453 3.46034
-4.09193 3.56078
-4.19616 3.30205
-4.0368 3.34079
-3.83366 3.61735
-3.87976 3.18225
-3.61517 3.45845
-3.63699 3.16123
-3.42583 3.32676
-3.2632 3.45688
-3.06395 3.58582
-3.2282 3.21894
-2.9291 3.12915
-2.71551 3.55651
-2.56915 3.96622
-2.63344 4.32323
-2.44663 4.33112
-2.28656 4.64796
-2.18096 4.83163
-2.08552 5.00722
-2.04815 4.67398
-1.88212 5.02621
-1.99954 5.24552
-1.86211 5.37271
-1.69557 5.21451
-1.72524 5.54377
-1.57008 5.44214
-1.60185 5.77645
-1.44655 5.5996
-1.43405 5.87632
-1.7692 5.80482
-1.85925 5.65324
-1.32005 5.71969
-1.34293 5.9249
-1.25412 5.94576
-1.29366 6.16489
-1.20875 6.2118
-1.25297 6.34531
-1.12791 6.32342
-1.06807 6.13475
-1.02763 5.94606
-0.978445 5.76056
-0.64501 4.97282
-0.607971 4.64465
-0.666845 4.82139
-0.650766 4.54924
-0.801947 4.76118
-0.713925 4.48646
-0.773797 4.4979
-0.840613 4.54698
-0.940471 4.68922
-0.970269 4.96039
-1.08587 4.85184
-1.08117 5.06859
-1.03127 5.15804
-1.11231 5.24533
-1.18596 5.08746
-1.23196 5.32911
-1.3422 5.15871
-1.33508 5.44652
-1.2444 5.53813
-1.13332 5.50314
-1.21575 5.70071
-1.15346 5.76154
-1.12586 5.95142
-1.05659 5.70704
-0.988097 5.45333
-0.920643 5.56554
-0.864716 5.40555
-0.814115 5.25415
-0.661005 5.01178
-0.72541 5.12407
-0.695782 4.90721
-0.779971 4.97713
-0.820156 5.13153
-0.875759 5.05466
-0.911758 5.24707
-0.963089 5.14227
-1.02406 5.29148
-1.44194 5.35943
-1.51565 5.17288
-1.43885 4.87747
-1.24646 4.85513
-1.31181 4.70005
-1.38861 4.66773
-1.51062 4.62478
-1.61773 4.81503
-1.59454 5.00823
-1.71386 4.96278
-1.80225 4.76421
-1.68353 4.63207
-1.85426 4.48433
-2.03608 4.4147
-2.22046 4.3195
-2.02483 4.20101
-2.2458 3.99185
-2.38641 4.07111
-2.40554 3.85337
-2.28704 3.68183
-2.09236 3.9134
-2.0569 3.66054
-1.94885 3.89235
-1.92762 4.06058
-1.77234 4.22723
-1.63162 4.4416
-1.55739 4.22453
-1.45329 4.37809
-1.3685 4.51437
-1.287 4.28166
-1.38358 4.11895
-1.19582 3.91622
-1.12856 4.20877
-1.24594 4.50324
-1.14277 4.41976
-1.14369 4.61264
-1.03785 4.34793
-1.0263 4.59632
-1.23751 4.67178
-0.916273 4.41913
-0.913197 4.11947
-0.832716 4.17258
-0.811293 4.35942
-0.73658 4.07488
-0.729724 4.33037
-0.673581 4.11221
-0.644734 4.28703
-0.62939 4.09745
-0.626189 3.95744
-0.663377 3.87381
-0.600337 3.76599
-0.64954 3.58871
-0.716322 3.77683
-0.744276 3.51933
-0.67649 3.37127
-0.726578 3.26727
-0.830772 3.23374
-0.861348 3.60003
-0.945477 3.43114
-0.981613 3.11357
-1.04967 3.37578
-1.09305 3.18895
-1.14783 3.389
-1.17744 3.21674
-1.24886 3.36604
-1.23038 3.6062
-1.11487 3.59782
-1.08051 3.74295
-1.07076 3.92467
-0.981943 3.73225
-1.00072 4.03176
-0.911809 3.86474
-0.809863 3.87091
-1.02534 3.57048
-1.36737 3.81341
-1.32786 3.55169
-1.42846 3.61275
-1.39539 3.34316
-1.54111 3.51748
-1.56155 3.80503
-1.65058 3.6311
-1.70599 3.75777
-1.70823 3.90144
-1.64614 4.05121
-1.80563 4.00536
-1.84825 3.77848
-1.49551 4.0198
-1.77837 3.59643
-1.91834 3.56058
-1.85579 3.38662
-2.03879 3.39284
-2.2091 3.44354
-2.19662 3.20124
-1.96697 3.17236
-2.10653 2.95106
-1.85981 2.97624
-1.7563 3.19649
-1.68751 3.4304
-1.56538 3.24759
-1.64761 2.99729
-1.43554 3.00619
-1.25871 3.09864
-1.29596 2.87057
-1.15979 2.85501
-1.15073 3.067
-1.08072 3.01156
-1.03584 2.87475
-0.956295 2.86474
-0.888167 2.99018
-0.892388 2.83158
-0.96198 2.66187
-1.00102 2.76498
-1.06126 2.69213
-1.08721 2.46037
-1.19643 2.58668
-1.28317 2.69497
-1.4226 2.4724
-1.41763 2.72682
-1.60212 2.55989
-1.69148 2.33751
-1.85507 2.4158
-1.90087 2.21817
-2.09361 2.1997
-2.15702 2.38381
-1.9419 2.60637
-2.26636 2.65414
-1.97622 2.78971
-2.40907 2.97928
-2.53249 2.72773
-2.69807 2.87992
-2.71047 2.63962
-2.9423 2.69072
-2.8075 2.41628
-3.05119 2.43271
-3.16915 2.56729
-3.24632 2.35167
-3.05255 2.19515
-3.32592 2.09762
-3.14996 2.0175
-3.24894 1.85355
-3.47819 1.93577
-3.59994 2.08633
-3.68468 1.8832
-3.51026 1.79098
-3.66475 1.74806
-3.58491 1.6681
-3.40695 1.70351
-3.23394 1.65898
-2.98354 1.76488
-2.94601 1.98007
-2.72258 1.87777
-2.63913 2.06703
-2.49066 1.96944
-2.35513 2.15038
-2.51121 2.32975
-2.79077 2.18066
-2.56857 2.54157
-2.29081 2.02114
-2.08576 2.05246
-2.32235 1.8918
-2.1098 1.91435
-2.33332 1.78298
-2.18033 1.75375
-2.55 1.64669
-2.479 1.50201
-2.05399 1.62964
-1.81176 1.89865
-1.76353 1.82226
-1.7654 1.73391
-1.91099 1.58704
-2.11 1.4415
-1.88656 1.51055
-1.73434 1.65894
-1.73896 1.59589
-1.5849 1.69342
-1.5325 1.84061
-1.33602 1.87796
-1.48263 1.68083
-1.26896 1.81783
-1.128 1.99837
-1.16064 2.05221
-1.02795 2.18167
-0.994867 2.11329
-0.910786 2.27068
-0.904778 2.20694
-0.840372 2.39886
-0.87009 2.44922
-0.799356 2.55682
-0.821989 2.63796
-0.704231 2.74353
-0.765424 2.84964
-0.656533 2.99476
-0.735531 3.07193
-0.665688 3.19597
-0.61086 3.1846
-0.615024 3.36223
-0.547619 3.28913
-0.572135 3.54004
-0.515094 3.4946
-0.542136 3.73404
-0.59109 3.94117
-0.532259 3.94308
-0.582438 4.13973
-0.537231 4.12443
-0.582715 4.28697
-0.552499 4.32487
-0.574787 4.49624
-0.527229 4.40077
-0.496367 4.2892
-0.418196 4.20009
-0.379375 4.07076
-0.312911 3.77217
-0.311348 3.72713
-0.302862 3.62737
-8.22031 4.16773
-8.18815 4.27697
-8.1417 4.40169
-8.13071 4.41157
-8.10137 4.52805
-8.06324 4.63422
-8.02894 4.67583
-8.07809 4.51251
-8.15546 4.30066
-8.06466 4.56177
-8.13702 4.41027
-8.07739 4.54331
-8.1283 4.34139
-8.02431 4.61796
-8.00226 4.73979
-7.78684 5.22438
-8.0064 4.76514
-8.0924 4.39206
-8.0099 4.54893
-7.94226 4.65579
-7.98279 4.53866
-7.94928 4.56799
-8.02124 4.39224
-7.95358 4.45745
-8.03021 4.27462
-8.08093 4.20389
-8.09264 4.05769
-7.97942 4.27589
-8.06013 3.98347
-7.95955 4.14636
-7.85928 4.2691
-7.75676 4.48923
-7.74766 4.36141
-7.62771 4.45119
-7.496 4.6843
-7.52153 4.53664
-7.59956 4.29597
-7.41034 4.5792
-7.44269 4.33588
-7.22471 4.77404
-7.33652 4.83661
-7.44297 4.66176
-7.60532 4.04487
-7.4406 4.10479
-7.2747 4.10506
-7.42455 3.84731
-7.57047 3.86183
-7.59262 3.56024
-7.41513 3.57155
-7.35587 3.75586
-7.30339 3.6751
-7.24863 3.86228
-7.16549 3.60059
-7.29844 3.51398
-7.23405 3.37312
-7.36146 3.30961
-7.23986 3.12184
-7.10463 3.31319
-7.11079 3.07796
-6.96949 3.16546
-6.92711 3.53279
-6.78697 3.27559
-6.62249 3.61912
-6.84996 3.85233
-7.04313 3.85233
-7.1257 4.06228
-6.46359 4.03276
-6.53763 4.29414
-6.25797 4.07222
-6.09057 4.31408
-6.11182 4.67739
-5.92543 4.68495
-5.68928 4.82747
-5.77814 4.42119
-5.47015 4.74589
-5.33258 4.92112
-5.33767 4.69835
-5.18927 4.68371
-5.92597 4.32639
-5.84105 4.11386
-5.92473 3.87429
-5.97759 4.10464
-6.0893 3.90401
-5.98725 3.72778
-6.06679 3.57379
-5.98197 3.25042
-6.19386 3.3162
-6.11821 3.01592
-5.88686 2.82969
-6.2073 2.67394
-6.32676 3.03859
-6.46152 2.78623
-6.59112 3.10136
-6.4033 3.35325
-6.2989 3.6922
-6.68358 2.70467
-6.84387 2.94349
-6.95239 2.57594
-7.08014 2.87025
-7.23903 2.58944
-7.12651 2.33781
-6.90463 2.26626
-7.0376 2.13528
-7.26055 2.18167
-7.03302 1.94737
-6.81929 2.0141
-6.80436 1.82595
-6.6305 1.83174
-6.64291 1.68202
-6.46915 1.6941
-6.51631 1.59526
-6.35623 1.55025
-6.58098 1.51276
-6.33191 1.40074
-6.20386 1.45775
-6.14231 1.5628
-6.0417 1.46303
-6.12105 1.36818
-5.90275 1.39007
-5.8861 1.50554
-5.69564 1.50311
-5.72734 1.36605
-5.52445 1.3842
-5.66793 1.28523
-5.46958 1.25291
-5.2706 1.33304
-5.33037 1.48021
-5.14056 1.46495
-5.0427 1.35467
-5.09975 1.24241
-4.91412 1.26335
-4.96643 1.1423
-4.78093 1.18357
-4.66963 1.06547
-4.60855 1.18709
-4.72151 1.27829
-4.48573 1.29979
-4.65511 1.40694
-4.85211 1.37823
-4.78768 1.50766
-4.95845 1.47951
-4.87816 1.59471
-4.74896 1.64217
-4.83129 1.74007
-5.01738 1.62869
-4.94239 1.85467
-5.13083 1.75132
-5.19621 1.58592
-5.33651 1.65482
-5.48843 1.52265
-5.5372 1.64162
-5.41652 1.80983
-5.61656 1.78889
-5.46517 1.96068
-5.31174 2.02436
-5.39858 2.21473
-5.24351 2.2359
-5.23687 2.51071
-5.14339 2.36316
-5.08637 2.57286
-4.94179 2.71715
-4.92572 3.00326
-4.81245 2.94136
-4.70942 3.11422
-4.68578 2.89698
-4.55577 3.15524
-4.52942 2.8234
-4.36256 3.12554
-4.32104 2.82568
-4.15183 3.08456
-4.07759 2.77609
-3.77098 2.86526
-3.92097 2.51278
-3.60243 2.60394
-3.47129 2.96632
-3.41555 2.74123
-3.21951 2.8377
-3.35965 2.5657
-3.48682 2.32302
-3.75933 2.2805
-3.84067 2.03148
-4.08591 2.14834
-4.00957 1.92871
-4.19889 1.86338
-4.3671 1.96783
-4.33305 2.19085
-4.53194 2.07699
-4.61021 1.80947
-4.74398 1.9622
-4.65475 2.21567
-4.85067 2.12402
-5.04338 1.98431
-4.96132 2.23154
-4.85348 2.30025
-4.73395 2.38871
-4.85899 2.48319
-4.70372 2.64516
-4.60647 2.56955
-4.46927 2.59188
-4.58663 2.41957
-4.44515 2.35311
-4.30613 2.58828
-4.19847 2.42323
-4.79993 2.73236
-5.02004 2.40995
-5.13575 2.14657
-5.22975 1.88022
-4.41093 1.74152
-4.59201 1.58721
-4.40633 1.58301
-4.24894 1.66354
-4.01775 1.73003
-4.12961 1.58075
-4.27453 1.4981
-4.1077 1.48334
-3.96761 1.55879
-3.93993 1.40755
-3.73349 1.56028
-3.85439 1.64767
-3.80895 1.75443
-3.87907 1.86724
-3.73116 1.6694
-3.47065 1.58195
-3.5921 1.45179
-3.30571 1.51397
-3.0343 1.6019
-3.12377 1.46538
-2.85654 1.55273
-2.74037 1.71293
-2.72777 1.4931
-2.96163 1.41833
-2.79454 1.37242
-2.64879 1.32982
-2.3964 1.3589
-2.70225 1.20432
-2.48935 1.19789
-2.29066 1.29395
-2.07277 1.32315
-2.33822 1.19197
-2.28603 1.11729
-2.03358 1.2449
-1.86263 1.37448
-1.83213 1.31924
-1.61911 1.51391
-1.74711 1.52102
-1.41067 1.67278
-1.44567 1.60175
-1.59331 1.46992
-1.35277 1.60944
-1.2639 1.72748
-1.14451 1.78485
-1.06193 1.94843
-1.0219 1.9363
-0.936459 2.10784
-0.939445 2.06412
-0.853604 2.21306
-0.878402 2.16218
-0.791901 2.30252
-0.763202 2.32842
-0.850036 2.19784
-0.775048 2.31576
-0.704372 2.42
-0.6699 2.49341
-0.635581 2.53208
-0.60082 2.6809
-0.684872 2.43419
-0.828509 2.23098
-0.883446 2.18447
-0.974387 2.09801
-1.08802 2.03249
-1.20067 1.96665
-1.31686 1.91026
-1.45664 1.87621
-1.51869 1.81577
-1.54665 1.71314
-1.3397 1.79976
-1.21047 1.93546
-1.20139 1.87153
-1.09568 1.99231
-0.979383 2.08429
-0.990243 2.06477
-1.09806 1.95661
-1.01661 2.01488
-1.16752 1.82167
-1.30841 1.74242
-1.38884 1.60345
-1.26681 1.67819
-1.12935 1.82579
-1.02385 1.96088
-1.01977 1.94438
-0.927434 2.06939
-0.925496 2.1055
-0.839561 2.2114
-0.879906 2.1658
-0.788415 2.29024
-0.762181 2.32446
-0.880943 2.18772
-1.18524 1.74506
-1.08574 1.84398
-1.35213 1.59202
-1.43187 1.54302
-1.57509 1.45185
-1.61332 1.43814
-1.58051 1.50745
-1.46531 1.64766
-1.63674 1.54455
-1.75089 1.58015
-1.70714 1.68723
-1.63651 1.7503
-1.77524 1.72438
-1.62066 1.79976
-1.91073 1.64154
-1.80594 1.64393
-1.86807 1.57373
-1.90059 1.45819
-1.95516 1.53467
-2.05168 1.42792
-2.02878 1.55702
-2.15865 1.3856
-2.21022 1.28276
-2.0338 1.32592
-2.18207 1.17956
-1.98451 1.25138
-2.13315 1.13608
-2.0315 1.17789
-1.82703 1.31955
-1.82656 1.28038
-1.71283 1.37508
-1.75616 1.36086
-1.91459 1.2532
-2.09122 1.14452
-2.04317 1.1613
-2.19941 1.06675
-2.36572 0.99178
-2.57691 0.957317
-2.52028 1.08884
-2.7556 1.00524
-2.65768 1.09691
-2.87585 1.07482
-2.96893 1.14455
-2.87702 1.24743
-3.09175 1.18844
-3.09315 1.28295
-3.37027 1.1573
-3.40339 1.25848
-3.73634 1.1556
-3.6446 1.26247
-3.97161 1.22431
-3.70986 1.33402
-3.41682 1.36948
-4.22219 1.30761
-4.18289 1.40548
-4.33361 1.38137
-4.46414 1.45112
-4.36042 1.16774
-4.14997 1.11244
-3.98471 1.13247
-4.04738 1.04977
-3.72606 1.03312
-4.03343 0.969945
-3.91622 0.928544
-3.58615 0.96471
-3.38023 1.04978
-3.18438 1.12463
-3.12684 1.05901
-3.31775 0.995293
-3.07221 0.970025
-3.44159 0.911542
-3.18309 0.88095
-2.87827 0.903435
-3.01567 0.831983
-2.73986 0.845716
-2.54973 0.910321
-2.5344 0.885929
-2.40822 0.940784
-2.30241 1.00172
-2.34296 0.971794
-2.18998 1.07011
-2.20972 1.05523
-2.33607 0.995473
-2.23661 1.06445
-2.30844 1.07095
-2.36615 1.12413
-2.42612 0.9985
-2.53147 0.994877
-2.522 1.11145
-2.35637 1.19784
-2.27898 1.28652
-2.41268 1.19305
-2.31436 1.28385
-2.22289 1.37692
-2.12851 1.46634
-2.63844 1.04435
-2.66585 0.965118
-2.75236 1.00734
-4.2086 1.10392
-4.07042 1.16278
-3.92977 1.19779
-3.40531 1.23332
-2.88352 1.02091
-3.02068 1.08456
-3.15782 1.15023
-3.27153 1.20975
-3.27156 1.10707
-3.19319 1.03525
-3.36859 1.05288
-3.39982 1.15692
-3.57198 1.11722
-3.51105 1.23435
-3.64921 1.23579
-3.78947 1.21822
-3.77432 1.10853
-3.64552 1.0464
-3.50409 1.02887
-3.60537 0.945717
-3.77371 1.01531
-3.80902 0.92328
-3.8745 0.999593
-3.9316 1.07816
-3.98035 0.994838
-4.11729 1.057
-4.17328 0.962992
-4.33708 1.02776
-4.33846 0.953085
-4.31721 0.892883
-4.13358 0.853221
-4.34504 0.857025
-4.27057 0.804781
-4.03311 0.770109
-3.81223 0.816719
-3.84966 0.745815
-3.65442 0.767859
-3.79055 0.735865
-3.58724 0.745634
-3.69076 0.743579
-3.60327 0.740546
-3.79158 0.730483
-3.69128 0.740433
-3.99572 0.728719
-4.0015 0.706235
-3.96887 0.718836
-4.17336 0.721475
-4.30973 0.71208
-4.48555 0.739003
-4.49974 0.80431
-4.73595 0.805348
-4.71583 0.862694
-4.49329 0.853754
-4.64417 0.861004
-4.55044 0.897117
-4.45821 0.969893
-4.42802 0.902783
-4.36906 1.0312
-7.56392 2.31952
-7.42855 2.22451
-7.29034 2.11266
-7.5252 2.22398
-7.3447 2.02841
-7.14974 1.98812
-7.18155 1.91751
-7.25934 1.89007
-7.13675 1.83424
-7.01406 1.84953
-7.01897 1.73009
-7.2151 1.77435
-7.05511 1.62513
-6.8302 1.55329
-6.92181 1.51723
-7.08314 1.55742
-6.99669 1.47459
-7.17176 1.54325
-7.053 1.42635
-6.86418 1.37213
-6.87645 1.32455
-6.6842 1.26926
-6.66846 1.20136
-6.53134 1.17288
-6.45325 1.08338
-6.33455 1.13451
-6.50069 1.2081
-6.33167 1.14936
-5.9888 1.04332
-5.79487 1.0192
-5.75064 0.998348
-5.5893 0.995811
-5.52188 0.966135
-5.67365 0.963187
-5.44458 0.929428
-5.61813 0.944157
-5.77056 0.959815
-5.9275 1.00425
-5.91574 0.98114
-5.71362 0.919606
-5.95737 0.961352
-6.21535 1.02083
-6.24786 0.994278
-6.09271 0.966794
-5.84849 0.938205
-5.66489 0.915835
-5.49923 0.888662
-5.42931 0.871172
-5.45029 0.874641
-5.2385 0.840994
-5.27337 0.853314
-5.02323 0.79614
-5.19927 0.83094
-5.26478 0.853045
-4.95558 0.79972
-5.03446 0.837385
-5.20273 0.877135
-4.94819 0.85908
-4.83211 0.804279
-4.6198 0.805485
-4.7829 0.869013
-5.01155 0.933068
-4.75712 0.943897
-4.55358 0.886008
-4.53319 0.959209
-4.29135 0.947565
-4.35266 1.04426
-4.30234 0.862471
-4.14113 0.911245
-4.1105 0.894699
-4.02868 0.855547
-3.7452 0.898587
-3.74486 0.834169
-3.4804 0.831534
-3.79517 0.772207
-4.01121 0.800762
-4.17511 0.767521
-4.23225 0.724313
-4.46831 0.720026
-4.52938 0.726204
-4.61685 0.729556
-4.74718 0.751882
-4.85269 0.774
-4.85397 0.796275
-5.0759 0.822547
-5.1818 0.858413
-5.02519 0.867015
-4.93581 0.890288
-5.15691 0.927923
-5.37493 0.968915
-6.54379 1.3105
-6.44038 1.21987
-6.68005 1.30796
-6.74344 1.42652
-6.64981 1.4416
-6.75894 1.5797
-6.8794 1.71784
-6.84728 1.41362
-5.38622 0.958242
-5.28626 0.92035
-5.38818 0.877143
-5.23594 0.839362
-5.02311 0.802115
-4.75798 0.752811
-4.61666 0.757222
-4.39266 0.744094
-4.31017 0.792889
-3.50414 0.779571
-3.26839 0.807136
-3.35277 0.773755
-3.16131 0.774144
-2.94126 0.778695
-3.02577 0.759165
-2.83774 0.773787
-2.67088 0.811129
-2.86657 0.78424
-2.70651 0.838643
-2.57696 0.855746
-2.50107 0.894299
-2.45961 0.919324
-2.56441 0.90181
-2.66529 0.898416
-2.75808 0.908381
-2.77208 0.86328
-2.89229 0.888594
-2.84844 0.836951
-3.02143 0.815334
-3.02177 0.787203
-3.20448 0.785034
-3.27217 0.855218
-3.08844 0.890795
-3.33339 0.950997
-3.07824 0.962576
-2.98752 0.912578
-2.91313 0.963087
-2.79298 0.94447
-3.54919 0.870265
-3.48284 0.780546
-3.98075 0.917613
-3.41936 0.760936
-3.23211 0.755725
-3.39844 0.759545
-3.50173 0.76231
-4.96452 1.0153
-5.17548 0.997122
-5.19417 1.09807
-5.423 1.02485
-5.28036 0.951031
-5.53113 0.953753
-5.37543 0.907222
-5.16352 0.90079
-5.45037 0.882138
-5.62052 0.912356
-5.70164 0.900102
-5.5371 0.880876
-5.76469 0.915088
-5.94898 0.924429
-6.02637 0.941946
-6.18989 0.957735
-6.25611 0.980041
-6.40182 1.01384
-6.45779 1.03347
-6.50109 1.05795
-6.64397 1.13061
-6.72605 1.18544
-6.53695 1.10215
-6.16742 1.08514
-6.86598 1.27983
-6.94324 1.29812
-6.8165 1.21549
-6.96537 1.30181
-6.73495 1.1821
-6.89936 1.29849
-6.64733 1.17285
-6.52565 1.09204
-6.56296 1.09211
-6.32865 1.00465
-6.44229 1.07993
-6.22799 1.02621
-6.10534 0.959112
-6.01318 0.975845
-6.13067 1.04708
-5.91876 1.01915
-6.0404 1.08214
-5.84551 1.06972
-5.95713 1.11879
-5.80651 1.14387
-5.94404 1.18073
-5.81494 1.22516
-5.99984 1.26742
-6.13886 1.17156
-6.23296 1.28307
-6.32663 1.2317
-6.35638 1.17518
-6.24043 1.11336
-6.44148 1.15194
-6.33659 1.0928
-6.54086 1.15081
-6.72652 1.2355
-6.6439 1.21991
-6.90032 1.36038
-7.13865 1.46502
-7.13456 1.43429
-7.31732 1.56675
-7.2936 1.53591
-7.15317 1.44277
-7.3792 1.58154
-7.24168 1.53109
-7.46708 1.65114
-7.35191 1.639
-7.51255 1.73253
-7.41692 1.75233
-7.62891 1.87972
-7.41245 1.9079
-7.61393 2.11124
-7.78616 2.07349
-7.78238 1.90834
-7.63656 1.76983
-7.75014 1.83625
-7.59835 1.70148
-7.74723 1.79655
-7.64903 1.7462
-7.46955 1.62902
-7.52366 1.68863
-7.36065 1.62019
-7.57744 1.78815
-7.71631 1.83235
-7.80388 1.98063
-7.87432 1.97907
-7.80251 1.87883
-7.94588 2.02987
-7.86189 1.91387
-7.97019 2.07419
-7.86508 1.94525
-7.91372 2.05487
-8.02744 2.22972
-7.91827 2.18815
-7.86635 2.28341
-7.99101 2.30801
-8.03554 2.46615
-7.95068 2.5448
-7.74681 2.33918
-7.69797 2.3944
-7.82815 2.46465
-8.05355 2.64554
-8.14474 2.75645
-8.22315 2.8723
-8.22396 2.90212
-8.26502 3.0226
-8.32316 3.11635
-8.29725 3.01955
-8.34713 3.15456
-8.30819 2.99414
-8.33244 3.1127
-8.30908 2.93088
-8.31683 3.01939
-8.30701 2.85803
-8.29332 2.76587
-8.27801 2.69174
-8.26605 2.64518
-8.25835 2.65331
-8.24131 2.54401
-8.24069 2.57572
-8.18291 2.41756
-8.2376 2.58116
-8.2825 2.73666
-8.24702 2.70082
-8.20998 2.53068
-8.18405 2.56739
-8.12965 2.39772
-8.10673 2.46658
-8.16012 2.60186
-8.0907 2.55139
-8.15709 2.71491
-8.08584 2.69287
-8.14263 2.8234
-8.11311 2.8475
-8.04614 2.80578
-7.99625 2.6502
-7.95972 2.77091
-7.87337 2.51618
-7.88061 2.69939
-7.874 2.87911
-7.96003 2.94833
-7.9182 3.06434
-7.82006 3.15578
-7.72522 2.88662
-7.67243 3.21355
-7.73944 3.4108
-7.72782 3.69471
-7.84661 3.41195
-7.88563 3.61252
-7.96253 3.3653
-7.91724 3.22354
-8.01051 3.1141
-8.06122 3.30747
-8.1151 3.12215
-8.08504 2.96113
-8.02361 2.91989
-8.1501 2.96104
-8.19804 3.11078
-8.21625 2.90439
-8.25389 3.10136
-8.26487 2.91274
-8.20919 2.73047
-8.29784 2.86915
-8.31126 3.01181
-8.3247 3.01407
-8.30541 3.18721
-8.32481 3.1809
-8.31269 3.3342
-8.31923 3.34875
-8.33479 3.24814
-8.32238 3.26888
-8.31849 3.32345
-8.32749 3.4692
-8.3371 3.57795
-8.3078 3.48113
-8.28423 3.6342
-8.2997 3.52218
-8.25112 3.78945
-8.26384 3.62614
-8.29544 3.43029
-8.25786 3.61294
-8.26146 3.5002
-8.27663 3.29747
-8.23234 3.49676
-8.21772 3.31217
-8.28231 3.09648
-8.17412 3.52166
-8.15485 3.41628
-8.14304 3.28256
-8.09352 3.45096
-8.00699 3.52184
-8.0442 3.66809
-8.12126 3.54767
-8.11114 3.72534
-8.18728 3.68528
-8.12981 3.8523
-8.15913 3.85262
-8.2226 3.70662
-8.15602 4.01178
-8.22236 3.84163
-8.1594 4.15505
-8.209 4.06192
-8.21649 4.0339
-8.26072 3.80482
-8.22652 4.00873
-8.2734 3.78723
-8.29651 3.71235
-8.27649 3.83644
-8.25674 4.06391
-8.2557 3.95582
-8.21585 4.12748
-8.18457 4.22565
-8.17806 4.23326
-8.08031 4.31584
-8.02994 3.89382
-7.9684 3.85269
-7.93209 4.03685
-7.87945 3.97624
-7.93588 3.75259
-7.78016 3.93496
-7.75235 4.18739
-7.84324 4.15569
-7.51939 3.27588
-7.58886 2.99388
-7.42903 3.00962
-7.52545 2.85844
-7.43861 2.72091
-7.58892 2.75948
-7.52799 2.57686
-7.6451 2.59151
-7.47941 2.3844
-7.4127 2.51103
-7.3141 2.38117
-7.27187 2.8622
-7.45517 2.1874
-7.66125 2.36678
-7.51429 2.0627
-7.28043 2.00367
-7.25645 1.8528
-7.09836 1.83451
-7.03526 1.68818
-6.8622 1.70776
-6.80953 1.53267
-6.63878 1.40731
-6.45828 1.32375
-6.59897 1.30148
-6.45265 1.24243
-6.5324 1.22268
-6.71544 1.30831
-6.76287 1.40826
-6.86911 1.40663
-7.0069 1.48405
-7.18198 1.56535
-7.1473 1.59634
-6.97395 1.53459
-7.19587 1.70841
-7.36975 1.75202
-7.38073 1.86504
-7.56584 1.95246
-7.54008 1.85662
-7.52052 1.80046
-7.40558 1.69917
-7.66748 1.93801
-7.75366 2.1281
-7.81066 2.1042
-7.94377 2.19028
-7.92751 2.09795
-8.03797 2.22666
-7.9859 2.1249
-8.08987 2.28509
-8.02936 2.16346
-8.01883 2.15867
-8.08889 2.25187
-8.09869 2.26929
-8.16328 2.44089
-8.18408 2.46908
-8.12089 2.35659
-8.09647 2.38699
-8.14945 2.46739
-8.13155 2.53377
-8.11059 2.61686
-8.18151 2.68775
-8.19315 2.5971
-8.25542 2.77039
-8.29679 2.83581
-8.28024 2.90898
-8.25639 2.92201
-8.0495 2.32898
-8.02409 2.37355
-7.90307 2.26372
-7.9829 2.47823
-7.85642 2.32463
-7.7358 2.24331
-7.78897 2.64911
-7.65531 2.09436
-7.17432 2.96812
-7.22835 1.64507
-7.04343 1.37568
-5.82528 1.3038
-5.64002 1.1882
-5.64107 1.09542
-5.43947 1.13964
-5.26749 1.20548
-5.13129 1.17542
-5.69246 1.0103
-5.77856 0.956175
-5.86588 0.932209
-3.19391 1.3577
-1.78159 1.37302
-1.66968 1.42727
-1.71941 1.43522
-1.87064 1.35565
-1.77604 1.43471
-0.335351 3.05181
-0.379443 3.02333
-0.413345 2.99541
-0.556276 2.82165
-0.621725 2.65173
-0.668565 2.56597
-0.68084 2.53072
-0.610612 2.67311
-0.683659 2.5538
-0.631692 2.6966
-0.726279 2.55995
-0.649352 2.75087
-0.587011 2.85832
-0.6162 2.90068
-0.557061 2.98502
-0.576125 3.08033
-0.514585 3.16699
-0.513927 3.19813
-0.506056 3.19818
-0.459881 3.38538
-0.478031 3.49357
-0.459749 3.67848
-0.496883 3.71195
-0.501189 3.92158
-0.460572 3.94859
-0.503863 4.12291
-0.399449 3.92147
-0.416242 3.754
-0.355762 3.6889
-0.41134 3.53177
-0.294091 3.52729
-0.409804 3.32132
-0.430882 3.36784
-0.463334 3.23562
-0.474552 3.04805
-0.361951 3.21729
-0.299767 3.1383
-0.251925 3.2353
-0.261389 3.41488
-0.250607 3.31545
-0.492753 3.09157
-0.545118 2.92516
-0.516627 3.02356
-0.575829 2.79757
-0.361649 3.92596
-0.759908 2.44533
-0.735808 2.4366
-0.822945 2.30323
-0.755788 2.36694
-0.707113 2.42893
-0.814698 2.37952
-2.49851 1.76623
-2.53524 1.84651
-2.40882 1.92137
-4.43178 3.29478
-5.4081 2.52108
-5.54905 2.32124
-5.5221 2.53974
-5.58019 2.67199
-5.64134 2.47516
-5.69521 2.67415
-5.78296 2.50907
-5.7635 2.23094
-5.59931 2.04981
-5.83195 1.88854
-6.00363 2.08459
-5.97073 2.41622
-6.2203 2.26481
-6.22541 1.9663
-6.05713 1.85287
-6.23762 1.72401
-6.00834 1.69051
-5.8142 1.63999
-5.6661 1.63377
-5.9778 1.56157
-6.42998 1.86889
-6.44067 2.10447
-6.60154 1.98894
-6.6735 2.19279
-6.74907 2.42376
-6.4933 2.43915
-0.825299 2.94462
-0.844599 2.73126
-0.912188 2.51558
-0.99101 2.49002
-1.02456 2.34133
-0.936842 2.34398
-1.11765 2.16802
-1.17871 2.23549
-1.29277 2.03736
-1.37546 2.09239
-1.31031 2.23021
-1.19129 2.32776
-1.25887 2.38786
-1.45016 2.25264
-1.51823 2.08582
-1.6803 2.08829
-1.60693 2.25223
-1.84743 2.11255
-1.92188 1.94895
-1.58424 1.9642
-1.46547 1.96796
-1.6172 1.87494
-2.63823 3.17015
-2.42992 3.36732
-2.49342 3.66429
-1.77514 2.79365
-1.58367 2.78321
-1.73245 2.63014
-1.32634 4.60131
-3.96907 5.84023
-3.57952 6.20983
-3.25499 4.67591
-3.08886 5.00108
-3.04137 4.73276
-6.69239 4.55894
-6.47066 6.06854
-6.41592 6.30816
-5.3993 6.35393
-5.27054 6.38536
-5.13837 6.26757
-4.9045 6.25678
-7.64824 5.11184
-7.71948 4.97183
-7.65854 5.48094
-7.70797 5.44153
-7.19282 6.54259
-7.00695 6.94045
-6.98868 6.83426
-6.2866 7.54749
-4.91622 8.98308
-5.06614 8.92723
-5.09016 8.81254
-4.85493 8.81707
-5.06966 8.6759
-4.96869 8.6164
-3.17311 8.20535
-3.14737 7.94743
-2.98069 8.06367
-2.94902 8.35017
-2.81609 8.15585
-2.71321 8.34139
-2.83496 8.51186
-2.63213 8.04645
-2.51013 8.22479
-2.43463 7.98564
-2.36847 8.12586
-2.26214 8.08778
-2.27007 7.91716
-2.01273 7.71064
-2.33349 7.73503
-2.50982 7.80319
-2.43209 7.55537
-2.58569 7.64499
-2.65683 7.81556
-2.80444 7.92024
-2.76279 7.6413
-2.98209 7.76023
-2.90612 7.56244
-2.82773 7.3898
-2.59241 7.39285
-2.26003 6.04197
-4.20638 9.51856
-3.33249 9.33408
-3.19489 9.25698
-3.0579 9.1764
-3.22309 9.15748
-3.52231 9.31159
-3.57712 9.17318
-3.66319 9.37507
-3.7222 9.24752
-3.86018 9.33338
-3.80119 9.43226
-3.94824 9.46041
-4.0971 9.35819
-4.08827 9.46666
-4.30356 9.49639
-4.26399 9.41252
-4.49095 9.39898
-3.81183 9.22102
