-8.18815 4.27697
-8.10137 4.52805
-7.97609 4.88833
-7.93552 5.00037
-7.09358 6.99007
-6.99396 7.2149
-6.8675 7.40835
-6.30987 8.07862
-5.85664 8.60738
-5.74911 8.71824
-5.50491 8.93254
-5.23899 9.12786
-5.0909 9.20638
-4.39948 9.48136
-4.20638 9.51856
-3.33249 9.33408
-2.85648 9.07082
-2.66908 8.94371
-2.50323 8.79214
-2.34823 8.63312
-1.57112 7.65337
-1.36895 7.27738
-0.64501 4.97282
-0.379375 4.07076
-0.312911 3.77217
-0.261389 3.41488
-0.250607 3.31545
-0.251925 3.2353
-0.335351 3.05181
-0.684872 2.43419
-0.927434 2.06939
-1.08574 1.84398
-1.14451 1.78485
-1.18524 1.74506
-1.35213 1.59202
-1.82656 1.28038
-2.34296 0.971794
-2.57696 0.855746
-2.67088 0.811129
-2.83774 0.773787
-3.02577 0.759165
-4.0015 0.706235
-4.30973 0.71208
-4.46831 0.720026
-4.61685 0.729556
-6.18989 0.957735
-6.40182 1.01384
-6.45779 1.03347
-6.8165 1.21549
-6.96537 1.30181
-7.59835 1.70148
-7.74723 1.79655
-7.86189 1.91387
-7.94588 2.02987
-8.08889 2.25187
-8.18291 2.41756
-8.24131 2.54401
-8.27801 2.69174
-8.29332 2.76587
-8.30701 2.85803
-8.34713 3.15456
-8.3371 3.57795
-8.25674 4.06391
