5.47413 -5.44744
5.30214 -5.49105
5.15051 -5.28399
4.0102 -5.21692
4.30855 -5.36425
4.55325 -5.25075
4.54545 -5.4973
4.73088 -5.50833
4.69571 -5.67552
4.93415 -5.66053
4.85579 -5.40957
5.10181 -5.51969
4.96449 -5.28326
5.14125 -5.72086
5.26161 -5.65799
5.27918 -5.81943
5.41754 -5.64264
5.5287 -5.78437
5.59579 -5.57129
5.71678 -5.66002
5.68491 -5.80683
5.83566 -5.7273
5.73174 -5.8879
5.57749 -5.93504
5.65511 -6.02974
5.4583 -6.06046
5.36953 -5.97065
5.23517 -6.13173
5.09708 -6.00599
5.05265 -5.84907
4.92129 -5.95293
4.84834 -5.83181
4.75149 -5.93703
4.64669 -5.82266
4.39507 -5.65985
4.49117 -5.9484
4.17705 -5.79842
4.15004 -5.64424
4.10671 -5.47854
3.92197 -5.62182
3.8552 -5.3704
3.56072 -5.4433
-0.819857 -5.51455
-0.653665 -5.61373
-0.540261 -5.73435
1.3593 -5.89679
1.61487 -6.018
1.93801 -5.9571
2.86885 -5.67772
2.77533 -5.86044
3.03671 -5.86727
2.81721 -6.05691
2.5801 -5.94694
2.46688 -6.10847
2.29123 -5.94427
2.1334 -6.13111
1.81239 -6.13779
1.95375 -6.25161
2.16743 -6.25719
2.31818 -6.20996
2.34443 -6.28299
2.49218 -6.23613
2.65083 -6.18032
2.66939 -6.26831
2.82267 -6.20895
3.02238 -6.17982
2.95086 -6.25406
3.10358 -6.26863
2.97526 -6.29744
3.08812 -6.33454
2.89476 -6.33861
3.00317 -6.3783
2.74987 -6.37568
2.89818 -6.39283
2.65058 -6.38597
2.52119 -6.37583
2.54001 -6.35455
2.70396 -6.33121
2.5213 -6.30972
2.83679 -6.2815
2.36758 -6.32707
2.205 -6.30944
2.21934 -6.33676
2.06146 -6.32709
2.05518 -6.30424
1.8875 -6.31626
1.6818 -6.25722
1.68754 -6.31293
1.46317 -6.28163
1.42745 -6.21455
1.56348 -6.16287
1.30886 -6.09919
1.29207 -6.18398
1.16238 -6.17815
1.03518 -6.10589
1.03927 -5.95903
0.881076 -6.04186
0.768828 -5.93782
0.703235 -6.04781
0.475153 -6.05308
0.238128 -6.02654
0.0276055 -6.00114
-0.202641 -5.94403
-0.413329 -5.86121
-0.393514 -5.9137
-0.594753 -5.8004
-0.7141 -5.71149
-0.719142 -5.65433
-0.868482 -5.62942
-1.01655 -5.48223
-1.06688 -5.55291
-1.19383 -5.41173
-1.30543 -5.30927
-1.35231 -5.33482
-1.47791 -5.23512
-1.45841 -5.29851
-1.59323 -5.17106
-2.00682 -3.84558
-2.07157 -4.29852
-2.05814 -4.40078
-2.01106 -4.34259
-1.98031 -4.48817
-2.01102 -4.50494
-2.10341 -4.43242
-2.05789 -4.51094
-1.9396 -4.65078
-1.87864 -4.74016
-1.875 -4.75621
-1.79157 -4.94998
-1.7865 -4.9438
-1.71639 -5.0835
-1.69191 -5.12849
-1.61137 -5.22664
-1.61605 -5.23396
-1.50905 -5.34218
-1.52042 -5.3425
-1.4012 -5.44197
-1.38687 -5.46696
-1.2697 -5.53199
-1.2321 -5.55946
-1.13972 -5.6052
-1.06091 -5.66423
-0.994291 -5.69495
-1.13328 -5.60336
-0.967299 -5.70066
-1.03633 -5.64774
-0.87386 -5.72657
-0.955723 -5.67747
-1.05668 -5.60235
-1.21353 -5.53961
-1.21513 -5.49853
-1.33386 -5.44239
-1.35162 -5.39309
-1.47773 -5.34097
-1.37873 -5.4377
-1.24132 -5.44529
-1.28711 -5.51398
-0.848372 -5.69742
-0.661442 -5.82335
-0.781237 -5.79986
-0.45998 -5.91432
-0.613231 -5.86278
-0.345872 -5.9434
-0.156586 -6.00388
-0.235322 -5.96686
-0.00412512 -6.04721
0.123603 -6.08155
0.257613 -6.11026
0.16569 -6.08449
0.00334263 -6.02904
-0.163985 -5.97837
0.1976 -6.06628
0.367563 -6.1202
0.361103 -6.09177
0.501731 -6.12952
0.565229 -6.15252
0.715206 -6.15175
0.720341 -6.20473
0.4989 -6.1569
0.679147 -6.20044
0.39325 -6.14255
0.546715 -6.17413
0.268884 -6.11608
0.00413656 -6.05167
0.30254 -6.11696
0.0601621 -6.03936
-0.172305 -5.99281
-0.458353 -5.9152
-0.536702 -5.90869
-0.680797 -5.84699
-0.850456 -5.77466
-0.81833 -5.78871
-0.949847 -5.73392
-1.1564 -5.61827
-0.986791 -5.71817
-0.761588 -5.82011
-0.83851 -5.76679
-0.654815 -5.84573
-0.581943 -5.87681
-0.40471 -5.92113
-0.0950522 -6.01593
-0.175319 -5.97823
0.0478425 -6.03928
0.134524 -6.06414
0.290965 -6.08288
0.32766 -6.08805
0.63532 -6.16034
0.693649 -6.16899
0.935858 -6.19386
1.18136 -6.2507
0.977831 -6.23719
1.30607 -6.28605
1.25287 -6.27804
1.50822 -6.31936
1.62855 -6.32563
1.94195 -6.35373
1.73867 -6.34186
1.98417 -6.36796
1.85691 -6.35382
2.09557 -6.35453
1.89276 -6.33524
1.77376 -6.33512
1.66448 -6.33367
1.47289 -6.309
1.4831 -6.31578
1.31441 -6.29464
1.22938 -6.28925
1.1602 -6.27607
1.26035 -6.27576
1.07477 -6.25658
0.957672 -6.26238
0.919527 -6.22496
1.10577 -6.23074
0.966624 -6.17139
1.28139 -6.23303
0.861242 -6.11372
2.28289 -6.38142
2.34427 -6.36165
2.41247 -6.36682
2.03403 -6.35044
2.26667 -6.34029
1.913 -6.30212
1.52689 -6.26046
1.22252 -6.21508
1.46709 -6.25587
1.73624 -6.28734
1.59225 -6.25228
1.26352 -6.22894
1.321 -6.22504
1.03522 -6.20214
0.953585 -6.18558
0.637456 -6.14368
0.824504 -6.13033
1.23757 -6.15439
1.02837 -6.08014
1.39355 -6.03135
1.57259 -6.14336
1.70674 -6.07476
1.87652 -6.13792
1.97011 -6.02435
2.25927 -6.13182
2.29609 -5.99585
2.49786 -6.02589
2.56842 -6.10169
2.51863 -6.17684
2.76963 -6.14198
2.80418 -6.01251
3.06063 -6.08989
3.18936 -5.96619
3.31932 -6.04927
3.5421 -5.97318
3.53909 -6.07993
3.29899 -6.13717
3.59231 -6.17899
3.82596 -6.09392
3.88333 -6.18586
4.19685 -6.14629
4.03757 -6.23328
3.7889 -6.24356
4.01123 -6.28711
4.13638 -6.26237
4.28398 -6.2725
4.24382 -6.22742
4.47489 -6.22254
4.51314 -6.27249
4.75669 -6.2369
4.6478 -6.20223
4.82936 -6.1512
5.04311 -6.19917
5.02767 -6.25309
5.2225 -6.21003
5.26044 -6.15868
5.40895 -6.18976
5.32059 -6.24026
5.53963 -6.21524
5.61181 -6.15075
5.72545 -6.1768
5.58634 -6.24463
5.80955 -6.1979
5.80217 -6.22078
5.97637 -6.1213
5.91982 -6.17001
5.80324 -6.21735
5.65307 -6.25793
5.81234 -6.2249
5.62252 -6.27339
5.44497 -6.29381
5.47438 -6.2908
5.66458 -6.23771
5.36765 -6.28607
5.63293 -6.23689
5.79339 -6.19597
5.77193 -6.15785
5.95499 -6.11812
5.96894 -6.03573
6.11563 -5.98979
6.10978 -6.07004
6.25951 -5.94029
6.26462 -5.9736
6.16036 -6.06328
6.18785 -6.02995
6.29929 -5.94643
6.38304 -5.87171
6.35252 -5.88657
6.27711 -5.9467
6.35958 -5.85705
6.4306 -5.79548
6.47292 -5.73307
6.47561 -5.67566
6.3675 -5.81633
6.35165 -5.7759
6.45543 -5.55327
6.35219 -5.61285
6.41829 -5.35826
6.30755 -5.44951
6.34623 -5.25072
6.43007 -5.05554
6.48382 -5.16904
6.5204 -4.93578
6.50595 -5.08486
6.52802 -5.20818
6.47065 -5.34844
6.53001 -5.43554
6.57801 -5.28126
6.58584 -5.07619
6.62299 -5.12808
6.60239 -5.31122
6.6337 -5.15905
6.62611 -5.31682
6.65711 -4.94352
6.68637 -4.52195
6.66495 -4.74856
6.6367 -4.68329
6.64032 -4.94218
6.59709 -4.84128
6.59896 -4.58878
6.6074 -4.42529
6.5641 -4.37181
6.6025 -4.17439
6.54462 -4.07803
6.59782 -3.86783
6.63046 -4.04359
6.63382 -4.17227
6.62827 -4.29366
6.67358 -4.27921
6.66495 -4.10865
6.69383 -4.16577
6.7158 -4.22403
6.71301 -4.34086
6.63623 -4.44013
6.66564 -3.93581
6.62826 -3.66456
6.62776 -3.48085
6.56824 -3.33662
6.563 -3.56313
6.51725 -3.30592
6.51992 -3.61801
6.44633 -3.22305
6.45903 -3.03433
6.50772 -3.03057
6.42742 -2.72039
6.47 -2.71332
6.53949 -3.02834
6.53268 -2.81823
5.96897 -0.577314
5.98309 -0.624661
5.99608 -0.68843
6.01793 -0.717602
6.04805 -0.830269
6.00863 -0.711872
6.08353 -0.961197
6.02444 -0.780453
6.04158 -0.94749
6.12767 -1.19209
6.16315 -1.27917
6.11496 -1.04966
6.19655 -1.29057
6.14256 -1.07779
6.17888 -1.21438
6.21661 -1.39684
6.25512 -1.52584
6.28482 -1.67415
6.30197 -1.7429
6.33817 -1.95573
6.32521 -1.93086
6.28467 -1.70477
6.32042 -1.86637
6.28346 -1.6082
6.23817 -1.45264
6.22516 -1.20981
6.18271 -1.04815
6.13289 -0.947713
6.17846 -1.09625
6.20017 -1.22991
6.08395 -0.892019
6.47098 -2.51247
6.38096 -2.14845
6.36997 -2.20694
6.42184 -2.4138
6.39067 -2.39457
6.37026 -2.17735
6.33958 -2.06096
6.34676 -1.95351
6.29455 -1.7859
6.24846 -1.53019
6.23796 -1.56184
6.27656 -1.83229
6.21259 -1.57104
6.20618 -1.67307
6.26494 -1.99688
6.3315 -2.1721
6.3324 -2.28944
6.36987 -2.42766
6.35287 -2.54013
6.40048 -2.85795
6.32772 -2.60174
6.27363 -2.31592
6.25839 -2.53406
6.32035 -2.76287
6.21617 -2.69529
6.36116 -3.10979
6.43958 -3.38248
6.40501 -3.55366
6.43909 -3.93814
6.48033 -4.2169
6.52599 -4.35081
6.50139 -4.44186
6.5556 -4.6158
6.45703 -4.7249
6.54064 -5.02993
6.40897 -4.46672
6.43477 -4.22698
6.35747 -4.20686
6.26445 -4.29224
6.3089 -4.6248
6.39488 -4.67346
6.35986 -4.8461
6.30522 -5.08134
6.20104 -4.89243
6.21266 -5.15056
6.2557 -5.29419
6.14261 -5.33447
6.19858 -5.49219
6.23739 -5.64244
6.13753 -5.64475
6.07733 -5.5375
6.01941 -5.72011
6.13003 -5.78059
5.97844 -5.90787
5.83147 -5.79002
5.93888 -5.60208
5.7608 -5.55491
5.58984 -5.78959
5.67445 -5.91984
5.46256 -5.9765
5.6502 -6.04811
5.4534 -6.11071
5.82958 -6.07194
5.79964 -5.95615
6.02418 -5.99137
6.12643 -5.90127
6.18924 -5.90901
6.24939 -5.79356
6.25671 -5.90279
6.09555 -6.01664
6.17555 -6.00079
6.06649 -6.09802
6.03803 -6.13999
5.90233 -6.17089
5.92026 -6.10687
5.27688 -6.08316
5.10626 -6.14162
5.06845 -6.06547
4.81532 -6.01487
4.60662 -6.09059
4.51204 -6.17421
4.43787 -6.10841
4.42349 -5.99635
4.07059 -6.03274
4.07609 -5.93717
3.83504 -5.98899
3.81678 -5.86593
3.68207 -6.03108
3.43011 -5.82731
3.78204 -5.66342
3.25692 -5.64616
3.001 -5.83912
2.75639 -5.67833
2.56153 -5.88845
2.38422 -5.76273
2.17205 -5.88984
2.03707 -5.74275
1.75436 -5.90698
1.57996 -5.71199
1.38976 -5.87695
1.15636 -5.76395
1.06406 -5.92017
1.08657 -6.01579
0.869946 -5.99644
0.718412 -5.88701
0.566556 -5.97605
0.446484 -5.84679
0.220464 -5.87879
0.363503 -6.00267
0.602707 -6.05258
0.479912 -6.08082
0.776726 -6.05898
0.232725 -6.00873
0.0823598 -5.94587
-0.00990009 -5.97718
0.229871 -6.05266
-0.0820107 -5.97323
-0.275675 -5.908
-0.295034 -5.93292
-0.498708 -5.88121
-0.757956 -5.76468
-0.513417 -5.80513
-0.747641 -5.67239
-0.98504 -5.61774
-0.986532 -5.69598
-1.12033 -5.59677
-1.14114 -5.60991
-1.25683 -5.51685
-1.28893 -5.50448
-1.33897 -5.48569
-1.45369 -5.39093
-1.48145 -5.38102
-1.57222 -5.28522
-1.57568 -5.28583
-1.64088 -5.22535
-1.6634 -5.18613
-1.71042 -5.10346
-1.71299 -5.12399
-1.75225 -5.01085
-1.81283 -4.86619
-1.76427 -4.99094
-1.80086 -4.88035
-1.73759 -5.04555
-1.78398 -4.91959
-1.76808 -4.91577
-1.6658 -5.1515
-1.63216 -5.06257
-1.57606 -5.20885
-1.55552 -5.27956
-1.68466 -5.13195
-1.47131 -5.31765
-1.50752 -5.20093
-1.36502 -5.39328
-1.36893 -5.42189
-1.19093 -5.50513
-1.25026 -5.39431
-1.3413 -5.23213
-1.12449 -5.41634
-1.16987 -5.18796
-0.95453 -5.29766
-0.855353 -5.51992
-0.663077 -5.38633
-0.605269 -5.63667
-0.393785 -5.62457
-0.405147 -5.74792
-0.262836 -5.76548
-0.214806 -5.86801
-0.0718741 -5.83037
-0.200354 -5.72149
-0.0247054 -5.72967
-0.210952 -5.6151
-0.345855 -5.42209
-0.056303 -5.53781
-0.185575 -5.36622
-0.000441551 -5.308
0.239889 -5.53709
0.282859 -5.36669
0.534898 -5.5065
0.516589 -5.29092
0.857683 -5.4341
0.835331 -5.19666
1.26669 -5.33603
1.14209 -5.10494
1.53554 -5.12892
1.76385 -5.34659
1.55344 -5.51165
1.93545 -5.55131
2.27451 -5.36556
2.35551 -5.59625
2.69196 -5.47118
3.0039 -5.5246
3.02207 -5.3604
2.69176 -5.28752
2.99445 -5.1001
2.44807 -5.13664
1.99878 -5.14373
2.18781 -4.97388
1.78379 -4.89164
1.29351 -4.91248
1.45177 -4.67752
1.07446 -4.726
0.836453 -4.92131
0.707715 -4.62762
0.439649 -4.80162
0.48204 -5.0467
0.177437 -4.89528
0.208394 -5.15096
-0.0973859 -4.97649
-0.299132 -5.1683
-0.342998 -4.90958
-0.506025 -4.97214
-0.539429 -5.19679
-0.690666 -5.1839
-0.843873 -5.10905
-0.680527 -5.02315
-0.80827 -4.84109
-0.998682 -4.88692
-1.03762 -5.09271
-1.18141 -4.92506
-1.30892 -5.04461
-1.34607 -4.80189
-1.43548 -4.97659
-1.49392 -5.07221
-1.56757 -4.97999
-1.68906 -4.84661
-1.63351 -4.78613
-1.53739 -4.85442
-1.59236 -4.73252
-1.56674 -4.60511
-1.47628 -4.72598
-1.50921 -4.49128
-1.4162 -4.54232
-1.48723 -4.23123
-1.60072 -4.29108
-1.55419 -3.99135
-1.6414 -4.03675
-1.69589 -4.15799
-1.67788 -4.42751
-1.77182 -4.24347
-1.74773 -4.558
-1.84292 -4.24896
-1.83085 -4.46943
-1.78758 -4.70672
-1.83758 -4.66289
-1.8146 -4.7992
-1.88905 -4.61772
-1.82213 -4.75779
-1.84688 -4.74122
-1.92148 -4.6089
-1.88073 -4.71678
-1.94791 -4.60606
-1.9706 -4.44762
-1.89477 -4.41707
-1.96172 -4.30348
-2.00348 -4.23451
-1.97457 -4.16282
-1.93317 -4.20131
-1.95312 -4.05069
-1.93712 -4.07746
-1.95711 -3.87619
-1.97227 -3.95107
-1.99597 -3.69553
-2.01723 -3.5415
-1.98092 -3.57595
-1.99979 -3.43626
-1.96335 -3.34055
-1.95084 -3.11324
-1.91731 -3.21269
-1.92344 -2.93007
-1.87087 -2.9264
-1.87353 -2.65504
-1.81104 -2.66041
-1.82768 -2.45593
-1.7864 -2.48514
-1.75492 -2.49427
-1.71735 -2.64441
-1.67983 -2.34507
-1.62827 -2.44812
-1.58912 -2.63212
-1.54592 -2.32092
-1.41405 -2.21743
-1.45681 -2.72237
-1.34405 -2.44425
-1.33808 -2.75179
-1.44558 -3.17348
-1.58211 -3.07234
-1.54827 -3.40676
-1.62384 -3.34952
-1.61276 -3.5457
-1.6897 -3.47132
-1.64005 -3.7682
-1.54819 -3.69819
-1.46987 -3.85119
-1.47631 -3.54872
-1.35784 -3.54448
-1.36076 -4.00591
-1.22075 -3.79821
-1.19621 -3.46036
-1.11288 -3.63284
-1.05277 -3.34198
-1.01003 -3.60519
-1.05622 -3.87447
-0.904548 -3.70386
-0.913903 -3.397
-0.767977 -3.50923
-0.770456 -3.07073
-0.590172 -3.35706
-0.580839 -2.99767
-0.421009 -3.10412
-0.393142 -3.46234
-0.522244 -3.65009
-0.361108 -3.79782
-0.21671 -3.56361
-0.207224 -3.24266
0.0275698 -3.46876
-0.105242 -3.7861
0.197796 -3.7749
0.231977 -3.54355
0.415096 -3.60313
0.332085 -3.28083
0.578012 -3.45562
0.696272 -3.20424
0.804932 -3.4952
0.652447 -3.64484
0.915092 -3.74779
1.0073 -3.51711
1.19745 -3.56921
1.11943 -3.35725
1.35916 -3.2551
1.01878 -3.04832
0.939828 -3.33588
0.730946 -2.84922
0.458472 -2.91915
0.533741 -2.49509
0.232446 -2.70836
0.258331 -2.98271
0.0466881 -3.01393
-0.00682497 -2.60929
-0.236708 -2.7899
-0.467781 -2.75111
-0.365474 -2.48944
-0.173598 -2.30425
-0.384143 -2.17905
-0.51409 -2.42455
-0.519597 -2.12783
-0.647167 -2.31291
-0.639244 -2.69484
-0.804646 -2.61513
-0.873688 -2.89806
-0.936665 -3.10171
-0.968275 -2.81406
-1.02584 -3.07976
-1.14104 -3.04975
-1.06696 -2.57016
-1.21141 -2.68268
-1.29823 -3.09433
-1.25267 -3.30053
-1.23476 -2.35651
-1.1056 -2.26121
-1.11042 -1.83036
-1.27382 -2.1419
-1.25156 -1.8394
-1.3266 -1.58449
-1.50792 -2.00317
-1.48405 -1.60254
-1.3712 -1.32414
-1.25864 -1.10549
-1.17779 -1.16954
-1.13185 -1.39516
-1.0637 -0.940814
-1.00516 -1.06269
-1.00514 -1.32929
-0.889154 -0.955535
-0.939185 -0.705284
-0.797257 -0.444387
-0.89514 -0.354893
-0.813843 0.0268461
-0.675318 -0.0464319
-0.662476 -0.343407
-0.582603 -0.0918244
-0.555417 0.197791
-0.445319 0.0409793
-0.541553 -0.377818
-0.381287 -0.268809
-0.297609 0.0815683
-0.137657 -0.02611
-0.181347 0.355747
0.0430579 0.483199
0.123051 0.129835
0.342122 0.532829
0.338723 0.122907
0.464323 0.318858
0.524495 0.11157
0.629928 0.507507
0.73247 0.0942139
0.55826 -0.231901
0.822182 -0.379859
0.952385 0.10116
1.12954 -0.1609
1.18981 0.467825
1.42832 -0.0122018
1.53685 0.451191
1.79312 0.0757866
1.83916 0.66912
1.99814 0.337452
2.17375 0.000157117
2.20407 0.567424
2.54773 0.266798
2.52587 -0.169558
2.82816 -0.0863089
2.73854 -0.546288
3.15211 -0.460222
3.05313 -0.990788
3.58512 -0.898764
3.40127 -1.4378
3.85289 -1.34028
3.72215 -1.84989
4.11945 -1.80842
4.23194 -1.38856
4.45933 -1.80913
4.53763 -1.39074
4.74623 -1.82214
4.64196 -2.23208
4.91497 -2.27636
4.98994 -1.89827
4.81531 -1.29943
5.06076 -1.6617
5.09637 -1.40044
5.18716 -1.73544
5.18139 -1.99344
5.3222 -1.97764
5.26124 -1.67586
5.43951 -1.82621
5.48999 -2.27908
5.65888 -2.31495
5.65178 -1.95839
5.79189 -2.27036
5.85713 -2.63768
5.73405 -2.64331
5.82309 -2.90422
5.67971 -2.79801
5.75652 -3.11671
5.60975 -2.91667
5.58927 -3.14509
5.74657 -3.39804
5.86524 -3.38464
5.92705 -3.23205
5.983 -3.58075
5.87308 -3.56234
5.93298 -3.73974
5.7905 -3.6703
5.90389 -3.96577
6.04245 -3.87688
6.08242 -4.18604
6.16265 -3.98114
6.15725 -4.52945
5.97122 -4.40312
5.97854 -4.74482
5.77108 -4.5393
5.72619 -4.84511
5.87783 -5.02243
6.03625 -4.98621
5.97218 -5.15661
5.8213 -5.2743
5.98049 -5.37528
5.62291 -5.38757
5.47009 -5.60235
5.34982 -5.32723
5.13399 -5.63862
5.28554 -5.84157
4.93782 -5.85849
5.08047 -5.96156
4.70642 -5.93164
4.62781 -5.83638
4.22697 -5.79827
4.58267 -5.66773
4.24722 -5.57388
3.91897 -5.42227
3.54053 -5.50134
3.46018 -5.31178
3.26148 -5.46937
3.84601 -5.22813
3.58336 -5.07689
3.32571 -4.8448
2.88402 -4.84368
2.54279 -4.92077
2.59242 -4.69272
2.20029 -4.76822
2.29167 -4.51437
1.87729 -4.60202
1.99588 -4.32848
1.59561 -4.42432
1.14613 -4.48121
1.3954 -4.23267
1.7342 -4.18253
1.60564 -3.89264
1.2047 -4.07424
1.07505 -4.27309
0.851075 -4.15168
0.777681 -4.37688
0.425578 -4.44903
0.362692 -4.61939
0.145389 -4.5274
0.147483 -4.28572
-0.104609 -4.45404
-0.175607 -4.22902
-0.388425 -4.4549
-0.409185 -4.11801
-0.638797 -4.25855
-0.694289 -4.58625
-0.871729 -4.36252
-0.939532 -4.63212
-0.642594 -4.82577
-0.482894 -4.73595
-1.06941 -4.42191
-1.11844 -4.68186
-1.22274 -4.49307
-1.24821 -4.70817
-1.31966 -4.58698
-1.34661 -4.35051
-1.20186 -4.17004
-0.996755 -4.15386
-0.910398 -3.94127
-0.805899 -4.08524
-0.77943 -3.81578
-0.602114 -3.92334
-0.65459 -3.65943
-0.273291 -4.71178
-0.216052 -4.57019
-0.0421009 -4.68426
-0.219469 -4.00238
0.0144281 -4.02993
0.324438 -4.05074
0.51041 -4.23758
0.600266 -4.06479
0.786687 -3.97304
1.00913 -3.97203
0.55131 -3.85059
1.24328 -3.82934
0.196304 -4.69988
1.44082 -3.60969
1.71692 -3.41906
1.96215 -3.67464
2.07571 -3.9935
2.33121 -3.64927
2.47805 -3.94014
2.44723 -4.2222
2.81258 -4.0479
2.77492 -3.75542
3.25271 -3.91562
3.11053 -3.66423
3.42782 -3.67532
3.87293 -3.82532
3.63482 -4.20067
4.115 -4.1156
4.38221 -3.9328
4.44247 -4.18051
4.16053 -4.40815
4.65937 -4.39036
4.80811 -4.03966
5.02239 -4.32914
5.08491 -4.12486
5.27845 -4.22238
5.17411 -3.91548
5.48452 -4.04313
5.40162 -3.70658
5.13512 -3.55759
4.92836 -3.72483
4.63408 -3.7126
4.30546 -3.69242
4.45502 -3.46663
4.80533 -3.39669
4.46826 -3.13479
4.80394 -2.95816
5.09632 -3.1938
5.07432 -2.73742
5.3553 -3.07624
5.3086 -2.67538
5.47219 -2.85548
5.5622 -3.46885
5.32012 -3.40288
5.66523 -3.84574
5.41541 -2.6405
5.52333 -2.63288
5.34487 -2.36582
5.62088 -2.53948
5.14566 -2.33216
4.7988 -2.58186
4.47094 -2.63543
4.34501 -2.20415
4.25853 -2.42849
4.15223 -2.58029
4.16841 -2.87854
4.14356 -3.19448
4.30687 -3.33116
4.0985 -3.47943
3.83652 -3.25301
3.66805 -3.49712
3.52935 -3.25014
3.22273 -3.39537
3.29624 -3.02805
3.63326 -3.00085
3.43366 -2.75485
3.79835 -2.65183
3.42931 -2.45941
3.0485 -2.61946
3.26692 -2.03316
2.7624 -2.10183
2.56641 -2.58632
2.75948 -2.88124
2.54127 -2.99551
2.73298 -3.07117
2.95266 -3.09649
2.71355 -3.26386
2.9384 -3.33008
2.88912 -3.50152
2.61174 -3.50013
2.38344 -3.25483
2.06779 -3.34965
2.1241 -2.92321
2.34051 -3.00946
2.34957 -2.81493
2.22312 -2.51457
2.36783 -2.13718
2.05691 -2.11771
1.92945 -2.48057
1.75457 -2.05359
1.59127 -2.46624
1.83514 -2.79166
1.62374 -2.96649
1.87925 -3.10033
1.28545 -2.72444
1.25019 -2.28887
1.13645 -2.46372
0.934906 -2.57442
1.02272 -2.26987
0.776223 -2.18478
0.479755 -2.01851
0.160354 -2.25173
0.195782 -1.72288
-0.043417 -1.9553
-0.237908 -1.89405
-0.0704508 -1.65589
-0.242683 -1.46606
-0.417392 -1.84539
-0.450222 -1.55243
-0.59408 -1.87246
-0.563549 -1.44757
-0.727272 -1.68129
-0.768377 -2.14571
-0.882046 -2.0001
-0.918648 -2.39296
-0.996361 -2.22315
-0.982427 -1.89653
-0.849104 -1.66127
-0.906717 -1.40047
-0.742835 -1.31357
-0.638453 -1.31469
-0.604825 -0.995774
-0.71612 -0.809371
-0.554582 -0.681648
-0.430098 -0.716118
-0.531235 -1.12351
-0.379862 -1.13979
-0.270472 -0.761236
-0.0982151 -0.931222
0.0694709 -1.29546
0.238022 -0.862626
0.277511 -1.1374
0.317091 -1.35532
0.581055 -1.60163
0.547195 -1.05941
0.894471 -1.3096
0.888016 -0.857106
1.10604 -1.04392
1.0654 -0.834325
1.18227 -0.808389
1.07174 -0.601531
1.33114 -0.545929
1.32627 -0.98675
1.56674 -0.84347
1.51217 -1.21732
1.81165 -1.19786
1.61094 -1.5955
1.92452 -1.69918
1.4135 -1.94955
1.2662 -1.42874
0.989115 -1.86581
2.16571 -1.40001
2.18844 -1.81089
2.47739 -1.68186
2.9091 -1.55206
2.53763 -1.08462
2.11333 -0.892121
2.35042 -0.520349
2.03789 -0.433778
1.82362 -0.686491
1.83999 -0.322746
1.62268 -0.392301
1.95507 -0.170041
0.694982 -0.732457
0.529863 -0.620899
0.327402 -0.442177
0.099875 -0.577461
0.164575 -0.213213
-0.105878 -0.450917
0.00922394 -0.139646
-0.276615 -0.406023
-0.281801 -0.58214
-0.474123 -0.512611
0.386776 -0.132209
0.698414 -1.909
3.64435 -2.24813
4.01505 -2.25452
3.91994 -3.00802
5.77059 -4.198
5.94622 -4.19336
5.53779 -4.37306
5.53902 -4.6717
5.28535 -4.54963
5.38012 -4.75556
5.449 -4.9549
5.20194 -4.83481
5.20053 -5.08165
4.88359 -4.9913
5.0414 -5.26261
5.07424 -5.45233
4.88896 -5.41174
4.87131 -5.57027
4.84071 -5.72068
4.60401 -5.46189
4.74349 -5.25754
4.47476 -5.29396
4.30167 -5.40266
4.18407 -5.2514
4.44165 -5.07451
4.01929 -5.07045
4.16751 -4.89407
3.8015 -4.88622
4.0024 -4.69636
3.6416 -4.71797
3.36632 -4.63037
3.00287 -4.64879
3.19311 -4.41395
2.71534 -4.45904
2.84877 -4.26316
3.14148 -4.17047
3.67381 -4.51536
4.48265 -4.73304
4.93812 -4.64273
5.6533 -5.13716
5.24766 -5.99701
6.10077 -5.14828
6.26547 -3.95263
6.17013 -3.75753
6.09491 -3.74377
6.08568 -3.47214
6.21092 -3.57103
6.12628 -3.2007
6.25435 -3.25272
6.11912 -2.83539
6.09398 -2.50527
5.96673 -2.4423
6.02475 -2.87717
5.94227 -2.96548
6.0196 -3.15604
6.01217 -2.25785
6.09726 -2.25409
5.94804 -1.89453
5.94091 -2.1459
5.80549 -1.9437
5.78559 -1.5694
5.60721 -1.42595
5.65422 -1.74198
5.51915 -1.58553
5.41058 -1.15734
5.32981 -1.3405
5.25373 -1.46613
5.13664 -1.10576
4.91814 -0.92364
4.99481 -0.639068
5.20986 -0.901618
5.10075 -0.465472
5.28845 -0.710379
5.41561 -0.960542
5.48719 -1.15241
5.51024 -1.03292
5.65785 -1.13723
5.51443 -0.76715
5.60687 -0.694486
5.50055 -0.554945
5.41093 -0.481646
5.40228 -0.727864
5.28937 -0.430119
5.18249 -0.365669
5.19337 -0.186616
5.29804 -0.163291
5.15432 0.040061
5.06161 -0.0814394
5.03214 0.233119
4.89257 0.206987
4.88075 -0.131194
4.75692 0.217429
4.63932 0.150758
4.69891 -0.353639
4.44627 0.114727
4.42114 -0.155177
4.51309 -0.492485
4.72233 -0.774862
4.59888 -0.841322
4.5373 -1.02969
4.30423 -1.01377
4.32333 -0.637415
4.08086 -0.690384
3.97528 -0.994307
3.82322 -0.622242
3.82331 -1.06863
3.5256 -0.351743
3.87626 -0.236016
3.52004 -0.0138837
3.17177 0.0513878
3.40062 0.329494
3.62768 0.0788221
3.72546 0.198411
3.59832 0.580402
3.24263 0.764233
2.95144 0.584454
2.97479 0.947189
2.72674 1.00333
2.54954 0.723872
2.71948 0.474832
2.84093 0.271804
2.43697 1.14321
2.27928 0.934793
2.06119 0.938825
1.85004 1.21006
1.47438 1.00857
1.63593 1.42675
1.81988 1.56205
2.01803 1.49446
1.97657 1.82535
2.32639 1.54978
2.15711 1.23066
2.60613 1.34033
2.56259 1.54887
2.74095 1.50762
2.8576 1.23268
2.99223 1.44634
3.12989 1.12745
3.30514 1.37368
3.07184 1.71285
2.84699 1.68505
2.82604 1.94985
2.5923 1.76156
2.56036 2.07044
2.30596 1.95712
2.33577 2.24251
2.07341 2.19554
1.68738 2.15114
1.65763 1.74493
1.45312 1.85343
1.42135 1.51932
1.16495 1.71099
1.19236 1.24723
0.977187 1.32717
0.843893 1.55369
0.755868 1.14663
0.96182 0.906563
0.733157 0.871391
0.803803 0.69301
0.876705 0.465528
1.19602 0.921458
0.568472 0.93607
0.37939 0.916528
0.218626 0.835226
0.336353 1.15988
0.456581 1.09999
0.562774 1.36955
0.381588 1.46557
0.219347 1.34955
0.158757 1.06543
0.00383949 1.13219
0.0585384 0.848441
-0.0986147 0.713805
-0.190302 0.891326
-0.271775 0.572779
-0.326699 0.292803
-0.418626 0.40416
-0.371616 0.761169
-0.529847 0.518491
-0.664208 0.29158
-0.641092 0.580081
-0.740006 0.383892
-0.83821 0.365502
-0.956634 0.0857498
-0.93803 -0.190049
-1.03103 -0.251221
-1.01223 -0.530517
-1.11013 -0.520794
-1.14134 -0.822271
-1.22894 -0.711664
-1.34766 -1.03164
-1.34478 -0.752145
-1.26086 -0.45372
-1.14331 -0.344649
-1.17474 -0.105831
-1.06684 -0.0736426
-1.05604 0.200641
-0.923981 0.434385
-1.01333 0.543003
-1.14538 0.245129
-1.10521 0.509712
-1.05081 0.737595
-0.949075 0.836799
-0.941308 1.04271
-0.8212 1.02468
-0.857703 0.748558
-0.716481 0.970841
-0.755625 0.752397
-0.821834 0.588751
-0.73954 0.591274
-0.650113 0.815187
-0.510565 0.817345
-0.525012 1.12209
-0.378788 1.07715
-0.261713 1.02887
-0.229214 1.27573
-0.155714 1.14747
-0.0691233 1.40904
-0.151122 1.55882
-0.328532 1.41429
-0.216163 1.68373
-0.0879974 1.84877
-0.0109529 1.68638
0.0861387 1.95293
0.130152 1.63426
0.224618 1.96405
0.208236 2.15158
0.323843 2.15566
0.328491 1.89204
0.4644 2.13031
0.511057 1.80347
0.64483 2.17091
0.731111 1.99243
0.710351 1.73901
0.947653 1.95027
0.886559 2.27826
1.16059 2.26334
1.09676 2.50633
1.33002 2.54749
1.40739 2.29755
1.27328 2.18186
1.17898 2.04435
1.35936 2.0547
1.61517 2.54123
1.98891 2.52622
1.78692 2.80158
1.50539 2.8192
1.19726 2.78926
1.41374 3.09916
1.12713 3.01048
1.19674 3.14658
1.04311 3.10948
1.09561 3.23562
0.871203 3.10702
0.918224 2.97847
0.660651 2.93246
0.797981 2.79456
0.617819 2.75011
0.685902 2.59651
0.485582 2.56222
0.476076 2.76229
0.347861 2.62318
0.328742 2.73004
0.422242 2.85703
0.215441 2.75161
0.179769 2.58222
0.0259132 2.5885
0.00814533 2.4418
-0.109814 2.42732
-0.137164 2.30826
-0.0339274 2.23969
-0.240752 2.08194
-0.278751 2.23376
-0.458731 1.91669
-0.489623 2.06267
-0.593487 1.84372
-0.625931 1.71417
-0.745965 1.65405
-0.726871 1.54143
-0.589697 1.60486
-0.78618 1.32959
-0.64256 1.28812
-0.793839 1.18064
-0.935613 1.20593
-1.03344 1.02765
-1.06072 0.881092
-1.11839 0.850885
-1.14316 0.688462
-1.12823 0.558203
-1.22989 0.411504
-1.1764 0.391516
-1.26443 0.164273
-1.25314 -0.0600507
-1.29726 -0.307994
-1.33659 -0.239019
-1.40363 -0.472498
-1.35677 -0.545158
-1.41146 -0.778697
-1.42679 -1.02573
-1.49515 -1.06333
-1.50146 -1.25725
-1.44596 -1.28758
-1.53896 -1.47973
-1.56372 -1.65104
-1.59273 -1.85292
-1.59854 -1.64828
-1.68313 -1.80661
-1.68262 -2.09047
-1.60794 -2.12026
-1.58996 -2.25794
-1.76801 -2.30855
-1.75112 -2.06738
-1.81004 -2.20562
-1.84757 -2.40753
-1.85642 -2.24839
-1.8967 -2.45544
-1.92213 -2.72541
-1.95232 -2.93324
-1.67868 -0.930742
-1.63976 -0.776963
1.31285 3.34252
1.46413 3.38291
1.45979 3.28845
1.64501 3.3903
1.62424 3.25171
1.82384 3.3085
2.83193 3.05243
2.66014 3.0941
2.53872 3.11308
2.66401 2.98012
2.42283 3.04189
2.57585 2.77887
2.25914 2.95934
2.24708 2.7469
2.45316 2.64219
2.34356 2.49002
2.1807 2.3761
2.56987 2.30038
2.62302 2.50595
2.80978 2.27805
2.94703 2.45956
2.94495 2.77856
3.23937 2.47988
3.2919 2.21784
3.08256 2.06316
3.43087 1.95276
3.35653 1.71082
3.65139 1.66862
3.58856 1.42499
3.82088 1.40936
3.80032 1.15355
4.02943 1.19406
4.04859 0.844788
4.20447 0.973953
4.31518 0.71432
4.24187 0.4667
3.98244 0.541585
4.17316 0.16494
3.87455 0.351676
3.97913 0.0556456
4.22566 -0.214027
3.79884 0.576868
3.74582 0.837164
3.42811 0.978317
3.57219 1.16089
4.46279 0.415939
4.53289 0.633353
4.35658 0.903138
4.47513 0.985581
4.70977 0.763846
4.59898 1.06093
4.39291 1.30471
4.24703 1.16166
4.01666 1.53866
4.28823 1.62173
3.97311 1.93042
3.6862 1.90672
3.55732 2.19942
3.49309 2.08102
3.7492 2.25109
3.4649 2.46394
3.24022 2.69208
3.42933 2.63945
3.31435 2.82719
3.08838 2.90583
3.85956 2.31985
4.05123 2.10056
5.1389 0.760932
4.98464 0.930139
4.97691 0.81406
5.13312 0.559093
5.25863 0.555336
5.32792 0.374867
5.90236 -0.357694
5.96854 -0.672761
5.86731 -0.560672
5.97165 -0.915384
6.07274 -1.20795
5.99245 -1.16399
5.87728 -0.977204
5.99622 -1.3626
6.05787 -1.36979
6.08069 -1.63002
6.01709 -1.58488
6.07298 -1.87012
6.18472 -1.97102
6.17178 -1.75066
6.18685 -2.27499
6.1393 -1.49829
6.14742 -1.41931
6.17799 -1.39776
5.92377 -1.46546
5.86945 -1.58472
5.80243 -1.37051
5.76537 -1.06192
5.72828 -0.726732
5.63347 -0.343699
5.7676 -0.582718
5.74071 -0.35048
5.65404 -0.142027
5.54455 0.0368406
5.48398 -0.0747349
5.46674 -0.315486
5.35585 0.0139962
5.2346 0.100195
5.23463 0.280035
5.1416 0.235152
5.05878 0.42495
4.8898 0.473385
4.92929 0.677063
4.73514 0.45427
4.78632 0.956623
4.88231 0.984565
4.7836 1.10881
4.63151 1.22427
4.74518 1.23437
4.64331 1.38835
4.49038 1.43256
4.50302 1.56135
4.39535 1.70052
4.25241 1.81604
4.39889 1.80111
4.51813 1.66659
4.5977 1.73825
4.70036 1.50751
4.44094 1.85511
4.29376 1.94229
4.2798 1.87341
4.17094 1.9337
4.79533 1.29837
4.88245 1.10814
5.40003 0.154025
5.44603 0.231218
3.62421 2.46468
4.6449 0.375048
4.56891 0.396206
2.86827 2.12158
2.73172 2.15519
2.00555 2.81017
2.0977 2.92084
1.92543 2.97143
1.70319 3.04374
1.92183 3.11938
1.77156 3.19986
1.62739 3.16208
1.94389 3.22838
2.07392 3.30982
2.14487 3.14385
2.34076 3.21964
2.06573 3.03752
1.29651 3.23138
0.677833 3.08095
0.517312 2.98349
-0.172256 2.48867
-0.372301 2.27859
-1.0012 1.19194
-1.08716 1.05433
-1.1248 0.926534
-1.15605 0.806406
-1.16774 0.726636
-1.20318 0.682508
-1.21503 0.570049
-1.24347 0.518976
-1.27985 0.342326
-1.33334 0.0660014
-1.37766 0.0589308
-1.41988 -0.207598
-1.38683 -0.217166
-1.47303 -0.431256
-1.41868 -0.373398
-1.34302 -0.154333
-1.48997 -0.613207
-1.48696 -0.810753
-1.54309 -0.85878
-1.57066 -1.08567
-1.60162 -1.41395
-1.68276 -1.31902
-1.71797 -1.62988
-1.75489 -1.91985
-1.78905 -1.76321
-1.8193 -2.02186
-1.84114 -1.867
-1.86025 -1.98151
-1.90643 -2.1461
-1.79005 -1.50959
-1.77705 -1.60399
-1.75764 -1.53644
-1.74596 -1.35412
-1.67986 -1.17078
-1.61772 -1.03014
-1.64551 -0.987206
-1.56627 -0.73817
-1.61391 -0.84913
-1.56245 -0.679848
-1.50386 -0.471418
-1.52297 -0.510487
-1.46193 -0.281593
-1.53273 -0.483024
-1.58162 -0.63734
-1.57758 -0.652114
-1.63518 -0.764469
-1.65121 -0.839912
-1.70596 -1.03691
-1.67091 -0.972779
-1.71436 -1.12393
-1.75738 -1.19656
-1.79717 -1.31693
-1.76744 -1.1215
-0.86933 1.39444
0.0522604 2.75136
-0.483562 1.57667
-0.392993 1.81179
-0.329468 1.68125
-0.260456 1.91232
-0.13802 2.02405
-0.20127 1.84793
-0.00622988 2.07521
0.107904 2.22219
0.109566 2.39588
0.271633 2.39687
-0.461127 1.42866
0.421606 2.33793
0.571672 2.37627
0.736737 2.41319
0.912026 2.61372
0.99013 2.85032
0.310525 1.63257
0.683762 0.995631
6.32718 -3.73265
6.38559 -3.7916
6.37584 -3.8832
6.36348 -4.00886
-1.77053 -3.66077
-1.703 -3.925
-1.77435 -3.97177
-1.85315 -3.77637
-1.82873 -4.04117
-1.88852 -3.95315
-1.90013 -4.18019
-1.93422 -3.59435
-1.86695 -3.44094
-1.85815 -3.15429
-1.77339 -3.2644
-1.79393 -2.93622
-1.69769 -2.96463
-1.67428 -3.22538
-1.63603 -4.63336
1.20852 -5.57732
0.852241 -5.64345
0.859802 -5.79604
0.542618 -5.7152
0.219025 -5.71816
1.70793 -6.01193
4.35514 -6.18219
6.60784 -5.41246
6.55712 -5.57029
6.54799 -5.61301
6.2254 -5.74702
6.12694 -5.71414
6.10532 -5.87908
6.24045 -5.84697
6.02284 -5.82935
5.99195 -5.70746
5.86958 -5.88575
5.96672 -5.93917
5.82157 -6.04062
5.6473 -6.14089
5.43053 -6.17167
5.52124 -6.23511
5.22849 -6.28575
5.24106 -6.21768
5.06904 -6.24617
4.95745 -6.16504
4.8327 -6.26531
4.71262 -6.19281
4.79312 -6.05838
4.57486 -6.11444
4.37441 -6.11135
4.18721 -6.00505
4.18106 -6.14458
3.99527 -6.088
3.909 -5.89235
3.70176 -5.71856
3.48983 -5.71755
3.21142 -5.61561
3.3407 -5.88364
3.61682 -5.90025
3.48115 -6.08549
3.7618 -6.06575
3.67172 -6.18235
3.88079 -6.20817
3.71055 -6.2828
3.89209 -6.31332
4.06808 -6.27756
4.05804 -6.19255
4.17423 -6.22225
4.26249 -6.2859
4.31789 -6.21226
4.44253 -6.28377
4.50318 -6.20728
4.62497 -6.27328
4.57368 -6.32452
4.72469 -6.31093
4.9241 -6.31434
4.6955 -6.34407
5.01246 -6.32822
4.75621 -6.34664
4.47817 -6.36681
4.41153 -6.34527
4.27451 -6.37185
4.18856 -6.34502
4.0942 -6.37076
4.03157 -6.33756
3.91179 -6.36039
3.73588 -6.34992
3.7561 -6.37046
3.95328 -6.37049
3.69329 -6.37618
3.64449 -6.36922
3.541 -6.37416
3.39211 -6.38234
3.3848 -6.37904
3.57801 -6.37352
3.41254 -6.356
3.22637 -6.36912
3.31109 -6.31137
3.54638 -6.33015
3.50386 -6.24658
3.26874 -6.2018
3.16551 -6.05372
3.14227 -6.3935
3.15276 -6.38956
2.92401 -6.38763
2.95486 -6.38613
2.73793 -6.38924
2.74522 -6.37295
2.6276 -6.33735
3.00065 -6.35719
3.18156 -6.38515
3.26776 -6.36529
3.40605 -6.37453
3.32555 -6.38084
3.50238 -6.38509
3.69575 -6.37263
3.47393 -6.35629
3.71971 -6.32778
3.28772 -6.33618
3.40192 -6.31963
3.21864 -6.33057
2.95767 -6.32491
3.14993 -6.327
3.30408 -6.33213
3.27484 -6.31886
3.02842 -6.32115
3.14035 -6.27393
2.92041 -6.28612
2.77924 -6.32075
2.60974 -6.33505
2.41474 -6.31806
2.19286 -6.31611
2.3797 -6.31861
2.18367 -6.29215
1.99067 -6.30834
1.92045 -6.26802
2.11225 -6.25131
2.32995 -6.24935
2.35565 -6.27623
2.51948 -6.30295
2.68722 -6.24984
2.00714 -6.21692
1.81489 -6.22541
1.72814 -6.20412
1.49041 -6.19716
3.01844 -6.21084
3.31351 -6.2248
3.34872 -6.28328
3.53803 -6.25483
3.71492 -6.28377
3.51463 -6.31885
3.75274 -6.32938
4.08292 -6.31028
4.33833 -6.29807
4.43883 -6.28859
4.26134 -6.34006
4.51755 -6.32027
4.72393 -6.30215
4.70032 -6.27818
5.05273 -6.27946
5.33205 -6.26603
5.20944 -6.2928
4.9617 -6.32096
5.20194 -6.30585
5.42078 -6.28422
5.21826 -6.31326
4.8674 -6.34055
4.94682 -6.33631
5.14269 -6.3137
4.64143 -6.36458
4.40892 -6.36663
4.3573 -6.37303
4.20322 -6.38284
4.05002 -6.37783
4.0273 -6.36645
4.63041 -6.33815
3.49163 -6.32529
6.35378 -5.82317
6.44559 -5.71089
6.39259 -5.82984
6.48688 -5.69165
6.48207 -5.72748
6.50729 -5.66122
6.57211 -5.51098
6.53046 -5.59446
6.57612 -5.45069
6.5601 -5.4701
-1.33659 -0.239019
