1.51059 -3.50876
1.64897 -3.51715
1.55136 -3.54526
1.51658 -3.60606
1.64663 -3.55966
1.73467 -3.48213
1.75753 -3.47113
1.60588 -3.57644
1.52716 -3.63093
1.42263 -3.68967
1.47849 -3.64093
1.60404 -3.54105
1.48407 -3.6088
1.57326 -3.50904
1.46934 -3.52914
1.60312 -3.45071
1.69647 -3.41327
1.67802 -3.32586
1.54465 -3.42651
1.53008 -3.34656
1.60222 -3.17762
1.78987 -3.1032
1.73309 -2.96362
1.86917 -2.86597
1.79005 -2.78617
1.86907 -2.66318
1.92977 -2.70861
1.95748 -2.81305
2.00896 -2.62234
2.02696 -2.79368
2.05692 -3.16452
2.11858 -2.5152
2.06048 -1.8917
2.09595 -2.07748
2.00237 -2.03183
2.05411 -2.18347
1.99137 -2.27956
2.09013 -2.32059
2.0424 -2.44042
1.98134 -2.46622
1.94281 -2.57691
1.86012 -2.4046
1.75414 -2.60815
1.69719 -2.38076
1.73881 -2.13204
1.8888 -2.09587
1.7839 -1.85619
1.91169 -1.84302
1.99748 -1.83582
1.95183 -1.66196
1.84095 -1.55958
1.93057 -1.405
2.01 -1.57193
2.00679 -1.74097
2.04562 -1.71532
2.0516 -1.61668
2.07206 -1.52748
2.01981 -1.30536
2.05731 -1.18766
2.02954 -1.09823
1.94829 -0.986014
1.8982 -1.06592
1.83586 -1.26888
1.7674 -1.03032
1.74415 -1.30495
1.7211 -1.5856
1.68376 -1.80715
1.69811 -1.95064
1.605 -1.9858
1.64637 -2.20825
1.55541 -2.30507
1.6142 -2.57781
1.48559 -2.51952
1.47161 -2.79265
1.66237 -2.79413
1.56734 -2.98305
1.45918 -2.99728
1.44747 -3.13716
1.38929 -3.33341
1.28688 -3.24186
1.31438 -3.03837
1.10098 -3.22896
1.12264 -3.41803
0.868787 -3.39509
0.840728 -3.55635
1.03401 -3.58003
1.25083 -3.50622
1.15394 -3.63573
1.32492 -3.56057
1.30289 -3.64863
1.42562 -3.45886
1.04386 -3.73827
1.22377 -3.72784
1.37406 -3.67741
1.33954 -3.71888
1.20105 -3.7597
1.27032 -3.74554
1.25244 -3.74013
1.40002 -3.6703
1.25369 -3.71892
1.39874 -3.65539
1.39983 -3.61812
1.19038 -3.67954
1.3305 -3.58466
1.11802 -3.63679
1.25768 -3.52229
1.05895 -3.53776
0.942813 -3.45924
0.845087 -3.39085
0.659414 -3.37893
-2.36651 -3.02836
-2.60881 -2.94057
-3.81202 -1.22274
-3.84049 -0.974864
-3.78236 -0.644193
-3.82097 -0.367948
-3.78006 -0.273231
-3.82588 -0.232491
-3.82523 -0.0917865
-3.8048 0.0924878
-3.69697 -0.155609
-3.71109 0.107635
-3.65577 0.0154498
-3.63289 0.192202
-3.74296 0.359487
-3.65543 0.461162
-3.58342 0.390857
-3.56183 0.704656
-3.45853 0.473416
-3.51646 0.0796885
-3.4135 0.118436
-3.30978 0.478393
-3.31322 0.0650494
-3.37858 -0.187862
-3.31538 -0.189047
-3.20656 -0.121233
-3.18244 0.349968
-3.0412 0.306981
-3.05094 0.0182335
-3.07372 -0.363244
-2.87986 0.136124
-2.87926 -0.31722
-2.73267 -0.0356386
-2.76679 -0.284071
-2.6459 -0.196337
-2.54525 0.131144
-2.60824 0.363892
-2.47068 0.376588
-2.32974 0.340072
-2.45859 -0.0587436
-2.21741 0.0561358
-2.10627 0.426982
-2.01036 0.286261
-2.03163 0.0112306
-2.18361 -0.319693
-1.89644 -0.242208
-2.13744 -0.66833
-1.94719 -0.654877
-2.05371 -0.928882
-2.30297 -1.10422
-2.10348 -1.22979
-1.90164 -1.06316
-2.01512 -1.4139
-1.78029 -1.41493
-1.68499 -0.968325
-1.74548 -0.61599
-1.52901 -0.70717
-1.47139 -1.03054
-1.27934 -0.613666
-1.4736 -0.33758
-1.26437 -0.134403
-1.05442 -0.167716
-0.947392 -0.541753
-0.811506 -0.119499
-0.633929 -0.350773
-0.719503 -0.924856
-0.359647 -0.510201
-0.450669 -0.922854
-0.224215 -0.861539
-0.397586 -1.26548
-0.55907 -1.12905
-0.676186 -1.47067
-0.48215 -1.72407
-0.280939 -1.60794
-0.354578 -1.91703
-0.478036 -2.08206
-0.718993 -2.04457
-0.54181 -2.44297
-0.307011 -2.2687
-0.333 -2.62891
-0.126902 -2.58085
-0.203635 -2.92908
-0.477319 -2.81965
-0.423861 -3.06711
-0.228955 -3.25111
0.0502033 -3.1459
0.108418 -2.82859
0.382317 -3.07065
0.338216 -2.81451
0.537968 -2.81107
0.65092 -2.99705
0.815545 -2.74888
0.595328 -2.47675
0.873214 -2.2155
0.582595 -2.07075
0.73732 -1.9041
0.871337 -1.6205
1.09974 -1.91236
1.08789 -1.47656
0.981081 -1.20247
1.13876 -1.08301
1.02706 -0.807746
1.17834 -0.676342
1.30293 -0.984231
1.30158 -0.573348
1.42045 -0.730025
1.39155 -0.284905
1.53677 -0.622782
1.51743 -0.877608
1.45403 -1.08085
1.56687 -1.10206
1.59148 -0.886431
1.66408 -1.07106
1.66243 -0.797033
1.63977 -0.502808
1.53591 -0.324369
1.58403 -0.183227
1.45748 -0.0554186
1.3414 0.08987
1.23574 0.119261
1.19264 -0.223143
1.1621 0.0657115
1.08318 0.293756
1.14521 0.438225
1.02804 0.630434
1.11291 0.711305
1.24544 0.417399
1.20955 0.737979
1.11522 1.02602
1.24849 0.95182
1.31315 0.561465
1.39358 0.631373
1.42177 0.367036
1.50878 0.277035
1.47924 0.109963
1.56873 0.0261499
1.67196 -0.150865
1.58979 0.0817832
1.66048 0.0387634
1.56237 0.226672
1.62358 0.258051
1.76304 -0.0143507
1.74371 0.145024
1.65833 0.415299
1.76348 0.181356
1.85408 -0.112947
1.8497 0.00509851
1.89688 -0.186895
1.96454 -0.382414
1.77031 0.18423
1.69224 0.484111
1.62015 0.768566
1.57297 0.753832
1.62975 0.596501
1.54212 0.722188
1.56565 0.533052
1.47277 0.757175
1.5075 0.494252
1.4028 0.774422
1.33625 0.992859
1.37147 1.01564
1.28494 1.23641
1.23046 1.30649
1.11229 1.3785
1.13284 1.68769
1.23211 1.53745
1.17984 1.69036
1.18498 1.80461
1.26915 1.61808
1.35117 1.33995
1.31645 1.58737
1.40276 1.46617
1.30848 1.69542
1.36336 1.65478
1.29614 1.78737
1.33452 1.79204
1.28297 1.90705
1.25692 1.86446
1.24361 1.97256
1.20505 1.9875
1.25039 1.77131
1.12867 2.05414
1.1197 2.23347
1.05337 2.17216
1.09633 1.96177
1.02157 1.98884
1.01867 1.7314
0.903189 2.04604
0.961294 2.2311
0.856995 2.42229
0.742203 2.24332
0.817083 1.94212
0.918586 1.68484
0.782193 1.72387
0.697207 1.99282
0.649424 1.77197
0.544483 2.06718
0.516999 1.81858
0.345199 2.0359
0.423891 1.73289
0.564902 1.51677
0.394661 1.55816
0.254445 1.76054
0.25806 1.50181
0.441497 1.28826
0.156856 1.19565
0.416406 0.997752
0.621731 0.998435
0.524307 0.641478
0.737343 0.699949
0.7648 0.415281
0.91051 0.553999
0.95273 0.162636
0.779631 0.0937286
0.915586 -0.189351
1.05107 -0.116122
1.05709 -0.419165
1.09346 0.0438344
0.920042 -0.537704
0.849145 -0.921092
0.750872 -0.540603
0.845137 -0.361794
0.751229 -0.204304
0.580719 -0.310713
0.56164 -0.618982
0.406034 -0.470729
0.434697 -0.681055
0.266039 -0.762113
0.207505 -0.403794
0.108929 -0.604164
0.0299978 -0.855318
0.17042 -1.00332
0.0867662 -1.15206
0.318474 -1.28359
0.0617437 -1.43335
0.178996 -1.63005
0.352565 -1.8125
0.592832 -1.66098
0.672464 -1.21977
0.851218 -1.25394
0.672197 -0.843453
0.490593 -0.900619
0.313334 -2.28744
0.149382 -1.92707
0.0819178 -2.18061
0.0862141 -2.47401
0.250972 -2.62515
0.406803 -2.6215
-0.088336 -2.2377
-0.0278435 -1.93537
-0.200511 -1.93047
-0.0950718 -1.63413
-0.123025 -1.24479
0.0462513 -1.70835
-0.0331879 -0.471383
0.140091 -0.105788
-0.107523 -0.0800422
-0.384799 -0.048398
-0.165158 0.331285
0.127166 0.234403
0.0525742 0.490346
0.233429 0.555667
0.401865 0.261028
0.624831 0.297378
0.595513 0.0159921
0.373018 -0.115057
0.264403 0.0886532
0.271981 0.844678
-0.0541325 0.78655
-0.121458 1.13978
-0.285692 1.01885
-0.361378 0.843435
-0.569164 1.03061
-0.544135 0.742185
-0.367506 0.587195
-0.627553 0.49571
-0.475463 0.267341
-0.71863 0.199899
-0.603296 -0.00264149
-0.915854 0.12009
-0.863831 0.404814
-1.11057 0.24148
-0.995491 0.608636
-1.23988 0.643616
-1.4088 0.150699
-1.50357 0.532996
-1.66021 0.182013
-1.63192 -0.161702
-1.85439 0.241045
-1.69462 0.494286
-1.87252 0.646066
-1.61162 0.794405
-1.70817 1.06315
-1.91196 0.999853
-2.12266 0.749996
-2.0474 1.12831
-2.23421 0.967586
-2.38814 0.645332
-2.43314 0.988319
-2.53013 0.664003
-2.68731 0.61511
-2.84874 0.453167
-2.93512 0.354491
-2.99231 0.194629
-2.84973 0.705595
-3.03053 0.695419
-2.88293 1.03231
-3.02962 1.06056
-3.15907 0.696291
-3.21466 0.880767
-3.35186 0.758954
-3.27297 1.00113
-3.11999 1.25295
-2.97016 1.32758
-2.79059 1.46611
-2.94342 1.49149
-2.83977 1.79768
-2.64346 1.87424
-2.58599 1.73635
-2.51434 1.57157
-2.42359 1.98732
-2.26849 1.8241
-2.2091 2.09873
-2.07696 2.02723
-2.05683 2.31224
-1.93935 2.18943
-1.88242 2.38077
-1.76273 2.22127
-1.92104 1.96409
-1.75764 1.9268
-1.90739 1.65408
-1.67083 1.69979
-1.53048 2.07657
-1.44835 1.75729
-1.3097 1.97164
-1.30352 1.78198
-1.12147 1.82323
-1.11439 2.17087
-1.31391 2.22153
-1.19508 2.45619
-1.40402 2.42159
-1.5853 2.39485
-1.7347 2.55808
-1.5135 2.65098
-1.65965 2.85572
-1.83597 2.75128
-1.85089 2.92825
-2.01436 2.75609
-1.93785 2.56557
-2.12071 2.53626
-2.25007 2.30239
-2.28649 2.49872
-2.40932 2.27835
-2.53231 2.10042
-2.65283 2.04207
-2.55429 2.2392
-2.726 2.12683
-2.92896 1.98624
-3.01953 1.71942
-3.01349 1.55653
-3.16107 1.46528
-3.30844 1.15208
-3.31607 1.33723
-3.48828 1.10083
-3.43258 0.935823
-3.35359 0.925061
-3.43235 0.76357
-3.67957 0.847318
-3.69172 0.605939
-3.7776 0.60715
-3.8304 0.394692
-3.8876 0.256645
-3.91215 0.419119
-3.87056 0.127707
-3.85297 0.0367544
-3.87671 0.600708
-3.88319 0.810902
-3.80951 0.799749
-3.81828 0.935159
-3.74784 0.986077
-3.6288 1.08936
-3.68746 1.13061
-3.62499 1.19469
-3.62785 1.28288
-3.75948 1.0906
-3.75348 1.20517
-0.468005 3.73521
-0.761601 3.75054
-1.21413 3.62389
-1.22583 3.49288
-0.981746 3.52718
-1.05872 3.40813
-0.792263 3.37929
-0.965875 3.25965
-0.77361 3.15729
-0.953116 3.05729
-0.763842 2.89413
-1.04352 2.76772
-1.11655 3.02112
-1.23001 2.91802
-1.29844 3.14121
-1.42524 2.90555
-1.29613 2.69225
-1.58159 3.08097
-1.50454 3.28159
-1.71458 3.20045
-1.78045 3.07527
-1.71185 2.99874
-1.95194 3.03094
-1.89425 3.13981
-2.04793 3.07714
-2.03628 3.18397
-2.24109 3.0252
-2.11367 2.97066
-2.24626 2.90138
-2.35406 2.87402
-2.34534 2.77188
-2.17591 2.81793
-2.32184 2.64815
-2.18274 2.67059
-2.44258 2.44997
-2.49632 2.5837
-2.61002 2.35948
-2.6761 2.44234
-2.77653 2.24852
-2.81356 2.34508
-2.89666 2.18233
-3.03109 2.05152
-3.0823 1.87763
-3.18996 1.85152
-3.23313 1.66497
-3.07864 1.79331
-3.13994 1.64447
-3.2412 1.51342
-3.3786 1.40345
-3.44599 1.48255
-3.54324 1.26636
-3.53207 1.48529
-3.44407 1.57065
-3.63936 1.40729
-3.67653 1.30179
-2.61341 2.74103
-2.48221 2.75065
-2.62447 2.60308
-2.7346 2.59767
-2.74224 2.4872
-2.84853 2.44314
-2.93593 2.26274
-3.34358 1.67424
-1.84846 3.26291
-1.69061 3.32749
-1.55416 3.40367
-1.38542 3.41549
-1.31451 3.32491
-1.23019 3.40583
-1.15685 3.30061
-1.09087 3.16733
-2.02176 2.91619
-1.00352 2.44961
-0.821429 2.58642
-0.83734 2.25503
-0.67519 2.46941
-0.610694 2.3166
-0.61944 2.09187
-0.855181 1.90873
-0.620835 1.83389
-0.790528 1.62853
-0.967639 1.69936
-1.06827 1.436
-1.31244 1.59419
-1.34085 1.32907
-1.54988 1.42178
-1.48338 1.09635
-1.25662 1.06341
-1.41863 0.83896
-0.955811 0.984793
-0.735654 1.32939
-0.53056 1.29851
-0.347725 1.24993
-0.459257 1.55701
-0.133643 1.40752
-0.149975 1.70909
-0.365694 1.9484
-0.108355 1.94861
0.058919 1.78669
0.0698586 1.54866
0.168937 1.6531
0.0786018 2.06958
0.171825 2.30916
-0.0655909 2.41331
0.0652838 2.58515
-0.128084 2.68551
-0.205912 2.57665
-0.285275 2.45274
-0.361325 2.73052
-0.493185 2.49079
-0.425078 2.25608
-0.189342 2.19095
-0.609129 2.68283
-0.55423 2.88633
-0.617635 3.05123
-0.439636 3.02718
-0.579535 3.21985
-0.356913 3.20897
-0.520529 3.3969
-0.678291 3.55133
-0.434382 3.50806
-0.280893 3.37889
-0.233171 3.51334
-0.445509 3.61678
-0.195979 3.63226
-0.65572 3.66949
-0.897429 3.65183
0.0608349 3.57973
0.665051 3.15845
0.774361 3.01881
0.661207 3.0284
0.500911 3.24262
0.526402 3.03332
0.438383 3.19416
0.371389 3.14358
0.425982 2.95061
0.291837 3.07019
0.208362 3.23932
0.119388 3.08304
0.307975 2.85728
0.147109 2.79122
0.279472 2.67904
0.256988 2.49864
-0.0216131 2.80865
-0.0109243 2.98071
-0.200486 2.96255
-0.124494 3.17635
-0.0233574 3.34442
0.390993 2.57453
0.40074 2.29563
0.516029 2.36517
0.624168 2.22346
0.612243 2.46232
0.512447 2.58943
0.568577 2.76018
0.446663 2.75539
0.713857 2.58289
0.680393 2.83317
0.786283 2.6755
0.88604 2.63177
0.804924 2.83516
0.95269 2.68667
0.871605 2.87573
1.0807 2.65404
1.40183 1.84889
1.40772 1.68968
1.43229 1.47885
1.49284 1.22896
1.43072 1.20583
1.5088 0.984317
1.44441 1.00437
1.5354 0.970689
1.51959 1.1363
1.9703 -0.56535
2.00614 -0.791704
2.08438 -0.996875
2.00636 -0.910198
2.05559 -1.05888
1.98394 -0.798854
1.96055 -0.78628
1.92704 -0.733793
1.86862 -0.79028
1.81532 -0.466362
1.77031 -0.716241
1.69668 -0.400089
1.75631 -0.170851
1.8406 -0.283205
1.89959 -0.514097
1.9107 -0.420427
1.92632 -0.342931
1.96507 -0.66258
1.33519 1.89679
1.3267 2.02775
1.23229 2.07958
1.26444 2.23065
1.17171 2.2984
1.08418 2.4758
0.991491 2.42878
1.1155 2.52347
1.16684 2.41842
0.300644 2.27466
0.14015 3.38755
-0.0100927 3.50038
0.183345 3.45963
0.233313 3.51112
0.334464 3.40358
0.318006 3.30858
0.406311 3.45442
-0.768209 0.719944
-1.83059 1.34638
-0.9891 2.04009
-2.00868 1.38351
-2.09335 1.50303
-2.18322 1.24874
-2.30149 1.45827
-2.515 1.24578
-2.63442 0.959071
-2.70107 1.17787
-2.09447 1.74414
0.820529 0.875268
0.930196 0.766148
0.953479 1.00218
0.736201 1.2251
0.592403 1.25212
0.717449 1.52687
0.852118 1.41719
0.995539 1.34516
1.0099 1.53925
1.37089 0.24822
1.63678 -1.34427
1.51573 -1.38468
1.60603 -1.64039
1.47985 -1.728
1.43611 -2.06539
1.33397 -1.83109
1.26914 -2.16712
1.4139 -2.3278
1.32073 -2.52824
1.20708 -2.40195
1.11903 -2.27175
1.22971 -1.90153
1.21918 -1.65371
1.35749 -1.42787
1.22395 -1.32771
1.10427 -2.58047
1.26182 -2.79757
1.059 -2.97325
0.822027 -3.04707
0.87251 -3.21847
0.646555 -3.18474
0.645164 -3.35634
0.581034 -3.51997
0.391603 -3.4272
0.282915 -3.5507
0.391212 -3.63739
0.608346 -3.62364
0.488295 -3.71951
0.742856 -3.66006
0.888576 -3.63117
0.91592 -3.67969
0.717728 -3.72787
0.820315 -3.76391
0.788572 -3.80821
1.04218 -3.78046
0.864941 -3.82886
1.09043 -3.79254
0.908402 -3.83167
1.03017 -3.80412
0.767765 -3.84905
0.815488 -3.82149
1.02717 -3.76759
0.842457 -3.78702
0.967132 -3.72759
0.72023 -3.77282
0.854533 -3.6707
0.854488 -3.56987
0.692366 -3.63283
0.711904 -3.5168
0.494082 -3.63355
0.476161 -3.52203
0.433341 -3.39535
0.540607 -3.24212
0.358668 -3.25366
0.222005 -3.10732
0.207239 -3.26894
0.0710649 -3.19353
-0.344758 -3.31964
-0.255982 -3.27139
-0.186067 -3.2253
-0.173692 -3.31608
-0.250516 -3.33012
-0.243937 -3.39392
-0.436247 -3.45779
-0.196588 -3.47622
-0.0870934 -3.38975
0.0146923 -3.50919
-0.252792 -3.57252
-0.0899 -3.63292
0.109412 -3.60066
0.264327 -3.52028
0.279074 -3.62246
0.0579376 -3.68911
0.256067 -3.72533
0.54088 -3.736
0.304296 -3.78291
0.436918 -3.82671
0.130694 -3.83264
0.240678 -3.85689
0.415041 -3.85176
0.635567 -3.82141
0.525386 -3.8672
0.184705 -3.88819
0.252409 -3.89993
0.527192 -3.86327
0.738997 -3.85515
0.579303 -3.85122
0.259355 -3.89248
0.341673 -3.85733
0.499605 -3.82398
0.624145 -3.7918
0.414027 -3.78892
0.216165 -3.7781
0.203855 -3.7082
-0.0482922 -3.76091
0.012991 -3.8317
0.261723 -3.83131
0.103296 -3.85994
-0.170911 -3.87188
-0.0525408 -3.91145
0.0326939 -3.90723
-0.0551653 -3.91661
-0.240093 -3.92511
-0.283721 -3.92793
-0.218209 -3.91759
-0.133509 -3.89435
-0.398437 -3.90797
-0.314448 -3.86048
-0.00869846 -3.86745
-0.201915 -3.83933
-0.527508 -3.83173
-0.432427 -3.81245
-0.239076 -3.78811
-0.465976 -3.7692
-0.280332 -3.74573
-0.0394173 -3.75847
-0.188079 -3.70784
-0.305993 -3.65802
-0.494076 -3.7087
-0.527029 -3.61461
-0.664957 -3.52018
-1.93158 -3.21342
-2.16535 -3.19253
-1.93847 -3.32478
-1.69287 -3.34391
-1.7085 -3.43601
-1.45167 -3.45746
-1.49174 -3.53418
-1.31577 -3.53967
-0.788085 -3.64869
-1.02306 -3.64619
-1.17031 -3.58766
-1.26323 -3.60927
-1.09866 -3.70028
-1.46614 -3.62147
-1.72557 -3.5123
-1.76724 -3.55634
-1.93577 -3.46785
-1.94925 -3.40977
-2.18547 -3.36916
-2.18223 -3.28745
-2.44556 -3.21675
-2.39563 -3.13764
-2.57471 -3.07881
-2.67385 -2.99559
-2.78023 -2.89604
-2.79085 -2.77837
-2.94608 -2.70832
-3.25031 -2.37019
-3.10876 -2.54088
-3.15129 -2.59265
-3.03574 -2.71493
-3.03107 -2.82053
-2.90337 -2.87302
-2.85738 -2.99371
-2.84209 -3.07645
-2.75021 -3.11411
-2.71141 -3.05856
-2.59429 -3.19423
-2.6791 -3.18454
-2.52214 -3.27431
-2.63872 -3.23055
-2.82412 -3.12178
-2.98688 -2.9573
-2.97145 -2.98063
-2.84768 -3.06958
-2.70401 -3.19351
-2.70753 -3.16556
-2.55055 -3.27769
-2.49723 -3.30242
-2.34637 -3.42645
-2.28194 -3.41924
-2.12919 -3.53556
-2.1421 -3.53511
-2.25313 -3.45249
-2.02616 -3.54821
-1.87537 -3.63247
-1.8122 -3.62816
-1.6275 -3.69824
-1.61769 -3.66987
-1.48121 -3.73892
-1.42098 -3.76575
-1.37685 -3.7683
-1.36798 -3.75514
-1.25364 -3.80563
-1.14581 -3.79809
-0.972729 -3.86127
-1.24645 -3.81832
-0.959262 -3.87716
-0.701791 -3.90523
-0.630385 -3.86826
-0.484144 -3.92147
-0.730673 -3.90295
-0.507915 -3.92582
-0.300887 -3.90671
-0.488914 -3.87039
-0.752214 -3.89255
-0.767618 -3.85228
-1.03442 -3.81455
-0.929987 -3.87422
-1.14837 -3.84979
-1.29087 -3.79567
-1.41912 -3.78726
-1.56099 -3.76044
-1.71088 -3.69368
-1.93981 -3.59436
-2.07931 -3.50603
-1.85424 -3.56254
-2.13475 -3.41109
-2.41249 -3.29281
-2.32475 -3.26291
-2.5584 -3.15932
-2.60085 -3.20067
-2.76248 -3.04907
-2.88579 -2.99089
-2.90561 -2.91138
-2.87906 -2.83343
-2.98575 -2.78906
-2.9881 -2.85119
-3.09195 -2.68754
-3.06177 -2.79586
-2.96379 -2.88825
-2.97032 -2.94039
-3.05495 -2.87058
-3.08289 -2.85031
-3.15522 -2.73385
-3.19537 -2.68934
-3.09855 -2.81412
-3.15554 -2.70166
-3.19365 -2.59822
-3.24867 -2.55638
-3.3011 -2.41585
-3.25203 -2.4593
-3.34956 -2.2807
-3.42269 -2.20073
-3.51304 -1.99461
-3.65565 -1.67698
-3.58316 -1.87856
-3.59118 -1.84326
-3.64824 -1.66636
-3.59846 -1.80519
-3.62967 -1.69165
-3.58223 -1.83706
-3.53698 -1.98283
-3.49883 -2.03285
-3.51614 -1.84351
-3.4209 -1.967
-3.40645 -2.15789
-3.3979 -2.22187
-3.32388 -2.33922
-3.31576 -2.17911
-3.20855 -2.44022
-3.209 -2.57312
-3.03364 -2.61186
-3.15609 -2.40238
-3.04171 -2.46025
-2.93062 -2.63867
-2.92739 -2.50528
-2.78173 -2.74983
-2.68598 -2.98664
-2.56776 -2.93954
-2.60634 -2.74365
-2.41455 -2.90721
-2.4356 -2.75314
-2.22052 -2.87336
-2.31042 -2.65407
-2.57051 -2.53626
-2.42725 -2.38166
-2.18265 -2.51669
-2.14935 -2.67033
-1.93817 -2.70478
-1.96448 -2.3534
-2.2465 -2.24389
-2.11289 -1.9628
-1.85249 -2.06048
-1.6898 -2.26566
-1.67218 -2.03406
-1.51086 -2.09658
-1.52536 -1.82727
-1.32319 -1.87442
-1.3566 -1.57821
-1.19349 -1.55651
-1.11463 -1.76082
-1.15583 -2.10238
-0.924472 -1.81653
-0.969263 -1.43775
-1.19576 -1.11847
-0.936362 -2.073
-0.951878 -2.29782
-0.77385 -2.43564
-0.948372 -2.6016
-1.17391 -2.46041
-1.1564 -2.73052
-1.36862 -2.59406
-1.38834 -2.79459
-1.64072 -2.5729
-1.61884 -2.83685
-1.76688 -2.90982
-1.96853 -2.90206
-1.71334 -3.08043
-1.54981 -3.02202
-1.4532 -3.16662
-1.34082 -3.13331
-1.17919 -3.31637
-1.47822 -3.27039
-1.28121 -3.41423
-1.04324 -3.5109
-1.24393 -3.54887
-1.51648 -3.39645
-1.45217 -3.52157
-1.6726 -3.44178
-1.5382 -3.58421
-1.34241 -3.59265
-1.18539 -3.68574
-0.980793 -3.64825
-0.891158 -3.76096
-0.749169 -3.70965
-0.649915 -3.79398
-0.534076 -3.74123
-0.634729 -3.63605
-0.833623 -3.60118
-0.81718 -3.48596
-0.512781 -3.54518
-0.400809 -3.66667
-0.236896 -3.58188
-0.381207 -3.42766
-0.652384 -3.39043
-0.559429 -3.2304
-0.112761 -3.45568
0.0115643 -3.33894
0.135388 -3.45448
0.0199652 -3.57632
0.179893 -3.63552
0.0103455 -3.67559
-0.099061 -3.63414
-0.182286 -3.69364
-0.317025 -3.75715
-0.25381 -3.82443
-0.456255 -3.7948
0.238001 -3.30624
0.463038 -3.28757
-0.77933 -3.25118
-0.91656 -3.30462
-1.1459 -3.15761
-0.955282 -3.16909
-1.11072 -2.98434
-1.36687 -2.99231
-0.826129 -3.09722
-0.902482 -2.86993
-0.649793 -2.98826
-0.714058 -2.7135
-1.31327 -3.72018
-1.54469 -3.68259
-1.69818 -3.58247
-1.8555 -3.49658
-1.81688 -3.44987
-2.05819 -3.3603
-1.93627 -3.32877
-2.21348 -3.20546
-2.46898 -3.1095
-2.36432 -3.05674
-2.21906 -3.11775
-2.02709 -3.18641
-2.21917 -3.0351
-1.99239 -3.05331
-2.12665 -2.76813
-1.75415 -3.22132
-1.78315 -3.32043
-1.42557 -2.33372
-1.36276 -2.11998
-1.51315 -1.47234
-1.71661 -1.79152
-1.90049 -1.802
-2.00207 -1.66063
-2.17523 -1.59925
-2.39152 -1.77087
-2.30584 -2.03652
-2.43899 -2.09764
-2.59501 -2.17063
-2.59286 -2.35422
-2.72781 -2.26399
-2.78358 -2.48744
-2.87235 -2.23565
-2.95476 -2.29829
-3.04358 -2.33199
-3.09307 -2.11083
-3.16121 -2.21838
-3.23561 -1.90653
-3.2781 -2.03815
-3.25553 -2.21441
-3.34857 -1.94073
-3.43358 -1.84482
-3.49893 -1.74449
-3.43581 -1.69027
-3.54452 -1.46146
-3.60643 -1.61885
-3.62628 -1.42886
-3.65714 -1.36517
-3.67072 -1.51329
-3.72548 -1.26128
-3.71685 -1.45768
-3.77873 -1.22746
-3.76239 -1.36061
-3.7806 -1.08949
-3.74581 -1.05593
-3.71631 -0.886986
-3.68405 -1.10615
-3.67248 -0.871758
-3.65264 -1.0593
-3.62022 -1.01796
-3.60706 -0.757642
-3.70239 -0.547445
-3.71907 -0.734324
-3.61324 -0.41775
-3.54845 -0.606115
-3.52306 -0.853542
-3.48687 -0.650568
-3.44578 -0.959952
-3.42121 -0.683372
-3.3446 -0.878514
-3.35678 -1.22458
-3.42636 -1.2491
-3.36516 -1.47702
-3.26509 -1.54497
-3.31528 -1.70176
-3.12488 -1.79692
-3.15463 -1.4567
-3.06499 -1.61837
-2.99843 -1.81875
-2.99426 -2.05706
-2.87949 -2.027
-2.88505 -1.76081
-2.75016 -1.96903
-2.75921 -1.66508
-2.59885 -1.88789
-2.6057 -1.60666
-2.4864 -1.39148
-2.32033 -1.46197
-2.2086 -1.37787
-2.12163 -1.4206
-2.50978 -1.0689
-2.72467 -1.28264
-2.64099 -0.868861
-2.83938 -0.954316
-2.90569 -1.19982
-2.92028 -1.45185
-2.98765 -1.23668
-3.0591 -1.37883
-2.98523 -1.61072
-3.0511 -1.07308
-3.1552 -1.15686
-3.26122 -1.20939
-3.23647 -0.945013
-3.23755 -0.609664
-3.33807 -0.456052
-3.13322 -0.826008
-2.97169 -0.742512
-2.96054 -1.049
-2.75038 -0.54462
-2.56181 -0.573759
-2.40274 -0.746093
-2.40239 -0.334366
-2.57145 -0.346956
-2.41557 -0.982211
-3.31043 -1.86236
-3.36311 -1.68713
-3.45381 -1.43366
-3.50592 -1.14177
-3.5238 -1.30996
-3.5666 -1.1939
-3.61893 -1.23614
-3.56572 -0.992309
-3.43693 -0.424028
-3.45386 -0.159883
-3.53045 -0.331736
-3.60112 -0.103115
-3.70929 -1.49234
-1.31505 -0.915904
-3.31324 -2.39327
-3.26895 -2.56484
-3.34278 -2.40715
-3.29159 -2.52718
-3.34887 -2.37583
-3.40084 -2.28773
-3.44103 -2.22117
-3.51271 -2.04398
-3.45536 -2.15431
-3.45579 -2.1321
-3.38816 -2.26299
-0.849709 -3.82627
-0.735621 -3.78138
-1.08279 -3.76486
-1.31422 -3.69967
-1.34825 -3.72801
-1.56339 -3.64995
-1.84174 -3.56776
-2.03614 -3.4748
-2.15064 -3.46744
-2.29536 -3.36902
-2.41497 -3.29198
-2.43895 -3.32904
-2.53915 -3.28064
-2.5255 -3.29305
-2.66049 -3.22294
-2.583 -3.26864
-2.44416 -3.34917
-2.36756 -3.37836
-1.89437 -3.57914
-0.795033 -3.721
-0.62114 -3.7538
-0.0378666 -3.8112
0.12913 -3.79639
0.237998 -3.39143
0.0764122 -3.34554
-0.0570154 -3.26522
-0.124813 -3.11492
-1.91115 -0.817179
1.80852 -3.40027
1.84101 -3.3737
1.91932 -3.32167
1.9809 -3.24722
1.89742 -3.29678
1.82932 -3.36981
1.8196 -3.30924
1.91231 -3.2026
1.86566 -3.18575
1.94685 -3.06574
1.87092 -3.1211
1.89118 -2.97783
1.96641 -2.9132
2.03679 -2.93894
2.02797 -3.05581
2.06933 -3.0007
1.97887 -3.13841
1.8 -3.25014
1.72428 -3.44974
-2.24109 3.0252
