0.986445 3.23056
1.7342 5.44583
2.16749 6.3724
2.25441 6.53963
2.33941 6.70005
2.42721 6.85272
2.51545 6.99223
2.62909 7.09806
2.80817 7.25895
3.01125 7.39454
3.40205 7.65212
3.63866 7.70106
4.13186 7.73071
4.90259 7.77676
5.15917 7.74836
5.41544 7.7127
5.66562 7.64361
5.88615 7.52537
6.39036 7.21
6.67805 7.00334
6.84723 6.80149
7.03835 6.56798
7.47885 5.91164
7.59108 5.73473
7.89198 5.11884
7.98733 4.89846
8.16182 4.41186
8.45289 3.49736
8.52796 3.15903
8.61474 2.61593
8.62946 2.4312
8.64533 1.97893
8.65002 1.79231
8.65115 1.56925
8.64107 1.4456
8.61943 1.25417
8.51738 0.877091
8.44612 0.682454
8.32718 0.440849
8.19506 0.230646
7.95559 -0.102206
7.55982 -0.534851
7.31839 -0.78599
7.1514 -0.916413
7.06964 -0.977633
6.77997 -1.16998
6.61158 -1.27801
6.48726 -1.30733
4.69315 -1.50297
4.51872 -1.51906
4.3904 -1.5089
4.291 -1.49582
3.69804 -1.27543
3.66604 -1.263
3.42703 -1.16117
3.17263 -1.03999
2.88912 -0.894352
2.79638 -0.843806
2.39745 -0.57394
2.29625 -0.463913
1.99509 -0.135013
1.88098 0.0141488
1.63925 0.33345
1.48289 0.550334
1.03982 1.32293
1.01369 1.43017
1.00141 1.49423
0.982511 2.4838
0.979331 2.73444
