1.78315 -3.73742
1.78288 -3.82035
1.77372 -3.91458
1.77657 -3.98721
1.79506 -4.0496
1.72753 -4.11909
-6.06841 -5.70693
-5.91212 -5.80338
-6.04333 -5.786
-5.88118 -5.86521
-5.99577 -5.84804
-5.76343 -5.93081
-5.67521 -5.91309
-5.49403 -6.01165
-5.48694 -5.97978
-5.46706 -5.9399
-5.32708 -6.01016
-5.27341 -5.94961
-5.07221 -6.02613
-5.08521 -5.91006
-4.92785 -5.97922
-4.86185 -6.03876
-4.73594 -5.97742
-4.88805 -5.89798
-4.67657 -5.80655
-4.54046 -5.94365
-4.36722 -5.85987
-4.38075 -5.70904
-4.04385 -5.73463
-4.13934 -5.88989
-3.83384 -5.85503
-3.58169 -5.68005
-3.76816 -5.50782
-3.29968 -5.60345
0.0555248 -4.76528
-0.0956173 -5.0115
0.228908 -4.96922
0.356452 -4.76197
0.253577 -4.61469
0.490807 -4.54302
0.615684 -4.71797
0.694718 -4.54194
1.64831 -4.22016
1.57429 -4.33378
1.3487 -4.30988
1.25127 -4.4179
1.03441 -4.32899
0.822495 -4.41795
0.855766 -4.59367
1.08024 -4.55618
0.926975 -4.79583
0.771956 -4.77622
0.636864 -4.87362
0.466281 -4.87938
0.467802 -4.99807
0.291823 -5.111
0.0378399 -5.17888
0.241527 -5.21002
0.47761 -5.12006
0.350933 -5.2715
0.541864 -5.20304
0.758341 -5.07352
0.68117 -4.9559
1.13175 -4.93021
1.28866 -4.63449
1.50354 -4.77704
1.5968 -4.49859
1.66544 -4.52428
1.71496 -4.37345
1.71789 -4.34388
1.75234 -4.29034
1.7671 -4.21756
1.77434 -4.19306
1.70114 -4.25423
1.66494 -4.34772
1.72996 -4.35538
1.76692 -4.17524
1.77337 -4.06132
1.75087 -4.03625
1.77359 -3.85821
1.72976 -3.87367
1.70022 -4.16023
1.7352 -4.23071
1.66457 -4.39991
1.65402 -4.55116
1.57465 -4.63062
1.49522 -4.77595
1.39636 -4.95384
1.2675 -5.07276
1.0881 -5.27078
0.943156 -5.18128
0.759655 -5.37275
0.545516 -5.30418
0.517333 -5.41852
0.208494 -5.48286
0.215504 -5.38408
0.0722046 -5.32141
-0.0972786 -5.48124
-0.288125 -5.34764
-0.180408 -5.17542
-0.383092 -5.13944
-2.10337 -5.52347
-3.24417 -5.71956
-3.0449 -5.82884
-3.35184 -5.84455
-3.52263 -5.80327
-3.60192 -5.90536
-3.83013 -5.9566
-4.04818 -5.96493
-3.92791 -6.0202
-3.68268 -5.99564
-3.86691 -6.07205
-4.12795 -6.05688
-4.1354 -6.08921
-4.35947 -6.09546
-4.3204 -5.98931
-4.53805 -6.02555
-4.67695 -6.08992
-4.54138 -6.11867
-4.76721 -6.1093
-4.89812 -6.08007
-4.9828 -6.1029
-5.03459 -6.07482
-5.19751 -6.06251
-5.28858 -6.07258
-5.53451 -6.0162
-5.66777 -5.96961
-5.69192 -5.96644
-5.52857 -6.00684
-5.72412 -5.96105
-5.63424 -5.97318
-5.51639 -5.97894
-5.279 -6.03588
-5.2664 -5.98462
-5.06372 -6.03064
-4.96604 -6.06759
-4.76299 -6.03758
-4.62839 -6.08314
-4.71569 -6.09683
-4.36839 -6.0985
-4.41406 -6.08182
-4.13187 -6.07298
-4.09485 -6.10848
-3.78621 -6.09528
-3.58092 -6.06311
-3.44286 -6.08359
-3.52384 -6.10302
-3.59293 -6.10441
-3.21557 -6.06843
-3.13242 -6.04304
-2.71954 -6.01816
-2.42678 -5.96393
-2.36716 -5.94514
-2.4821 -5.90919
-2.14047 -5.89682
-2.26103 -5.82882
-1.99848 -5.80018
-1.8582 -5.85172
-1.75147 -5.76799
-1.87389 -5.66425
-1.58336 -5.66446
-1.6861 -5.50094
-1.35508 -5.51431
-1.03604 -5.34117
-1.13216 -5.55622
-0.892055 -5.54469
-0.651263 -5.34191
-0.633477 -5.51367
-0.446625 -5.5621
-0.713793 -5.6381
-0.794766 -5.60872
-0.94432 -5.68827
-1.09412 -5.66202
-1.20856 -5.74563
-1.32312 -5.67776
-1.39086 -5.76767
-1.53623 -5.76934
-1.5252 -5.80996
-1.67053 -5.82824
-1.69631 -5.85006
-1.91434 -5.88016
-1.72238 -5.86852
-1.48984 -5.82797
-1.58974 -5.88266
-1.91313 -5.91114
-1.85145 -5.92743
-2.23849 -5.98172
-2.16112 -5.93125
-2.12025 -5.98226
-2.49989 -6.01397
-2.85925 -6.059
-2.55537 -6.03637
-2.98183 -6.04777
-3.16935 -6.0771
-3.29903 -6.07053
-3.25833 -6.0572
-3.32877 -6.03806
-3.71239 -6.02233
-3.35784 -6.01109
-3.62828 -5.98283
-4.17175 -5.99891
-4.45397 -6.02208
-4.48689 -6.0577
-4.66804 -5.98254
-5.00411 -5.99025
-4.97855 -5.95377
-4.76452 -5.94899
-4.47569 -5.96679
-4.48936 -5.91687
-4.24449 -5.94859
-3.97674 -5.95647
-4.02819 -5.91032
-3.78455 -5.94042
-3.71192 -5.9078
-3.55225 -5.92456
-3.28089 -5.93708
-3.10279 -5.98174
-2.95384 -5.93617
-2.78342 -5.95004
-2.63994 -5.90002
-2.47457 -5.92709
-2.68277 -5.98895
-2.32261 -5.94556
-2.40582 -5.97673
-1.93047 -5.92539
-2.03845 -5.94877
-1.6215 -5.90781
-1.99196 -5.97639
-2.2604 -5.96985
-2.23057 -6.01401
-2.63568 -6.01272
-1.84274 -5.96117
-1.63486 -5.91305
-1.48572 -5.91134
-1.23478 -5.86442
-1.1338 -5.83497
-0.913744 -5.8063
-0.803955 -5.78146
-0.679354 -5.76982
-0.590573 -5.75513
-0.756589 -5.7514
-0.36809 -5.69674
-0.419861 -5.73712
-0.0916471 -5.67831
-0.0887947 -5.67644
-0.294441 -5.69521
-0.0741386 -5.65257
0.115777 -5.61514
0.0410957 -5.62694
-0.172919 -5.65592
-0.13002 -5.6155
-0.397381 -5.68587
-0.482221 -5.67828
-0.645789 -5.71983
-0.62419 -5.74356
-0.93247 -5.77625
-0.754639 -5.71714
-0.973436 -5.76183
-0.847258 -5.71183
-1.08062 -5.76132
-1.23817 -5.80991
-1.2778 -5.78982
-1.3764 -5.79183
-0.600957 -5.66284
-0.317739 -5.59859
-0.0917416 -5.54637
0.189261 -5.56673
0.501133 -5.4924
0.27908 -5.55683
0.454545 -5.52478
0.646476 -5.47926
0.518729 -5.51453
0.702106 -5.44004
0.592384 -5.47351
0.405147 -5.52587
0.314736 -5.58036
0.17886 -5.58874
0.119754 -5.63315
-0.0740652 -5.63714
0.167789 -5.62677
-0.0312252 -5.60368
-0.36338 -5.67361
-0.22154 -5.63541
-0.532382 -5.67202
-0.701421 -5.72424
-1.02149 -5.79308
-1.1839 -5.81847
-1.4257 -5.86528
-1.23216 -5.81072
-1.61701 -5.84831
-2.08822 -5.90579
-1.88636 -5.84936
-1.54175 -5.7875
-1.22293 -5.7703
-1.2046 -5.72479
-0.864555 -5.69707
-0.850184 -5.63539
-0.537452 -5.62467
-0.534868 -5.56927
-0.291654 -5.54701
-0.387479 -5.48824
-0.114347 -5.46431
-0.224813 -5.40986
0.0383081 -5.36074
-0.0704947 -5.30975
0.190347 -5.22247
-0.0172377 -5.19515
-0.331503 -5.32081
-0.260977 -5.16068
-0.539073 -5.25918
-0.731017 -5.3797
-0.520957 -5.44741
-0.837855 -5.48851
-0.672229 -5.5453
-0.988395 -5.57919
-1.24394 -5.66471
-1.28824 -5.60638
-1.62238 -5.67797
-1.5407 -5.744
-1.86389 -5.76824
-1.773 -5.79615
-2.00923 -5.82348
-2.26873 -5.87624
-2.22722 -5.80877
-2.50934 -5.86616
-2.78916 -5.88497
-2.59326 -5.82972
-2.93696 -5.865
-3.0641 -5.90229
-3.32829 -5.87968
-3.07124 -5.82091
-2.75152 -5.78747
-2.97043 -5.74776
-3.35931 -5.78744
-3.1924 -5.69593
-3.57699 -5.7147
-3.74341 -5.78677
-3.6171 -5.84788
-3.94412 -5.85352
-4.06315 -5.76172
-4.21914 -5.81747
-4.2368 -5.85986
-4.29056 -5.9126
-4.44446 -5.88168
-4.68316 -5.88158
-4.50389 -5.80911
-4.8698 -5.81018
-4.99913 -5.89818
-4.98596 -5.9528
-5.16066 -5.91597
-5.22163 -5.9452
-5.41152 -5.92612
-5.46136 -5.95093
-5.64283 -5.9019
-5.65184 -5.92961
-5.74524 -5.92865
-5.84852 -5.85515
-5.91129 -5.86265
-5.87105 -5.90055
-6.00872 -5.82336
-5.9551 -5.85706
-6.07743 -5.7839
-6.05187 -5.82478
-6.2094 -5.71669
-6.12878 -5.75072
-6.26137 -5.66605
-6.13308 -5.74671
-6.20629 -5.66255
-6.34133 -5.57896
-6.42338 -5.47875
-6.58302 -5.04991
-6.53503 -5.22285
-6.56925 -5.14029
-6.55966 -5.27191
-6.51206 -5.40031
-6.52164 -5.42254
-6.42269 -5.55121
-6.44136 -5.5431
-6.34011 -5.62222
-6.33091 -5.63099
-6.38058 -5.60635
-6.26799 -5.69037
-6.14893 -5.7614
-6.21932 -5.72368
-6.04327 -5.79474
-6.06728 -5.75358
-5.83371 -5.82806
-5.59302 -5.85356
-5.76754 -5.76531
-5.98693 -5.73673
-5.93907 -5.68011
-6.05628 -5.66771
-6.17245 -5.63314
-6.27522 -5.65819
-6.2984 -5.5839
-6.38439 -5.54172
-6.47201 -5.45033
-6.483 -5.48485
-6.52827 -5.35332
-6.52184 -5.4041
-6.58585 -5.2885
-6.59137 -5.28791
-6.62202 -5.15698
-6.61172 -5.10631
-6.65494 -4.97151
-6.65718 -4.84655
-6.60807 -5.01794
-6.61244 -4.91711
-6.64141 -4.8065
-6.66163 -4.72525
-6.62475 -4.86023
-6.67661 -4.63619
-6.69813 -4.53121
-6.74853 -4.37567
-6.72322 -4.50705
-6.67419 -4.64427
-6.70443 -4.65496
-6.70309 -4.751
-6.72775 -4.52457
-6.729 -4.5615
-6.7437 -4.34216
-6.74475 -4.30338
-6.7285 -4.4729
-6.70988 -4.71027
-6.68683 -4.61724
-6.69459 -4.31703
-6.62216 -4.52478
-6.59853 -4.32142
-6.53491 -4.56208
-6.58582 -4.74604
-6.52022 -4.75435
-6.45819 -4.73013
-6.51984 -4.93784
-6.42443 -4.91023
-6.37968 -4.7984
-6.36475 -4.59122
-6.31027 -4.7755
-6.34294 -4.94135
-6.22592 -4.89047
-6.28599 -5.13757
-6.1605 -5.06509
-6.13358 -5.24257
-6.05154 -5.10991
-5.92366 -5.27827
-6.06837 -5.44621
-5.88976 -5.47316
-5.76169 -5.42643
-5.69738 -5.57016
-5.91725 -5.58355
-5.76021 -5.68222
-5.52739 -5.70426
-5.65631 -5.74488
-5.53729 -5.7921
-5.32498 -5.77801
-5.31748 -5.86605
-5.13004 -5.8251
-5.11517 -5.75577
-5.29598 -5.70703
-5.12991 -5.67804
-5.35941 -5.58131
-4.93786 -5.59532
-5.20447 -5.43756
-5.44819 -5.4187
-5.59261 -5.46823
-5.6571 -5.30362
-5.40305 -5.27066
-5.61037 -5.09023
-5.79776 -5.12648
-5.94156 -5.03857
-5.81793 -4.91327
-5.95583 -4.89291
-6.06904 -4.92014
-5.9752 -4.72342
-6.12658 -4.72594
-6.23848 -4.64189
-6.10954 -4.48141
-6.27272 -4.38922
-6.40223 -4.27208
-6.45282 -4.49525
-6.51305 -4.30169
-6.47229 -4.03615
-6.56449 -4.08514
-6.63854 -4.08331
-6.60061 -3.90298
-6.53354 -3.8297
-6.6106 -3.66192
-6.53129 -3.49928
-6.44638 -3.75863
-6.36842 -3.94448
-6.36276 -3.70248
-6.4193 -3.49403
-6.31143 -3.50643
-6.24596 -3.76485
-6.24747 -3.52534
-6.1686 -3.51208
-6.08222 -3.75994
-6.04312 -3.43587
-5.92658 -3.64405
-5.91594 -3.35227
-5.77774 -3.49477
-5.74373 -3.84876
-5.6123 -3.63141
-5.59897 -3.33737
-5.36126 -3.56637
-5.49043 -3.86648
-5.21022 -3.87396
-5.31262 -4.12883
-4.98981 -4.10169
-5.06247 -4.37268
-4.72549 -4.31897
-4.59846 -3.99662
-4.34138 -4.30192
-4.22262 -4.01586
-3.98561 -4.15401
-3.98072 -4.4421
-4.32573 -4.62794
-3.91486 -4.72278
-3.65185 -4.53641
-3.5466 -4.7996
-3.82756 -4.94538
-3.55606 -4.9848
-3.7556 -5.11601
-3.99778 -5.03011
-4.22478 -5.09374
-3.90156 -5.31835
-3.46833 -5.25366
-3.48105 -5.39941
-3.69928 -5.49881
-3.38415 -5.49456
-3.40293 -5.60076
-3.83117 -5.61876
-3.8939 -5.72397
-4.23914 -5.64972
-4.35532 -5.75302
-4.57334 -5.66635
-4.53331 -5.75163
-4.69878 -5.74501
-4.78636 -5.68996
-4.92326 -5.71387
-4.57695 -5.51637
-4.46473 -5.61346
-4.1287 -5.48639
-4.47525 -5.28231
-4.8198 -5.33061
-4.93472 -5.43693
-5.11607 -5.27923
-5.34047 -5.06805
-4.95642 -5.10391
-5.29443 -4.7915
-5.59754 -4.85241
-5.79742 -4.69999
-5.89765 -4.47488
-6.02138 -4.19147
-6.16748 -4.234
-6.14219 -4.0074
-6.27847 -4.10564
-6.05062 -3.97813
-5.94425 -3.94315
-5.76415 -4.21945
-5.56691 -4.09881
-5.40949 -4.40543
-5.64381 -4.57073
-5.06543 -4.63909
-4.74657 -4.58894
-4.8407 -4.75174
-4.56328 -4.85506
-4.9117 -4.87516
-4.64162 -5.0557
-4.15034 -4.89686
-4.54172 -4.47392
-3.0963 -5.50458
-3.20658 -5.43033
-2.87961 -5.3734
-2.70417 -5.48428
-2.54576 -5.35711
-2.39072 -5.40495
-2.2373 -5.26152
-2.12067 -5.38942
-2.39563 -5.50653
-2.09697 -5.49648
-2.30052 -5.56059
-2.21606 -5.61948
-2.50215 -5.61051
-2.59967 -5.70018
-2.32611 -5.73201
-1.88067 -5.64536
-1.79594 -5.52387
-1.66608 -5.57493
-1.53194 -5.59678
-1.98795 -5.72702
-1.4441 -5.5073
-1.28417 -5.54335
-1.09002 -5.53318
-1.08727 -5.46038
-1.24841 -5.40365
-1.49238 -5.40828
-1.76256 -5.37514
-1.48372 -5.3198
-1.21587 -5.30607
-1.46625 -5.17603
-0.982561 -5.15025
-0.834118 -5.27037
-1.01595 -5.36722
-0.569636 -5.11767
-0.743456 -4.97255
-1.09939 -4.98304
-0.850686 -4.78384
-0.532212 -4.79023
-0.459378 -4.94418
-0.26866 -4.81061
-0.298914 -4.61621
-0.60657 -4.52712
-0.26289 -4.27618
-0.0197935 -4.50461
-0.14477 -4.68877
-0.0145512 -4.75509
0.18502 -4.57677
0.234036 -4.36635
0.113716 -4.12586
0.437038 -4.10642
0.435383 -4.44263
0.654197 -4.18513
0.651814 -3.96982
0.785018 -3.98603
0.771436 -3.7694
0.582095 -3.78287
0.733874 -3.46149
0.494983 -3.58226
0.343987 -3.82452
0.274847 -3.53558
0.129966 -3.81201
-0.0975599 -3.92229
-0.370028 -3.96327
-0.581581 -4.20749
-0.641531 -3.9295
-0.428944 -3.73942
-0.203753 -3.68545
-0.344364 -3.45455
0.00762749 -3.39843
0.0226555 -3.66611
0.354206 -3.16606
0.51595 -3.36533
0.662955 -3.15013
0.58561 -2.90096
0.786402 -2.94686
0.760188 -2.74633
0.950675 -2.84901
0.90451 -3.14371
1.07544 -3.03592
1.15245 -2.85977
1.23017 -3.10148
1.08587 -3.26746
1.23089 -3.41158
1.05471 -3.58306
1.18027 -3.7169
1.05701 -3.90288
1.16947 -3.95123
1.07761 -4.16271
1.25786 -4.12114
1.27675 -3.83859
1.35636 -3.9299
1.39268 -3.68169
1.28268 -3.61649
1.34754 -3.44979
1.47585 -3.38041
1.53274 -3.66538
1.58285 -3.42127
1.59945 -3.16091
1.48627 -3.11203
1.53716 -2.92556
1.42683 -2.92611
1.48892 -2.77103
1.36977 -2.66789
1.54411 -2.56178
1.56212 -2.76982
1.65371 -2.82579
1.71026 -2.49977
1.76016 -2.6907
1.7771 -2.58636
1.755 -2.87638
1.83546 -2.55463
1.88361 -2.05286
1.84031 -2.17422
1.89767 -2.32285
1.81233 -2.36008
1.73138 -2.0807
1.75027 -2.34436
1.66764 -2.20027
1.60166 -2.31746
1.55901 -2.08254
1.59921 -1.89218
1.47716 -1.84179
1.47049 -1.61229
1.56456 -1.59734
1.65297 -1.83457
1.64324 -1.71673
1.61504 -1.50477
1.68695 -1.74286
1.6882 -1.87442
1.75856 -1.96188
1.73672 -1.81265
1.68688 -1.69353
1.73014 -1.69289
1.68058 -1.57098
1.74202 -1.54225
1.66933 -1.45575
1.68818 -1.40579
1.67799 -1.30856
1.63502 -1.19482
1.63987 -1.32463
1.56756 -1.16167
1.62663 -1.40631
1.54545 -1.20645
1.49527 -1.23852
1.44452 -0.915121
1.49905 -0.982417
1.46581 -0.771642
1.50177 -0.857989
1.52574 -0.940958
1.58277 -1.03554
1.52813 -0.859164
1.47095 -0.590224
1.47641 -0.666451
1.41708 -0.466898
1.42222 -0.517835
1.48157 -0.735589
1.4126 -0.533254
1.38035 -0.610271
1.33713 -0.384583
1.34916 -0.369973
1.35986 -0.361964
1.28357 -0.214111
1.31223 -0.197138
1.20856 -0.0460631
1.15278 -0.00590306
1.21377 -0.181785
1.29634 -0.418672
1.18349 -0.295427
1.30006 -0.617576
1.37949 -0.938323
1.23917 -0.728697
1.3162 -0.969817
1.39751 -1.12967
1.43726 -1.34972
1.31773 -1.11628
1.34771 -1.36612
1.3447 -1.61907
1.23566 -1.34267
1.23463 -1.14088
1.10896 -1.12355
1.13016 -0.956166
1.20567 -0.930902
1.24823 -0.899979
1.16714 -0.722161
1.13653 -0.521607
1.04707 -0.502466
1.08889 -0.745631
0.937066 -0.528356
0.992718 -0.834466
0.810824 -0.608868
0.925417 -0.989627
1.11927 -1.44538
0.850685 -1.21814
0.998684 -1.537
1.09827 -1.82518
1.28318 -1.87275
1.38752 -1.83891
1.43185 -2.00788
1.36188 -2.14546
1.48823 -2.25047
1.37299 -2.38176
1.21473 -2.16805
1.23348 -2.44066
1.20116 -2.65734
1.30532 -2.89987
1.02149 -2.62736
1.06345 -2.39712
0.809126 -2.34424
0.863744 -2.62383
0.715702 -2.53897
0.556619 -2.64099
0.519487 -2.32329
0.365285 -2.51595
0.297728 -2.80157
0.103615 -2.48169
-0.0335703 -2.80177
0.0498152 -3.08273
-0.264364 -3.08842
-0.131318 -3.25106
-0.565899 -3.28817
-0.619753 -3.52878
-0.834542 -3.48806
-0.791361 -3.73461
-0.567136 -3.67547
-0.949721 -4.00601
-0.806496 -4.16549
-1.06794 -4.31287
-1.25666 -4.10364
-1.42699 -4.36198
-1.30222 -4.58513
-0.96469 -4.56816
-1.19197 -4.79552
-1.59528 -4.83377
-1.38065 -4.9692
-1.57191 -5.02049
-1.86639 -5.07893
-1.88518 -5.26174
-2.3708 -5.04259
-2.57195 -5.25141
-2.88558 -5.18419
-3.1864 -5.32337
-3.20013 -5.2201
-3.27046 -5.0652
-2.7762 -4.92069
-3.14527 -4.78075
-3.37924 -4.92337
-3.35155 -4.57474
-3.11739 -4.53773
-2.93904 -4.57849
-2.95908 -4.35481
-2.67877 -4.45627
-2.80971 -4.70307
-2.53401 -4.71683
-2.25273 -4.47782
-2.48525 -4.10649
-2.1118 -4.14025
-1.80974 -4.36176
-1.91121 -4.66934
-2.24645 -4.78853
-1.98742 -4.89131
-2.47181 -4.87674
-1.6034 -4.57471
-1.55349 -4.1548
-1.80936 -4.07117
-1.60288 -3.98091
-1.40942 -3.97268
-1.14757 -3.76603
-1.48704 -3.80731
-1.39148 -3.5624
-1.09793 -3.3968
-1.3752 -3.25153
-1.09581 -3.09643
-1.36642 -2.84041
-1.72503 -3.13927
-1.64197 -3.44804
-1.89321 -3.40833
-1.85318 -3.63847
-1.62499 -3.66425
-1.73758 -3.84678
-2.00072 -3.86484
-2.26703 -3.87455
-2.15056 -3.57041
-2.51743 -3.64727
-2.74111 -3.90512
-2.78111 -4.17092
-3.03994 -3.9845
-3.21246 -4.33395
-3.37579 -4.10135
-3.45109 -4.36876
-3.68563 -4.22766
-3.60177 -3.87826
-3.30027 -3.76616
-3.45998 -3.55148
-3.71977 -3.58526
-3.93222 -3.85601
-3.79232 -4.03598
-3.98228 -3.56278
-4.2712 -3.72961
-4.22359 -3.31867
-4.67862 -3.57542
-4.92368 -3.85559
-5.05977 -3.65438
-5.03965 -3.32587
-5.37157 -3.17682
-5.14359 -2.86329
-4.83563 -3.04876
-4.72546 -3.28026
-4.50227 -3.041
-4.72587 -2.64411
-4.30902 -2.63585
-4.1628 -2.93628
-3.95038 -2.63655
-3.88078 -2.99903
-3.81379 -3.31339
-3.56079 -3.05765
-3.57573 -3.35014
-3.36702 -3.2652
-3.31097 -2.99112
-3.07579 -3.18275
-3.1762 -2.66694
-3.41219 -2.77838
-3.42773 -2.44561
-3.64124 -2.70561
-3.71197 -2.29024
-4.08044 -2.21857
-3.79933 -1.69238
-4.30726 -1.76003
-4.46977 -2.26394
-4.6933 -1.98567
-4.73996 -2.29957
-5.05243 -2.27431
-5.46937 -2.58281
-5.40674 -2.91107
-5.57356 -2.9919
-5.78915 -3.12103
-5.70436 -2.79374
-5.86175 -2.80496
-6.00609 -3.0511
-5.98184 -2.59574
-6.09654 -2.80077
-6.1653 -3.01322
-6.13144 -3.2644
-6.24662 -3.28403
-6.28846 -2.89268
-6.36583 -3.22147
-6.42193 -2.87787
-6.47516 -3.21968
-6.55247 -3.18582
-6.64116 -3.29166
-6.57611 -2.89452
-6.50923 -2.98558
-6.49664 -2.71049
-6.42394 -2.51262
-6.33812 -2.56553
-6.36444 -2.37497
-6.28646 -2.22286
-6.20992 -2.49149
-6.18224 -2.19775
-6.06024 -2.21076
-6.16563 -1.85427
-6.00662 -1.80805
-5.86526 -1.89863
-5.89054 -1.54624
-5.70672 -1.49698
-5.66067 -1.85266
-5.76683 -2.12834
-5.89591 -2.25808
-5.76636 -2.47465
-5.59668 -2.17586
-5.37694 -2.16452
-5.45488 -1.87435
-5.23437 -1.91917
-5.2648 -1.58847
-4.9581 -1.70024
-4.62848 -1.60711
-4.74352 -1.33377
-4.44271 -1.28421
-4.64322 -0.898103
-5.02563 -1.21681
-4.9695 -0.771243
-4.71242 -0.499543
-4.30558 -0.363887
-4.65336 -0.140749
-4.4115 0.133169
-4.09828 0.147845
-4.19082 0.491423
-3.82387 0.46687
-3.75799 -0.106806
-3.53734 0.339928
-3.53839 0.650728
-3.21339 0.553313
-3.38004 0.0207776
-3.05886 0.0349854
-2.83569 0.416508
-2.76001 0.0164731
-2.90988 -0.371298
-2.63294 -0.327691
-2.74461 -0.72373
-2.46517 -0.668023
-2.36117 -0.256894
-2.21651 -0.581364
-2.05501 -0.253252
-1.93645 -0.696702
-2.22171 -1.02631
-1.83449 -1.14905
-1.57614 -0.845169
-1.67078 -0.334307
-1.37036 -0.591279
-1.32506 -0.246769
-1.06996 -0.591548
-1.20802 -0.979488
-0.928437 -0.963043
-0.738127 -0.788501
-0.722813 -1.20673
-0.95918 -1.26184
-0.754886 -1.56586
-1.05291 -1.569
-0.821278 -1.86851
-1.06145 -1.95291
-0.769421 -2.28203
-0.534914 -1.95277
-0.393881 -2.38195
-0.32667 -2.12927
-0.155597 -2.26125
-0.148523 -2.55215
-0.317335 -2.75158
-0.571557 -2.6425
-0.560404 -2.96349
-0.897748 -2.77243
-0.826869 -3.17667
-1.21351 -2.33629
-1.61406 -2.46535
-1.76583 -2.78801
-1.93562 -2.54311
-2.00906 -2.76502
-1.99734 -2.97656
-2.19984 -2.85176
-2.21748 -3.06675
-2.41482 -2.97319
-2.35446 -3.27944
-2.06615 -3.2422
-2.67595 -3.16821
-2.86189 -3.58396
-3.10375 -3.60048
-3.25445 -3.47224
-2.84708 -2.69854
-2.58533 -2.77738
-2.56058 -2.34843
-2.36289 -2.66917
-2.19673 -2.39413
-2.14639 -2.64537
-1.89839 -2.20443
-2.2272 -1.94638
-1.84231 -1.82106
-1.56278 -2.07999
-1.52553 -1.72766
-1.31727 -1.95722
-1.26937 -1.70514
-1.41971 -1.34262
-1.74195 -1.50165
-2.05651 -1.48804
-1.1541 -1.28519
-2.40373 -1.49515
-2.55509 -1.87089
-2.8128 -2.00692
-2.8081 -2.35756
-2.98587 -2.32595
-3.2228 -2.19123
-3.05039 -1.96655
-3.264 -1.67085
-3.47676 -1.9952
-3.50498 -1.6335
-3.52424 -1.14706
-3.81594 -1.21877
-4.08018 -1.2662
-3.89849 -0.781934
-4.27092 -0.906829
-3.5775 -0.555336
-3.48746 -0.273553
-3.2558 -0.513667
-3.14279 -1.13508
-2.97531 -1.58003
-2.86042 -1.13758
-2.70646 -1.53434
-2.57748 -1.09651
-2.98639 -0.769326
0.0498266 -2.06103
0.283347 -2.27833
0.252889 -2.02492
0.371227 -2.17288
0.401174 -2.01033
0.574479 -1.99992
0.736032 -1.97115
0.902247 -2.17694
0.867485 -1.91908
1.01102 -2.15768
1.12708 -2.27455
1.09408 -2.09623
0.998224 -1.9422
0.8773 -1.62298
0.791654 -1.69642
0.720842 -1.73393
0.672001 -1.45203
0.513511 -1.56308
0.452696 -1.10985
0.58056 -1.10127
0.716041 -1.27757
0.625744 -0.930522
0.673579 -0.669163
0.494593 -0.590812
0.412152 -0.727477
0.323012 -0.323816
0.460215 -0.33794
0.298879 -0.0162469
0.464644 -0.122466
0.336583 0.222415
0.148705 0.352709
0.119721 0.0231724
-0.0483685 0.459042
-0.0572624 0.160424
0.0366726 -0.223453
0.216121 -0.375088
0.226213 -0.698792
0.314674 -1.11156
0.14356 -0.871753
0.217608 -1.33097
0.396642 -1.73725
0.254412 -1.74812
0.123638 -1.80659
0.101251 -1.53699
-0.0523634 -1.62274
-0.255239 -1.84204
-0.307998 -1.27503
-0.506149 -1.50593
-0.53844 -1.13187
-0.491009 -0.865885
-0.318089 -0.747384
-0.624086 -0.381974
-0.890018 -0.390012
-0.972771 4.04455e-05
-1.09202 -0.2311
-1.22674 0.00370059
-1.52599 0.172608
-1.23247 0.233446
-1.35815 0.467146
-1.64233 0.667785
-1.86167 0.387301
-1.87658 0.0612063
-2.23709 0.267732
-2.00542 0.694454
-2.27354 0.741662
-2.54776 0.655639
-2.58418 0.282789
-2.84919 0.869754
-2.61753 0.939754
-2.4323 0.986745
-2.65603 1.19505
-2.36798 1.2803
-2.1398 1.04809
-2.12414 1.37817
-1.90703 1.22081
-1.85143 1.54076
-1.5676 1.1167
-1.85595 0.965142
-1.30722 0.744423
-1.21977 0.983173
-0.975485 0.718269
-1.00227 1.02507
-0.853811 0.864225
-0.677327 0.687198
-0.699901 0.247211
-0.486238 0.433572
-0.472043 0.186691
-0.354495 -0.166753
-0.362247 0.204383
-0.190838 0.077434
-0.317199 0.433256
-0.170567 0.369257
-0.236521 0.611361
-0.182779 0.772789
-0.35186 0.858119
-0.384838 0.669773
-0.524173 0.836743
-0.490252 0.648963
-0.754944 1.01445
-0.52744 1.08449
-0.752716 1.30839
-0.97964 1.27109
-1.25555 1.26881
-1.16545 1.46564
-1.35448 1.52817
-1.51844 1.44372
-1.56903 1.72369
-1.84224 1.9101
-2.12109 1.85126
-2.16473 1.61768
-2.41053 1.77171
-2.32126 1.51877
-2.55121 1.50965
-2.73567 1.75855
-2.83804 1.4823
-2.96807 1.21293
-3.12686 0.978667
-3.43094 0.959272
-3.22016 1.19851
-3.4628 1.28409
-3.8 1.07302
-3.70548 0.812954
-3.95934 0.769495
-4.2816 0.87199
-4.56149 0.412452
-4.64472 0.674724
-4.85718 0.415784
-4.86944 0.0490191
-5.14369 0.150801
-5.21508 -0.304673
-4.94798 -0.385885
-4.63046 0.130045
-5.21042 -0.686896
-5.20139 -0.989417
-5.40434 -0.997757
-5.33433 -1.27098
-5.52791 -1.28078
-5.50496 -1.55887
-5.62733 -1.07096
-5.79346 -1.27637
-5.78834 -0.994223
-5.91529 -1.26602
-6.02472 -1.52914
-6.02346 -1.25779
-6.12947 -1.42947
-6.24102 -1.56934
-6.32116 -1.86606
-6.39192 -2.19946
-6.43063 -1.8866
-6.50402 -2.33633
-6.53135 -1.96652
-6.55363 -2.24979
-6.58117 -2.55488
-6.54096 -2.62854
-6.65886 -2.87288
-6.66297 -2.54441
-6.72857 -2.77306
-6.7418 -3.14085
-6.79374 -2.80132
-6.82946 -3.05235
-6.82845 -3.35526
-6.84021 -3.24283
-6.84557 -3.56045
-6.86052 -3.25054
-6.87973 -3.50844
-6.83637 -3.79606
-6.82196 -4.02955
-6.83173 -3.98777
-6.79525 -4.14299
-6.78913 -4.09352
-6.77701 -4.2262
-6.75589 -4.32832
-6.7961 -4.20032
-6.86899 -2.79158
-6.86744 -2.92449
-6.85517 -2.63368
-6.86416 -2.62009
-6.83362 -2.48144
-6.83445 -2.26779
-6.83498 -2.34763
-6.8197 -2.1611
-6.8128 -1.9032
-6.8342 -1.96745
-6.79279 -1.59082
-6.79883 -1.74703
-6.8159 -1.94374
-6.78197 -1.64574
-6.78213 -1.78889
-6.74888 -1.44828
-6.72016 -1.4954
-6.69828 -1.22413
-6.66331 -1.0919
-6.62695 -1.22815
-6.65442 -1.59174
-6.59764 -1.43546
-6.57263 -1.68643
-6.52494 -1.25475
-6.49399 -1.60079
-6.43734 -1.3152
-6.42306 -1.0728
-6.34683 -1.13208
-6.38885 -1.51728
-6.29091 -1.35647
-6.21784 -1.01993
-6.19754 -1.29013
-6.08684 -1.07697
-6.10102 -0.80495
-5.97589 -0.745087
-6.03052 -0.546896
-6.16597 -0.649494
-6.05485 -0.330101
-5.94407 -0.296558
-5.90765 -0.467649
-5.79547 -0.161392
-5.7815 -0.587182
-5.57535 -0.109505
-5.64679 0.14415
-5.44399 0.357372
-5.36441 0.129728
-5.38926 -0.170182
-5.20749 0.432448
-5.01836 0.488604
-4.97918 0.759683
-4.84034 0.664564
-4.64219 0.942101
-4.81674 1.06878
-5.02443 0.973637
-5.21683 0.707586
-5.17529 0.998238
-5.39599 0.728064
-5.61199 0.474024
-5.52376 0.79677
-5.33648 1.05996
-5.54928 1.01711
-5.67662 0.721008
-5.73163 0.96074
-5.82375 0.663926
-5.79302 0.409424
-5.95185 0.388985
-5.93181 0.0197483
-6.05671 0.0887997
-6.08157 -0.138656
-6.18046 -0.386067
-6.1682 -0.119225
-6.25456 -0.319234
-6.28104 -0.53508
-6.3558 -0.551101
-6.34483 -0.804391
-6.26212 -0.637855
-6.28195 -0.843639
-6.43111 -0.867981
-6.43959 -0.665738
-6.53054 -0.866177
-6.59863 -0.904537
-6.52025 -0.572439
-6.49108 -0.626027
-6.44074 -0.426424
-6.43427 -0.163163
-6.52625 -0.296296
-6.61683 -0.550463
-6.6225 -0.799067
-6.67391 -0.939407
-6.68016 -0.867875
-6.71544 -1.15805
-6.72147 -1.11954
-6.75652 -1.37897
-6.76023 -1.34553
-6.77372 -1.54863
-6.75288 -1.291
-6.75351 -1.34141
-6.79018 -1.52211
-6.75797 -1.23795
-6.74007 -1.04094
-6.72317 -0.996165
-6.69785 -0.779931
-6.69237 -0.756994
-6.6515 -0.587912
-6.66398 -0.602766
-6.69672 -0.865724
-6.65728 -0.651993
-6.62954 -0.478859
-6.61721 -0.405479
-6.5737 -0.295035
-6.57855 -0.0205054
-6.75465 -1.72426
-6.71671 -1.51973
-6.72885 -1.29854
-6.67424 -0.718186
-6.66948 -0.734055
-6.65778 -0.652114
-6.69185 -0.933674
-6.70252 -1.07957
-6.6836 -0.934326
-6.67411 -0.817257
-6.68374 -0.931901
-6.67759 -0.806144
-6.78979 -2.01984
-6.76384 -1.94684
-6.8112 -2.21387
-6.47156 0.155908
-6.40298 0.148821
-6.27087 0.317257
-6.32284 0.110033
-6.20553 0.260749
-6.29478 -0.0282666
-6.18923 0.10685
-6.08947 0.282233
-6.14059 0.0622218
-6.22744 -0.0863009
-6.12262 0.465258
-6.01309 0.540101
-5.92141 0.640361
-5.96317 0.722269
-6.07162 0.665787
-5.96813 0.881779
-5.87736 0.827127
-5.84417 1.01895
-5.91228 1.06041
-6.02733 1.00962
-5.92182 1.18423
-6.18553 0.490926
-6.15605 0.644669
-6.09548 0.806972
-4.86254 2.88771
-5.09408 2.5988
-4.91478 2.66884
-4.63245 2.93938
-4.73137 2.71286
-4.41527 2.94853
-4.59077 2.6529
-4.34573 2.83939
-4.36741 2.62999
-4.64476 2.36379
-4.80895 2.39752
-4.85503 2.22044
-5.00329 2.19413
-5.01472 2.00091
-4.81868 2.11323
-4.9178 1.8404
-4.67841 2.11722
-4.42278 2.30671
-4.60674 1.9195
-4.2162 2.15276
-4.05455 2.59587
-3.95712 2.37092
-3.94627 2.19092
-3.77049 2.35446
-3.80436 2.53552
-3.55748 2.53542
-3.68662 2.77585
-3.84499 2.97952
-4.14741 2.88494
-4.04527 3.15256
-4.23555 2.97668
-4.29091 3.2083
-3.98179 3.36887
-3.79826 3.39372
-3.63946 3.2945
-3.59181 3.50581
-3.36667 3.50441
-3.29831 3.31472
-3.10951 3.5034
-3.05882 3.36987
-3.11323 3.22309
-3.26388 3.10773
-3.03494 3.00392
-2.91333 3.2636
-2.75185 3.09906
-2.82226 2.91945
-2.58316 2.83412
-2.48966 3.17128
-2.24416 2.98883
-2.27869 3.26001
-2.07647 3.20691
-2.18122 3.4245
-1.9509 3.38603
-2.09531 3.58711
-2.29926 3.57953
-2.34488 3.75573
-2.49114 3.62061
-2.4254 3.43159
-2.62433 3.51399
-2.67225 3.34172
-2.85757 3.47229
-2.71828 3.62602
-2.93295 3.61034
-3.134 3.64654
-2.85457 3.73942
-3.13685 3.77622
-3.4008 3.64332
-3.44332 3.76525
-3.72231 3.56357
-4.06266 3.47103
-4.32183 3.33015
-4.54923 3.15032
-2.85975 3.87444
-2.55252 3.94621
-2.63484 3.81863
-2.59938 3.72626
-2.1668 3.90765
-1.39305 3.635
-1.17423 3.5476
-1.20663 3.43338
-1.4417 3.51901
-1.3328 3.3461
-1.56638 3.4405
-1.39743 3.16186
-1.69692 3.30158
-1.58972 3.03588
-1.8325 3.13499
-1.70749 2.81756
-1.97458 2.98014
-2.00355 2.69829
-1.66171 2.44229
-1.4134 2.5558
-1.48066 2.81329
-1.28953 2.70341
-1.19564 2.48301
-1.19396 2.30555
-1.0056 2.31626
-1.07822 2.56319
-0.830673 2.39166
-0.957742 2.65975
-0.741675 2.60674
-0.668607 2.34905
-0.617409 2.13652
-0.48422 2.26497
-0.405028 1.90839
-0.25595 1.93952
-0.306694 2.20216
-0.173991 2.06846
-0.257339 2.33443
-0.119726 2.22708
-0.207763 2.53463
-0.0434361 2.37069
-0.0851746 2.53733
-0.00491428 2.44742
0.0674229 2.43239
0.0843401 2.26243
0.158511 2.30033
0.186685 2.13644
0.227379 2.15955
0.277288 1.93713
0.289516 2.02067
0.356771 1.95059
0.405066 1.84101
-0.30546 2.87153
-0.537248 2.98501
-0.405639 2.73608
-0.360096 2.52384
-0.507054 2.57141
-0.383721 2.38586
-0.653602 2.85724
-0.842622 2.88669
-0.970879 2.85816
-0.987563 3.02196
-1.14865 3.06485
-1.17783 2.85512
-1.39123 2.92195
-1.25058 3.20818
-1.10218 3.21284
-0.87229 3.06064
-0.935854 3.252
-1.03993 3.41388
-0.874144 3.3376
-0.711438 3.18406
0.575251 1.5743
0.615272 1.44331
0.679876 1.34057
1.79155 -1.68331
1.81904 -1.91689
1.79833 -1.7916
1.4449 -0.455181
1.38433 -0.309304
1.41119 -0.417163
1.33927 -0.253168
1.3742 -0.355036
1.20768 -0.0522298
1.24323 -0.0717333
1.31459 -0.184431
1.27194 -0.0781218
1.18185 0.0720915
1.09807 0.200336
1.16243 0.0526064
1.12274 0.108755
1.17113 0.0410706
1.11643 0.104137
1.03166 0.291043
1.04702 0.209639
1.06829 0.0764946
0.976868 0.291269
0.9627 0.219419
1.09636 -0.057226
1.04674 -0.0821378
1.13632 -0.376135
0.991282 -0.0692915
0.944904 0.137826
0.88611 0.220975
0.856227 0.438294
0.746876 0.533529
0.714678 0.784938
0.808062 0.670782
0.875559 0.505246
0.808208 0.690129
0.734936 0.902134
0.765327 0.900957
0.642554 1.21261
0.717986 1.11177
0.6492 1.30871
0.734521 1.13567
0.775975 0.94005
0.80404 0.950184
0.85228 0.782912
1.03325 0.385285
0.937225 0.5515
0.926189 0.459716
0.85288 0.725954
0.840816 0.658119
0.890026 0.473994
0.599359 1.38979
0.578012 1.48248
0.540112 1.52453
0.531322 1.6315
0.468567 1.72713
0.393497 1.75035
0.526155 1.40742
0.409512 1.54557
0.504829 1.25511
0.630611 1.10132
0.597356 1.01585
0.599107 0.840893
0.500852 1.09585
0.462229 1.0266
0.588024 0.627666
0.391934 0.888243
0.488909 0.539433
0.646733 0.304073
0.763593 0.290105
0.782245 0.0798044
0.693933 0.0337681
0.882071 -0.210611
0.896317 0.00167069
1.02235 -0.282317
0.749783 -0.270286
0.545192 0.0399291
0.628661 -0.330102
0.551579 -0.359499
0.554309 0.272242
0.394896 0.448703
0.362373 0.705435
0.250536 0.752767
0.200248 0.571467
0.116663 0.852997
-0.00662613 0.758391
-0.0254974 1.12437
-0.270711 1.10442
-0.21307 1.35346
-0.411796 1.47126
-0.547656 1.36002
-0.610296 1.60435
-0.777485 1.57495
-0.990439 1.52756
-1.03987 1.82404
-1.26771 1.71223
-1.28439 1.94764
-1.49032 1.94343
-1.65634 1.94254
-1.73747 2.14461
-2.11806 2.18944
-1.94369 2.39753
-1.45467 2.15282
-1.38149 2.31164
-1.21613 2.10466
-0.99858 2.07404
-0.789077 1.82636
-0.793769 2.08846
-0.560524 1.80196
-2.1875 2.48828
-2.29812 2.37652
-2.42917 2.28011
-2.3469 2.03821
-2.64584 2.07771
-2.69784 2.45118
-2.42364 2.5298
-2.29375 2.71713
-2.91531 2.71752
-2.96059 2.44818
-2.89144 2.24699
-3.1456 2.26515
-2.99239 1.98121
-2.99375 1.69862
-3.27779 1.77163
-3.16965 1.46687
-3.49126 1.53667
-3.71529 1.36323
-3.79151 1.55813
-4.05348 1.29223
-4.138 1.57045
-4.27282 1.34627
-4.35848 1.1659
-4.51224 1.30968
-4.45505 1.70433
-4.8738 1.32918
-4.70284 1.64735
-4.84905 1.63171
-5.11908 1.42467
-5.13791 1.19878
-5.38118 1.28231
-5.27762 1.65143
-5.57402 1.2791
-5.55192 1.54894
-5.71468 1.33355
-5.70507 1.4862
-5.81082 1.33885
-5.79229 1.53202
-5.6902 1.81663
-5.61231 1.70045
-5.48506 1.98241
-5.37746 1.88038
-5.28377 2.16643
-5.14303 2.18079
-5.17551 1.97641
-4.96062 2.35894
-4.98898 2.45404
-5.1475 2.29447
-5.14203 2.41233
-5.3336 2.32238
-4.82106 2.52987
-5.82815 1.18518
-5.74622 1.16017
-4.05645 1.92978
-3.79797 1.81058
-3.7093 2.13163
-3.50503 1.94133
-3.41908 2.18315
-3.2653 2.02819
-3.35069 2.41639
-3.53547 2.321
-3.30977 2.62851
-3.13843 2.54422
-3.14963 2.75866
-3.35963 2.85371
-3.64506 2.33667
-3.5707 1.72743
-0.321694 1.612
-0.24114 1.71001
-0.124609 1.4573
-0.136374 1.6706
-0.00271893 1.51131
0.0359745 1.28263
0.137774 1.3066
0.0851889 1.60396
0.278114 1.33929
0.150218 1.76674
0.285404 1.64252
0.400734 1.37812
0.324461 1.71151
0.346247 1.7459
0.193252 1.94926
0.0428085 2.09606
-0.0111275 1.92876
-0.0792732 1.78063
0.259437 1.09348
0.289563 0.89638
0.164319 1.04297
-0.741933 3.07214
-1.83145 3.53554
-1.6715 3.65773
-1.99186 3.72978
-1.84202 3.8467
-1.58635 3.77773
-3.51487 3.07245
-6.33186 -0.262472
-6.38271 -0.210389
-6.40321 0.0546644
-6.49189 -0.0397731
-6.73379 -1.12749
-5.76143 0.178002
-5.55069 -0.456832
-5.41295 -0.405949
-5.44905 -0.67455
-5.64768 -0.760171
-5.93381 -0.988073
-6.32453 -1.60764
-6.36491 -1.72101
-6.59281 -2.06306
-6.65953 -1.91414
-6.66417 -2.23981
-6.60523 -2.33096
-6.72814 -2.4732
-6.7224 -2.11448
-6.76565 -2.2601
-6.79637 -2.56122
-6.82005 -2.76489
-6.81505 -2.49116
-6.83341 -2.68854
-6.85135 -2.96551
-6.8448 -2.71635
-6.85812 -2.99473
-6.85977 -3.11232
-6.87227 -3.31357
-6.87924 -3.24288
-6.86887 -3.09458
-6.86413 -2.88646
-6.84656 -2.31704
-6.84311 -2.4792
-6.81203 -2.18289
-6.76568 -2.0053
-6.74307 -1.998
-6.74797 -1.81663
-6.72306 -1.81576
-6.81136 -3.86948
-6.75729 -4.06446
-6.75816 -3.81349
-6.71667 -4.01809
-6.7347 -4.23852
-6.71565 -4.1574
-6.69197 -3.99395
-6.65618 -3.82701
-6.69288 -3.69191
-6.68449 -3.58622
-6.70265 -3.44664
-6.75442 -3.5028
-6.73017 -3.77446
-6.80787 -3.60293
-0.413567 0.559746
-0.0985727 -0.348673
0.0652637 -0.545372
-0.00158882 -0.660245
-0.129077 -0.662322
0.035018 -0.931438
-0.0594683 -1.15705
-1.0885 0.416047
-2.52001 0.00395032
-6.11026 -2.57416
-6.18145 -2.7594
-4.53452 -3.32068
-0.801531 -4.36091
1.66018 -1.59063
1.79959 -3.47145
1.75628 -3.6344
1.7723 -3.73952
1.7046 -3.71065
1.6562 -3.98829
1.62716 -3.77831
1.66153 -3.55931
1.74637 -3.41493
1.66013 -3.33796
1.71323 -3.12732
1.78131 -3.1464
1.79351 -3.3127
1.54332 -3.94476
1.4417 -3.86968
1.41678 -4.122
1.53278 -4.20899
1.61536 -4.21647
1.63609 -4.34121
1.54662 -4.38505
1.56383 -4.51264
1.45529 -4.57735
1.48114 -4.71103
1.36194 -4.78251
1.22084 -4.98515
1.24739 -4.79875
1.35146 -4.62649
1.22496 -4.64951
1.34723 -4.49124
1.44422 -4.43917
1.41657 -4.33555
1.27915 -4.39936
1.11912 -4.39277
1.081 -4.63369
1.08614 -4.80347
1.17234 -4.795
1.11626 -4.91499
0.946342 -4.99487
1.03916 -5.11711
0.913947 -5.28421
0.852711 -5.37776
0.79654 -5.41984
0.768704 -5.42652
0.726257 -5.38678
0.783053 -5.29925
0.865432 -5.18827
0.716634 -5.25351
0.618273 -5.34889
0.547055 -5.27864
0.370987 -5.40807
0.505604 -5.45756
0.212411 -5.52127
0.189809 -5.47358
-0.00905609 -5.51797
-0.043128 -5.56868
-0.254753 -5.59338
0.139297 -5.43134
0.309921 -5.30649
0.505921 -5.18995
0.720428 -5.13627
0.626688 -5.06976
0.796063 -4.95862
0.648764 -4.94809
0.448123 -5.10087
0.508166 -4.966
0.289526 -5.04425
0.362632 -5.21324
0.482668 -4.88921
0.651263 -4.82363
0.603747 -4.73565
0.346463 -4.85636
0.524134 -4.62969
0.736851 -4.53661
0.797408 -4.63976
0.922783 -4.4095
0.963852 -4.56972
0.848393 -4.76947
0.9573 -4.83127
0.871458 -4.16083
0.813038 -4.37881
0.688232 -4.39784
0.254598 -4.73426
0.183024 -4.88384
0.0605841 -5.01373
0.059721 -4.8849
-0.201249 -4.96993
1.3784 -3.17996
0.915238 -3.83275
0.899097 -3.60067
0.955894 -3.39975
-2.82443 -5.66056
-2.68126 -5.57482
-2.98686 -5.59375
-6.07134 -5.59523
-6.19301 -5.51697
-6.32116 -5.4856
-6.24733 -5.36634
-6.39087 -5.29418
-6.44813 -5.38658
-6.50673 -5.19186
-6.54714 -5.28594
-6.62226 -5.0636
-6.60099 -5.18387
-6.62232 -5.05685
-6.64792 -5.04072
-6.67592 -4.92237
-6.67419 -4.89504
-6.69616 -4.77321
-6.66161 -4.84413
-6.60197 -4.91231
-6.41988 -5.0837
-5.85416 -5.90634
-5.82065 -5.90838
-0.915972 -5.74583
0.37035 -5.56431
0.294589 -5.57313
-1.31317 -5.85793
-1.5976 -5.90572
-0.953412 -5.81878
-0.713144 -5.78498
-2.9464 -6.02333
-3.04044 -6.02718
-2.13734 -5.7116
-2.25019 -5.66068
-2.36408 -5.73763
-3.07368 -5.95921
-3.36595 -5.93554
-3.46129 -6.00952
-3.22939 -6.02226
-2.96634 -6.00702
-3.52757 -6.06865
-3.84218 -6.10989
-4.10624 -6.10789
-4.03061 -6.13209
-4.29851 -6.12242
1.42363 -4.40925
0.764321 -4.85264
-4.16766 -5.52497
-5.60547 -5.8649
-3.72231 3.56357
