-6.8342 -1.96745
-6.79018 -1.52211
-6.74007 -1.04094
-6.57855 -0.0205054
-5.6902 1.81663
-5.3336 2.32238
-4.86254 2.88771
-4.54923 3.15032
-4.32183 3.33015
-4.06266 3.47103
-3.44332 3.76525
-2.55252 3.94621
-2.1668 3.90765
-1.84202 3.8467
-1.58635 3.77773
-1.17423 3.5476
-0.874144 3.3376
-0.30546 2.87153
0.0674229 2.43239
0.158511 2.30033
0.575251 1.5743
0.679876 1.34057
1.38433 -0.309304
1.4449 -0.455181
1.79155 -1.68331
1.88361 -2.05286
1.89767 -2.32285
1.79506 -4.0496
1.77434 -4.19306
1.75234 -4.29034
1.72996 -4.35538
1.66544 -4.52428
1.65402 -4.55116
1.39636 -4.95384
1.0881 -5.27078
0.79654 -5.41984
0.646476 -5.47926
0.167789 -5.62677
-0.0916471 -5.67831
-0.419861 -5.73712
-1.48572 -5.91134
-1.84274 -5.96117
-2.23057 -6.01401
-2.85925 -6.059
-3.52384 -6.10302
-4.03061 -6.13209
-4.54138 -6.11867
-4.9828 -6.1029
-5.28858 -6.07258
-5.53451 -6.0162
-5.72412 -5.96105
-5.87105 -5.90055
-6.05187 -5.82478
-6.21932 -5.72368
-6.26799 -5.69037
-6.38058 -5.60635
-6.44136 -5.5431
-6.483 -5.48485
-6.52164 -5.42254
-6.59137 -5.28791
-6.62202 -5.15698
-6.67592 -4.92237
-6.83173 -3.98777
-6.87973 -3.50844
-6.87924 -3.24288
-6.86899 -2.79158
-6.86416 -2.62009
