-0.655505 -2.09843
-0.642414 -1.98414
-0.59674 -1.77698
-0.54065 -1.59802
-0.426386 -1.3084
0.336758 0.593441
0.488154 0.937701
0.612749 1.08712
0.749699 1.21858
0.896836 1.34975
1.05559 1.47385
1.20211 1.58163
1.35474 1.68262
1.52408 1.77251
1.72502 1.79182
1.95675 1.78955
2.21075 1.74413
2.47319 1.67428
2.7332 1.58088
2.97016 1.44758
3.56097 0.957885
3.65679 0.873389
4.50183 -0.244327
4.52244 -0.275757
4.94473 -1.02662
5.03029 -1.17916
5.07679 -1.36329
5.13747 -2.18971
5.13698 -2.4256
5.13512 -2.65207
5.13168 -2.87019
5.10462 -3.06132
5.06304 -3.2289
4.84534 -3.99987
4.74412 -4.19315
4.48769 -4.62151
4.35347 -4.75964
4.25047 -4.85685
4.18875 -4.91494
4.1305 -4.9659
4.00997 -5.06352
3.92207 -5.12257
3.82159 -5.18922
3.58975 -5.30307
3.36042 -5.3515
3.23345 -5.37431
2.99161 -5.41284
1.34548 -5.41343
0.4586 -5.40884
0.156063 -5.36692
-0.0284872 -5.30846
-0.271469 -5.19494
-0.300768 -5.1761
-0.372632 -5.12709
-0.458341 -5.01886
-0.57447 -4.66381
-0.700187 -2.91261
