11.9815 -12.7639
12.1987 -12.726
12.6121 -12.4395
12.7124 -12.4217
12.6461 -12.5877
12.5758 -12.594
12.5669 -12.7578
12.6689 -12.7609
12.7681 -12.5627
12.7653 -12.7657
12.8778 -12.5829
12.8099 -12.7737
12.9057 -12.5864
12.9437 -12.4647
12.9419 -12.393
12.9962 -12.2905
12.9783 -12.4127
13.0314 -12.2304
13.0167 -12.3154
13.0784 -12.0949
13.0859 -12.0101
13.1274 -11.8902
13.0908 -11.9141
13.1609 -11.6865
13.1645 -11.7151
13.2066 -11.4187
13.1881 -11.4719
13.2169 -11.2906
13.2149 -11.1216
13.2274 -11.0962
13.2174 -10.9245
13.2235 -10.8373
13.2087 -10.9
13.2067 -10.5042
13.2002 -10.5814
13.205 -10.8732
13.2015 -10.2025
13.1932 -10.3046
13.2039 -10.1039
13.1939 -10.181
13.217 -10.0891
13.2222 -10.4555
13.2278 -10.7106
13.2315 -10.8009
13.218 -10.654
13.2166 -10.8934
13.2001 -11.1197
13.1636 -11.4533
13.1401 -11.2331
13.1492 -10.9081
13.1924 -10.7203
13.1457 -10.5513
13.1797 -10.482
13.1728 -10.275
13.1382 -10.2556
13.1374 -9.92164
13.0903 -10.0723
13.0874 -10.4261
13.0164 -10.0613
12.9965 -10.5273
13.0524 -10.7277
13.0954 -10.7325
13.0754 -11.008
13.0012 -10.9145
13.0309 -11.1544
13.0697 -11.3139
13.1127 -11.5115
13.0453 -11.5524
13.071 -11.7619
13.1222 -11.6738
12.9981 -12.0701
13.0322 -12.1649
12.9421 -12.3916
12.9301 -12.5166
12.8602 -12.6524
12.862 -12.6827
12.7794 -12.8175
12.6945 -12.9421
12.7102 -12.9237
12.6187 -13.0284
12.6014 -13.0178
12.6764 -12.9002
12.5831 -12.9601
12.5034 -13.1139
12.4399 -13.0919
12.4737 -12.9287
12.3546 -13.0423
12.3871 -12.8751
12.2851 -12.8296
12.1461 -12.8951
12.2635 -12.9832
12.1298 -13.0549
11.9687 -12.9881
11.7528 -12.9078
11.7226 -12.727
11.459 -12.8441
11.5502 -12.9933
11.7511 -13.1222
11.556 -13.1021
11.5605 -13.2181
11.7 -13.2673
11.8621 -13.2631
11.7221 -13.3758
11.9049 -13.3687
12.033 -13.2695
12.1002 -13.3524
11.9157 -13.4375
12.0619 -13.4348
12.2504 -13.3632
12.2917 -13.2319
12.1623 -13.2501
12.2294 -13.1251
12.1197 -13.1725
11.988 -13.1518
12.3988 -13.2283
12.3927 -13.258
12.4441 -13.1814
12.5112 -13.1333
12.437 -13.2041
12.256 -13.3333
12.3432 -13.2435
12.4887 -13.1074
12.304 -13.1953
12.4548 -13.0633
12.3293 -13.0919
12.5049 -12.9419
12.5942 -12.949
12.6668 -12.7752
12.5564 -12.7597
12.3359 -12.9514
12.4098 -12.7354
12.2173 -12.8697
12.2257 -12.6908
11.9639 -12.9018
12.0075 -12.6074
11.6291 -12.7864
11.6282 -13.0996
11.8843 -13.1343
11.5896 -13.2956
11.8598 -13.2798
12.1165 -13.147
12.1131 -13.0157
12.1852 -13.2089
12.0329 -13.2777
12.0929 -13.3065
12.1752 -13.3259
11.9468 -13.4089
12.0303 -13.4183
12.081 -13.4516
11.8764 -13.5012
11.9066 -13.495
11.707 -13.5449
11.7263 -13.5139
11.7408 -13.4281
11.5619 -13.4956
11.552 -13.4332
11.5459 -13.3347
11.3286 -13.3959
11.4043 -13.4778
11.2308 -13.4725
11.0737 -13.4133
11.1223 -13.2967
11.3627 -13.2776
11.2257 -13.1979
11.4156 -13.1515
11.2846 -13.1044
11.4039 -13.0469
11.2221 -13.0505
11.3028 -12.9614
11.017 -13.0108
11.1184 -12.8606
10.7371 -12.9048
10.9481 -12.7414
11.2439 -12.7244
11.3571 -12.5845
11.5172 -12.6714
11.6903 -12.6151
6.88594 -8.00835
6.84173 -9.54172
6.85058 -9.76507
6.88264 -9.84555
6.85316 -9.96267
6.9479 -10.3318
6.96168 -10.2281
6.92467 -10.0783
6.97652 -10.1373
7.01065 -10.3912
7.04034 -10.4027
7.06147 -10.5475
6.95584 -8.85374
7.04893 -10.166
6.93585 -9.80135
6.86987 -9.53899
6.90634 -9.39125
6.86046 -9.24157
6.90136 -9.08027
6.87084 -8.95445
6.91664 -8.83628
6.87638 -8.66657
6.91982 -8.59429
6.88032 -8.31951
6.9524 -8.32555
6.92805 -8.12263
6.81797 -8.10876
6.79487 -8.25187
6.81737 -8.49443
6.74467 -8.36966
6.75977 -8.07629
6.75388 -8.58715
6.82604 -8.78955
6.82935 -9.07435
6.80837 -9.22085
6.83997 -9.33226
7.26762 -11.069
7.33567 -11.2359
7.28251 -11.1707
7.19993 -10.925
7.16948 -10.8966
7.11313 -10.726
7.06939 -10.611
7.11857 -10.7462
7.05704 -10.6102
7.0177 -10.5259
6.99767 -10.4586
7.01067 -10.5372
12.699 -7.2232
13.2081 -9.93269
13.1809 -9.71319
13.2047 -9.95844
13.1905 -9.79299
13.2113 -9.7181
13.2193 -10.0619
13.2006 -9.774
13.1747 -9.4169
13.1835 -9.39992
13.1458 -9.09834
13.1693 -9.25131
13.1906 -9.52471
13.1879 -9.32177
13.1719 -9.15211
13.1867 -9.17031
13.2091 -9.26184
13.2457 -9.2495
13.2163 -9.16812
13.1593 -8.98542
13.1821 -9.08597
13.1605 -9.00237
13.1186 -8.82764
13.1034 -8.78
13.1497 -9.00964
13.1167 -8.79257
13.0933 -8.78467
13.127 -9.05011
13.0762 -8.77624
13.1268 -9.1948
13.1747 -9.68965
13.1113 -9.48441
13.1803 -10.0477
13.1989 -9.98543
13.2058 -10.3418
13.1016 -9.70267
13.0608 -9.57293
13.0405 -9.27127
13.0021 -9.4266
12.9614 -9.12809
12.93 -9.27833
12.9317 -9.59357
13.0295 -9.73325
13.0704 -9.92368
13.0823 -9.82144
12.8845 -9.93091
12.9469 -10.2855
12.864 -10.2469
12.802 -10.047
12.7464 -10.292
12.854 -10.556
12.9026 -10.4049
12.9336 -10.559
12.9676 -10.7198
12.9111 -10.8766
12.967 -11.3437
12.8607 -11.1642
12.8423 -11.4443
12.8554 -11.7957
12.9859 -11.778
12.9082 -12.058
12.871 -12.3308
12.7694 -12.238
12.7304 -12.5543
12.8132 -12.5965
12.7338 -12.8
12.5996 -12.5302
12.6018 -12.2911
12.698 -11.9842
12.558 -12.0811
12.6142 -11.8095
12.5056 -11.9259
12.5119 -11.7018
12.3858 -11.8929
12.3764 -11.6377
12.2208 -11.8687
12.1929 -11.5535
12.0283 -11.8461
11.8844 -11.6483
11.7909 -12.0236
11.997 -12.1357
11.7129 -12.3093
11.8411 -12.453
11.6214 -12.5236
11.4043 -12.6028
11.2493 -12.9026
11.3337 -13.1022
11.0824 -13.1063
11.0157 -13.2752
10.8268 -13.1689
10.6076 -13.3433
10.8095 -13.4312
11.0995 -13.4041
10.9396 -13.4937
10.7019 -13.5466
10.9327 -13.5615
10.7145 -13.5992
10.5448 -13.5923
10.4681 -13.5732
10.3409 -13.6235
10.539 -13.6404
10.2329 -13.6774
10.4327 -13.6748
10.6629 -13.6737
10.8713 -13.6259
10.9147 -13.6654
10.7156 -13.6844
10.8907 -13.6818
11.1913 -13.6241
11.1578 -13.6269
11.3456 -13.6004
11.3693 -13.5882
11.1813 -13.5736
11.4795 -13.5617
11.2971 -13.5372
11.4376 -13.5265
11.058 -13.509
10.9522 -13.586
10.767 -13.5432
10.8763 -13.4369
10.6398 -13.4295
10.838 -13.3141
10.5463 -13.2859
10.6908 -13.1859
10.5093 -13.1204
10.2973 -13.2368
10.284 -13.11
10.4091 -12.981
10.6265 -13.0213
10.788 -13.0292
10.7238 -13.0916
10.9041 -13.0914
10.8533 -13.1639
10.9739 -13.1609
10.9716 -13.2267
11.0761 -13.197
11.099 -13.1188
10.4564 -12.8342
10.1442 -12.8676
10.3585 -12.683
10.6595 -12.7232
7.39356 -11.4787
7.4962 -11.7706
7.60243 -12.053
8.19837 -12.6425
8.45381 -12.7265
8.59266 -12.505
8.6733 -12.7363
8.79777 -12.6547
8.84607 -12.4925
9.01719 -12.6609
9.06194 -12.5111
9.31226 -12.6036
9.72181 -12.6139
10.0222 -12.7002
9.78019 -12.7913
9.49638 -12.793
9.62579 -12.9063
9.35941 -12.9745
9.19182 -12.8094
8.89536 -12.823
9.08628 -12.935
8.89684 -12.9742
8.66491 -12.9117
8.7609 -13.0997
8.54566 -13.0225
8.46425 -12.9126
8.29161 -12.8521
8.40368 -12.9942
8.27924 -12.9892
8.49668 -13.1311
8.35423 -13.1703
8.17709 -13.0326
8.07377 -12.8438
8.1791 -12.8357
8.07482 -12.6827
7.94587 -12.6529
8.17538 -12.7649
7.71 -12.3412
7.59026 -12.0807
7.51869 -11.8785
7.48024 -11.8072
7.44253 -11.6773
7.3716 -11.4449
7.27339 -11.1398
7.33232 -11.3047
7.39157 -11.5484
7.38187 -11.4174
7.45908 -11.7419
7.46625 -11.685
7.56695 -11.9785
7.51561 -11.7533
7.45736 -11.5077
7.51893 -11.5982
7.47669 -11.3734
7.38622 -11.2095
7.30373 -11.1116
7.32988 -11.2184
7.25043 -11.0664
7.20061 -10.8546
7.16856 -10.874
7.13642 -10.7453
7.10254 -10.6429
7.17454 -10.668
7.21346 -10.5773
7.27594 -10.7673
7.27817 -10.9285
7.35798 -11.0029
7.41323 -11.1758
7.46807 -11.1212
7.37371 -10.8401
7.45068 -10.8892
7.52734 -11.0432
7.6089 -11.2764
7.54591 -11.393
7.55133 -11.5978
7.62299 -11.5794
7.64375 -11.8382
7.56341 -11.7554
7.60357 -11.9524
7.74692 -12.1503
7.68218 -12.1816
7.78761 -12.3677
7.85326 -12.4189
7.87725 -12.5403
7.96179 -12.6477
7.94486 -12.7167
7.83052 -12.528
7.90535 -12.7026
7.9993 -12.8321
8.08608 -12.9507
8.02081 -12.8764
8.15763 -13.0452
8.2802 -13.1672
8.30129 -13.1751
8.10742 -12.9845
8.0547 -12.8794
7.96672 -12.797
7.92662 -12.6923
7.81331 -12.5622
7.68433 -12.3034
7.7693 -12.4869
7.6582 -12.2422
7.58821 -12.0858
7.54005 -11.9774
7.67412 -12.2444
7.74737 -12.4324
7.71366 -12.3999
7.8968 -12.6936
7.73947 -12.3578
8.44278 -13.2853
8.49751 -13.3154
8.5995 -13.3809
8.63423 -13.3693
8.72777 -13.4216
8.74573 -13.4004
8.59839 -13.3334
8.73483 -13.3458
8.90073 -13.4229
8.90468 -13.4665
9.08153 -13.4951
9.14845 -13.5324
9.29352 -13.5431
9.24355 -13.4837
9.45739 -13.5432
9.46264 -13.4717
9.62419 -13.5457
9.75414 -13.5279
9.65014 -13.4324
9.93422 -13.4929
10.0643 -13.5802
10.2558 -13.5592
10.1064 -13.4683
9.95733 -13.4326
9.80552 -13.3854
10.0329 -13.3313
9.70297 -13.2776
9.83657 -13.1546
9.5612 -13.1635
9.65554 -13.031
9.45767 -13.0845
9.30739 -13.1456
9.06979 -13.0662
9.02508 -13.2277
8.72587 -13.2583
8.55168 -13.2617
8.91972 -13.3597
9.18262 -13.384
9.27198 -13.2683
9.42783 -13.3522
9.46419 -13.26
9.59756 -13.3424
9.05544 -13.4342
9.95739 -13.0194
10.1148 -13.131
10.1741 -13.022
9.84254 -12.9104
9.9525 -12.8157
10.3416 -13.4075
10.1881 -13.4342
10.2767 -13.4916
10.4753 -13.5195
10.5632 -13.5888
10.3765 -13.6162
10.6628 -13.6593
10.7872 -13.606
10.9444 -13.6346
10.5983 -13.6879
10.4514 -13.6472
10.3479 -13.6787
10.2282 -13.6432
10.0552 -13.6131
9.8551 -13.6006
10.0853 -13.6477
9.81988 -13.6236
9.65082 -13.5805
9.52705 -13.5974
9.71453 -13.6364
9.88992 -13.651
10.0507 -13.6692
10.0121 -13.6674
10.0307 -13.6442
9.87266 -13.6607
9.73169 -13.6369
9.45467 -13.5954
9.53292 -13.6013
9.32807 -13.5679
9.17881 -13.5457
9.11313 -13.4964
8.94829 -13.4737
8.98912 -13.4993
9.2815 -13.5607
9.33993 -13.5675
8.77562 -13.4447
8.74033 -13.4179
8.55901 -13.3645
8.56363 -13.3446
8.41721 -13.2693
8.42161 -13.2817
8.29086 -13.1502
8.17904 -13.0464
8.17963 -13.0168
8.06929 -12.8956
8.09233 -12.8421
8.01023 -12.7871
8.0617 -12.6613
7.93805 -12.4933
7.98614 -12.4132
7.86323 -12.2624
7.93122 -12.2198
7.85528 -12.0871
7.75954 -12.0072
7.80636 -11.87
7.71326 -11.7762
7.74096 -11.5455
7.70757 -11.1893
7.60221 -11.0486
7.62359 -10.8538
7.52615 -10.8821
7.49682 -10.7031
7.47454 -10.7795
7.41076 -10.6834
7.4167 -10.4941
7.33862 -10.532
7.30871 -10.6374
7.25556 -10.4873
7.30633 -10.4139
7.36244 -10.3145
7.47816 -10.3099
7.54364 -10.5655
7.6445 -10.4154
7.64284 -10.6421
7.75922 -10.7506
7.75861 -11.0467
7.84697 -11.0666
7.92551 -10.9492
7.93263 -11.1993
7.85525 -11.3602
8.04071 -11.4073
7.95338 -11.6317
8.04968 -11.7306
8.19935 -11.7173
8.11287 -11.9439
7.99071 -11.8723
8.05763 -12.1178
7.93708 -12.0282
8.01965 -12.2857
8.14128 -12.3591
8.10339 -12.5261
8.23822 -12.5947
8.21561 -12.7842
8.34719 -12.8033
8.36393 -12.9546
8.45062 -12.941
8.50181 -13.0727
8.58816 -13.0183
8.69162 -13.2024
8.78986 -13.1093
8.90578 -13.2609
8.87315 -13.3423
8.71133 -13.3265
8.92799 -13.4193
9.03151 -13.4041
9.16817 -13.4583
9.19068 -13.4067
9.38573 -13.4887
9.42813 -13.3942
9.62314 -13.5218
9.76492 -13.4424
9.83319 -13.5388
9.97064 -13.4868
10.0179 -13.5619
9.76599 -13.615
10.264 -13.5667
10.2372 -13.4616
10.5125 -13.5003
10.2824 -13.2853
10.0057 -13.4003
9.94447 -13.2641
9.83927 -13.3689
9.64562 -13.3007
9.75857 -13.1727
9.52566 -13.1156
9.27073 -13.2003
9.25873 -13.015
8.95567 -12.9941
8.99884 -13.1877
9.12785 -13.306
9.01868 -13.3512
8.67384 -12.9187
8.74676 -12.7822
8.55773 -12.7125
8.48911 -12.8469
8.39085 -12.6381
8.48275 -12.4533
8.2887 -12.4061
8.35062 -12.1685
8.19046 -12.1729
8.22725 -11.9959
8.31965 -11.9231
8.40176 -11.7105
8.3082 -11.5552
8.24499 -11.3299
8.43811 -11.3949
8.45501 -11.0334
8.67973 -11.1422
8.61258 -11.5163
8.56824 -11.7782
8.76963 -11.6835
8.65572 -11.9617
8.46316 -11.9677
8.55563 -12.1945
8.77246 -12.1694
8.68556 -12.4058
8.64769 -12.5978
8.84707 -12.6243
8.89747 -12.8076
9.10406 -12.8006
9.06929 -12.5402
8.89779 -12.3662
9.08155 -12.3349
9.0321 -12.1047
8.87118 -11.9273
9.02212 -11.8948
9.1817 -11.8468
9.27877 -12.0355
9.22324 -12.2248
9.50465 -12.2095
9.48034 -11.7839
9.82022 -11.8784
9.87717 -12.2604
9.64397 -12.4753
9.45119 -12.4958
9.54231 -12.6514
9.30946 -12.6441
9.47375 -12.8625
9.83727 -12.6794
9.76136 -13.0007
10.0423 -12.9257
9.93018 -13.1107
10.1584 -13.1062
10.3276 -12.8834
10.2241 -12.6154
10.4783 -12.6362
10.6334 -12.8091
10.4483 -13.0719
10.716 -13.0312
10.8656 -12.8637
10.9695 -12.9862
11.097 -12.7548
10.9155 -12.6316
11.2045 -12.4421
10.9914 -12.374
10.7437 -12.45
10.9694 -12.1229
10.7486 -12.0687
10.4976 -12.3534
10.5128 -11.95
10.3059 -12.2964
10.0915 -12.4056
10.1879 -12.0591
10.0065 -12.0001
10.1117 -11.752
9.98257 -11.5017
9.73936 -11.5717
9.83896 -11.2678
9.54814 -11.3886
9.27949 -11.5755
9.01961 -11.6997
9.10015 -11.4169
8.92525 -11.5402
8.82715 -11.495
8.74397 -11.4952
8.79 -11.4345
8.77859 -11.338
8.85154 -11.3906
8.97254 -11.2556
8.87722 -11.1206
8.92289 -10.8782
8.74616 -10.6822
9.04993 -10.5666
9.14297 -10.7584
9.06494 -11.0063
9.25266 -10.8824
9.24032 -11.1228
9.32915 -11.3275
9.46291 -11.1465
9.6861 -11.0463
9.49413 -10.8238
9.81273 -10.7113
9.70565 -10.5005
9.47764 -10.4314
9.32302 -10.6898
9.24844 -10.5429
9.25542 -10.2535
8.97853 -10.326
9.11697 -10.0129
9.35034 -9.9018
9.59268 -9.97125
9.5449 -9.65433
9.69461 -9.69204
9.87469 -9.68749
9.78663 -9.47439
10.0102 -9.41545
10.1538 -9.53135
10.0714 -9.83949
10.3344 -9.63595
10.2783 -9.85466
10.4885 -9.77173
10.3477 -10.0769
10.146 -10.0159
10.0054 -10.3025
10.2892 -10.4427
10.5658 -10.2457
10.5353 -10.6045
10.2182 -10.7911
10.3812 -10.9965
10.64 -10.8795
10.5293 -11.223
10.2493 -11.3742
10.1058 -11.1438
10.3779 -11.6407
10.6598 -11.4648
10.8609 -11.0256
10.902 -11.3233
11.1573 -11.0944
11.0589 -11.4386
10.8045 -11.668
10.9956 -11.7858
11.2054 -11.5575
11.332 -11.2646
11.4433 -11.4916
11.224 -11.8398
11.4504 -11.7481
11.6658 -11.5415
11.5728 -11.9102
11.3521 -11.9697
11.3621 -12.1648
11.1761 -12.1635
11.5143 -12.28
11.5581 -12.4388
11.8489 -11.4242
12.0249 -11.2776
11.7821 -11.2808
11.8695 -10.9783
11.6018 -11.1943
11.6283 -11.361
11.5363 -10.9092
11.2485 -10.6873
11.6645 -10.518
11.8211 -10.7062
11.9112 -10.517
12.0558 -10.6513
12.0383 -10.4563
12.1792 -10.3662
12.2615 -10.6284
12.1737 -10.921
12.4103 -10.8255
12.2895 -11.1822
12.3843 -11.393
12.4732 -11.1548
12.5089 -11.4307
12.617 -11.1978
12.5736 -10.934
12.6128 -10.6026
12.4203 -10.4084
12.5917 -10.2244
12.7518 -10.6456
12.6896 -10.9133
12.8045 -10.8959
12.7506 -11.2515
12.6305 -11.504
12.7422 -11.639
12.6718 -10.0566
12.7357 -10.0013
12.6555 -9.83932
12.5743 -9.94797
12.5353 -9.6876
12.4618 -9.8317
12.4635 -10.0743
12.3354 -9.88831
12.3186 -10.1471
12.1323 -9.99764
11.9338 -10.2865
11.8605 -9.9546
11.6706 -10.1838
11.418 -10.3255
11.4741 -10.0778
11.2346 -10.097
11.1572 -10.3809
10.9786 -10.2443
10.8878 -10.5882
10.7595 -10.3484
10.8126 -10.1003
10.6363 -9.94696
10.876 -9.84642
11.014 -10.0065
11.141 -9.77677
11.4043 -9.85897
11.3503 -9.62082
11.1657 -9.46165
10.9049 -9.57792
10.914 -9.25456
10.6141 -9.48948
10.557 -9.16314
10.384 -9.40631
10.2429 -9.26683
10.3355 -8.96156
9.99387 -9.16743
10.0984 -8.83968
9.84531 -8.97097
9.60876 -9.2706
9.25885 -9.63067
9.26731 -9.25608
8.97194 -9.49125
9.0544 -9.17457
8.84491 -9.21496
8.70775 -9.51403
8.75598 -9.77717
8.59497 -9.75518
8.48087 -9.61638
8.43737 -9.93406
8.59208 -9.95187
8.48948 -10.1842
8.70836 -10.1184
8.95201 -9.85532
8.91194 -10.1221
8.79272 -10.335
8.61618 -10.4482
8.51032 -10.7159
8.36506 -10.8409
8.26697 -11.0324
8.23498 -10.8107
8.09177 -11.0417
8.00286 -11.1598
8.00765 -10.7355
7.88504 -10.616
7.96678 -10.5085
8.09007 -10.4891
8.11524 -10.7481
8.21512 -10.5783
8.27269 -10.2575
8.40059 -10.5272
8.54863 -10.3205
8.1083 -10.2062
8.00485 -10.3296
7.99892 -10.0971
7.90824 -10.3377
7.835 -10.0985
7.77553 -10.3908
7.69579 -10.1338
7.5678 -10.1588
7.61469 -9.9036
7.40007 -10.1937
7.78345 -9.2159
7.7497 -9.47515
7.71767 -9.69764
7.81384 -9.63794
7.75731 -9.87047
7.94681 -9.77734
7.93551 -9.39603
8.13148 -9.52028
8.20825 -9.17876
8.34144 -9.41513
8.21165 -9.85231
8.59186 -9.24642
8.42441 -9.09064
8.58786 -8.9423
8.76489 -8.94121
8.68547 -8.66854
8.90724 -8.67056
8.83327 -8.46101
9.03444 -8.40709
8.8677 -8.24438
9.131 -8.11585
8.89164 -8.01342
8.6788 -8.18255
8.69106 -8.39819
8.56058 -8.38429
8.56089 -8.54925
8.39622 -8.55875
8.46389 -8.80134
8.25705 -8.85995
8.34339 -8.97847
7.98757 -9.00758
8.12958 -8.65416
8.1576 -8.41296
8.30527 -8.41407
8.47769 -8.30204
8.38104 -8.24938
8.53829 -8.08832
8.72379 -7.97459
8.88651 -7.80178
9.12811 -7.67208
9.10976 -7.86143
9.32687 -7.72065
9.33081 -7.55377
9.56069 -7.58244
9.49619 -7.41834
9.74472 -7.35966
9.82971 -7.57378
9.69324 -7.71373
9.52872 -7.7883
9.69742 -7.86086
9.84901 -7.7892
9.83612 -8.05348
10.0412 -7.87256
9.98391 -7.68302
10.1853 -7.65732
10.0138 -7.5451
10.1179 -7.4529
10.2722 -7.44274
10.1783 -7.28401
10.3248 -7.32428
10.397 -7.21796
10.2196 -7.08765
9.98605 -7.19598
9.97242 -7.38943
9.79841 -7.13705
9.60606 -7.27754
9.58086 -7.17117
9.75695 -7.03736
9.91399 -6.96183
10.0875 -6.86191
10.2361 -6.73109
10.2801 -6.88244
10.4439 -6.68575
9.43261 -7.32759
9.33018 -7.44061
9.1719 -7.52449
8.27953 -8.25708
8.28028 -8.33296
11.43 -6.34547
12.1261 -6.39683
12.2602 -6.52352
12.5698 -6.93211
12.6248 -7.07137
12.5543 -7.04078
12.4535 -6.87596
12.4947 -7.0545
12.4266 -7.02931
12.518 -7.21848
12.5758 -7.19848
12.6281 -7.43181
12.6575 -7.35237
12.7509 -7.62611
12.69 -7.65714
12.6233 -7.61014
12.5356 -7.48827
12.6137 -7.76293
12.6782 -7.77343
12.7147 -7.97573
12.7768 -7.9012
12.8135 -8.15143
12.8781 -8.18854
12.8776 -8.44421
12.9464 -8.44147
12.9259 -8.24494
12.8885 -8.00935
12.9824 -8.38658
12.9598 -8.16737
12.8983 -7.89826
12.8394 -7.79058
12.808 -7.69041
12.8252 -7.65755
12.7554 -7.54258
12.7131 -7.38194
12.8989 -7.81375
12.9234 -7.86926
12.9861 -7.99523
13.0639 -8.70112
13.0603 -8.58141
13.0756 -8.54697
13.0546 -8.3991
13.0384 -8.4547
13.0406 -8.31111
13.0534 -8.16783
13.0435 -8.29074
13.0231 -8.26078
13.0279 -8.35571
12.9889 -8.21163
13.0377 -8.37371
13.0625 -8.58177
13.032 -8.44996
12.9778 -8.17058
12.9516 -8.00859
12.9979 -8.12891
13.0163 -8.70985
13.068 -8.92528
13.0547 -9.03988
12.9679 -8.73118
12.9846 -8.98985
12.9037 -8.80022
12.8298 -8.55768
12.8207 -8.75731
12.7542 -8.52215
12.6853 -8.69215
12.6601 -8.32441
12.5381 -8.37329
12.543 -8.63687
12.3728 -8.39255
12.4564 -8.8329
12.6045 -8.86366
12.5932 -9.04539
12.7171 -9.08646
12.7986 -8.95894
12.8461 -9.23857
12.7909 -9.50199
12.643 -9.29286
12.6577 -9.58417
12.7612 -9.81159
12.5085 -9.39128
12.3764 -9.57958
12.3885 -9.34538
12.2725 -9.29793
12.1965 -9.48537
12.0814 -9.25796
11.9835 -9.59768
12.2126 -9.70944
11.8777 -9.23385
11.7267 -9.45147
11.673 -9.15549
11.4495 -9.36323
11.4016 -9.01203
11.2108 -9.21835
11.1045 -9.02885
10.8263 -8.89136
11.1641 -8.7916
10.9631 -8.61572
10.779 -8.67551
10.5677 -8.69068
10.5683 -8.92317
10.3062 -8.69783
10.3891 -8.46618
10.5913 -8.42229
10.7747 -8.49862
10.7567 -8.26094
11.0204 -8.33169
11.2304 -8.51802
11.3027 -8.26562
11.4653 -8.43293
11.4334 -8.69258
11.6232 -8.57986
11.6887 -8.85312
11.8298 -8.57578
11.9564 -8.94611
12.0868 -8.66587
12.1916 -9.02368
12.2846 -8.84668
12.3782 -9.12518
12.519 -9.13849
12.2628 -8.57236
12.0918 -8.30958
11.9329 -8.3786
11.8774 -8.08226
11.7716 -8.26512
11.6457 -8.37002
11.6453 -8.20565
11.6232 -8.00914
11.5159 -8.21197
11.37 -8.04154
11.1677 -8.10971
11.1454 -7.87419
10.9408 -8.07681
10.8251 -7.84519
10.7148 -8.0585
10.5029 -8.19265
10.5561 -7.91342
10.2888 -7.96362
10.2403 -8.25854
10.0892 -8.0887
10.015 -8.29622
9.79529 -8.35058
9.93826 -8.49589
9.76444 -8.59213
9.92873 -8.70898
10.1357 -8.53742
9.72035 -8.83135
9.561 -8.70993
9.49156 -8.97912
9.37137 -8.78682
9.22255 -8.96771
9.17459 -8.66989
8.98771 -8.9377
9.40369 -8.59587
9.32798 -8.36018
9.57902 -8.46701
9.58628 -8.21446
9.38891 -8.10819
9.33806 -7.91805
9.56333 -7.98363
9.67291 -9.01661
10.4014 -7.75356
10.3843 -7.58005
10.5963 -7.66248
10.4824 -7.41828
10.7085 -7.49464
10.8142 -7.63999
10.9962 -7.68602
10.9207 -7.50065
11.2282 -7.5689
11.4027 -7.82696
11.5459 -7.68532
11.4583 -7.39727
11.7235 -7.52892
11.6181 -7.22502
11.8122 -7.28092
11.9356 -7.507
11.8955 -7.78764
12.0535 -7.76738
12.1003 -7.46638
12.1988 -7.72724
12.2073 -8.07925
12.2986 -7.91995
12.292 -7.68108
12.402 -7.78863
12.3334 -7.53507
12.4266 -7.50447
12.3129 -7.30985
12.2349 -7.46769
12.1659 -7.15075
11.9801 -7.21767
12.0287 -7.02009
12.0894 -6.92786
12.2007 -6.87275
12.3077 -7.05968
12.3291 -6.85936
12.4317 -7.24369
12.2341 -6.7377
12.3373 -6.69466
12.1807 -6.61605
12.1226 -6.71014
12.0345 -6.61139
11.9731 -6.71513
11.8435 -6.58015
11.7747 -6.80665
11.6168 -6.62471
11.4783 -6.75165
11.5539 -6.96778
11.3011 -6.8859
11.3767 -7.11846
11.0778 -7.0029
11.1998 -7.26293
10.9576 -7.16902
11.0152 -7.35138
10.7172 -7.26374
10.7582 -6.98432
10.4813 -7.03378
10.5223 -6.86291
10.0402 -7.00819
10.673 -6.77904
10.8809 -6.83986
11.0774 -6.78639
10.8663 -6.66626
11.1125 -6.63706
11.2572 -6.72142
11.3511 -6.56465
11.1455 -6.53651
11.0016 -6.56293
11.2259 -6.43635
11.6217 -6.471
11.6601 -6.32807
11.8249 -6.41884
12.0328 -6.49482
11.9523 -6.36425
11.8165 -6.31581
11.7577 -7.06619
11.9023 -7.00917
11.8661 -7.13815
11.9803 -6.86432
12.0815 -6.79931
12.5297 -7.75937
12.5378 -8.05921
12.6397 -8.02207
12.7642 -8.28121
12.4123 -8.1129
12.3116 -8.13241
12.2385 -8.34593
12.0312 -8.01088
11.7475 -7.81491
11.8126 -9.0426
11.5572 -9.65441
11.7523 -9.71271
11.6285 -9.91443
12.88 -9.02397
12.6252 -7.19658
10.7097 -9.71534
9.95222 -10.9353
10.053 -10.6351
10.0356 -10.05
9.93531 -10.0671
9.75269 -10.2049
9.83886 -9.94957
8.93159 -11.4189
10.5737 -13.1945
9.26314 -12.419
9.53523 -13.5642
9.34873 -13.529
8.88855 -13.447
8.72797 -13.3804
8.55571 -13.2948
8.41806 -13.2337
8.41172 -13.1705
8.29145 -13.1073
8.29014 -13.003
8.20174 -12.9733
8.16716 -12.8627
8.41714 -13.0882
8.54109 -13.2074
7.87557 -11.7269
10.2465 -13.6771
10.1173 -13.6789
10.4997 -13.6989
8.45142 -13.2682
7.1601 -10.8689
7.20206 -10.9666
11.543 -13.5587
11.6601 -13.539
11.4887 -13.5745
11.5104 -13.5576
11.7956 -13.4942
11.6772 -13.4863
11.3775 -13.5606
11.1156 -13.6127
11.2054 -13.5499
11.528 -13.4629
11.4148 -13.4408
11.6514 -13.3801
11.3215 -13.3888
11.3388 -13.2802
11.1582 -13.4911
11.8371 -13.3812
12.1094 -12.3359
12.2412 -12.104
12.2897 -12.266
12.2775 -12.4393
12.363 -12.2886
12.4056 -12.1251
12.4527 -12.3025
12.4445 -12.5162
13.1783 -9.49845
12.6492 -12.9571
12.575 -13.077
12.8056 -12.356
12.8627 -12.3889
12.8798 -12.2045
12.9567 -12.0175
12.9732 -12.1778
13.059 -11.8765
13.0006 -11.8255
13.0786 -11.6578
13.1975 -11.1228
13.1856 -11.2595
13.1419 -11.497
13.1335 -11.6566
13.1338 -11.7523
7.32988 -11.2184
