3.28032 5.13933
4.31697 9.56922
4.87174 10.9022
4.98301 11.0954
5.12161 11.2711
5.37424 11.3564
5.89423 11.5147
6.16126 11.5939
6.40195 11.5542
6.61037 11.498
6.81098 11.3927
6.98287 11.2448
7.43496 10.7872
7.57258 10.6387
7.93964 10.1058
8.57285 9.1815
8.78337 8.8002
9.59309 6.52361
9.77615 5.98438
9.84863 5.73568
9.881 5.5399
10.0554 4.4608
10.0884 4.2327
10.1148 4.00675
10.1355 3.80799
10.1464 3.3257
10.1355 2.94613
10.1173 2.77776
10.0881 2.61861
10.0169 2.28269
9.95272 2.12477
9.89632 1.98587
9.79827 1.78521
9.64577 1.58075
9.52843 1.47393
9.01771 1.07615
8.50368 0.689674
8.30814 0.549757
8.0624 0.379615
7.90944 0.29728
7.80414 0.273029
7.68114 0.25369
7.57335 0.256876
7.40232 0.292421
5.49977 0.850641
5.25427 0.946331
5.21233 0.968187
5.07805 1.04794
4.74487 1.31244
4.58545 1.46022
4.02049 2.07079
3.59579 2.59014
3.53406 2.68798
3.47955 2.81885
3.26991 3.55954
3.24086 3.75735
3.23698 4.30713
