-5.54105 -3.24953
-5.58998 -3.061
-5.52145 -2.94396
-5.56412 -2.84723
-5.53599 -2.68817
-5.48125 -2.66135
-5.49554 -2.51258
-5.44815 -2.4019
-5.48653 -2.33202
-5.36718 -2.15188
-5.39566 -2.3177
-5.43959 -2.49874
-5.41984 -2.45982
-5.45038 -2.70621
-5.40263 -2.53204
-5.35009 -2.31744
-5.35188 -2.47503
-5.27785 -2.24315
-5.24236 -2.11545
-5.15568 -2.07474
-5.24209 -2.28895
-5.12742 -2.21118
-5.03345 -1.99336
-5.02615 -1.78008
-4.87348 -1.8024
-4.97361 -2.09923
-4.84181 -2.00096
-4.71474 -1.84344
-4.69621 -1.63984
-4.53835 -1.65886
-4.60458 -1.90278
-4.4494 -1.79524
-4.46266 -1.98355
-4.65253 -2.14637
-4.48315 -2.19358
-4.60596 -2.38142
-4.37735 -2.40536
-4.30249 -2.08808
-4.09 -2.23596
-4.11207 -1.94957
-3.8851 -1.99113
-3.97515 -1.78884
-3.68754 -1.73885
-3.90754 -1.54918
-3.60706 -1.43552
-3.33809 -1.5672
-3.37773 -1.83936
-3.04745 -1.69333
-2.93012 -1.34887
-2.60801 -1.57076
-2.52363 -1.26586
-2.21871 -1.36741
-2.21739 -1.62414
-2.41209 -1.81471
-1.94791 -1.8506
-2.2896 -1.98024
-2.54369 -1.98655
-2.80298 -1.87664
-2.75985 -2.10425
-2.4149 -2.1584
-2.69017 -2.28599
-3.03498 -2.27842
-2.8029 -2.51453
-2.4207 -2.39569
-2.42377 -2.64725
-2.09962 -2.51086
-2.06319 -2.73624
-2.35554 -2.92067
-1.95619 -2.98455
-2.22082 -3.18756
-1.86193 -3.25126
-2.08054 -3.3973
-1.7916 -3.54571
-2.10869 -3.5816
-2.36134 -3.4217
-2.3399 -3.69764
-1.91748 -3.84714
-2.24197 -3.95605
-2.6665 -3.88185
-2.35728 -4.15783
-1.91747 -4.22509
-2.2354 -4.48177
-1.72404 -4.65739
-2.03529 -4.73429
-1.88326 -5.04376
-1.32009 -5.12952
-1.21016 -4.70867
-0.941104 -5.03397
-0.711255 -5.49046
-1.21416 -5.68171
-1.60392 -5.41844
-1.52413 -5.67592
-1.5174 -5.96598
-1.77234 -5.67969
-1.90316 -6.01321
-1.68908 -6.28275
-1.39926 -6.32751
-1.13023 -6.1388
-1.17132 -6.37654
-1.04618 -6.32745
-1.02066 -6.52057
-0.901458 -6.29872
-0.658491 -6.5113
-0.723711 -6.02735
-0.46362 -6.26809
-0.302849 -6.053
-0.521493 -5.83066
-0.400195 -5.75688
-0.210865 -5.81752
-0.310064 -5.58192
-0.416211 -5.33529
-0.613523 -5.08058
-0.337686 -5.15956
-0.118746 -5.35924
-0.194401 -5.14298
-0.0416584 -5.1057
0.176897 -5.24032
0.172279 -5.57937
0.358726 -5.4531
0.416931 -5.79655
0.556175 -5.48921
0.409726 -5.18823
0.646485 -5.12244
0.381244 -4.8531
0.595981 -4.63135
0.847733 -4.92224
0.87141 -5.24795
1.00896 -5.15364
1.04537 -4.89638
1.22571 -5.22093
1.22284 -4.68222
0.890582 -4.51454
1.04528 -4.28346
1.20182 -4.27768
1.37197 -4.43336
1.28524 -4.05163
1.05394 -3.90024
1.18941 -3.64949
0.98249 -3.42969
1.11178 -3.2411
0.940145 -3.08506
1.02149 -2.87456
0.808541 -2.80072
0.787861 -3.1813
0.60479 -2.95818
0.612247 -3.32806
0.811347 -3.58803
0.623601 -3.72139
0.837942 -4.02709
0.596811 -4.14787
0.427454 -4.32542
0.324543 -4.5246
0.253052 -4.27027
0.0301752 -4.36683
0.184926 -4.65622
0.151836 -4.84511
-0.0317159 -4.653
-0.0690279 -4.87543
0.109448 -5.00944
-0.205676 -5.0029
-0.269339 -4.85577
-0.393474 -4.95981
-0.425351 -4.76479
-0.632522 -4.7869
-0.860548 -4.82722
-0.913936 -4.5853
-1.2125 -4.41687
-1.50122 -4.41482
-1.45503 -4.12434
-1.53852 -3.80369
-1.10592 -3.8973
-0.982381 -4.28798
-0.619001 -4.16573
-0.587077 -4.53293
-0.285647 -4.44573
-0.270693 -4.68805
-0.272747 -4.2017
-0.116012 -4.01217
-0.398037 -3.9412
-0.711119 -3.77738
-0.436263 -3.60839
-0.245769 -3.80061
-0.195562 -3.60217
-0.111 -3.78604
-0.0476542 -3.65066
0.0242629 -3.83259
0.124122 -4.06525
0.174704 -3.82991
0.334111 -4.01409
0.274771 -3.60826
0.455078 -3.79253
0.448045 -3.46965
0.301102 -3.28888
0.107782 -3.27641
0.0814519 -3.6026
-0.0726104 -3.42599
-0.129465 -3.11737
-0.29039 -3.33348
-0.407343 -2.98197
-0.546404 -3.27832
-0.701348 -3.48736
-0.815693 -3.24522
-1.02191 -3.50341
-1.39688 -3.57674
-1.32212 -3.33241
-1.10703 -3.17005
-1.50734 -3.06008
-1.58062 -3.35509
-1.1218 -2.87011
-1.41946 -2.77546
-1.7181 -2.78421
-1.56256 -2.5913
-1.83886 -2.60383
-1.78396 -2.42042
-2.08735 -2.28833
-1.72261 -2.1635
-1.43423 -2.39243
-1.28112 -2.19493
-1.08016 -2.41541
-1.24372 -2.60721
-0.928576 -2.65138
-0.83961 -2.85583
-0.656118 -2.75573
-0.680218 -3.01966
-0.899257 -3.02562
-0.438483 -2.61716
-0.188802 -2.79479
-0.201118 -2.46569
-0.526194 -2.27052
-0.741483 -2.45068
-0.739837 -2.24572
-0.945543 -2.2297
-0.821302 -2.04686
-1.11802 -2.04656
-1.45107 -1.95669
-1.14575 -1.83295
-1.51944 -1.68763
-1.83137 -1.4999
-1.51589 -1.49841
-1.19994 -1.52319
-1.49566 -1.31123
-1.12389 -1.20917
-1.43486 -1.02634
-1.84374 -1.15864
-2.20719 -1.07735
-1.95833 -0.972422
-1.71973 -0.883646
-2.04676 -0.786336
-1.65009 -0.636939
-1.39023 -0.759033
-1.36878 -0.564183
-1.15966 -0.634566
-1.17594 -0.413558
-1.5237 -0.417794
-1.4017 -0.236092
-1.69622 -0.261235
-1.89425 -0.45163
-1.90403 -0.271474
-2.14628 -0.285299
-2.31086 -0.561495
-2.59056 -0.935461
-2.65016 -0.620605
-2.98359 -0.763431
-3.02362 -1.07456
-3.29371 -1.27964
-3.28153 -1.00589
-3.53148 -1.17372
-3.80289 -1.26541
-3.66961 -1.03803
-3.49001 -0.959321
-3.61982 -0.799462
-3.33151 -0.766479
-3.4485 -0.591395
-3.15266 -0.496045
-3.44473 -0.407178
-3.18352 -0.27621
-2.8269 -0.259799
-2.8291 -0.497396
-2.52613 -0.380436
-2.3847 -0.125959
-2.66241 -0.0213142
-2.28016 0.0964712
-2.11926 -0.0189649
-2.13299 -0.123705
-1.88943 -0.108575
-1.92647 0.0970551
-1.60838 0.0364198
-1.58633 -0.116443
-1.34301 -0.0694256
-1.11195 -0.193702
-1.09517 -0.0392226
-0.831422 -0.126443
-0.863786 -0.337763
-0.623858 -0.289703
-0.497868 -0.145171
-0.34328 -0.422063
-0.635328 -0.458098
-0.518659 -0.667957
-0.865674 -0.594684
-0.715734 -0.844401
-1.05879 -0.877227
-0.768543 -1.11581
-0.39196 -1.02712
-0.535036 -1.33077
-0.807112 -1.43353
-0.421423 -1.69427
-0.290442 -1.39383
-0.0415478 -1.63856
-0.0821185 -1.95238
-0.290196 -2.10444
-0.0152555 -2.26229
0.0305147 -2.51364
0.236422 -2.42725
0.182684 -2.08007
0.401 -2.21053
0.502439 -2.43655
0.395984 -2.75299
0.607203 -2.66673
0.736457 -2.44835
0.944058 -2.53976
0.880949 -2.19607
0.633788 -2.14103
0.768766 -1.99218
0.650438 -1.78093
0.425691 -1.95801
0.421511 -1.70584
0.218324 -1.80164
0.249857 -1.46097
-0.0554438 -1.25598
0.223925 -1.02529
0.448046 -1.24375
0.527268 -1.50063
0.669454 -1.29792
0.667712 -1.53586
0.793694 -1.56297
0.888915 -1.31674
0.770762 -1.01444
0.518951 -0.954379
0.664074 -0.767676
0.841769 -0.78662
0.951777 -1.05682
1.04739 -0.855751
1.13876 -1.16433
1.02511 -1.26814
1.13993 -1.39563
1.26191 -1.41015
1.24764 -1.57498
1.3616 -1.61616
1.41105 -1.51445
1.29767 -1.29923
1.45537 -1.42439
1.34311 -1.21711
2.08827 -7.15199
2.08456 -7.08517
2.1105 -6.98907
2.12668 -6.87946
2.17774 -6.47517
2.14949 -6.60222
2.14456 -6.71724
2.10383 -6.64442
2.08189 -6.82268
2.06106 -6.99456
2.03784 -6.88991
1.99752 -7.13273
2.03963 -7.16376
2.05489 -7.17912
2.0533 -7.23496
2.02878 -7.27139
2.01649 -7.35073
1.74721 -7.7582
1.84228 -7.71362
1.6558 -7.89395
1.67824 -7.86278
1.78405 -7.71228
1.9166 -7.50553
1.82676 -7.51931
1.92878 -7.31714
1.98511 -7.30169
1.95868 -7.10474
1.88716 -7.2859
1.89914 -7.06646
1.80353 -7.36365
1.71406 -7.6083
1.69495 -7.7426
1.59327 -7.79746
1.60953 -7.65527
1.68336 -7.45594
1.55734 -7.52534
1.62541 -7.44526
1.63556 -7.32007
1.48773 -7.33799
1.39227 -7.59922
1.45604 -7.7926
1.22951 -7.82296
1.24062 -8.01886
1.4399 -7.9622
1.55943 -7.89606
1.42205 -8.02713
1.5426 -7.95914
1.65694 -7.84336
1.51452 -7.98894
1.3873 -8.07493
1.33609 -8.12254
1.18509 -8.19179
1.07115 -8.23812
0.928102 -8.26153
0.757351 -8.30769
0.779495 -8.2541
1.07976 -8.20201
0.844645 -8.23108
0.955818 -8.17072
1.18559 -8.08969
1.30366 -8.11108
1.30136 -8.14743
1.44158 -8.06265
1.4566 -7.98585
1.58946 -7.93762
1.47935 -8.02902
-5.61979 -7.93007
-5.54406 -8.04128
-5.64579 -7.9171
-5.59722 -8.02273
-5.67139 -7.83873
-5.71371 -7.77277
-5.73773 -7.66799
-5.82204 -7.00905
-5.80935 -7.17468
-5.79329 -6.98713
-5.77241 -7.20106
-5.76684 -6.90846
-5.71739 -7.10088
-5.72233 -6.81471
-5.65489 -7.04497
-5.63534 -6.7931
-5.5907 -6.99984
-5.56008 -6.83151
-5.51862 -7.05116
-5.59861 -7.21694
-5.51402 -7.35767
-5.41661 -7.23173
-5.40309 -6.93362
-5.31096 -7.10239
-5.29151 -6.83231
-5.212 -6.96985
-5.15581 -6.69443
-5.0718 -6.95903
-5.19843 -7.19435
-5.07105 -7.26073
-4.94769 -7.09475
-4.85572 -6.78359
-4.75675 -7.09261
-4.92408 -7.33171
-4.75262 -7.40199
-4.61012 -7.2417
-4.56108 -7.44443
-4.67153 -7.63642
-4.42566 -7.63526
-4.55419 -7.80911
-4.3418 -7.87026
-4.14667 -7.72039
-4.08357 -7.95541
-3.84247 -7.82727
-3.93196 -7.55927
-3.65978 -7.6517
-3.51426 -7.91286
-3.68573 -7.967
-3.85758 -8.01889
-3.67938 -8.07986
-3.53276 -8.052
-3.52589 -8.12722
-3.57785 -8.13129
-3.47566 -8.2036
-3.36089 -8.16498
-3.34621 -8.25923
-3.2027 -8.29026
-3.30723 -8.30903
-3.13008 -8.36054
-3.20058 -8.35872
-3.33869 -8.3259
-3.40169 -8.32496
-3.19198 -8.35692
-3.01468 -8.35926
-2.99973 -8.33714
-3.10664 -8.31178
-2.80394 -8.31008
-2.87297 -8.27004
-2.65992 -8.277
-2.63397 -8.25012
-2.47586 -8.25979
-2.42835 -8.2934
-2.20135 -8.26728
-2.37575 -8.22667
-2.01943 -8.23151
-1.72007 -8.23021
-1.44887 -8.20926
-1.48223 -8.26491
-1.25081 -8.24767
-1.15263 -8.19037
-1.05474 -8.2452
-1.16633 -8.27691
-0.859417 -8.28019
-0.883998 -8.22718
-0.673307 -8.25101
-0.682924 -8.18657
-0.451677 -8.22441
-0.462746 -8.1481
-0.911653 -8.14955
0.357141 -8.15583
0.664729 -8.09996
0.531455 -8.19573
0.135779 -8.22192
0.107693 -8.1659
-0.166336 -8.1907
-0.000947475 -8.11016
-0.245699 -8.10351
-0.214929 -8.24399
-0.491577 -8.28996
-0.0850921 -8.27428
-0.42787 -8.33136
-0.724629 -8.31945
-1.04855 -8.32474
-0.800711 -8.34252
-1.06751 -8.36445
-1.39306 -8.33633
-1.34442 -8.30251
-1.6413 -8.29199
-1.84805 -8.25802
-2.00761 -8.28081
-1.76453 -8.31954
-1.53433 -8.35943
-1.33828 -8.37133
-1.45969 -8.37022
-1.21571 -8.38154
-0.9338 -8.38422
-1.2704 -8.39608
-1.1262 -8.39935
-0.907438 -8.39321
-1.01407 -8.35994
-0.801716 -8.38056
-0.680759 -8.39839
-0.604295 -8.38793
-0.383965 -8.40191
-0.380616 -8.39791
-0.582708 -8.37411
-0.451347 -8.3779
-0.674087 -8.32498
-0.448037 -8.30712
-0.183732 -8.38046
-0.136185 -8.34159
-0.178923 -8.23573
0.059341 -8.30131
0.0819378 -8.37271
0.285786 -8.32721
0.327899 -8.36929
0.503543 -8.32943
0.524814 -8.34112
0.718249 -8.30496
0.634894 -8.33233
0.426671 -8.36135
0.632912 -8.32928
0.825341 -8.28619
1.01844 -8.2374
0.954749 -8.24915
1.14332 -8.18102
1.29276 -8.12642
1.28452 -8.0982
1.09399 -8.1705
0.996041 -8.12617
0.868836 -8.23732
0.668331 -8.28734
0.741626 -8.17073
0.492984 -8.26015
0.505502 -8.13057
0.272372 -8.2382
0.261001 -8.11201
0.0597501 -8.19526
0.0573134 -8.04401
-0.078403 -8.15014
-0.22591 -8.07634
-0.449861 -8.17398
-0.454339 -8.05096
-0.365482 -7.92804
-0.0782962 -7.85102
-0.29845 -7.7483
-0.0977345 -7.64297
0.164893 -7.58008
0.22249 -7.82525
0.47162 -7.57345
0.444437 -7.83469
0.278186 -7.97931
0.439584 -8.00024
0.590034 -7.88296
0.610671 -7.99071
0.790514 -7.85133
0.758725 -8.03301
0.990232 -7.90667
0.91653 -8.06198
1.0786 -7.99828
1.12269 -7.71313
1.25567 -7.6235
1.18175 -7.52433
1.05786 -7.61313
0.981601 -7.75331
0.913745 -7.64101
0.687381 -7.68156
0.864021 -7.49169
1.05695 -7.42145
0.911285 -7.26013
0.720384 -7.44212
0.63451 -7.18354
0.397424 -7.38077
0.434527 -7.23716
0.42503 -7.06831
0.562219 -6.88036
0.732557 -6.80872
0.57922 -6.5057
0.881041 -6.51631
0.953771 -6.91193
1.13042 -6.60428
1.0421 -6.33968
1.19967 -6.23877
1.04988 -6.11138
1.12893 -5.90178
1.27323 -5.98349
1.35974 -6.16423
1.39637 -6.49877
1.52489 -6.1551
1.40451 -5.90142
1.54657 -5.83751
1.67072 -5.9695
1.65843 -5.57406
1.4389 -5.5514
1.50306 -5.07281
1.25612 -5.67862
1.03786 -5.51551
0.959036 -5.86664
0.794573 -5.56843
0.817591 -5.93002
0.655189 -5.84542
0.743077 -6.18545
0.918209 -6.16723
0.561686 -6.10868
0.363961 -6.18666
0.310434 -6.4983
0.0640874 -6.266
0.0924969 -6.71151
0.381571 -6.7859
0.22928 -6.99405
0.234186 -7.26578
-0.0585356 -7.07915
-0.0363564 -7.41663
-0.246703 -7.3252
-0.432431 -7.11746
-0.480686 -7.44084
-0.262245 -7.54265
-0.435475 -7.63572
-0.591844 -7.61913
-0.545614 -7.79412
-0.762968 -7.70636
-0.774002 -7.90925
-0.97917 -7.79399
-1.02609 -7.96713
-1.18218 -7.85581
-1.29789 -7.99673
-1.42078 -7.79353
-1.59388 -7.95712
-1.77964 -7.79856
-1.84424 -7.95562
-2.15425 -7.86294
-1.98613 -8.07414
-1.72296 -8.04792
-1.68916 -8.15924
-1.4962 -8.08408
-1.33858 -8.21228
-1.30082 -8.10655
-1.03884 -8.12627
-0.965068 -8.26801
-0.770556 -8.23219
-0.823711 -8.34225
-1.14295 -8.30709
-1.29931 -8.35958
-1.40122 -8.29989
-1.56925 -8.33914
-1.4901 -8.37922
-1.69736 -8.38782
-1.52308 -8.37314
-1.34353 -8.38444
-1.61166 -8.36972
-1.68005 -8.36099
-1.74074 -8.37328
-1.9156 -8.35801
-2.12412 -8.33486
-2.17725 -8.3611
-2.40687 -8.33816
-2.63156 -8.34658
-2.83215 -8.34483
-2.6429 -8.36104
-2.85019 -8.37186
-2.98677 -8.37522
-2.77714 -8.3758
-2.95049 -8.33761
-2.67786 -8.36024
-2.58403 -8.38984
-2.40828 -8.37673
-2.42539 -8.37519
-2.21495 -8.37562
-2.23418 -8.35728
-2.07901 -8.36346
-2.12134 -8.30875
-1.86082 -8.3422
-1.95999 -8.38323
-1.9318 -8.23857
-1.63772 -8.26732
-2.27343 -8.19107
-2.33495 -8.29989
-2.42461 -8.2517
-2.53422 -8.29286
-2.79792 -8.25511
-2.55447 -8.20736
-2.75128 -8.14158
-2.99986 -8.11268
-3.1016 -8.22457
-3.27225 -8.07409
-3.42353 -8.05589
-3.20695 -7.93225
-3.43351 -7.7702
-3.25477 -7.74407
-3.44459 -7.58384
-3.61453 -7.49522
-3.74424 -7.45238
-3.53891 -7.3123
-3.91018 -7.28218
-4.20641 -7.43813
-4.13014 -7.15124
-3.9592 -7.09233
-3.76507 -7.03505
-3.98928 -6.92632
-3.73603 -6.72962
-4.04165 -6.66376
-4.24249 -6.94358
-4.39631 -7.24188
-4.50387 -6.99522
-4.33349 -6.69446
-4.59926 -6.73092
-4.40747 -6.424
-4.67934 -6.36598
-4.85883 -6.54028
-4.98826 -6.62956
-4.8889 -6.34971
-5.04514 -6.3868
-5.16687 -6.41223
-5.25423 -6.57953
-5.26269 -6.27794
-5.35542 -6.61752
-5.40041 -6.31612
-5.48035 -6.67206
-5.52736 -6.28012
-5.58461 -6.57125
-5.60228 -6.34716
-5.69372 -6.4304
-5.61255 -6.06872
-5.71002 -6.04043
-5.76714 -6.18264
-5.79062 -6.56533
-5.81054 -6.29591
-5.83273 -6.54586
-5.80831 -6.75814
-5.85037 -6.68294
-5.84337 -6.85828
-5.86902 -6.52619
-5.85712 -6.58973
-5.86044 -6.40226
-5.84322 -6.12572
-5.8481 -6.26479
-5.80229 -5.97159
-5.83991 -6.00368
-5.85067 -5.91107
-5.83719 -5.77379
-5.79015 -5.69324
-5.85604 -5.54153
-5.86063 -5.26772
-5.79336 -5.13176
-5.75299 -4.94293
-5.74443 -5.14886
-5.70206 -5.11903
-5.69089 -4.7879
-5.73216 -4.69318
-5.6673 -4.56098
-5.70085 -4.45762
-5.6265 -4.31701
-5.61712 -4.47277
-5.56233 -4.03672
-5.53595 -4.10591
-5.52226 -4.32236
-5.46588 -4.05456
-5.37817 -4.10895
-5.46169 -4.46797
-5.56115 -4.66021
-5.4721 -4.73597
-5.38679 -4.45862
-5.34962 -4.72695
-5.24544 -4.22375
-5.17088 -4.75655
-5.06518 -4.21149
-5.02625 -4.47056
-4.91323 -4.18868
-4.92203 -4.54946
-5.03532 -4.66453
-5.00272 -4.88823
-4.78349 -4.85263
-4.95104 -5.27919
-5.12114 -5.24236
-5.09221 -5.64428
-5.2349 -5.60814
-5.20879 -5.91888
-5.32784 -5.96418
-5.09627 -6.07439
-5.38425 -5.59733
-5.43442 -6.01683
-5.51033 -5.88065
-5.57009 -5.72431
-5.64645 -5.73124
-5.59932 -5.60234
-5.55914 -5.48866
-5.49103 -5.55554
-5.51137 -5.28978
-5.43699 -5.32502
-5.34892 -5.12244
-5.25494 -5.26809
-5.45472 -5.04118
-5.55989 -5.02102
-5.58224 -5.2944
-5.64708 -5.20478
-5.62256 -5.4614
-5.68523 -5.4462
-5.74567 -5.77789
-5.75685 -5.39336
-5.6567 -4.88447
-4.91443 -5.72484
-4.95098 -6.11626
-4.78923 -6.017
-4.57588 -5.91883
-4.68411 -5.58758
-4.4998 -5.60994
-4.51667 -5.2905
-4.66443 -5.18285
-4.79891 -5.32685
-4.54575 -4.85481
-4.62394 -4.49024
-4.46188 -4.44419
-4.3849 -4.69234
-4.30359 -4.44945
-4.21215 -4.69152
-4.3342 -5.03272
-4.11749 -4.96191
-3.95172 -4.70309
-3.8636 -5.09232
-4.13075 -5.27078
-3.90665 -5.45105
-3.68942 -5.3392
-3.63924 -5.61204
-3.4494 -5.40831
-3.41683 -5.5953
-3.38853 -5.79683
-3.17348 -5.5672
-3.03002 -5.96735
-2.79882 -5.66379
-2.63473 -5.98291
-2.75926 -6.2267
-2.44195 -6.30968
-2.27167 -6.0252
-2.00176 -6.45439
-2.3331 -6.68696
-1.96623 -6.87037
-2.19743 -7.01325
-1.89659 -7.23354
-1.62653 -6.95567
-1.49122 -7.26509
-1.26408 -7.01196
-1.23305 -7.27001
-1.34838 -7.44152
-1.08812 -7.43961
-1.32485 -7.59709
-1.61402 -7.55099
-1.15656 -7.69141
-0.93423 -7.59703
-0.863196 -7.42921
-0.721821 -7.51592
-0.683459 -7.31865
-0.867828 -7.29054
-0.727002 -7.14757
-0.972063 -7.12908
-0.681467 -6.91503
-0.956633 -6.80918
-1.18195 -6.74958
-1.3926 -6.7965
-1.2937 -6.57148
-1.60155 -6.60669
-1.79714 -6.74498
-0.389909 -6.79606
-0.246595 -6.95087
-0.153763 -6.80649
-0.241808 -6.48982
-2.07866 -7.58159
-2.39067 -7.24497
-2.51034 -7.5589
-2.29894 -7.70664
-2.49951 -7.77393
-2.51919 -7.93839
-2.78876 -7.82771
-2.84226 -7.99369
-3.03974 -7.84464
-3.0445 -7.68408
-2.74912 -7.67917
-2.89487 -7.51037
-2.72224 -7.34532
-3.08952 -7.24316
-3.22777 -7.4969
-3.26239 -7.63124
-3.39788 -6.93662
-3.03976 -6.97678
-2.76558 -7.1247
-2.808 -6.84902
-2.59525 -7.04722
-2.48151 -6.93326
-2.64997 -6.67466
-3.02837 -6.43535
-3.14279 -6.74681
-3.41685 -6.57192
-3.75475 -6.32159
-3.40006 -6.34743
-3.38397 -6.12378
-3.67086 -5.9361
-3.91342 -6.02907
-4.04602 -6.18229
-4.14323 -6.41279
-4.2384 -6.21754
-4.40767 -6.1135
-4.15248 -5.95788
-4.36056 -5.78193
-4.14228 -5.6145
-3.91279 -5.76749
-4.33815 -5.43896
-2.64071 -6.46376
-2.54063 -8.09065
-2.29089 -8.0327
-2.14114 -5.65225
-2.46722 -5.7104
-2.36148 -5.51263
-2.56682 -5.42762
-2.89092 -5.3311
-2.62094 -5.10591
-2.26012 -5.27327
-2.32867 -4.84206
-1.93027 -5.40024
-2.72729 -4.79632
-2.95989 -5.00915
-3.01822 -4.73989
-3.27449 -4.88788
-3.21755 -5.22109
-3.52971 -5.12125
-3.61352 -4.77698
-3.24219 -4.46796
-3.71545 -4.39165
-4.07233 -4.30563
-3.7918 -3.99321
-4.08581 -3.81148
-4.30946 -4.13359
-4.33517 -3.76767
-4.52794 -4.07796
-4.48795 -3.69063
-4.64387 -3.82543
-4.74725 -4.2638
-4.7927 -3.92412
-4.91606 -3.74958
-4.73584 -3.63492
-4.75334 -3.3027
-4.93223 -3.34246
-5.06542 -3.55499
-5.0926 -3.90017
-5.17647 -3.79084
-5.26057 -3.84764
-5.31051 -3.67161
-5.19844 -3.473
-5.27736 -3.35971
-5.22279 -3.06134
-5.33438 -3.18367
-5.35089 -3.49049
-5.39239 -3.3646
-5.42833 -3.63203
-5.39703 -3.80533
-5.46721 -3.88431
-5.49585 -3.80016
-5.44637 -3.46822
-5.50814 -3.64144
-5.54078 -3.78727
-5.56573 -3.97046
-5.58844 -4.09232
-5.56491 -3.91437
-5.60568 -4.02842
-5.65404 -4.18866
-5.59931 -3.86953
-5.53152 -3.66175
-5.55758 -3.48547
-5.75075 -4.58942
-5.52512 -3.40793
-5.50331 -3.18182
-5.50942 -3.44389
-5.47995 -3.1187
-5.4862 -2.91861
-5.46999 -2.92278
-5.45877 -2.97467
-5.40864 -2.7577
-5.40599 -3.1111
-5.33269 -2.81607
-5.22905 -2.4834
-5.21544 -2.74513
-5.11518 -2.83645
-5.10645 -2.58914
-4.94679 -2.72147
-4.97986 -2.46286
-4.86845 -2.4573
-4.76325 -2.5544
-4.75376 -2.3485
-4.59174 -2.69081
-4.78114 -2.78174
-4.70985 -2.95907
-4.86074 -3.02971
-4.56325 -3.03419
-4.56758 -3.42071
-4.38712 -3.10695
-4.34562 -3.4105
-4.2154 -3.10035
-4.16417 -3.30331
-4.19918 -3.53345
-4.00491 -3.40806
-3.77487 -3.5861
-3.70647 -3.15789
-3.45752 -3.408
-3.34679 -3.09072
-3.20221 -3.29336
-3.03219 -3.09278
-2.95629 -3.32596
-3.10386 -3.59473
-2.69464 -3.51021
-2.64448 -3.1792
-3.13539 -4.01592
-3.48164 -3.77971
-3.49371 -4.12389
-2.72792 -4.2964
-2.86223 -4.56467
-2.57298 -4.58071
-2.79185 -2.83931
-3.14785 -2.88648
-3.07262 -2.69475
-3.43076 -2.75485
-3.15719 -2.52155
-3.40974 -2.40425
-3.69253 -2.54673
-3.81306 -2.81663
-4.01162 -3.08995
-4.09348 -2.78484
-4.26526 -2.93635
-4.35688 -2.77631
-4.18438 -2.52627
-3.9747 -2.4761
-3.88623 -2.61014
-3.83102 -2.46686
-3.74244 -2.26838
-3.34778 -2.10505
-3.62224 -1.98759
-3.13546 -1.91639
-3.02688 -2.055
-5.05228 -3.13265
-4.86749 -2.23209
-4.74345 -2.0239
-5.06865 -2.33884
-5.47964 -3.28781
-4.41383 -7.44864
-0.705331 -8.16406
-0.638701 -8.05915
-0.845029 -8.04699
-0.561747 -7.96045
-0.0520258 -5.95867
0.166451 -5.91996
-0.0470061 -5.70855
1.71621 -5.23472
1.68931 -4.91128
1.55423 -4.64182
1.67839 -4.67627
1.65816 -4.42766
1.48344 -4.18113
1.62703 -4.02426
1.75388 -4.30676
1.73969 -3.96249
1.81873 -4.20271
1.85247 -4.4952
1.8909 -4.26496
1.82461 -3.95639
1.91973 -3.92372
1.80976 -3.60244
1.90354 -3.33702
2.03735 -3.76646
2.02674 -3.38872
1.97753 -3.0782
2.05447 -3.24501
2.1277 -3.52237
2.08475 -3.24602
2.13858 -3.32487
2.17991 -3.49753
2.12653 -3.29527
2.10942 -3.21299
2.08126 -3.05684
2.15612 -3.31203
2.12072 -3.10656
2.07966 -2.89724
2.16011 -3.19466
2.06022 -2.7137
2.03664 -2.70081
2.03945 -2.8303
2.00737 -2.6751
2.00604 -2.54077
2.04488 -2.56367
1.94418 -2.38798
1.92089 -2.44144
1.88188 -2.27027
1.8986 -2.44912
1.96247 -2.66897
1.96617 -2.62064
2.02454 -2.84448
1.99039 -2.66042
1.9564 -2.51862
1.97178 -2.52387
2.02563 -2.81359
2.08865 -3.11631
2.01874 -2.98797
1.93829 -2.72659
1.87251 -2.82638
1.8338 -2.41616
1.84738 -2.24155
1.7781 -2.06913
2.32808 -5.94452
2.3064 -5.73576
2.24363 -5.82501
2.23784 -6.06464
2.1644 -6.09374
2.20147 -6.26245
2.12927 -6.4014
2.05137 -6.62152
1.98632 -6.88252
1.9641 -6.70512
2.02695 -6.49071
1.99574 -6.30956
1.87618 -6.64154
1.8632 -6.89817
1.77581 -7.1679
1.77976 -6.90092
1.69203 -7.09789
1.59306 -7.15704
1.63214 -6.92533
1.50225 -7.09933
1.43117 -6.89881
1.58975 -6.638
1.75142 -6.65294
1.71053 -6.41582
1.85913 -6.37008
1.78134 -6.14468
1.92472 -6.01511
1.81458 -5.81199
1.90426 -5.80407
1.96544 -5.71756
1.89826 -5.65484
1.93298 -5.43262
1.81688 -5.47518
1.83117 -5.09942
1.96218 -5.08145
1.87764 -4.81228
1.77194 -4.68514
1.94731 -4.64936
2.03821 -4.9358
2.03614 -5.17686
2.10677 -5.2501
2.03004 -5.40377
2.09527 -5.64165
2.1614 -5.48585
2.18669 -5.21107
2.12772 -4.83029
2.18941 -4.97135
2.21786 -5.10931
2.25085 -5.23517
2.23837 -4.97447
2.28097 -5.14073
2.28069 -4.91836
2.32083 -5.02699
2.31113 -5.23998
2.32947 -5.37861
2.32585 -4.08113
2.25028 -3.65942
2.2534 -4.00964
2.25908 -4.2552
2.27654 -4.28189
2.26846 -4.4847
2.29264 -4.88582
2.28081 -4.74593
2.25086 -4.71252
2.23801 -4.47236
2.20037 -4.68236
2.1923 -4.24162
2.15225 -4.54691
2.11106 -4.41688
2.03711 -4.56461
2.03045 -4.18721
2.10606 -4.10138
2.14771 -3.88883
2.21088 -3.80595
1.96194 -4.32587
2.32166 -5.55044
2.27543 -5.61256
2.28259 -5.39158
2.23707 -5.51478
2.16497 -5.76785
2.09203 -6.00768
2.08156 -6.32226
2.03095 -5.89407
2.03146 -5.64663
1.9936 -5.55367
1.65829 -6.22834
1.58511 -6.3998
1.26426 -6.79712
1.13611 -6.85575
1.17988 -7.08852
1.3667 -7.1993
1.23123 -7.33434
1.3242 -7.43593
1.67669 -1.91551
1.72129 -2.1696
1.60932 -1.95521
1.65371 -2.21319
1.74627 -2.52778
1.634 -2.42128
1.69404 -2.77991
1.79508 -2.92816
1.76092 -3.18242
1.63931 -2.97989
1.68557 -3.43951
1.75813 -3.74417
1.71472 -3.72679
1.6588 -3.72523
1.56407 -3.44027
1.53244 -3.0376
1.3982 -3.16131
1.38091 -2.81622
1.27787 -2.81482
1.23652 -2.44419
1.4284 -2.62306
1.35476 -2.20906
1.48771 -2.46426
1.46588 -2.20334
1.39396 -1.9614
1.25464 -1.81292
1.33317 -1.73975
1.15378 -1.5793
1.10676 -1.71201
1.18068 -2.01254
1.03952 -1.85373
1.05069 -2.11347
1.0522 -2.37651
1.13073 -2.6622
1.21473 -3.02431
0.885027 -1.86606
0.960879 -1.62057
1.04167 -1.46892
1.42246 -1.81116
1.53062 -2.07077
1.48954 -1.75685
1.56609 -1.68537
1.54687 -2.35239
1.59388 -2.62936
1.53977 -2.75485
1.32378 -3.46027
1.47465 -3.51906
1.47593 -3.79521
1.56948 -3.70987
1.35781 -3.83224
1.4221 -4.71688
0.257978 -8.36413
0.495207 -8.32433
0.232777 -8.3306
0.513947 -8.30523
0.239665 -8.31063
-0.0862145 -8.33917
-0.0189219 -8.30162
-0.474417 -8.38468
-0.741041 -8.36122
-0.0875978 -8.36622
-0.101513 -8.39192
0.138092 -8.38519
0.257094 -8.26894
0.488402 -8.26766
0.590454 -8.23535
0.381871 -8.24438
0.567909 -8.21797
0.730411 -8.20159
0.822457 -8.14023
0.999362 -8.13173
0.173747 -8.25344
-3.41464 -7.77986
-3.24508 -7.87324
-3.466 -7.89144
-3.31845 -7.99715
-3.09754 -8.01575
-3.19818 -8.07044
-3.0844 -8.1503
-2.98201 -8.23339
-2.69463 -8.22161
-3.11031 -8.26899
-3.22807 -8.20609
-3.30239 -8.25423
-3.35083 -8.1769
-3.36732 -8.12184
-3.27538 -8.10509
-3.42496 -8.05196
-3.51387 -7.96793
-3.57603 -8.03898
-3.65071 -8.03756
-3.6172 -7.94998
-3.58751 -7.89335
-3.58147 -7.81056
-3.69543 -7.91765
-4.56168 -8.20054
-4.37167 -8.15031
-4.18726 -8.1294
-4.04165 -8.14472
-4.19457 -8.19336
-4.38841 -8.24298
-4.19929 -8.24861
-4.01726 -8.20601
-3.9577 -8.24586
-3.85419 -8.19347
-3.88325 -8.15127
-3.91956 -8.07661
-3.76029 -8.04531
-3.75368 -8.13272
-3.68685 -8.12102
-3.76385 -8.16066
-3.77088 -8.19185
-3.6412 -8.13668
-3.49521 -8.08608
-3.54881 -8.15984
-3.43509 -8.13743
-3.42031 -8.19326
-3.45176 -8.23515
-3.59603 -8.23018
-3.77554 -8.23983
-3.80837 -8.28442
-3.92748 -8.29043
-4.01413 -8.27504
-4.13836 -8.2593
-4.25029 -8.29172
-4.29905 -8.27121
-4.4474 -8.26653
-4.48424 -8.30996
-4.71596 -8.2777
-4.6082 -8.23244
-4.7173 -8.20626
-4.82804 -8.2264
-4.86024 -8.16702
-5.02653 -8.18292
-5.21723 -8.1959
-5.00883 -8.23945
-5.22877 -8.23627
-5.07239 -8.28405
-4.88761 -8.27449
-4.873 -8.30587
-4.69768 -8.31451
-4.66255 -8.31625
-4.48486 -8.30661
-4.27174 -8.31737
-4.08549 -8.30274
-3.99173 -8.31749
-4.16869 -8.3319
-3.94265 -8.31692
-4.09766 -8.31173
-3.89717 -8.23961
-4.08071 -8.24372
-4.02566 -8.13297
-3.83931 -8.12749
-4.29502 -8.07474
-4.19588 -8.19497
-4.38939 -8.21598
-4.24701 -8.283
-4.47003 -8.2986
-4.32166 -8.33445
-4.55952 -8.33703
-4.41993 -8.3338
-4.67937 -8.31367
-4.51071 -8.32452
-4.75547 -8.3232
-4.90652 -8.32424
-5.08464 -8.29929
-5.06783 -8.30471
-5.24457 -8.27357
-5.24472 -8.27571
-5.38171 -8.21352
-5.36129 -8.2202
-5.47601 -8.14601
-5.39419 -8.16648
-5.49828 -8.11298
-5.59291 -7.95226
-5.48199 -8.0473
-5.37429 -8.18991
-5.357 -8.11376
-5.26233 -8.2104
-5.20517 -8.15831
-5.13675 -8.22581
-4.99811 -8.19504
-5.13931 -8.09056
-5.29374 -8.0223
-5.17865 -7.96568
-5.0022 -8.03943
-5.0953 -7.89094
-4.95884 -7.88769
-4.83935 -8.00064
-4.7889 -8.14398
-4.69251 -8.03712
-4.55011 -8.13125
-4.64412 -8.24546
-4.81269 -8.21838
-4.84363 -8.26778
-4.69362 -8.30635
-4.88879 -8.31032
-5.02572 -8.27456
-5.17696 -8.26369
-4.53141 -7.97135
-4.76525 -7.85275
-4.93387 -7.77305
-5.08496 -7.69824
-4.89348 -7.60599
-5.04289 -7.47992
-5.17595 -7.44438
-5.27121 -7.60052
-5.22331 -7.80578
-5.37658 -7.72731
-5.29848 -7.89283
-5.38778 -7.88025
-5.51187 -7.75144
-5.44315 -7.96139
-5.5727 -7.86788
-5.64115 -7.64756
-5.67828 -7.74537
-5.69632 -7.71618
-5.75113 -7.59297
-5.72769 -7.48855
-5.7915 -7.3895
-5.70795 -7.31296
-5.66915 -7.4541
-5.65846 -7.27929
-5.59279 -7.48397
-5.48479 -7.57629
-5.40455 -7.48989
-5.30716 -7.35814
-5.2739 -8.24109
-3.7575 -8.15714
-3.64691 -8.15086
-3.73942 -8.1974
-3.61552 -8.21489
-3.43254 -8.2826
-3.78708 -8.27067
-3.78837 -8.26113
-3.35479 -8.31015
1.97936 -7.38698
1.95743 -7.49958
1.28044 -1.08641
1.20095 -0.998961
1.23841 -1.14243
0.888844 -0.546216
0.093226 0.236985
0.203939 0.09496
0.3686 -0.0453067
0.563289 -0.195738
0.715989 -0.34687
0.666967 -0.536947
0.575995 -0.337321
0.452563 -0.37417
0.426024 -0.600742
0.276611 -0.357224
0.15238 -0.440299
0.212749 -0.650068
0.33948 -0.792781
0.225818 -0.800571
0.0726223 -0.771669
-0.0659709 -0.952586
-0.206478 -0.723323
-0.0205264 -0.550567
-0.0745039 -0.356613
0.0205679 -0.18435
-0.22439 -0.223322
-0.27435 -0.0638582
-0.51077 0.0737764
-0.72646 0.0117465
-0.871032 0.186127
-0.952432 0.0355025
-1.25343 0.117269
-1.24871 0.343752
-1.65453 0.246316
-1.5849 0.412527
-1.92787 0.389094
-2.01581 0.234379
-2.29587 0.274195
-2.56339 0.150396
-2.52972 0.243617
-2.51921 0.331135
-2.23618 0.421072
-2.21583 0.537095
-2.04021 0.597315
-1.85094 0.61545
-1.64073 0.650648
-2.91024 0.270104
-2.71255 0.299401
-2.74031 0.214129
-3.05652 0.129877
-2.88378 0.0635972
-3.22436 -0.0213996
-3.03855 -0.106839
-3.43145 -0.203875
-3.55523 -0.0889883
-3.77096 -0.239442
-3.75796 -0.400093
-3.67455 -0.573266
-3.9217 -0.607301
-3.82211 -0.748453
-3.87088 -0.994545
-4.01534 -0.826824
-4.12496 -1.06582
-4.0201 -1.25696
-4.18 -1.29361
-4.14942 -1.50535
-4.35176 -1.41787
-4.3543 -1.63633
-4.26043 -1.80419
-4.08509 -1.69665
-3.97955 -1.39593
-4.11436 -1.8083
-4.57139 -1.38491
-4.40285 -1.21974
-4.2752 -1.20394
-4.30925 -1.04478
-4.1984 -0.88444
-4.35664 -0.863585
-4.49579 -1.08644
-4.56048 -0.916887
-4.60527 -1.06411
-4.65188 -1.20794
-4.68722 -1.35937
-4.7445 -1.51892
-4.781 -1.35027
-4.86729 -1.58439
-4.92396 -1.49239
-5.08354 -1.69281
-5.15474 -1.90991
-5.19145 -1.85231
-5.24873 -2.0123
-5.31944 -2.17033
-5.2633 -1.94151
-5.34289 -1.96943
-5.19887 -1.78995
-5.25804 -1.74179
-5.1216 -1.60702
-5.16982 -1.55011
-5.04423 -1.42812
-5.02143 -1.4978
-4.9416 -1.33301
-4.96953 -1.27063
-4.84671 -1.13333
-4.85003 -1.26372
-4.71274 -1.11231
-4.70056 -0.970234
-4.62331 -0.822215
-4.38964 -0.652974
-4.64875 -0.7275
-4.52313 -0.576489
-3.20844 0.184975
-3.36902 0.0553101
-3.66918 -0.0115992
-3.84687 -0.150729
-5.25726 -1.64065
-5.3445 -1.73253
-5.42775 -1.93827
-5.45044 -2.11881
-5.54269 -2.31913
-5.4307 -2.17305
-5.5562 -2.50385
-5.58795 -2.51923
-5.58585 -2.67717
-4.04389 -0.293522
-3.96694 -0.363523
-4.17346 -0.433055
-4.06702 -0.510665
-4.15987 -0.708377
-4.34067 -0.462922
-4.20758 -0.374
-0.627544 0.554785
-0.645143 0.446717
-0.383906 0.358351
-0.137455 0.303493
-0.259319 0.251593
-0.0722985 0.174408
-0.201386 0.0919045
-0.531795 0.271891
0.142381 -0.00639912
0.053679 0.168541
0.273523 -0.217196
0.409385 -0.198207
-0.879017 0.379324
-0.870564 0.477602
-1.08443 0.502493
-1.38022 0.508729
-1.23881 0.576715
-1.06962 0.633415
-0.851685 0.551067
-0.781867 0.645026
-1.39041 0.636868
-1.68776 0.538844
-1.9992 0.51895
0.0685525 -1.88215
0.433595 -3.12238
0.237482 -3.00509
0.146321 -2.7176
0.026967 -2.92731
-0.0354857 -2.68482
-0.561984 -1.97421
-0.81657 -1.74658
-2.09454 -2.08691
-0.284003 -5.07001
0.259378 -5.01795
-5.48653 -2.33202
1.20095 -0.998961
-2.51921 0.331135
