-6.8955 -3.74454
-6.54724 -1.52042
-6.48328 -1.37566
-6.41547 -1.23625
-5.52915 0.381665
-5.30299 0.733922
-5.17759 0.920983
-4.94909 1.04887
-4.71801 1.15116
-4.47617 1.19079
-4.24507 1.17738
-4.04771 1.03096
-3.58772 0.668007
-3.33331 0.466088
-1.56243 -1.58596
-1.36811 -1.88902
-1.07863 -2.50891
-1.05117 -2.677
-1.04143 -2.84838
-1.02226 -3.23789
-1.00106 -4.29556
-1.00667 -4.34811
-1.03184 -4.49095
-1.07207 -4.65836
-1.15993 -5.00142
-1.18538 -5.09242
-1.26921 -5.32632
-1.47066 -5.67225
-1.8108 -6.15748
-1.91157 -6.28756
-2.19288 -6.55697
-2.4652 -6.75447
-2.62456 -6.84515
-2.7388 -6.90119
-3.08045 -7.01431
-3.25397 -7.05875
-3.46917 -7.09715
-3.64886 -7.11021
-4.22293 -7.14868
-4.69279 -7.16932
-5.26689 -7.16479
-5.4602 -7.15632
-5.6408 -7.14498
-6.04056 -7.06829
-6.26718 -6.99581
-6.34775 -6.96597
-6.44354 -6.92796
-6.59853 -6.83152
-6.74015 -6.71089
-6.84691 -6.58433
-7.08983 -6.21853
-7.13764 -6.09632
-7.15098 -5.95309
-7.14876 -5.82725
-7.14429 -5.69906
-7.12976 -5.56962
