-7.85878 2.53673
-7.76118 3.57028
-7.72005 3.81809
-7.64507 4.19717
-7.57037 4.56733
-7.35148 5.44526
-7.22177 5.78071
-7.10584 6.06696
-6.98729 6.35656
-6.87157 6.6351
-6.75843 6.9061
-6.31587 7.86255
-6.2117 8.06483
-6.08042 8.2374
-5.92507 8.35003
-5.64574 8.53584
-5.33738 8.65398
-3.76359 8.84291
-3.69361 8.74526
-3.64578 8.63637
-1.25784 3.18086
-1.18684 3.01803
-1.11693 2.85722
-1.12259 2.68135
-1.16549 2.30861
-1.24632 1.67948
-1.35576 1.38154
-1.4027 1.25839
-1.51477 1.04678
-2.04823 0.244572
-2.18824 0.0811056
-2.44404 -0.211887
-2.52813 -0.282874
-2.60266 -0.344033
-2.68728 -0.40798
-4.69347 -1.33614
-4.91015 -1.43554
-5.05511 -1.48242
-5.08927 -1.49299
-5.20145 -1.50334
-5.40326 -1.47922
-5.55072 -1.43664
-5.63939 -1.40655
-5.75656 -1.36124
-6.07399 -1.17987
-6.24364 -1.05616
-6.87779 -0.579518
-7.15486 -0.314566
-7.30843 -0.117859
-7.37899 -0.0264908
-7.4359 0.0720921
-7.55915 0.342469
-7.61397 0.472078
-7.66928 0.615551
-7.72664 0.775242
-7.76259 1.03435
-7.83524 1.5701
-7.85912 2.15268
