-1.8429 -2.25456
-1.83914 -2.08405
-1.8311 -1.90451
-1.76101 -0.403653
-1.74355 -0.254167
-1.7073 -0.12197
-1.5742 0.316784
-1.52915 0.448406
-1.48354 0.555871
-0.435567 2.8019
-0.206617 3.17926
0.225247 3.72313
0.740007 4.1539
0.85935 4.21673
1.5628 4.43885
1.69953 4.47838
1.83433 4.51256
1.97009 4.54346
2.12798 4.57148
2.30021 4.6002
2.46661 4.61204
2.62984 4.62231
2.76373 4.61409
3.04798 4.57758
3.23327 4.54113
3.87398 4.33667
4.1711 4.23901
4.41447 4.13831
4.64551 3.99677
5.48128 3.34112
5.6174 3.22098
5.72703 3.09885
5.83187 2.96793
5.91257 2.82281
6.26062 2.10758
6.4374 1.73645
6.51424 1.55058
6.80063 0.753855
6.86496 0.528237
6.91878 0.308091
6.9713 0.0477192
7.01616 -0.217407
7.05021 -0.489162
7.39029 -4.06463
7.39495 -4.20868
7.38416 -5.97454
7.36675 -6.08439
7.34738 -6.18388
7.30619 -6.2786
7.26453 -6.37353
7.2292 -6.43604
7.11197 -6.63808
7.05169 -6.72639
7.03927 -6.7435
6.95724 -6.85324
6.85069 -6.97618
6.70007 -7.11054
6.5684 -7.1765
6.41873 -7.22264
6.05509 -7.30848
5.84891 -7.35275
5.60862 -7.39909
5.45908 -7.42459
4.47482 -7.54045
4.17066 -7.56202
3.17561 -7.59842
2.50078 -7.60244
2.29571 -7.60286
2.02416 -7.59982
1.78564 -7.58881
1.61666 -7.57377
1.42818 -7.54701
0.650348 -7.37537
0.168728 -7.21426
-0.323544 -7.03086
-0.518327 -6.91427
-0.650585 -6.8227
-0.767031 -6.70791
-0.813682 -6.66149
-0.93995 -6.50486
-1.00218 -6.42743
-1.10962 -6.27835
-1.12755 -6.25191
-1.27994 -6.00399
-1.34251 -5.87641
-1.37594 -5.79525
-1.49934 -5.48453
-1.55981 -5.32176
-1.60567 -5.03053
-1.84049 -3.53186
-1.85204 -3.39592
-1.85288 -3.25301
