-1.66478 2.57419
-1.59516 2.75266
-1.03239 4.10793
-1.08507 3.95683
-0.957083 4.02732
-1.02685 3.83915
-0.906877 3.80811
-1.04217 3.59641
-1.12891 3.80955
-1.17958 3.32514
-1.03194 3.29383
-1.11619 3.12123
-1.21302 2.98819
-1.11102 2.94061
-1.02331 3.05789
-1.04336 2.84088
-1.11538 2.6898
-1.02007 2.64521
-0.932403 2.81815
-0.942881 2.42897
-0.777267 2.62532
-0.812613 2.91805
-0.739847 2.86862
-0.624972 2.83805
-0.650307 2.54736
-0.52464 2.43222
-0.419135 2.87271
-0.524356 3.1058
-0.397922 3.21478
-0.246279 3.11998
-0.264731 2.82836
-0.118815 2.89651
-0.0152168 3.25096
0.075695 2.92299
-0.0648994 2.58035
0.192907 2.64104
0.237215 2.94317
0.435379 2.98923
0.225402 3.18314
0.420231 3.41428
0.654639 3.34027
0.567627 3.51719
0.66998 3.68304
0.864785 3.51948
0.907585 3.2113
1.07358 3.42846
1.14305 3.21448
1.07514 2.98029
1.35388 3.06604
1.30947 3.36049
1.61899 3.26998
1.57163 3.03304
1.5197 2.81699
1.78581 2.92607
1.69433 2.59642
1.46081 2.47653
1.63462 2.39691
1.80829 2.28755
1.95447 2.605
2.07753 2.26143
2.19972 2.4896
2.29539 2.21789
2.42326 2.39348
2.53907 2.02664
2.23478 1.94427
2.49194 1.65534
2.76081 1.68977
2.73421 1.42349
2.55453 1.36388
2.32744 1.46215
2.39709 1.23824
2.17687 1.30761
2.2343 1.11186
2.01782 1.16806
2.0853 1.00062
1.87365 1.0192
2.02596 0.810218
2.28659 0.916202
2.34918 0.669339
2.58709 0.855556
2.68302 0.578702
2.88958 0.705707
2.98283 0.392122
3.21838 0.603434
3.29843 0.172181
3.10766 0.0861706
2.86483 0.155978
3.02797 -0.134827
3.29693 -0.223529
3.14677 -0.419612
3.35054 -0.722469
3.09613 -0.64879
3.11941 -0.942616
2.91585 -0.759429
2.92962 -1.03693
2.72018 -0.924466
2.79993 -1.25445
3.07186 -1.27037
2.9625 -1.58468
3.28243 -1.54676
3.20179 -1.78719
3.36479 -1.75287
3.45343 -1.92355
3.53414 -1.70254
3.7493 -1.86994
3.83396 -1.57075
3.93887 -1.82244
3.9916 -2.00617
4.15767 -1.77221
4.27159 -2.04041
4.46098 -1.81844
4.54063 -2.05243
4.37999 -2.18453
4.1876 -2.24828
4.1059 -2.13725
3.92717 -2.21615
4.0322 -2.36352
4.18607 -2.42722
3.99512 -2.50596
4.16629 -2.58939
3.99302 -2.65605
4.14401 -2.71689
4.32011 -2.68779
4.35498 -2.50049
4.54595 -2.55181
4.50886 -2.74397
4.657 -2.65264
4.6569 -2.78686
4.79576 -2.67875
4.79431 -2.82626
4.64604 -2.89589
4.50325 -2.88488
4.53868 -3.00866
4.71998 -2.95416
4.67643 -3.05994
4.79111 -2.99427
4.81265 -3.08175
4.90512 -2.96085
4.84591 -2.9237
4.95681 -2.82724
5.03729 -2.90535
4.96822 -3.02405
5.08555 -2.951
5.03846 -3.06685
5.11418 -2.96222
5.11969 -3.05043
5.20251 -2.90175
5.17379 -2.8551
5.25113 -2.74722
5.21369 -2.67364
5.32234 -2.58082
5.27945 -2.45642
5.2155 -2.49362
5.24758 -2.31596
5.16253 -2.40337
5.19405 -2.21001
5.09653 -2.30011
5.13041 -2.14421
5.0425 -2.17906
5.07103 -1.98283
5.18415 -2.0053
5.14812 -1.7764
5.23695 -1.83044
5.22775 -1.59037
5.31187 -1.69963
5.27695 -1.344
5.16554 -1.28001
5.21336 -1.03982
5.27139 -0.97909
5.35034 -1.19733
5.32809 -0.841329
5.38465 -1.08497
5.35819 -0.68366
5.29318 -0.470374
5.3256 -0.256949
5.3907 -0.408049
5.42355 -0.685762
5.46544 -0.690063
5.46416 -0.829477
5.49471 -0.551462
0.52214 -3.47588
0.366011 -3.40389
0.209903 -3.33661
0.367512 -3.43874
0.273249 -3.45623
0.467793 -3.51863
0.396496 -3.56325
0.621136 -3.61531
0.493317 -3.61849
0.641701 -3.68432
0.86295 -3.72083
0.828586 -3.61567
1.006 -3.61812
1.07737 -3.73754
1.26042 -3.71123
1.29679 -3.64155
1.17603 -3.6194
1.33495 -3.61009
2.02965 -3.51254
2.16749 -3.47833
2.30538 -3.44576
2.44652 -3.37718
2.47642 -3.45777
2.55415 -3.36761
2.58903 -3.41334
2.64762 -3.31778
2.56804 -3.30249
2.70769 -3.2383
2.75322 -3.28278
2.72335 -3.35528
2.83917 -3.29488
2.85135 -3.21981
2.93718 -3.27187
2.99735 -3.22943
2.9988 -3.22161
3.19868 -3.26063
3.05144 -3.28571
3.22164 -3.32365
3.39509 -3.3094
3.53455 -3.32261
3.58092 -3.3697
3.67963 -3.32069
3.72534 -3.29038
3.87921 -3.28834
4.01836 -3.27202
4.14262 -3.36393
4.30512 -3.23299
4.17423 -3.2398
4.48312 -3.25245
4.82847 -3.2249
4.66304 -3.2666
4.75191 -3.30404
4.54623 -3.35096
4.40421 -3.32017
4.33703 -3.38025
4.16506 -3.425
3.95076 -3.4284
4.10621 -3.45497
4.29121 -3.43875
4.23933 -3.45808
4.41081 -3.45586
4.28953 -3.46963
4.5239 -3.43152
4.4301 -3.44432
4.63202 -3.39836
4.51483 -3.42423
4.71223 -3.35364
4.53804 -3.35087
4.67761 -3.31805
4.56687 -3.32045
4.72443 -3.28237
4.81209 -3.27984
4.84415 -3.2319
4.76091 -3.1963
4.90726 -3.14306
4.64632 -3.16078
4.60679 -3.25912
4.49007 -3.2236
4.41493 -3.3201
4.3464 -3.25648
4.21058 -3.31751
4.2241 -3.35928
4.39259 -3.36466
4.2224 -3.3782
4.03916 -3.37926
4.10755 -3.41811
4.33635 -3.39752
4.20177 -3.44579
4.34947 -3.44525
4.22333 -3.46665
3.97551 -3.48337
4.06852 -3.49886
4.08915 -3.47882
3.92223 -3.49387
3.90692 -3.48099
3.75577 -3.50256
3.71553 -3.48898
3.81787 -3.47386
3.6997 -3.43502
3.54128 -3.46377
3.4721 -3.41214
3.34487 -3.41252
3.33145 -3.3617
3.27582 -3.36579
3.20364 -3.3704
3.08529 -3.34403
3.12093 -3.40561
2.99841 -3.40478
2.9464 -3.33175
2.88781 -3.38525
2.825 -3.35733
2.80965 -3.41388
2.74362 -3.40013
2.65032 -3.45796
2.49366 -3.53897
2.58757 -3.55187
2.71803 -3.477
2.60188 -3.56624
2.40271 -3.60998
2.46893 -3.60397
2.61481 -3.56262
2.742 -3.48398
2.76512 -3.48885
2.88507 -3.45168
2.85979 -3.43047
2.9825 -3.44677
3.0456 -3.45301
3.14138 -3.45314
3.22801 -3.48903
3.34576 -3.4808
3.27673 -3.43608
3.37422 -3.45377
3.47761 -3.49394
3.54192 -3.50173
3.61397 -3.50679
3.5879 -3.49503
3.45859 -3.4659
3.74998 -3.50791
3.82694 -3.51292
3.90619 -3.51055
3.67961 -3.47308
3.43636 -3.46889
3.5572 -3.4283
3.3265 -3.45826
3.14063 -3.45075
3.29891 -3.42396
3.04124 -3.40397
2.94078 -3.4391
2.80504 -3.41468
2.57884 -3.5297
2.64295 -3.42323
2.76186 -3.34085
2.93737 -3.33444
2.87258 -3.25052
3.03033 -3.29413
3.08074 -3.22872
3.16188 -3.30521
3.15475 -3.35882
3.29897 -3.33496
3.29229 -3.27546
3.54431 -3.3196
3.36593 -3.37686
3.53879 -3.38558
3.67641 -3.35962
3.81289 -3.34293
3.78119 -3.2673
4.00462 -3.28945
3.93539 -3.17701
4.20397 -3.20896
4.13888 -3.08377
4.35607 -3.10832
4.38452 -3.1863
4.51726 -3.12857
4.3255 -2.98492
4.07299 -2.92573
3.90105 -3.05256
3.7836 -2.93661
3.66667 -3.02574
3.75358 -3.11344
3.52443 -3.10244
3.69226 -3.19608
3.46618 -3.22094
3.62934 -3.25493
3.32373 -3.1426
3.22801 -3.19639
3.09052 -3.18259
2.94441 -3.14032
3.14227 -3.12817
3.04494 -3.04808
3.25499 -3.02819
3.03355 -2.94141
2.88547 -3.00904
2.87095 -2.90255
2.69933 -2.95108
2.76517 -3.07096
2.73082 -3.17722
2.67023 -3.29762
2.55526 -3.24031
2.59866 -3.09884
2.49702 -3.16979
2.37695 -3.22662
2.42403 -3.35583
2.20682 -3.33164
2.26667 -3.41375
2.37878 -3.46329
2.55579 -3.40346
2.48486 -3.50026
2.28896 -3.53332
2.39557 -3.56277
2.19421 -3.5857
2.37752 -3.60365
2.47272 -3.59914
2.34237 -3.61214
2.37247 -3.62232
2.30268 -3.63287
2.23555 -3.63629
2.09148 -3.68479
2.2039 -3.64765
2.16969 -3.62493
2.32249 -3.59543
2.34411 -3.53487
2.16164 -3.57932
2.0365 -3.61574
1.99704 -3.57905
1.89226 -3.5386
1.86478 -3.63899
1.73525 -3.60843
1.75647 -3.55807
1.62132 -3.57761
1.48256 -3.59634
1.5152 -3.64714
1.649 -3.67147
1.42013 -3.72291
1.2079 -3.75019
1.34096 -3.75126
1.61067 -3.71844
1.47799 -3.73576
1.72728 -3.7223
1.86451 -3.69706
1.90433 -3.69028
2.04658 -3.6472
1.78938 -3.66853
2.02143 -3.62581
2.21254 -3.62143
1.9582 -3.59519
1.88503 -3.62662
1.75444 -3.6455
1.48564 -3.66192
1.23083 -3.72469
1.20317 -3.76668
1.0247 -3.7504
1.0173 -3.76284
0.853311 -3.74311
0.812984 -3.74336
0.710383 -3.72773
0.544616 -3.67467
0.446785 -3.61859
0.355115 -3.59806
0.259703 -3.5538
0.341399 -3.56965
0.228046 -3.53081
0.197878 -3.48977
0.110107 -3.47115
-0.00290298 -3.38429
0.0595837 -3.36187
-0.113773 -3.27797
-0.0924263 -3.20018
0.0585575 -3.26483
-0.157887 -3.15121
-0.359473 -3.03944
-0.471394 -2.97085
-0.565434 -2.88221
-0.457994 -3.04298
-0.339825 -3.13525
-0.318254 -3.17121
-0.190484 -3.26928
-0.221041 -3.25537
-0.0599442 -3.36428
-0.0821009 -3.36111
0.0242357 -3.42922
0.123895 -3.49647
0.202054 -3.53689
0.0312986 -3.4419
0.245716 -3.53195
0.416989 -3.61173
0.385648 -3.57419
0.228834 -3.48077
0.0948248 -3.43493
0.0771484 -3.38177
-0.0983639 -3.31513
-0.163906 -3.28582
-0.279778 -3.19083
-0.32317 -3.17012
-0.375651 -3.11651
-0.449705 -3.05531
-0.495192 -3.01641
-0.606202 -2.90222
-0.573815 -2.95188
-0.71132 -2.78287
-0.763215 -2.72276
-0.65706 -2.78337
-0.753596 -2.67806
-0.836114 -2.55373
-0.915752 -2.39976
-0.977746 -2.26862
-1.04208 -2.10077
-1.11055 -1.95938
-1.08863 -2.07175
-1.0065 -2.26032
-1.02511 -2.24938
-0.940442 -2.38587
-0.93931 -2.41875
-0.873189 -2.53915
-0.935171 -2.44703
-0.825953 -2.63479
-0.836542 -2.60804
-0.937716 -2.40714
-1.04369 -2.18867
-1.08924 -2.04604
-1.11361 -1.93789
-1.18177 -1.78511
-1.17019 -1.77552
-1.28162 -1.54293
-1.23236 -1.66285
-1.40487 -1.0887
-1.34261 -1.38607
-1.37323 -1.24343
-1.30267 -1.47124
-1.34906 -1.26229
-1.24531 -1.62334
-1.2339 -1.71424
-1.13685 -1.9284
-1.12377 -1.92942
-1.18589 -1.62625
-1.12935 -1.8096
-1.04002 -2.03561
-1.01664 -2.17849
-0.964739 -2.25736
-0.958301 -2.2037
-0.871211 -2.3945
-0.920475 -2.40312
-0.82452 -2.54679
-0.823531 -2.59887
-0.740535 -2.68367
-0.732122 -2.74909
-0.6313 -2.83986
-0.670411 -2.72233
-0.576659 -2.81345
-0.499175 -2.92469
-0.503051 -3.00005
-0.357274 -3.05305
-0.369682 -3.10112
-0.412639 -3.08603
-0.252889 -3.16589
-0.513474 -2.9971
-0.621765 -2.89699
-0.144848 -3.19214
-0.0220528 -3.29571
0.0943823 -3.30096
-0.0545969 -3.14917
-0.243774 -3.03544
-0.0781546 -3.03541
0.120691 -3.18689
0.16397 -3.07723
0.33713 -3.21038
0.436556 -3.09528
0.560152 -3.24286
0.727628 -3.15191
0.781131 -3.30001
1.00067 -3.23085
0.96733 -3.35251
1.19458 -3.32307
1.04989 -3.45056
0.820471 -3.40596
0.847288 -3.48067
0.67528 -3.45909
0.767442 -3.54706
0.94495 -3.52409
0.944582 -3.59834
1.14783 -3.52484
1.19361 -3.59655
1.07114 -3.6561
1.24521 -3.64411
1.23046 -3.67478
1.38128 -3.63712
1.57424 -3.62902
1.39883 -3.59475
1.61463 -3.57336
1.39766 -3.54013
1.66578 -3.51333
1.46326 -3.45067
1.31001 -3.49088
1.22237 -3.46948
1.29403 -3.41435
1.32213 -3.45379
1.51142 -3.32571
1.35145 -3.21634
1.18651 -3.22562
1.19013 -3.11678
0.948418 -3.10186
1.05335 -2.98126
0.757207 -2.96787
0.599375 -3.04078
0.452078 -2.93063
0.212685 -2.95239
0.226359 -2.82326
0.033782 -2.80641
-0.0142307 -2.92842
-0.146321 -2.78796
-0.235125 -2.8702
-0.231907 -2.96043
-0.351275 -2.89009
-0.436975 -2.92452
-0.521459 -2.75723
-0.662765 -2.65591
-0.641608 -2.55509
-0.77937 -2.43389
-0.75041 -2.57919
-0.905983 -2.25556
-0.859913 -2.15648
-0.983357 -2.02347
-0.975493 -1.90661
-1.05862 -1.80545
-1.10028 -1.77404
-1.11294 -1.62813
-1.18457 -1.45409
-1.16873 -1.61848
-1.25874 -1.40472
-1.28748 -1.36158
-1.30554 -1.17496
-1.38156 -1.08624
-1.44926 -0.891549
-1.45022 -0.849004
-1.48823 -0.688556
-1.51172 -0.481389
-1.54035 -0.272879
-1.51159 -0.375542
-1.47409 -0.640148
-1.47359 -0.423196
-1.57067 -0.0594238
-1.45637 -0.192601
-1.52379 0.0360344
-1.47704 0.0412124
-1.43642 -0.0229701
-1.38034 -0.259919
-1.36762 -0.0238194
-1.29777 -0.216439
-1.28847 -0.488393
-1.20623 -0.394442
-1.23071 -0.114067
-1.1264 -0.140956
-1.12483 -0.399857
-1.11099 -0.632421
-1.07304 -0.390223
-1.00006 -0.511082
-0.984254 -0.828668
-1.08382 -0.936482
-1.144 -0.810552
-1.18035 -0.949026
-1.20574 -0.684089
-1.27197 -0.767038
-1.22615 -1.00011
-1.15972 -1.19695
-1.22632 -1.18616
-1.14781 -1.42822
-1.07035 -1.42001
-1.07207 -1.18263
-0.957614 -1.41234
-0.952392 -1.15199
-0.764771 -1.47033
-0.801365 -1.01979
-0.615999 -1.24703
-0.469221 -1.63127
-0.440978 -1.2141
-0.26298 -1.48534
-0.263566 -1.73891
-0.134647 -1.70396
-0.161682 -1.86476
-0.259981 -1.9635
-0.0775585 -2.01725
-0.116527 -2.18252
0.0636473 -2.19769
0.0959454 -1.98017
0.290903 -2.17247
0.332612 -1.88131
0.530357 -2.14102
0.435709 -2.25409
0.386909 -2.32768
0.544607 -2.35116
0.441874 -2.47249
0.237783 -2.36233
0.270786 -2.55642
0.00842667 -2.40246
0.0830336 -2.6527
-0.130218 -2.51018
-0.13801 -2.65836
-0.269048 -2.50076
-0.3389 -2.63114
-0.418964 -2.37858
-0.547463 -2.42126
-0.515615 -2.60571
-0.39593 -2.75658
-0.624875 -2.46
-0.729988 -2.36688
-0.677985 -2.30953
-0.762178 -2.24162
-0.762817 -2.11233
-0.903533 -1.87617
-0.803491 -1.91355
-0.664121 -2.0415
-0.644965 -2.23316
-0.55615 -2.24947
-0.489575 -2.13412
-0.272248 -2.26887
-0.422439 -1.97792
-0.604109 -1.84616
-0.77066 -1.77618
-0.869614 -1.60752
-0.869592 -1.75696
-0.962831 -1.62286
-1.04086 -1.66822
0.351604 -2.74844
0.514111 -2.65926
0.566667 -2.82402
0.747882 -2.76211
0.93975 -2.85642
0.974522 -2.6831
1.14434 -2.83516
1.32192 -2.95032
1.33071 -2.80465
1.50813 -2.82768
1.43781 -2.69119
1.67123 -2.68906
1.55148 -2.54745
1.69533 -2.56181
1.86279 -2.5433
1.92603 -2.74295
2.1356 -2.54732
2.21242 -2.7506
2.40194 -2.55916
2.44852 -2.71628
2.36148 -2.87916
2.19808 -2.90066
2.26059 -2.97452
2.36467 -3.00662
2.26047 -3.09754
2.13378 -3.00242
2.03421 -3.12481
2.18965 -3.21042
2.43499 -3.09591
2.06145 -3.26455
1.96235 -3.35511
1.88845 -3.23595
1.76357 -3.31408
1.7224 -3.40705
1.93742 -3.48353
1.82015 -3.54235
2.03598 -3.55087
2.17944 -3.49182
2.11706 -3.41911
1.80151 -3.58688
1.70827 -3.23813
1.57362 -3.18468
1.78602 -3.12327
1.91317 -3.00605
1.74408 -2.98608
1.62455 -3.0718
1.56097 -2.96553
1.44032 -3.08621
1.71259 -2.8517
1.86487 -2.89594
2.0362 -2.9002
2.02836 -3.0139
2.50324 -2.97636
2.56507 -2.82964
2.76985 -2.79966
2.64377 -2.69135
2.54982 -2.60062
2.69101 -2.58475
2.89546 -2.65399
2.78903 -2.52547
2.62556 -2.50296
2.82398 -2.39329
2.54778 -2.38632
2.33637 -2.41711
2.41934 -2.23378
2.19606 -2.34747
2.02755 -2.42519
2.05785 -2.28748
2.20933 -2.12024
1.96303 -2.13191
1.88798 -2.34133
1.7146 -2.14051
1.69763 -2.42152
1.46839 -2.30099
1.33371 -2.53375
1.20036 -2.34667
1.11242 -2.53527
1.22547 -2.68966
0.9184 -2.50169
0.70288 -2.54585
0.780033 -2.31456
0.758368 -2.0632
0.603259 -1.88568
0.861794 -1.79474
1.00349 -2.12813
1.10201 -1.81121
1.2604 -2.10042
1.32789 -1.84363
1.42161 -2.06622
1.48463 -1.90019
1.54107 -2.09263
1.60158 -1.95833
1.56377 -1.77069
1.43515 -1.5793
1.59892 -1.56309
1.69689 -1.80871
1.70659 -1.59224
1.85237 -1.63705
1.85551 -1.93271
2.0564 -1.87773
2.09349 -1.55662
2.3829 -1.81372
2.39351 -2.06158
2.56119 -2.04364
2.70666 -2.21433
2.84071 -2.00473
3.05689 -2.22135
3.11935 -2.42058
3.31774 -2.33481
3.39935 -2.4919
3.57516 -2.37136
3.73535 -2.57034
3.83459 -2.38454
3.71583 -2.24293
3.43121 -2.1758
3.72552 -2.09762
3.16244 -1.9986
3.79201 -2.19134
3.46937 -2.67254
3.716 -2.72363
3.63282 -2.81448
3.42659 -2.7936
3.52242 -2.91269
3.30553 -2.8472
3.34608 -2.93886
3.18125 -2.9009
3.46728 -3.00566
3.16868 -2.8172
3.00977 -2.81579
3.20198 -2.73372
3.17002 -2.57718
2.95375 -2.50812
3.85474 -2.82216
3.86993 -2.72026
4.02601 -2.78701
4.18322 -2.80599
4.31983 -2.84534
2.98977 -1.83863
2.7744 -1.77932
2.63325 -1.89004
2.60203 -1.76562
2.61841 -1.54036
2.31029 -1.39753
2.49351 -1.11922
2.20927 -1.04013
2.09004 -1.26395
1.90294 -1.30058
1.98052 -1.00255
1.75317 -0.971833
1.696 -1.34283
1.59681 -1.06248
1.51471 -1.2658
1.46998 -0.914661
1.3176 -1.13664
1.22467 -1.52065
1.13107 -1.22251
0.982754 -1.49213
0.981432 -1.11733
0.754967 -1.18448
0.731216 -1.52016
0.652475 -1.69622
0.570859 -1.56804
0.485318 -1.68971
0.307654 -1.54579
0.0645924 -1.70291
0.0538588 -1.37062
-0.0912352 -1.52958
-0.0502834 -1.86234
-0.131743 -1.34403
-0.250446 -1.1757
-0.0817194 -1.12653
-0.211734 -0.889806
-0.360557 -0.947376
-0.462395 -0.982353
-0.505389 -1.05911
-0.555287 -1.09283
-0.556283 -0.89575
-0.652535 -0.977956
-0.640141 -0.798739
-0.730095 -0.736294
-0.871954 -0.638272
-0.763564 -0.378996
-0.606785 -0.544873
-0.645331 -0.102541
-0.524898 -0.202566
-0.463633 -0.46108
-0.342925 -0.181231
-0.340225 -0.633902
-0.464779 -0.748493
-0.178809 -0.564858
-0.117435 -0.253639
0.0302591 -0.561806
-0.0225725 -0.8524
0.255798 -0.846904
0.091176 -1.08956
0.283909 -1.2172
0.493156 -1.05638
0.515683 -1.37772
0.468241 -1.54565
0.643276 -0.860373
0.47274 -0.840855
0.476561 -0.589102
0.226723 -0.533108
0.298688 -0.361778
0.448701 -0.286894
0.680558 -0.319717
0.507441 -0.0536692
0.71226 0.0312224
0.904249 -0.165808
0.910201 -0.529165
1.1041 -0.37163
1.06604 0.0211653
1.28673 -0.114842
1.17846 0.284929
1.40813 0.242494
1.50616 -0.0564725
1.43869 -0.338141
1.60215 -0.327692
1.7148 -0.0588102
1.81143 -0.352578
1.94989 -0.0859063
2.0846 -0.424914
2.22406 -0.0952424
2.4141 -0.41061
2.26611 -0.675321
2.09792 -0.770809
2.21815 -0.838454
2.32862 -0.886122
1.89107 -0.681146
2.48266 -0.763693
2.68733 -0.590776
2.65796 -0.303776
2.50236 -0.0830751
2.7639 -0.0691935
2.90741 -0.411263
2.59798 0.0952242
2.3503 0.210744
2.07471 0.135062
2.02381 0.379229
1.85113 0.177776
1.76809 0.380888
1.62771 0.205223
1.57268 0.469764
1.31355 0.62357
1.55866 0.716017
1.8136 0.607184
1.71775 0.867039
2.09033 0.592168
2.25982 0.466954
2.50213 0.434485
2.63633 0.243624
2.74152 0.372246
2.72343 0.117936
1.43732 1.00584
1.66229 1.06058
1.78249 1.24091
1.57299 1.19976
1.61694 1.38512
1.43824 1.33587
1.25154 1.27367
1.09666 1.02566
1.05593 1.4918
0.835046 1.28988
0.827932 0.924187
1.00568 0.613258
0.795546 0.676915
0.626953 0.829377
0.672689 0.56868
0.84848 0.445266
0.708869 0.319832
0.882779 0.163555
0.999264 0.309292
0.520447 0.236019
0.562745 0.454121
0.412644 0.464624
0.310849 0.316631
0.363951 0.11665
0.258518 -0.0898062
0.192715 0.178003
0.078455 0.0707174
0.0899048 -0.0848345
0.0981627 -0.278325
-0.0281019 -0.0358363
-0.184448 0.0955909
-0.0349836 0.220509
-0.14404 0.505813
-0.32402 0.281512
-0.520253 0.24966
-0.362282 0.680151
-0.562778 0.86568
-0.667177 0.418041
-0.709911 0.67448
-0.767654 0.424069
-0.839416 0.651846
-0.878868 0.270457
-0.77327 0.0656684
-0.912717 -0.0172749
-0.895035 -0.287554
-0.997976 -0.216636
-1.00882 0.080263
-1.09561 0.197511
-1.2018 0.181494
-1.12197 0.48765
-0.989095 0.402968
-0.985012 0.737584
-0.873127 1.04947
-0.732753 0.974247
-0.748226 1.26213
-0.631927 1.30258
-0.466763 1.44068
-0.373604 1.1022
-0.262497 1.477
-0.16316 1.01359
0.0309896 0.761288
0.101672 0.418546
0.178718 0.618066
0.260398 0.485579
0.0703335 0.226207
0.309222 0.609489
0.459598 0.676943
0.229412 0.810478
0.401505 1.02017
0.198339 1.06005
0.0893631 0.958921
-0.0202065 0.979349
0.0342827 1.18209
-0.0990562 1.37916
0.0534563 1.54845
0.253382 1.3622
0.23006 1.79254
0.424016 1.65761
0.461448 1.32933
0.627753 1.52898
0.624409 1.14351
0.824878 1.68972
0.692761 1.77595
0.58303 1.89739
0.763097 2.02298
0.62459 2.33842
0.410967 2.07319
0.418911 2.51382
0.220323 2.20735
0.0548058 1.91388
0.022109 2.25668
-0.0869417 1.97735
-0.0974092 1.68788
-0.198821 1.83893
-0.346697 1.86843
-0.18396 2.18032
-0.351331 2.26485
-0.471798 2.06905
-0.491329 1.80084
-0.584989 1.63091
-0.609438 1.97796
-0.72671 1.60371
-0.779349 1.98893
-0.702241 2.30851
-0.824838 2.28344
-0.912166 2.06558
-0.854148 1.91313
-0.831986 1.74799
-0.91206 1.83846
-0.954165 1.5979
-0.844636 1.52605
-0.921809 1.31622
-0.826757 1.35474
-1.00695 1.04592
-1.04416 1.32001
-1.13723 1.06637
-1.09614 0.802606
-1.21402 0.698068
-1.20697 0.435345
-1.30614 0.40382
-1.29389 0.0587906
-1.36309 0.189969
-1.42108 0.190175
-1.40266 0.374085
-1.49734 0.508001
-1.47313 0.183133
-1.51429 0.245386
-1.58134 0.508886
-1.57368 0.224368
-1.6244 0.511098
-1.63071 0.402503
-1.59985 0.164535
-1.70908 1.40297
-1.7074 1.57923
-1.72136 1.71913
-1.69292 1.91552
-1.66548 2.10825
-1.68283 2.33733
-1.62211 2.3853
-1.57437 2.37548
-1.5995 2.18243
-1.64174 2.0397
-1.62177 1.99745
-1.56923 2.23378
-1.53192 2.13899
-1.52233 2.35272
-1.46882 2.30545
-1.44476 2.0442
-1.38536 2.36939
-1.37481 2.13048
-1.37245 1.88965
-1.30222 2.19079
-1.25594 1.75459
-1.17523 2.14858
-1.12597 1.89555
-1.04588 2.13701
-1.0078 1.85326
-1.10621 1.58083
-1.12907 1.32119
-1.21902 1.32326
-1.25296 0.983057
-1.32467 1.15599
-1.3215 0.944414
-1.32551 0.742877
-1.38386 0.840028
-1.39776 0.622284
-1.44672 0.899562
-1.50499 0.792974
-1.56447 0.812831
-1.51752 0.967335
-1.57005 1.12522
-1.6278 1.01768
-1.6162 0.75983
-1.67039 0.947679
-1.6603 0.73145
-1.65875 0.654464
-1.70037 0.914968
-1.71314 1.217
-1.62257 1.24378
-1.61765 1.41322
-1.57717 1.44568
-1.49353 1.21951
-1.47457 1.6133
-1.55565 1.81993
-1.6312 1.6439
-1.66072 1.85859
-1.40261 1.26998
-1.36912 1.58778
-1.30327 1.41524
-1.37231 1.01797
-1.07604 2.4227
-1.20119 2.4652
-1.20571 2.75408
-1.28554 2.52448
-1.34297 2.72689
-1.45259 2.53781
-1.448 2.67243
-1.41594 2.90477
-1.30828 3.06028
-1.36051 3.14473
-1.29923 3.26784
-1.36981 3.34522
-1.45287 3.15183
-1.25349 3.70173
-1.32954 3.56752
-1.26508 3.46314
-1.51479 2.95464
-1.50291 2.90997
-1.51865 2.66962
-1.56031 2.75035
-1.5774 2.5477
-1.50812 2.52224
-1.61558 2.55779
-0.336205 2.58604
-0.234414 2.45796
-0.202927 2.66906
0.632928 2.75336
0.779634 2.63373
0.852216 2.38677
0.969941 2.69114
1.06203 2.42023
0.951898 2.13738
1.06226 2.23427
1.10457 2.07538
1.15414 2.26503
1.32131 2.12682
1.18279 1.81634
1.36186 1.81001
1.29341 1.55486
1.53282 1.63411
1.5043 1.93432
1.74521 1.91174
1.81725 1.54069
2.01673 1.76836
2.09252 1.51674
2.2359 1.6704
1.97657 2.03197
1.97378 1.35143
1.57856 2.19379
1.24438 2.41434
1.23971 2.7113
0.992525 1.85093
0.87424 1.9218
0.84341 2.90144
0.69899 3.04893
-0.651214 0.166689
1.68466 -0.618554
1.59459 -0.827852
1.51091 -0.599589
1.31757 -0.612682
1.09927 -0.834513
0.868484 -0.85832
0.729982 -0.631518
0.995128 -1.70753
1.00724 -2.37793
-1.30164 -1.13654
-1.30897 -0.895316
-1.35483 -0.915211
-1.38791 -0.924355
-1.39866 -0.723795
-1.37455 -0.540802
1.03472 -3.69591
0.847378 -3.6802
0.882467 -3.72746
0.714882 -3.69855
0.660677 -3.65997
0.538777 -3.64919
0.530009 -3.59422
0.369226 -3.50456
0.545981 -3.51075
0.708831 -3.6091
0.32906 -3.41183
0.213595 -3.42113
0.301373 -3.30305
0.481879 -3.40326
0.462356 -3.30012
0.621851 -3.36339
-0.885493 -2.52481
-1.03785 -2.19133
-1.15332 -1.842
-0.237915 -3.19751
-0.246816 -3.1002
1.1814 -3.75623
2.02896 -3.66784
1.83456 -3.67478
1.98938 -3.65385
2.65727 -3.36648
2.55838 -3.33018
4.01961 -3.34087
3.78963 -3.38355
3.85571 -3.42373
3.21087 -3.41638
4.96721 -3.18942
4.90056 -3.27028
5.05059 -3.17212
5.17099 -3.05244
5.0947 -3.14908
5.19772 -3.01944
5.0851 -3.13897
5.17006 -3.06514
5.27587 -2.92085
5.29312 -2.84265
5.34673 -2.75533
5.37544 -2.64912
5.31899 -2.77943
5.39326 -2.6034
5.44685 -2.4399
5.43082 -2.49403
5.46409 -2.4085
5.49331 -2.32003
5.49489 -2.24069
4.98177 -3.14346
5.11602 -3.05375
5.11216 -3.08476
5.03272 -3.18296
5.22279 -2.9442
4.90365 -3.23495
4.88454 -3.28408
4.98781 -3.22325
4.90553 -3.31637
5.01774 -3.21669
4.98033 -3.25901
4.82724 -3.34803
4.72292 -3.38727
4.77236 -3.36066
4.60352 -3.41056
4.66193 -3.36662
4.47509 -3.4003
4.7771 -3.33323
5.36397 -2.69602
5.30438 -2.82073
5.40149 -2.62701
5.40665 -2.5927
5.53274 -1.92397
5.50971 -2.03752
5.4811 -2.0278
5.50658 -2.14615
5.45673 -2.12412
5.45264 -2.27986
5.4124 -2.47184
5.39431 -2.33122
5.42379 -2.15324
5.38932 -2.20286
5.42003 -1.97786
5.45198 -2.00682
5.45774 -1.91197
5.47052 -1.91269
5.48004 -1.94579
5.49342 -1.87959
5.47667 -1.83412
5.52046 -1.8061
5.53633 -1.58854
5.53863 -1.71286
5.54399 -1.80668
5.48539 -1.413
5.48092 -1.23472
5.42537 -1.4661
5.43606 -0.930722
5.46775 -1.02992
5.4353 -1.75065
5.44899 -1.82966
5.37488 -1.86811
5.35995 -2.07366
5.29069 -2.04091
5.33556 -2.25366
5.36453 -2.3948
5.39425 -1.66093
5.35401 -1.47355
5.36852 -2.49186
5.35652 -2.65655
5.2881 -2.81653
5.22977 -2.92751
5.24927 -2.92992
0.676174 -3.55094
0.646255 -3.55402
5.47166 -0.417641
5.41389 -0.252425
5.35476 0.0974717
5.33928 0.300493
5.28031 0.510028
5.38349 -0.106033
5.2648 0.130819
5.2434 -0.0579532
5.21992 0.299353
5.22622 0.436296
5.16778 0.597277
5.18681 0.727559
5.09519 1.00302
5.1517 1.11817
5.06312 1.35005
5.06565 1.49289
5.09724 1.53343
5.15902 1.33278
5.22215 1.02972
5.21134 1.13529
5.03035 1.73096
4.99377 1.87442
4.9767 1.73039
4.90035 2.04976
4.89155 2.19604
4.92072 2.27495
4.83754 2.46564
4.73386 2.7262
4.61024 2.97982
4.70025 2.6497
4.55684 2.92235
4.51509 3.14037
4.47297 3.11181
4.41574 3.29895
4.37156 3.21335
4.48627 2.9782
4.43181 2.95265
4.59476 2.68918
4.46437 2.74279
4.61363 2.41698
4.6916 2.38229
4.7332 2.43683
4.82687 2.12982
4.73161 2.16428
4.85852 1.80029
4.9864 1.39693
4.89107 1.41815
4.99751 1.07167
5.09186 0.754928
5.05113 0.685132
5.15361 0.354181
5.08512 0.429717
5.10586 0.162462
5.18875 -0.0930876
5.23318 -0.345145
5.25702 -0.638901
5.20145 -0.409713
5.18578 -0.664462
5.14705 -0.235747
5.09331 -0.396456
5.11262 -0.839756
5.00922 -0.508927
4.96152 -0.0973477
5.05529 0.0445068
4.93269 0.373637
5.03213 0.503538
4.89881 0.839703
4.94503 0.965896
4.83253 1.2981
4.88841 1.14904
4.91185 1.18608
4.77809 1.69323
4.68849 1.75219
4.68979 1.4912
4.75037 1.1574
4.59825 1.48581
4.62111 1.10872
4.78795 0.730911
4.69413 0.808583
4.7233 0.596639
4.82933 0.258278
4.65999 0.40769
4.79729 -0.0625289
4.8871 -0.0653155
4.91672 -0.308226
4.86097 -0.493429
4.94753 -0.538724
4.97743 -0.787869
4.85728 -0.821618
4.94408 -1.1229
5.0575 -1.10093
5.05571 -1.40321
5.13884 -1.54756
5.0805 -1.63799
5.05822 -1.78529
4.99965 -1.64197
4.96481 -1.86196
4.94038 -2.10234
4.84313 -1.94005
4.88238 -1.70917
4.70347 -1.81715
4.71468 -2.02565
4.79637 -2.10947
4.65519 -2.20787
4.80429 -2.27604
4.9645 -2.35042
4.77324 -2.49785
4.9304 -2.56628
5.0674 -2.48358
5.03526 -2.66248
5.14064 -2.58461
5.10435 -2.75865
5.13224 -2.83863
4.90846 -2.71314
4.66688 -2.38529
4.51908 -2.37124
4.49808 -2.23168
4.3601 -2.33102
4.76917 -1.53303
4.59929 -1.58786
4.38244 -1.56411
4.51166 -1.34908
4.66194 -1.37032
4.58013 -1.08828
4.76718 -1.23841
4.70104 -0.945426
4.82413 -1.03679
4.87362 -1.21386
4.91499 -1.41968
4.7636 -0.828797
4.74947 -0.593611
4.67445 -0.707671
4.57137 -0.401605
4.55022 -0.727697
4.3404 -0.376982
4.36663 -0.806368
4.4318 -1.12216
4.29987 -1.03141
4.31412 -1.28934
4.15044 -1.0948
4.15706 -1.28553
4.14838 -1.46947
3.95952 -1.21879
3.63906 -1.11892
3.52263 -1.44218
3.33041 -1.18548
3.61871 -0.771864
3.70006 -0.939034
3.75996 -0.830329
3.74389 -0.543908
3.51863 -0.474657
3.55283 -0.154477
3.5597 0.25752
3.83903 -0.178723
3.8079 0.183572
4.05153 -0.01798
4.12839 -0.457839
4.23347 -0.0218802
4.39355 -0.137877
4.3076 0.125449
4.48353 0.0730163
4.70249 -0.24504
4.64351 0.105017
4.50611 0.436152
4.48918 0.790235
4.36738 0.805049
4.36302 0.516226
4.25381 0.839504
4.19587 0.657094
4.1175 1.03999
4.03789 0.924597
4.05258 0.582601
4.21052 0.376177
4.16222 0.235588
4.31931 0.334071
4.02301 0.302661
3.8641 0.602284
3.88749 0.319207
3.68575 0.527665
3.6774 0.89727
3.52279 0.820818
3.46895 0.616944
3.32598 0.885257
3.12513 0.928212
2.99421 0.861749
2.89644 1.13967
2.80612 0.937512
2.63132 1.12145
2.43137 1.04889
2.71288 1.26408
2.95212 1.42739
3.1558 1.17278
3.1602 1.48958
3.42984 1.20637
3.33293 1.68335
3.53286 1.5014
3.66275 1.24975
3.8623 0.99154
3.79035 1.34088
3.94843 1.30073
3.81119 1.55879
3.88886 1.63517
4.0452 1.51928
3.91189 1.81786
3.73782 1.87863
3.85436 2.10436
3.68058 2.27789
3.54656 2.16855
3.51472 1.8338
3.67784 1.56293
3.37772 2.13891
3.36629 1.92253
3.19663 2.06765
3.08383 1.81921
2.9657 2.11176
2.84159 1.94342
2.96366 1.66963
2.70758 2.364
2.98956 2.39416
2.80577 2.74337
2.59684 2.72897
2.48781 2.60439
2.31797 2.66943
2.40386 2.86894
2.26254 2.85461
2.1309 2.79223
2.19964 3.05717
2.00698 2.97136
1.9304 3.18477
1.97207 2.836
1.84643 3.44211
1.67757 3.52012
1.45851 3.57809
1.65921 3.72328
1.78433 3.59121
1.93804 3.69366
1.7364 3.96199
1.56192 3.9334
1.55281 4.15117
1.42926 4.0211
1.44571 3.82674
1.29016 3.96492
1.32907 4.2393
1.15743 4.10477
1.11684 4.3605
0.961502 4.10138
1.12615 3.85996
0.989746 3.85183
1.01868 3.67128
0.868438 3.80721
1.21102 3.60395
1.30134 3.76124
0.715082 4.06002
0.812968 4.33216
0.653756 4.41781
0.516589 4.21679
0.530053 3.91512
0.370662 4.07631
0.395431 3.83979
0.221592 3.91452
0.206449 4.24004
0.0658789 4.15276
-0.00154781 3.89805
0.172224 3.55902
0.347646 3.66929
0.493748 3.66299
-0.0476131 3.61109
-0.215211 3.45764
-0.184062 3.72054
-0.384398 3.74163
-0.358158 3.43415
-0.300083 3.30767
-0.531339 3.42376
-0.620054 3.81602
-0.69386 3.54414
-0.676098 3.33417
-0.789217 3.39949
-0.736691 3.10228
-0.893079 3.1691
-0.91543 3.49154
-0.802163 3.68037
-0.768117 3.95401
-0.851125 4.07907
-0.767015 4.2304
-0.833895 4.37841
-0.760141 4.48056
-0.929126 4.30736
-0.969291 4.23835
-0.697174 4.60494
-0.66743 4.3656
-0.531021 4.50014
-0.55807 4.25994
-0.680062 4.11597
-0.553876 4.05481
-0.436051 4.10354
-0.449614 4.33702
-0.314432 4.3038
-0.223731 3.98354
-0.500359 3.93821
-0.115544 4.2772
-0.108248 3.80208
-0.256316 4.51102
-0.385249 4.51079
-0.322175 4.75933
-0.432922 4.65124
-0.504763 4.76519
-0.410945 4.90956
-0.498382 4.9461
-0.551351 4.85179
-0.624408 4.72919
-0.115375 5.46658
-0.25262 5.35495
-0.383419 5.25162
-0.39757 5.08563
-0.438965 5.19623
-0.447476 5.03935
-0.27956 5.03665
-0.25683 5.15296
-0.100323 5.13619
0.0686121 5.39191
0.109705 5.15156
0.028801 4.98386
-0.121415 4.88211
0.0719509 4.75261
0.187574 4.9942
0.313548 4.71789
0.194379 4.5057
0.344789 4.37471
0.0465183 4.43007
0.478479 4.50096
0.566304 4.79067
0.363581 5.07183
0.577839 5.16747
0.420696 5.30624
0.251282 5.24944
0.232033 5.14614
0.317763 5.42556
0.207726 5.56284
0.0245886 5.58247
0.152492 5.6552
0.281242 5.72113
0.506036 5.94441
1.85128 6.33812
1.64368 6.35963
1.42163 6.25721
1.22108 6.18962
1.30527 6.08393
1.54228 6.13895
1.42509 6.01112
1.18463 5.89335
1.41678 5.88207
1.6742 6.04254
1.60934 5.88525
1.50158 5.72023
1.35829 5.72067
1.32801 5.49781
1.21385 5.71029
1.04727 5.43365
1.19612 5.31951
1.13841 5.08903
1.29054 5.24565
1.34406 5.04449
1.2444 4.84677
1.05562 4.72466
1.27749 4.57921
1.41942 4.80148
1.52439 4.48731
1.62869 4.79691
1.73122 4.55891
1.76273 4.26974
1.88826 4.46592
1.96124 4.25189
2.04801 4.40136
2.14736 4.10943
1.94773 4.01975
2.12317 3.85232
2.26968 3.59679
2.09755 3.38427
2.35458 3.26632
2.56712 3.39754
2.5781 3.04677
2.6983 3.20455
2.78213 3.05279
2.95615 2.94303
3.02865 2.66387
3.14933 2.79395
3.21037 2.44659
3.40685 2.4333
3.30141 2.66995
3.43978 2.74216
3.26928 2.9354
3.08949 3.10132
3.22316 3.24655
3.04212 3.36959
2.85143 3.29622
2.89987 3.63962
2.70066 3.61427
2.47701 3.7248
2.61851 3.86799
2.40133 4.04981
2.28808 3.86147
2.2317 4.36935
2.43771 4.37049
2.26978 4.65386
2.07695 4.6505
2.14932 4.82527
2.01723 4.99271
1.86194 4.74527
1.96778 4.56783
1.73162 5.15255
1.51616 5.01126
1.46444 5.24133
1.59318 5.4941
1.82394 5.52453
1.72986 5.76867
1.94836 5.75441
1.89513 5.96727
1.73025 5.93532
1.91824 6.13008
1.78066 6.19852
1.64825 6.25804
2.04978 6.26886
2.09988 6.09605
2.23929 6.18707
2.25933 6.04179
2.43486 6.13736
2.3756 5.90316
2.14201 5.88251
2.30199 5.72842
2.50702 5.73701
2.43123 5.57772
2.60408 5.61484
2.62844 5.47109
2.50844 5.27786
2.29284 5.32918
2.41623 5.06361
2.24268 4.97529
2.47506 4.72172
2.59392 4.97572
2.73452 4.6649
2.64882 4.34608
2.57892 4.11338
2.77704 3.98141
2.86885 4.26722
3.02803 3.90155
2.75256 3.76886
3.11677 3.54891
3.23098 3.69525
3.26937 3.44335
3.36724 3.25311
3.37967 3.04699
3.54267 3.03641
3.41475 3.47015
3.61908 3.36972
3.76553 3.00111
3.70972 2.76026
3.62717 2.61204
3.72763 2.59053
3.77274 2.41199
3.82292 2.55949
3.93026 2.2793
4.06902 1.87159
4.12429 2.14405
4.17864 1.89665
4.27313 1.88129
4.25585 2.08703
4.16953 2.38682
3.97057 2.52399
4.027 2.69761
3.90203 2.792
3.83406 2.73649
3.93664 2.95653
3.8088 3.31102
3.97847 3.1194
3.92839 3.39068
3.80202 3.59844
3.6461 3.70951
3.49922 3.66284
3.45656 3.93929
3.56572 4.14251
3.40268 4.19195
3.29893 4.1299
3.30686 4.34682
3.16849 4.43405
3.1814 4.18763
3.19692 3.98968
3.06647 4.21357
3.35073 3.81389
2.96053 4.53424
2.86857 4.88613
2.72941 4.93011
2.73777 5.17774
2.87779 5.09272
2.91281 5.24653
2.79181 5.41242
2.74441 5.59534
2.93455 5.46273
2.87427 5.61772
2.71213 5.69778
2.91668 5.71447
2.60898 5.89625
2.72717 6.00106
2.58347 6.08303
3.69724 4.85001
3.63036 4.99739
3.48365 5.09756
3.75357 4.63671
3.60911 4.63427
3.46503 4.76594
3.54079 4.47451
3.63804 4.43276
3.67048 4.23905
3.41108 4.41035
3.37652 4.66292
3.28144 4.57225
3.24025 4.78893
3.17321 4.69699
3.13231 4.87018
3.16836 4.97126
3.02471 5.02511
3.05754 4.75176
3.13313 5.21013
3.1339 5.3974
3.05454 5.61435
3.19795 5.47619
2.85927 5.91281
3.34049 5.36094
3.2942 5.24683
3.45159 5.22554
3.31297 4.96477
3.74662 3.91388
3.81567 4.09571
3.74542 4.39192
3.88249 4.20442
3.81827 4.48875
3.94659 4.29682
4.20285 3.92502
4.31306 3.72833
4.40096 3.55104
4.35704 3.51365
4.25532 3.69598
4.30666 3.46514
4.45396 3.34247
4.18085 3.66127
4.25816 3.4064
4.3158 3.10938
4.15143 3.44687
4.19176 3.15581
4.0241 3.49303
4.07356 3.14008
3.8801 3.65311
3.89549 3.84382
4.04368 3.73537
3.93678 3.97326
4.03555 3.98152
4.08144 4.11369
4.16102 3.87859
4.21434 2.89408
4.33824 2.82283
4.3464 2.57343
4.12462 2.76739
4.32161 2.33531
4.50273 2.13738
4.43739 2.02941
4.57261 1.78367
4.67406 2.03326
4.49726 2.45642
4.72714 1.8321
4.4656 1.81063
4.44313 1.5812
4.35216 1.88993
4.3309 2.09181
4.27067 1.65399
4.4361 1.21334
4.61115 0.816628
4.34424 1.08594
4.22683 1.43008
4.2023 1.15546
4.06866 1.27294
4.48926 3.3727
4.54615 3.1769
4.99083 2.07528
3.54189 2.44735
2.11988 5.23105
1.96217 5.33296
2.11457 5.46879
1.99034 5.56968
2.11637 5.69119
2.24277 5.58526
2.38638 3.06931
0.950684 4.42977
0.817288 4.64812
0.917447 4.88384
0.767456 4.98545
0.941776 5.11182
0.781832 5.30916
0.564046 5.43404
0.818616 5.56556
0.626534 5.67181
0.400471 5.60068
0.413123 5.78013
0.679593 5.84683
0.663179 6.01279
1.01794 6.15621
0.826845 6.08151
1.03562 6.02715
0.816264 5.95807
0.881361 5.81455
1.01635 5.71837
1.01046 4.95299
-0.117967 4.61804
-0.620218 3.16455
4.11787 0.116212
3.96697 -0.567608
4.1523 -0.807246
3.9397 -0.870877
3.79887 -1.00512
4.81833 2.32197
5.23283 0.707899
5.23225 0.883471
