-0.810939 7.92378
-0.999884 8.01312
-1.30224 8.10025
-1.15631 8.05406
-1.18993 7.98341
-0.955516 7.90625
-0.795552 7.84481
-0.874622 7.80695
-0.707181 7.7566
-0.60738 7.60981
-0.420615 7.57364
-0.0533047 7.31514
0.675052 6.15625
0.579317 6.30791
0.580486 6.1255
0.474732 6.34639
0.446746 6.23574
0.354167 6.42839
0.322106 6.33031
0.208102 6.51794
0.210131 6.24493
0.0608025 6.54586
0.0776196 6.68003
0.146553 6.71107
0.27867 6.5809
0.247373 6.6899
0.181311 6.81546
0.0669765 6.84536
0.0207167 6.79013
-0.0380383 6.92277
0.0762596 6.94569
-0.0211496 7.06863
-0.169165 7.09936
-0.0947704 7.21259
-0.206857 7.28219
-0.134604 7.31901
-0.219307 7.39707
-0.131655 7.36586
-0.339405 7.47109
-0.328688 7.37151
-0.468709 7.47261
-0.442076 7.29995
-0.685114 7.42625
-0.845447 7.67892
-0.892116 7.57441
-1.0655 7.65758
-0.973953 7.45739
-1.19655 7.56444
-1.17847 7.35
-1.36435 7.52189
-1.36614 7.74716
-1.53977 7.62078
-1.6864 7.7783
-1.58959 7.93158
-1.91747 7.95054
-1.94298 7.7434
-2.20668 7.85589
-2.15359 7.68405
-1.97473 7.49741
-1.73366 7.57874
-1.73493 7.34025
-1.51551 7.38279
-1.55178 7.03189
-1.90113 7.13082
-1.70067 6.75977
-2.012 6.79841
-2.22729 7.06538
-2.13534 7.3277
-2.35806 7.3368
-2.47121 7.17596
-2.48449 6.9602
-2.72983 7.1487
-2.56739 7.32517
-2.75945 7.39426
-2.9829 7.24986
-2.97424 7.42753
-3.20791 7.29406
-3.13341 7.49677
-3.42187 7.36665
-3.46752 7.19193
-3.61863 7.23166
-3.7011 7.3369
-3.80924 7.13657
-3.96026 7.15918
-3.92175 7.30135
-4.10218 7.17637
-4.06268 7.29463
-4.19046 7.19794
-4.30709 7.17218
-4.45774 7.03616
-4.28902 7.06082
-4.45716 6.89692
-4.59759 6.86495
-4.81958 6.56662
-4.96378 6.45003
-5.0602 6.3327
-5.13294 6.19292
-5.1727 6.07602
-5.33295 6.06123
-5.27902 5.83246
-5.07462 5.99381
-5.03284 6.2262
-4.92668 6.1317
-4.85454 6.3657
-4.73601 6.24631
-4.67171 6.55834
-4.70755 6.71283
-4.5831 6.75774
-4.46463 6.72876
-4.33221 6.90617
-4.26537 6.79533
-4.16691 7.01515
-4.01461 6.94899
-4.11398 6.68432
-4.31588 6.5536
-4.39517 6.64903
-4.51155 6.46647
-4.39557 6.25722
-4.18966 6.40004
-4.26405 6.19342
-4.3691 5.94645
-4.54654 5.99508
-4.53962 5.83984
-4.7002 5.73931
-4.55222 5.67525
-4.74222 5.46754
-4.91681 5.4765
-4.90018 5.7334
-5.08385 5.4802
-5.09905 5.24856
-5.28464 5.20968
-5.24455 4.89699
-5.51582 4.76989
-5.46901 5.1243
-5.3626 5.46664
-5.56345 5.23792
-5.62955 4.94461
-5.70058 5.08712
-5.67009 5.32981
-5.77026 5.18204
-5.80763 4.98817
-5.77009 4.83331
-5.87031 4.80067
-5.88934 4.55696
-5.74616 4.6004
-5.6913 4.44391
-5.82506 4.27015
-5.87833 4.34382
-5.95555 4.03582
-5.96916 4.23745
-6.00802 4.36014
-6.04564 4.1134
-6.13391 4.11256
-6.14515 3.86694
-6.25415 3.77693
-6.27688 3.47792
-6.36895 3.48351
-6.39278 3.27549
-6.47078 3.1945
-6.46471 3.04212
-6.54595 2.90813
-6.56226 2.99939
-6.53797 3.19054
-6.62915 2.88869
-6.59684 3.15048
-6.68246 2.88659
-6.64609 3.10324
-6.71794 2.83981
-6.68399 3.08855
-6.61467 3.25811
-6.64563 3.26672
-6.73493 2.89971
-6.72102 3.03198
-6.6681 3.29489
-6.71274 3.11576
-6.73627 2.9547
-6.75293 2.74622
-6.7573 2.84263
-6.77518 2.75949
-6.77846 2.6425
-6.80504 2.43983
-6.79421 2.57904
-6.77788 2.61711
-6.76938 2.53241
-6.8146 2.34859
-6.81653 2.40509
-6.84636 2.16335
-6.84672 2.09008
-6.80304 2.21741
-6.85321 1.8493
-6.87751 1.85264
-6.89833 1.60068
-6.91074 1.50458
-6.91286 1.25918
-6.93 1.20536
-6.92544 1.30621
-6.91352 1.56701
-6.89841 1.75882
-6.8859 1.86747
-6.87224 1.98418
-6.85064 2.23347
-6.85618 2.0634
-6.88438 1.82712
-6.88358 1.76044
-6.9154 1.59107
-6.9138 1.44286
-6.87211 1.54237
-6.8573 1.826
-6.83856 1.70347
-6.85615 1.57592
-6.87988 1.46407
-6.90007 1.33519
-6.91358 1.24257
-6.92712 1.16153
-6.98168 1.01873
-7.02918 0.775769
-6.94605 0.995394
-6.97027 0.807056
-6.95179 1.02116
-6.937 1.24397
-6.93428 1.30458
-6.94079 1.19756
-6.92704 1.38507
-6.94415 1.02182
-6.98534 0.788726
-6.98917 0.656962
-7.00635 0.548258
-6.9721 0.723288
-7.01835 0.406209
-6.96191 0.650429
-6.93309 0.954169
-6.92159 0.889233
-6.89632 1.03741
-6.86072 1.35637
-6.87561 1.54519
-6.83726 1.69026
-6.80252 1.97381
-6.76744 1.87933
-6.7445 2.26727
-6.68966 2.20181
-6.67056 2.55518
-6.69924 2.6203
-6.74769 2.46103
-6.72402 2.67107
-6.61077 2.78934
-6.60184 2.57996
-6.51653 2.81767
-6.51844 2.66951
-6.45885 2.87401
-6.37836 3.13295
-6.39414 2.93402
-6.30745 3.15231
-6.21864 3.37147
-6.101 3.69714
-6.10365 3.39225
-5.99391 3.738
-5.88181 3.96487
-5.93816 3.60373
-5.79742 3.9283
-5.7527 4.19068
-5.69752 4.13272
-5.61124 4.35769
-5.63523 4.17322
-5.53413 4.18729
-5.45146 4.55345
-5.30917 4.50995
-5.06697 4.79037
-4.94845 5.1719
-4.81846 5.03843
-4.7328 5.27889
-4.59364 5.45833
-4.55579 5.2534
-4.38587 5.61256
-4.21591 5.85178
-4.09556 6.13768
-4.0664 5.87194
-3.92457 5.99273
-3.78006 6.26394
-3.94034 6.52295
-3.6915 6.56011
-3.75263 6.72931
-3.48131 6.80265
-3.70496 6.91702
-3.90136 6.80593
-3.82957 6.98672
-3.66811 7.08832
-3.53546 7.02327
-3.31595 7.06619
-3.28051 6.93261
-3.23534 6.82367
-3.27703 6.64619
-3.47182 6.43939
-3.12683 6.41312
-3.04441 6.70842
-2.77829 6.48933
-2.75665 6.83265
-3.06507 7.00101
-2.42754 6.63736
-2.30018 6.86149
-2.20141 6.7355
-2.18122 6.87158
-2.10485 6.48023
-1.80376 6.46614
-1.89085 6.22276
-2.13247 6.1311
-2.30631 6.35787
-2.39423 6.19108
-2.51261 6.3652
-2.68424 6.15143
-2.3799 5.97175
-2.64963 5.85864
-2.83815 5.9695
-3.04754 6.08782
-2.90798 6.28744
-3.33697 6.18445
-3.44628 5.78592
-3.56069 6.14202
-3.73506 5.98255
-3.92858 5.67602
-3.79114 5.28342
-4.03232 5.35877
-4.24218 5.39534
-4.16615 5.68179
-4.16358 5.06899
-4.42973 5.08107
-4.48687 4.76133
-4.68737 4.9035
-4.89692 4.80974
-4.85665 4.69165
-5.01258 4.59562
-4.90415 4.47387
-4.73568 4.65833
-4.69977 4.43897
-4.44071 4.46163
-4.2154 4.70122
-4.23127 4.45665
-4.01612 4.57115
-3.93429 4.86616
-3.58352 4.86577
-3.4024 5.31478
-3.28102 5.06423
-3.06656 5.29126
-3.1793 5.54872
-2.95349 5.52212
-2.97409 5.77128
-2.6767 5.56449
-2.36115 5.69838
-2.29681 5.37793
-2.09523 5.57411
-2.09788 5.81975
-1.80926 5.9193
-1.85551 5.62903
-1.62882 5.6711
-1.46795 5.83593
-1.63952 6.15106
-1.4046 6.07897
-1.49601 6.38901
-1.45104 6.67586
-1.26078 6.43644
-1.24394 6.74436
-1.29232 7.12477
-1.08551 6.87677
-1.07804 7.09416
-1.34668 7.35587
-0.967124 7.22432
-0.936267 7.04337
-0.810525 7.06602
-0.81408 7.2721
-0.640289 7.09592
-0.51327 7.18719
-0.472771 6.98196
-0.329519 7.02083
-0.302028 7.22937
-0.148419 6.86391
-0.196366 6.6805
-0.356725 6.6948
-0.185807 6.39571
-0.297203 6.37069
-0.466695 6.52507
-0.327478 6.1674
-0.49471 6.24985
-0.638296 6.5182
-0.666048 6.81019
-0.769829 6.70075
-0.803136 6.53122
-0.910887 6.75532
-0.843462 6.88612
-0.975199 6.92891
-0.991482 6.61581
-0.862248 6.34323
-0.670159 6.27998
-0.739868 6.04738
-0.526179 6.02092
-0.381133 5.9984
-0.377536 5.77781
-0.212104 5.80249
-0.149072 6.05842
-0.00426865 5.66817
0.0342922 5.86412
-0.0367432 6.14294
0.0629416 5.96187
0.0901899 6.14646
0.158607 5.89284
0.258599 5.92167
0.043623 6.40453
-0.0562077 6.4098
-0.0602598 6.62412
-0.0346498 6.74742
0.421577 5.90147
0.381766 6.14306
0.558702 5.96098
0.554597 5.82711
0.629367 5.77726
0.740538 5.69446
0.706479 5.86314
0.719718 5.98074
0.850195 5.71935
1.06204 5.32207
0.995179 5.5043
1.00029 5.34848
0.933114 5.51656
0.896716 5.52129
0.810668 5.67138
0.86259 5.55167
0.937085 5.33871
0.850796 5.48931
0.800076 5.50656
0.896022 5.29693
0.832814 5.30101
0.959835 5.05688
1.02843 5.0438
1.06819 5.10806
1.11305 5.13612
1.19749 4.90161
1.20061 4.98233
1.28879 4.79712
1.73994 3.86858
1.46289 4.52463
1.37862 4.65009
1.37268 4.59751
1.48385 4.37627
1.436 4.42744
1.31772 4.65743
1.28168 4.73937
1.17883 4.85981
1.29037 4.58948
1.41628 4.41383
1.40701 4.31944
1.32891 4.40868
1.21068 4.60204
1.28359 4.34113
1.14667 4.60562
1.16124 4.45897
1.03974 4.7571
1.09994 4.82589
0.867092 5.04768
0.936424 4.72688
0.797939 4.88782
0.713493 5.21258
0.701999 5.04597
0.661678 4.90362
0.802737 4.63335
0.689713 4.59673
0.579955 4.84368
0.561438 4.96879
0.543067 5.11055
0.613129 5.17977
0.464148 5.3707
0.557882 5.43523
0.417953 5.6631
0.283475 5.64769
0.367999 5.33905
0.19043 5.548
0.308713 5.19159
0.141241 5.27952
-0.0617466 5.42862
0.0588865 5.0807
-0.134359 5.21475
-0.0614004 4.91025
-0.214335 5.05327
-0.21367 4.75685
-0.372088 5.03824
-0.306502 5.28359
-0.497994 5.3067
-0.42489 5.53803
-0.614458 5.56939
-0.555625 5.7911
-0.727501 5.79598
-0.816839 5.63548
-0.962077 5.95226
-0.936213 6.19377
-1.08547 6.22802
-1.23115 6.16123
-1.05781 6.42846
-1.21259 5.89245
-1.02733 5.6771
-1.23188 5.66736
-1.39993 5.50077
-1.09629 5.42624
-1.25168 5.20322
-1.03165 5.12464
-0.903419 5.28419
-0.90502 5.47515
-0.723188 5.34013
-0.80594 5.02398
-0.578121 5.04984
-0.648206 4.81111
-0.446932 4.72404
-0.617311 4.53485
-0.800856 4.67792
-0.769495 4.36879
-0.97418 4.45638
-0.890905 4.18394
-1.10095 4.05521
-0.881428 3.96248
-0.710041 4.04367
-0.757917 3.7852
-0.530217 3.67639
-0.486795 4.01495
-0.606101 4.26372
-0.420385 4.31907
-0.306878 4.01085
-0.153295 4.15321
-0.273474 4.49225
-0.126199 4.45633
0.0149469 4.56472
0.0198135 4.26773
0.142775 4.32103
0.220695 4.44662
0.129 4.75616
0.330109 4.62785
0.202438 4.8985
0.292193 4.96476
0.177672 5.05684
0.489196 4.73239
0.392664 4.98076
0.465416 5.04416
0.509046 4.41608
0.430694 4.1935
0.649334 4.12866
0.633736 3.83589
0.477213 3.89819
0.348177 3.99944
0.267284 4.21149
0.187361 4.0959
0.300939 3.78525
0.0782785 3.98137
-0.00258541 3.84393
-0.138858 3.80601
0.0679998 3.53069
-0.111244 3.52885
0.0422392 3.20242
-0.231922 3.33727
-0.305422 3.7338
-0.475803 3.27031
-0.713424 3.49845
-0.664971 3.20178
-0.913077 3.28828
-0.921072 3.70244
-1.14204 3.5918
-1.34169 3.79149
-1.35933 3.49278
-1.553 3.60404
-1.57015 3.90551
-1.74757 3.71748
-1.80421 3.46456
-2.0641 3.73843
-1.79192 3.93765
-1.95623 4.07996
-2.27633 4.10909
-2.43615 3.81893
-2.67976 4.04991
-2.55378 4.4006
-2.27075 4.37585
-2.01901 4.37326
-2.25152 4.6394
-1.93708 4.65336
-2.07037 4.88042
-2.36757 5.01605
-2.59622 4.75378
-2.82552 4.58112
-2.98095 4.31661
-3.07038 4.60029
-2.9124 4.84835
-3.22453 4.81019
-3.0796 5.02959
-2.87734 5.12828
-2.68045 5.01041
-2.65573 5.26662
-2.07093 5.11873
-1.88971 5.33489
-1.77801 4.92352
-1.53344 5.19301
-1.65499 5.46959
-1.49271 4.87896
-1.33686 4.97464
-1.17274 4.95327
-1.2935 4.58743
-1.00536 4.81596
-1.58319 4.66436
-1.6728 4.30102
-1.38434 4.12701
-1.7469 4.60711
-1.83065 4.48078
-2.86367 5.27991
-2.84638 5.39801
-3.36756 4.45253
-3.77871 4.42529
-3.61047 3.96567
-3.90929 4.14011
-4.10934 4.27523
-3.82952 4.68524
-4.10811 4.03022
-4.35354 4.02899
-4.36 4.27074
-4.62407 4.13663
-4.63592 3.77158
-4.35573 3.82018
-4.40301 3.56215
-4.09468 3.83278
-4.23331 3.92583
-3.93254 3.99433
-3.96078 3.51973
-3.53762 3.52749
-3.14728 3.5894
-3.07457 3.96746
-3.26403 4.17496
-2.751 3.71489
-2.74302 3.34729
-2.41705 3.52338
-2.40957 3.22341
-2.114 3.33944
-2.16764 2.98456
-1.83553 3.14128
-1.55159 3.30782
-1.5433 2.98287
-1.24986 3.1918
-1.29341 2.8383
-0.975905 2.80932
-0.718199 2.95521
-0.704186 2.67699
-0.761993 2.44423
-0.961073 2.44095
-0.800826 2.12315
-1.04568 2.22223
-1.18079 2.54454
-1.28126 2.26274
-1.49801 2.60308
-1.54341 2.23468
-1.778 2.47003
-1.83679 2.78691
-2.18297 2.48788
-2.61334 2.93356
-2.71178 2.49818
-2.93049 2.78516
-2.92733 2.99278
-2.86599 3.14411
-3.05692 3.13717
-3.21407 2.96771
-3.2965 3.27523
-3.45271 3.11027
-3.64038 2.91422
-3.21682 2.53237
-3.77649 2.51687
-4.08973 2.80257
-4.11762 2.5718
-4.41737 2.59179
-4.1295 2.28998
-4.50906 2.28185
-4.65484 2.45944
-4.83254 2.62954
-4.78365 2.26663
-5.01173 2.27936
-4.95644 1.90194
-5.2226 2.08328
-5.18507 2.46173
-5.39357 2.28086
-5.4126 2.60248
-5.53838 2.32353
-5.65631 2.46798
-5.55194 2.82057
-5.73543 2.74089
-5.80831 2.46132
-5.88029 2.5969
-5.83511 2.83339
-5.75123 2.98777
-5.83753 3.12557
-5.95116 2.76792
-5.98921 2.98852
-6.04054 2.77646
-6.05123 2.59698
-5.98658 2.517
-5.94197 2.31361
-6.06548 2.34505
-6.06492 2.04384
-6.17659 2.18007
-6.14207 2.453
-6.2479 2.38978
-6.29228 2.00608
-6.1995 1.85988
-6.31958 1.66883
-6.22169 1.50857
-6.35456 1.35355
-6.28387 1.19655
-6.37715 1.05021
-6.30117 0.891532
-6.40931 0.781814
-6.39298 0.574122
-6.51617 0.531537
-6.468 0.878524
-6.52445 0.751983
-6.52977 0.96104
-6.5819 0.806308
-6.59256 0.981721
-6.65735 0.746463
-6.60494 0.600394
-6.67235 0.478291
-6.71173 0.575111
-6.7243 0.797063
-6.78803 0.514634
-6.79405 0.712995
-6.78172 0.991527
-6.83034 0.777236
-6.85033 0.482418
-6.87223 0.611536
-6.91512 0.417665
-6.89665 0.640386
-6.94815 0.430961
-6.97215 0.145154
-6.99186 0.310088
-7.01878 0.0362481
-7.02893 0.0919088
-7.0477 0.13602
-7.06572 -0.0708169
-7.09857 -0.0507513
-7.06618 0.187993
-7.0896 0.166244
-7.04354 0.336524
-7.04637 0.421029
-7.04331 0.431477
-7.14759 -0.106366
-7.14747 -0.271063
-7.11832 -0.318425
-7.15917 -0.406386
-7.18928 -0.406038
-7.18374 -0.494922
-7.19988 -0.604886
-7.16096 -0.521082
-7.16563 -0.68989
-7.12392 -0.603596
-7.04945 -0.259892
-7.1052 -0.78371
-7.00517 -0.367275
-6.97599 -0.0825424
-6.91944 0.171923
-6.92753 -0.108477
-6.84924 0.154182
-6.74397 0.355106
-6.73948 0.118122
-6.82768 -0.146658
-6.89418 -0.17119
-6.9052 -0.402853
-6.82287 -0.443749
-6.75596 -0.144657
-6.72056 -0.245745
-6.68732 -0.00230907
-6.65122 0.30487
-6.58897 0.140162
-6.47463 0.258107
-6.54262 -0.0590219
-6.426 0.0403446
-6.35137 0.364456
-6.29614 0.639372
-6.22718 0.56184
-6.21829 0.827955
-6.11093 0.869604
-6.16599 1.16577
-6.07145 1.12791
-6.02887 1.33125
-6.08339 1.5367
-6.11109 1.75319
-6.00568 1.81764
-5.9398 2.05519
-5.84965 1.89543
-5.81496 2.21548
-5.67252 2.10098
-5.72502 1.79864
-5.56211 1.84024
-5.52296 2.12459
-5.41802 2.02572
-5.34527 1.74771
-5.17066 1.82126
-5.12359 1.53584
-4.89212 1.5375
-4.73143 1.67834
-4.63885 1.97434
-4.46892 1.66169
-4.33726 2.00388
-4.11508 1.7058
-4.12976 2.0142
-3.91936 1.98041
-3.76949 2.19486
-3.43604 2.19775
-3.57566 1.89315
-3.13099 1.79826
-3.16207 2.17529
-2.89124 2.14234
-2.47368 2.07787
-2.68609 1.73822
-2.82231 1.3939
-3.09094 1.35756
-3.44672 1.43878
-3.1953 1.07032
-3.51871 0.992046
-3.87 1.25338
-3.80766 0.842435
-4.13121 0.843467
-4.2968 1.27401
-3.78453 1.66713
-4.51082 0.862384
-4.67707 1.31178
-4.86442 0.923266
-4.94574 1.28083
-5.1419 1.12182
-5.35674 1.34923
-5.39779 0.886585
-5.56016 1.24447
-5.51134 1.53788
-5.70213 1.47862
-5.69028 1.20637
-5.81813 1.09636
-5.65324 0.962515
-5.7955 0.71765
-5.979 0.73311
-5.98381 1.10101
-6.12884 0.524411
-6.05658 0.29384
-6.26336 0.143047
-6.1564 -0.104027
-6.32675 -0.351348
-6.39959 -0.179875
-6.46439 -0.464255
-6.50671 -0.260134
-6.5691 -0.544003
-6.62189 -0.348395
-6.65047 -0.165722
-6.72421 -0.472557
-6.66615 -0.598334
-6.73846 -0.832414
-6.80812 -0.706965
-6.85736 -1.04897
-6.88501 -0.773646
-6.92351 -0.679964
-6.96426 -1.00829
-7.00371 -0.838698
-7.03961 -1.03551
-7.07477 -1.33387
-7.10094 -1.13392
-7.13029 -1.49894
-7.14652 -1.27273
-7.19475 -1.65516
-7.18086 -1.79978
-7.22557 -1.99623
-7.24607 -1.86852
-7.23376 -1.64561
-7.28077 -1.79087
-7.27476 -1.61766
-7.23543 -1.46752
-7.28741 -1.46929
-7.25406 -1.33884
-7.31242 -1.36451
-7.35533 -1.73251
-7.33588 -1.86348
-7.29919 -1.96373
-7.35935 -1.94523
-7.35661 -2.03029
-7.3092 -2.12351
-7.26366 -2.29763
-7.25566 -2.08134
-7.22803 -2.19837
-7.20635 -2.21174
-7.15057 -2.05276
-7.17446 -2.38744
-7.23412 -2.36186
-7.20636 -2.54887
-7.23094 -2.46797
-7.20977 -2.62164
-7.23954 -2.48108
-7.18424 -2.77395
-7.16326 -2.7381
-7.12557 -2.90524
-7.09395 -2.83848
-7.13578 -2.65024
-7.03358 -2.7639
-7.05632 -2.5484
-7.07154 -2.24234
-6.96669 -2.35605
-6.99415 -2.09252
-6.89788 -2.06974
-6.94759 -1.80001
-7.0465 -1.90743
-7.00139 -1.63492
-7.04645 -1.71139
-7.05213 -1.55537
-6.98287 -1.34078
-7.11313 -1.70812
-6.91458 -1.44494
-6.82006 -1.2382
-6.78397 -1.08898
-6.77859 -1.21766
-6.71932 -1.14657
-6.64186 -0.819324
-6.60911 -1.04083
-6.53092 -0.803458
-6.53916 -1.1791
-6.43686 -0.942594
-6.41849 -0.654923
-6.32453 -0.725254
-6.20296 -0.470217
-6.20386 -0.816978
-6.34772 -1.12159
-6.17089 -1.16815
-6.32209 -1.54369
-6.47331 -1.45587
-6.45604 -1.7654
-6.5623 -1.81943
-6.62089 -1.559
-6.45418 -1.17592
-6.6401 -1.28659
-6.72806 -1.52593
-6.70855 -1.75167
-6.75847 -1.76723
-6.8282 -1.7519
-6.80395 -1.41852
-6.87292 -1.60961
-6.77247 -2.01703
-6.85481 -2.31876
-6.74763 -2.37126
-6.63544 -2.15308
-6.66372 -1.86709
-6.49706 -2.07148
-6.53146 -2.35533
-6.45929 -2.27448
-6.37034 -2.14394
-6.38455 -1.8893
-6.21582 -1.84705
-6.21094 -2.22619
-5.97949 -1.94394
-6.01229 -1.58153
-6.15092 -1.48812
-6.00494 -1.25345
-5.90278 -1.38047
-5.79611 -1.14755
-5.92056 -0.904894
-6.04771 -1.05048
-6.07184 -0.857088
-5.96213 -0.63079
-5.79938 -0.557095
-5.91137 -0.271447
-6.08057 -0.553916
-6.07338 -0.274822
-5.98711 0.0180466
-5.89017 -0.0087369
-5.86187 0.200366
-5.95579 0.249431
-5.90704 0.45002
-5.77695 0.437382
-5.59876 0.550705
-5.70734 0.203011
-5.5325 0.156047
-5.42709 0.3756
-5.42795 0.58182
-5.23298 0.475305
-5.1155 0.777742
-4.87318 0.487616
-4.70449 0.67587
-4.52846 0.455195
-4.31743 0.613009
-4.22518 0.369272
-4.15865 0.577682
-3.93475 0.526984
-3.95935 0.200406
-3.66116 0.304029
-3.58058 0.622863
-3.30615 0.393552
-3.25191 0.73703
-2.9336 0.543323
-3.0103 0.84364
-2.91976 1.08372
-2.80404 0.823774
-2.64972 1.04339
-2.51015 1.3515
-2.33325 0.997291
-2.25743 1.31138
-2.33061 1.64341
-2.01347 1.44804
-2.05294 1.91841
-1.81542 2.16084
-1.77587 1.88779
-1.79881 1.66774
-1.67223 1.75961
-1.56878 1.87487
-1.59233 1.5735
-1.32443 1.50471
-1.31563 1.92676
-1.11525 1.65775
-1.09126 1.94419
-0.868682 1.60133
-0.914643 1.94016
-0.735096 1.78391
-0.541027 1.84132
-0.59737 2.16305
-0.363033 1.99469
-0.495769 2.39742
-0.174024 2.14148
-0.317597 2.59393
-0.54641 2.72532
-0.489314 2.95147
-0.212225 2.9044
0.00135612 2.40634
0.0344305 2.7262
-0.0422983 3.00467
0.145303 2.84409
0.212976 2.97233
0.234774 3.16606
0.309459 2.93925
0.453331 2.90846
0.311641 3.41351
0.147784 3.71444
0.454905 3.52184
0.437313 3.69782
0.424421 3.81088
0.541717 3.65689
0.618187 3.32428
0.721396 3.48342
0.838299 3.61958
0.741438 3.87511
0.834757 3.92578
0.762096 4.26019
0.623376 4.42122
0.82988 4.39796
0.916977 4.10894
0.933895 4.38754
0.894155 4.63679
0.970358 4.51864
1.07236 4.48316
1.05181 4.33622
1.17567 4.16798
1.1697 4.33304
1.27229 4.16691
1.30182 3.95664
1.40025 3.89841
1.47026 3.95073
1.43763 4.14017
1.51745 3.93115
1.57977 3.88203
1.51522 4.12077
1.60077 3.99159
1.5008 4.21963
1.53167 4.21758
1.51506 4.30081
1.57348 4.16352
1.65458 3.95883
1.66214 3.98921
1.75795 3.82342
1.70683 3.92844
1.79858 3.71528
1.7838 3.78982
1.83407 3.66003
1.93776 3.07747
1.95079 3.15976
1.94741 3.01052
1.96987 3.0819
1.97255 2.90222
2.01151 2.90068
2.00109 3.07615
2.05276 2.89777
2.0399 3.05587
2.09297 2.87064
2.10118 2.95003
2.16979 2.66009
2.17651 2.67489
2.16493 2.78064
2.2349 2.4982
2.24434 2.52557
2.31483 2.2464
2.28742 2.35923
2.16894 2.7287
2.22157 2.5025
2.35021 2.06609
2.27389 2.23736
2.35727 1.92501
2.25468 2.23225
2.18275 2.48051
2.15431 2.42504
2.0993 2.67671
2.04555 2.74814
2.03278 2.90953
2.10067 2.80802
1.95933 3.19281
1.93442 3.08872
1.76286 3.51986
1.73372 3.3653
1.87975 2.97991
1.75507 3.09323
1.62783 3.35765
1.66068 3.1626
1.54283 3.34722
1.6195 3.08449
1.50325 3.23105
1.42775 3.46628
1.42966 3.58678
1.35137 3.63842
1.33574 3.58425
1.2567 3.77101
1.32757 3.77619
1.25105 3.9393
1.41615 3.73758
1.50942 3.53445
1.53893 3.6446
1.17791 3.96503
1.17122 3.84876
1.24493 3.62754
1.12725 3.79887
1.07536 4.06477
1.02888 3.84666
1.13653 3.59928
0.999491 3.63839
1.15956 3.3335
1.03033 3.26964
0.872732 3.30801
0.977495 3.03598
1.12728 2.92148
1.21335 3.04101
1.31292 2.71545
1.32892 2.91213
1.29929 3.11127
1.39802 2.93683
1.43243 3.11439
1.5247 2.78338
1.57987 2.9659
1.37089 3.39768
1.27228 3.36076
1.66124 2.68982
1.67183 2.85906
1.78067 2.61165
1.73165 2.93206
1.85586 2.75425
1.91313 2.43959
1.87605 2.39616
1.84717 2.3249
1.73966 2.45018
1.82556 2.16607
1.91818 2.10519
1.96107 2.18005
2.01165 1.92345
2.10593 1.85412
2.04693 2.18919
1.99606 2.48325
2.11489 2.22069
2.06907 2.5263
1.95188 2.71789
1.98501 2.82122
2.18708 2.20285
2.26363 2.08786
2.27597 1.95808
2.21913 1.9598
2.31719 1.73809
2.35028 1.78309
2.42209 1.50851
2.47823 1.49223
2.49137 1.59148
2.57937 1.26791
2.5842 1.16084
2.53754 1.23095
2.65726 0.872055
2.56318 1.0457
2.61884 0.777384
2.48926 1.04426
2.4707 1.29645
2.34639 1.4216
2.37183 1.52969
2.27103 1.70336
2.22413 1.68214
2.16275 1.93297
2.23084 1.53793
2.11583 1.57498
2.3438 1.2122
2.25636 1.16217
2.09905 1.25667
2.30163 0.923558
2.40224 0.893999
2.42604 0.582762
2.51865 0.628047
2.47311 0.889952
2.57936 0.692871
2.61673 0.381178
2.67928 0.415776
2.70152 0.570706
2.78021 0.245336
2.75426 0.514479
2.73246 0.680505
2.8028 0.376788
2.74578 0.678616
2.66645 0.945031
2.71473 0.807902
2.63429 1.15408
2.67582 0.85619
2.60932 1.16057
2.5375 1.46055
2.44882 1.80919
2.36383 2.08358
2.39032 1.96647
2.35453 2.02292
2.28583 2.29307
2.29445 2.25873
2.23432 2.46647
2.2429 2.41642
2.18493 2.45516
2.12155 2.7241
2.09352 2.68109
2.14938 2.46855
2.1928 2.28858
2.26479 2.14531
2.2743 2.24426
2.32283 2.08686
2.31991 2.14394
2.34253 1.91727
2.4454 1.66677
2.45256 1.70784
2.5409 1.38875
2.53017 1.40235
2.57848 1.22431
2.59818 1.1576
2.62688 1.05514
2.62791 1.00513
2.45308 1.64763
2.41243 1.72337
2.41268 1.71864
2.31386 1.93014
2.24549 2.12231
2.24962 2.05772
2.21228 2.18809
2.18077 2.28934
2.15402 2.36366
2.13299 2.41896
2.10629 2.53425
2.10061 2.54729
2.04859 2.71807
2.08753 2.61616
2.04958 2.70999
2.00081 2.7961
1.96818 2.88307
2.03846 2.77102
1.93043 2.96406
2.03181 -2.5628
2.24055 -2.55222
2.07064 -2.63082
1.82007 -2.60878
1.83916 -2.68854
2.02154 -2.67496
2.19122 -2.68861
2.04108 -2.73723
1.888 -2.73165
1.88048 -2.7655
1.75103 -2.76415
1.69012 -2.80602
1.52825 -2.76468
1.70883 -2.72849
1.52117 -2.72082
1.67415 -2.70337
1.59999 -2.66531
1.317 -2.69355
1.29572 -2.75462
1.08194 -2.77263
1.27749 -2.798
1.43138 -2.8445
1.23071 -2.8455
1.2131 -2.85612
1.1222 -2.8255
1.07587 -2.83253
0.998214 -2.7823
1.10171 -2.79271
0.902366 -2.73857
0.876249 -2.72555
0.725318 -2.7293
0.730037 -2.7409
0.809698 -2.75471
0.601356 -2.80207
0.625237 -2.80875
0.841358 -2.82815
0.963526 -2.81639
1.08728 -2.85031
0.993174 -2.8701
0.826211 -2.89323
1.01254 -2.90573
0.696936 -2.90604
0.896705 -2.87611
0.669353 -2.85513
0.525225 -2.91365
0.510876 -2.86027
0.38555 -2.91289
0.394656 -2.85137
0.252417 -2.88405
0.245111 -2.92907
0.352741 -2.90897
0.143358 -2.92872
0.0660667 -2.93542
-0.0761204 -2.92941
-0.114023 -2.93953
-0.217514 -2.94439
-0.254241 -2.93298
-0.0872936 -2.90175
-0.30803 -2.87992
-0.384043 -2.93784
-0.461503 -2.91177
-0.509632 -2.87192
-0.571368 -2.9368
-0.493837 -2.93491
-0.620416 -2.92889
-0.729935 -2.92959
-0.75995 -2.93179
-0.636437 -2.89508
-0.852137 -2.87631
-0.946498 -2.93915
-0.973411 -2.88557
-1.05078 -2.89837
-1.15277 -2.90766
-1.14184 -2.8686
-1.28015 -2.8898
-1.19425 -2.81948
-1.34417 -2.84538
-1.40763 -2.91224
-1.40338 -2.94391
-1.53292 -3.0076
-1.48033 -2.88567
-1.61903 -2.96546
-1.69895 -3.04779
-1.829 -3.01862
-1.83011 -3.11402
-1.72868 -3.12331
-1.93051 -3.1629
-2.02482 -3.11363
-2.08216 -3.18386
-2.23454 -3.17355
-2.25918 -3.08459
-2.04562 -3.01472
-1.95153 -2.95976
-1.70196 -2.92003
-1.7495 -2.93768
-1.51937 -2.87391
-1.55204 -2.8723
-1.42255 -2.83435
-1.26935 -2.81535
-1.35205 -2.84804
-1.20561 -2.85797
-1.34178 -2.89636
-1.19418 -2.92566
-1.31455 -2.94593
-1.13961 -2.95098
-1.23312 -2.95284
-0.89864 -2.94321
-1.03309 -2.92858
-0.885842 -2.9409
-0.955376 -2.88166
-1.09538 -2.88894
-1.0667 -2.84498
-0.967172 -2.82213
-0.814548 -2.83994
-0.909392 -2.81791
-1.09309 -2.80137
-1.03175 -2.84174
-0.704331 -2.83948
-0.66581 -2.85159
-0.525255 -2.85716
-0.607711 -2.88118
-0.480744 -2.91438
-0.292682 -2.88322
-0.449084 -2.90415
-0.277035 -2.94523
-0.370373 -2.95662
-0.513016 -2.93628
-0.572532 -2.87464
-0.067811 -2.8638
0.100239 -2.90927
0.0886841 -2.88329
0.340906 -2.87465
0.592888 -2.87366
0.444034 -2.8632
0.46099 -2.87075
0.185555 -2.8923
0.423918 -2.86178
0.523445 -2.82297
0.615281 -2.78166
0.503885 -2.80804
0.560328 -2.76063
1.5805 -2.61006
1.70153 -2.57411
1.84602 -2.55323
-1.27134 -2.9293
-1.61471 -2.92925
-1.95583 -2.95058
-1.73112 -2.94343
-1.70538 -2.96044
-1.84458 -2.96597
-1.67439 -2.95989
-1.98676 -2.97419
-1.99548 -2.98063
-2.17785 -2.9958
-2.17756 -2.9684
-2.42942 -2.98696
2.90301 -0.190523
2.86771 0.106239
2.77089 0.414718
2.72836 0.637826
2.77051 0.583386
2.85444 0.0270196
2.84879 0.0771458
2.8016 0.307118
2.84429 0.00729324
2.87001 -0.23342
2.88605 -0.205051
2.90175 -0.456655
2.9254 -0.418501
2.96642 -0.55626
2.96208 -0.660964
2.93746 -0.566189
2.92655 -0.710981
2.89302 -0.567484
2.89687 -0.802432
2.87049 -0.755697
2.84912 -0.387944
2.78903 -0.502216
2.77403 -0.16066
2.81791 -0.071738
2.76226 0.110801
2.69349 0.108047
2.70746 -0.19389
2.63592 0.0965796
2.56389 0.331375
2.5902 0.111533
2.64038 -0.155867
2.52023 0.195391
2.51057 -0.0738878
2.58241 -0.343797
2.64694 -0.477768
2.71755 -0.51709
2.76297 -0.703998
2.80419 -0.724066
2.79673 -0.883733
2.85461 -1.11345
2.90956 -1.00314
2.8861 -1.24517
2.92512 -1.14098
2.93113 -0.929157
2.94636 -1.00893
2.9483 -0.88453
2.98222 -0.76989
2.95751 -1.09628
2.89254 -1.31175
2.88657 -1.34697
2.88467 -1.44616
2.85912 -1.53475
2.86721 -1.42233
2.83154 -1.44641
2.84684 -1.54109
2.80508 -1.63854
2.751 -1.75792
2.78559 -1.78022
2.74269 -1.944
2.70767 -1.99022
2.69797 -2.08825
2.63803 -2.14324
2.66471 -1.95491
2.60019 -2.09622
2.59474 -1.94962
2.53171 -2.13585
2.52654 -2.04562
2.44662 -2.12776
2.46474 -2.2963
2.55693 -2.23614
2.5314 -2.33686
2.47904 -2.41147
2.37606 -2.43892
2.40852 -2.51025
2.50409 -2.47271
2.57464 -2.32647
2.62677 -2.36108
2.66223 -2.21797
2.68909 -2.22739
2.7232 -2.07403
2.74046 -2.10657
2.77939 -1.95001
2.76754 -1.90718
2.824 -1.74785
2.82788 -1.77088
2.86097 -1.59266
2.83173 -1.65343
2.77984 -1.95063
2.7512 -2.08882
2.7217 -2.20021
2.75523 -2.03077
2.65683 -2.33262
2.60357 -2.40157
2.56277 -2.46917
2.51766 -2.50304
2.4646 -2.56402
2.45633 -2.54242
2.36097 -2.60449
2.36114 -2.58202
2.2417 -2.66797
2.22382 -2.63853
2.28499 -2.56388
2.13343 -2.64437
2.08146 -2.71065
1.97594 -2.69989
1.88432 -2.76453
1.81831 -2.74288
1.78751 -2.77639
1.66268 -2.79566
1.74715 -2.79675
1.60624 -2.83993
1.76688 -2.8298
1.95195 -2.77294
1.87118 -2.79997
2.09312 -2.74355
2.26329 -2.67661
2.16846 -2.74231
2.2888 -2.68544
2.36731 -2.61415
2.34779 -2.61363
2.43688 -2.56474
2.45288 -2.54043
2.54257 -2.45614
2.41631 -2.50196
2.34984 -2.55372
2.25358 -2.61381
1.99628 -2.76789
1.83115 -2.79
1.65884 -2.84094
1.71167 -2.83797
1.51073 -2.86804
1.48711 -2.85396
1.32667 -2.85714
1.2075 -2.87565
1.30383 -2.89105
1.16426 -2.89496
1.42912 -2.84459
1.26856 -2.82099
1.0425 -2.8432
0.907437 -2.82924
0.788327 -2.80538
0.901834 -2.77737
0.746856 -2.75524
0.618017 -2.79401
0.653811 -2.73031
0.787638 -2.71639
0.631116 -2.676
0.511626 -2.73967
0.373767 -2.7115
0.366524 -2.80308
0.215413 -2.81712
0.0982037 -2.89056
0.050437 -2.83164
-0.0551596 -2.8417
-0.160026 -2.82531
0.0112543 -2.79133
-0.0683527 -2.74879
-0.2898 -2.78351
-0.14126 -2.68097
-0.336759 -2.62831
-0.0445662 -2.56256
-0.175206 -2.41807
-0.517052 -2.43266
-0.302625 -2.15244
-0.583299 -2.24369
-0.751534 -2.33615
-0.71397 -2.21108
-0.666436 -2.04746
-0.885673 -2.18068
-0.931065 -1.98126
-1.2408 -2.07136
-1.05279 -2.39687
-1.30555 -2.36266
-1.56246 -2.33751
-1.66986 -2.0535
-1.51572 -1.79637
-1.78578 -1.79449
-1.65394 -1.63181
-1.50643 -1.60368
-1.61861 -1.41151
-1.85896 -1.56127
-1.91116 -1.32848
-2.13986 -1.51087
-2.01163 -1.73108
-2.23196 -1.78967
-2.33317 -1.62995
-2.37618 -1.45952
-2.5195 -1.74123
-2.66754 -1.34325
-2.96345 -1.77965
-2.67049 -2.03898
-2.92647 -2.14095
-3.10624 -2.00998
-3.22036 -2.17579
-2.98717 -2.41674
-2.60414 -2.35929
-2.709 -2.68563
-2.41267 -2.6035
-2.21789 -2.44614
-2.31579 -2.10131
-1.93736 -2.26755
-1.9982 -1.97149
-1.86647 -2.59531
-1.3929 -2.59215
-1.66596 -2.75592
-1.46044 -2.78594
-1.24935 -2.78065
-1.03696 -2.65037
-0.806602 -2.51053
-0.71045 -2.70137
-1.03394 -2.85511
-0.815865 -2.86126
-0.656623 -2.84077
-0.503872 -2.76518
-0.930535 -2.93949
-1.11116 -2.9453
-1.1938 -2.9123
-1.22943 -2.87821
-1.32375 -2.90697
-1.28721 -2.95036
-1.41384 -2.93409
-1.44967 -2.98988
-1.54709 -2.95662
-1.47599 -2.91494
-1.58723 -2.91195
-1.62633 -2.93707
-1.68409 -2.9257
-1.60636 -2.89515
-1.7859 -2.88324
-1.8055 -2.97802
-1.99178 -3.01396
-2.00641 -2.90741
-2.25624 -3.01023
-2.09554 -2.80162
-2.38274 -2.81525
-2.18952 -2.65977
-1.88428 -2.79054
-2.44051 -2.96502
-2.61181 -2.92586
-2.88654 -2.89598
-3.13878 -2.69104
-3.19455 -2.93185
-3.33604 -2.79978
-3.5049 -2.88933
-3.43308 -3.05471
-3.72239 -3.0186
-3.64515 -3.15127
-3.91077 -3.14183
-3.81028 -3.244
-4.10337 -3.25984
-3.87511 -3.32927
-4.11209 -3.34906
-4.25241 -3.31128
-4.3009 -3.36178
-4.40542 -3.33426
-4.34227 -3.28256
-4.49786 -3.29408
-4.43929 -3.25194
-4.55533 -3.20006
-4.64558 -3.30113
-4.83638 -3.25481
-4.74188 -3.34746
-4.9311 -3.36127
-4.81418 -3.40469
-4.97235 -3.41544
-4.86583 -3.42748
-4.99011 -3.42792
-4.82042 -3.42785
-4.88684 -3.41441
-4.62776 -3.4075
-4.7194 -3.40977
-4.53856 -3.39542
-4.64146 -3.39078
-4.46748 -3.37862
-4.36377 -3.38322
-4.22319 -3.37236
-4.26426 -3.37324
-4.10154 -3.3652
-3.9317 -3.35946
-3.95389 -3.34038
-3.79067 -3.34868
-3.7533 -3.33228
-3.68462 -3.32334
-3.71077 -3.28793
-3.57966 -3.30306
-3.59802 -3.24243
-3.42406 -3.26837
-3.41414 -3.18604
-3.23447 -3.22977
-3.16332 -3.11664
-3.04078 -3.21484
-2.91927 -3.14405
-2.97393 -3.03548
-2.75523 -3.05961
-2.7571 -3.16982
-2.86974 -3.21766
-2.73626 -3.22741
-2.83618 -3.24713
-2.9752 -3.25934
-3.12154 -3.2641
-3.11965 -3.30209
-2.91141 -3.28633
-3.02782 -3.30737
-2.82925 -3.27609
-2.73178 -3.25689
-2.67712 -3.24732
-2.55259 -3.25975
-2.63163 -3.23576
-2.52028 -3.21727
-2.63516 -3.18891
-2.53199 -3.08791
-2.66367 -3.12915
-2.40002 -3.1471
-2.29142 -3.15638
-2.14683 -3.12908
-2.24954 -3.19903
-2.39716 -3.22295
-2.37909 -3.23271
-2.56296 -3.23247
-2.4885 -3.16529
-2.73258 -3.21148
-2.7518 -3.12803
-2.88909 -3.19568
-2.946 -3.25939
-3.05441 -3.22541
-3.16185 -3.27295
-3.2485 -3.30973
-3.41425 -3.27799
-3.28944 -3.22295
-3.70362 -3.27695
-3.41362 -3.16833
-3.1643 -3.13351
-3.09012 -3.17838
-2.96813 -3.11419
-2.95343 -3.17466
-2.82135 -3.06416
-2.62117 -3.03803
-2.50242 -3.08834
-2.37468 -3.02388
-2.1643 -3.00693
-2.18995 -2.99671
-2.47972 -3.0113
-2.73981 -3.03971
-2.75866 -3.03286
-2.82943 -2.98942
-3.05757 -3.05594
-2.95859 -3.0748
-3.11858 -3.08338
-3.23571 -3.10088
-3.3628 -3.09295
-3.68658 -3.16321
-3.80438 -3.12198
-3.57814 -3.06096
-4.23651 -3.0662
-4.6291 -3.06888
-4.54364 -3.12739
-4.82035 -3.12257
-4.85886 -3.18223
-5.0935 -3.1486
-5.21875 -3.21107
-5.40746 -3.16495
-5.61991 -3.23487
-5.65365 -3.16847
-5.82463 -3.20706
-5.94262 -3.25666
-6.04103 -3.19402
-6.2368 -3.26816
-6.33521 -3.19784
-6.18481 -3.12873
-5.84315 -3.11803
-6.04546 -3.05229
-5.50517 -3.06671
-5.56046 -3.12303
-5.38891 -3.07632
-5.27381 -3.10689
-4.98372 -3.08533
-6.31718 -3.08879
-6.53343 -3.12229
-6.40339 -3.14907
-6.55303 -3.1917
-6.64748 -3.15495
-6.72688 -3.18557
-6.64711 -3.24438
-6.46899 -3.23412
-6.47905 -3.29973
-6.63541 -3.29121
-6.75793 -3.26119
-6.82191 -3.20635
-6.91033 -3.20335
-6.87101 -3.23752
-6.75805 -3.30136
-6.9058 -3.20757
-6.82675 -3.25858
-6.65739 -3.32867
-6.63879 -3.293
-6.53524 -3.36487
-6.42348 -3.35644
-6.548 -3.29705
-6.39231 -3.31289
-6.5498 -3.19173
-6.66944 -3.2073
-6.69457 -3.09205
-6.77418 -3.10448
-6.78903 -3.19886
-6.85742 -3.07836
-6.92088 -3.13713
-6.99737 -2.99512
-6.91375 -2.98771
-7.00126 -2.90306
-6.94295 -2.869
-6.96686 -2.72354
-6.87602 -2.79253
-6.92895 -2.60738
-6.84161 -2.66845
-6.7555 -2.8656
-6.72292 -2.66293
-6.64775 -2.87381
-6.55486 -2.76967
-6.62739 -2.49525
-6.81721 -2.51522
-6.51291 -2.58227
-6.37915 -2.45987
-6.3928 -2.74978
-6.21971 -2.69696
-6.19661 -2.48844
-6.02468 -2.34544
-6.06041 -2.59758
-5.81755 -2.51972
-5.79031 -2.15163
-5.73451 -1.81742
-5.79774 -1.51718
-5.58245 -1.54615
-5.57239 -1.16289
-5.6568 -0.97976
-5.72334 -0.822619
-5.55416 -0.808096
-5.61133 -0.540543
-5.45552 -0.565433
-5.49513 -0.346959
-5.30154 -0.357735
-5.4568 -0.123097
-5.66339 -0.181462
-5.28821 0.0691204
-5.01514 -0.207269
-4.98072 0.123106
-4.80901 -0.119968
-4.56729 0.0253985
-4.60433 -0.42181
-4.44167 -0.237887
-4.10909 -0.297386
-4.20989 0.068968
-4.39609 0.218363
-3.9349 -0.0375799
-3.72807 0.0662571
-3.62769 -0.16368
-3.43184 0.0875895
-3.25188 -0.134803
-3.00217 0.124613
-2.93605 -0.173155
-2.52695 -0.0840135
-2.65013 0.303028
-2.54524 0.657242
-2.26563 0.325413
-2.19454 0.656289
-2.06879 0.894026
-2.10105 1.13586
-1.83837 1.07559
-1.74583 1.39373
-1.53457 1.21954
-1.56833 0.831215
-1.23212 0.972031
-1.00372 1.28756
-0.831907 0.83619
-0.708611 1.16589
-0.525491 1.42979
-0.450674 0.987154
-0.203812 1.11719
-0.208265 1.57741
0.0181866 1.21858
0.075139 1.45423
-0.0110483 1.76013
-0.180775 1.86631
0.111214 1.96417
0.272078 2.06524
0.247753 2.45524
0.493945 2.05303
0.406233 2.39743
0.334628 2.70172
0.539168 2.39357
0.69147 2.49959
0.696961 2.909
0.507698 3.22115
0.807701 3.14122
0.94116 2.7637
1.06932 2.79683
1.11299 2.56366
1.17999 2.6934
1.27599 2.46583
1.44564 2.3629
1.49497 2.54655
1.41357 2.77849
1.65548 2.42508
1.62033 2.18535
1.75853 2.09668
1.92815 1.78636
1.78134 1.8685
1.91989 1.57922
1.80956 1.60694
1.9547 1.32202
1.86205 1.412
1.79919 1.39582
1.64864 1.67841
1.69246 1.2603
1.50881 1.63392
1.49746 1.86233
1.35422 1.93798
1.43662 2.00579
1.37909 2.18297
1.21258 2.26288
1.18641 2.06221
1.11833 2.2034
1.04972 2.08118
1.23607 1.82989
1.14442 1.71939
0.965706 1.77362
0.860582 2.18826
0.877868 2.47618
0.738184 2.11684
1.04612 2.3952
0.746676 1.78548
0.631619 2.08371
0.641256 1.59706
0.432756 1.68538
0.589171 1.38041
0.453691 1.3109
0.242927 1.59125
0.277429 1.823
0.267326 1.16006
0.490843 1.00396
0.638149 1.08453
0.64293 0.730588
0.845973 0.870224
0.746119 1.25254
0.923769 1.1714
1.0725 0.851937
1.10778 1.17975
1.26262 0.855496
1.28176 1.1029
1.46006 0.872409
1.3858 1.22245
1.18099 1.41839
1.30082 1.53359
1.47724 1.39102
1.37251 1.65919
1.58228 1.05818
1.77824 0.846731
1.83997 0.965811
1.88151 1.07203
1.99027 0.658982
2.016 0.850185
1.9826 1.06437
1.89242 1.26564
2.09384 0.993627
2.26652 0.754107
2.18062 0.717727
2.08433 0.846092
2.14596 0.601425
2.29855 0.432204
2.24996 0.306147
2.37876 0.122001
2.43027 0.203329
2.41247 -0.104621
2.50375 -0.337111
2.40135 -0.282494
2.2959 -0.0515913
2.31456 0.0862208
2.1728 0.253714
2.11674 0.0550312
2.27027 -0.239062
2.09335 -0.250471
1.91021 0.051149
1.9362 0.29658
1.83516 0.27122
1.77819 0.489373
1.72031 0.318515
1.60423 0.553633
1.66472 0.749457
1.41616 0.584215
1.55416 0.28624
1.36998 0.358413
1.41751 0.0683038
1.61018 -0.00875162
1.73415 0.0926812
1.80378 0.18702
1.80465 -0.311608
1.54874 -0.219678
1.62746 -0.42619
1.66586 -0.731566
1.93521 -0.782365
2.09339 -0.561852
2.29072 -0.49584
2.2469 -0.684267
2.32537 -0.668088
2.38784 -0.668693
2.44989 -0.519927
2.49728 -0.828841
2.58535 -0.634679
2.58669 -0.821125
2.64686 -1.00104
2.67937 -0.697946
2.73379 -0.829017
2.75437 -1.11073
2.69957 -1.26692
2.63118 -1.38831
2.53846 -1.31913
2.51292 -1.10189
2.39134 -1.31974
2.40809 -1.04958
2.33483 -0.842776
2.25497 -1.1492
2.15618 -0.864602
2.03419 -1.15713
1.82728 -1.04698
1.83083 -1.38883
1.65875 -1.12434
1.56769 -1.41526
1.50659 -1.14052
1.32717 -1.18735
1.42101 -0.966936
1.54051 -0.947432
1.45925 -0.734735
1.29809 -0.794943
1.33036 -0.489887
1.13887 -0.478182
1.24078 -0.26982
1.37524 -0.226296
1.24503 -0.0288606
1.12937 -0.161451
1.07664 0.107122
1.23033 0.264828
1.02907 0.489241
1.23227 0.567648
0.862243 0.223953
0.82611 0.545156
0.704845 0.428042
0.640779 0.190486
0.518664 0.454886
0.394163 0.766051
0.265708 0.464758
0.0863504 0.833362
-0.0180893 0.446674
-0.21107 0.734198
-0.263603 0.437552
-0.198963 0.106532
0.131976 0.150067
0.0165071 -0.12483
0.273933 -0.174122
0.405821 0.166068
0.554265 -0.108464
0.750575 -0.034061
0.736871 -0.339524
0.947192 -0.174516
0.920304 -0.591268
1.10993 -0.891336
0.848637 -1.02655
0.727816 -0.656599
0.632737 -0.828417
0.4946 -0.517443
0.46674 -0.87899
0.327717 -0.713165
0.231928 -0.511312
0.207978 -0.713208
0.0408716 -0.686356
0.249476 -0.994827
0.00555134 -1.03123
0.102252 -1.33218
0.372796 -1.44954
0.478963 -1.16418
0.668677 -1.39172
0.62355 -1.06653
0.970555 -1.48797
1.10449 -1.25434
1.13009 -1.46337
1.22821 -1.42714
1.37676 -1.53999
1.19536 -1.64737
1.38658 -1.80076
1.53211 -1.69704
1.72382 -1.73019
1.55775 -1.90848
1.70809 -2.00812
1.88936 -1.90935
1.92104 -1.66921
2.10625 -1.77104
2.04906 -1.47402
2.21846 -1.45168
2.30813 -1.61726
2.44142 -1.54217
2.36719 -1.74819
2.4567 -1.69162
2.53941 -1.56665
2.49841 -1.78058
2.60147 -1.69329
2.68749 -1.48995
2.67988 -1.73134
2.7498 -1.51546
2.73935 -1.34039
2.79897 -1.30921
2.51961 -1.93236
2.42551 -1.97098
2.41914 -1.83284
2.31355 -1.97196
2.33196 -2.15405
2.34683 -2.31056
2.2163 -2.32217
2.21383 -2.16591
2.07078 -2.29992
2.08292 -2.48658
2.24836 -2.45896
2.16551 -2.56938
2.02823 -2.62404
1.90271 -2.59683
1.86927 -2.68711
1.74374 -2.68759
1.69458 -2.73103
1.55648 -2.71663
1.49915 -2.78148
1.34752 -2.74765
1.11139 -2.76699
1.20496 -2.69944
1.03062 -2.71099
0.940759 -2.72052
0.865708 -2.68757
1.03054 -2.65163
0.776818 -2.60041
0.490521 -2.62992
0.528505 -2.53408
0.337697 -2.62221
0.217802 -2.56279
0.145143 -2.69769
0.0261621 -2.65819
0.111063 -2.41127
0.376629 -2.40113
0.256217 -2.21551
-0.0111265 -2.26599
0.0177336 -2.09563
-0.0964117 -1.83527
-0.461735 -1.79485
-0.844712 -1.71902
-0.609191 -1.41158
-0.977626 -1.31463
-0.767423 -1.07737
-0.572391 -1.15228
-0.393756 -1.19288
-0.287135 -1.51725
-0.139236 -1.25708
-0.0495186 -1.5348
0.155643 -1.66371
0.211582 -1.9527
0.371903 -1.78351
0.573975 -1.72901
0.526712 -2.02558
0.687578 -1.89153
0.797638 -1.73678
0.84797 -2.01239
1.02328 -1.82033
1.22821 -1.91895
1.08425 -2.03612
1.25159 -2.12175
1.40102 -2.01967
1.54407 -2.11237
1.405 -2.1749
1.49784 -2.30052
1.66704 -2.18284
1.81774 -2.12438
1.73268 -2.30283
1.88887 -2.21242
1.98066 -2.05577
2.0018 -2.20135
2.14389 -2.05382
2.25916 -1.83926
1.89565 -2.33398
1.90903 -2.46681
1.74306 -2.45852
1.74994 -2.58226
1.54541 -2.56377
1.60983 -2.66552
1.42942 -2.67931
1.2616 -2.59424
1.39449 -2.46416
1.15149 -2.45622
1.01972 -2.55692
0.847342 -2.447
1.06924 -2.25411
0.737293 -2.24227
0.505916 -2.26411
0.604055 -2.38397
1.28795 -2.35883
1.30651 -2.2563
1.59387 -2.43481
-0.234118 -0.874767
-0.542647 -0.882816
-0.393442 -0.663849
-0.578046 -0.514403
-0.235217 -0.392095
-0.637974 -0.0850923
-0.791519 -0.396513
-1.07061 -0.319529
-1.06222 0.125346
-1.48672 -0.0832153
-1.47332 -0.578557
-1.80587 -0.328924
-1.94474 -0.651311
-2.16918 -0.362684
-1.97402 -0.00288166
-1.9112 0.348219
-2.06421 0.481309
-1.89219 0.668439
-1.62299 0.487549
-1.36584 0.619845
-1.37611 0.31071
-1.66909 0.205553
-1.09202 0.537909
-0.754649 0.391438
-0.499609 0.645394
-0.613448 0.900189
-0.458034 0.294914
-2.48412 -0.441402
-2.79373 -0.393903
-2.68159 -0.682524
-3.06935 -0.623584
-2.95789 -0.988263
-3.38442 -0.833824
-3.29622 -1.11625
-3.58556 -1.05761
-3.6393 -0.881851
-3.71055 -0.710151
-3.92579 -0.92514
-4.01844 -0.619727
-4.27891 -0.720871
-4.25857 -0.516546
-4.56825 -0.845665
-4.82808 -0.755355
-5.03259 -0.572405
-5.06141 -0.950657
-5.32835 -0.812904
-5.30127 -1.35611
-5.01378 -1.25302
-4.81211 -1.05593
-4.78837 -1.46393
-5.07461 -1.54291
-5.00047 -1.92894
-5.24684 -1.78242
-5.51602 -1.88546
-5.33278 -2.21391
-5.60852 -2.27352
-5.5592 -2.49633
-5.62772 -2.77659
-5.97851 -2.81831
-5.7959 -3.04481
-6.02359 -2.98884
-6.20356 -2.92807
-6.07223 -3.08098
-6.24569 -3.05903
-6.1662 -3.1831
-5.94183 -3.17921
-5.69801 -3.23976
-5.45893 -3.14573
-5.50112 -2.97729
-5.28868 -3.01289
-5.31084 -2.80591
-5.37267 -2.57509
-5.0095 -2.46993
-4.78637 -2.17967
-4.72395 -1.84253
-4.47277 -2.02036
-4.52056 -1.62928
-4.54033 -1.3943
-4.54987 -1.17414
-4.26482 -1.36402
-4.28051 -1.01888
-4.07913 -1.13695
-3.85439 -1.28466
-3.47826 -1.33706
-3.67163 -1.58438
-3.34979 -1.63189
-3.11817 -1.36592
-3.30329 -1.91523
-3.55093 -1.809
-3.6096 -2.09509
-3.77917 -1.82705
-4.03422 -2.01785
-3.98651 -1.63113
-4.2663 -1.72785
-4.26345 -2.33222
-3.97795 -2.30249
-3.84484 -2.20231
-3.72467 -2.37438
-3.36785 -2.40835
-3.55186 -2.65989
-3.99515 -2.57452
-3.83143 -2.84178
-4.18893 -2.83597
-4.39041 -2.63041
-4.64873 -2.40471
-4.72508 -2.72895
-5.03627 -2.88467
-4.73535 -3.0245
-4.48865 -2.86587
-4.36058 -3.04806
-4.0293 -3.0091
-4.15163 -3.13746
-4.33164 -3.20352
-5.11218 -3.13743
-5.09497 -3.29933
-5.31477 -3.25927
-5.25778 -3.34133
-5.48256 -3.33675
-5.28336 -3.40145
-5.4594 -3.39897
-5.62959 -3.38639
-5.72719 -3.3362
-5.85299 -3.38077
-5.95146 -3.28964
-6.05144 -3.36364
-6.00485 -3.41968
-6.21923 -3.37113
-6.19599 -3.30369
-6.36003 -3.20688
-6.36674 -3.09442
-6.49051 -3.11306
-6.51485 -2.98033
-6.62358 -3.0225
-6.39283 -2.94784
-6.22458 -3.41749
-6.38918 -3.39514
-6.21941 -3.4115
-6.07366 -3.45003
-6.00705 -3.42935
-6.22344 -3.39672
-6.0214 -3.38262
-5.77723 -3.4105
-5.83884 -3.44872
-5.6958 -3.43645
-5.88854 -3.4348
-5.72661 -3.4283
-5.49151 -3.44785
-5.53403 -3.42698
-5.3751 -3.42815
-5.31103 -3.45042
-5.31655 -3.44617
-5.2004 -3.4523
-5.1911 -3.42806
-5.07715 -3.42963
-5.12019 -3.40847
-4.89771 -3.35273
-4.67158 -3.36893
-4.58924 -3.2844
-4.35899 -3.33642
-4.42506 -3.38367
-4.14231 -3.34451
-4.05322 -3.30818
-4.11806 -3.20236
-4.53925 -3.20309
-4.1883 -3.12219
-3.88131 -3.06967
-4.94958 -3.2711
-5.16807 -3.36676
-5.3698 -3.30258
-5.38548 -3.37046
-5.29673 -3.40662
-5.50517 -3.41798
-5.58626 -3.35552
-5.81728 -3.36235
-5.64868 -3.31105
-5.81825 -3.31377
-6.02471 -3.32707
-6.24447 -3.35434
-6.41909 -3.35856
-6.60383 -3.33009
-6.51107 -3.36928
-6.61108 -3.32717
-6.52174 -3.37446
-6.38551 -3.37912
-5.11075 -3.42134
-5.11112 -3.38986
-5.49034 -3.25728
-4.82048 -2.36541
-3.83753 -0.531103
-3.52708 -0.478264
-3.38482 -0.288063
-3.15284 -0.354714
-2.55012 -0.957085
-2.16049 -1.09761
-2.32201 -0.693543
-1.74488 -0.890802
-1.76425 -1.14436
-1.38333 -1.08055
-1.19016 -0.771947
-1.15714 -0.581037
-0.892089 -0.688764
-1.03955 -0.986897
-1.26143 -1.60489
0.0653458 -0.362146
-1.06152 -1.84579
0.30523 -2.6905
0.180859 -2.76063
2.14845 -1.32071
1.49638 -0.466594
2.36318 -0.3873
1.77301 0.662829
1.88532 0.554164
2.02502 0.358477
2.1417 0.442175
2.39321 0.419063
1.04728 1.44954
0.936652 1.46157
0.803162 1.44787
1.53159 2.03153
1.67403 1.88494
1.96331 1.91407
-6.7225 -2.99643
-6.81067 -2.97371
-6.88201 -2.50157
-6.83913 -3.04449
-7.02938 -3.04507
-6.98346 -3.14904
-7.09656 -3.00256
-7.02608 -3.12026
-6.96638 -3.16417
-7.03289 -3.10166
-7.10468 -3.01898
-7.01155 -3.09073
-7.02593 -3.06634
-6.94542 -3.11248
-3.71702 7.59298
-3.50537 7.73057
-3.37705 7.8047
-3.23435 7.87882
-3.31891 7.75712
-3.07974 7.84389
-2.97975 7.97269
-2.65173 8.04534
-2.28895 8.13907
-2.40294 8.08483
-2.23841 8.06709
-2.38972 7.97934
-2.60965 7.93245
-2.82597 7.9112
-2.71579 7.84456
-2.94136 7.79426
-3.18339 7.71887
-3.03708 7.66392
-3.37385 7.55456
-3.34315 7.67032
-3.48893 7.6342
-3.66329 7.49258
-3.88239 7.42518
-3.7987 7.39366
-2.78643 7.60269
-2.81958 7.74429
-2.64133 7.76373
-2.49184 7.85619
-2.42907 7.7023
-2.16234 7.98609
-2.52058 7.50255
-2.25461 7.52713
-2.07702 8.05176
-2.13094 8.13352
-1.94247 8.10012
-1.72328 8.05753
-1.46809 8.03833
-1.34596 7.91945
-1.093 7.82591
-5.50686 5.84983
-5.634 5.6073
-5.82761 5.39975
-5.53769 5.45868
-5.4608 5.64392
-5.09976 5.74385
-5.20621 5.47433
-5.97199 5.17383
-6.07157 4.97904
-5.96932 4.93136
-6.06644 4.71035
-5.96716 4.68009
-6.07939 4.43136
-6.15081 4.46745
-6.12836 4.63744
-6.21773 4.39997
-6.25398 4.29025
-6.33297 4.114
-6.4379 3.95487
-6.1753 4.80045
-6.57187 3.7392
-6.58145 3.65354
-6.6297 3.52889
-6.58621 3.5839
-6.60961 3.45217
-6.55884 3.56184
-6.55068 3.69502
-6.49116 3.76908
-6.52523 3.82581
-6.4187 3.87285
-6.4858 3.66509
-6.42561 3.75052
-6.36505 3.94218
-6.30418 4.00153
-6.24002 4.25573
-6.19058 4.21544
-6.24462 3.97057
-6.36187 3.70238
-6.49755 3.45183
-6.44522 3.41285
-6.50982 3.54157
-6.57687 3.33749
-6.56358 3.44824
-5.89139 4.90458
-5.8698 5.0996
-7.18457 -2.89811
-7.17168 -2.84984
-5.79651 -3.1692
-3.61676 -3.33479
-3.44368 -3.32777
-3.59346 -3.32336
-3.47112 -3.31369
-3.32311 -3.30786
-3.39473 -3.29637
-3.26723 -3.28659
-3.48896 -3.30404
-3.56646 -3.31751
-2.18577 -3.21185
-2.17902 -3.20111
-2.13671 -3.18335
-2.12174 -3.19711
-2.03464 -3.19184
-2.0558 -3.15387
-2.00595 -3.11845
-1.90331 -3.06795
-1.92595 -3.13524
-1.76778 -3.06623
-1.67601 -2.96335
-1.60972 -3.01316
-1.66869 -3.08029
-1.54901 -3.03804
-1.45903 -3.01736
-1.31904 -2.94361
-1.57865 -3.06401
-1.79208 -3.14142
-1.9073 -3.17807
-2.04527 -3.19623
-4.56835 -3.34606
-1.60551 -2.83965
-1.5016 -2.86596
-1.36862 -2.86186
-1.21715 -2.95488
-0.260173 -2.83437
0.47421 -2.8069
1.47136 -2.87284
2.82535 -1.75233
2.1097 2.53583
2.13499 2.44504
2.1642 2.34712
-1.57709 -2.9251
-1.49708 -2.95592
-1.44971 -2.91295
-1.51278 -2.95223
-0.970837 -2.92686
-0.878253 -2.90382
-0.560645 -2.93335
-0.536451 -2.90258
-0.333407 -2.90979
-0.150646 -2.91882
-0.231172 -2.90764
-0.643616 -2.9493
-0.602124 -2.92519
-0.730944 -2.93058
-0.718876 -2.88263
-0.816093 -2.88932
-0.1359 -2.90059
-0.103162 -2.87701
0.0885191 -2.87935
0.280907 -2.87842
0.143867 -2.85718
0.350896 -2.81711
0.427286 -2.84495
-0.360401 -2.88148
-0.336954 -2.88829
2.45863 1.6041
2.48873 1.55856
2.49163 1.52076
2.52441 1.42969
2.56447 1.32145
2.57387 1.27122
2.59453 1.21249
2.61488 1.14628
0.944623 3.87848
1.61648 3.65767
1.68295 3.56961
1.6089 3.75317
1.69039 3.73783
1.82293 3.52035
1.73773 3.77061
1.77506 3.7358
1.83273 3.6121
1.883 3.52517
1.81348 3.6855
1.84361 3.62485
1.92211 3.44309
1.89359 3.51949
2.01299 3.23907
1.93711 3.38115
1.87789 3.52089
1.92987 3.3803
1.89066 3.51039
1.92458 3.37469
1.95016 3.26405
1.9649 3.21497
1.97891 3.23185
2.00756 3.22021
2.08741 3.00454
2.0853 3.02344
1.99282 3.27718
2.05315 3.06976
2.11668 2.82922
2.04678 3.03283
1.98083 3.24147
1.91175 3.35267
1.90097 3.43589
1.98071 3.32436
-5.80214 -0.00380816
-7.20422 -0.871343
-7.16398 -0.791711
-7.17641 -0.955914
-7.14741 -0.846301
-7.16964 -1.09573
-7.19655 -1.41028
-7.20526 -1.27147
-7.21407 -1.10748
-7.22956 -1.19026
-7.2759 -1.25199
-7.2196 -1.0399
-7.05091 -0.838435
-7.01861 -0.597988
-6.96823 -0.624414
-6.95865 -0.375981
-5.88873 1.38689
-5.94975 1.60749
-5.82581 1.64108
-6.69243 0.309707
-6.79347 2.13162
-6.79622 2.34103
-6.78581 2.52758
-6.78004 2.44127
-6.79017 2.30136
-6.80037 2.1575
-6.82145 2.05194
-6.81206 2.22898
-6.85034 1.99598
-6.82296 1.86347
-6.81537 1.93964
-6.81975 1.76793
-6.80591 1.9945
-7.05847 0.498726
-7.00726 0.628944
-6.92774 0.622949
-6.90032 0.809654
-6.87698 0.844226
-6.84584 1.05855
-6.87131 0.721713
-6.79496 1.35302
-6.81507 1.57734
-6.77475 1.64539
-6.70756 1.85948
-6.73708 1.59218
-6.68368 1.70365
-6.71398 1.43095
-6.63489 1.52204
-6.59704 1.86328
-6.64689 1.98455
-6.55157 2.20741
-6.61826 2.24333
-6.67148 2.06551
-6.5539 2.46018
-6.46252 2.6129
-6.44312 2.28887
-6.3849 2.59326
-6.34277 2.86004
-6.26661 2.74266
-6.23573 3.09764
-6.16151 3.04002
-6.0502 3.19005
-5.91386 3.33886
-5.81249 3.67333
-5.8104 3.46675
-5.69987 3.7203
-5.6898 3.97191
-5.62459 3.93105
-5.56116 3.81252
-5.34042 4.11622
-5.44247 3.77793
-5.54379 3.45788
-5.69769 3.46427
-5.6978 3.21477
-5.61274 3.06899
-5.48634 3.24729
-5.39193 3.45007
-5.40451 3.64376
-5.2821 3.69183
-5.33816 3.84507
-5.19047 3.97896
-5.09061 3.78482
-4.93833 4.14107
-4.86627 3.87824
-4.96421 3.5827
-5.22212 3.44959
-5.0945 3.22039
-5.27251 3.22042
-5.37657 3.23285
-5.34352 2.99539
-5.48099 3.06569
-5.13617 2.83363
-4.83513 3.06125
-4.77353 3.41
-4.57878 3.2688
-4.30731 3.30088
-4.03267 3.1402
-3.65884 3.25609
-4.46345 2.9833
-5.10656 4.29982
-5.17691 4.46795
-6.12479 2.76922
-6.3483 2.43428
-6.37436 2.15208
-6.46197 2.00351
-6.53196 2.02543
-6.53011 1.77231
-6.41745 1.79079
-6.52487 1.44903
-6.60906 1.22352
-6.68937 1.23616
-6.6565 1.00272
-6.71337 1.04452
-6.74885 1.20658
-6.55051 1.16105
-6.46139 1.19199
-6.42285 1.49219
-3.01571 3.30063
-0.245981 5.50898
0.465137 5.21576
0.138006 5.7824
0.514866 5.6579
0.549799 5.73088
0.636483 5.51792
0.626673 5.68217
0.719412 5.50869
0.706873 5.65247
0.75577 5.32682
1.15766 4.79506
-0.516989 6.83584
-3.14633 7.16559
-6.04334 3.99137
-4.89246 5.97077
-4.72108 5.98315
-4.57863 6.19563
-4.99288 5.96206
-5.09678 6.2594
0.429255 6.64177
0.311587 6.7235
0.355521 6.61306
0.46185 6.53304
0.403579 6.49534
0.496401 6.43064
0.0207167 6.79013
0.86259 5.55167
-3.88239 7.42518
-3.7987 7.39366
