-5.32936 0.999639
-3.81478 3.07508
-2.82621 4.2636
-2.50326 4.46243
-2.3153 4.53389
-1.45702 4.78011
-1.11873 4.75594
-0.904479 4.71447
-0.172184 4.26416
0.0827646 4.03955
0.279364 3.84449
0.708348 3.14356
0.818231 2.89941
1.62772 0.998377
1.68807 0.768961
1.79787 -0.699133
1.82776 -1.12409
1.83884 -2.11455
1.82281 -2.32993
1.78708 -2.50243
1.70819 -2.68956
1.60648 -2.88395
1.46367 -3.10103
1.33677 -3.2458
1.12952 -3.44217
0.417884 -3.79718
0.318198 -3.83808
0.0936832 -3.91523
-0.369164 -4.04664
-0.910834 -4.17758
-1.36414 -4.24154
-1.59532 -4.26442
-2.05766 -4.23645
-2.54989 -4.1917
-2.66942 -4.18015
-2.94921 -4.137
-3.48232 -4.02473
-3.61875 -3.98555
-3.75601 -3.94027
-3.98771 -3.8634
-4.15999 -3.8028
-4.18901 -3.79191
-4.47837 -3.65244
-4.59755 -3.58464
-4.69095 -3.51025
-4.88722 -3.3275
-4.95368 -3.16212
-5.02512 -2.96344
