1.39069 4.22643
1.28549 4.41912
1.37118 4.1169
1.31332 4.14002
1.19847 4.42603
1.24946 4.14293
1.1573 4.31788
1.13965 4.54982
1.14511 4.71724
1.19172 4.63207
1.15363 4.88354
1.07961 5.1847
1.05208 5.03833
0.981613 5.4421
0.88857 5.84389
0.878166 5.57403
0.784247 5.66144
0.684705 5.88493
0.762477 6.07049
0.65624 6.14999
0.514256 6.12365
0.590481 6.35938
0.741435 6.31912
0.658833 6.44079
0.706782 6.51648
0.592084 6.57977
0.667529 6.6868
0.647488 6.85319
0.552822 6.99968
0.288309 7.51057
0.163229 7.68004
-0.0969229 7.95387
-0.200032 8.08044
-0.321237 8.11442
-0.423084 8.29133
-0.468966 8.18096
-0.596726 8.3573
-0.591202 8.24758
-0.739308 8.34443
-0.807191 8.4696
-0.703842 8.50736
-0.891878 8.58233
-1.01676 8.56802
-1.06594 8.66499
-0.980052 8.69247
-1.13419 8.74416
-1.19619 8.7251
-1.16527 8.65758
-1.30429 8.7251
-1.27655 8.79838
-1.44943 8.82244
-1.46763 8.72154
-1.62634 8.83228
-1.57036 8.90594
-1.40066 8.89799
-1.58953 9.00039
-1.75335 8.93247
-1.79893 9.02563
-1.87398 8.97385
-1.98472 8.89627
-1.8132 8.82729
-1.67049 8.729
-1.86464 8.7168
-1.97054 8.78761
-2.08434 8.64905
-1.90584 8.61343
-1.73594 8.61731
-1.82794 8.53093
-2.01107 8.48419
-1.83925 8.39008
-1.63738 8.46167
-1.67213 8.2833
-1.46135 8.31569
-1.4288 8.4479
-1.49432 8.58673
-1.27857 8.46982
-1.22424 8.57898
-1.09146 8.41681
-0.952967 8.45018
-0.884006 8.311
-0.686787 8.20678
-0.826547 8.14706
-0.62189 8.03253
-0.541439 8.126
-0.409462 7.92988
-0.540272 7.90509
-0.642242 7.87201
-0.770066 7.98959
-0.811805 7.81823
-0.984339 8.03504
-1.06356 8.26521
-1.25603 8.16232
-1.2742 8.34856
-1.51487 8.13583
-1.36932 7.97476
-1.16767 7.96991
-1.21507 7.80258
-1.02485 7.83181
-1.07744 7.66798
-0.902978 7.65215
-0.989199 7.47382
-0.787947 7.45949
-0.845227 7.24828
-0.665104 7.27655
-0.646399 6.96961
-0.488136 7.21101
-0.601935 7.4616
-0.411482 7.39738
-0.505291 7.58121
-0.632283 7.68878
-0.743195 7.61896
-0.508584 7.77011
-0.370178 7.61404
-0.205876 7.65835
-0.20553 7.9142
-0.0396061 7.69643
-0.0217991 7.84083
0.0698614 7.85195
0.0496225 7.744
0.0977097 7.60832
0.196951 7.49725
0.130867 7.39701
-0.0341902 7.43054
0.066864 7.28363
0.172045 7.14908
0.217011 7.23272
0.250798 7.28308
0.210671 7.38369
0.282633 7.36752
0.352009 7.20117
0.456656 7.11383
0.417401 7.02653
0.496609 6.9917
0.531568 6.84027
0.341275 6.91399
0.470015 6.70148
0.488154 6.53196
0.442933 6.38582
0.295707 6.63326
0.297359 6.27318
0.388474 5.99359
0.517443 5.80505
0.325215 5.71896
0.252676 6.02256
0.113822 5.89829
0.0902786 6.19837
0.0537071 6.51844
-0.103273 6.35621
-0.140128 6.57068
-0.243793 6.47569
-0.281646 6.68059
-0.117566 6.76422
-0.335732 6.94915
-0.102283 7.02677
-0.304803 7.18762
-0.2041 7.35256
0.00653172 7.19229
0.134976 6.94678
0.0610876 6.78321
0.293631 7.12663
-0.456652 6.73813
-0.618234 6.52338
-0.869272 6.69341
-0.920984 7.02317
-1.05795 6.86385
-1.06082 7.04588
-1.19423 7.01483
-1.24412 6.74082
-1.09169 6.56922
-1.27137 6.46219
-1.48199 6.53907
-1.41331 6.91123
-1.66928 6.78433
-1.78666 6.43891
-1.90131 6.67725
-2.09885 6.41359
-2.08403 6.72768
-1.87217 6.96735
-2.15265 6.94454
-1.95909 7.18999
-2.12412 7.27856
-2.31853 7.01721
-2.35233 7.23578
-2.18145 7.51152
-1.99631 7.53067
-1.88774 7.41782
-1.81143 7.63983
-1.96771 7.74928
-1.72915 7.84101
-1.8251 7.96573
-2.01416 7.94534
-2.22095 7.74457
-2.16414 7.9719
-2.02712 8.11167
-1.88878 8.07976
-1.86143 8.22108
-1.72997 8.12145
-1.63711 8.00394
-1.51069 8.01167
-1.54008 7.898
-1.41132 7.7662
-1.60856 7.71989
-1.49232 7.59704
-1.2608 7.5324
-1.51477 7.38703
-1.33775 7.2103
-1.08461 7.23226
-1.58841 7.10409
-1.74915 7.27774
-1.6767 7.51901
-2.02437 8.28701
-2.21828 8.12204
-2.19196 8.33144
-2.19814 8.48195
-2.3498 8.52454
-2.35183 8.35246
-2.48874 8.35367
-2.54877 8.4313
-2.65609 8.24876
-2.53295 8.15668
-2.76323 8.02098
-2.68037 7.85403
-2.90491 7.78463
-2.91094 7.55313
-3.05113 7.58674
-3.12865 7.37348
-3.23554 7.4608
-3.08135 7.72979
-3.23809 7.65522
-3.39733 7.44663
-3.35407 7.67207
-3.57269 7.39216
-3.50929 7.66624
-3.72939 7.38083
-3.74096 7.18837
-3.87151 7.05812
-3.92931 7.14595
-3.82417 7.42769
-3.96103 7.23474
-3.90897 7.40618
-3.73604 7.61514
-3.6298 7.66221
-3.63051 7.74494
-3.6712 7.72248
-3.76408 7.66545
-3.59633 7.85748
-3.64336 7.90001
-3.84833 7.63004
-3.93996 7.43812
-4.00803 7.40909
-3.99 7.47652
-3.89097 7.65208
-3.7712 7.82919
-3.9488 7.62295
-3.79942 7.86964
-3.77065 7.99495
-3.65582 8.04306
-3.66502 8.13692
-3.53027 8.25822
-3.28452 8.71614
-3.14723 8.80558
-3.02514 8.80518
-2.84128 8.84726
-2.97709 8.71576
-3.13845 8.64308
-3.10263 8.55592
-3.25874 8.49512
-3.27576 8.36972
-3.39086 8.35751
-3.49372 8.1699
-3.3787 8.43463
-3.52051 8.3844
-3.36742 8.5609
-3.2649 8.56513
-3.20208 8.68461
-3.41521 8.63861
-3.53361 8.50522
-3.3657 8.23171
-3.45752 8.08648
-3.6446 8.00355
-3.25964 8.25611
-3.34839 8.094
-3.23089 8.19208
-3.09849 8.2912
-3.08958 8.45132
-2.894 8.52134
-2.92202 8.34889
-2.75019 8.51699
-2.69136 8.67592
-2.81359 8.65262
-2.91861 8.6337
-2.76068 8.74131
-2.83398 8.76532
-2.68629 8.86045
-2.69296 8.95834
-2.53936 8.96812
-2.39514 9.04474
-1.12777 8.83181
-1.96208 9.00678
-2.086 9.06001
-2.14479 8.95574
-2.26177 9.01081
-2.34181 8.91244
-2.40717 8.97095
-2.51292 8.89131
-2.48878 8.79563
-2.26171 8.81781
-2.51091 8.61532
-2.62692 8.80157
-2.26191 8.69147
-2.11063 8.78035
-0.66322 8.56904
-0.802211 8.61162
-0.530931 8.45282
-2.74075 8.36287
-2.94593 8.18629
-3.10237 8.13551
-3.105 7.92407
-3.29323 7.90466
-3.24752 8.09411
-3.43568 7.89869
-3.48007 7.97088
-3.54947 7.8339
-2.86017 8.11908
-2.94329 7.92025
-4.14719 7.23222
-4.09967 7.26333
-4.25174 6.99199
-4.37755 6.85384
-4.47109 6.61209
-4.54447 6.58306
-4.64157 6.36724
-4.66522 6.41037
-4.53338 6.69318
-4.82599 6.09049
-4.74258 6.23512
-4.77816 6.13069
-4.65715 6.29668
-4.79883 6.0643
-4.69985 6.19968
-4.56906 6.43745
-4.32891 6.79127
-4.49056 6.48069
-4.31837 6.71902
-4.10328 7.07387
-4.09887 7.18205
-4.00953 7.28204
-4.17932 6.8434
-4.04574 7.05592
-4.07267 6.9221
-4.03148 6.86302
-4.2044 6.66144
-4.14348 6.6197
-3.99635 6.73509
-3.82783 6.98142
-3.8504 6.82473
-3.69862 7.05698
-3.78718 6.74888
-3.60271 7.00028
-3.54266 7.23195
-3.43627 7.21802
-3.50024 6.94818
-3.31595 7.17102
-3.38506 6.86178
-3.20173 7.13241
-3.04677 7.27817
-3.12004 7.11917
-3.19793 6.95735
-3.04272 7.10234
-3.11239 6.85152
-2.9115 7.06161
-2.87682 7.32804
-2.68671 7.5929
-2.6712 7.32492
-2.47404 7.64143
-2.52244 7.80334
-2.44036 8.01277
-2.33981 7.89012
-2.34718 8.20237
-2.41074 7.44755
-2.56352 7.14237
-2.50591 6.93711
-2.67441 6.87915
-2.77723 6.97619
-2.86001 6.66365
-2.67884 6.65316
-2.89411 6.35094
-2.68553 6.44062
-2.44361 6.64312
-2.61576 6.37734
-2.53977 6.23962
-2.32881 6.45358
-2.33107 6.18021
-2.17418 6.10556
-1.94806 6.05475
-2.15584 5.89513
-2.29892 5.95039
-2.28521 5.66784
-2.03 5.66762
-2.11483 5.29984
-1.88997 5.39146
-1.74081 5.68922
-1.62083 6.12745
-1.50318 5.8538
-1.47785 6.05907
-1.37602 6.02405
-1.31413 5.79215
-1.1757 6.17026
-1.39931 6.23568
-1.08461 5.71901
-0.91975 6.09894
-0.802503 5.72461
-0.691566 6.12708
-0.816374 6.38303
-0.430199 6.1544
-0.392488 6.50011
-0.308496 6.33936
-0.216285 6.32897
-0.242122 6.18177
-0.164842 6.24511
-0.0859098 6.08558
-0.220228 5.90038
-0.0392046 5.80868
0.104643 5.53392
-0.110893 5.63611
-0.151758 5.32016
-0.25266 5.63505
-0.405265 5.53152
-0.376796 5.80591
-0.562864 5.80273
-0.654612 5.45163
-0.429301 5.1797
-0.680288 5.06784
-0.896252 5.34025
-0.788721 5.5055
-0.869132 4.94782
-1.0849 4.9892
-1.19251 5.33645
-1.26365 5.56774
-1.45894 5.44379
-1.34732 5.0116
-1.57864 5.06815
-1.70445 5.31267
-1.82984 5.01284
-1.54225 4.62273
-1.87331 4.56213
-2.10881 4.88248
-2.24192 5.12686
-2.37901 5.34956
-2.34832 4.96733
-2.59818 5.18083
-2.5758 5.53623
-2.44775 5.61042
-2.50035 5.86114
-2.71101 5.69286
-2.75258 5.44839
-2.94021 5.62556
-2.73917 5.93697
-2.90928 5.94353
-2.77043 6.19163
-2.96606 6.08099
-3.08645 5.85324
-3.13511 6.07189
-3.13668 6.3792
-3.39137 5.97539
-3.44424 6.28074
-3.57124 5.94565
-3.64925 6.00641
-3.6813 6.17567
-3.81105 5.86882
-3.88795 6.01744
-3.99769 5.66452
-4.019 5.81451
-4.05651 5.93669
-3.91296 6.23842
-4.08581 6.12079
-4.26528 5.75386
-4.16454 5.5949
-4.32029 5.44495
-4.38476 5.45992
-4.4545 5.2196
-4.49591 5.31898
-4.43979 5.53977
-4.58134 5.32782
-4.54245 5.54521
-4.63625 5.3677
-4.67743 5.44913
-4.73228 5.1423
-4.84735 5.18055
-4.76796 5.48304
-4.65955 5.62474
-4.63887 5.77188
-4.5314 5.77433
-4.44338 6.12294
-4.32899 6.07649
-4.20203 6.40176
-4.28688 6.43613
-4.40555 6.36066
-4.34169 6.57249
-4.48888 6.33814
-4.63289 6.01439
-4.59107 6.24083
-4.44366 6.47496
-4.68462 6.16989
-4.77276 5.93247
-4.87628 5.86214
-4.97978 5.57547
-5.01144 5.65577
-5.08995 5.47366
-5.07877 5.54978
-4.96215 5.80331
-5.12618 5.52425
-4.97057 5.77598
-5.10422 5.54349
-5.21599 5.38552
-5.22068 5.34841
-5.14558 5.48991
-5.10133 5.59119
-5.20692 5.42351
-5.32805 5.35162
-5.37831 5.24084
-5.40497 5.201
-5.44134 5.14406
-5.9861 3.30596
-5.89518 3.52597
-5.8765 3.62619
-5.88557 3.50595
-5.85067 3.62845
-5.85265 3.74718
-5.79945 3.8602
-5.58495 4.73212
-5.52595 4.89816
-5.50059 4.85981
-5.47334 4.98202
-5.44892 5.07307
-5.42267 5.06575
-5.41069 5.15051
-5.36687 5.22056
-5.33794 5.20723
-5.28654 5.32411
-5.27382 5.30577
-5.31148 5.22243
-5.30577 5.23501
-5.31077 5.2354
-5.36825 5.12942
-5.42717 5.02249
-5.29874 5.27992
-5.32735 5.11024
-5.20505 5.32506
-5.28528 5.03768
-5.15729 5.29098
-5.2383 5.04174
-5.1086 5.28784
-4.96837 5.41863
-4.83454 5.70879
-4.80733 5.61075
-4.95562 5.24493
-5.12027 5.08374
-5.0754 4.99471
-5.19254 4.73178
-5.26076 4.82174
-5.35695 4.52313
-5.37148 4.69173
-5.44523 4.50624
-5.38019 4.71071
-5.31526 4.83167
-5.32221 4.87804
-5.39028 4.74866
-5.43151 4.56386
-5.48834 4.53677
-5.53612 4.34114
-5.58479 4.39073
-5.51466 4.64225
-5.62034 4.48986
-5.50658 4.7425
-5.5615 4.62321
-5.52458 4.77279
-5.56338 4.61125
-5.55812 4.65233
-5.55037 4.75021
-5.58244 4.5869
-5.60281 4.50705
-5.63567 4.37822
-5.6242 4.47728
-5.60678 4.58076
-5.63591 4.46316
-5.63311 4.48813
-5.65936 4.40423
-5.66203 4.42122
-5.71131 4.30512
-5.67648 4.37814
-5.69587 4.19127
-5.68401 4.31017
-5.71656 4.13184
-5.72779 4.15612
-5.68706 4.28064
-5.61834 4.47438
-5.68936 4.18116
-5.74029 4.05853
-5.74803 3.90914
-5.7928 3.83164
-5.75447 3.99687
-5.76484 3.94342
-5.77375 3.91194
-5.7474 4.01865
-5.81327 3.62844
-5.73824 3.80615
-5.68398 3.97661
-5.7018 3.91063
-5.62707 4.13907
-5.60628 4.06843
-5.50274 4.16655
-5.66349 3.79715
-5.58819 3.84576
-5.48813 4.00673
-5.38872 4.24969
-5.31497 4.46127
-5.32066 4.29207
-5.23969 4.4568
-5.14296 4.56794
-5.0239 4.89362
-5.02315 4.65255
-4.89797 4.85847
-4.97816 4.52856
-5.09996 4.43379
-5.1276 4.22121
-5.24569 4.21932
-5.27544 3.97545
-5.43354 3.80011
-5.36399 3.7079
-5.52603 3.42063
-5.58201 3.48563
-5.56023 3.71945
-5.71524 3.31576
-5.70938 3.54027
-5.79525 3.29555
-5.78204 3.36567
-5.78853 3.46063
-5.85389 3.21883
-5.87777 3.24395
-5.9683 2.93562
-5.93592 3.13018
-6.0104 3.01148
-5.95901 3.18559
-5.89001 3.33599
-5.91043 3.31329
-5.88539 3.46215
-5.93107 3.38249
-5.96199 3.27185
-6.01119 3.18643
-6.02139 3.09147
-6.06217 2.92596
-6.06262 2.85159
-6.07169 2.67545
-6.05788 2.55885
-5.95367 2.73721
-5.85807 3.06858
-5.81363 2.95021
-5.67864 3.1826
-5.76579 2.831
-5.64125 3.10696
-5.65382 2.8992
-5.52777 3.20707
-5.42368 3.4627
-5.3932 3.34059
-5.27355 3.6441
-5.25391 3.48679
-5.33796 3.23589
-5.1929 3.42371
-5.26471 3.13978
-5.06363 3.4357
-5.0916 3.15394
-4.8619 3.55252
-4.87648 3.32133
-4.67875 3.5841
-4.64903 3.80936
-4.72628 3.86985
-4.50893 4.11754
-4.6443 4.06811
-4.76365 3.98068
-4.89894 3.71595
-4.91249 3.84813
-5.04186 3.63971
-5.0201 3.83729
-4.81068 4.0967
-4.92014 4.11312
-4.78206 4.27895
-4.67564 4.35012
-4.66669 4.5387
-4.82218 4.35204
-4.76557 4.61876
-4.97851 4.26977
-4.88331 4.53907
-4.81059 4.77913
-4.62609 5.03706
-4.55664 4.8865
-4.35311 5.1559
-4.49396 4.79077
-4.34278 4.85325
-4.15964 5.31614
-4.06763 5.18836
-4.02991 5.43103
-3.91105 5.56058
-3.82264 5.44375
-3.73308 5.75639
-3.62083 5.70666
-3.68237 5.47513
-3.49784 5.62268
-3.28986 5.79096
-3.36962 5.61823
-3.23591 5.57535
-3.13274 5.33345
-2.90105 5.12989
-3.21837 4.97799
-3.34975 5.26316
-3.51073 4.93792
-3.54801 5.19358
-3.77091 4.93451
-3.66059 5.29827
-3.44625 5.44359
-3.87136 5.06737
-3.79864 5.28735
-3.94642 5.1427
-3.99583 4.97031
-4.05143 4.76375
-4.09816 4.92485
-4.28665 4.6413
-4.20206 4.88929
-4.56159 4.32886
-4.41502 4.36898
-4.26717 4.41318
-4.33822 4.19115
-4.12868 4.29377
-4.10634 4.53029
-3.96516 4.62562
-3.75805 4.55145
-3.91253 4.12977
-3.61368 4.22436
-3.39472 4.58291
-3.33577 4.12806
-3.12767 4.42582
-3.19407 4.70156
-3.03107 4.75017
-2.92661 4.48167
-2.81299 4.69959
-2.68399 4.89402
-2.51459 4.84923
-2.57672 4.5583
-2.35022 4.60971
-2.23258 4.73688
-2.12552 4.49347
-2.26007 4.32943
-2.40113 4.33987
-2.29391 4.0583
-2.1335 4.18948
-2.06554 3.9291
-1.94289 4.19413
-1.70871 4.22181
-1.77282 3.84971
-1.65478 4.05261
-1.48843 4.1194
-1.31155 4.39837
-1.22318 4.67588
-0.972909 4.6764
-1.10075 4.40921
-0.867465 4.38103
-0.712023 4.67431
-0.610896 4.28008
-0.51135 4.54852
-0.485146 4.82316
-0.337634 4.58941
-0.224245 4.87172
-0.0227261 4.97972
0.0769901 5.18782
0.158449 4.87531
0.267986 5.21168
0.282484 5.47641
0.396844 5.41586
0.489758 5.56855
0.537008 5.3515
0.673311 5.51366
0.644265 5.08218
0.792279 5.19733
0.823595 5.4478
0.891247 5.24122
0.908319 5.40599
0.966903 5.24565
0.980201 5.01453
0.883685 5.0374
0.944702 4.73546
0.825726 4.91703
0.747522 5.0203
0.741086 4.82242
0.657093 4.73053
0.530216 4.78242
0.458958 5.12262
0.352871 4.81688
0.456402 4.45491
0.241961 4.39269
-0.00107193 4.63051
0.0476809 4.31717
-0.0827322 4.39065
-0.175278 4.56501
-0.231259 4.34591
-0.408056 4.36508
-0.343625 4.06223
-0.0737972 4.10347
-0.157289 3.81272
0.0626535 3.73166
0.119248 4.07592
0.284882 3.84346
0.42891 4.07744
0.480912 3.67889
0.380176 3.41641
0.229179 3.51099
0.264904 3.23246
0.0968142 3.32851
-0.158735 3.4543
-0.0606852 3.08135
-0.307705 3.08451
-0.489848 3.41132
-0.346329 3.71377
-0.641287 3.81425
-0.818309 4.09374
-0.983891 3.82853
-1.03661 4.14408
-1.24068 3.94017
-1.24003 3.62479
-1.4826 3.72114
-1.45832 3.38129
-1.69284 3.42464
-1.64062 3.14253
-1.86571 3.06102
-1.68888 2.80743
-1.4444 3.05456
-1.42814 2.7007
-1.17556 2.97204
-1.22197 3.31366
-0.940254 3.28493
-1.05015 3.53808
-0.869719 3.59773
-0.726 3.48111
-0.705106 3.25597
-0.577154 3.03616
-0.818357 3.02902
-0.741365 2.7269
-0.438364 2.67479
-0.181774 2.81484
-0.205805 2.4986
-0.415622 2.20262
-0.694648 2.33747
-0.684917 1.88215
-0.931491 2.07408
-0.949883 1.70062
-1.16138 1.86152
-1.18086 1.48467
-1.35334 1.70372
-1.43569 1.38799
-1.60395 1.79202
-1.37731 2.01051
-1.56074 2.15116
-1.39829 2.34895
-1.62353 2.44575
-1.18767 2.58604
-1.16563 2.22361
-0.949841 2.45936
-0.978112 2.8046
-0.980633 3.0288
-1.75537 2.17638
-1.84704 2.51527
-1.97637 2.24772
-2.06192 2.67211
-1.89684 2.77736
-1.97185 2.8582
-2.02644 2.94736
-2.0314 3.1523
-2.16366 3.00452
-2.33026 2.75279
-2.22211 2.30016
-2.42703 2.44878
-2.55149 2.69841
-2.50864 2.97419
-2.71353 2.9541
-2.59482 3.2905
-2.84718 3.25941
-2.90403 3.0132
-3.02923 3.17204
-3.06317 2.87164
-3.27887 3.15871
-3.06741 3.50685
-3.42371 3.6626
-3.1717 3.85102
-3.09873 4.08742
-2.95421 3.85217
-2.92509 4.1824
-2.70666 3.92914
-2.74507 4.33426
-2.52787 4.16737
-2.45318 3.81889
-2.22981 3.70713
-2.39369 3.48427
-2.16044 3.36131
-2.02752 3.64226
-1.92656 3.41033
-2.35695 3.14474
-2.58267 3.61422
-2.78739 3.57304
-3.52726 3.98516
-3.7415 3.85878
-3.73345 3.47546
-3.5549 3.25478
-3.8052 3.08316
-3.93613 3.32811
-3.96711 3.58161
-4.16011 3.31331
-4.22312 3.58345
-4.01457 3.82879
-4.20227 3.90526
-4.46796 3.58935
-4.42966 3.93115
-4.72523 3.29668
-4.50102 3.19383
-4.79004 3.04531
-4.97752 3.02097
-4.93785 2.84224
-5.11342 2.68434
-4.97884 2.5956
-4.7605 2.84038
-4.75694 2.51174
-4.54001 2.80271
-4.27666 2.98812
-4.04285 3.11258
-4.06131 2.77892
-3.79411 2.71177
-3.53942 2.84589
-3.63484 2.40869
-3.4341 2.53556
-3.26879 2.70627
-3.28387 2.3848
-3.00447 2.36391
-2.8796 2.74183
-2.84829 2.54424
-2.7287 2.63069
-2.77733 2.39599
-2.59993 2.38451
-2.69301 2.00802
-2.41435 2.08058
-2.459 1.73906
-2.23383 1.66259
-2.2373 1.98831
-2.05988 1.89715
-1.85297 1.93822
-1.83905 1.58578
-1.64476 1.40883
-1.77245 1.19654
-1.92546 1.31987
-2.02435 1.55344
-2.07176 1.29915
-2.2272 1.26017
-2.3727 1.45579
-2.3815 1.13919
-2.57932 1.46681
-2.56989 0.981155
-2.79456 1.27458
-2.79677 1.66056
-3.01694 1.62301
-3.02794 1.08675
-3.29394 1.43006
-3.22026 1.0474
-3.42922 0.997883
-3.60155 1.46892
-3.4913 1.7867
-3.78558 1.94049
-3.52047 2.08716
-3.26231 1.99697
-3.42896 2.28671
-3.93958 2.4013
-4.15504 2.09401
-4.07739 1.75486
-4.39833 1.7457
-4.17507 1.46447
-4.38822 1.43186
-4.65737 1.35489
-4.80992 1.82529
-5.00664 1.45845
-5.12722 1.74994
-5.27059 1.48701
-5.32923 1.82163
-5.47047 1.53333
-5.56499 1.84695
-5.59542 1.49717
-5.67688 1.54461
-5.73203 1.72272
-5.6817 1.91721
-5.76757 1.93805
-5.61736 2.16948
-5.69114 2.2208
-5.79695 2.14022
-5.86656 1.91509
-5.9267 2.05075
-5.97061 1.71933
-6.06385 1.86354
-5.99679 2.10894
-5.88939 2.31415
-5.96689 2.32961
-5.85749 2.52303
-5.77432 2.58906
-5.91297 2.6125
-5.79317 2.35088
-5.6555 2.65375
-5.50637 3.01671
-5.51878 2.76097
-5.4079 3.01084
-5.397 2.88874
-5.33103 2.82327
-5.46178 2.69287
-5.4773 2.50505
-5.36685 2.57534
-5.20982 2.78966
-5.29859 2.47525
-5.18062 2.38056
-5.35664 2.14759
-5.46218 2.285
-5.58457 2.47492
-5.20594 2.09275
-5.01976 2.29681
-5.04887 2.0089
-4.84504 2.18211
-4.51587 2.25713
-4.55289 2.56381
-4.3639 2.64879
-4.20811 2.44249
-5.19658 1.91372
-5.61585 2.57249
-5.69431 2.39993
-6.0463 2.34201
-6.04469 2.1503
-6.10795 2.01261
-6.15762 2.09334
-6.1217 2.3168
-6.19038 1.8893
-6.2259 1.71828
-6.15751 1.81381
-6.16416 1.63454
-6.05788 2.02033
-6.07311 1.6333
-6.1068 1.44429
-6.1738 1.44331
-6.2281 1.55568
-6.22485 1.41477
-6.28176 1.51203
-6.27359 1.40242
-6.32049 1.26973
-6.28791 1.23269
-6.29266 1.31164
-6.26046 1.17502
-6.27048 1.31522
-6.23555 1.25673
-6.19681 1.0343
-6.13856 1.13423
-6.18611 1.3116
-6.13219 1.30612
-6.05787 1.19722
-6.0347 1.38131
-6.0324 1.52721
-5.97718 1.4724
-5.89433 1.56918
-5.86718 1.76058
-5.82233 1.67984
-5.8006 1.42055
-5.91518 1.37436
-5.87986 1.14161
-5.76643 1.102
-5.65637 1.23437
-5.68267 0.909799
-5.55599 0.933748
-5.54825 1.15257
-5.55184 1.32794
-5.42499 1.22723
-5.48914 1.05134
-5.3766 0.906843
-5.17684 1.14533
-5.13813 0.778611
-5.00051 0.97956
-4.93328 1.19329
-4.79486 1.01334
-4.56601 1.01209
-4.31726 1.13822
-4.37774 0.775223
-4.66827 0.754474
-4.51433 0.417598
-4.19948 0.439257
-4.1215 0.729138
-3.93151 0.460332
-3.88919 0.817391
-3.67951 0.48059
-3.6228 0.780065
-3.7386 1.12737
-4.0172 1.17455
-3.89573 1.49381
-4.11143 0.958422
-4.23246 0.904009
-3.40459 0.457811
-3.13784 0.667212
-3.19672 0.348076
-3.04277 0.233822
-2.85839 0.438735
-2.95035 0.752676
-2.79125 0.832233
-2.57476 0.47883
-2.33241 0.71094
-2.32294 0.276218
-2.18354 0.456326
-2.10476 0.713665
-2.07371 0.444617
-1.91731 0.459202
-1.9405 0.972538
-2.10769 1.0393
-2.22459 0.967814
-1.72945 0.821112
-1.57991 1.09807
-1.50386 0.74433
-1.40823 1.06087
-1.2798 1.20156
-1.22546 0.899729
-1.12621 1.203
-0.963086 1.37887
-0.961303 1.08201
-0.758301 1.29158
-0.787292 1.55054
-0.591946 1.53536
-0.418649 1.80426
-0.335657 1.45171
-0.558125 1.25888
-0.399362 1.05578
-0.11674 1.16308
-0.0320292 1.60547
-0.231109 1.76895
-0.094882 1.99493
0.107382 1.94088
0.0763607 2.2587
-0.113695 2.28021
-0.182335 2.12451
-0.24157 2.22237
0.00619125 2.58602
-0.0966825 2.6877
-0.0296135 2.83043
0.14105 2.94381
0.233516 2.57837
0.409232 2.94329
0.408926 2.542
0.539454 2.65257
0.657715 2.8804
0.562141 3.28315
0.77562 3.2112
0.62636 3.54934
0.740459 3.68324
0.57345 3.87823
0.652158 4.04995
0.791205 4.05941
0.619061 4.40464
0.542578 4.18345
0.755168 4.49029
0.891937 4.25282
0.854995 4.60807
0.986823 4.35635
1.04989 4.42919
1.07077 4.69885
1.1369 3.99343
1.24746 3.91678
1.2897 3.5768
1.21678 3.45151
1.07851 3.79015
1.06919 3.54687
0.959491 3.88761
1.01897 4.06303
0.921543 3.58585
1.05941 3.32012
1.17402 3.24231
1.13296 3.05294
0.976239 3.18325
1.09068 2.87218
0.956034 2.84159
1.13037 2.55882
0.986977 2.55339
0.882308 2.67204
0.810562 2.85618
0.77825 2.67797
0.684496 2.53982
0.860721 2.43947
0.720363 2.23393
0.539925 2.34787
0.569102 1.93277
0.774249 2.00249
0.774158 1.78744
0.652806 1.64753
0.784466 1.55499
0.636679 1.38973
0.501062 1.59147
0.406893 1.33613
0.557839 1.06976
0.322869 1.05575
0.158733 1.28143
0.106674 0.887427
0.408997 0.747588
0.165359 0.619349
0.0143156 0.663629
-0.210649 0.726332
-0.0116215 0.42942
-0.329663 0.337175
-0.496352 0.53175
-0.512998 0.776453
-0.762067 0.590006
-0.69348 0.240454
-0.927728 0.344712
-1.03647 0.487952
-0.981634 0.77194
-1.17647 0.60347
-1.34705 0.567581
-1.26461 0.288565
-1.53222 0.312754
-1.68762 0.493479
-1.763 0.164264
-1.66193 -0.0622089
-1.81922 -0.138502
-1.78603 -0.399533
-1.92266 -0.319736
-1.96083 -0.0361093
-2.10396 -0.418697
-1.94889 -0.559948
-2.07497 -0.82275
-2.25385 -0.746238
-2.23493 -0.974218
-2.35597 -0.936472
-2.35155 -1.15692
-2.48871 -0.980247
-2.4564 -0.72479
-2.65829 -0.854443
-2.66157 -0.559516
-2.81969 -0.692357
-2.8997 -0.908783
-2.98568 -0.642313
-2.89618 -0.374678
-3.09508 -0.451857
-3.22076 -0.650715
-3.2933 -0.247199
-3.09617 -0.234285
-3.20601 0.069086
-3.43384 0.0827086
-3.48186 -0.103161
-3.68504 0.11209
-3.54284 -0.310176
-3.87439 -0.110806
-3.76378 -0.451369
-3.48336 -0.617644
-3.35426 -0.831967
-3.12831 -1.01903
-2.84751 -1.20044
-2.62335 -1.11977
-2.63996 -1.29956
-2.48613 -1.29752
-2.29791 -1.39132
-2.18464 -1.27916
-2.14627 -1.11188
-2.06783 -1.247
-1.97273 -1.0745
-1.86458 -0.759977
-1.82316 -0.986753
-1.71269 -0.792567
-1.70924 -0.580281
-1.57632 -0.308166
-1.59616 -0.580782
-1.41523 -0.423563
-1.33714 -0.0938822
-1.1851 -0.23655
-1.05169 0.0924891
-0.852712 -0.200749
-0.459752 0.0124016
-0.149262 0.120022
-0.253467 -0.129446
-0.519975 -0.228519
-0.33385 -0.365987
-0.701873 -0.420324
-0.610248 -0.57709
-0.892472 -0.635174
-0.780934 -0.681475
-0.903802 -0.777241
-1.08236 -0.815222
-1.15128 -0.706874
-1.25471 -0.89055
-1.20524 -0.989314
-1.38578 -1.05821
-1.39429 -0.863224
-1.5583 -1.08882
-1.55409 -0.949032
-1.68862 -1.02348
-1.52672 -0.749812
-1.72423 -1.28147
-1.85007 -1.18879
-1.89563 -1.36606
-1.97232 -1.27433
-2.0688 -1.39124
-1.93326 -1.51051
-1.81471 -1.4265
-1.68991 -1.465
-1.52843 -1.25493
-1.45122 -1.34804
-1.32854 -1.17408
-1.27387 -1.25175
-1.1066 -1.08012
-1.04068 -0.908552
-0.907154 -0.906582
-0.710848 -0.760651
-0.759498 -0.926525
-0.550927 -0.849049
-0.459129 -0.668464
-0.35779 -0.535893
-0.215331 -0.588694
-0.172603 -0.457743
0.0499239 -0.46277
-0.00533867 -0.310821
-0.0792971 -0.195978
0.16884 -0.0630372
-0.0283041 -0.0334537
0.13248 0.17662
0.268264 0.405448
0.262095 0.252604
0.354667 0.210098
0.515377 0.462169
0.687531 0.701478
0.609596 0.860339
0.749218 0.962717
0.766093 1.20224
0.918891 1.13828
0.890302 1.31266
1.02457 1.39208
0.897129 1.46212
0.798872 1.38072
0.946753 1.67134
1.13442 1.64207
1.04385 1.92587
0.900389 1.90888
0.906039 2.13213
1.06748 2.25123
1.23219 1.92067
1.26745 2.2169
1.28861 2.45548
1.23388 2.74872
1.378 2.51863
1.34365 2.84393
1.47788 2.55221
1.42674 2.94657
1.51175 2.70374
1.49612 2.97625
1.40428 3.26616
1.34149 3.26199
1.35069 3.58653
1.46889 3.30527
1.40754 3.60867
1.3282 3.87025
1.43136 3.79476
1.47027 3.48269
1.52366 3.46905
1.52275 3.64105
1.4578 3.94515
1.53817 3.79325
1.46795 4.02452
1.61739 3.65317
1.60795 3.57303
1.67074 3.50084
1.66815 3.37611
1.62558 3.42642
1.69251 3.18409
1.62991 3.28048
1.5951 3.41798
1.62189 3.20886
1.66847 3.12134
1.67636 2.97535
1.73968 2.92122
1.70532 2.69769
1.63649 2.90926
1.66661 2.5501
1.72832 2.42603
1.6971 2.26513
1.77439 2.17606
1.7145 2.02202
1.76916 1.84238
1.72339 1.84883
1.70401 1.67365
1.67775 1.80352
1.68217 1.94178
1.65188 1.96978
1.66074 2.10997
1.61417 2.16786
1.63582 2.35871
1.5587 2.43062
1.59653 2.69571
1.53422 2.19643
1.60351 2.01538
1.56331 1.95865
1.62387 1.83831
1.53879 1.73767
1.4798 2.04708
1.3938 1.83555
1.43709 1.52734
1.29919 1.54568
1.32913 2.00985
1.37683 2.07072
1.38114 2.26194
1.46491 2.30548
1.17535 1.37902
1.25961 1.17279
1.36921 1.33365
1.37483 1.10238
1.26897 0.883984
1.12198 0.83071
1.16909 0.622725
1.04086 0.558607
0.951401 0.600414
0.92272 0.848717
0.822602 0.60515
0.69678 0.485648
0.792065 0.413482
0.601535 0.286139
0.701611 0.173741
0.896391 0.364957
0.808587 0.0878487
1.0122 0.36549
0.986139 0.14916
1.1209 0.406582
1.25295 0.579945
1.26591 0.731309
1.34135 0.834729
1.37702 0.728043
1.42353 0.984812
1.4533 1.19083
1.43231 1.31178
1.53151 1.40043
1.51006 1.14527
1.59417 1.30514
1.63778 1.58994
1.67637 1.3946
1.75599 1.58565
1.75571 1.38957
1.79447 1.51608
1.78501 1.70311
1.76795 1.92552
1.77123 1.80607
1.76256 1.89551
1.76182 1.98447
1.78273 1.96947
1.78417 2.05439
1.78835 2.10962
1.80888 2.17714
1.81479 2.37669
1.77497 2.46421
1.77023 2.65582
1.79662 2.66663
1.77188 2.80189
1.77842 2.94979
1.74129 3.10113
1.70222 3.18992
1.76123 3.02771
1.74882 3.07121
1.71663 3.18533
1.69029 3.3322
1.70719 3.38857
1.74588 3.36385
1.77144 3.2166
1.74014 3.24868
1.7713 3.08876
1.80178 3.03946
1.79408 2.88164
1.84304 2.69622
1.8156 2.75858
1.77632 2.96785
1.80151 2.8305
1.81708 2.61785
1.7937 2.84382
1.78018 2.95432
1.81342 2.41474
1.81733 2.41285
1.80216 2.26498
1.79744 2.11946
1.86628 2.54909
1.8076 1.3055
1.83653 1.46364
1.79464 1.39196
1.7794 1.32553
1.77164 1.2564
1.74741 1.2774
1.7028 1.24152
1.72874 1.16118
1.65506 1.05057
1.42915 0.586019
1.466 0.640978
1.39106 0.494723
1.35932 0.469799
1.29591 0.383525
1.27408 0.382879
1.19498 0.283425
1.21509 0.320778
-2.40755 -1.70512
-2.61288 -1.67775
-2.87529 -1.59893
-2.7035 -1.67416
-2.45786 -1.74326
-2.6278 -1.71888
-2.55357 -1.7428
-2.31096 -1.79173
-2.58184 -1.75311
-2.80532 -1.66841
-2.7804 -1.68959
-2.97136 -1.60181
-2.77812 -1.67663
-3.07496 -1.5678
-3.28833 -1.49937
-3.37833 -1.43474
-3.61144 -1.37927
-3.64009 -1.34049
-3.88933 -1.25683
-3.89946 -1.27753
-3.5238 -1.42232
-3.83396 -1.29243
-4.07179 -1.18673
-4.17157 -1.15006
-4.26397 -1.12063
-4.37351 -1.07028
-4.41616 -1.03988
-4.56321 -0.987098
-4.4841 -1.02687
-4.28185 -1.10365
-4.37551 -1.05507
-4.5644 -0.986462
-4.50228 -0.996612
-4.74378 -0.89489
-4.68473 -0.938541
-4.93814 -0.823678
-4.77507 -0.893602
-5.01408 -0.738295
-5.15747 -0.626347
-5.1027 -0.673408
-5.30573 -0.508899
-5.34653 -0.489761
-5.25333 -0.539093
-5.51377 -0.334312
-5.4568 -0.392798
-5.60707 -0.271162
-5.50099 -0.35502
-5.61538 -0.279278
-5.71315 -0.156375
-5.73028 -0.149317
-5.68198 -0.213622
-5.79178 -0.0604684
-5.82887 -0.0188235
-5.92154 0.122531
-5.94913 0.158394
-5.98361 0.224673
-6.04339 0.35245
-6.02533 0.329804
-5.94295 0.165707
-5.84916 0.014251
-5.87172 0.0934873
-5.96885 0.293096
-5.87144 0.200962
-5.97062 0.462646
-6.09385 0.559127
-6.11454 0.517417
-6.16517 0.689048
-6.18248 0.782716
-6.14612 0.811676
-6.21841 0.964304
-6.23343 0.913404
-6.27283 1.11963
-6.27798 1.08775
-6.3061 1.21456
-6.30795 1.23819
-6.2821 1.14307
-6.26679 1.08564
-6.24238 0.984871
-6.24416 0.920669
-6.19779 0.788863
-6.18673 0.707042
-6.16304 0.657727
-6.13841 0.646522
-6.21274 0.864452
-6.16333 0.766477
-6.19822 0.887626
-6.15111 0.802799
-6.13069 0.65241
-6.07903 0.597557
-6.07931 0.500079
-6.08946 0.453167
-6.13457 0.540099
-6.02537 0.310697
-6.00902 0.408337
-5.95337 0.236402
-5.87544 0.0899578
-5.93125 0.289083
-5.8096 0.0649375
-5.77197 -0.0470207
-5.69132 -0.164373
-5.66029 -0.151156
-5.50847 -0.281483
-5.66499 -0.0540448
-5.64027 0.0740248
-5.76218 0.162676
-5.73367 0.276027
-5.84356 0.440969
-5.89554 0.593418
-5.8869 0.733573
-5.9861 0.696047
-5.98722 0.856389
-6.05647 0.871412
-6.03873 1.00549
-6.00297 1.11295
-4.18547 -0.978857
-3.99659 -1.06837
-4.2576 -0.999654
-4.35327 -0.911889
-4.49646 -0.882262
-4.62228 -0.891673
-4.78179 -0.863899
-5.15135 -0.43303
-5.26818 -0.395771
-5.14598 -0.522061
-5.32356 -0.422923
-5.13999 -0.583214
-4.58402 -0.929889
-4.59897 -0.953072
-4.42259 -0.999725
-4.21194 -1.11024
-4.23168 -1.04903
-4.01801 -1.17154
-4.00041 -1.20691
-3.81786 -1.27235
-3.62217 -1.37024
-3.60368 -1.33909
-3.45761 -1.41978
-3.42682 -1.436
-3.27739 -1.49776
-3.15528 -1.55454
-3.03393 -1.57674
-2.85959 -1.64404
-3.22426 -1.49957
-3.75913 -1.18721
-4.01094 -1.12034
-3.79195 -1.23274
-3.54691 -1.31134
-3.36703 -1.40673
-6.08391 1.40869
-6.05397 1.24865
-6.14146 1.27786
-6.07603 1.13889
-6.13157 1.05644
-6.29969 1.25456
-6.32476 1.31217
-6.27327 1.10654
-6.26596 1.03205
-6.26458 0.990306
-6.21929 0.978106
-6.1741 1.01196
-6.11022 0.86675
-6.0717 0.71308
-6.04495 0.717476
-6.01172 0.53769
-5.94318 0.438937
-5.98432 0.593158
-5.9374 0.525298
-5.8884 0.401031
-5.86427 0.278066
-5.82846 0.308502
-4.4497 -0.963802
-6.09351 0.862904
-6.05701 0.672958
-6.00892 0.666149
-6.00666 0.778406
-6.03823 0.947184
-5.94051 0.729219
-5.97343 0.979851
-5.90266 0.917163
-5.955 1.10255
-5.97459 1.27742
-5.78519 0.824395
-5.86524 0.749673
-5.79721 0.570674
-5.67049 0.537083
-5.68765 0.72941
-5.60151 0.685913
-5.51057 0.42192
-5.45047 0.644837
-5.29099 0.626225
-5.29664 0.361369
-5.12973 0.480246
-4.99521 0.580197
-4.91152 0.770832
-4.79907 0.529768
-4.9313 0.365229
-4.72847 0.29347
-4.52204 0.0515174
-4.21369 0.061236
-4.32548 -0.0877639
-4.33456 -0.287634
-4.64403 -0.144569
-4.4963 -0.389443
-4.30843 -0.502012
-4.09767 -0.590365
-4.0426 -0.405777
-3.82856 -0.66748
-3.57046 -0.763108
-3.64558 -0.929783
-3.37234 -1.01608
-3.47068 -1.10594
-3.62154 -1.08372
-3.77199 -0.96607
-3.7901 -1.02172
-3.92808 -0.921563
-3.89138 -0.817138
-4.09726 -0.774925
-4.23806 -0.6378
-4.34316 -0.709933
-4.37886 -0.55657
-4.54614 -0.504506
-4.59002 -0.589995
-4.72028 -0.438738
-4.80125 -0.472678
-4.90054 -0.314513
-4.74923 -0.290668
-5.00167 -0.155897
-5.07176 -0.215237
-5.03648 -0.329329
-5.20935 -0.158481
-5.15377 -0.0998821
-5.27598 -0.021175
-5.16479 0.0527657
-5.3873 0.156682
-5.40049 -0.0316381
-5.5773 0.230548
-5.59172 0.0186008
-5.69596 0.22728
-5.72421 0.141225
-5.77557 0.280777
-5.79041 0.186131
-5.84254 0.329948
-5.80367 0.164857
-5.73332 0.0560561
-5.7832 0.0836245
-5.80001 0.0450182
-5.70912 -0.0303205
-5.73523 -0.0779591
-5.5858 -0.189248
-5.63316 -0.0755589
-5.49688 -0.181599
-5.41871 -0.158745
-5.30203 -0.340039
-5.41669 -0.325931
-5.22344 -0.475749
-5.36777 -0.412108
-5.48222 -0.325619
-5.5862 -0.262444
-5.42473 -0.402558
-5.27402 -0.508838
-5.17091 -0.594133
-5.11968 -0.607874
-4.97728 -0.654064
-5.11485 -0.502125
-4.93973 -0.588314
-5.09203 -0.415094
-5.2571 -0.245787
-4.89224 -0.523946
-4.67805 -0.656228
-4.77844 -0.654679
-4.6418 -0.749765
-4.52171 -0.787979
-4.48694 -0.733731
-4.32169 -0.879316
-4.10921 -0.900823
-4.04862 -1.02557
-3.93285 -0.988906
-3.83298 -1.06483
-3.69941 -1.10134
-3.70697 -1.15339
-3.58449 -1.19539
-3.41239 -1.24094
-3.45447 -1.29745
-3.26379 -1.38292
-3.17798 -1.35525
-3.29041 -1.21377
-3.09171 -1.29636
-3.18237 -1.16661
-3.02924 -1.22106
-2.89909 -1.34112
-2.72706 -1.36603
-2.73136 -1.47485
-2.52689 -1.43099
-2.49193 -1.54369
-2.33307 -1.52882
-2.14794 -1.52676
-2.21165 -1.60563
-2.05569 -1.63098
-1.86437 -1.63053
-2.01369 -1.72166
-2.18761 -1.68397
-2.15727 -1.7524
-2.35321 -1.68848
-2.34903 -1.61808
-2.5368 -1.60562
-2.57816 -1.66052
-2.32811 -1.75068
-2.52365 -1.71944
-2.73035 -1.63995
-2.84874 -1.56901
-2.73706 -1.57027
-2.98241 -1.47413
-3.11942 -1.47368
-3.38914 -1.35418
-3.27747 -1.43264
-3.43198 -1.36902
-3.58256 -1.29806
-3.57806 -1.25109
-3.72973 -1.2044
-3.75654 -1.2703
-3.90974 -1.182
-3.92078 -1.22491
-4.1293 -1.12037
-4.24816 -1.09965
-4.38604 -1.01263
-4.24324 -1.02095
-4.50763 -0.881647
-4.66376 -0.896818
-4.75903 -0.74887
-4.81458 -0.779845
-4.85528 -0.784829
-4.98604 -0.694871
-4.96008 -0.777341
-5.06518 -0.669852
-4.03946 -1.11107
-3.8748 -1.12629
-4.1399 -1.14818
-4.09001 -1.19244
-3.58562 -1.33615
-3.43192 -1.4011
-3.30377 -1.42767
-3.25038 -1.47742
-3.07283 -1.54697
-3.10588 -1.5128
-2.89644 -1.59514
-2.94146 -1.56134
-2.75154 -1.65043
-2.60538 -1.69628
-2.80045 -1.64279
-2.49814 -1.75931
-2.40165 -1.78446
-2.24273 -1.82023
-2.21819 -1.81638
-2.10518 -1.81948
-1.97669 -1.78702
-1.92917 -1.84385
-1.82077 -1.79356
-1.84107 -1.72972
-1.71306 -1.73775
-1.65583 -1.62629
-1.51425 -1.48195
-1.40091 -1.53038
-1.56504 -1.68838
-1.35504 -1.63645
-1.18755 -1.45727
-1.18033 -1.34815
-1.33541 -1.37364
-1.15479 -1.23056
-1.0023 -1.18707
-1.04282 -1.13101
-0.921148 -1.04704
-0.770621 -1.07653
-0.99403 -1.2854
-0.84316 -1.2369
-0.625035 -1.13474
-0.5182 -0.976847
-0.352791 -0.863131
-0.291226 -0.733305
-0.106704 -0.782023
-0.0809364 -0.639336
0.129374 -0.592517
0.364245 -0.359476
0.27633 -0.223575
0.548051 -0.0878502
0.456217 0.036531
0.618083 -0.192338
0.787881 -0.111421
0.638664 -0.291224
0.504278 -0.368088
0.526711 -0.453493
0.345283 -0.534621
0.356954 -0.680409
0.141479 -0.727394
0.106699 -0.866703
-0.0405769 -0.880268
-0.315733 -0.975018
-0.105226 -0.988615
-0.293067 -1.08066
-0.490568 -1.14359
-0.647134 -1.21919
-0.835982 -1.31418
-0.665421 -1.27709
-0.8392 -1.35942
-0.990407 -1.46598
-0.842525 -1.42295
-1.00107 -1.51967
-1.15296 -1.64105
-1.00664 -1.55288
-1.14011 -1.66027
-1.30088 -1.7436
-1.39916 -1.78312
-1.29008 -1.6794
-1.46734 -1.77429
-1.20089 -1.58964
-1.17385 -1.50737
-1.0636 -1.47524
-1.02205 -1.37665
-1.14523 -1.57392
-1.54939 -1.75464
-1.65865 -1.83776
-1.56329 -1.83708
-1.72532 -1.88691
-1.85311 -1.88529
-1.78656 -1.83612
-2.05083 -1.8635
-1.96842 -1.89118
-2.0824 -1.87091
-1.90762 -1.90644
-1.94112 -1.89644
-1.76168 -1.88669
-1.59238 -1.85735
-1.5511 -1.84921
-1.46612 -1.82036
-1.46328 -1.8105
-1.47277 -1.80429
-1.18468 -1.66059
-1.11331 -1.64758
-0.947312 -1.52065
-0.824397 -1.43262
-0.59962 -1.30985
-0.420007 -1.17676
-0.294477 -1.19739
-0.173754 -1.09176
0.00444221 -1.0777
0.0194464 -0.993097
0.200627 -0.896715
0.255824 -0.951013
0.401958 -0.770075
0.505728 -0.6228
0.557486 -0.520157
0.642245 -0.491971
0.725779 -0.312775
0.798868 -0.350811
0.914773 -0.152288
0.899627 -0.0750141
1.05339 0.0809264
1.14802 0.312308
1.16229 0.242917
1.27717 0.427274
1.1576 0.157146
1.2562 0.247172
1.38502 0.518032
1.40906 0.661449
1.48608 0.747216
1.47511 0.898631
1.54175 0.923786
1.55549 1.08901
1.59313 1.03623
1.619 1.19904
1.63886 1.15653
1.59419 0.977211
1.58528 0.889109
1.53946 0.768229
1.54021 0.752444
1.55616 0.848325
1.53565 0.741985
1.49162 0.60811
1.47496 0.636706
1.42809 0.488755
1.3699 0.395619
1.48915 0.641909
1.30935 0.320382
1.15352 0.0456198
1.09856 0.0187305
1.03223 -0.10531
0.952099 -0.191968
0.93533 -0.264501
1.04386 -0.129462
0.774316 -0.471583
0.598545 -0.657563
0.66662 -0.554864
0.808186 -0.395237
0.695685 -0.489807
0.570324 -0.633703
0.59635 -0.683014
0.480403 -0.791417
0.362206 -0.935864
0.207872 -1.04049
0.0916157 -1.1008
0.0747194 -1.14085
0.245683 -1.06264
0.072999 -1.16655
0.227591 -1.0516
0.109198 -1.03316
-0.0550375 -1.09367
-0.051137 -0.961476
-0.348379 -0.886974
-0.486306 -0.916375
-0.341196 -0.953867
-0.459729 -1.04921
-0.643365 -1.03686
-0.682127 -1.19578
-0.765928 -1.12468
-0.816067 -1.1898
-0.913941 -1.14102
-0.786786 -1.02872
-0.918564 -0.974658
-1.06012 -1.10642
-1.08512 -1.00341
-1.2498 -1.14404
-1.14391 -1.28946
-1.28492 -1.27967
-1.39497 -1.29133
-1.426 -1.19708
-1.51338 -1.28661
-1.55957 -1.19045
-1.60007 -1.33287
-1.53026 -1.4202
-1.6561 -1.41783
-1.65379 -1.47018
-1.62432 -1.5288
-1.51843 -1.50197
-1.47269 -1.56004
-1.61321 -1.61454
-1.73273 -1.59805
-1.7556 -1.48745
-1.85764 -1.61356
-1.77004 -1.68803
-1.94117 -1.69953
-1.85483 -1.79127
-2.03225 -1.74918
-2.05881 -1.80943
-1.9271 -1.83044
-1.97178 -1.85061
-1.82618 -1.85339
-1.86423 -1.87977
-2.00448 -1.86338
-2.17477 -1.81244
-2.10541 -1.8587
-2.12084 -1.84408
-2.22469 -1.84647
-2.36817 -1.80448
-2.275 -1.84019
-1.69174 -1.86407
-1.64666 -1.8101
-1.42248 -1.71839
-1.6227 -1.70501
-1.38454 -1.61562
-1.21528 -1.63293
-1.02653 -1.54764
-0.968637 -1.53708
-0.864495 -1.48608
-0.780295 -1.44657
-0.69131 -1.37684
-0.478194 -1.34427
-0.44708 -1.28667
-0.16 -1.21462
-0.219867 -1.28625
-0.0618839 -1.21614
-0.116096 -1.25393
-0.00808239 -1.15209
-0.219511 -1.2609
-0.320804 -1.31955
-0.405623 -1.31785
-0.505651 -1.35332
-0.690767 -1.39952
-0.612459 -1.38078
-0.83419 -1.4511
-0.713937 -1.37182
-0.499033 -1.32997
-0.270332 -1.23445
-0.49114 -1.27766
-0.24544 -1.13192
-0.449371 -1.15993
-0.619288 -1.26921
-0.659673 -1.33647
-0.813805 -1.35016
-0.905829 -1.26865
-1.06071 -1.40509
-1.187 -1.42325
-1.2695 -1.4347
-1.34248 -1.37625
-1.4036 -1.48541
-1.26453 -1.50313
-1.04058 -1.50672
-0.225729 -0.996074
-0.105143 -0.961848
-0.258433 -0.89841
-2.23449 -1.78081
-2.31236 -1.76637
-1.7041 -1.31319
-1.39861 -1.06172
-1.20855 -0.909587
-1.02859 -0.872172
-0.708927 -0.873345
-0.550916 -0.818306
0.146923 -1.06986
1.31652 0.365113
1.40884 0.494691
1.04684 -0.0289365
1.55087 0.846659
-1.68336 -1.78457
-2.9776 -1.40205
-5.83355 0.46764
-5.94153 0.548841
-5.97481 0.679073
-5.76257 0.375706
-5.69545 0.382189
-5.05154 0.215915
-4.91616 -0.0451436
-4.81176 0.116047
-4.02634 -0.223756
-4.19533 -0.189519
-3.98475 0.191617
1.84321 2.57
1.08832 1.12709
1.54833 3.01379
1.5496 3.23154
1.33267 3.1153
1.26467 3.11976
1.2323 2.9928
-1.22583 -0.531029
-0.973918 -0.500591
-1.48082 0.0256902
-1.07448 0.306744
-3.54776 0.277117
-3.01403 -0.07291
-2.85614 0.0148515
-2.67415 -0.20188
-2.68575 0.140782
-2.49493 0.020557
-2.47436 -0.365228
-2.27093 -0.142222
-2.11385 0.182415
-2.10772 -0.113761
-2.30921 -0.4951
-0.698704 0.972951
0.288493 1.6888
0.316793 2.18214
0.852539 3.41699
-0.264074 2.01603
-6.29735 1.63041
-3.04772 1.97973
-2.91202 1.93064
-1.22915 4.19991
-4.551 4.5607
-5.10118 3.91021
-5.18551 3.94584
-5.16526 3.69243
-5.13802 3.61011
-5.83212 3.4567
-5.75076 3.66137
-5.40397 4.04897
-5.64851 4.53497
-5.61451 4.58793
-5.5724 4.70138
-5.55326 4.74268
-5.46426 4.93504
-5.37398 5.10964
-5.42668 4.89519
-5.04731 5.72985
-4.87679 5.96783
-4.87591 5.94278
-4.80489 6.02151
-4.1199 6.3084
-4.07461 6.5105
-3.9624 6.59249
-3.94481 6.42731
-3.77726 6.53705
-3.66084 6.78101
-3.60662 6.666
-3.73856 6.35903
-3.53574 6.50234
-3.31868 6.67075
-3.20532 6.58264
-3.00021 6.75132
-4.23744 6.01804
-4.39581 5.79479
-0.971789 6.39833
-2.21933 6.59035
-2.31473 6.60555
-2.24676 6.71185
-1.1742 8.38082
-5.91043 3.31329
1.76182 1.98447
