-0.239549 -4.11785
-0.199636 -3.72375
-0.103092 -2.92119
0.00199604 -2.47907
0.361181 -1.63845
0.413245 -1.52393
1.0092 -0.422015
1.11713 -0.252323
1.42952 0.230751
1.90931 0.639807
2.07672 0.712684
2.24943 0.783776
2.62331 0.840695
3.1807 0.868796
3.31353 0.760557
3.67296 0.432133
3.72047 0.36223
4.67689 -1.48045
5.43516 -2.9648
5.48678 -3.07386
5.87047 -4.2199
5.95568 -4.69312
5.95922 -4.81967
5.99689 -6.30711
5.98543 -6.38753
5.9686 -6.48662
5.92602 -6.57957
5.89697 -6.63765
5.82862 -6.75258
5.64739 -6.93177
5.50609 -7.05067
5.31069 -7.15732
5.12632 -7.23471
5.05036 -7.2656
4.95446 -7.29406
4.77216 -7.34349
4.29299 -7.40307
4.12135 -7.40407
0.275755 -6.94477
0.222353 -6.9377
0.162352 -6.92952
0.0465117 -6.90075
-0.0559692 -6.83307
-0.213305 -6.65961
-0.274579 -6.51993
-0.298122 -6.42306
-0.296887 -6.28684
