0.990015 -5.00597
0.889183 -4.93255
0.949028 -5.18345
0.873654 -5.09205
0.854953 -5.25908
0.934039 -5.40857
0.889688 -5.52344
0.981145 -5.66382
1.02489 -5.39082
1.00653 -5.13207
0.914371 -5.86234
0.969005 -5.98751
0.904326 -6.40743
0.608241 -7.05372
0.665717 -6.99598
0.705181 -6.92362
0.780494 -6.76945
0.818036 -6.62754
0.752811 -6.80815
0.811066 -6.64647
0.695791 -6.86867
0.718545 -6.79565
0.76674 -6.65223
0.845889 -6.50674
0.888785 -6.37295
0.810433 -6.46992
0.868368 -6.262
0.953642 -6.13461
0.882602 -6.05623
0.80397 -6.21025
0.801808 -6.0289
0.858147 -5.87171
0.727398 -5.84872
0.806231 -5.65172
0.689243 -5.50088
0.790133 -5.40338
0.717164 -5.24963
0.769283 -5.17777
0.685593 -4.96643
0.7934 -4.97605
0.704058 -4.61887
0.816952 -4.75356
0.615335 -4.03405
0.6333 -4.26423
0.564878 -4.3866
0.614306 -4.68919
0.539717 -4.61531
0.563563 -4.85063
0.60536 -5.16047
0.498989 -4.93938
0.489963 -5.15497
0.56459 -5.42576
0.629084 -5.7133
0.520368 -5.61259
0.540562 -5.85106
0.645888 -5.99469
0.722555 -6.12297
0.654819 -6.24032
0.737384 -6.36943
0.808578 -6.42231
0.721371 -6.53723
0.733052 -6.64069
0.668844 -6.86159
0.622691 -6.82979
0.654061 -6.67277
0.567185 -6.77471
0.667975 -6.5637
0.572653 -6.54327
0.648597 -6.42218
0.59164 -6.35646
0.542468 -6.14496
0.497024 -6.40146
0.423219 -6.20931
0.421766 -5.93195
0.414866 -5.67518
0.387087 -5.80057
0.326657 -5.78432
0.312784 -5.57329
0.199876 -5.60079
0.1944 -5.84544
0.0555668 -5.66321
0.0718241 -5.89335
-0.105559 -5.80508
0.000652313 -6.07702
0.165694 -6.08038
0.0902958 -6.32612
0.277571 -6.31101
0.173333 -6.52228
-0.0316772 -6.65049
0.155038 -6.73171
0.310495 -6.59012
0.263878 -6.81226
0.15316 -6.89621
4.76837e-05 -6.92304
0.0970612 -7.04832
0.215824 -6.96126
0.213268 -7.08403
0.0711594 -7.21813
0.217426 -7.23285
0.0901489 -7.33807
-0.0929556 -7.38246
0.0433092 -7.42106
0.1964 -7.36207
0.0801373 -7.47101
0.231359 -7.43133
0.103525 -7.49623
0.258486 -7.44625
0.122622 -7.51319
0.192539 -7.47061
0.0270567 -7.51309
0.075141 -7.42785
-0.0988512 -7.50935
-0.065136 -7.45459
-0.0907192 -7.365
0.175084 -7.31995
-0.41756 -7.33624
0.252132 -7.21643
0.387168 -7.28135
0.516017 -7.16422
0.4996 -7.22024
0.572845 -7.12748
0.626913 -7.02874
0.566105 -7.12447
0.674972 -6.96046
0.593906 -7.05855
0.657677 -6.95147
0.603013 -7.05491
0.539733 -7.20254
0.476555 -7.23055
0.420042 -7.33531
0.494602 -7.24998
0.411995 -7.32947
0.324849 -7.4108
0.271748 -7.38854
0.355244 -7.37112
0.353397 -7.32089
0.463998 -7.1767
0.344867 -7.22671
0.46052 -7.08807
0.353153 -7.06948
0.478584 -6.96718
0.441763 -6.87483
0.537493 -6.94799
0.486992 -6.68313
0.387586 -6.74973
0.3205 -6.93526
0.444394 -6.57256
0.400384 -6.41984
0.317115 -6.03091
0.504046 -6.55332
0.554955 -7.00934
0.57567 -7.06223
0.648391 -6.93615
-5.84195 -6.94332
-5.82256 -7.05887
-5.81306 -7.10512
-5.80664 -7.24343
-5.79777 -7.22384
-5.75182 -7.34847
-5.75801 -7.4055
-5.70799 -7.47498
-5.75219 -7.38221
-5.64067 -7.5173
-5.67057 -7.46491
-5.73107 -7.30582
-5.66404 -7.37191
-5.69333 -7.22844
-5.62147 -7.34478
-5.58118 -7.46037
-5.51416 -7.419
-5.47265 -7.51495
-5.51724 -7.55116
-5.39606 -7.57238
-5.33748 -7.62641
-5.31851 -7.61356
-5.18497 -7.63419
-5.14062 -7.66217
-5.02244 -7.65006
-5.0159 -7.63881
-4.80618 -7.63521
-4.86873 -7.66629
-4.55687 -7.66622
-4.591 -7.70001
-4.22788 -7.71307
-4.42213 -7.71927
-4.80932 -7.70633
-4.65706 -7.70358
-4.90171 -7.70124
-5.0664 -7.66098
-5.04642 -7.66316
-5.27727 -7.63875
-5.22997 -7.63444
-5.38956 -7.62207
-5.47451 -7.61403
-5.43581 -7.6
-5.53665 -7.56718
-5.60381 -7.56795
-5.52879 -7.60253
-5.65628 -7.54396
-5.54873 -7.57525
-5.69862 -7.49124
-5.76129 -7.35813
-5.8109 -7.25866
-5.7985 -7.24085
-5.81844 -7.1307
-5.85242 -6.99008
-5.81857 -7.01693
-5.79015 -7.1152
-5.81772 -6.93535
-5.76536 -6.97695
-5.7377 -7.1714
-5.68915 -7.16369
-5.69772 -7.2709
-5.74323 -7.26939
-5.69334 -7.39211
-5.65947 -7.30921
-5.56913 -7.39759
-5.60088 -7.24378
-5.49121 -7.2784
-5.56395 -7.15295
-5.4872 -7.08926
-5.38056 -7.1597
-5.28875 -7.33655
-5.26046 -7.16521
-5.14034 -7.22054
-5.14619 -7.02616
-5.0131 -7.11612
-4.94163 -6.93986
-4.81316 -7.07416
-4.93725 -7.25411
-4.64567 -7.20157
-4.76322 -7.35788
-4.50306 -7.31259
-4.47037 -7.22358
-4.3028 -7.21779
-4.41247 -7.12115
-4.20534 -7.0868
-4.27838 -6.94886
-4.54574 -6.9967
-4.37414 -6.72622
-4.69756 -6.85301
-4.60342 -6.57658
-4.83071 -6.73187
-5.04272 -6.74074
-4.80319 -6.45811
-5.02647 -6.37499
-5.20993 -6.6596
-5.21574 -6.87558
-5.30012 -7.02279
-5.32503 -6.84502
-5.40521 -6.98416
-5.4144 -6.80932
-5.49378 -6.89082
-5.56811 -6.99038
-5.56134 -6.76186
-5.63608 -6.88635
-5.6262 -7.08411
-5.69421 -6.994
-5.71175 -6.79833
-5.77665 -6.73892
-5.802 -6.80255
-5.82091 -6.57222
-5.83971 -6.75358
-5.85798 -6.57493
-5.88577 -6.68746
-5.85613 -6.78662
-5.85209 -6.88764
-5.87889 -6.81227
-5.90265 -6.65133
-5.88465 -6.51489
-5.79734 -5.87364
-5.7419 -5.57473
-5.76697 -5.7378
-5.74124 -5.73955
-5.6729 -5.51282
-5.66872 -5.36291
-5.60339 -5.30289
-5.63859 -5.54491
-5.5148 -5.20308
-5.5046 -4.99644
-5.37228 -4.79475
-5.39671 -4.67243
-5.27713 -4.41962
-5.20454 -4.39189
-5.26296 -4.72763
-5.10991 -4.37515
-5.17823 -4.68596
-5.315 -5.00744
-5.43019 -5.12537
-5.42026 -5.23896
-5.52399 -5.48323
-5.5592 -5.41799
-5.63031 -5.70429
-5.638 -5.84854
-5.51951 -5.68636
-5.38761 -5.35005
-5.42386 -5.73059
-5.58488 -5.99518
-5.51863 -6.15223
-5.42612 -6.0144
-5.44513 -6.30414
-5.55029 -6.4797
-5.46244 -6.62827
-5.64556 -6.6359
-5.62849 -6.33201
-5.72714 -6.51167
-5.69797 -6.16985
-5.76679 -6.29059
-5.81931 -6.32403
-5.75474 -6.11044
-5.78113 -6.01443
-5.70803 -5.86327
-5.70111 -6.00942
-5.37396 -6.41217
-5.3567 -6.63928
-5.2303 -6.40527
-5.27649 -6.18829
-5.36657 -6.22798
-5.31171 -6.04662
-5.39213 -6.11819
-5.34162 -5.927
-5.35652 -5.77948
-5.27269 -5.69262
-5.26425 -5.84352
-5.16179 -5.61144
-5.19 -5.89602
-5.0773 -5.65177
-5.06499 -5.8062
-4.93585 -5.57139
-4.97029 -5.82722
-5.10848 -6.08033
-4.91026 -6.00703
-4.79921 -5.65943
-4.70425 -5.89028
-4.81147 -6.19103
-4.6516 -6.08981
-4.71015 -6.25833
-4.54771 -6.23897
-4.30616 -6.36719
-4.26308 -5.99656
-3.96252 -6.09596
-4.04386 -5.74664
-3.85205 -5.75974
-3.731 -5.87759
-3.62511 -5.53235
-3.50584 -5.88278
-3.69411 -6.08451
-3.53232 -6.14777
-3.33397 -6.0584
-3.26964 -5.83061
-3.08806 -5.94806
-3.10173 -5.64674
-2.92448 -5.73839
-2.87947 -5.93858
-2.9764 -6.19717
-2.7345 -6.04481
-2.72141 -5.72156
-2.53638 -5.8829
-2.50504 -5.56991
-2.368 -5.73254
-2.2861 -5.40402
-2.17543 -5.77453
-2.37046 -6.00425
-2.2071 -6.08219
-2.03008 -5.97893
-2.11629 -6.26892
-1.9054 -6.11782
-1.94462 -6.32951
-1.76402 -6.24462
-1.70244 -5.99247
-1.84906 -5.89392
-1.66728 -5.67937
-1.93262 -5.69834
-1.81467 -5.38593
-2.04831 -5.47208
-2.03725 -5.09579
-2.40375 -4.94496
-2.51849 -5.25257
-2.64447 -5.02071
-2.71821 -5.20799
-2.94593 -4.96528
-2.88026 -5.43056
-2.65662 -5.42783
-3.14347 -5.33811
-3.33459 -5.59455
-3.37281 -5.33234
-3.50202 -5.1161
-3.81035 -5.17377
-3.88115 -5.52586
-4.05851 -5.42343
-4.22729 -5.67398
-4.29574 -5.37779
-4.46506 -5.82921
-4.56445 -5.5334
-4.44175 -5.1233
-4.67191 -5.34256
-4.80399 -5.45228
-4.78849 -5.2409
-4.99473 -5.35108
-4.82589 -4.9942
-4.97939 -5.04439
-5.10075 -5.33741
-5.19225 -5.46912
-5.13208 -5.19309
-5.27936 -5.48546
-5.21864 -5.17324
-5.30533 -5.33827
-5.21011 -4.95542
-5.0971 -4.92095
-5.03435 -4.63638
-4.96129 -4.68195
-5.02053 -4.92149
-4.91829 -4.77436
-4.79563 -4.70647
-4.82433 -4.52631
-4.8715 -4.35104
-4.71025 -4.24292
-4.69869 -4.42003
-4.54024 -4.16005
-4.62938 -4.47751
-4.49695 -4.34753
-4.34966 -4.12562
-4.42111 -4.45595
-4.55093 -4.53032
-4.54697 -4.66789
-4.67719 -4.71158
-4.64758 -4.90489
-4.43 -4.75035
-4.60162 -5.06798
-4.28066 -4.82697
-4.24139 -5.02962
-4.10369 -4.78457
-4.07285 -5.08633
-3.88782 -4.79187
-3.61829 -4.78898
-3.73832 -4.4455
-3.44444 -4.46124
-3.56944 -4.21285
-3.32266 -4.06953
-3.59362 -3.96177
-3.72989 -4.14862
-3.79339 -3.91145
-3.93716 -4.22956
-3.97027 -4.53969
-4.17718 -4.50633
-4.11155 -4.19325
-4.25708 -4.30052
-4.32106 -4.49583
-4.17907 -4.05703
-4.15936 -3.77316
-4.34859 -3.80623
-4.19532 -3.5313
-4.03327 -3.41358
-3.97378 -3.5761
-3.84078 -3.23833
-3.80544 -3.56181
-4.00228 -3.89801
-3.64108 -3.67307
-3.63428 -3.38925
-3.50838 -3.46712
-3.45685 -3.73482
-3.35787 -3.51137
-3.35927 -3.25439
-3.51297 -3.24084
-3.4148 -2.95939
-3.59177 -3.1474
-3.70568 -3.25168
-3.62852 -2.93207
-3.80079 -2.83224
-3.94995 -3.12883
-3.9792 -2.94305
-4.08039 -3.24469
-4.11642 -3.07732
-4.23768 -3.34957
-4.22577 -3.05866
-4.33717 -3.34506
-4.39286 -3.59395
-4.3042 -3.56901
-4.49907 -3.86145
-4.60888 -4.00246
-4.56929 -3.72846
-4.71924 -4.03091
-4.7173 -3.8307
-4.84174 -4.05597
-4.99508 -4.35583
-5.09476 -4.61303
-5.09304 -4.49381
-4.95085 -4.04205
-5.03406 -4.00594
-4.88199 -3.75924
-4.78823 -3.76332
-4.75373 -3.56792
-4.69122 -3.50701
-4.64349 -3.5955
-4.56836 -3.31063
-4.52032 -3.42451
-4.46329 -3.21501
-4.38782 -3.21203
-4.39655 -3.01626
-4.28893 -2.94666
-4.17087 -2.66874
-4.05597 -2.79067
-3.97758 -2.39135
-3.88918 -2.60442
-3.77559 -2.22957
-3.72832 -2.45404
-3.67309 -2.25762
-3.58098 -2.27273
-3.61711 -2.08129
-3.44086 -2.00406
-3.52894 -1.77537
-3.6772 -1.95392
-3.76937 -1.96669
-3.85916 -2.1011
-3.82995 -1.8216
-3.95781 -2.06613
-4.09236 -2.2888
-4.05223 -1.9939
-4.15319 -2.16804
-4.24329 -2.44698
-4.30596 -2.76557
-4.3514 -2.65245
-4.41265 -2.88201
-4.4775 -3.08806
-4.51913 -3.04616
-4.66582 -3.29102
-4.58626 -2.94908
-4.72037 -3.17399
-4.79511 -3.49842
-4.86575 -3.47409
-4.91113 -3.69814
-5.00004 -3.73506
-5.12884 -4.0514
-5.04001 -3.68945
-4.94114 -3.50435
-4.94907 -3.39492
-4.82274 -3.2443
-4.85401 -3.17642
-4.79122 -3.0321
-4.71095 -2.93195
-4.59912 -2.83492
-4.61997 -2.75138
-4.55255 -2.55468
-4.63588 -2.68191
-4.57718 -2.45198
-4.48011 -2.21831
-4.42798 -2.33081
-4.36671 -2.08359
-4.29295 -2.08316
-4.35034 -2.44112
-4.23489 -2.20657
-4.14464 -1.92739
-4.20193 -1.76544
-4.06977 -1.57002
-4.03372 -1.7473
-3.92586 -1.5
-3.94382 -1.78295
-3.84526 -1.59549
-3.78585 -1.35271
-3.74028 -1.5281
-3.67248 -1.70952
-3.62667 -1.43761
-3.51987 -1.47453
-3.36865 -1.48478
-3.35994 -1.72597
-3.17972 -1.53932
-3.1863 -1.19915
-3.37888 -1.21143
-3.23752 -0.925516
-3.06527 -0.85388
-3.01774 -1.05954
-2.89459 -0.843502
-2.8731 -1.10221
-3.01865 -1.29398
-2.81869 -1.35487
-2.98567 -1.51276
-3.04848 -1.73216
-2.82901 -1.63765
-2.89493 -1.91185
-2.60743 -1.83505
-2.75764 -2.18035
-2.4046 -2.17563
-2.32268 -1.85683
-2.16018 -2.06268
-2.10054 -2.35625
-2.30285 -2.558
-2.58536 -2.45425
-2.49722 -2.74048
-2.20012 -3.00275
-2.02425 -2.68149
-1.90165 -2.9038
-1.84129 -2.76665
-1.64129 -2.94319
-1.82244 -3.16047
-1.53977 -3.33831
-1.72044 -3.41405
-1.95789 -3.37891
-1.75592 -3.62845
-1.55899 -3.57357
-1.52973 -3.82205
-1.42326 -3.6909
-1.42272 -3.55204
-1.29939 -3.67118
-1.34095 -3.82103
-1.13495 -3.9089
-1.19713 -3.56858
-1.00507 -3.67156
-0.891188 -3.96048
-0.791617 -3.78231
-0.944425 -3.39918
-0.72786 -3.56583
-0.806231 -3.23766
-0.580807 -3.49427
-0.551565 -3.91829
-0.401197 -3.82422
-0.405909 -3.58125
-0.228806 -3.9049
-0.298696 -4.20746
-0.14005 -4.26898
-0.0794449 -4.181
-0.0515471 -3.9932
0.0399828 -4.26722
-0.00508404 -4.4408
0.146829 -4.53672
0.147736 -4.31651
0.0531607 -4.09739
0.152399 -4.07168
0.253492 -4.31201
0.243152 -4.08283
0.345203 -4.24414
0.371367 -4.55187
0.458052 -4.43329
0.476045 -4.6998
0.43223 -4.79041
0.423823 -4.95033
0.355883 -4.79479
0.368979 -5.05099
0.435624 -5.36423
0.28773 -5.16728
0.329875 -5.43744
0.220419 -5.37213
0.122401 -5.0917
0.0479536 -5.34494
-0.0251694 -5.06229
-0.188657 -5.11012
-0.14455 -5.46993
-0.413393 -5.2607
-0.343947 -5.61154
-0.308678 -5.88781
-0.168184 -6.04393
-0.364313 -6.14861
-0.445856 -5.9618
-0.641415 -6.0567
-0.593968 -6.39244
-0.361658 -6.41843
-0.144307 -6.32678
-0.285676 -6.63991
-0.487702 -6.6072
-0.460795 -6.76418
-0.626348 -6.78404
-0.556343 -6.92696
-0.384555 -6.84417
-0.417539 -7.00741
-0.235019 -6.84969
-0.227499 -7.04703
-0.459764 -7.19527
-0.303427 -7.23502
-0.46458 -7.36954
-0.255891 -7.33558
-0.0977488 -7.18045
-0.325046 -7.44923
-0.226341 -7.50884
-0.070261 -7.4874
-0.175879 -7.54769
-0.321489 -7.58236
-0.210051 -7.59135
-0.0491276 -7.52914
-0.022893 -7.54574
-0.152719 -7.57055
-0.325126 -7.61799
-0.333583 -7.56376
-0.218535 -7.47163
-0.4695 -7.48574
-0.352591 -7.42042
-0.651304 -7.41689
-0.7464 -7.31886
-1.02717 -7.35241
-5.47662 -7.21968
-5.35672 -7.33158
-5.28196 -7.25334
-5.21918 -7.37627
-5.12236 -7.32694
-5.0277 -7.22973
-4.82852 -7.27147
-4.66972 -7.21179
-4.58823 -7.36496
-4.33643 -7.36148
-4.09621 -7.47983
-4.31353 -7.42714
-4.37569 -7.50117
-4.66566 -7.47757
-4.88969 -7.39253
-5.03074 -7.47129
-4.86211 -7.57334
-4.51889 -7.5545
-4.62246 -7.62403
-4.26869 -7.60825
-4.22616 -7.5462
-4.05862 -7.57155
-3.93363 -7.60789
-3.97669 -7.53191
-3.75391 -7.63458
-4.08495 -7.63709
-3.91113 -7.66406
-4.22775 -7.67157
-4.35992 -7.63923
-4.53035 -7.64325
-4.8963 -7.61399
-3.84241 -7.69776
-3.6163 -7.65944
-3.45648 -7.65249
-3.29074 -7.60972
-3.23922 -7.63167
-2.9973 -7.58532
-3.1819 -7.66042
-2.84237 -7.60437
-2.65965 -7.54595
-2.733 -7.52546
-2.4058 -7.50048
-2.37382 -7.52235
-2.14787 -7.51017
-2.17118 -7.47774
-1.94633 -7.49009
-1.75299 -7.45416
-1.58351 -7.49373
-1.40694 -7.47004
-1.55749 -7.40553
-1.25118 -7.40554
-0.924953 -7.44493
-1.10684 -7.47883
-0.862821 -7.51203
-0.697172 -7.48448
-0.631659 -7.56373
-0.861098 -7.55203
-1.01404 -7.50903
-1.06635 -7.52618
-1.23714 -7.48903
-1.32203 -7.51492
-1.60023 -7.534
-1.86507 -7.5027
-1.82994 -7.54121
-2.09592 -7.54703
-1.93458 -7.5583
-1.65818 -7.55504
-1.72493 -7.5685
-1.49057 -7.56159
-1.63881 -7.55143
-1.90793 -7.56637
-1.89172 -7.5459
-2.12012 -7.56686
-2.14117 -7.58753
-2.31223 -7.5902
-2.3927 -7.57076
-2.53815 -7.59869
-2.67903 -7.60028
-2.55028 -7.5691
-2.32455 -7.55851
-2.18062 -7.56571
-2.94923 -7.64653
-2.77459 -7.62028
-3.00307 -7.6581
-3.21559 -7.68084
-3.52697 -7.70071
-3.39929 -7.69749
-3.70471 -7.70848
-3.86767 -7.7075
-4.01244 -7.70957
-3.70262 -7.6976
-3.82376 -7.68466
-4.09114 -7.67617
-4.22824 -7.70642
-4.36386 -7.67411
-4.19335 -7.66086
-4.5436 -7.6657
-4.83856 -7.67787
-4.69085 -7.66653
-4.46092 -7.66043
-4.68871 -7.67418
-4.51019 -7.65582
-4.3354 -7.66446
-4.32409 -7.60591
-4.14251 -7.6495
-4.22175 -7.66245
-3.95997 -7.66346
-3.90429 -7.59661
-3.8067 -7.63352
-3.66843 -7.64758
-3.77182 -7.68164
-3.96127 -7.67419
-3.91401 -7.66848
-3.6534 -7.68592
-3.48811 -7.6628
-3.36465 -7.68536
-3.58438 -7.68459
-3.10485 -7.66934
-2.88343 -7.63555
-2.69099 -7.61669
-2.73081 -7.61749
-2.53689 -7.58675
-2.66402 -7.60307
-2.88331 -7.63536
-2.78252 -7.6044
-2.61577 -7.55918
-2.46435 -7.56659
-2.4178 -7.51073
-2.58208 -7.4689
-2.84915 -7.53728
-2.72635 -7.35642
-2.3694 -7.33862
-2.56129 -7.18624
-2.30742 -7.10839
-2.07723 -7.21391
-2.09583 -7.40563
-1.87427 -7.34634
-1.90301 -7.4846
-1.74059 -7.44171
-1.64832 -7.34151
-1.57457 -7.46064
-1.69858 -7.50338
-1.52542 -7.51688
-1.36438 -7.47588
-1.46251 -7.38514
-1.28427 -7.36556
-1.13389 -7.4527
-1.20047 -7.52211
-0.944655 -7.52715
-1.09169 -7.55861
-1.29975 -7.54673
-1.20695 -7.54922
-1.44211 -7.55775
-1.33765 -7.56038
-1.68571 -7.54226
-1.49525 -7.54516
-1.6413 -7.53702
-1.80116 -7.54602
-1.89433 -7.55427
-2.10438 -7.56058
-1.99291 -7.55649
-2.15816 -7.55629
-2.31719 -7.56084
-2.37504 -7.56898
-2.28119 -7.53961
-2.11125 -7.51741
-2.25028 -7.48077
-1.37582 -7.53262
-1.06793 -7.57296
-1.03306 -7.56508
-0.951568 -7.58508
-0.855851 -7.60123
-0.886511 -7.57786
-0.67375 -7.61327
-0.686377 -7.6128
-0.453527 -7.63018
-0.523463 -7.63084
-0.747676 -7.60697
-0.934901 -7.58907
-0.93259 -7.57632
-1.12912 -7.54994
-1.2155 -7.5562
-1.39338 -7.54027
-0.503125 -7.59378
-0.698986 -7.56154
-0.510099 -7.5162
-0.705138 -7.46582
-0.919069 -7.39803
-0.692063 -7.30934
-0.938807 -7.22199
-1.09721 -7.34646
-1.19165 -7.25744
-1.43732 -7.23007
-1.17426 -7.05552
-1.49325 -6.98479
-1.76386 -7.1597
-1.79127 -6.88048
-1.97778 -7.05032
-2.13605 -7.06026
-2.09371 -6.88821
-2.21234 -7.00427
-2.30733 -6.93355
-2.51025 -7.00831
-2.48557 -6.8163
-2.2501 -6.71824
-2.09154 -6.71641
-1.9449 -6.69402
-1.73638 -6.63479
-1.84592 -6.47951
-1.59054 -6.40057
-1.48456 -6.68302
-1.34208 -6.41698
-1.36983 -6.17463
-1.12884 -6.24935
-1.13559 -6.559
-0.869166 -6.31685
-0.923688 -6.06298
-0.853749 -5.76468
-0.529445 -5.78457
-0.659423 -5.45677
-0.952722 -5.45276
-1.20614 -5.60715
-1.14771 -5.9559
-1.44393 -5.88027
-1.57467 -6.13898
-1.44629 -5.61576
-1.47862 -5.30451
-1.15408 -5.29255
-1.24467 -4.94655
-1.58256 -4.85358
-1.74706 -5.08472
-1.85544 -4.81347
-2.15327 -4.60763
-1.78773 -4.46419
-2.08754 -4.25539
-2.37799 -4.22309
-2.56403 -4.5176
-2.66999 -4.79727
-2.82114 -4.61164
-3.10137 -4.47745
-3.31163 -4.80911
-3.25571 -5.1026
-2.83733 -4.36661
-2.99185 -4.12247
-3.10231 -3.87313
-2.85003 -3.81972
-2.69836 -4.15053
-2.53796 -3.89792
-2.22493 -3.95666
-2.38528 -3.62049
-2.64727 -3.62964
-2.56957 -3.39336
-2.84796 -3.43249
-3.05464 -3.64071
-3.15098 -3.37653
-3.25233 -3.70415
-2.94694 -3.13851
-2.64751 -3.05712
-2.89443 -2.89188
-2.73829 -2.69438
-2.96707 -2.65669
-3.14216 -2.97656
-3.19535 -2.62889
-3.41895 -2.59776
-3.60062 -2.55425
-3.42787 -2.29068
-3.20752 -2.28913
-3.2915 -2.07644
-3.11813 -1.98808
-2.99604 -2.13855
-2.9923 -2.37772
-2.81178 -2.45718
-3.24529 -1.83947
-2.41784 -3.24195
-2.40841 -3.40687
-2.23691 -3.38722
-2.03096 -3.69879
-1.90381 -4.06207
-1.75429 -3.87252
-1.5615 -4.15283
-1.34724 -4.00264
-1.2032 -4.30575
-0.892171 -4.27382
-0.928523 -4.62095
-0.724458 -4.55677
-0.714065 -4.77937
-0.806302 -4.92886
-1.01415 -4.85913
-1.15993 -4.65216
-0.922307 -5.1558
-1.41837 -4.55503
-0.670202 -5.16199
-0.584635 -4.9893
-0.407248 -4.98523
-0.55273 -4.76873
-0.355078 -4.74104
-0.142811 -4.83117
-0.260752 -4.55511
-0.0996923 -4.57409
-0.446337 -4.3572
-0.685592 -4.17016
-0.573321 -4.50517
-0.712897 -4.38023
-0.0019989 -4.87707
0.0858488 -4.77347
0.194283 -4.97676
0.244612 -4.84344
0.262658 -4.56567
-0.843089 -6.57881
-0.664557 -6.62573
-0.793138 -6.75986
-1.00875 -6.80216
-0.823754 -6.9655
-1.26623 -6.83065
-0.647741 -7.12228
-2.07034 -6.53077
-2.25516 -6.49118
-2.45015 -6.59469
-2.37512 -6.31144
-2.66808 -6.47061
-2.6802 -6.70467
-2.73085 -6.90373
-2.90337 -6.79612
-2.9604 -6.91774
-2.90482 -7.04791
-2.69767 -7.06883
-2.81934 -7.19713
-3.10231 -7.16765
-3.13469 -7.00313
-3.37877 -7.10063
-3.33243 -7.23097
-3.20327 -7.29714
-3.46956 -7.32509
-3.52625 -7.22038
-3.78205 -7.29691
-3.67585 -7.40278
-3.51471 -7.42261
-3.69472 -7.50086
-3.93832 -7.47341
-4.10299 -7.56974
-4.20226 -7.51013
-4.42858 -7.52615
-4.53347 -7.60498
-4.69537 -7.57111
-4.58534 -7.44549
-4.86943 -7.49016
-4.88188 -7.57526
-4.82976 -7.62517
-4.97465 -7.6196
-5.01027 -7.56031
-5.1558 -7.59029
-5.11363 -7.47448
-5.30814 -7.51384
-5.3281 -7.5892
-5.20041 -7.61456
-5.23172 -7.62969
-5.06115 -7.649
-5.05597 -7.659
-4.87656 -7.67824
-4.86361 -7.65842
-4.6923 -7.63981
-5.0605 -7.67065
-5.19293 -7.64503
-5.32581 -7.63548
-5.40516 -7.6203
-5.44459 -7.61744
-5.46704 -7.5649
-5.58546 -7.51035
-5.45941 -7.52127
-5.42867 -7.42261
-5.10795 -7.34935
-4.97148 -7.39275
-4.2185 -7.37325
-4.00012 -7.15393
-3.67091 -7.12472
-3.78804 -6.98078
-3.54748 -6.97722
-3.3295 -6.93769
-3.46119 -6.85911
-3.63192 -6.83524
-3.46716 -6.72064
-3.29482 -6.79308
-3.25707 -6.61506
-3.07259 -6.70905
-2.9768 -6.48722
-2.86191 -6.64514
-2.77887 -6.28858
-3.21828 -6.39483
-3.20068 -6.19096
-3.40827 -6.29473
-3.45911 -6.51497
-3.712 -6.3738
-3.66906 -6.65348
-3.87542 -6.62647
-4.0556 -6.49997
-4.08029 -6.76894
-3.84763 -6.80669
-4.0344 -6.96288
-2.57178 -6.1797
-3.121 -6.86136
-3.68067 -7.58722
-3.47855 -7.49684
-3.53132 -7.58257
-3.44241 -7.59795
-3.39824 -7.54169
-3.29471 -7.55366
-3.27611 -7.5973
-3.12134 -7.53758
-3.25807 -7.48342
-3.03282 -7.4332
-3.28424 -7.40375
-3.11169 -7.36005
-2.98306 -7.30774
-3.0836 -7.60065
-2.93488 -7.61247
-3.10113 -7.64971
-3.26098 -7.6352
-0.373734 -7.54023
-2.97803 -7.54872
-3.4006 -7.60094
-5.07464 -7.60177
-5.11497 -7.54883
-5.2823 -7.57434
-5.27035 -7.46194
-5.39989 -7.49521
-5.432 -7.37183
-5.57117 -7.26581
-5.39254 -7.54116
-5.64468 -7.22256
-5.69265 -7.11754
-5.82211 -7.08151
-5.78097 -7.19208
-5.78017 -7.14066
-0.116017 -6.87203
0.41866 -4.08887
0.277202 -3.97422
0.311467 -3.80328
0.24229 -3.78758
0.203124 -3.57959
0.149527 -3.77627
0.0983324 -3.44729
0.141716 -3.2905
0.23854 -3.30487
0.156045 -3.10304
0.214648 -2.99387
0.145327 -2.95822
0.145593 -2.79262
0.236192 -2.84961
0.276436 -2.96238
0.326588 -2.95965
0.300469 -3.10854
0.384543 -3.1195
0.408663 -3.0102
0.439722 -3.1553
0.567456 -3.80146
0.467766 -3.66625
0.520451 -4.00229
0.402803 -3.77189
0.363788 -3.49287
0.450795 -3.34025
0.343398 -3.28421
0.370467 -3.20443
0.282234 -3.59886
0.328253 -2.63091
0.406651 -2.61043
0.325167 -2.51246
0.380392 -2.33166
0.207766 -2.10296
0.226424 -2.32641
0.118343 -2.12747
0.0591965 -2.28185
0.18963 -2.52872
0.0492678 -2.57244
0.036355 -2.86157
-0.0690155 -2.68605
-0.0311975 -3.02017
-0.122874 -2.99688
-0.0168619 -3.37982
0.0585489 -3.16256
-0.149131 -3.24899
-0.103453 -3.49995
0.00442791 -3.79617
-0.148065 -3.67339
-0.222458 -3.32785
-0.319493 -3.46531
-0.379265 -3.04687
-0.514194 -3.20618
-0.541326 -2.86682
-0.681464 -2.8535
-0.696233 -3.12581
-0.884038 -2.84434
-1.03463 -3.00207
-1.12088 -2.66118
-1.29002 -2.75698
-1.17812 -3.12751
-1.12147 -3.40484
-1.33468 -3.25773
-1.39241 -2.94867
-1.5467 -2.66551
-1.81801 -2.55852
-1.67358 -2.37715
-1.89887 -2.15256
-1.62499 -2.10442
-1.4737 -2.43362
-1.38325 -2.22751
-1.29417 -2.48482
-1.18043 -2.36351
-1.01214 -2.52513
-1.01593 -2.23633
-1.23703 -2.06662
-1.08756 -1.93371
-1.29901 -1.72183
-1.45914 -1.91864
-1.53798 -1.57849
-1.64616 -1.80318
-1.82711 -1.83645
-1.76764 -1.5692
-1.94856 -1.59924
-2.07679 -1.80286
-2.12824 -1.49066
-2.26238 -1.64245
-2.43143 -1.64591
-2.36085 -1.4108
-2.60358 -1.4944
-2.52071 -1.28187
-2.40017 -1.11766
-2.19018 -1.18936
-2.27077 -0.918554
-2.04414 -0.902443
-2.23815 -0.583973
-1.97152 -0.558749
-1.86282 -0.784616
-1.82464 -1.02904
-1.73318 -0.866718
-1.66278 -1.05628
-1.70269 -1.29371
-1.48205 -1.23649
-1.40281 -1.49307
-1.29321 -1.42239
-1.09159 -1.61986
-1.17155 -1.24067
-0.954174 -1.42158
-0.910617 -1.68664
-0.935997 -1.89061
-0.81237 -1.85901
-0.784769 -2.17468
-0.958133 -2.06211
-0.838145 -2.53162
-0.651901 -2.57183
-0.596213 -2.36321
-0.608462 -2.14511
-0.462495 -2.28351
-0.474788 -2.65251
-0.34691 -2.61403
-0.369259 -2.82535
-0.258303 -2.9663
-0.202352 -2.64956
-0.296101 -2.30676
-0.160785 -2.36114
-0.246757 -2.05033
-0.0933533 -2.14297
-0.175359 -1.87679
-0.0270367 -1.9831
-0.128733 -1.73725
-0.211127 -1.54727
-0.235936 -1.67848
-0.31082 -1.52313
-0.321458 -1.72434
-0.399796 -1.48492
-0.48464 -1.55881
-0.413316 -1.94572
-0.580215 -1.74374
-0.542727 -2.0037
-0.679194 -1.92266
-0.765776 -1.61629
-0.640658 -1.44965
-0.809168 -1.23443
-1.01461 -1.14456
-0.975298 -0.942859
-0.795156 -0.958868
-0.729567 -1.14353
-0.674337 -1.2529
-0.64275 -1.14163
-0.586019 -1.33151
-0.500477 -1.27787
-0.614882 -0.938053
-0.838893 -0.652486
-0.974052 -0.714521
-1.01674 -0.504849
-0.983251 -0.327293
-1.16083 -0.344826
-1.22373 -0.119203
-1.34781 -0.210393
-1.46049 0.0451558
-1.5458 -0.131419
-1.69465 0.0845386
-1.71732 -0.123475
-1.88293 -0.0301535
-1.8407 -0.300983
-1.63313 -0.344987
-1.73478 -0.611875
-1.51438 -0.62343
-1.57961 -0.882941
-1.36789 -0.956898
-1.32635 -1.21201
-1.16466 -0.895464
-1.32883 -0.64615
-1.19791 -0.643624
-1.08663 -0.737712
-1.11821 -0.551182
-1.27114 -0.448443
-1.4432 -0.382417
-2.08709 -0.217104
-2.05201 0.0742677
-2.2484 0.052982
-2.34381 -0.243413
-2.48126 0.0147089
-2.53852 -0.287152
-2.63278 -0.128249
-2.70854 -0.371596
-2.78528 -0.146127
-2.90274 -0.521673
-2.99311 -0.253158
-3.10947 -0.610328
-3.18516 -0.422859
-3.27872 -0.709196
-3.39235 -0.973791
-3.40401 -0.787418
-3.53668 -0.973511
-3.51941 -1.22331
-3.65585 -1.26069
-3.70338 -1.06415
-3.84821 -1.18426
-3.78514 -0.858607
-3.92592 -1.07392
-3.96744 -1.31211
-4.05344 -1.28653
-4.15663 -1.51885
-4.17589 -1.37648
-4.25462 -1.66204
-4.28029 -1.89693
-4.36329 -1.9163
-4.35029 -1.69653
-4.45428 -1.97352
-4.56404 -2.25918
-4.42567 -1.79127
-4.38819 -1.62889
-4.3714 -1.46978
-4.2742 -1.42948
-4.24604 -1.23221
-4.12165 -1.14476
-4.07005 -1.16565
-4.00973 -1.00859
-4.00991 -0.877864
-3.94852 -0.890577
-3.88983 -0.781529
-3.91345 -0.664807
-4.05853 -0.801241
-4.1247 -1.00578
-3.93722 -0.551987
-3.82441 -0.344123
-3.79731 -0.460448
-3.65988 -0.259427
-3.69251 -0.149565
-3.51411 -0.0703579
-3.54594 -0.180158
-3.57808 -0.255134
-3.66975 -0.404649
-3.53194 -0.351608
-3.4468 -0.164734
-3.39113 -0.320951
-3.27558 -0.0872798
-3.26272 -0.206187
-3.26204 -0.321996
-3.15106 -0.147633
-3.35109 -0.54828
-3.48615 -0.564993
-3.47354 -0.732295
-3.60295 -0.787092
-3.62619 -0.563235
-3.78171 -0.607882
-3.88731 -0.903521
-3.51191 -0.439435
-3.09294 0.116392
-3.31041 0.03979
-3.19331 0.200546
-3.04159 0.315659
-2.89982 0.280914
-2.88752 0.430024
-2.71972 0.37931
-2.7742 0.190789
-2.918 0.137859
-2.86975 0.0193101
-2.76383 0.0475971
-2.65602 0.0795588
-2.64587 0.259212
-2.54461 0.217845
-2.39262 0.273967
-2.55253 0.357986
-2.46305 0.416377
-2.33681 0.441837
-2.55376 0.514861
-2.76054 0.508904
-3.02235 0.437861
-3.20986 0.33464
-3.41317 0.236773
-3.38201 0.130187
-3.52955 0.108868
-3.56104 0.00395119
-3.68985 -0.024757
-3.88314 -0.236505
-1.83705 0.535983
-1.9631 0.491932
-2.14264 0.485344
-1.97764 0.409098
-1.75165 0.375304
-1.90151 0.329107
-2.12117 0.296046
-1.903 0.18698
-1.76929 0.261892
-1.63028 0.21907
-1.51568 0.234957
-1.48646 0.333754
-1.19037 0.121179
-0.816386 -0.327181
-4.60968 -2.42849
-4.6479 -2.5831
-4.73564 -2.83627
-4.80503 -2.99115
-5.04346 -3.49433
-5.10416 -3.71364
-5.13085 -3.92316
-5.15828 -3.83666
-5.20383 -4.02442
-5.21278 -4.18348
-5.32103 -4.4128
-5.26202 -4.23373
-5.32306 -4.36229
-5.41987 -4.57596
-5.49758 -4.68979
-5.41462 -4.48834
-5.27665 -4.1696
-5.19874 -3.80196
-5.14484 -3.71805
-5.60108 -5.16055
-5.67425 -5.22373
-5.71503 -5.37475
-0.414967 -1.16562
-0.471252 -0.922781
-0.594968 -0.765852
-0.701611 -0.682538
-0.667436 -0.580629
-0.519046 -0.72215
-0.796703 -0.504308
-0.964524 -0.200012
-1.10441 -0.0789109
-0.380097 -1.35743
-1.32094 0.103955
-3.00172 -0.0028429
-3.94254 -0.978873
-3.99278 -1.09033
-4.26367 -1.53043
-2.77143 -0.632699
-2.61176 -0.572672
-2.71665 -0.880252
-2.47025 -0.806033
-2.44587 -0.493003
-2.58555 -1.08909
-2.73553 -1.14498
-2.65471 -1.27707
-0.0352201 -2.39149
-1.94181 -1.29402
-1.34698 -3.47652
0.0967598 -2.99513
0.101528 -3.13692
0.251749 -2.70515
-4.48449 -2.64342
-4.45443 -2.75931
-4.44937 -3.46684
0.881824 -5.72202
-2.55376 0.514861
