-5.49758 -4.68979
-5.19874 -3.80196
-4.3714 -1.46978
-3.88314 -0.236505
-3.68985 -0.024757
-3.41317 0.236773
-3.02235 0.437861
-2.76054 0.508904
-1.83705 0.535983
-1.48646 0.333754
-1.19037 0.121179
-0.816386 -0.327181
-0.519046 -0.72215
0.380392 -2.33166
0.990015 -5.00597
1.00653 -5.13207
1.02489 -5.39082
0.969005 -5.98751
0.953642 -6.13461
0.904326 -6.40743
0.780494 -6.76945
0.705181 -6.92362
0.665717 -6.99598
0.539733 -7.20254
0.420042 -7.33531
0.324849 -7.4108
0.258486 -7.44625
0.122622 -7.51319
-0.210051 -7.59135
-0.325126 -7.61799
-0.453527 -7.63018
-3.70471 -7.70848
-4.42213 -7.71927
-4.80932 -7.70633
-4.90171 -7.70124
-5.47451 -7.61403
-5.52879 -7.60253
-5.65628 -7.54396
-5.69862 -7.49124
-5.75801 -7.4055
-5.8109 -7.25866
-5.85242 -6.99008
-5.87889 -6.81227
-5.90265 -6.65133
-5.88465 -6.51489
-5.79734 -5.87364
-5.71503 -5.37475
-5.67425 -5.22373
