-2.35467 0.18328
-2.13486 0.155918
-2.22536 0.0993418
-2.43484 0.122684
-2.39215 0.0412956
-2.1941 0.0143911
-2.03345 0.044721
-2.03776 -0.0476958
-2.26807 -0.0823457
-2.00955 -0.156125
-2.17855 -0.209123
-1.95564 -0.284074
-1.7684 -0.19414
-1.87054 -0.0876457
-1.71167 -0.0724452
-1.58005 -0.161046
-1.60066 -0.253646
-1.72945 -0.337184
-1.50289 -0.324793
-1.34932 -0.217181
-1.34776 -0.292045
-1.46094 -0.386783
-1.32426 -0.334356
-1.44961 -0.416073
-1.3988 -0.406428
-1.52229 -0.476727
-1.42486 -0.458781
-1.29194 -0.344011
-1.39416 -0.455916
-1.4577 -0.502163
-1.50623 -0.550879
-1.48736 -0.554558
-1.37854 -0.459058
-1.52183 -0.615586
-1.39947 -0.509409
-1.22248 -0.337476
-1.28772 -0.414288
-1.44675 -0.577909
-1.3606 -0.487851
-1.47814 -0.632074
-1.44399 -0.58566
-1.555 -0.737958
-1.5208 -0.684384
-1.60778 -0.798347
-1.56524 -0.722137
-1.43242 -0.569143
-1.43686 -0.540747
-1.34227 -0.425814
-1.34199 -0.400535
-1.40828 -0.406541
-1.27937 -0.255866
-1.28109 -0.315254
-1.19897 -0.178326
-1.14982 -0.0383803
-1.0746 -0.0164771
-0.99936 0.157098
-0.970219 0.130277
-0.89834 0.32304
-0.913324 0.224915
-0.960891 0.098404
-0.900064 0.223506
-0.841824 0.336043
-0.735434 0.432092
-0.982477 -0.00424259
-1.02915 0.0125603
-1.10626 0.0135919
-1.18717 -0.0472039
-1.12364 -0.0379073
-1.08202 -0.0616741
-1.20777 -0.120968
-1.18281 -0.141008
-1.12282 -0.125605
-1.23334 -0.213382
-1.15957 -0.202199
-1.12021 -0.211606
-1.03506 -0.0337774
-0.964335 0.00459085
-1.05174 -0.0899116
-1.10065 -0.204671
-1.09768 -0.178478
-1.02127 -0.0614375
-1.02523 -0.0457325
-1.12363 -0.225739
-1.08231 -0.163796
-1.01261 -0.0194909
-0.947044 0.0892111
-0.960491 0.0935758
-1.03573 -0.060675
-1.02588 -0.00245495
-1.12666 -0.13128
-1.16526 -0.233897
-1.21899 -0.322628
-1.31197 -0.417961
-1.23932 -0.286559
-1.24289 -0.342258
-1.26083 -0.199052
-1.28929 -0.10101
-1.54871 -0.0565887
-1.70483 0.0337208
-1.90633 0.176904
-2.00356 0.0962068
-1.86581 -0.00474068
-0.788212 0.449913
-0.929811 0.391057
-0.897414 0.529074
-0.975746 0.548686
-0.901151 0.74119
-1.03456 0.645632
-0.943159 0.867149
-0.929866 1.79823
-0.999858 1.31034
-0.997726 1.0777
-1.08982 1.20851
-1.06276 1.43392
-1.15832 1.3413
-1.13516 1.55963
-1.25994 1.52241
-1.18938 1.82029
-1.04758 1.69283
-1.05867 2.02643
-1.19204 2.02418
-1.19421 2.17933
-1.1442 2.40185
-0.949361 2.27728
-1.01908 2.52669
-1.10084 2.63562
-1.03021 2.77398
-0.91253 2.53612
-1.29032 3.47412
-1.32415 3.75972
-1.44717 3.65165
-1.42608 3.37443
-1.27471 3.18628
-1.41334 3.15126
-1.57796 3.19545
-1.58989 3.53533
-1.77444 3.41101
-1.73035 3.02017
-1.59074 2.90262
-1.64666 2.59878
-1.4846 2.72671
-1.46329 2.97246
-1.37652 2.82319
-1.32458 2.99478
-1.25741 2.81258
-1.32493 2.60031
-1.19635 2.65288
-1.29843 2.32398
-1.45162 2.45214
-1.39364 2.18468
-1.26928 2.11438
-1.31234 1.97462
-1.23867 1.98597
-1.32514 1.77154
-1.46402 1.95915
-1.42558 1.57151
-1.33383 1.39312
-1.2726 1.21591
-1.3958 1.27043
-1.38095 0.976809
-1.24361 0.911895
-1.16668 1.13031
-1.11891 1.00841
-1.12917 0.757616
-1.29152 0.617691
-1.26989 0.434534
-1.16213 0.514104
-1.11218 0.435083
-1.22968 0.290385
-1.18513 0.236585
-1.08586 0.361899
-1.12702 0.198003
-1.01723 0.372587
-1.06367 0.182535
-1.17063 0.0343383
-1.26427 -0.153605
-1.24492 0.0195453
-1.36206 -0.201432
-1.49485 -0.371451
-1.57204 -0.583006
-1.55869 -0.652685
-1.67568 -0.752589
-1.71448 -0.848873
-1.71495 -0.892727
-1.82685 -1.00267
-1.83882 -1.0492
-1.71169 -0.912652
-1.862 -1.07341
-1.82662 -0.996074
-1.60858 -0.777357
-1.73207 -0.859618
-1.56141 -0.682223
-1.67956 -0.771306
-1.65271 -0.702113
-1.56093 -0.622523
-1.60991 -0.631902
-1.76826 -0.757785
-1.80469 -0.836066
-1.9699 -0.960304
-1.84877 -0.909926
-2.11939 -1.1688
-2.27239 -1.24501
-2.18484 -1.23209
-2.34913 -1.32879
-2.4529 -1.33624
-2.51417 -1.29904
-2.62933 -1.35359
-2.62457 -1.285
-1.86971 -0.653027
-1.72874 -0.634013
-1.69993 -0.675785
-1.61589 -0.600494
-1.645 -0.586826
-1.54042 -0.528514
-1.63596 -0.554838
-1.66543 -0.524759
-1.56664 -0.471598
-1.73169 -0.502123
-1.62389 -0.429495
-1.80893 -0.442326
-1.90695 -0.380655
-2.01248 -0.342331
-1.99798 -0.383244
-1.97383 -0.429095
-2.11377 -0.362994
-2.09626 -0.43788
-1.92669 -0.486237
-2.05092 -0.471896
-2.01545 -0.51789
-1.83245 -0.536726
-1.93819 -0.564287
-1.84357 -0.593583
-1.97738 -0.614675
-2.04246 -0.565584
-2.16363 -0.533795
-2.16603 -0.465442
-2.3363 -0.472344
-2.32683 -0.363906
-2.54026 -0.401183
-2.59214 -0.285711
-2.45577 -0.258615
-2.2759 -0.271141
-2.10957 -0.302411
-2.43992 -0.17177
-2.59406 -0.203078
-2.65322 -0.130532
-2.57774 -0.0353281
-2.60026 0.0975163
-2.80636 0.063001
-2.77751 0.163421
-2.55544 0.162585
-7.51625 -0.632746
-7.31969 -0.766543
-7.12959 -0.877552
-6.94476 -0.987865
-7.14889 -0.910407
-6.96917 -1.01799
-7.17655 -0.919472
-7.02005 -0.988293
-7.2116 -0.901552
-7.13539 -0.941459
-7.38608 -0.821442
-7.3742 -0.821562
-7.60378 -0.716596
-7.52862 -0.742549
-7.74087 -0.6383
-7.84789 -0.613348
-8.05936 -0.503415
-7.84166 -0.564877
-7.68984 -0.641199
-7.59139 -0.66938
-7.82138 -0.533349
-7.70984 -0.512834
-7.92042 -0.443676
-8.87901 0.591986
-8.83643 0.463517
-8.89617 0.59289
-8.94815 0.737196
-9.01672 0.773934
-8.99609 0.726026
-8.9631 0.655984
-8.92107 0.541517
-8.92303 0.561923
-8.85254 0.441902
-8.87442 0.513759
-8.80416 0.348399
-8.77604 0.34055
-8.73983 0.232755
-8.10591 -0.328218
-8.73463 0.135703
-8.70814 0.0599075
-8.64233 -0.0595555
-8.56796 -0.173777
-8.48659 -0.259512
-8.46571 -0.294615
-8.32433 -0.359323
-8.08117 -0.431793
-8.29658 -0.3999
-8.20286 -0.445409
-8.0174 -0.536254
-8.22788 -0.420152
-8.36838 -0.357334
-8.34028 -0.353413
-8.44293 -0.289194
-8.52448 -0.242736
-8.58952 -0.171392
-8.62512 -0.123723
-8.66107 -0.0395371
-8.63142 -0.0804743
-8.71033 0.053106
-8.73051 0.0843954
-8.81193 0.232213
-8.78405 0.20935
-8.85767 0.348599
-8.85658 0.385681
-8.80323 0.287332
-8.9237 0.510357
-8.90266 0.44255
-8.9851 0.648622
-9.05924 0.879695
-9.10217 1.03369
-9.11284 1.19878
-9.07892 1.03238
-9.07521 1.15119
-9.03864 0.946796
-9.04965 0.897857
-9.0734 0.944049
-9.03716 0.789226
-9.0057 0.766529
-8.96708 0.595783
-8.9551 0.616681
-8.96588 0.739835
-8.90431 0.551277
-8.8948 0.4453
-8.83241 0.348259
-8.80026 0.228972
-8.77386 0.217949
-8.71415 0.0681997
-8.7058 0.0266269
-8.59786 -0.139058
-8.63916 -0.0137145
-8.5365 -0.149092
-8.44612 -0.24392
-8.30715 -0.34746
-8.34534 -0.288164
-8.20755 -0.342638
-8.08041 -0.461275
-8.00957 -0.453366
-8.04049 -0.378977
-7.79524 -0.535955
-7.89935 -0.532112
-7.74087 -0.611401
-7.55971 -0.683495
-7.58373 -0.713873
-7.36341 -0.808517
-7.33067 -0.773023
-7.18291 -0.888283
-7.09124 -0.889882
-6.94156 -1.01063
-7.16015 -0.930933
-6.96717 -1.01962
-6.87875 -1.05903
-6.71565 -1.13023
-6.63638 -1.15243
-6.4059 -1.21556
-6.39508 -1.21031
-6.12637 -1.26072
-6.22905 -1.24966
-6.0222 -1.27439
-6.31861 -1.21776
-4.67015 -1.63607
-4.58153 -1.64278
-4.4762 -1.67969
-4.49841 -1.70096
-4.28509 -1.71309
-4.36811 -1.72988
-4.17472 -1.72964
-4.23398 -1.7361
-4.07508 -1.71329
-4.20045 -1.71961
-3.9499 -1.66166
-4.02016 -1.66786
-3.92032 -1.63558
-3.80363 -1.59207
-3.74541 -1.5857
-3.58993 -1.51285
-3.5837 -1.53616
-3.43956 -1.48687
-3.48557 -1.53281
-3.24233 -1.47388
-3.31181 -1.42634
-3.08864 -1.41208
-3.04383 -1.36846
-2.89369 -1.368
-2.98369 -1.42033
-2.77788 -1.38851
-2.86495 -1.42253
-3.0783 -1.46283
-2.8247 -1.44658
-2.6898 -1.41318
-2.62763 -1.4124
-2.6746 -1.42078
-2.50364 -1.3744
-2.48276 -1.37356
-2.30709 -1.35149
-2.25547 -1.3264
-2.14668 -1.29476
-2.07599 -1.26126
-2.06203 -1.25345
-1.966 -1.19134
-1.96411 -1.15931
-2.11768 -1.25686
-2.06976 -1.17562
-2.25617 -1.28915
-2.44427 -1.35235
-2.39306 -1.324
-2.5126 -1.34811
-2.66794 -1.36059
-2.60562 -1.37833
-2.65363 -1.32622
-2.83754 -1.35972
-2.82701 -1.30887
-2.98215 -1.33491
-3.17573 -1.3761
-3.08629 -1.3296
-2.96905 -1.30404
-3.08913 -1.29165
-2.88947 -1.2695
-2.92184 -1.20062
-2.66509 -1.24992
-2.65474 -1.12236
-2.51556 -1.17897
-2.4486 -1.22793
-2.36555 -1.14597
-2.46429 -1.09687
-2.30281 -0.99496
-2.50458 -0.990928
-2.69619 -0.996013
-2.85764 -1.06821
-2.91056 -0.902347
-3.13158 -1.09142
-3.22009 -1.23857
-3.43308 -1.17954
-3.4743 -1.27431
-3.33965 -1.31998
-3.25226 -1.37036
-3.46801 -1.39903
-3.4198 -1.41886
-3.53114 -1.47032
-3.70961 -1.5403
-3.64089 -1.47589
-3.81815 -1.55526
-3.88115 -1.60828
-3.98968 -1.61657
-4.15883 -1.66648
-4.10785 -1.58869
-4.28103 -1.60262
-4.3555 -1.66102
-4.47199 -1.6843
-4.35063 -1.73526
-4.50361 -1.71105
-4.56389 -1.69536
-4.66129 -1.64368
-4.74181 -1.62031
-4.67931 -1.6425
-4.82059 -1.59329
-4.8578 -1.57216
-4.97759 -1.5279
-5.12103 -1.47029
-5.12338 -1.48472
-5.10563 -1.48966
-4.90972 -1.55552
-5.00035 -1.5144
-4.88121 -1.55284
-4.78702 -1.5905
-4.9092 -1.51656
-4.81721 -1.5508
-4.65944 -1.6246
-4.89391 -1.52015
-4.71198 -1.56174
-4.56572 -1.58655
-4.78615 -1.49461
-4.66437 -1.4804
-4.83748 -1.42718
-4.82149 -1.38319
-4.68321 -1.40499
-4.5372 -1.45569
-4.60077 -1.3605
-4.44833 -1.41862
-4.37865 -1.5126
-4.31919 -1.434
-4.21722 -1.51526
-4.13449 -1.39992
-4.04358 -1.49111
-3.95796 -1.4102
-3.86537 -1.45645
-3.93465 -1.54066
-3.75549 -1.48525
-3.67402 -1.41625
-3.7832 -1.38135
-3.57031 -1.3484
-3.59152 -1.43837
-3.69649 -1.30215
-3.91335 -1.32968
-3.81203 -1.24717
-4.04984 -1.2461
-4.39145 -1.31819
-4.3004 -1.16387
-4.02459 -1.0942
-3.73824 -1.15291
-3.77188 -1.02831
-3.45092 -1.03234
-3.6527 -0.900379
-3.27391 -0.848324
-3.18446 -0.976048
-2.96659 -0.663446
-2.64509 -0.657238
-2.57919 -0.848043
-2.40189 -0.661062
-2.3725 -0.437438
-2.27656 -0.535451
-2.13474 -0.410942
-2.15239 -0.186953
-1.96548 -0.183871
-1.96592 -0.350659
-2.04106 -0.539925
-2.21936 -0.630827
-2.12791 -0.774683
-2.35193 -0.826891
-2.10629 -0.954601
-1.94567 -0.774394
-1.98708 -0.932638
-1.86746 -0.835617
-1.78324 -0.651305
-1.82591 -0.543155
-1.95922 -0.618969
-1.87038 -0.40457
-1.70286 -0.300971
-1.77082 -0.246076
-1.83839 -0.206972
-1.68591 -0.0630564
-1.80834 0.0117548
-1.96521 0.0463784
-1.77104 0.308564
-1.98436 0.278281
-1.85413 0.505823
-2.02687 0.498285
-1.91613 0.731523
-2.08749 0.727936
-1.99888 0.973834
-2.1937 0.980739
-2.08518 1.21983
-2.24517 1.30875
-2.1401 1.39204
-2.21455 1.57259
-2.35359 1.54634
-2.40071 1.86496
-2.15866 1.82282
-2.29972 2.19391
-2.09937 2.04812
-1.96855 1.75253
-1.945 2.10533
-2.17385 2.37582
-2.04617 2.47505
-1.85601 2.42064
-2.06298 2.80462
-1.87054 2.84115
-1.64579 2.17058
-1.75873 2.02416
-1.59728 1.76971
-1.76711 1.67865
-1.60535 1.45968
-1.53257 1.53688
-1.49727 1.35349
-1.56623 1.16863
-1.463 1.13279
-1.50856 0.921654
-1.4592 0.695608
-1.35599 0.727415
-1.41822 0.471638
-1.57686 0.429459
-1.54391 0.196174
-1.40471 0.235956
-1.35833 0.437412
-1.32794 0.209443
-1.32394 0.113556
-1.26619 0.117762
-1.34723 -0.0296482
-1.41454 -0.00562721
-1.43796 -0.185436
-1.55616 -0.279552
-1.63504 -0.52174
-1.69995 -0.46707
-1.54492 -0.042757
-1.66953 0.173057
-1.72615 -0.71561
-1.66122 0.517997
-1.58092 0.682885
-1.66856 0.66588
-1.64817 0.912812
-1.76584 0.720555
-1.73542 0.536368
-1.82411 1.02214
-1.6996 1.2671
-1.87011 1.39394
-2.046 1.4771
-1.94951 1.21234
-1.52978 2.27122
-2.02197 3.05636
-1.90971 3.1942
-2.09401 3.35939
-1.9728 3.53398
-1.87808 3.73645
-1.73 3.70441
-1.79741 3.99475
-1.96551 4.03493
-1.90817 4.38695
-1.70764 4.27963
-1.81697 4.77921
-1.95565 4.69091
-2.03674 4.96833
-1.93636 5.16658
-2.07594 5.35686
-1.95629 5.47873
-1.79655 5.23354
-1.79042 5.61664
-1.64053 5.35956
-1.67469 5.51948
-1.62527 5.55443
-1.55171 5.68737
-1.4717 5.77227
-1.58416 5.90915
-1.69464 5.84908
-1.68959 6.04364
-1.59953 6.11069
-1.3427 4.05123
-1.45236 3.8901
-1.5225 4.1477
-1.42847 4.31077
-1.5805 4.53965
-1.40805 4.53731
-1.47162 4.7866
-1.62155 4.98671
-1.60998 3.87776
-2.809 7.48306
-2.82016 7.66516
-2.99321 7.70932
-3.05375 7.54784
-3.17668 7.71925
-3.26121 7.56563
-3.36106 7.73872
-3.49588 7.55848
-3.6062 7.79717
-3.77417 7.60619
-3.66724 7.38631
-3.50409 7.33782
-3.59987 7.2045
-3.79791 7.13661
-3.62504 6.9742
-3.81604 6.80222
-3.63846 6.69881
-3.80615 6.37373
-3.47625 6.45399
-3.59935 6.01574
-3.30015 6.0411
-3.43057 5.7827
-3.6332 5.6405
-3.42212 5.54074
-3.25519 5.67125
-3.27217 5.32588
-3.09627 5.50771
-3.02906 5.23336
-3.1674 4.99056
-2.95438 4.94516
-3.0506 4.78681
-3.18834 4.71038
-3.05247 4.56294
-2.91011 4.67262
-2.88725 4.35846
-2.72196 4.52234
-2.64445 4.02356
-2.93612 4.03338
-2.80764 3.7606
-3.01268 3.73493
-2.82564 3.3934
-3.08192 3.50325
-3.24467 3.70288
-3.26749 3.40741
-3.06039 3.24329
-3.25021 3.10196
-3.42775 3.27266
-3.48424 2.9468
-3.65702 3.26661
-3.83185 2.89673
-3.63902 2.62333
-3.42746 2.64269
-3.5158 2.33234
-3.30754 2.50554
-3.28342 2.28285
-3.11312 2.46391
-3.06473 2.10972
-2.88611 2.40275
-2.80072 2.19404
-2.81811 1.95276
-2.62411 2.07955
-2.63673 1.79083
-2.8209 1.69577
-2.70049 1.44626
-2.50434 1.60795
-2.46233 1.33133
-2.6162 1.19461
-2.49791 1.08098
-2.6767 0.927994
-2.4096 0.85967
-2.35535 1.1087
-2.24815 0.722334
-2.38961 0.578604
-2.21019 0.513525
-2.39393 0.332302
-2.1866 0.282222
-2.41693 0.0599409
-2.16743 0.0484635
-2.38038 -0.185174
-2.57729 -0.163503
-2.68195 -0.40231
-2.81958 -0.222556
-3.07963 -0.453318
-3.24995 -0.66578
-3.41955 -0.560846
-3.53223 -0.737619
-3.6918 -0.619249
-3.89307 -0.768885
-3.97717 -0.951657
-4.22346 -0.858926
-4.27029 -1.01592
-4.54442 -0.918143
-4.51751 -1.08075
-4.53134 -1.19066
-4.68479 -1.12874
-4.73462 -1.23595
-4.79981 -1.33082
-4.94355 -1.26159
-5.01709 -1.16708
-5.13487 -1.20496
-5.01143 -1.31039
-5.27269 -1.22139
-5.13716 -1.32759
-5.33471 -1.25819
-5.26076 -1.33349
-5.48416 -1.24225
-5.59157 -1.26419
-5.32165 -1.35751
-5.00304 -1.4543
-5.13774 -1.4231
-5.40016 -1.35859
-5.14098 -1.44092
-5.54962 -1.34438
-5.45633 -1.37139
-5.77208 -1.30638
-5.65811 -1.34718
-5.81486 -1.31774
-6.08133 -1.27338
-5.86047 -1.31734
-5.5935 -1.3831
-5.57215 -1.3705
-5.33462 -1.42274
-5.20927 -1.43731
-5.12658 -1.46782
-5.31472 -1.42863
-5.03098 -1.48605
-5.51833 -1.38998
-5.45577 -1.39776
-5.70869 -1.34829
-6.0011 -1.26282
-6.27565 -1.21932
-6.50571 -1.17005
-6.58068 -1.1348
-6.82763 -1.00283
-6.59009 -1.07448
-6.41249 -1.13953
-6.3697 -1.10082
-6.21824 -1.15694
-6.24776 -1.20059
-5.92252 -1.22411
-6.00781 -1.25441
-5.71602 -1.30052
-5.81598 -1.29113
-5.59118 -1.31245
-5.87383 -1.18844
-6.11901 -1.14274
-6.00817 -1.0914
-5.71418 -1.17401
-5.80416 -1.08949
-5.53775 -1.17286
-5.6897 -1.07105
-5.46072 -1.10506
-5.28438 -1.15541
-5.2698 -1.10119
-5.51616 -0.984552
-5.64274 -1.02111
-5.72027 -0.944715
-5.72001 -0.84396
-5.45289 -0.877565
-5.61019 -0.754937
-5.46432 -0.748881
-5.27128 -0.799069
-5.19961 -0.937861
-5.02366 -0.850362
-5.07682 -0.655396
-4.7637 -0.756663
-4.80106 -0.542485
-4.57568 -0.604897
-4.44039 -0.747288
-4.81454 -0.912301
-4.73853 -1.02727
-4.967 -0.991414
-4.88047 -1.1035
-5.11591 -1.05733
-5.31702 -0.997682
-4.31101 -0.562923
-4.17205 -0.706673
-3.96316 -0.554781
-4.14897 -0.345271
-3.8872 -0.364751
-3.94553 -0.223375
-3.72669 -0.213485
-3.64065 -0.428659
-3.45004 -0.218738
-3.58767 0.0483054
-3.31993 -0.0521337
-3.34185 0.154223
-3.10916 0.0294342
-3.13183 -0.204503
-2.86709 -0.0311033
-2.91177 0.160615
-2.64872 0.17123
-2.65351 -0.0432539
-2.80341 0.354969
-2.58242 0.439458
-2.76629 0.599741
-2.55608 0.671176
-2.9376 0.824518
-2.87157 1.05957
-2.75127 1.17734
-2.87727 1.25805
-2.94631 1.46791
-3.07882 1.12772
-3.17631 1.4816
-3.36201 1.18746
-3.27119 0.931785
-3.4765 0.858627
-3.27601 0.654432
-3.12576 0.809416
-3.10706 0.633142
-3.04092 0.704542
-2.96719 0.577523
-3.09819 0.44826
-2.9365 0.420648
-2.86407 0.47654
-2.9723 0.306894
-3.11839 0.231899
-3.30127 0.383046
-3.45561 0.318119
-3.50485 0.206838
-3.61057 0.339095
-3.86675 0.276192
-3.87745 -0.0281041
-4.04198 0.0934659
-4.09637 -0.107261
-4.24582 0.074532
-4.30812 -0.169463
-4.52186 -0.367523
-4.50838 -0.062268
-4.65873 -0.22762
-4.80602 -0.335783
-5.0008 -0.458407
-5.02019 -0.234235
-5.23152 -0.443872
-5.35578 -0.63998
-5.44571 -0.488876
-5.5809 -0.605649
-5.60484 -0.372103
-5.73461 -0.464359
-5.79309 -0.637282
-5.88115 -0.437919
-6.04889 -0.513656
-6.02638 -0.302501
-6.26742 -0.255931
-6.28549 -0.47686
-6.16709 -0.64629
-5.96588 -0.7365
-6.14639 -0.795743
-5.89917 -0.883487
-6.01936 -0.934777
-6.19955 -0.873611
-6.20595 -0.931833
-6.02379 -1.01716
-5.86601 -1.01697
-5.80963 -0.987299
-6.2446 -0.996138
-6.29908 -1.05792
-6.48931 -0.969288
-6.54147 -1.02306
-6.7229 -0.944274
-6.73732 -0.990123
-6.95706 -0.8926
-7.26234 -0.754281
-7.09286 -0.77915
-6.88489 -0.847843
-7.0513 -0.733505
-7.27439 -0.666849
-7.23038 -0.611094
-7.46971 -0.525763
-7.48814 -0.592244
-7.52947 -0.651121
-7.67973 -0.53072
-7.86964 -0.419099
-7.68732 -0.463249
-7.87946 -0.326753
-8.09516 -0.277764
-8.25212 -0.263567
-8.28637 -0.168612
-8.41527 -0.133288
-8.39932 -0.217609
-8.54278 -0.0714163
-8.52277 0.028129
-8.64411 0.124132
-8.72264 0.158217
-8.73667 0.280395
-8.79978 0.329146
-8.80825 0.465856
-8.88478 0.700515
-8.96452 0.819456
-8.9497 0.932476
-8.85873 0.861725
-8.80261 0.622927
-8.77668 0.832945
-8.68094 0.593392
-8.70583 0.360274
-8.59598 0.326935
-8.56001 0.481899
-8.48538 0.276703
-8.45955 0.424931
-8.36302 0.266721
-8.35829 0.517972
-8.20632 0.286
-8.17151 0.542392
-8.02131 0.283874
-7.95496 0.493399
-7.77035 0.257752
-7.75242 0.487084
-7.49533 0.291885
-7.58628 0.134223
-7.69128 0.0499967
-7.87692 0.117076
-7.82333 -0.0595382
-8.04018 0.0968238
-8.03641 -0.0749335
-7.83365 -0.224582
-7.6701 -0.208192
-7.62919 -0.318792
-7.71157 -0.364337
-7.55882 -0.424485
-7.48544 -0.393936
-7.36082 -0.492986
-7.35835 -0.415548
-7.19938 -0.494955
-7.24557 -0.382778
-7.46444 -0.296672
-7.30637 -0.234191
-7.5409 -0.114831
-7.29885 -0.0323495
-7.19172 -0.22044
-7.11467 -0.331554
-7.02232 -0.240738
-6.9435 -0.391286
-7.01839 -0.484028
-6.76565 -0.509467
-6.81528 -0.617021
-7.00858 -0.590426
-7.17188 -0.579227
-7.01159 -0.665306
-6.85254 -0.686098
-6.76116 -0.793648
-6.66332 -0.727119
-6.49732 -0.815509
-6.45191 -0.896828
-6.32511 -0.860689
-6.3291 -0.80517
-6.48369 -0.74887
-6.37297 -0.70488
-6.24823 -0.696622
-6.33163 -0.604952
-6.52084 -0.569151
-6.59961 -0.656867
-6.63374 -0.415067
-6.81786 -0.36416
-6.77669 -0.235593
-7.01294 -0.030468
-7.20353 0.177798
-7.46687 0.0975951
-7.51557 0.0199206
-7.25218 0.442895
-7.48533 0.578989
-7.63815 0.554284
-7.66532 0.803336
-7.36435 0.822078
-7.55154 0.973537
-7.67339 1.13976
-7.86164 1.01091
-7.87527 0.722648
-8.00812 0.9156
-8.07184 0.720074
-8.14968 0.929765
-8.18969 0.747274
-8.30154 0.823095
-8.22591 1.19204
-8.35732 1.09617
-8.43256 0.901715
-8.40353 0.714692
-8.49287 0.652521
-8.5404 0.91839
-8.59196 0.699828
-8.65644 0.90788
-8.57025 1.13944
-8.45164 1.24521
-8.53621 1.45832
-8.64862 1.19406
-8.64059 1.39435
-8.70561 1.24981
-8.72577 1.06072
-8.81896 1.04175
-8.76819 1.20068
-8.81114 1.26529
-8.90638 1.10627
-8.86256 1.37358
-8.94811 1.24838
-8.96443 1.08277
-9.02534 1.08205
-8.98826 1.37255
-9.03708 1.26299
-9.0556 1.10444
-9.05324 1.36221
-8.99461 1.54798
-9.03298 1.59602
-8.96099 1.84801
-8.89878 1.85392
-8.84868 2.04635
-8.80263 2.08745
-8.79941 2.00073
-8.80788 1.86794
-8.7041 2.23969
-8.68094 2.11126
-8.58202 2.39014
-8.59184 2.17985
-8.71959 1.8863
-8.64037 1.82421
-8.77314 1.634
-8.80801 1.72535
-8.8757 1.53942
-8.91387 1.6223
-8.76319 1.50003
-8.70155 1.43562
-8.5815 1.65268
-8.45002 2.03318
-8.47099 1.77137
-8.3314 1.98661
-8.42251 1.70749
-8.42393 1.55322
-8.34891 1.7597
-8.30847 1.58631
-8.21767 1.93754
-8.12138 1.77177
-8.06596 2.06114
-7.92974 2.03841
-7.93145 1.75886
-8.08958 1.48718
-7.90819 1.48294
-8.0307 1.1886
-7.85339 1.26017
-7.71475 1.4306
-7.53168 1.33071
-7.48374 1.11497
-7.4242 1.25199
-7.32029 1.13429
-7.08127 0.950857
-7.177 1.24101
-7.01334 1.20724
-7.08757 1.47682
-6.88468 1.32567
-6.79094 1.02294
-6.64167 1.32652
-6.60495 1.0638
-6.59891 0.893767
-6.46692 0.947758
-6.50533 1.13675
-6.37214 1.07726
-6.43131 1.24831
-6.43116 1.44345
-6.58715 1.72769
-6.84667 1.59701
-6.81792 1.88343
-7.03869 1.80591
-7.2818 1.70841
-7.34251 1.39959
-7.51444 1.59465
-7.46816 1.93451
-7.72605 1.71163
-7.73161 2.00673
-7.5171 2.2624
-7.74092 2.29845
-7.92723 2.28661
-7.75052 2.59562
-7.9517 2.46349
-8.09436 2.2366
-8.06149 2.48452
-8.19576 2.26685
-8.17694 2.49289
-8.29237 2.24935
-8.31496 2.43693
-8.47278 2.26299
-8.3694 2.50206
-8.42207 2.56952
-8.28072 2.71197
-8.27061 2.94428
-8.37262 2.82114
-8.47513 2.70752
-8.59223 2.50009
-8.59193 2.64033
-8.75657 2.32265
-8.68558 2.57704
-8.75163 2.49058
-8.85609 2.16994
-8.85089 2.33538
-8.96365 1.99728
-9.026 1.77333
-8.93559 2.10894
-8.90826 2.30821
-8.80295 2.60377
-8.84298 2.56293
-8.75002 2.8243
-8.77897 2.73515
-8.68731 3.00966
-8.16997 4.27982
-8.12117 4.42784
-8.05486 4.57199
-8.07056 4.47294
-8.01468 4.52481
-7.97645 4.66794
-7.92354 4.70613
-7.91077 4.80476
-7.84272 4.84654
-7.86146 4.76268
-7.80366 4.86897
-7.79836 4.80785
-7.74726 4.91622
-7.75954 4.97624
-7.65462 5.13352
-7.54921 5.35937
-7.37601 5.61934
-7.31469 5.78675
-7.27126 5.79252
-7.20222 5.95998
-7.12316 5.96603
-7.04152 6.16285
-6.92014 6.26553
-6.97203 6.13521
-6.7641 6.45173
-6.87057 6.15226
-6.6763 6.44848
-6.75986 6.24071
-6.60986 6.41701
-6.74671 6.09985
-6.87417 5.99999
-6.87964 5.87558
-6.98508 5.77236
-7.00293 5.62078
-6.80481 5.81128
-7.04095 5.39622
-7.17307 5.28238
-7.20203 5.1045
-7.37912 4.88166
-7.29208 4.86945
-7.13575 5.09687
-7.26634 4.77125
-7.07494 5.01492
-6.91524 5.39564
-6.91859 5.19154
-6.74736 5.45552
-6.82278 5.07535
-7.01092 4.93867
-7.05724 4.72654
-7.20849 4.65489
-7.24594 4.31256
-6.98521 4.6248
-7.08571 4.35808
-7.18064 4.17672
-7.05977 4.21943
-6.92826 4.46148
-6.93019 4.24501
-6.71934 4.51654
-6.82341 4.2011
-7.00211 3.99561
-6.79752 3.97787
-6.64492 4.2872
-6.55913 4.11064
-6.42627 4.39708
-6.37828 4.18149
-6.20479 4.38191
-6.25436 4.63925
-6.13536 4.60927
-5.98669 4.58554
-5.99903 4.24447
-5.84719 4.45821
-5.78018 4.28124
-5.87041 4.05726
-5.65587 4.02196
-5.58417 4.38866
-5.41356 4.25603
-5.42285 3.9675
-5.18693 4.08959
-5.27582 3.75206
-5.51535 3.66336
-5.29096 3.36747
-5.50988 3.34078
-5.66289 3.42593
-5.60012 3.18534
-5.42172 3.01431
-5.60406 2.9631
-5.75735 3.13907
-5.69464 2.82243
-5.50909 2.62048
-5.71235 2.51082
-5.8492 2.84127
-5.90618 2.51069
-6.00416 2.82026
-6.10184 2.56645
-6.1699 2.93921
-6.31057 2.65501
-6.42029 3.02243
-6.50592 2.68435
-6.46302 2.38099
-6.6892 2.48521
-6.66621 2.13432
-6.79142 2.28965
-6.95654 2.14098
-6.87166 2.39581
-7.07098 2.41497
-7.1386 2.19563
-7.19731 2.00129
-7.2859 2.22552
-7.29615 2.5149
-7.52362 2.57082
-7.27447 2.8429
-7.49306 2.88999
-7.67745 2.95921
-7.89879 2.69912
-7.85601 2.9703
-8.02509 2.72582
-8.00014 2.95354
-8.14819 2.76123
-8.07524 2.96919
-8.13083 3.00737
-7.99802 3.13981
-8.01444 3.30377
-8.12762 3.1844
-8.19318 3.20118
-8.32211 3.03576
-8.1885 3.36234
-8.33828 3.22774
-8.43979 2.92639
-8.4828 2.97141
-8.60911 2.80299
-8.45403 3.20379
-8.58103 2.98506
-8.71874 2.69531
-8.66335 2.9178
-8.49301 3.29746
-8.62901 3.12906
-8.4674 3.44033
-8.41484 3.50123
-8.33309 3.70701
-8.37603 3.63058
-8.30299 3.78602
-8.24351 3.94048
-8.18944 3.96894
-8.13497 4.15871
-8.07088 4.20056
-8.14261 4.03092
-8.26146 3.81024
-8.14892 3.9523
-8.02531 4.22918
-8.01916 4.1402
-8.10466 3.91962
-7.9399 4.22821
-7.88912 4.41419
-7.80373 4.48636
-7.72233 4.73642
-7.65421 4.71407
-7.8297 4.36054
-7.7238 4.44149
-7.8522 4.24964
-7.96076 4.07469
-7.85206 4.15857
-8.00989 3.86854
-7.87467 3.9613
-7.65322 4.40851
-7.7048 4.1202
-7.47517 4.52174
-7.56591 4.15723
-7.38656 4.48077
-7.38441 4.32993
-7.47755 4.07627
-7.67015 3.74576
-7.75206 3.84956
-7.79384 3.64988
-7.86475 3.42966
-7.8987 3.60307
-8.05941 3.43503
-7.94786 3.70133
-8.04982 3.65466
-8.17069 3.57836
-8.09703 3.81515
-8.20247 3.67486
-8.29539 3.45986
-8.2992 3.61324
-8.36858 3.58357
-7.83701 3.84352
-7.74427 3.4043
-7.61957 3.58457
-7.46758 3.85792
-7.52762 3.59415
-7.63763 3.36657
-7.50062 3.47393
-7.56432 3.25947
-7.37991 3.47235
-7.43354 3.20145
-7.1925 3.47598
-7.19613 3.73203
-7.01634 3.74115
-7.02646 3.58528
-7.0182 3.43264
-6.87974 3.68491
-6.74855 3.50927
-6.98514 3.12916
-6.66946 3.20561
-6.57503 3.4782
-6.42623 3.41991
-6.6691 2.83935
-6.8582 2.92756
-6.87197 2.64214
-7.06471 2.75223
-7.24057 3.16726
-6.2099 3.3174
-6.23595 3.67345
-6.47403 3.71533
-6.25487 4.02082
-6.45812 3.97837
-6.64979 3.83486
-6.04191 3.9044
-6.0327 3.57351
-5.86404 3.79961
-5.84097 3.47891
-5.98519 3.17319
-5.71424 3.6888
-7.16983 3.99191
-7.37065 3.72717
-7.29519 4.00934
-7.04089 4.10688
-7.70916 3.13865
-7.76697 3.19622
-7.87824 3.17441
-7.51402 4.81874
-7.30999 5.16246
-7.38574 5.09526
-7.29513 5.36824
-7.13063 5.50914
-7.05688 5.78861
-7.18544 5.68579
-7.32823 5.49532
-7.50066 5.09569
-7.46621 5.0236
-7.46547 5.3182
-7.6335 4.9855
-7.81188 4.64267
-7.72851 4.85307
-7.86071 4.59926
-7.93863 4.41555
-7.91815 4.43198
-7.99019 4.37536
-7.91197 4.5288
-7.81636 4.72861
-7.8563 4.69346
-7.58457 5.19344
-7.98683 4.46475
-8.05289 4.31308
-8.10616 4.24225
-8.17662 4.04266
-8.19816 4.08124
-8.31069 3.80876
-8.39092 3.60536
-8.48603 3.43919
-8.57555 3.26297
-8.11434 4.30625
-8.16509 4.25286
-8.11512 4.37958
-7.92686 4.63032
-7.44221 5.44847
-7.31927 5.642
-7.47953 5.44249
-7.1882 5.78906
-7.08418 5.96189
-7.06316 5.93487
-6.39957 2.01707
-6.23424 2.2818
-6.16738 1.90136
-6.31183 1.65378
-6.11519 1.56613
-5.99229 1.7303
-5.91229 1.30181
-6.21842 1.23094
-5.96069 0.713714
-5.6888 0.877382
-5.69008 0.506974
-5.50148 0.55853
-5.43402 0.953495
-5.27518 0.567935
-5.12476 0.911452
-5.01169 0.539705
-5.19462 0.238136
-4.95022 0.123181
-5.17241 -0.00622394
-5.10017 -0.0987032
-5.22576 -0.19751
-5.36547 0.009761
-5.4173 -0.284896
-5.59048 -0.0814001
-5.84616 -0.171845
-5.77594 0.227543
-6.04738 0.271223
-6.14331 -0.0430678
-6.28055 0.234119
-6.44284 0.0670896
-6.47243 -0.136097
-6.50478 -0.296619
-6.70195 -0.0168358
-6.75269 0.322244
-6.99227 0.237008
-7.03955 0.57003
-6.81154 0.670035
-6.6424 0.74487
-6.52018 0.453889
-6.46131 0.71704
-6.2783 0.495871
-6.2635 0.813882
-6.12887 0.562715
-5.54836 0.235744
-5.37888 0.303986
-4.76834 -0.101679
-4.61964 0.197982
-4.40429 0.203197
-4.38706 0.496003
-4.68159 0.573308
-4.44744 0.749473
-4.22116 0.896009
-4.07489 0.549242
-3.936 0.914133
-3.73636 0.664054
-3.66351 1.15292
-3.48456 0.53459
-3.96251 1.28961
-3.68404 1.58274
-3.424 1.53512
-3.43829 1.95784
-3.21677 1.77558
-3.0048 1.75844
-3.71126 1.88822
-3.88158 1.6527
-3.9124 1.90529
-4.10959 1.59335
-4.2253 1.24047
-4.49836 1.05785
-4.33353 1.40303
-4.50391 1.44404
-4.73367 1.32692
-4.85989 0.929321
-5.00872 1.21598
-4.99459 1.00043
-5.2982 1.29706
-5.15148 1.54141
-4.93071 1.63749
-5.18325 1.94447
-4.89717 2.12183
-4.63223 1.77103
-4.60715 2.20524
-4.43802 2.01462
-4.35186 2.34331
-4.26955 2.06124
-4.34159 1.73933
-4.10947 1.95894
-4.10487 2.28132
-3.91063 2.195
-3.72993 2.13467
-3.73266 2.36627
-3.5982 2.08681
-3.88414 2.5018
-4.1139 2.62826
-4.38459 2.72624
-4.55537 2.51877
-4.66646 2.83037
-4.77425 2.50321
-4.89968 2.79463
-5.01923 2.54732
-5.133 2.96555
-5.26119 2.62359
-5.32412 2.31178
-5.13724 2.30234
-5.50826 2.08548
-5.3395 1.68254
-5.53763 1.59993
-5.6555 1.88877
-5.78895 1.72551
-5.64614 1.28286
-5.4846 1.27303
-5.76641 2.14688
-5.99214 2.12949
-5.09359 3.25121
-4.89903 3.11907
-5.01612 3.5195
-4.76646 3.32111
-4.67843 3.11631
-4.58497 3.26459
-4.47164 3.03683
-4.38298 3.27793
-4.63604 3.57152
-4.31942 3.50132
-4.35466 3.82389
-4.68773 3.99005
-4.9461 3.8705
-5.12241 3.82016
-4.93417 4.18152
-5.06897 4.31011
-5.16677 4.47536
-4.91998 4.45634
-4.88791 4.82201
-5.21652 4.82549
-5.38531 4.53617
-5.52622 4.72411
-5.70427 4.50589
-5.76237 4.69471
-5.62157 5.03838
-5.864 4.89129
-6.07844 4.83814
-5.93092 5.09412
-6.06952 5.10829
-6.26804 4.96114
-6.40156 4.66271
-6.49782 4.79827
-6.54004 4.52884
-6.62356 4.83371
-6.7645 4.80908
-6.62912 4.97052
-6.62981 5.16049
-6.68189 5.23298
-6.60382 5.4458
-6.39255 5.4701
-6.36648 5.81098
-6.52609 5.82882
-6.7113 5.72995
-6.55057 6.07609
-6.60257 6.21791
-6.44728 6.36861
-6.34622 6.37899
-6.25688 6.65889
-6.1398 6.61751
-6.08712 6.80161
-5.91706 6.89688
-6.01134 7.01025
-5.78828 7.16902
-5.66927 7.13978
-5.72203 6.91725
-5.50928 7.16407
-5.51499 6.99861
-5.7358 6.70234
-5.47225 6.83868
-5.73464 6.44786
-5.38992 6.64265
-5.17977 7.0049
-5.07924 6.87817
-5.19234 6.57959
-5.42633 6.38536
-5.34258 6.17983
-5.56469 6.16238
-5.6328 6.29019
-5.75348 5.99776
-5.64499 5.87754
-5.80256 5.80929
-5.93306 5.74457
-5.91815 6.03584
-6.14235 5.63103
-6.17005 5.87926
-6.30469 5.25752
-6.08168 5.36718
-6.39792 5.0223
-6.50354 5.07781
-5.99744 6.18152
-6.16222 6.11387
-6.3077 6.09943
-6.1327 6.31475
-6.22144 6.3586
-6.39031 6.1464
-5.98265 6.60529
-5.96404 6.39683
-5.85263 5.57814
-5.9603 5.29843
-5.81385 5.34156
-5.68884 5.58635
-5.63332 5.37321
-5.47293 5.74794
-5.29784 5.97187
-5.25386 5.78029
-5.39904 5.41632
-5.19364 5.56565
-5.22261 5.34182
-5.14692 5.46426
-5.08894 5.40036
-5.10131 5.17562
-4.89279 5.48411
-5.04956 5.58163
-4.88558 5.77022
-4.63236 5.85833
-4.59421 5.47816
-4.41077 5.80496
-4.29164 5.63613
-4.38993 5.28682
-4.10146 5.47656
-4.0467 5.8039
-3.86563 5.68254
-3.83595 5.97193
-3.73054 5.82889
-3.85736 5.36624
-3.5692 5.27496
-3.83421 5.03385
-3.61574 4.96388
-3.7834 4.67518
-3.50514 4.77068
-3.57405 4.5278
-3.35955 4.5498
-3.49 4.27803
-3.72432 4.34039
-3.68808 3.98198
-3.88404 4.17371
-4.01968 3.91988
-3.80871 3.59349
-3.49566 3.60214
-3.94183 3.26878
-4.09238 3.56022
-4.16573 3.31648
-4.17407 3.01578
-3.4006 3.96503
-3.17061 3.99257
-3.30212 4.21425
-3.35388 4.35862
-3.26101 4.38832
-3.19059 4.50722
-3.32011 4.81908
-3.11259 4.29665
-4.24808 4.09665
-4.47543 4.16633
-4.29049 4.35793
-4.5035 4.42515
-4.70848 4.30976
-4.65589 4.60788
-4.32729 4.67994
-4.51981 4.93456
-4.65773 5.13444
-4.86528 5.17222
-5.02422 4.99173
-5.35419 5.08201
-4.15632 5.08347
-4.03722 4.80626
-4.07344 4.52833
-3.90977 4.39374
-4.07469 4.24218
-3.40542 5.0309
-3.9954 6.08434
-4.19665 5.95402
-4.10176 6.26415
-4.34471 6.09857
-4.26227 6.40381
-4.49866 6.24524
-4.7944 6.1101
-4.58505 6.46314
-4.82088 6.43559
-5.08626 6.12002
-5.04903 5.82507
-5.02668 6.47329
-4.83149 6.64073
-4.87062 6.8272
-4.59796 6.76739
-4.58169 7.05889
-4.75019 7.11721
-4.90539 6.99715
-4.92502 7.12666
-4.67536 7.37067
-4.95752 7.31011
-5.25759 7.18238
-5.00287 7.53325
-4.72071 7.59449
-4.74591 7.81192
-4.51303 7.81007
-4.43829 7.64358
-4.40873 7.46535
-4.29471 7.60105
-4.17748 7.5355
-4.17786 7.7246
-3.99069 7.67898
-3.97489 7.53034
-4.09216 7.36038
-3.8783 7.3823
-4.01557 7.18482
-4.20325 7.15123
-4.34181 7.28703
-4.39612 7.04152
-4.54946 7.27146
-4.28216 6.90774
-4.12782 7.05565
-4.03643 6.9184
-4.23002 6.67883
-4.03479 6.5882
-4.39466 6.50463
-4.414 6.67148
-3.86675 7.80441
-4.01833 7.79212
-4.06782 7.90724
-4.30272 7.82537
-4.33769 7.96129
-4.54911 7.92756
-4.50655 8.04622
-4.31132 8.10351
-4.1523 8.05264
-4.12906 8.15179
-3.93724 8.07289
-3.79248 7.94093
-3.72202 8.0386
-3.60621 7.94911
-3.54402 8.0545
-3.39804 7.89856
-3.29682 8.01085
-3.16559 7.85151
-3.0434 7.92714
-3.02493 7.82677
-2.90619 7.79752
-2.72871 7.72159
-3.45667 8.11692
-3.61805 8.1672
-3.76228 8.13199
-3.81319 8.23002
-3.96866 8.19705
-4.46936 8.16036
-4.71356 8.08928
-4.66859 7.97211
-4.84035 7.91733
-4.9477 7.76445
-5.03526 7.82708
-5.12696 7.6313
-5.29022 7.37337
-5.30405 7.52577
-5.46621 7.34836
-5.39176 7.18267
-5.44741 7.52843
-5.60847 7.32035
-5.69006 7.38387
-5.83716 7.21373
-5.87959 7.27827
-6.10006 7.12293
-6.20742 6.87516
-6.34025 6.70602
-6.45802 6.50639
-6.44452 6.62865
-6.50948 6.66129
-6.32389 6.8526
-6.43049 6.86466
-6.56214 6.69927
-6.44709 6.91043
-6.57592 6.77693
-6.73938 6.57318
-6.81461 6.43888
-6.8736 6.4194
-6.70411 6.71046
-6.90113 6.46823
-7.0133 6.26929
-7.1279 6.12063
-7.11114 6.17981
-7.20207 6.05757
-7.825 4.95475
-9.1097 1.58448
-9.0728 1.63109
-9.0758 1.48444
-9.10172 1.35325
-4.92546 8.11998
-5.0602 8.12155
-5.11238 8.01623
-5.2946 7.98369
-5.25702 7.88585
-5.44836 7.79858
-5.33813 7.7436
-5.15253 7.88019
-5.23169 7.70812
-5.55361 7.60714
-4.96405 7.99336
-5.69074 7.62373
-5.74636 7.47532
-5.9175 7.38787
-5.95044 7.51296
-5.74413 7.69794
-5.54519 7.8231
-6.16976 7.4148
-6.15754 7.33895
-6.33821 7.19825
-6.29968 7.16651
-6.47058 6.98568
-6.40972 7.00763
-6.55685 6.98325
-6.73836 6.79756
-6.82917 6.61386
-6.46815 7.14524
-6.27537 7.07154
-6.16026 7.25803
-6.09389 7.26545
-6.04414 7.3688
-3.26907 7.81156
-5.77785 5.13934
-4.10004 0.264736
-4.24784 0.318952
-8.21509 2.11324
-8.23012 1.47815
-8.32641 1.32306
-7.73977 0.64032
-6.44832 -0.481207
-6.66546 -0.894615
-7.61794 -0.44313
-8.02434 -0.20887
-8.22379 -0.0993705
-8.2193 0.0835584
-8.37392 0.0940258
-8.39959 -0.032868
-8.50489 0.135956
-8.60218 0.185142
-3.33693 -0.386107
-4.99129 -1.40842
-4.9603 -1.38316
-2.49111 2.21904
-2.66967 2.34634
-2.53253 2.53102
-2.76359 2.56175
-2.96549 2.66461
-2.79032 2.7981
-3.02482 2.94922
-3.22043 2.76326
-2.86677 3.07355
-2.6143 2.95066
-2.51502 3.24065
-2.62557 3.59103
-2.35386 3.51452
-2.36875 3.97384
-2.16459 3.75709
-2.24257 4.1668
-2.0944 4.01034
-2.01259 3.8053
-2.10202 4.33238
-2.27982 4.53852
-2.47614 4.41556
-2.45854 4.87375
-2.23142 4.86933
-2.17478 4.58896
-2.07107 4.63514
-2.22367 5.26411
-2.40106 5.20913
-2.38517 5.57411
-2.55288 5.47289
-2.54682 5.19779
-2.63038 5.07076
-2.64836 4.8067
-2.8054 5.10742
-2.804 4.82064
-2.69711 5.35103
-2.89858 5.47134
-2.75144 5.76509
-3.04823 5.81769
-2.93059 6.12591
-3.10973 6.14366
-3.22577 6.39625
-3.06196 6.34271
-3.10094 6.61037
-3.29585 6.7884
-3.49378 6.81506
-3.43857 7.10481
-3.2406 7.13466
-3.34431 7.36487
-3.15873 7.36497
-3.09033 7.16713
-3.11096 6.92333
-2.96714 7.02208
-2.95463 7.29947
-2.79469 7.07443
-2.84194 6.84615
-2.95968 6.74213
-2.78448 6.55341
-2.94099 6.44701
-2.8235 6.29977
-2.69961 6.28607
-2.76169 6.101
-2.59614 6.04179
-2.54174 6.42838
-2.41237 6.11048
-2.35151 6.31015
-2.24384 6.11076
-2.22319 6.32381
-2.14769 6.181
-2.12447 6.03133
-2.1603 5.85663
-2.30639 5.85967
-2.21044 5.59484
-2.08029 5.63552
-2.00561 5.8376
-2.45278 5.86529
-2.55118 5.7416
-2.05119 6.08941
-1.89895 6.04823
-2.08622 6.25935
-1.99837 6.35173
-1.8305 6.23583
-1.77844 6.0599
-1.71625 6.2181
-1.80548 6.36131
-1.74617 6.37385
-1.85437 6.52668
-1.92529 6.45788
-2.00355 6.66467
-1.94947 6.73284
-2.15191 6.883
-2.15997 6.75467
-2.08412 6.57769
-2.27208 6.70599
-2.17244 6.46953
-2.34209 6.51427
-2.47684 6.76848
-2.68095 6.78665
-2.62215 6.97873
-2.65564 7.16946
-2.78017 7.2943
-2.48 7.01263
-2.29891 6.89668
-2.38246 6.85972
-1.73233 6.48352
-1.65419 6.30127
-2.16162 3.14808
-2.28271 3.05253
-2.21726 2.70927
-2.39579 2.92388
-2.3719 2.65779
-2.33356 2.44328
-1.82894 -0.90596
-1.94934 -0.96499
-1.96776 -1.0416
-1.91299 -1.05011
-2.07814 -1.06917
-2.266 -1.21966
-2.21404 -1.09586
-1.81994 -0.96198
-3.62722 -1.23335
-4.46158 -1.56333
-2.45853 -1.29808
-2.33289 -1.29331
-2.05513 -1.24839
-1.97717 -1.16351
-2.14336 -1.26612
-2.01627 -1.14052
-1.87947 -1.00478
-2.60291 -1.39653
-2.84513 -1.44962
-2.82563 -1.3985
-2.79565 -1.30436
-2.99797 -1.33422
-3.0295 -1.41379
-3.18694 -1.39171
-3.20637 -1.32544
-3.04717 -1.26171
-2.5172 -0.541485
-2.73939 -0.480647
-2.64444 -0.422952
-2.81203 -0.323998
-2.9623 -0.423701
-3.10457 -0.313887
-3.05795 -0.209365
-3.32447 -0.24508
-3.2224 -0.0992982
-3.50034 -0.15091
-3.46052 -0.048598
-3.21782 0.0358168
-3.01136 -0.00143571
-3.0082 0.106987
-2.8088 -0.0559522
-2.97173 -0.109625
-2.7733 -0.185413
-2.9109 -0.204977
-3.94135 -0.338633
-3.76403 -0.233207
-3.76383 -0.32816
-3.57185 -0.251826
-3.53606 -0.342512
-3.30596 -0.333834
-3.40406 -0.404665
-3.9901 -0.426546
-3.80379 -1.4773
-3.928 -1.5395
-4.27836 -1.62587
-4.08796 -1.60712
-4.10484 -1.66105
-3.87326 -1.59334
-3.67592 -1.53729
-3.60135 -1.56206
-3.43733 -1.51375
-3.29887 -1.50472
-3.22036 -1.44846
-3.05804 -1.44772
-2.93291 -1.42604
-3.05544 -1.46485
-3.25554 -1.49641
-3.49844 -1.54354
-3.36325 -1.52453
-3.65126 -1.59249
-3.81123 -1.63109
-3.87945 -1.66712
-4.04954 -1.6999
-4.32943 -1.65959
-4.01477 -1.69326
-3.854 -1.6567
-3.66215 -1.58841
-3.33673 -1.45918
-3.36659 -1.41111
-3.51195 -1.48256
-3.56841 -1.44753
-3.42221 -1.36442
-3.6217 -1.42233
-3.69956 -1.50013
-6.72436 -1.12116
-6.57731 -1.17424
-6.80476 -1.1002
-2.92977 -1.28395
-7.34786 -0.833742
-7.46671 -0.770761
-7.56072 -0.73454
-7.7492 -0.646011
-7.85236 -0.589768
-8.78038 0.184775
-8.87523 0.37936
-8.96243 0.564117
-7.99189 -0.426825
-8.94955 0.684023
-7.5457 -0.713822
-7.3467 -0.795166
-7.35002 -0.816268
-1.73672 -0.601769
-1.7379 -0.566821
-1.14304 2.81404
-1.22039 2.97193
-0.808311 2.31362
-0.834246 2.11295
-0.903761 2.02353
-5.2946 7.98369
-2.00355 6.66467
