2.00976 -0.108615
1.9381 0.0177158
1.85882 0.174265
1.76041 0.355859
1.68632 0.234754
1.55056 0.465526
1.62204 0.543518
1.43208 0.705007
1.33851 0.608149
1.22503 0.8611
1.00733 1.04092
0.734988 1.16037
0.980311 0.937297
1.09709 0.729985
0.840828 0.899309
0.929773 0.722868
0.717812 0.814532
0.586245 1.03479
0.495108 1.26668
0.301772 1.1674
0.280712 1.36957
0.0696259 1.47829
-0.152805 1.57221
-0.00752163 1.35105
-0.365438 1.4873
-0.375425 1.67427
-0.644362 1.68075
-0.901856 1.70132
-0.704845 1.49043
-0.989827 1.54919
-1.16048 1.67628
-1.594 1.66334
-1.41481 1.65941
-1.55399 1.53325
-1.24817 1.48778
-1.53074 1.33143
-1.1524 1.27702
-0.932272 1.39503
-0.854752 1.26941
-0.642503 1.2909
-0.587625 1.03461
-0.323599 1.20167
-0.125015 0.883809
0.0366106 1.09265
0.203407 0.833782
0.42331 0.89994
-0.221649 1.29883
0.469853 0.630525
0.645346 0.719949
0.890131 0.623662
0.763565 0.565165
0.91721 0.372495
1.19095 0.319992
1.11262 0.559575
1.30764 0.430206
1.26472 0.537603
1.46621 0.363731
1.4651 0.21167
1.65605 0.077097
1.83497 -0.00101525
1.85818 -0.236644
2.02286 -0.248101
2.07945 -0.474164
2.08467 -0.331841
2.13424 -0.604313
2.5601 -1.31931
2.43285 -1.10011
2.29363 -0.928375
2.19975 -0.752082
2.20206 -0.922647
2.30167 -1.14204
2.14862 -1.03969
2.07829 -0.766966
1.97976 -0.893148
1.92688 -0.64975
1.978 -0.520494
1.78141 -0.405956
1.80687 -0.675912
1.63373 -0.475135
1.66889 -0.793605
1.45673 -0.591339
1.54751 -0.928207
1.32703 -0.838526
1.29353 -0.552961
1.27758 -0.326998
1.11425 -0.478604
1.08993 -0.126884
0.929147 -0.223951
0.826138 -0.500588
0.7185 -0.138864
0.873198 0.0886716
0.647918 0.136083
0.68815 0.395248
0.465078 0.327359
0.643262 0.591066
0.189425 0.551916
0.274286 0.254743
0.437672 -0.000438869
0.107612 0.0706723
0.0678959 0.344991
-0.209077 0.284404
-0.252357 -0.144699
0.198115 -0.290383
-0.0441818 -0.417255
-0.294802 -0.580588
-0.604983 -0.357795
-0.710816 -0.0978222
-0.602853 0.213581
-1.04799 0.124521
-0.996428 -0.160941
-1.33943 -0.163373
-1.4963 0.158458
-1.29415 0.419196
-1.72324 0.486676
-1.82499 0.133152
-2.15234 0.218943
-1.98397 -0.136443
-2.3661 -0.203668
-2.50156 0.203643
-2.34157 0.386498
-2.45258 0.475299
-2.20307 0.637049
-2.5249 0.667122
-2.64251 0.450999
-2.71889 0.64195
-2.67222 0.834029
-2.93081 0.664042
-2.83683 0.954419
-2.5797 1.03541
-2.6577 1.12396
-2.47964 1.14037
-2.37336 1.06204
-2.26679 1.23023
-2.52036 1.24563
-2.43618 1.40555
-2.59882 1.3492
-4.73988 -1.57625
-4.83178 -1.72991
-4.7722 -1.78596
-4.92204 -1.89929
-4.84741 -1.99781
-4.72599 -1.92397
-4.64012 -1.75628
-4.59974 -1.86899
-4.69942 -2.03063
-4.63037 -2.06678
-4.70829 -2.20451
-4.66168 -2.31731
-4.54109 -1.99941
-4.57064 -2.28743
-4.47231 -2.1362
-4.40478 -1.7772
-4.37224 -2.04273
-4.44209 -2.36021
-4.3271 -2.22608
-4.35406 -2.56723
-4.23909 -2.30792
-4.22171 -2.53444
-4.11241 -2.33966
-4.13179 -2.09696
-4.23746 -2.09684
-4.17585 -1.85639
-4.02036 -1.87011
-4.02777 -1.58677
-4.1977 -1.54856
-4.03417 -1.32256
-4.12878 -1.2175
-3.97882 -1.03846
-3.83506 -1.27399
-3.79121 -0.918995
-3.86082 -0.673912
-4.07502 -0.829631
-4.09267 -0.625364
-4.1605 -0.68783
-4.08624 -0.525051
-4.27899 -0.842601
-4.19317 -0.934798
-4.28984 -1.05974
-4.37144 -1.10373
-4.38493 -1.00118
-4.53064 -1.35114
-4.49645 -1.13897
-4.63125 -1.46078
-4.573 -1.57749
-4.4531 -1.52127
-4.36865 -1.26518
-4.31267 -1.4094
-4.24008 -1.15153
-4.12812 -1.03246
-4.53779 -1.74881
-4.28944 -1.8294
-4.67328 -1.62939
-3.22446 1.1194
-3.36582 0.89157
-3.06187 1.02473
-3.10466 0.848276
-2.8442 1.13798
-3.02266 1.21659
-2.81049 1.28682
-2.68663 1.22927
-3.30721 0.718881
-3.1679 0.642077
-3.15102 0.454089
-2.95522 0.416379
-2.813 0.490618
-2.82043 0.170132
-2.65333 -0.113698
-2.86274 -0.256154
-3.02869 -0.113833
-3.07412 0.170797
-3.24678 -0.173876
-3.27824 0.156617
-3.38286 0.298705
-3.47453 0.0848826
-3.55983 0.193474
-3.68765 -0.059871
-3.68476 0.156044
-3.78511 0.0204491
-3.78168 0.222523
-3.89903 0.00247082
-3.64517 0.441132
-4.06593 -0.439092
-3.98749 -0.221261
-3.87875 -0.21041
-3.82501 -0.371654
-3.59226 -0.29387
-3.63593 -0.656023
-3.44138 -0.40347
-3.40861 -0.213055
-3.3895 -0.0656009
-3.3382 -0.482703
-3.20502 -0.451379
-3.12943 -0.272794
-3.0507 -0.39515
-3.14438 -0.703771
-2.93636 -0.619388
-2.6743 -0.506721
-2.82429 -0.87667
-2.61386 -0.857445
-2.40105 -0.632035
-2.08418 -0.490576
-2.1642 -0.828215
-1.80678 -0.746605
-1.6691 -0.390797
-1.30929 -0.709982
-1.35995 -0.418756
-1.06533 -0.39887
-0.777068 -0.630546
-0.816708 -0.419484
-0.834112 -0.286055
-0.87599 -0.981915
-0.471311 -0.924027
-0.101733 -0.93501
0.122251 -0.658067
0.26363 -1.07441
0.40332 -0.795974
0.636931 -1.0567
0.602112 -0.675756
0.378843 -0.550178
0.53557 -0.356198
0.815527 -0.837233
1.04789 -0.829868
0.961286 -1.14774
1.24515 -1.20275
1.57155 -1.31522
1.404 -1.55942
1.66355 -1.83773
1.76531 -1.6069
1.88526 -1.41412
1.70853 -1.09372
1.85105 -1.00164
2.06518 -1.23848
2.10038 -1.52914
2.22131 -1.50781
2.24679 -1.30598
2.36799 -1.56548
2.35571 -1.36612
2.43564 -1.35843
2.40703 -1.479
2.45856 -1.56393
2.55094 -1.55256
2.65211 -1.5726
2.94105 -2.32634
3.02411 -2.5621
2.98219 -2.59607
2.93112 -2.52282
2.8706 -2.352
2.8903 -2.56602
2.82636 -2.38889
2.79394 -2.21464
2.73177 -2.25361
2.70499 -1.98521
2.62117 -1.99551
2.58334 -2.13694
2.5132 -1.83849
2.56693 -1.76495
2.47562 -1.6825
2.36799 -1.56548
2.4005 -1.55735
2.31756 -1.68782
2.38895 -1.83022
2.33207 -1.93494
2.21611 -1.7327
2.23045 -1.9769
2.08492 -1.76614
2.13248 -2.14694
2.377 -2.30591
2.25821 -2.50498
2.08291 -2.46597
2.1974 -2.67927
2.0854 -2.77262
2.23688 -2.91642
2.29683 -2.75132
2.37084 -2.98215
2.40352 -2.70235
2.51748 -3.00564
2.54843 -2.68724
2.56131 -2.39753
2.45167 -2.08191
2.70448 -2.51304
2.63114 -2.60853
2.69824 -2.82126
2.80078 -2.75769
2.81554 -2.56246
2.89751 -2.80363
2.97749 -2.76594
2.98406 -3.04593
3.0552 -3.03674
3.04358 -2.7967
3.10538 -3.03734
3.09731 -2.78012
3.26157 -6.523
2.37786 -7.04987
2.2719 -7.11523
2.16729 -7.17755
2.41557 -7.20619
2.23015 -7.33473
2.45239 -7.33185
2.54893 -7.14641
2.50491 -7.00669
2.6271 -6.96923
2.74787 -6.92423
2.8644 -6.86818
2.92817 -6.80791
2.83981 -7.07695
2.97285 -6.96054
3.03467 -6.7401
3.04076 -6.87079
3.0112 -7.03883
3.09605 -6.97137
3.12689 -6.68095
3.17519 -6.90333
3.22921 -6.71909
3.19792 -6.61653
3.23608 -6.56746
3.2575 -6.69736
3.23639 -6.85776
3.28487 -6.7512
3.27535 -6.60848
3.28666 -6.46765
3.29906 -6.6071
3.27255 -6.76992
3.27303 -6.64599
3.28494 -6.47957
3.26396 -6.71589
3.23232 -6.57476
3.17247 -6.81154
3.17246 -6.5097
3.23619 -6.35878
3.20522 -6.22851
3.26488 -6.11725
3.28359 -6.24502
3.32352 -6.0478
3.3137 -6.22086
3.30954 -6.14551
3.30196 -5.87114
3.26078 -5.352
3.30362 -5.6813
3.26227 -5.50076
3.2775 -5.89323
3.21467 -5.92763
3.19527 -5.52502
3.23266 -5.35475
3.17193 -5.2101
3.23806 -5.18669
3.26246 -5.20669
3.26143 -5.06353
3.18498 -4.93588
3.22358 -4.61402
3.2762 -4.48605
3.32663 -4.75287
3.3274 -4.6293
3.32107 -4.90408
3.20131 -4.00343
3.22019 -4.17899
3.25831 -4.34927
3.15876 -4.26791
3.10818 -4.58066
3.01996 -4.1318
3.0083 -4.57185
3.08808 -4.96347
3.11196 -5.29493
3.03672 -5.23702
3.09286 -5.53623
3.12062 -5.86707
3.05339 -5.76066
3.00926 -5.53114
3.00076 -5.81137
2.93082 -5.63511
2.95769 -5.23937
2.9838 -4.9151
2.89819 -4.91654
2.92358 -4.59771
2.95143 -4.2973
2.84033 -4.26067
2.91665 -3.96097
2.95361 -3.61885
3.03923 -3.78775
3.10233 -3.95959
3.09732 -3.70145
3.17792 -3.82516
3.18311 -4.04054
3.14338 -3.62308
3.15177 -3.6239
3.13953 -3.41764
3.1002 -3.48429
3.11724 -3.35318
3.07765 -3.26886
3.0427 -3.52648
3.01475 -3.29729
2.94175 -3.2835
2.87469 -3.39302
2.8491 -3.63574
2.78967 -3.3726
2.84652 -3.07579
2.71354 -3.12772
2.62051 -2.95859
2.62239 -3.15086
2.68431 -3.39635
2.57517 -3.28051
2.58857 -3.57289
2.69034 -3.67943
2.76031 -3.64119
2.73891 -3.94306
2.82225 -3.87878
2.73786 -4.24493
2.77864 -4.56281
2.85105 -4.64544
2.82089 -4.8938
2.88112 -5.21939
2.79931 -5.17193
2.84443 -5.47038
2.86076 -5.74697
2.88341 -5.99951
2.95402 -6.05481
2.88252 -6.33646
2.97609 -6.41994
3.03635 -6.07429
3.05005 -6.3794
3.09729 -6.19038
3.14995 -6.0541
3.15744 -6.23028
3.10779 -6.47068
3.10222 -6.74647
3.01975 -6.6787
3.01994 -6.92354
3.07125 -6.99634
3.11337 -7.09704
3.21948 -6.9565
3.1239 -7.21761
3.18317 -7.10393
3.24078 -6.91674
3.20682 -6.98335
3.13192 -7.19603
3.132 -7.06279
3.09259 -7.05481
3.05777 -7.1883
3.06578 -7.29043
2.98064 -7.34944
3.01877 -7.18079
2.90208 -7.38149
2.91617 -7.20635
2.8059 -7.42354
2.79554 -7.30122
2.674 -7.31712
2.70026 -7.12791
2.59415 -7.22933
2.50796 -7.55961
2.19503 -7.51821
2.22861 -7.67998
2.40151 -7.75959
2.15368 -7.83126
2.27511 -7.88806
2.41552 -7.86083
2.56227 -7.72743
2.59064 -7.81134
2.7177 -7.67454
2.66853 -7.58673
2.79601 -7.53232
2.7008 -7.44995
2.54109 -7.66218
2.85947 -7.54994
2.75635 -7.70826
2.85573 -7.65416
2.97708 -7.48589
2.95956 -7.5784
3.06418 -7.40473
3.11023 -7.31512
3.02432 -7.48087
3.02468 -7.43082
2.92028 -7.61597
2.92228 -7.55182
2.84199 -7.68668
2.76659 -7.76644
2.81815 -7.72674
2.64096 -7.86181
2.71026 -7.79056
2.54175 -7.90269
2.38073 -7.95216
2.4042 -7.97661
2.4737 -7.95393
2.34164 -8.01073
2.36889 -7.99352
2.50889 -7.93798
2.4264 -7.96442
2.26033 -8.0172
2.30343 -7.98203
2.14556 -8.02863
2.16453 -7.97913
2.00513 -8.03007
2.00239 -7.98404
2.09833 -7.94618
2.23228 -7.92756
2.20475 -7.88107
2.33791 -7.87968
2.30398 -7.78192
2.13686 -7.79158
2.25158 -7.64597
2.41899 -7.66678
2.40622 -7.50954
2.51411 -7.55318
2.50588 -7.46087
2.48087 -7.37644
2.53167 -7.39539
2.56177 -7.30574
2.57895 -7.43254
2.67401 -7.2872
2.66816 -7.44993
2.76001 -7.38319
2.79183 -7.17669
2.7282 -7.1024
2.80075 -6.96594
2.7024 -6.91789
2.60261 -7.10601
2.57143 -6.85223
2.44161 -7.02416
2.43508 -6.74758
2.29827 -6.90027
2.30816 -6.65778
2.18641 -6.76811
2.18298 -6.44507
2.41934 -6.43522
2.32848 -6.05728
2.496 -6.14167
2.46988 -5.85896
2.31723 -5.58988
2.50788 -5.59478
2.41055 -5.2267
2.16736 -5.09426
2.0787 -5.45877
1.96021 -5.14772
1.91331 -4.80111
2.07689 -4.60001
1.80428 -4.3537
1.97206 -4.09389
2.19265 -4.4078
2.19436 -4.08425
2.32835 -4.41889
2.31023 -4.7769
2.42837 -4.65882
2.48774 -4.94387
2.53205 -4.67991
2.44859 -4.4141
2.55022 -4.42075
2.47661 -4.14451
2.35169 -4.09993
2.39992 -3.78254
2.54689 -3.90965
2.56857 -4.21245
2.6489 -4.17006
2.62521 -4.39088
2.6879 -4.48004
2.69259 -4.05838
2.65011 -3.88406
2.63071 -4.63489
2.72904 -4.84486
2.619 -4.94416
2.7079 -5.20236
2.77308 -5.40224
2.71008 -5.52336
2.59022 -5.31805
2.63177 -5.76763
2.72874 -5.79012
2.79471 -5.65136
2.79533 -5.96009
2.70947 -6.02819
2.76735 -6.23536
2.83077 -6.2012
2.8058 -6.38606
2.82863 -6.57583
2.89827 -6.58712
2.85323 -6.78182
2.93507 -6.71125
2.90791 -6.97191
2.76953 -6.74917
2.73342 -6.48033
2.65844 -6.6735
2.5992 -6.36518
2.69195 -6.25535
2.6294 -6.09664
2.56354 -5.9711
2.55194 -5.79777
2.57466 -6.14919
2.53945 -6.61776
2.4783 -3.60616
2.45951 -3.30488
2.38816 -3.48741
2.30261 -3.23907
2.30529 -3.52054
2.22302 -3.70995
2.20812 -3.3858
2.05097 -3.34787
2.14323 -3.10262
1.95108 -2.94758
1.85801 -2.52591
1.66146 -2.77581
1.85462 -3.13808
1.6749 -3.17921
1.89232 -3.4019
2.03469 -3.71422
1.78659 -3.59594
1.60073 -3.83987
1.45646 -3.31406
1.31429 -2.81003
1.12613 -3.01186
1.14692 -3.4408
0.826722 -2.94433
0.837008 -2.56922
0.516086 -2.60258
0.39988 -2.2447
0.628284 -2.08615
1.03377 -2.32095
0.838228 -1.84855
0.484956 -1.72789
0.551791 -1.43445
0.218494 -1.45233
0.192194 -1.82608
-0.175646 -1.45648
-0.215438 -1.78534
-0.646683 -1.56571
-0.549595 -1.22553
-0.255632 -1.15238
-0.00735092 -1.21409
-0.898375 -1.2623
-1.25017 -1.10815
-1.18438 -1.44051
-1.61635 -1.27917
-1.63526 -1.67586
-1.05909 -1.80085
-0.468823 -2.06184
-0.987315 -2.18067
-1.4402 -2.01089
-1.35199 -2.27927
-1.68744 -2.23559
-1.8938 -2.03579
-2.14521 -1.81777
-2.3082 -2.14344
-2.46784 -1.9605
-2.66897 -2.20983
-2.71853 -1.92646
-2.42993 -1.68406
-2.70652 -1.55996
-2.41884 -1.39675
-2.58426 -1.17052
-2.27102 -1.13446
-2.07003 -1.43199
-1.93054 -1.0651
-1.59265 -0.981741
-2.41641 -0.924235
-2.73561 -1.04455
-2.8948 -1.26813
-3.04785 -0.976074
-3.16223 -1.31682
-3.08924 -1.54988
-2.95167 -1.62366
-2.90019 -1.82084
-3.13431 -1.88636
-2.94773 -2.06377
-2.82315 -2.12865
-2.89966 -2.26548
-2.85216 -2.57398
-2.49153 -2.42513
-2.45318 -2.77232
-2.07595 -2.42282
-1.95396 -2.8923
-1.62594 -2.5296
-1.39434 -2.93565
-1.23996 -2.5377
-1.12277 -2.34527
-0.921798 -2.50368
-0.564606 -2.45868
-0.631922 -2.87864
-0.421363 -2.70864
-0.224671 -2.94155
-0.347563 -3.25855
0.0338268 -3.42969
0.0497608 -3.05495
-0.0151539 -2.7335
0.382182 -3.17089
0.2691 -2.67477
-0.0414991 -2.36923
-0.272757 -2.42591
0.0142479 -2.09061
0.227326 -2.37639
-0.292742 -2.63027
0.550762 -2.90384
0.755112 -3.19614
0.828099 -3.57315
1.12589 -3.80809
1.35688 -3.88809
1.54433 -4.1716
1.6026 -4.57781
1.27339 -4.19748
1.29991 -4.64021
0.935408 -4.34638
0.952868 -3.96007
0.547821 -3.88965
0.661497 -4.29939
0.42254 -4.33808
0.105384 -4.00378
-0.310261 -3.72863
-0.17664 -4.18638
0.0984774 -4.44133
-0.232314 -4.60155
-0.524609 -4.14301
-0.626139 -4.58019
-0.840994 -4.25429
-0.797845 -3.92287
-0.635114 -3.74167
-0.894133 -3.58276
-0.628252 -3.37886
-0.969442 -3.15209
-1.02745 -2.7805
-1.25416 -3.45773
-1.68831 -3.3204
-1.51313 -3.89053
-1.07204 -3.91893
-1.11017 -4.43175
-0.85815 -4.51397
-0.817606 -4.75238
-0.604987 -4.88555
-0.427213 -4.83818
-0.419768 -5.0944
-0.20618 -4.97206
-0.0285473 -4.88012
0.0811996 -4.7339
0.185616 -4.96003
0.384257 -4.75782
0.401445 -5.13571
0.747005 -5.06822
0.707262 -4.60691
1.03801 -4.82676
1.13258 -5.28932
1.36119 -5.03259
1.52145 -5.45159
1.60349 -5.14131
1.81575 -5.36623
1.75226 -4.98639
1.5332 -4.87451
1.75972 -5.65555
1.95685 -5.7131
2.16097 -5.81799
2.03414 -5.97552
2.15685 -6.1069
2.0082 -6.23929
1.96716 -6.5242
2.02497 -6.76744
1.752 -6.76824
1.83483 -6.37865
1.59383 -6.34419
1.80589 -5.99978
1.5417 -5.93401
1.6335 -5.74768
1.50904 -5.70866
1.31973 -5.71174
1.34336 -6.10284
1.14705 -5.91253
1.00597 -5.62062
0.88615 -5.36703
0.628767 -5.53365
0.896517 -5.97132
0.551767 -6.04145
0.784245 -6.20248
0.969126 -6.34486
1.13563 -6.17502
1.28731 -6.53537
1.53446 -6.64563
1.47304 -6.88973
1.59469 -7.12753
1.77283 -7.15109
1.91856 -7.00155
1.9148 -7.20352
2.10456 -7.06387
1.9904 -7.32188
2.1605 -7.34578
2.28652 -7.14426
2.30346 -7.30562
2.38252 -7.20881
2.48008 -7.22693
2.38737 -7.34914
2.27779 -7.45899
2.15061 -7.54428
2.05282 -7.68762
1.99109 -7.51571
1.79894 -7.68871
1.93987 -7.82746
2.05723 -7.89082
1.85689 -7.9371
1.69754 -7.84832
1.68372 -7.91228
1.52118 -7.931
1.4795 -7.86112
1.26462 -7.94047
1.32964 -8.01357
1.52085 -8.00455
1.37753 -8.06671
1.53814 -8.04258
1.42914 -8.09859
1.66987 -8.05862
1.68398 -7.99905
1.84885 -8.022
1.65621 -7.95476
1.84529 -8.06727
1.98542 -8.07446
1.81175 -8.09828
1.9734 -8.111
2.1141 -8.069
2.18413 -8.06004
2.0391 -8.08457
2.08891 -8.06796
2.26262 -8.02311
2.16511 -8.03282
2.23699 -7.97045
2.04012 -8.04578
2.10617 -7.96635
1.93157 -8.04025
1.88997 -7.91904
2.01499 -7.7557
1.79119 -7.80468
1.92289 -7.64509
2.09224 -7.65222
1.92225 -7.42137
1.78948 -7.59897
1.6407 -7.76529
1.35165 -7.9202
1.47722 -7.92226
1.35761 -8.02851
1.50413 -8.07287
1.24224 -8.09692
1.39325 -8.1191
1.04046 -8.14775
1.33347 -8.15145
1.01044 -8.17099
1.21471 -8.15925
1.44484 -8.15099
1.57807 -8.14728
1.73184 -8.14267
1.76798 -8.12506
1.58605 -8.12394
1.80887 -8.09531
1.61011 -8.09702
1.74403 -8.05455
1.96909 -8.09817
1.92875 -8.11505
1.60007 -8.11649
1.73173 -8.08333
1.35219 -8.14444
1.185 -8.1419
1.23779 -8.11026
0.980247 -8.12729
0.883349 -8.16313
1.14317 -8.15419
0.973686 -8.17034
1.24052 -8.16231
0.528341 -8.17718
0.672858 -8.18853
0.735022 -8.16228
0.421416 -8.18085
0.289242 -8.18612
0.0738058 -8.17596
-0.124515 -8.17409
0.120095 -8.17639
0.112353 -8.14777
-0.22438 -8.15869
-0.388683 -8.13713
-0.202376 -8.11651
-0.585524 -8.10531
-0.230162 -8.05063
0.0616083 -8.10867
0.208258 -8.05864
-0.0349426 -7.98528
-0.43245 -7.95711
-0.232216 -7.88392
-0.630952 -7.81005
-0.30526 -7.78434
-0.452755 -7.66982
-0.115859 -7.67161
-0.0347061 -7.81847
0.140697 -7.75722
0.256612 -7.85043
0.429769 -7.76001
0.549201 -7.86729
0.741831 -7.78898
0.841008 -7.8848
0.652944 -7.94452
0.956636 -7.95786
0.784467 -8.01402
1.08096 -8.02033
0.941077 -8.07294
1.16672 -8.07724
0.639637 -8.08413
0.704874 -8.13915
0.39122 -8.11492
0.540462 -8.15437
0.393703 -7.98239
1.08991 -7.88652
1.32909 -7.80847
1.03569 -7.79007
1.25183 -7.64454
0.928923 -7.64182
0.652341 -7.68559
0.675908 -7.52647
0.929044 -7.46312
0.773828 -7.29319
0.553186 -7.37327
0.530843 -7.19328
0.688532 -7.07087
0.911706 -7.04286
0.709201 -6.82287
0.970405 -6.7107
0.687982 -6.45297
0.471354 -6.67495
0.303466 -6.36147
0.246019 -6.03873
0.272876 -5.74821
0.0332489 -5.90429
0.0370827 -6.1389
-0.360056 -5.96117
-0.0670462 -6.40846
0.155348 -6.76483
-0.176026 -6.71564
-0.388639 -6.46362
-0.425412 -6.73843
-0.281189 -6.99672
-0.0687666 -6.87365
0.0136375 -6.99671
0.255852 -7.11092
0.475114 -6.94488
0.388408 -7.30719
0.204563 -7.32411
0.363089 -7.4807
0.00605583 -7.46099
0.212893 -7.6407
-0.323344 -7.52073
-0.293355 -7.30976
-0.010498 -7.2084
-0.657092 -7.19822
-0.514647 -7.41362
-0.758165 -7.44431
-0.559745 -7.54527
-0.744583 -7.62765
-1.03943 -7.52986
-1.01981 -7.7089
-0.9895 -7.84297
-0.804123 -7.94011
-1.1655 -7.92258
-0.956523 -8.03872
-0.607459 -8.02503
-0.92205 -8.11575
-0.783719 -8.14955
-1.08099 -8.14125
-1.08379 -8.16643
-0.643206 -8.16237
-0.909484 -8.17391
-0.675456 -8.18118
-0.427728 -8.18669
-0.439926 -8.18097
-0.249791 -8.14545
-0.451443 -8.16287
-0.670309 -8.18075
-0.942728 -8.17261
-0.949573 -8.1673
-1.2516 -8.15133
-1.20226 -8.15125
-1.49682 -8.12074
-1.66616 -8.10756
-1.8238 -8.09772
-1.54832 -8.12521
-1.93977 -8.09189
-1.87582 -8.09102
-2.22748 -8.05042
-2.21776 -8.04215
-2.51841 -8.00914
-2.37299 -7.99154
-2.05399 -8.0197
-2.21647 -7.94638
-1.92348 -7.97251
-1.93813 -7.88164
-2.37118 -7.85176
-2.10963 -7.75402
-1.69945 -7.75853
-1.9012 -7.58418
-1.40151 -7.61089
-1.5828 -7.42381
-1.97044 -7.34621
-1.59871 -7.22396
-1.88316 -7.07275
-1.49761 -7.00073
-1.77476 -6.75264
-2.1902 -6.88916
-2.24993 -7.17441
-2.49502 -7.02732
-2.55055 -6.69376
-2.14617 -6.55424
-2.42828 -6.28208
-2.08115 -6.22433
-1.84328 -6.4264
-1.87418 -6.25114
-1.69857 -6.21962
-1.89184 -6.09752
-1.761 -5.81902
-2.07294 -5.92925
-2.15802 -5.64255
-2.04595 -5.30124
-1.66656 -5.41607
-1.84891 -5.03836
-2.15229 -4.89658
-2.00043 -4.79115
-2.18709 -4.60906
-2.47627 -4.70382
-2.33966 -5.02583
-2.56918 -4.97836
-2.41896 -5.31827
-2.73182 -5.16771
-2.81418 -4.75893
-3.01149 -5.07405
-2.87632 -5.45011
-2.6337 -5.49438
-2.68502 -5.8735
-2.41391 -5.68185
-2.24186 -5.80694
-2.32186 -5.97157
-2.77025 -6.32609
-3.00122 -6.0492
-3.00038 -5.71253
-3.27085 -5.78231
-3.14505 -5.40668
-3.36576 -5.4068
-3.30111 -5.03602
-3.54529 -5.21188
-3.48918 -4.87885
-3.36902 -4.63673
-3.12675 -4.69084
-3.22367 -4.3355
-2.96632 -4.38473
-2.71475 -4.43859
-2.76935 -4.07796
-2.47316 -4.35612
-2.44086 -4.09716
-2.17658 -4.31923
-2.20345 -4.004
-2.53315 -3.79582
-2.22895 -3.6932
-2.47684 -3.5243
-2.27498 -3.38994
-1.94478 -3.56961
-2.04529 -3.24372
-2.32567 -3.09156
-2.58161 -3.25687
-2.55367 -3.02876
-2.78009 -2.9961
-2.83659 -3.27723
-3.00658 -3.15877
-3.06612 -2.90578
-3.25634 -3.15669
-3.24071 -2.89094
-3.19092 -2.66999
-3.41378 -2.84711
-3.38274 -2.50206
-3.12216 -2.30898
-3.36764 -2.15859
-3.36405 -1.87302
-3.54469 -2.00219
-3.48467 -1.65761
-3.26995 -1.6199
-3.34609 -1.39975
-3.49349 -1.31415
-3.68489 -1.54092
-3.63218 -1.21771
-3.48041 -0.996751
-3.64112 -0.955073
-3.47432 -0.69872
-3.32292 -0.729929
-3.28943 -1.06403
-3.87599 -1.66592
-3.78081 -1.81079
-3.65893 -1.82539
-3.7844 -2.10408
-3.60399 -2.35918
-3.80804 -2.4295
-3.95944 -2.37432
-3.98738 -2.11545
-3.89299 -1.91317
-4.09788 -2.61224
-3.93179 -2.653
-4.0699 -2.9279
-3.8784 -2.93287
-3.74438 -2.65624
-3.6644 -2.91847
-3.56676 -2.65437
-3.54112 -3.18042
-3.42977 -3.39393
-3.27549 -3.46444
-3.03036 -3.46901
-3.21606 -3.67304
-3.42238 -3.68176
-3.28422 -3.97351
-3.04062 -3.82793
-3.06782 -4.1069
-2.82843 -3.72895
-2.72418 -3.50561
-3.47604 -4.30402
-3.49251 -3.96987
-3.64854 -4.11677
-3.59778 -3.83356
-3.77417 -3.89966
-3.63678 -3.54559
-3.84528 -3.62719
-3.80692 -3.27395
-4.02115 -3.56167
-3.95205 -3.87569
-4.08307 -3.89304
-4.16912 -3.73819
-4.20503 -3.33933
-4.28956 -3.78175
-4.34921 -3.50999
-4.39346 -3.78107
-4.35741 -4.23182
-4.18916 -4.11574
-4.23114 -4.48523
-4.09719 -4.47961
-4.03298 -4.15742
-3.92656 -4.42218
-3.99965 -4.77609
-3.87686 -4.66958
-3.72753 -4.52401
-3.79944 -4.21368
-3.9032 -4.11512
-3.85022 -4.94529
-3.65405 -4.89928
-3.54886 -4.64167
-3.74437 -5.21198
-3.69199 -5.45099
-3.54237 -5.61303
-3.79519 -5.75254
-3.56775 -6.0784
-3.24901 -6.20943
-3.43689 -6.41944
-3.1872 -6.54241
-3.02583 -6.36283
-2.92094 -6.64387
-2.86663 -7.04583
-3.12251 -6.82169
-3.25774 -7.0713
-3.09389 -7.28399
-2.87088 -7.41786
-2.56936 -7.27641
-2.53505 -7.51955
-2.32132 -7.37602
-2.21716 -7.50698
-2.30365 -7.64473
-2.59035 -7.68459
-2.41065 -7.75196
-2.62574 -7.79152
-2.62937 -7.85127
-2.59748 -7.91789
-2.87485 -7.80895
-2.87885 -7.89682
-2.77888 -7.95553
-2.57577 -7.97315
-2.82079 -7.9827
-2.56747 -8.01831
-2.87546 -7.9989
-3.13475 -7.95599
-2.99599 -7.9512
-3.20653 -7.88579
-3.44539 -7.86917
-3.4195 -7.82499
-3.30553 -7.81274
-3.09425 -7.84912
-3.24147 -7.72691
-3.02197 -7.62222
-2.79669 -7.72122
-2.77883 -7.60634
-3.1384 -7.45542
-3.35535 -7.52507
-3.30074 -7.33907
-3.44044 -7.37918
-3.4771 -7.21766
-3.60178 -7.36254
-3.67705 -7.12383
-3.87781 -7.20477
-3.74571 -7.43507
-3.57402 -7.55453
-3.43533 -7.64513
-3.51338 -7.70767
-3.73637 -7.56966
-3.74308 -7.67065
-3.58235 -7.7846
-3.7412 -7.75944
-3.63047 -7.83692
-3.48798 -7.90042
-3.34512 -7.92964
-3.26283 -7.93586
-3.01914 -7.95679
-3.15609 -7.94206
-2.82401 -7.97276
-2.76886 -7.99314
-2.4834 -8.01656
-2.19538 -8.05819
-2.07258 -8.0698
-2.2663 -8.00771
-1.94359 -8.05599
-1.71487 -8.07934
-1.58702 -8.09944
-1.40826 -8.12659
-1.54756 -8.08039
-1.28428 -8.12004
-1.11053 -8.15391
-1.00567 -8.12638
-0.791848 -8.15571
-0.62558 -8.13836
-0.42327 -8.15102
-0.294143 -8.11064
-0.20474 -8.12953
-0.099823 -8.14588
0.210136 -8.1618
-0.0127802 -8.12751
0.356212 -8.12527
0.491999 -8.15644
0.698307 -8.13897
0.655232 -8.07875
0.852635 -8.11666
0.978962 -8.08728
0.896404 -8.00885
1.12787 -8.04138
1.16425 -7.98391
0.969872 -7.91286
1.19533 -7.86078
1.03584 -7.81897
2.03796 -7.25903
0.875634 -7.79983
0.7007 -7.78795
0.869897 -7.83113
0.742907 -7.87817
0.831963 -7.93485
0.718291 -7.9325
0.59831 -7.97298
0.52264 -7.87962
0.358496 -7.92622
0.215418 -7.75823
0.499023 -7.79458
0.364323 -7.75667
-0.010684 -7.81476
-0.241612 -7.8153
-2.62005 -7.75353
-2.35677 -7.76301
-2.46881 -7.83027
-2.64909 -7.83445
-2.49969 -7.89586
-2.72982 -7.87622
-2.6294 -7.93526
-2.43727 -7.94531
-2.28113 -7.94126
-2.29069 -7.9925
-2.07207 -8.00103
-2.09428 -8.01779
-1.88359 -8.03434
-1.80489 -8.03509
-1.61784 -8.04465
-1.80498 -8.01699
-1.49751 -8.02333
-1.68946 -7.95363
-1.34456 -7.98083
-1.55247 -7.89105
-1.15076 -7.92318
-0.998103 -8.02293
-0.770582 -7.98318
-0.66603 -8.0852
-0.460238 -8.05004
-0.389329 -8.09438
-0.202247 -8.05522
-0.156488 -8.1021
0.0672798 -8.09611
-0.0379305 -8.01896
0.147842 -8.03338
0.330105 -8.06074
0.24783 -7.99188
0.438265 -8.009
0.128555 -7.91217
0.0816164 -7.98751
-0.0782557 -7.9559
-0.301298 -7.98514
-0.286459 -7.91172
-0.101609 -7.87204
-0.488924 -7.8496
-0.50036 -7.91291
-0.700362 -7.82647
-0.912852 -7.80123
-1.44235 -7.79179
-1.12885 -7.78797
-0.890541 -7.8749
-1.75922 -7.80023
-1.89911 -7.86802
-2.07829 -7.76318
-2.20775 -7.83766
-2.038 -7.94001
-2.29838 -7.88609
-0.680942 -7.91586
-0.542705 -7.97148
-0.877835 -8.09753
-1.1773 -8.05484
-1.24288 -8.08264
-1.38278 -8.05773
-1.40986 -8.06602
-2.34976 -7.98586
-2.60154 -7.97493
-2.46842 -7.98025
-2.79344 -7.94185
-2.84488 -7.90565
-2.94686 -7.92016
-2.91497 -7.95286
-3.10467 -7.8954
-3.05001 -7.87206
-3.17485 -7.86449
-3.17012 -7.81827
-3.02616 -7.82181
-2.90373 -7.85151
-2.83433 -7.82691
-2.85573 -7.81438
-3.85032 -7.62346
-4.05838 -7.44306
-4.08591 -7.53158
-4.29159 -7.3547
-4.28292 -7.41356
-4.19304 -7.50125
-4.03074 -7.60718
-4.17469 -7.51624
-4.35375 -7.38074
-4.34331 -7.40918
-4.47648 -7.29408
-4.5147 -7.24896
-4.59112 -7.13956
-4.49731 -7.23407
-4.56684 -7.10837
-4.44221 -7.25339
-4.53014 -7.0908
-4.45481 -7.13698
-4.55731 -7.00031
-4.52113 -6.99422
-4.268 -7.30175
-4.95283 -6.38858
-4.88308 -6.51433
-4.90892 -6.52653
-4.84363 -6.67195
-4.77629 -6.67501
-4.74873 -6.82246
-4.80852 -6.79271
-4.68924 -6.95704
-4.77093 -6.89305
-4.68921 -7.01609
-4.62249 -7.11759
-4.64544 -7.06327
-4.75795 -6.91778
-4.7251 -6.93351
-4.62568 -7.04592
-4.55938 -7.17164
-4.5156 -7.15724
-4.59059 -7.00234
-4.69984 -6.90418
-4.64311 -6.84832
-4.73058 -6.68834
-4.75345 -6.80112
-4.80951 -6.61626
-4.78403 -6.81252
-4.83975 -6.74744
-4.91173 -6.48485
-4.88707 -6.61793
-4.94703 -6.40764
-4.96221 -6.28278
-4.93863 -6.30716
-4.8779 -6.27981
-4.96427 -6.08952
-4.95743 -5.88513
-4.86199 -6.01106
-4.79474 -6.39787
-4.78018 -6.24592
-4.71843 -6.43908
-4.65466 -6.6939
-4.62467 -6.4618
-4.57247 -6.72614
-4.57229 -6.8851
-4.50385 -6.86533
-4.51879 -6.63911
-4.43567 -6.77765
-4.39253 -6.97925
-4.4648 -7.07437
-4.2516 -7.21915
-4.25944 -7.01208
-4.16755 -7.14761
-4.16001 -7.02524
-4.2108 -6.81281
-4.34591 -6.80932
-4.30344 -6.66885
-4.22168 -6.49314
-4.39979 -6.52044
-4.32896 -6.36671
-4.26874 -6.20564
-4.12063 -6.20507
-4.18149 -6.00035
-4.02784 -5.90926
-4.148 -5.72806
-3.97798 -5.56274
-4.08951 -5.51467
-4.05311 -5.22793
-3.8881 -5.28772
-4.18438 -4.8573
-4.26252 -5.29057
-4.16667 -5.49128
-4.26029 -5.62109
-4.30287 -5.91664
-4.39663 -5.60382
-4.44122 -5.9681
-4.37662 -6.21071
-4.47395 -6.23363
-4.53244 -6.38873
-4.59792 -6.18766
-4.6412 -6.2485
-4.69352 -6.25573
-4.66543 -6.05692
-4.7282 -6.03772
-4.7375 -6.22347
-4.77305 -6.07942
-4.80649 -5.83616
-4.90993 -5.58516
-4.97373 -5.57327
-4.97813 -5.17595
-4.90413 -5.23505
-4.83343 -5.51581
-4.84713 -5.24956
-4.77848 -5.4103
-4.7484 -5.74909
-4.70336 -5.51307
-4.7385 -5.25139
-4.67329 -5.25078
-4.74588 -4.88348
-4.62836 -4.97278
-4.65422 -4.42489
-4.53521 -4.75094
-4.5634 -4.40877
-4.49451 -4.3541
-4.40894 -4.70338
-4.43117 -5.14576
-4.53433 -5.13633
-4.51817 -5.42542
-4.32396 -4.9555
-4.53343 -5.74548
-4.61193 -5.52372
-4.64437 -5.8399
-4.54832 -6.04142
-4.54695 -6.22136
-4.58899 -5.28167
-4.30797 -4.66449
-4.47329 -3.92234
-4.57043 -4.08587
-4.53662 -3.62776
-4.63282 -3.82927
-4.71438 -4.0341
-4.74612 -4.43346
-4.8023 -4.21214
-4.81499 -4.59126
-4.86082 -4.47164
-4.85972 -4.8952
-4.79481 -5.14886
-4.90275 -4.60264
-4.93823 -4.87487
-4.9629 -4.46074
-5.02546 -4.71796
-5.03908 -5.00949
-5.05311 -5.23523
-5.08455 -4.90781
-5.2058 -5.19981
-5.19543 -4.93792
-5.24592 -5.09277
-5.28275 -4.96691
-5.29042 -4.99181
-5.16164 -5.34379
-5.15234 -5.50701
-5.14291 -5.4802
-5.11287 -5.65311
-5.11223 -5.55886
-5.06633 -5.82994
-5.06924 -5.80831
-5.02221 -6.06749
-5.03093 -5.81529
-5.00924 -6.23415
-5.0459 -5.97627
-4.98254 -6.24552
-4.98877 -6.25134
-5.00947 -6.1517
-5.01223 -6.11512
-5.39446 -4.34648
-5.33945 -4.42704
-5.34112 -4.29234
-5.2933 -4.50563
-5.33367 -4.58936
-5.21988 -4.37941
-5.28146 -4.1814
-5.21624 -4.02769
-5.28616 -3.86958
-5.2124 -3.71797
-5.31245 -3.53892
-5.22398 -3.39945
-5.16226 -3.50852
-5.15133 -3.79352
-5.18103 -3.91193
-5.15062 -4.12175
-5.10088 -3.94742
-5.11566 -3.57295
-5.06658 -3.58032
-5.06112 -4.00432
-5.08469 -4.16546
-5.07176 -4.42658
-5.08058 -4.37466
-5.09647 -4.59262
-5.01706 -4.16927
-5.14059 -4.69585
-5.13578 -4.41816
-5.17197 -4.55324
-5.20342 -4.76373
-5.25347 -4.66227
-5.34202 -4.72192
-5.33258 -4.84
-5.12756 -4.40145
-5.11857 -4.40529
-5.12291 -4.41885
-5.02028 -3.74022
-4.97245 -3.75309
-4.97655 -3.36526
-4.91588 -3.42385
-4.91706 -3.11888
-4.84363 -3.09368
-4.87103 -2.79403
-4.7501 -2.7156
-4.77875 -2.44756
-4.64972 -2.5983
-4.72482 -3.11679
-4.53713 -2.80261
-4.6085 -3.33802
-4.70224 -3.57162
-4.76419 -3.47267
-4.78332 -3.77653
-4.83568 -3.50367
-4.84721 -3.95648
-4.85642 -4.22386
-4.89575 -4.23492
-4.91854 -3.81637
-4.95753 -4.08493
-4.48926 -3.2125
-4.40595 -2.91504
-4.368 -3.2079
-4.25322 -2.86286
-4.00905 -3.20093
-4.44774 -3.52067
-4.53886 -2.43149
-4.88375 -2.49628
-4.97827 -2.77233
-4.94781 -3.0164
-5.03043 -3.11969
-5.09041 -3.32044
-5.08523 -3.03564
-5.12655 -3.30405
-5.16705 -3.28339
-5.14218 -3.12111
-5.21416 -3.09922
-5.28885 -3.2669
-5.3428 -2.99725
-5.24739 -2.7426
-5.13638 -2.89536
-5.1061 -2.6506
-5.04955 -2.73107
-4.95457 -2.50132
-5.03089 -2.53818
-4.98201 -2.33971
-4.88289 -2.28546
-4.8691 -2.35078
-4.7918 -2.24775
-4.80438 -2.10881
-4.89701 -2.16747
-5.00396 -2.10331
-5.08153 -2.31033
-5.07018 -2.47159
-5.16465 -2.522
-5.45102 -3.25668
-5.37385 -3.30789
-5.49698 -3.483
-5.37293 -3.74224
-5.4311 -3.80205
-5.35764 -4.02371
-5.42178 -4.0117
-5.38918 -4.27524
-5.42953 -4.11844
-5.46584 -3.99803
-5.46166 -3.85536
-5.47871 -3.8745
-5.49458 -3.74663
-5.47558 -3.70034
-5.49662 -3.61433
-5.46874 -4.10301
-5.40485 -4.20435
-5.05969 -5.54517
-5.15195 -5.33544
-3.82187 -5.45837
-3.89657 -6.17501
-4.06761 -6.43021
-3.89417 -6.52539
-3.72714 -6.33993
-3.59617 -6.35103
-3.63695 -6.59197
-3.36661 -6.73803
-3.55027 -6.93886
-3.84601 -6.83618
-3.94446 -6.67083
-4.05868 -6.65762
-4.04584 -6.95377
-4.06905 -7.13304
-4.05993 -7.27464
-3.90091 -7.42363
-4.04934 -7.42992
-3.8832 -7.547
-3.96141 -7.59341
-4.17406 -7.42695
-4.36406 -7.283
-4.26063 -7.42566
-4.09383 -7.52753
-4.12461 -7.54495
-3.953 -7.65877
-3.96005 -7.68853
-3.79615 -7.77159
-3.79437 -7.77188
-3.66124 -7.84131
-3.71287 -7.80006
-3.42769 -7.87431
-3.76802 -7.7765
-3.63003 -7.78817
-3.37055 -7.86404
-3.28448 -7.82519
-3.88741 -7.6694
-3.85743 -7.69682
-3.9665 -7.65302
-3.83834 -7.73995
-4.15036 -7.54032
-4.31958 -7.42522
-4.43875 -7.30127
-4.12902 -6.52661
-4.62668 -6.95367
-4.65325 -6.82716
-3.00076 -7.92298
-1.91288 -3.9248
-1.68028 -4.17366
-1.45221 -4.35148
-1.63293 -4.45051
-1.90238 -4.25171
-1.81495 -4.6737
-1.33127 -4.78017
-1.46181 -5.17793
-0.908933 -5.39109
-1.27376 -5.73222
-0.840184 -5.91922
-1.02704 -6.14653
-0.702604 -6.28912
-0.636753 -6.59382
-1.03304 -6.55191
-0.675995 -6.85826
-1.07695 -6.98893
-1.06012 -7.30432
-1.30894 -7.17056
-1.36923 -6.76784
-1.35911 -7.31444
-1.28173 -7.43863
-1.50603 -6.49255
-1.36977 -6.17281
-0.427253 -5.41806
-0.691554 -5.09362
-0.142326 -5.2694
-0.0631819 -5.61864
0.199736 -5.36364
0.213576 -5.14204
0.0393171 -5.10255
-0.970868 -4.90655
-1.30202 -7.79785
-1.53315 -7.88615
-1.38179 -8.00449
-1.69671 -7.94909
-1.68477 -8.03934
-1.42206 -8.06248
-1.19751 -8.08738
-1.41422 -8.1199
0.467865 -7.63417
1.20694 -7.0028
1.05379 -7.28052
1.27095 -7.28392
1.16088 -7.47217
1.46503 -7.39931
1.41173 -7.16026
1.65574 -7.29167
1.77055 -7.41764
1.54072 -7.64148
1.57277 -7.77585
0.389318 -7.92056
0.113136 -7.91775
0.872909 -1.46366
1.09538 -1.77058
1.16061 -1.5101
1.3849 -1.89238
1.2116 -2.11195
1.54738 -2.30205
1.58548 -2.06955
1.72237 -2.19173
1.90577 -2.17218
1.91665 -1.82802
1.35793 -2.47474
2.85901 -7.2619
2.95349 -7.12528
2.90321 -7.32309
3.00061 -7.18721
2.98738 -7.3349
2.87123 -7.4771
2.79255 -7.64115
2.79328 -7.4794
2.69574 -7.6321
2.68242 -7.53792
2.57879 -7.65716
2.63355 -7.77385
2.46177 -7.79147
2.45361 -7.90354
2.60794 -7.87422
2.7391 -7.76455
2.30516 -7.93266
2.59892 -7.53425
3.11775 -3.22887
3.30466 -6.31222
3.30087 -6.39671
2.46354 -1.88912
2.63904 -1.74287
2.74155 -1.83467
2.85218 -2.08365
-1.68079 -0.0798577
-3.50857 0.666645
-3.45662 0.578468
-3.32872 0.51392
-3.49788 0.385552
-3.61396 0.289839
-3.68234 0.27696
-4.28153 -2.00634
-2.10171 1.55684
-1.93299 1.57676
-1.77349 1.59935
-1.7632 1.45978
-1.94558 1.41944
-1.84608 1.31906
-1.78258 1.17501
-1.36969 1.05598
-1.79721 0.872391
-2.12221 1.01388
-2.01208 1.21251
-2.04266 1.32197
-2.1429 1.42824
-2.42068 0.896963
-1.51136 0.776201
-1.39242 0.625546
-1.22612 0.787367
-0.944566 0.903686
-0.978398 1.13368
-0.572543 0.628216
-0.340466 0.791764
-0.143995 0.583488
-0.93069 0.458404
-0.959812 0.68701
-1.16137 0.602757
-2.27423 1.48942
1.07148 0.142719
1.26047 -0.0199563
1.44807 0.0169369
1.63433 -0.0923768
1.59952 -0.214133
1.45014 -0.256828
-0.451608 1.35367
