2.14001 -6.52794
1.92727 -6.55906
2.16983 -6.5637
2.02682 -6.60974
2.2071 -6.61476
2.09224 -6.6528
1.92537 -6.6417
1.8382 -6.59123
1.6181 -6.56789
1.67309 -6.55081
1.46735 -6.46969
-0.078702 -6.17106
0.149864 -6.25564
-0.0286818 -6.25655
0.220001 -6.33979
0.0369349 -6.32726
-0.226232 -6.21681
-0.146271 -6.27991
-0.422844 -6.16295
-0.196651 -6.2891
0.0901604 -6.38539
0.0406256 -6.37185
-0.133549 -6.31374
0.0184107 -6.36169
-0.20824 -6.28645
-0.109923 -6.28832
0.082056 -6.31488
-0.134027 -6.24115
-0.279557 -6.22725
-0.314065 -6.14988
-0.46704 -6.14015
-0.392604 -6.21163
-0.308574 -6.24588
-0.444619 -6.19452
-0.454134 -6.1749
-0.589243 -6.09824
-0.716338 -6.0122
-0.659488 -6.01219
-0.867543 -5.88263
-0.75062 -5.9103
-0.499782 -6.06307
-0.619469 -5.97038
-0.688339 -5.89331
-0.857031 -5.74231
-0.509274 -5.98935
-1.94109 -3.70745
-1.95582 -3.63511
-1.90924 -3.7147
-1.94431 -3.55088
-1.88944 -3.6099
-1.85408 -3.79513
-1.86138 -3.881
-1.8783 -3.86592
-1.8301 -4.00639
-1.80532 -4.04542
-1.80532 -4.09222
-1.80677 -4.12581
-1.8205 -4.04728
-1.76884 -4.28208
-1.78141 -4.20505
-1.73741 -4.4003
-1.75137 -4.2846
-1.68303 -4.4957
-1.70306 -4.3589
-1.63772 -4.58421
-1.60741 -4.56471
-1.57961 -4.72389
-1.6036 -4.73153
-1.5305 -4.89056
-1.53223 -4.7869
-1.48307 -4.94955
-1.52677 -4.75203
-1.44856 -4.92385
-1.39208 -5.14788
-1.3203 -5.11087
-1.24559 -5.35553
-1.14813 -5.3631
-1.04362 -5.58423
-1.1579 -5.50977
-1.32286 -5.33495
-1.23668 -5.47769
-1.37733 -5.31759
-1.28213 -5.45729
-1.38506 -5.2841
-1.29723 -5.40965
-1.37368 -5.24509
-1.2505 -5.41815
-1.15937 -5.60572
-1.12431 -5.60955
-1.03081 -5.73431
-0.968671 -5.81654
-0.983844 -5.72401
-1.04614 -5.7309
-0.902717 -5.88177
-0.788212 -5.97162
-0.921906 -5.82237
-0.744222 -5.96786
-0.632868 -6.03167
-0.521102 -6.04218
-0.641993 -5.97554
-0.76438 -5.89541
-0.637284 -5.9235
-0.844083 -5.7773
-0.919784 -5.75045
-1.03701 -5.66955
-1.09235 -5.63221
-1.1578 -5.57655
-0.907537 -5.64427
-0.730136 -5.79043
-0.799869 -5.64791
-0.635116 -5.76265
-0.665283 -5.63119
-0.447632 -5.76243
-0.496098 -5.89392
-0.2658 -5.92137
-0.303054 -5.99873
-0.167684 -6.02205
-0.153775 -6.10976
-0.00142097 -6.06665
-0.0846024 -5.97673
0.0802155 -5.99296
0.212703 -6.07447
0.285482 -5.91752
-0.00235653 -5.90209
0.0427284 -5.74108
0.357551 -5.63448
0.124777 -5.53803
0.302202 -5.31391
0.0313807 -5.33386
0.155788 -5.03122
0.410747 -4.96324
0.467546 -5.19018
0.603253 -5.04373
0.563958 -5.34937
0.78988 -5.12739
0.806064 -4.74736
0.593211 -4.79216
0.659833 -4.50444
0.875999 -4.31666
1.06811 -4.50189
1.04829 -4.89749
1.23861 -4.62654
1.30725 -4.85577
1.44639 -4.55412
1.3174 -4.28032
1.54917 -4.27417
1.69055 -4.45786
1.76564 -4.06583
1.51007 -3.96349
1.67829 -3.55213
1.43766 -3.657
1.42772 -3.30825
1.26288 -3.5335
1.17257 -3.1165
1.0285 -3.54236
0.942136 -3.20306
0.949324 -2.93334
0.697911 -3.09005
0.806502 -2.83209
0.608462 -2.72709
0.385476 -3.01531
0.251616 -2.6767
0.471518 -2.48462
0.680246 -2.43188
0.489106 -2.25548
0.682811 -2.20873
0.538751 -1.95725
0.829799 -2.07601
0.771775 -1.70128
0.473607 -1.5502
0.69924 -1.33083
0.516834 -1.25751
0.595203 -1.03827
0.814737 -0.976397
0.897099 -1.28795
0.984365 -1.08474
1.04574 -1.26737
1.01291 -1.54884
1.19093 -1.32371
1.14076 -1.05094
1.35526 -1.0395
1.36563 -1.4081
1.51341 -1.20797
1.58472 -0.873024
1.42057 -0.662505
1.56987 -0.543994
1.45485 -0.364581
1.29263 -0.43238
1.34644 -0.211156
1.20154 -0.168547
1.31985 -0.0276562
1.45251 -0.109542
1.41008 0.134992
1.19103 0.154088
1.34167 0.391846
1.12918 0.445343
1.24919 0.608726
1.48309 0.576085
1.3854 0.752524
1.11501 0.764361
1.33505 0.906525
1.07551 0.921256
0.8491 0.81081
0.907835 0.949646
1.04196 1.02866
1.2334 1.01656
0.845012 1.04614
0.571942 0.940638
0.215414 0.706614
0.404105 0.785689
0.578172 0.768027
0.747392 0.909224
0.677409 0.669712
0.865671 0.622461
0.618181 0.497873
0.785671 0.390065
0.962012 0.489385
0.965931 0.274655
1.0626 0.607429
0.761179 0.116745
0.971039 -0.0825385
1.07026 -0.467086
0.860978 -0.395096
0.723155 -0.195607
0.623156 -0.60817
0.887719 -0.657364
1.0243 -0.82878
1.22434 -0.746675
0.515114 -0.263215
0.579284 -0.0204373
0.525038 0.221869
0.353512 -0.0748498
0.179511 0.130058
0.380629 0.396109
0.481281 0.587384
0.310843 0.500995
0.16249 0.353846
0.193799 0.491853
0.328941 0.6312
0.117582 0.545992
0.0417213 0.398748
-0.129412 0.286623
-0.235517 0.211996
-0.22887 0.114388
-0.0247126 0.249976
0.0648403 0.216157
-0.0625792 0.0940424
-0.0986977 -0.108772
0.0992069 -0.159583
-0.147293 -0.346723
-0.400258 -0.347083
-0.27033 -0.0772188
-0.442496 -0.191051
-0.546274 -0.322439
-0.67882 -0.524385
-0.620772 -0.705526
-0.364227 -0.535019
-0.434322 -0.73479
-0.199247 -0.587383
0.0833044 -0.420291
-0.0391512 -0.780055
0.297002 -0.635093
0.322691 -0.326238
0.445611 -0.443762
0.218149 -0.225874
0.421122 -0.937397
0.471647 -1.11827
0.337808 -1.24525
0.154862 -1.0068
0.108407 -1.3119
0.192603 -1.56042
0.293037 -1.80949
0.0316124 -1.89084
-0.0933523 -1.57153
-0.259695 -1.93267
-0.357601 -1.71069
-0.306921 -1.4277
-0.58316 -1.64389
-0.497338 -1.31749
-0.783277 -1.44506
-0.803772 -1.69152
-0.786716 -1.93995
-0.908431 -1.80994
-0.981795 -1.99634
-0.931801 -2.24543
-0.754916 -2.21046
-0.845448 -2.53222
-0.637788 -2.33241
-0.641239 -2.61642
-0.425349 -2.28522
-0.434693 -2.56591
-0.544455 -2.82817
-0.289701 -2.70017
-0.445471 -3.03694
-0.690465 -3.13072
-0.578963 -3.36424
-0.290473 -3.26411
-0.448175 -3.55257
-0.252471 -3.53906
-0.367443 -3.85493
-0.0540972 -3.666
-0.073431 -3.37358
0.222776 -3.37132
0.249663 -3.82504
0.540435 -3.48451
0.464416 -3.22839
0.0274496 -3.05049
0.802695 -3.39193
0.758969 -3.7061
0.931901 -3.9299
1.11357 -3.82676
1.18017 -3.69265
1.28178 -3.87303
1.10305 -4.12063
0.67062 -4.11691
0.531805 -3.85054
0.398502 -4.16406
0.50206 -4.40508
0.489153 -4.65624
0.26125 -4.59543
0.158298 -4.22263
-0.0633535 -4.47134
0.0124435 -4.80289
-0.120991 -5.07992
-0.187443 -4.77255
-0.320822 -4.95786
-0.401698 -5.20467
-0.181445 -5.34614
-0.10632 -5.55664
-0.300529 -5.45705
-0.314208 -5.63153
-0.142328 -5.70111
-0.181635 -5.80665
-0.528541 -5.59665
-0.489365 -5.44627
-0.714108 -5.44607
-0.847439 -5.5018
-0.882559 -5.36584
-0.982558 -5.34628
-0.987283 -5.48334
-1.10875 -5.25644
-1.22641 -5.13676
-1.19985 -5.00173
-1.06946 -5.16027
-1.10336 -4.94412
-0.99976 -5.11838
-0.968939 -5.25284
-0.871173 -5.22749
-0.961066 -4.98138
-0.800552 -5.08533
-0.661437 -5.25506
-0.647144 -5.04267
-0.498639 -4.9369
-0.647387 -4.83667
-0.817283 -4.87563
-0.742855 -4.70461
-0.853696 -4.67458
-0.965909 -4.75101
-1.06396 -4.8042
-1.14971 -4.70643
-1.20516 -4.80249
-1.23652 -4.59064
-1.28756 -4.74827
-1.31435 -4.92129
-1.39242 -4.62424
-1.39792 -4.85335
-1.49915 -4.64453
-1.4809 -4.31249
-1.38158 -4.30277
-1.32022 -4.5165
-1.25206 -4.27238
-1.33309 -3.95116
-1.42833 -4.06251
-1.43678 -3.71723
-1.50836 -3.96686
-1.57694 -4.10819
-1.57788 -4.37984
-1.65424 -4.15894
-1.63597 -4.40065
-1.69248 -4.27494
-1.57063 -4.56008
-1.73251 -4.02006
-1.75546 -4.0951
-1.78128 -3.88283
-1.80875 -3.89225
-1.75682 -4.1953
-1.84525 -3.6639
-1.76746 -3.75002
-1.81835 -3.46596
-1.7629 -3.55154
-1.69874 -3.70838
-1.72017 -3.48086
-1.67624 -3.58443
-1.62723 -3.66714
-1.63835 -3.91398
-1.57744 -3.81692
-1.59299 -3.46104
-1.52658 -3.68404
-1.50649 -3.40643
-1.41498 -3.39458
-1.30975 -3.49955
-1.36639 -3.21359
-1.27424 -3.1014
-1.1404 -3.24622
-1.18446 -3.5808
-1.04597 -3.55287
-0.907894 -3.15329
-0.827834 -3.46076
-0.957191 -3.80382
-0.682659 -3.75376
-0.87996 -4.07739
-0.641344 -4.16681
-0.854427 -4.32178
-1.0207 -4.33704
-0.932675 -4.53328
-0.750165 -4.49167
-1.06143 -4.60528
-1.15701 -4.46622
-1.1285 -4.24927
-1.15713 -4.05633
-1.04285 -4.07783
-1.0806 -3.91101
-1.06167 -3.77475
-1.14945 -3.8089
-1.23821 -3.97818
-1.24005 -3.76836
-0.560998 -4.41675
-0.348107 -4.28641
-0.441191 -4.5223
-0.285529 -4.55797
-0.0731716 -4.05341
-0.407187 -4.74174
-0.591193 -4.64226
-0.540272 -4.79157
-0.731894 -2.91749
-0.831119 -2.82978
-1.0007 -2.88424
-1.07942 -2.58054
-1.15241 -2.92232
-1.25135 -2.77512
-1.36342 -2.95036
-1.37636 -2.63929
-1.45223 -2.8563
-1.45408 -3.1369
-1.56044 -3.0264
-1.52029 -2.78347
-1.5643 -2.65362
-1.66976 -2.81573
-1.64125 -3.15139
-1.73932 -2.95211
-1.74619 -2.64087
-1.82621 -2.85524
-1.87381 -2.64308
-1.90004 -2.84551
-1.95182 -3.00832
-1.8577 -3.02209
-1.89723 -3.1745
-1.83126 -3.22386
-1.87272 -3.3187
-1.86393 -3.4506
-1.9162 -3.34409
-1.89767 -3.50221
-1.92092 -3.47813
-1.96472 -3.41304
-1.40387 -1.50535
-1.25079 -1.31583
-1.20654 -1.43855
-1.31585 -1.57615
-1.17999 -1.59319
-1.34282 -1.71097
-1.22682 -1.78533
-1.37497 -1.86785
-1.28937 -1.996
-1.17481 -1.91551
-1.1857 -2.05955
-1.26562 -2.20658
-1.11849 -2.21514
-1.24673 -2.46138
-1.3489 -2.37538
-1.41777 -2.47057
-1.46978 -2.6297
-1.49442 -2.41559
-1.59462 -2.40117
-1.64807 -2.56719
-1.69235 -2.38151
-1.85453 -2.33482
-1.71863 -2.1827
-1.62134 -2.21454
-1.62321 -2.06048
-1.53593 -2.07635
-1.52719 -2.23879
-1.46383 -2.14187
-1.45822 -2.24939
-1.42336 -2.3286
-1.38104 -2.17863
-1.42057 -2.02118
-1.49554 -1.93852
-1.56642 -1.99023
-1.47733 -1.80695
-1.44857 -1.66565
-1.10707 -1.9894
-1.0622 -1.7945
-1.12651 -1.68287
-1.01654 -1.58992
-0.918791 -1.65838
-1.00486 -1.40429
-0.775978 -1.12463
-1.04388 -1.23018
-0.873464 -0.965536
-1.10793 -1.10911
-0.983841 -0.880022
-0.855986 -0.685522
-0.831957 -0.530455
-0.808551 -0.756335
-0.665352 -0.317748
3.0348 0.706477
3.12017 0.473384
3.01479 -6.42568
3.13571 -6.46287
3.07205 -6.45695
3.15917 -6.5006
3.25528 -6.50088
3.22895 -6.54985
3.45279 -6.52695
3.43091 -6.58271
3.32751 -6.61414
3.48399 -6.63327
3.59025 -6.57752
3.63519 -6.61598
3.62829 -6.64551
3.77703 -6.57179
3.81372 -6.63939
3.99233 -6.54152
4.00972 -6.5939
4.15883 -6.47807
4.17718 -6.49332
4.10094 -6.51654
4.25932 -6.40875
4.29594 -6.39836
4.34795 -6.29549
4.32813 -6.25188
4.42653 -6.16757
4.40872 -6.23497
4.49537 -6.06143
4.50028 -6.06926
4.55481 -5.9069
4.55982 -5.87773
4.60852 -5.72764
4.59276 -5.69162
4.61626 -5.51216
4.59864 -5.51892
4.61049 -5.38685
4.61915 -5.28454
4.63592 -5.37171
4.63338 -5.11949
4.63076 -5.35547
4.63028 -5.06253
4.60902 -5.28126
4.60366 -5.09415
4.62064 -4.92154
4.62506 -4.77423
4.5876 -4.7251
4.60806 -4.53731
4.62698 -4.59824
4.63666 -4.70219
4.65942 -4.5638
4.64339 -4.44627
4.69497 -4.43863
4.67666 -4.27886
4.61049 -4.27167
4.64068 -4.12213
4.62085 -4.98249
4.61181 -5.1043
4.64741 -4.91822
4.63853 -4.88825
4.65671 -4.78499
4.55754 -5.73426
4.5547 -5.83657
4.49139 -5.99248
4.30897 -6.20985
4.41109 -6.12109
4.45251 -6.10251
4.38969 -6.21573
4.25314 -6.33052
4.19156 -6.3039
4.12613 -6.38763
3.86032 -6.48786
3.93109 -6.5175
3.9586 -6.45896
4.02986 -6.42029
4.03979 -6.47588
4.14998 -6.43528
4.29191 -6.36211
4.45792 -3.28597
4.50712 -3.54469
4.64576 -3.95001
4.5751 -3.76092
4.58671 -3.97256
4.52146 -3.73105
4.45015 -3.51213
4.51038 -3.81462
4.42765 -3.62846
4.46309 -3.89992
4.54168 -4.09972
4.54736 -4.41397
4.46818 -4.16622
4.48437 -4.41198
4.51983 -4.61502
4.53306 -4.84635
4.59141 -4.93931
4.55665 -5.08521
4.58191 -5.24677
4.53649 -5.3132
4.46291 -5.17551
4.45804 -4.94543
4.37829 -5.0548
4.34973 -4.86692
4.40659 -4.80942
4.45276 -4.70795
4.34208 -4.66678
4.36851 -4.46759
4.24348 -4.40899
4.27086 -4.14288
4.39572 -4.26951
4.3355 -4.00618
4.39123 -4.03669
4.32586 -3.72112
4.40984 -3.92006
4.38886 -3.69189
4.3212 -3.49808
4.27823 -3.36792
4.3046 -3.23711
4.3615 -3.4166
4.33586 -3.27673
4.34244 -3.17505
4.2817 -2.90858
4.32771 -2.86104
4.2623 -2.55834
4.30808 -2.62789
4.35209 -2.78084
4.30206 -2.47303
4.36469 -2.64003
4.33478 -2.43223
4.42964 -2.93917
4.29758 -2.23134
4.24949 -2.01874
4.20405 -1.83321
4.11965 -1.68961
4.16806 -1.90731
4.06792 -1.88258
4.1676 -2.08293
4.20586 -2.07558
4.21556 -2.26059
4.25117 -2.22386
4.2641 -2.38741
4.28041 -2.50159
4.18681 -2.35899
4.22306 -2.66079
4.13647 -2.54178
4.2233 -2.99814
4.13748 -2.9281
4.20591 -3.35099
4.08122 -3.1125
4.13915 -3.48815
4.24213 -3.76797
4.12744 -3.80336
4.16611 -4.14473
4.04522 -4.01254
3.95564 -3.64188
4.02807 -3.33674
3.84555 -3.15323
3.94942 -2.99482
3.84503 -2.79223
3.92432 -2.66143
3.78209 -2.44168
3.69365 -2.70064
3.60695 -2.22197
3.72665 -2.08346
3.87485 -2.22363
3.76617 -1.82579
3.60284 -1.76446
3.69907 -1.54074
3.8195 -1.56702
3.71639 -1.34751
3.82569 -1.29271
3.92758 -1.48425
3.95915 -1.3583
3.92976 -1.17123
4.09749 -1.17785
3.95527 -0.991535
3.82429 -0.860721
3.84106 -1.00194
3.69602 -0.899537
3.79219 -1.09211
3.68335 -1.12053
3.49724 -0.8583
3.54529 -1.29264
3.3511 -0.96061
3.36872 -0.768553
3.32926 -0.613362
3.42357 -0.620033
3.541 -0.611963
3.30987 -0.399203
3.41051 -0.321917
3.56887 -0.44686
3.6942 -0.587802
3.71533 -0.740327
3.5029 -0.265911
3.43931 -0.0939753
3.45622 0.00124949
3.29281 0.108118
3.32476 -0.0811015
3.08966 0.189091
3.21466 -0.111969
3.04333 0.0290098
3.12531 -0.172425
3.12919 -0.384812
3.2238 -0.689106
3.01125 -0.521144
3.13239 -0.913162
3.30546 -1.26836
3.10111 -1.26705
3.24889 -1.6317
3.42917 -1.56494
3.44169 -1.89493
3.44165 -2.19616
3.51011 -2.50181
3.33369 -2.35911
3.40083 -2.78655
3.56102 -2.75961
3.62311 -3.04817
3.74278 -3.53327
3.45435 -3.36338
3.62201 -3.67506
3.71873 -3.87669
3.89493 -3.98034
3.79145 -4.26538
3.99178 -4.34035
3.95993 -4.63995
4.17494 -4.6544
4.09121 -4.91664
4.25426 -5.00728
4.13537 -5.24974
4.33957 -5.23175
4.3031 -5.47302
4.43742 -5.38601
4.39906 -5.5698
4.49837 -5.52437
4.57331 -5.4332
4.54071 -5.55872
4.56281 -5.61295
4.60874 -5.46196
4.61165 -5.5942
4.64535 -5.56157
4.59858 -5.75547
4.5623 -5.77147
4.54529 -5.91806
4.49962 -5.92965
4.49913 -5.77837
4.51533 -5.64597
4.42652 -5.72868
4.40216 -5.94619
4.32406 -5.88184
4.29908 -5.71063
4.17733 -5.92111
4.12495 -5.63204
4.01495 -5.85207
3.98225 -5.68384
3.88331 -5.43083
3.87764 -5.74854
3.7036 -5.61891
3.64487 -5.35022
3.68308 -5.06483
3.4705 -5.10254
3.47836 -4.70221
3.69491 -4.7687
3.61543 -4.4254
3.37833 -4.225
3.551 -3.93661
3.78641 -4.6236
3.27131 -3.73972
3.14638 -3.21153
3.2946 -3.02617
3.17283 -2.77899
2.96397 -2.81986
3.008 -2.39273
2.75156 -2.51907
2.80496 -2.12639
2.95913 -1.90072
3.16199 -2.16522
3.14395 -1.85471
3.03146 -1.56702
2.83492 -1.49834
2.91411 -1.24579
2.73003 -1.17205
2.80536 -0.992953
2.61898 -0.821416
2.79835 -0.74662
2.9541 -0.981029
2.94767 -0.725308
2.81915 -0.478834
2.85425 -0.230012
2.66901 -0.197126
2.71337 0.105959
2.49285 0.0729007
2.51872 0.360744
2.67129 0.458578
2.88229 0.214003
2.87263 0.425098
2.98083 0.469224
3.14211 0.315324
2.94123 0.639563
2.765 0.649596
2.82652 0.816909
2.57561 0.863752
2.69744 1.01084
2.05347 1.17847
1.81946 1.12863
1.59806 1.07255
1.42083 1.01831
1.58019 0.971961
1.79692 1.02763
1.78127 0.922396
1.9997 0.972867
2.0076 1.0769
2.17478 1.02182
2.19463 1.11002
2.40126 1.04706
2.24798 0.871196
2.50852 0.705003
2.29966 0.66886
2.47184 0.5645
2.35318 0.491401
2.38852 0.310289
2.25081 0.357111
2.16883 0.538673
2.10209 0.379936
1.97157 0.497883
2.02769 0.706911
1.75063 0.586221
1.77974 0.789606
1.96853 0.865281
1.57172 0.855534
1.58979 0.725483
1.60931 0.300793
1.8184 0.38926
1.8113 0.197278
1.73111 -0.00544316
1.95652 -0.028023
1.96537 0.27534
2.15662 0.135385
2.16649 -0.188623
2.33858 -0.107017
2.29151 -0.305486
2.43358 -0.458205
2.22726 -0.497945
2.38801 -0.799063
2.64292 -0.484428
2.51192 -0.229279
2.53925 -1.11325
2.34272 -1.12387
2.48961 -1.42296
2.65623 -1.38354
2.68309 -1.74527
2.39527 -1.81795
2.60038 -2.12135
2.45616 -2.13249
2.47285 -2.45869
2.59208 -2.87822
2.78185 -2.92863
2.69539 -3.31836
2.91071 -3.17486
2.96692 -3.65479
2.74217 -3.73693
2.84278 -3.96241
2.97854 -4.05763
3.14209 -4.07237
3.0614 -4.29659
3.22512 -4.45799
3.04229 -4.58821
3.26124 -4.82859
3.03946 -4.94872
3.26639 -5.15613
3.45031 -5.47848
3.21863 -5.37177
3.09612 -5.21753
3.02979 -5.42932
2.85953 -5.20897
2.7684 -5.5116
2.55415 -5.34994
2.6528 -5.10753
2.79388 -4.92996
2.53135 -4.91582
2.46941 -5.14812
2.28299 -5.06536
2.28835 -4.81887
2.47194 -4.68162
2.3023 -4.58227
2.11945 -4.70938
2.11615 -4.48664
1.87506 -4.68917
1.93924 -4.33686
2.1607 -4.22124
2.01065 -4.05891
2.21383 -3.87165
1.96071 -3.73392
2.16309 -3.38224
1.92158 -3.37227
2.02496 -3.20485
2.09277 -2.93951
1.92513 -3.06891
1.95163 -2.7651
2.05999 -2.66885
2.00294 -2.46481
2.20182 -2.52049
2.10308 -2.04676
1.85901 -2.26425
1.87842 -1.93392
1.98437 -1.70933
2.15745 -1.58842
1.98186 -1.40302
2.15665 -1.22129
1.97702 -1.04402
1.80183 -1.27987
1.7906 -0.927021
1.65877 -1.16451
1.73139 -0.59007
1.95148 -0.656292
1.84003 -0.311609
1.62234 -0.263832
1.56249 0.0212927
2.03849 -0.371493
2.09354 -0.58419
2.16555 -0.835614
1.57063 -1.54846
1.81023 -1.64741
1.63091 -2.06605
1.42816 -1.90031
1.32955 -1.70635
1.21232 -1.56553
1.16035 -1.75771
1.23643 -1.97366
1.01779 -1.90932
1.11061 -2.3301
1.37004 -2.16665
1.43364 -2.54028
1.69652 -2.5516
1.85791 -2.57941
1.79944 -2.86441
1.60124 -3.00004
1.78303 -3.18778
1.37847 -2.9396
1.22204 -2.72009
1.08358 -2.79355
1.09399 -2.61173
0.911994 -2.61715
0.851171 -2.33232
0.840593 -1.47656
2.31005 -1.42175
2.33092 -2.18109
2.34329 -2.94509
2.37654 -3.30021
2.5001 -3.16516
2.50319 -3.41013
2.56679 -3.67139
2.3751 -3.59323
2.43715 -3.8815
2.63887 -4.07011
2.38048 -4.14958
2.50993 -4.42533
2.72423 -4.40359
2.88465 -4.28196
2.85669 -4.5407
2.89848 -4.73702
2.69522 -4.6654
2.29648 -4.37713
1.56304 -4.79053
1.68381 -5.056
2.02255 -4.9873
1.82433 -5.33859
2.09385 -5.23407
2.29478 -5.30384
2.06876 -5.4689
2.29971 -5.5407
2.50043 -5.62255
2.31553 -5.69674
2.09118 -5.74904
2.38796 -5.81864
2.22542 -5.98256
2.55013 -6.00983
2.67723 -5.77422
2.89722 -5.95846
2.96053 -5.68935
3.1624 -5.85962
3.20963 -5.60348
3.39216 -5.79674
3.59606 -5.79266
3.75197 -5.83823
3.70906 -5.98353
3.53828 -5.96041
3.61024 -6.12009
3.8113 -6.12836
3.8684 -5.95553
3.99456 -6.06064
3.9374 -6.24352
4.11956 -6.15332
4.2722 -6.05277
4.21972 -6.22437
4.33107 -6.11894
4.42275 -6.08234
4.48643 -6.03914
4.17342 -6.38373
4.05828 -6.32871
3.9656 -6.48098
3.90695 -6.58721
3.80166 -6.55392
3.70687 -6.62174
3.77873 -6.65119
3.55638 -6.66582
3.59632 -6.67107
3.35169 -6.69902
3.36801 -6.67731
3.08649 -6.69526
3.10006 -6.68936
3.33311 -6.65871
3.13649 -6.6373
3.292 -6.60991
3.50144 -6.62361
3.43405 -6.57377
3.62531 -6.56422
3.45451 -6.49845
3.24847 -6.54546
3.17762 -6.45851
3.31508 -6.38393
2.97572 -6.31913
3.26287 -6.22441
3.01091 -6.14619
3.14393 -6.05514
3.37503 -6.04413
3.49443 -6.21795
3.70362 -6.28507
3.49057 -6.33813
3.64033 -6.43635
3.85681 -6.39275
3.76459 -6.50017
3.63139 -6.50826
3.48378 -6.42215
2.78104 -6.15272
2.69193 -6.25395
2.56553 -6.17303
2.34507 -6.14154
2.47334 -6.26337
2.20629 -6.24469
2.38104 -6.38138
2.07347 -6.31645
2.05645 -6.4297
2.48798 -6.50745
2.68427 -6.44965
2.81083 -6.53349
2.87486 -6.46261
3.03142 -6.50711
3.04188 -6.58278
2.85096 -6.59383
2.87688 -6.64319
2.65299 -6.58834
2.54088 -6.65448
2.76861 -6.70002
2.38725 -6.68556
2.53005 -6.70314
2.82831 -6.67557
3.04212 -6.65918
2.68817 -6.67973
2.83375 -6.6299
3.12031 -6.61182
3.28569 -6.6413
2.92498 -6.54059
3.07043 -6.4992
2.92208 -6.45439
2.78223 -6.48188
2.7191 -6.43275
2.83197 -6.39082
2.62887 -6.40035
2.52094 -6.4592
2.32812 -6.49073
2.4109 -6.51781
2.61156 -6.48946
2.52398 -6.55779
2.70506 -6.53292
2.65764 -6.59456
2.41133 -6.61241
2.52775 -6.65366
2.21163 -6.66783
2.34764 -6.68914
2.14611 -6.69443
1.97733 -6.69136
1.80384 -6.67383
1.86131 -6.63544
1.58415 -6.61468
1.58207 -6.56095
1.3627 -6.57115
1.20493 -6.52394
1.42886 -6.49422
1.68338 -6.51488
1.39667 -6.41098
1.24812 -6.46867
1.0716 -6.40495
1.1076 -6.33527
1.26041 -6.2892
0.984431 -6.23837
1.12991 -6.17946
1.36434 -6.22726
1.28464 -6.12306
1.57921 -6.18985
1.43066 -6.06679
1.68893 -6.04788
1.43776 -5.91678
1.71418 -5.80836
1.439 -5.70165
1.64607 -5.57932
1.85443 -5.59821
1.93779 -5.97916
1.46917 -5.40562
1.23639 -5.60599
1.2059 -5.81217
0.981331 -5.67785
1.00123 -5.90118
1.22064 -5.98822
1.05099 -6.05125
0.857583 -5.98504
0.88687 -6.10732
0.635953 -5.99641
0.717933 -6.1681
0.836246 -6.30203
0.552175 -6.21843
0.453074 -6.09554
0.342538 -6.16399
0.140474 -6.16636
0.379333 -6.23551
0.228721 -6.24972
0.423774 -6.32467
0.61433 -6.3147
0.691515 -6.41183
0.830247 -6.3862
0.955691 -6.45844
1.1215 -6.46732
0.824546 -6.49178
1.09498 -6.54898
0.781797 -6.48981
0.541083 -6.42718
0.558876 -6.39967
0.343492 -6.35322
0.212241 -6.2947
0.281696 -6.38591
0.0235758 -6.22438
0.48551 -6.43166
0.247506 -6.41277
0.432114 -6.4386
0.632616 -6.44596
0.611512 -6.43929
0.830033 -6.49151
1.07063 -6.55236
1.08016 -6.51333
1.30779 -6.58729
1.31185 -6.56103
1.50324 -6.61654
1.43704 -6.56281
1.69804 -6.62721
1.24981 -6.4653
1.47064 -6.49822
1.31021 -6.44088
1.14067 -6.39165
1.06038 -6.3856
0.968669 -6.39729
0.99341 -6.44357
0.874736 -6.39467
0.766173 -6.407
0.809961 -6.45197
1.21423 -6.52328
0.577901 -6.42115
0.380672 -6.42255
0.333 -6.40189
0.59012 -6.38756
0.458171 -6.37107
0.652727 -6.36476
0.780042 -6.37507
0.590206 -6.33921
0.385447 -6.31037
0.238202 -6.42572
1.70849 -6.6544
1.5414 -6.63582
1.32932 -6.59029
-0.145952 -6.17204
-0.411824 -6.02624
0.539194 -5.81408
0.773103 -5.83905
0.689263 -5.61411
0.903367 -5.47715
0.774687 -5.38172
0.966023 -5.24577
1.14934 -5.38845
1.16671 -5.10973
1.3849 -5.10701
1.89351 -6.0953
2.07788 -6.11737
1.90199 -6.19356
1.83835 -6.28805
1.60399 -6.32457
1.74957 -6.43441
1.99391 -6.52381
2.32683 -6.57154
2.21595 -6.61417
1.91357 -6.58078
2.10866 -6.64997
2.33473 -6.57246
2.29394 -6.54469
2.26689 -6.53388
2.98723 -6.43058
2.8446 -6.40824
2.67687 -6.35227
2.32679 0.171144
-0.513715 -0.122821
-0.389871 0.0261541
-0.372075 -0.0500112
-0.542108 -0.238737
3.24731 0.272436
3.35933 0.153551
2.95231 -0.0831921
2.97435 -0.293389
3.2986 -2.01459
3.21534 -2.49074
3.89679 -4.96934
4.1118 -4.29797
4.00966 -4.16364
4.04977 -1.48232
4.01481 -1.60358
3.98176 -1.46635
3.96062 -1.73374
4.01482 -2.13139
4.11646 -2.17695
4.03308 -2.63578
3.89116 -1.8724
4.00131 -2.90483
4.02495 -3.09402
4.38471 -3.13802
4.38916 -3.37946
4.45382 -4.51158
-0.733931 -0.920211
-0.622492 -0.885972
-0.495398 -0.958489
-0.602811 -1.18459
-0.424154 -1.10217
-0.268402 -0.946898
-0.250401 -1.14203
-0.130347 -0.974836
-0.285585 -0.789163
-0.027235 -0.995532
-0.0697813 -1.20882
-0.109327 -1.06996
-1.95036 -3.19311
-1.96501 -3.29217
-1.77047 -3.33791
-1.78626 -3.09346
-1.72235 -3.23655
-1.66653 -3.43665
-1.70221 -3.92153
-1.02674 -5.52807
-0.217933 -2.95144
-0.0513973 -2.74809
0.00110054 -2.40524
-0.265232 -2.4168
-0.153788 -2.16746
-0.541928 -2.00602
0.0262041 -2.13413
0.238812 -2.11018
0.292255 -2.37815
-0.135785 -5.90879
-1.1442 -5.52047
-1.03082 -5.58579
-1.50624 -4.92018
-1.47342 -5.10029
-1.55343 -4.89701
-1.4755 -5.12457
-1.54018 -4.94667
-1.45677 -5.11696
-1.59337 -4.83675
-1.62519 -4.71894
-1.66966 -4.58089
-1.6912 -4.52891
-1.70514 -4.48524
-0.297303 -6.04996
-0.276576 -6.14332
0.0417213 0.398748
-1.96472 -3.41304
