-1.94109 -3.70745
-1.95582 -3.63511
-1.96472 -3.41304
-1.96501 -3.29217
-1.95182 -3.00832
-1.85453 -2.33482
-1.40387 -1.50535
-0.831957 -0.530455
-0.513715 -0.122821
-0.235517 0.211996
0.215414 0.706614
0.571942 0.940638
0.845012 1.04614
2.05347 1.17847
2.69744 1.01084
3.0348 0.706477
3.45622 0.00124949
4.09749 -1.17785
4.64576 -3.95001
4.69497 -4.43863
4.64535 -5.56157
4.60852 -5.72764
4.55481 -5.9069
4.50028 -6.06926
4.40872 -6.23497
4.29594 -6.39836
4.17718 -6.49332
4.00972 -6.5939
3.77873 -6.65119
3.35169 -6.69902
2.53005 -6.70314
1.97733 -6.69136
1.80384 -6.67383
1.5414 -6.63582
0.238202 -6.42572
0.0901604 -6.38539
0.0406256 -6.37185
-0.133549 -6.31374
-0.20824 -6.28645
-0.444619 -6.19452
-0.788212 -5.97162
-0.902717 -5.88177
-0.968671 -5.81654
-1.04614 -5.7309
-1.15937 -5.60572
-1.28213 -5.45729
-1.37733 -5.31759
-1.4755 -5.12457
-1.59337 -4.83675
-1.73741 -4.4003
