9.38882 -0.355842
9.37704 -0.515054
9.38198 -0.49846
9.40179 -0.204421
9.38673 -0.396244
9.39104 -0.261036
9.39979 -0.0434318
9.38208 0.1279
9.36815 0.0753424
9.38045 -0.220689
9.32889 -0.0183338
9.31065 0.293584
9.332 0.308943
9.29368 0.507132
9.21776 0.938356
9.2628 0.71844
9.24212 0.666834
9.28336 0.513926
9.27662 0.383563
9.24004 0.636053
9.1922 0.854194
9.20134 0.605922
9.16457 0.8416
9.15578 0.539942
9.2108 0.342934
9.28354 0.0425707
9.3117 -0.35479
9.36132 -0.342957
9.38047 -0.606173
9.39253 -0.512647
9.38516 -0.433727
9.38324 -0.626879
9.38055 -0.577502
9.3834 -0.762935
9.36887 -0.740541
9.36749 -0.693202
9.35995 -0.867492
9.35589 -1.0372
9.33853 -1.20601
7.16444 -3.17099
6.99858 -3.13939
6.8811 -3.21482
6.82531 -3.12011
5.94967 -3.06838
6.12154 -3.07209
6.29405 -3.07201
6.20206 -3.22242
5.95065 -3.26749
6.08036 -3.41244
5.83146 -3.44171
5.94287 -3.53785
5.72799 -3.59559
5.91553 -3.62452
6.18263 -3.52644
6.07836 -3.62536
6.44381 -3.53115
6.24687 -3.65609
6.57047 -3.57384
6.43059 -3.6346
6.71992 -3.58775
6.33546 -3.67588
6.62856 -3.64337
6.27699 -3.68638
6.55694 -3.65387
6.26396 -3.67305
6.51723 -3.63303
6.26509 -3.64842
6.25315 -3.61652
6.46978 -3.58249
6.33884 -3.58419
6.49073 -3.56365
6.712 -3.58407
6.61255 -3.54866
6.44263 -3.54094
6.33177 -3.56116
6.24099 -3.53842
6.14402 -3.56905
5.97896 -3.55784
5.90777 -3.60485
6.00477 -3.61654
6.02364 -3.66806
5.7481 -3.67821
5.74972 -3.73113
5.93475 -3.73462
5.63391 -3.7503
5.68859 -3.76219
5.93536 -3.73926
5.57544 -3.79273
5.71658 -3.77295
6.05826 -3.70406
6.26619 -3.6572
5.86624 -3.71019
5.50094 -3.78693
5.38748 -3.82724
5.30932 -3.83432
5.15329 -3.8537
5.1348 -3.85601
4.87905 -3.88259
4.81343 -3.87966
4.94399 -3.86731
4.72844 -3.85721
4.89522 -3.84898
5.15278 -3.83638
5.11572 -3.75869
4.79646 -3.78644
4.90044 -3.70621
4.69125 -3.73198
4.71244 -3.69267
4.53384 -3.7203
4.55898 -3.6708
4.36876 -3.67126
4.52636 -3.60428
4.71648 -3.62844
4.7085 -3.56806
4.93461 -3.55574
4.80199 -3.52583
4.64993 -3.52154
4.80815 -3.47432
4.99037 -3.47794
4.9922 -3.39403
5.21506 -3.4005
5.20751 -3.34917
5.45572 -3.32828
5.41917 -3.40053
5.2577 -3.47811
5.51337 -3.42975
5.63768 -3.36291
5.70008 -3.40768
5.53502 -3.49577
5.87338 -3.433
5.93373 -3.35805
6.18037 -3.40004
6.31452 -3.33312
6.36917 -3.38058
6.5631 -3.38496
6.4258 -3.42237
6.71641 -3.42965
6.56125 -3.48397
6.82848 -3.46932
6.80824 -3.53654
7.00596 -3.48574
7.02384 -3.44352
7.20011 -3.46016
7.28705 -3.42
7.40341 -3.43679
7.4931 -3.40726
7.38495 -3.38637
7.53008 -3.33499
7.39724 -3.33287
7.55875 -3.27478
7.67932 -3.27851
7.66711 -3.33703
7.82016 -3.24224
7.81137 -3.18467
7.98985 -3.15108
7.95496 -3.21533
8.10543 -3.13011
8.0126 -3.23392
8.19934 -3.11536
8.13266 -3.19678
8.28042 -3.1133
8.23362 -3.15505
8.39125 -3.02483
8.36036 -3.01573
8.48332 -2.92445
8.5388 -2.90898
8.61883 -2.79001
8.44946 -2.8832
8.62539 -2.71781
8.48735 -2.77777
8.59593 -2.63004
8.73298 -2.53067
8.65037 -2.45944
8.76958 -2.36817
8.73754 -2.23866
8.60852 -2.29528
8.42555 -2.6024
8.46257 -2.2863
8.26682 -2.45798
8.3024 -2.16818
8.13584 -2.35959
8.0346 -2.13557
8.20097 -1.90762
8.38222 -1.89297
8.51957 -1.98044
8.50751 -1.63582
8.30866 -1.65241
8.39893 -1.41154
8.54268 -1.21453
8.35493 -1.10509
8.23625 -1.35389
8.15122 -1.01125
8.04626 -1.2452
7.95461 -0.975811
7.78483 -1.2454
8.07213 -1.5827
7.8392 -1.67149
8.00709 -1.86708
7.82769 -1.92855
7.73735 -2.16179
7.91025 -2.41016
7.62536 -2.38613
7.3787 -2.1519
7.56491 -1.86399
7.29804 -1.79776
7.38231 -1.61515
7.14109 -1.47929
7.34408 -1.35125
7.58898 -1.54317
7.50199 -1.22447
7.33411 -1.07964
7.16319 -1.14021
7.20612 -0.795675
7.4973 -0.878959
7.35902 -0.499987
7.55658 -0.540805
7.75361 -0.755012
7.71914 -0.29117
7.48897 -0.268849
7.5343 0.114122
7.3245 -0.127357
7.31425 0.26952
7.48022 0.616273
7.29562 0.58162
7.35103 0.892062
7.52009 1.10181
7.37006 1.33328
7.54027 1.46109
7.48118 1.74299
7.62599 1.69631
7.68291 1.38004
7.7909 1.76355
7.62665 2.05581
7.77978 2.09402
7.75998 2.41676
7.91127 2.06262
7.95933 2.31695
7.91713 2.59446
8.05069 2.40152
8.12641 2.03708
8.20113 2.38466
8.03904 2.62437
8.10044 2.77269
7.91408 2.90576
8.03071 3.0858
8.1905 2.91164
8.16143 3.13804
8.25983 2.99012
8.35489 2.70254
8.33366 2.93738
8.26186 3.0989
8.33929 3.10244
8.23713 3.20206
8.30359 3.28106
8.43147 3.07757
8.47455 2.80028
8.56398 2.98913
8.45902 3.21127
8.21145 3.58101
8.32182 3.40596
8.18963 3.41708
8.16277 3.28616
8.03397 3.41075
8.09673 3.53696
7.98982 3.56768
7.88277 3.5096
7.88877 3.39672
7.97147 3.29733
8.06433 3.27026
7.87106 3.22136
7.73658 3.41909
7.71795 3.13404
7.7432 2.82237
7.57769 3.02557
7.50754 3.32709
7.36465 3.00279
7.25218 3.3997
7.35911 3.58884
7.57257 3.59547
7.44191 3.73286
7.65679 3.73389
7.74568 3.58655
7.87281 3.67276
7.78306 3.8131
7.96675 3.78496
7.84221 3.88177
7.13981 4.09105
7.31803 4.05358
7.51671 4.02881
7.71262 3.96148
7.51632 3.88838
7.66561 3.84877
7.32386 3.86509
7.21246 3.72145
7.14213 3.9339
6.92429 3.81861
6.94101 4.05579
5.77606 4.18429
6.00042 4.17426
6.04173 4.03267
6.21552 4.14903
6.60346 4.07482
6.78152 4.05756
6.64492 3.91535
6.68453 3.70496
6.83058 3.4934
7.08155 3.52057
6.99929 3.23844
7.12074 3.37463
7.17013 3.22123
7.21693 3.59199
7.14051 2.9894
7.21224 2.6564
7.46626 2.47826
7.58377 2.76511
7.26041 2.24621
7.42293 2.07278
7.27143 1.7642
7.08956 2.01928
7.09117 2.39484
6.95138 2.25147
6.94102 2.71507
6.71986 2.19516
6.66976 2.69449
6.47552 2.43068
6.45743 2.90273
6.71725 3.1463
6.47753 3.27939
6.32683 3.15201
6.29189 3.38245
6.12744 3.2085
6.029 3.47738
5.92602 3.27261
5.81501 3.41665
5.74621 3.60515
5.94692 3.75029
5.73451 3.76083
5.57181 3.73887
5.4767 3.5524
5.37641 3.7046
5.1852 3.5427
5.24682 3.77568
5.45034 3.82792
5.40755 3.90352
5.12702 3.82466
4.99415 3.6778
4.90045 3.73213
4.66233 3.49561
4.741 3.77367
4.9858 3.88473
4.8407 3.97529
5.08111 4.02981
5.22946 3.97534
5.30023 4.15264
5.05632 4.16307
5.53109 4.18967
5.47954 4.06612
5.63351 3.9994
5.81447 3.9919
5.68719 3.85841
5.93306 3.89434
6.17139 3.84229
6.37835 3.99976
6.45468 3.76892
6.28187 3.62333
6.56468 3.52658
6.41736 3.46725
4.81913 4.09955
4.6039 4.00312
4.36742 3.94704
4.6045 3.87407
4.46195 3.6756
4.22895 3.67059
4.10827 3.73149
4.10738 3.89169
3.85308 3.62906
3.84536 3.78481
3.61551 3.62728
3.38134 3.48707
3.56303 3.41167
3.32624 3.28
3.14498 3.34392
2.97169 3.20907
2.83024 3.04342
2.71388 2.85991
2.80884 2.85272
2.97118 3.05529
2.92977 2.84836
3.12943 3.02698
2.939 2.65448
3.18743 2.87425
3.38816 3.13482
3.36014 2.90033
3.55417 3.15509
3.60541 3.29183
3.76922 3.32159
3.75291 3.43515
3.98712 3.51854
3.98913 3.35582
4.21336 3.48316
4.12832 3.34912
4.29368 3.31704
4.40678 3.49344
4.47349 3.09482
4.77682 3.21969
4.92273 3.47159
5.02618 3.30443
4.93778 3.00976
5.18748 3.15639
5.10416 2.91599
5.30582 2.91059
5.43944 3.16194
5.32637 3.36744
5.51672 3.36305
5.6496 3.4447
5.69762 3.22719
5.59307 2.88155
5.91346 2.98948
5.79072 2.69659
6.0095 2.66281
6.19103 2.92758
6.25122 2.59602
6.06171 2.33404
6.27332 2.27369
6.39868 2.17575
6.50894 2.11391
6.40311 1.98111
6.50665 1.75755
6.73407 1.65318
6.90482 1.86563
6.86588 1.51195
7.03321 1.5278
6.85464 1.14702
7.05224 1.05055
7.18779 1.33617
7.21328 1.01029
7.10482 0.749214
7.21768 0.726404
7.13519 0.435031
6.90741 0.570347
6.99155 0.183943
7.13911 0.0244154
6.93532 -0.194216
7.14747 -0.374934
6.97434 -0.638379
7.02495 -0.94408
6.84673 -0.965156
6.99327 -1.18689
6.83631 -1.413
7.03072 -1.84747
6.75611 -1.76361
6.57652 -1.59247
6.54918 -1.07706
6.35251 -1.52376
6.28096 -1.22137
6.26873 -0.799007
6.09507 -1.18234
6.03636 -0.890914
6.06592 -0.451249
6.35152 -0.188013
6.15415 -0.098039
6.20965 0.205371
5.9838 0.0410811
6.06674 0.487425
5.85598 0.449294
5.95239 0.7636
5.77004 0.813896
5.66933 0.506888
5.69587 0.0707617
5.48999 0.374602
5.54063 0.83248
5.34683 0.659537
5.32785 1.05071
5.51339 1.24371
5.68516 1.13439
5.70175 1.56468
5.33046 1.58557
5.5777 2.07297
5.31155 2.05025
5.40236 2.32158
5.13129 2.31245
5.10066 1.90034
4.94835 2.09522
4.93729 2.28197
4.81398 2.49547
5.11834 2.67833
4.96334 2.78434
4.84318 2.787
4.66583 2.83644
4.52692 2.55418
4.31282 2.64572
4.39251 2.45134
4.2751 2.28097
4.0289 2.31737
4.1082 1.97509
4.38601 1.97305
4.18977 1.69822
4.40254 1.53785
4.62739 1.84531
4.6546 2.1467
4.7867 2.02494
4.86107 1.82103
4.83268 2.20923
4.69963 1.53246
4.97938 1.49134
5.13871 1.1937
5.10805 0.716504
4.93301 1.06559
4.86778 0.734895
4.89239 0.392597
5.07105 0.266284
5.26654 0.304919
5.15596 -0.0691081
5.42048 -0.11706
5.23149 -0.46993
5.47266 -0.633225
5.61818 -0.345162
5.81397 -0.366481
5.82898 -0.83489
5.67413 -0.630701
5.61961 -0.915347
5.66145 -1.36215
5.9116 -1.15874
5.92523 -1.47402
6.13429 -1.51865
5.95449 -1.81032
6.17143 -1.85204
6.38823 -1.87007
6.21993 -2.19087
6.43436 -2.11651
6.58153 -1.92864
6.57978 -2.17766
6.77593 -2.05895
6.71793 -2.38459
7.02384 -2.24506
7.25758 -2.44149
7.44648 -2.39876
7.48856 -2.57579
7.73045 -2.55613
7.66082 -2.71398
7.89651 -2.6347
7.80567 -2.82686
8.09856 -2.68828
7.98098 -2.86296
8.17132 -2.8305
8.31961 -2.8476
8.36919 -2.88401
8.23096 -2.96171
8.12016 -2.96373
8.04725 -3.07698
7.88195 -3.07426
8.0003 -2.95299
7.79881 -2.98844
7.66227 -3.11105
7.63458 -3.05361
7.49381 -3.1123
7.45549 -3.21595
7.68007 -3.18072
7.32061 -3.30954
7.17916 -3.26852
7.26265 -3.16747
6.96153 -3.19164
7.12916 -3.10067
7.3273 -3.05202
7.57456 -2.98162
7.37276 -2.92401
7.1502 -2.9769
7.21384 -2.84741
7.42146 -2.77688
7.21397 -2.67858
6.93358 -2.82467
6.97727 -2.54625
6.74003 -2.64012
6.53776 -2.58524
6.41849 -2.38074
6.28796 -2.65991
6.56346 -2.80522
6.26825 -2.90073
6.49616 -2.97075
6.71283 -2.98553
6.9433 -3.04401
6.76632 -3.11126
6.62438 -3.19619
6.79825 -3.24382
6.93538 -3.29303
6.65802 -3.30007
6.88847 -3.36597
7.1061 -3.32664
7.20101 -3.37619
6.46091 -3.25535
6.28693 -3.24911
6.39195 -3.20778
6.19948 -3.20671
6.3482 -3.13499
6.55958 -3.08009
6.36549 -3.04064
6.12816 -3.05191
6.00933 -2.93477
5.84183 -3.02584
5.90445 -3.10995
6.11437 -3.13447
5.9563 -3.19092
6.03545 -3.27335
5.73459 -3.25616
5.76652 -3.31213
5.44946 -3.23465
5.69439 -3.17129
5.42801 -3.15586
5.65582 -3.09358
5.49328 -3.08829
5.55232 -3.01518
5.33151 -3.08722
5.26429 -3.00881
5.07829 -3.11697
5.1839 -3.1627
4.92936 -3.22111
5.17809 -3.23187
4.92645 -3.3239
5.19614 -3.31403
4.69408 -3.42731
4.65511 -3.31229
4.47744 -3.42677
4.47539 -3.51644
4.31783 -3.5967
4.28327 -3.49426
4.17171 -3.55738
4.1549 -3.62155
4.1929 -3.69257
4.36945 -3.73726
4.20639 -3.72788
4.39233 -3.77343
4.56442 -3.76455
4.64372 -3.83342
4.49738 -3.83431
4.57222 -3.85359
4.31782 -3.80103
4.406 -3.82408
4.60306 -3.8512
4.12376 -3.72962
4.5893 -3.81401
4.81061 -3.83123
5.00955 -3.84674
4.98195 -3.78255
5.21465 -3.80535
5.15936 -3.73806
5.39635 -3.7431
5.31655 -3.66351
5.54907 -3.67922
5.48194 -3.58866
5.63299 -3.48222
5.4657 -3.44011
5.65967 -3.3427
5.35135 -3.29882
5.56454 -3.16462
5.78897 -3.18564
5.78004 -3.06879
5.615 -3.06922
5.45319 -3.08956
5.2968 -3.135
5.15014 -3.20111
5.02128 -3.27492
5.12808 -3.31895
4.90143 -3.37044
5.21284 -3.47585
4.9446 -3.52609
5.11485 -3.61551
4.94143 -3.67912
4.695 -3.57164
4.79302 -3.47365
4.59258 -3.61814
4.73983 -3.71109
4.49037 -3.66477
4.63995 -3.75944
4.48153 -3.73824
4.39355 -3.69947
3.68721 -3.55739
3.50447 -3.46897
3.38021 -3.49546
3.53593 -3.57711
3.70319 -3.62193
3.67067 -3.61325
3.54123 -3.57606
3.74519 -3.64101
3.82549 -3.65678
3.95071 -3.69893
3.88081 -3.65726
3.67344 -3.6043
3.70191 -3.55892
3.53489 -3.51048
3.53275 -3.42345
3.39456 -3.40693
3.37196 -3.45038
3.3666 -3.48559
3.1964 -3.36606
3.23222 -3.39999
3.15609 -3.37684
3.05179 -3.29229
2.95044 -3.23821
2.84724 -3.11762
2.97955 -3.20258
3.21533 -3.31445
3.04471 -3.11676
3.30219 -3.28151
3.16885 -3.11416
3.40026 -3.25575
3.64055 -3.37681
3.4817 -3.19089
3.66839 -3.27442
3.8262 -3.3732
3.7989 -3.28186
3.69176 -3.18896
3.82513 -3.14516
3.96886 -3.33347
4.07027 -3.20814
3.97746 -3.04419
3.82768 -2.97237
3.88937 -2.90357
3.73164 -2.7865
3.86424 -2.76521
4.02279 -2.86708
3.92324 -2.68048
3.73507 -2.53049
3.92123 -2.51266
4.07114 -2.67487
4.10608 -2.35627
4.25842 -2.68883
4.36794 -2.54484
4.44385 -2.71193
4.36959 -2.87548
4.57992 -2.81828
4.62006 -2.5173
4.82505 -2.7268
4.98164 -2.3946
4.74963 -2.11366
5.07846 -1.87999
4.81628 -1.69602
4.97253 -1.33077
4.64144 -1.32281
4.79743 -0.947246
5.03754 -0.79288
4.7365 -0.455335
5.01652 -0.360521
4.92593 -0.0200109
4.6923 0.0933711
4.46118 -0.172977
4.4608 0.26187
4.25333 -0.00583719
4.23594 0.367887
4.02668 0.0612828
4.05813 0.422414
3.87271 0.309192
3.96964 0.654005
4.17615 0.713024
4.04877 0.994185
4.28849 1.09543
4.12182 1.36852
4.55261 1.18924
4.77699 1.25328
4.71068 0.928522
4.44316 0.733881
4.67967 0.529962
3.86932 1.24012
3.87113 0.884125
3.68767 0.953105
3.69802 1.27013
3.73113 1.59166
3.52329 1.32387
3.56199 1.755
3.68611 1.99402
3.51466 2.11842
3.68704 2.33554
3.81446 2.21935
3.87866 1.9504
3.85889 2.50009
4.04342 2.65466
3.90042 2.83527
3.72955 2.628
3.69003 2.88852
3.57233 2.5246
3.4633 2.72297
3.54874 2.97832
3.25651 2.53392
3.38993 2.36671
3.20126 2.12799
3.34656 2.04308
3.4093 1.7462
3.248 1.77372
3.31137 1.41389
3.36307 1.08103
3.47818 0.784783
3.61585 0.593818
3.77488 0.599094
3.62988 0.211912
3.78227 -0.0912881
3.59779 -0.230726
3.68454 -0.564277
3.91426 -0.358855
4.10066 -0.245412
4.08735 -0.626066
3.85707 -0.721137
3.93798 -1.1138
4.2247 -1.03563
4.39469 -0.636695
4.25301 -0.329595
4.44477 -1.03727
4.60048 -0.870317
4.38745 -1.36737
4.50537 -1.56495
4.60489 -1.77315
4.37319 -1.76759
4.51185 -2.08504
4.57711 -2.2889
4.39547 -2.32333
4.32973 -2.08352
4.23723 -2.19653
4.12885 -1.92532
3.8179 -1.914
3.78931 -2.26808
3.62987 -2.03215
3.55186 -1.76235
3.6878 -1.40749
3.45279 -1.45668
3.50427 -1.02219
3.72147 -0.965382
3.93066 -1.57318
4.15496 -1.46797
3.47957 -0.557399
3.31943 -0.830187
3.25622 -1.2926
3.12114 -0.969787
3.21498 -0.499823
3.3588 -0.522207
3.41997 -0.135969
3.21712 0.00069245
3.36969 0.355104
3.19065 0.424704
3.28252 0.765112
3.51671 0.430448
3.48604 0.213557
3.05685 0.820915
3.00649 0.170049
2.78986 0.427232
2.84803 0.0340662
2.89773 -0.260407
3.0703 -0.266435
2.97527 -0.673544
2.77004 -0.581018
2.79727 -0.929739
2.94867 -1.05635
3.0277 -1.31015
2.79018 -1.27243
2.93826 -1.52273
3.10798 -1.59663
3.32358 -1.73537
3.13901 -1.88293
3.3545 -2.09867
3.47611 -1.97378
3.57526 -2.21495
3.50596 -2.37296
3.59659 -2.59187
3.61302 -2.72375
3.65004 -2.80154
3.67241 -2.91145
3.56351 -2.75485
3.46172 -2.791
3.61472 -3.02028
3.40293 -2.90398
3.54127 -3.11386
3.33951 -2.99055
3.23691 -3.03315
3.12399 -2.83268
3.18904 -2.76916
3.01201 -2.64513
3.01999 -2.51654
3.23592 -2.64627
3.10169 -2.48443
3.15767 -2.41562
3.00008 -2.34956
3.00274 -2.21157
3.15165 -2.1733
3.31136 -2.43317
3.35148 -2.31442
3.45573 -2.49331
3.44033 -2.62013
3.53367 -2.63705
3.32197 -2.58529
2.98905 -2.0857
2.94694 -1.91275
2.986 -1.72011
2.79283 -1.62015
2.73107 -1.82314
2.85292 -2.0386
2.68953 -1.94303
2.74461 -2.09065
2.8863 -2.19173
2.84296 -2.28205
2.78553 -2.41496
2.64845 -2.14663
2.53746 -2.1747
2.53584 -2.31972
2.79118 -2.58139
2.94392 -2.66204
2.99818 -2.81405
2.83555 -2.7519
3.04756 -2.94449
2.95501 -2.94457
2.77976 -2.78793
2.81424 -2.90691
2.81571 -3.01161
2.64902 -2.83454
2.64174 -2.7111
2.47463 -2.64231
2.4665 -2.51658
2.63015 -2.6144
2.44308 -2.38403
2.31535 -2.32187
2.32655 -2.43354
2.16544 -2.22515
2.20112 -2.15697
2.30361 -2.24855
2.27954 -2.14984
2.32532 -2.01963
2.17872 -1.9342
2.1526 -1.78317
2.2654 -1.76529
2.13382 -1.62409
2.16479 -1.49676
2.30731 -1.61113
2.42709 -1.79967
2.44217 -1.66258
2.37119 -1.48179
2.56278 -1.59501
2.5667 -1.80099
2.44021 -1.31951
2.27046 -1.2327
2.23954 -1.41027
2.10861 -1.18502
2.01279 -1.32226
2.08764 -1.50472
2.03047 -1.54094
1.94444 -1.35091
1.88187 -1.3897
1.97423 -1.59185
2.06021 -1.7595
1.97914 -1.72341
2.10101 -1.95066
1.97081 -1.86155
2.07596 -2.05066
1.99651 -2.01728
2.08965 -2.19376
2.20229 -2.38005
2.0949 -2.25231
2.18009 -2.37724
2.29634 -2.53461
2.33991 -2.53501
2.42902 -2.66204
2.38431 -2.66405
2.54124 -2.79543
2.5338 -2.805
2.68315 -2.93745
2.70003 -2.94762
2.81952 -3.07105
2.69426 -2.89358
2.58575 -2.82293
2.42789 -2.62805
2.56828 -2.72426
2.85891 -2.98442
2.71595 -2.84846
3.32196 -3.36645
3.145 -3.25534
3.23308 -3.3507
3.0453 -3.2666
2.99084 -3.12471
2.82779 -3.04325
2.9154 -3.15456
2.29306 -2.50104
2.38673 -2.65805
2.29614 -2.53603
2.24541 -2.47459
2.18279 -2.37148
2.15549 -2.3465
2.08044 -2.23439
2.18708 1.79296
2.10789 1.56937
2.03406 1.35706
2.14427 1.44805
2.21076 1.63138
2.23073 1.46857
2.29614 1.68273
2.30708 1.54114
2.35414 1.73256
2.40109 1.70231
2.50011 1.93893
2.39187 1.89024
2.52983 2.14429
2.74296 2.29264
2.66387 1.98255
2.49929 1.77755
2.55378 1.69178
2.67164 1.81449
2.80513 1.9985
2.83694 2.22438
3.01857 2.25108
2.9426 2.45283
3.12318 2.65319
2.69756 2.42685
2.77477 2.65598
2.6343 2.49859
2.62196 2.65061
2.5248 2.44008
2.40022 2.23422
2.28921 2.0135
2.43175 2.14284
2.39074 2.00471
2.53924 2.31504
2.29792 1.8348
2.90283 1.84584
3.04865 1.957
3.121 1.8002
3.12448 1.41523
2.99398 1.62905
2.96418 1.25732
3.22616 1.10746
2.84204 0.953574
2.80672 1.38586
2.72098 0.988072
2.72657 0.763027
2.57805 0.637712
2.60037 0.180677
2.69348 -0.181148
2.50017 -0.14835
2.53919 -0.492129
2.65036 -0.530567
2.61931 -0.800356
2.43641 -0.763592
2.55183 -1.1084
2.68304 -1.05101
2.61916 -1.3996
2.34227 -1.01081
2.25871 -0.622649
2.17612 -0.906508
2.09908 -0.481608
2.02991 -0.813584
1.94888 -1.01844
1.89653 -0.738442
1.94326 -0.46039
1.85492 -0.562622
1.82803 -0.328365
1.92144 -0.0569914
1.8443 0.0427837
1.91093 0.303497
1.83388 0.321322
1.90473 0.485531
1.88572 0.612435
1.78796 0.48324
1.74926 0.201223
1.7953 0.117618
1.7324 -0.0929774
1.64101 0.0992871
1.60305 -0.286934
1.64284 -0.496019
1.76322 -0.674469
1.66776 -0.659762
1.71016 -0.785993
1.74565 -0.92184
1.83987 -0.900769
1.86046 -1.1492
1.69852 -1.1344
1.7406 -1.37475
1.91262 -1.53809
1.8838 -1.63316
1.80082 -1.53817
1.84408 -1.69238
1.88834 -1.83918
1.94074 -1.97813
2.00198 -2.10995
2.10371 -2.26346
1.99541 -2.07386
1.67026 -1.11807
1.64795 -0.887038
1.55044 -0.139865
1.65436 0.588292
1.646 0.461441
1.70742 0.666003
1.7175 0.523912
1.68197 0.278357
1.75944 0.730222
1.84112 0.719671
1.84704 0.808217
1.98101 1.15401
2.13031 1.22251
2.0617 0.987866
2.14927 0.873102
2.2543 1.29405
2.31344 1.15364
2.39529 1.5108
2.46768 1.38233
2.40598 1.00197
2.55029 1.26445
2.60384 1.57004
2.67029 1.43006
2.63996 1.12965
2.74621 1.69825
2.51896 0.964435
2.43648 0.717166
2.37844 0.326058
2.47775 0.178297
2.37291 -0.0832798
2.38973 -0.423111
2.29166 -0.313722
2.20443 -0.308106
2.25966 -0.0309534
2.14169 -0.000314079
2.02312 -0.14947
2.02816 0.311579
2.17846 0.4798
2.25027 0.271701
2.31256 0.607572
2.27025 0.828571
1.98522 0.709789
1.93264 0.965365
2.8068 -3.02802
2.676 -2.89488
2.55025 -2.76903
2.58007 -1.95931
2.45293 -1.9789
2.64406 -2.52823
3.67634 3.11648
3.82676 3.15799
3.85791 3.01947
4.02222 3.1513
4.17113 2.95604
3.97371 1.63518
5.28257 -0.827231
5.22109 -1.15847
5.44289 -1.06082
5.38232 -1.42085
5.45754 -1.67557
5.57857 -1.864
5.77466 -1.73157
5.7486 -2.05613
5.96952 -2.13712
5.74538 -2.38124
5.98901 -2.42533
6.1876 -2.46967
6.05004 -2.61449
6.027 -2.78476
5.79517 -2.66046
5.78342 -2.88354
5.48794 -2.83894
5.52331 -2.59765
5.32553 -2.73121
5.33154 -2.57308
5.11421 -2.68448
5.22661 -2.45502
5.4671 -2.28565
5.22488 -2.21571
5.35374 -1.95614
5.29724 -1.69895
5.19429 -1.50652
5.17894 -2.88084
4.92254 -2.89893
4.96507 -3.04012
4.7381 -3.04881
4.77103 -3.11495
4.83302 -3.15429
4.57664 -3.1891
4.73417 -3.22454
4.35822 -3.35747
4.28941 -3.23182
4.39408 -3.13915
4.5093 -3.02355
4.71417 -2.92047
4.22487 -3.0478
4.18979 -2.8493
4.15986 -3.33171
4.13955 -3.42717
4.11609 -3.49796
3.98614 -3.44972
4.02349 -3.54437
3.85297 -3.47203
3.89247 -3.56516
4.02487 -3.58831
4.03234 -3.63754
4.06931 -3.68649
4.05341 -3.71322
4.18147 -3.75603
4.06821 -3.7253
4.10285 -3.73931
4.28646 -3.77758
4.14307 -3.74736
4.01449 -3.70757
3.98964 -3.70071
3.89065 -3.66642
3.85788 -3.64191
4.21633 -3.73939
4.21372 -3.73862
4.30175 -3.73207
3.7302 -3.48753
5.7353 -3.66859
5.64803 -3.7207
5.84717 -3.67882
7.57263 -2.85593
8.16695 -3.04786
8.3057 -2.95228
8.27595 -3.02327
8.07823 -2.52711
4.50033 2.31744
5.36604 2.61159
5.59575 2.50613
5.82123 2.3909
5.88046 2.01455
6.13146 2.02531
6.02415 1.65763
6.27037 1.80281
6.26677 1.33595
6.60688 1.21207
6.38035 0.85955
6.56466 0.749361
6.72407 0.82362
6.77046 1.37658
6.6629 0.468879
6.74903 0.222563
6.8605 0.127298
6.73838 -0.100723
6.72878 -0.546992
6.57727 -0.266786
6.49527 -0.575397
6.58509 0.085101
6.43208 0.393854
6.24916 0.569144
6.14372 0.87337
5.93135 1.17106
6.29853 2.05434
5.17696 3.35513
6.41995 4.11139
9.00604 1.9727
8.9224 2.12315
8.87276 2.29867
8.84616 2.1209
8.94323 1.9621
9.02377 1.75981
8.913 1.83256
9.00503 1.59456
9.05712 1.56005
9.10098 1.35927
9.1516 1.15871
9.06446 1.33881
9.13266 1.09359
9.03812 1.26737
9.00909 1.47674
8.94465 1.62649
8.94213 1.47845
8.86265 1.7522
8.78993 2.01247
8.73344 2.25625
8.77759 2.36369
8.69014 2.45419
8.72015 2.576
8.62383 2.67552
8.66362 2.82911
8.7411 2.65603
8.81404 2.47768
8.61417 2.40304
8.49784 2.50693
8.56814 2.21483
8.65247 2.13611
8.68654 1.85847
8.7438 1.94145
8.69223 2.18432
8.82099 1.61632
8.76535 1.39326
8.92569 1.24742
8.87799 0.948004
9.01557 0.90416
9.02542 1.10499
8.995 1.28051
9.08659 1.0303
9.08948 0.847067
9.08006 0.611169
9.1391 0.353035
9.19854 0.130815
9.12921 0.0932646
9.1726 -0.259726
9.26137 -0.213318
9.25508 -0.628704
9.32065 -0.667304
9.29257 -0.868039
9.36618 -0.860009
9.40414 -0.844236
9.3951 -1.07871
9.41499 -1.12661
9.3937 -1.07372
9.39194 -0.913624
9.38853 -1.02891
9.37559 -0.871569
9.3746 -0.908153
9.37849 -1.02975
9.37641 -1.17668
9.36094 -1.15987
9.34345 -1.2747
9.31256 -1.40738
9.32639 -1.39572
9.35328 -1.30342
9.33499 -1.44379
9.38189 -1.22502
9.38301 -1.30746
9.34331 -1.51837
9.35423 -1.44002
9.37433 -1.28623
9.33965 -1.47129
9.34935 -1.26061
9.2907 -1.3924
9.29818 -1.21723
9.25193 -1.37721
9.26478 -1.1184
9.18951 -1.1867
9.21302 -0.934476
9.15814 -0.953207
9.13331 -1.23582
9.14496 -1.479
9.06951 -1.42741
9.06641 -1.11575
9.00436 -1.3494
8.97354 -1.14474
9.01666 -0.920301
9.09272 -0.761685
9.17066 -0.64298
9.12615 -0.483567
9.04808 -0.50467
9.01693 -0.716899
8.98232 -0.541761
8.94474 -0.85566
8.87351 -0.622499
8.85075 -0.863609
8.75415 -0.79734
8.8278 -1.16505
8.6865 -1.10894
8.66922 -1.42772
8.77079 -1.63388
8.90847 -1.43897
8.86213 -1.70972
8.97471 -1.59753
8.89827 -1.85669
9.02359 -1.75932
8.90751 -1.98888
8.95112 -2.04059
9.07148 -1.92248
9.1348 -1.71699
9.18903 -1.79719
9.21868 -1.59722
9.28016 -1.59722
9.25111 -1.82481
9.31248 -1.6604
9.35741 -1.60701
9.29679 -1.78541
9.33166 -1.72519
9.3436 -1.584
9.31664 -1.63647
9.30566 -1.55263
9.26329 -1.71899
9.27357 -1.60116
9.17835 -1.91504
9.20956 -1.78549
9.19101 -1.94721
9.2334 -1.90555
9.14407 -2.08888
9.07355 -2.06978
8.95538 -2.22633
8.20644 -3.11373
8.36268 -2.92673
8.25942 -3.10089
8.04925 -3.23459
8.27202 -3.12053
8.43662 -2.95127
8.43891 -3.00544
8.55428 -2.87929
8.6123 -2.77669
8.68498 -2.75311
8.57465 -2.8869
8.66919 -2.80167
8.61805 -2.84769
8.48273 -3.00157
8.28312 -3.16085
8.35317 -3.11
8.48374 -3.00437
8.55807 -2.91172
8.6493 -2.80261
8.75623 -2.68784
8.75516 -2.66193
8.86474 -2.51701
8.82448 -2.52058
8.94404 -2.37336
8.86476 -2.45065
8.75312 -2.60689
8.82053 -2.50259
8.85695 -2.34659
8.94829 -2.29441
8.97461 -2.14776
9.03398 -2.15328
9.08231 -2.03157
9.12096 -1.92419
9.15089 -1.93939
9.10763 -2.05228
9.16899 -1.99798
9.23231 -1.95437
9.25476 -1.93041
9.17839 -2.08387
9.16637 -2.10741
9.26381 -1.9227
9.27846 -1.78098
9.18611 -2.05592
9.08775 -2.23355
9.01079 -2.26099
8.99724 -2.34745
8.94812 -2.39852
9.02986 -2.33055
8.90176 -2.4785
8.78788 -2.58892
8.86498 -2.43946
8.67291 -2.66263
8.68966 -2.57588
8.82846 -2.39579
8.52905 -2.74978
8.52483 -2.8153
8.81653 -2.60185
8.90006 -2.49293
8.99737 -2.36048
9.096 -2.21541
9.07262 -2.21074
9.15671 -2.07697
9.09131 -2.12373
9.01643 -2.23549
8.89413 -2.18843
8.85638 -2.1893
8.17212 -3.22797
8.06767 -3.2731
7.99009 -3.33384
8.07749 -3.27554
7.91973 -3.36582
7.96477 -3.32896
8.13341 -3.23281
7.88771 -3.35178
7.61925 -3.32984
7.68414 -3.35132
7.74742 -3.372
7.43391 -3.41921
7.45121 -3.35292
7.19273 -3.42797
7.22738 -3.34964
7.43956 -3.25354
7.5409 -3.29762
7.31303 -3.20773
7.20892 -3.26508
7.082 -3.27378
6.92325 -3.29269
7.0199 -3.35054
6.70835 -3.42301
6.67731 -3.32373
6.68545 -3.22215
6.38964 -3.32999
6.64634 -3.10113
6.40003 -3.15877
6.46859 -3.08281
6.46735 -3.44269
6.65954 -3.47233
6.67498 -3.49394
6.83239 -3.43851
6.89164 -3.50196
7.03357 -3.41435
7.10852 -3.50432
6.99544 -3.58154
7.41174 -3.48129
7.25284 -3.5502
7.52231 -3.49045
7.81216 -3.3771
7.68338 -3.46656
7.81969 -3.41075
7.70976 -3.45087
7.85205 -3.38368
7.60069 -3.46594
7.74079 -3.42046
7.63705 -3.41687
7.46741 -3.46332
7.3174 -3.4744
7.35903 -3.51858
7.13156 -3.52617
7.17907 -3.55808
7.38374 -3.53247
7.17719 -3.56659
7.0176 -3.59626
6.95748 -3.59265
6.78424 -3.61964
6.81513 -3.63161
6.7577 -3.61819
6.97234 -3.57442
7.58211 -3.49453
7.83976 -3.33621
7.82836 -3.31044
7.98403 -3.28925
8.82505 -2.06177
8.74797 -1.98692
8.65956 -1.90261
8.63491 -1.73189
8.60822 -2.10647
8.61629 -0.897419
8.46439 -0.82706
8.59357 -0.510666
8.36679 -0.452663
8.26722 -0.739544
8.18799 -0.426645
8.01186 -0.583165
8.08815 -0.302483
8.19321 -0.0562953
7.95925 -0.144716
7.98188 0.201352
7.77872 0.146684
7.86328 0.523585
7.66724 0.461831
7.71868 0.898804
7.94399 0.876061
8.11887 0.523902
8.15469 1.10642
7.88617 1.29136
8.02096 1.65122
8.22913 1.57027
8.28903 1.79895
8.37932 1.53865
8.39937 1.80545
8.28202 2.02838
8.3747 2.09645
8.35383 2.40288
8.24418 2.65488
8.44742 2.40708
8.48782 2.09528
8.56922 1.97154
8.59719 1.72291
8.48355 1.84793
8.51978 1.52989
8.64938 1.40479
8.70344 1.25734
8.74801 1.10696
8.61526 1.15636
8.73919 0.810019
8.89996 0.5462
9.00111 0.627756
9.00008 0.372909
9.07021 0.356525
9.03339 0.0477725
9.11307 -0.0920735
9.08192 -0.258642
9.01316 -0.27404
8.98121 -0.112437
8.91532 0.054423
8.92137 -0.278043
8.80157 -0.0567612
8.79686 0.213537
8.88178 0.311235
8.77882 0.479358
8.94789 0.267216
8.63799 0.390082
8.72807 0.122476
8.633 -0.0463766
8.76904 -0.387538
8.44505 -0.156111
8.40274 0.283733
8.30699 0.699304
8.45597 0.626858
8.55501 0.833905
8.37293 0.932535
8.44604 1.07303
8.33555 1.25057
8.46886 1.26942
8.51708 1.08062
8.67618 0.622857
9.18596 -0.787525
9.27202 -0.921463
9.2936 -1.04357
9.33587 -1.06142
8.07555 3.71159
7.71109 -1.76877
6.56969 -3.52336
6.39711 -3.52076
6.17136 -3.49181
5.73907 -3.54057
5.71449 -3.62734
5.50384 -3.61891
5.44634 -3.68202
5.45788 -3.77001
5.21391 -3.64968
5.43581 -3.57143
5.21618 -3.58023
4.93794 -3.63809
5.42092 -3.80901
5.36817 -3.8153
