1.55044 -0.139865
1.65436 0.588292
2.18708 1.79296
2.28921 2.0135
2.71388 2.85991
2.83024 3.04342
2.97169 3.20907
3.14498 3.34392
3.84536 3.78481
4.10738 3.89169
4.81913 4.09955
5.05632 4.16307
5.53109 4.18967
5.77606 4.18429
6.00042 4.17426
7.13981 4.09105
7.51671 4.02881
7.71262 3.96148
7.84221 3.88177
8.07555 3.71159
8.21145 3.58101
8.45902 3.21127
8.66362 2.82911
8.7411 2.65603
8.81404 2.47768
9.00604 1.9727
9.2628 0.71844
9.38208 0.1279
9.39979 -0.0434318
9.41499 -1.12661
9.35741 -1.60701
9.33166 -1.72519
9.26381 -1.9227
9.16637 -2.10741
9.02986 -2.33055
8.66919 -2.80167
8.48374 -3.00437
8.35317 -3.11
8.28312 -3.16085
8.17212 -3.22797
7.99009 -3.33384
7.91973 -3.36582
7.81969 -3.41075
7.68338 -3.46656
7.58211 -3.49453
7.38374 -3.53247
6.81513 -3.63161
5.38748 -3.82724
5.1348 -3.85601
4.87905 -3.88259
4.81343 -3.87966
4.57222 -3.85359
4.406 -3.82408
4.31782 -3.80103
3.95071 -3.69893
3.74519 -3.64101
3.53593 -3.57711
3.38021 -3.49546
3.15609 -3.37684
2.95044 -3.23821
2.38431 -2.66405
2.24541 -2.47459
2.15549 -2.3465
2.08044 -2.23439
2.00198 -2.10995
1.94074 -1.97813
1.88834 -1.83918
1.7406 -1.37475
1.67026 -1.11807
