-0.959515 -0.888013
-0.958324 -1.09265
-0.930768 -1.31583
-0.958347 -1.29892
-0.979096 -0.943749
-0.998154 -1.02654
-1.04313 -1.23144
-1.0142 -1.51228
-1.07847 -1.57871
-1.15008 -1.50043
-1.14682 -1.13997
-1.24129 -1.38442
-1.24346 -1.79821
-1.28852 -1.54469
-1.32992 -1.70433
-1.35749 -1.52738
-1.33567 -1.32557
-1.4199 -1.3846
-1.40288 -1.13093
-1.4984 -1.19318
-1.45933 -1.02677
-1.4101 -0.896695
-1.51592 -0.92779
-1.48924 -0.646065
-1.59593 -0.798817
-1.6077 -1.08806
-1.67853 -0.86447
-1.65738 -0.540784
-1.76885 -0.807194
-1.74318 -1.15728
-1.91459 -1.01296
-1.84917 -1.47796
-1.99015 -1.475
-1.9252 -1.8178
-2.03365 -1.85156
-1.9652 -2.03761
-2.02219 -2.27603
-1.88836 -2.19227
-1.93733 -2.58591
-2.0491 -2.73994
-2.14733 -2.49072
-2.15232 -2.84656
-2.25712 -2.71174
-2.25548 -2.31418
-2.1663 -1.98402
-2.33036 -1.94175
-2.37581 -2.42035
-2.4904 -1.97159
-2.48705 -2.39055
-2.4701 -2.81771
-2.35298 -2.75742
-2.32233 -3.01505
-2.21272 -3.03481
-2.24781 -3.32801
-2.10618 -3.16157
-2.15981 -3.61395
-2.32886 -3.70878
-2.40112 -3.32388
-2.48057 -3.64777
-2.44741 -3.88817
-2.54787 -3.87591
-2.60983 -3.70566
-2.69192 -3.97029
-2.76966 -3.66686
-2.81526 -3.93449
-2.84391 -4.14644
-2.72868 -4.29797
-2.88863 -4.43978
-2.78595 -4.5238
-2.90771 -4.77975
-2.63957 -4.54853
-2.69579 -4.94479
-2.4489 -4.75531
-2.41751 -4.3359
-2.54332 -4.13993
-2.39205 -4.02999
-2.25174 -4.05025
-2.28405 -4.45136
-2.14394 -4.25718
-2.08448 -3.89344
-1.99142 -3.45233
-1.94835 -3.80794
-1.86838 -3.47603
-1.86193 -3.14303
-1.95953 -2.98999
-1.86187 -2.78239
-1.84479 -2.48245
-1.77168 -2.58892
-1.766 -2.25452
-1.80444 -1.86993
-1.68472 -1.93701
-1.72606 -1.56788
-1.61851 -1.65896
-1.64872 -1.36295
-1.5647 -1.40309
-1.48346 -1.47094
-1.51856 -1.72177
-1.57533 -2.0286
-1.4442 -2.12957
-1.41698 -1.69511
-1.35303 -1.97007
-1.36613 -2.25002
-1.28901 -2.26529
-1.19292 -2.14905
-1.12401 -1.88013
-1.13916 -2.30351
-1.07218 -2.0454
-1.0536 -1.77979
-1.02587 -1.9901
-0.984946 -1.6866
-0.956534 -1.94099
-0.928091 -1.62982
-0.924409 -1.91312
-0.952415 -2.24347
-0.990973 -2.22832
-0.988191 -2.47918
-1.02945 -2.45026
-1.06314 -2.27152
-1.09116 -2.59342
-1.02757 -2.63829
-1.06933 -2.87715
-1.13407 -2.8849
-1.14865 -2.64473
-1.2038 -2.89581
-1.21878 -2.5004
-1.28324 -2.71513
-1.27646 -3.10022
-1.33217 -2.99488
-1.3496 -3.31515
-1.40122 -3.07709
-1.37894 -2.74328
-1.45378 -2.98651
-1.47556 -2.74953
-1.44923 -2.50294
-1.3912 -2.41968
-1.54388 -2.48592
-1.32892 -2.47906
-1.57512 -3.03238
-1.67975 -2.70448
-1.74402 -3.23313
-1.77639 -2.88872
-1.72114 -2.4521
-1.65936 -2.30057
-1.65746 -3.32623
-1.70204 -3.58215
-1.82544 -3.71013
-1.74866 -3.98712
-1.91205 -4.13067
-2.02561 -4.11778
-2.05482 -4.43826
-2.1826 -4.53315
-2.16058 -4.73921
-2.02536 -4.73718
-1.94206 -4.45517
-1.87488 -4.57089
-1.84077 -4.31103
-1.72298 -4.32933
-1.61961 -4.00294
-1.64651 -3.75048
-1.54355 -3.68595
-1.50332 -3.88612
-1.43938 -3.6424
-1.4402 -3.96529
-1.33633 -3.62911
-1.32513 -3.83121
-1.24004 -3.58348
-1.26687 -3.86372
-1.1933 -3.72263
-1.14257 -3.34321
-1.22149 -3.24731
-1.16871 -3.1077
-1.11329 -3.08986
-1.07998 -3.13773
-1.02946 -2.93927
-1.05107 -3.06173
-1.00512 -2.79247
-1.00537 -2.72814
-0.969903 -2.56164
-0.964399 -2.55539
-0.930452 -2.29192
-0.902774 -2.02911
-0.907075 -2.10159
-0.876583 -1.91554
-0.893358 -1.77107
-0.872379 -1.67091
-0.923065 -2.2601
-0.924281 -2.42292
-0.974589 -2.54549
-0.972341 -2.64739
-0.934815 -2.37773
-0.968807 -2.60337
-0.912114 -2.21673
-1.00326 -2.71985
-1.02414 -2.92285
-1.02697 -2.92971
-1.00871 -2.75093
-1.04788 -3.0015
-1.04795 -2.83538
-1.09633 -3.08999
-1.34024 -3.55094
-1.40609 -3.72257
-1.3877 -3.77551
-1.28509 -3.6312
-1.26238 -3.39916
-1.20937 -3.36711
-1.2129 -3.56263
-1.1607 -3.32256
-1.15406 -3.47434
-1.12087 -3.29888
-1.08455 -3.23161
-1.13486 -3.48729
-1.09089 -3.25371
-1.15657 -3.58019
-1.13549 -3.43878
-1.19725 -3.76811
-1.1174 -3.39247
-1.0656 -3.16556
-1.01855 -2.85317
-1.23423 -3.96686
-1.29678 -4.06989
-1.27793 -4.12563
-1.27327 -4.12705
-1.37147 -4.31403
-1.35487 -4.3389
-1.32225 -4.25333
-1.27398 -4.04813
-1.35536 -4.2775
-1.29575 -4.00724
-1.33329 -4.15173
-1.28331 -3.91624
-1.33594 -4.08856
-1.29846 -3.92004
-1.23717 -3.73327
-1.20647 -3.68521
-1.23962 -3.82203
-1.18474 -3.6799
-1.22514 -3.81962
-1.3007 -3.82812
-1.34216 -4.0158
-1.38112 -4.02338
-1.36361 -3.85912
-1.43266 -3.99974
-1.44756 -3.85316
-2.29549 -5.50363
-2.1545 -5.46933
-1.9796 -5.32143
-2.01632 -5.40514
-1.85613 -5.22248
-1.89379 -5.29348
-1.7556 -5.10699
-1.79275 -5.16727
-1.65619 -4.99685
-1.60534 -4.93534
-1.73031 -5.00014
-1.58635 -4.82899
-1.51102 -4.73505
-1.51256 -4.77278
-1.46122 -4.61133
-1.44995 -4.52858
-1.39281 -4.43375
-1.4321 -4.52212
-1.43633 -4.42599
-1.38265 -4.29175
-1.3921 -4.28301
-1.44178 -4.40475
-1.4613 -4.3583
-1.40378 -4.18274
-1.71368 -4.75362
-1.60206 -4.61701
-1.55428 -4.46336
-1.49785 -4.52186
-1.56811 -4.67467
-1.50543 -4.63117
-1.64623 -4.77444
-1.6637 -4.89177
-1.72948 -4.92056
-1.82889 -4.97767
-1.83469 -5.11804
-1.47617 -4.60664
-1.4521 -4.38208
-1.55752 -4.7104
-1.5616 -4.57722
-1.68771 -4.85664
-1.68156 -4.69602
-1.80656 -4.88478
-1.77052 -4.64398
-1.62318 -4.43959
-1.60925 -4.22655
-1.54238 -4.21161
-1.4899 -4.28853
-1.53862 -4.07331
-1.37276 -4.07543
-1.925 -4.84987
-1.98387 -5.11169
-1.84624 -5.06359
-1.99843 -5.22796
-1.88082 -5.17154
-1.98672 -5.27915
-1.84759 -5.17262
-1.76998 -5.04398
-1.71717 -5.03519
-1.9481 -5.29912
-1.66088 -4.9114
-1.58541 -4.85313
-2.09931 -5.40465
-2.08885 -5.43346
-2.18971 -5.50404
-2.25277 -5.50063
-2.14184 -5.37845
-2.33846 -5.52791
-2.14937 -5.32445
-2.27526 -5.38744
-2.16153 -5.24408
-2.0973 -5.049
-2.20462 -5.19217
-2.23232 -5.12757
-2.15285 -4.94149
-2.28405 -4.96477
-2.3985 -5.21752
-2.28421 -5.2917
-2.45748 -5.47135
-2.57924 -5.36543
-2.52932 -5.19239
-2.42287 -5.02138
-2.55196 -5.04648
-2.35493 -4.87908
-2.2829 -4.73016
-2.70255 -5.24836
-2.96087 -5.22749
-2.87449 -5.41353
-2.75534 -5.46735
-2.6512 -5.52431
-2.81285 -5.61837
-2.68095 -5.6274
-2.55593 -5.62621
-2.59976 -5.66925
-2.42293 -5.60325
-2.57922 -5.67354
-2.46156 -5.64591
-2.31647 -5.56371
-2.25659 -5.54475
-2.23887 -5.53976
-2.4474 -5.62912
-2.30038 -5.55487
-2.38267 -5.56472
-2.4735 -5.59306
-2.71352 -5.72685
-2.58445 -5.67931
-2.69313 -5.73904
-2.6594 -5.72308
-2.83024 -5.78777
-2.9096 -5.83533
-3.0561 -5.86711
-2.92569 -5.80345
-2.74208 -5.72738
-2.82999 -5.74813
-2.75633 -5.70093
-2.97851 -5.78162
-2.88738 -5.71304
-3.09502 -5.79039
-3.0034 -5.72104
-3.21324 -5.79503
-3.3005 -5.85898
-3.17788 -5.83112
-3.35557 -5.90653
-3.12468 -5.84115
-2.96688 -5.79819
-3.38163 -5.94241
-3.18465 -5.91129
-3.47917 -5.94679
-3.29143 -5.91246
-3.01989 -5.85276
-2.89758 -5.7833
-2.66724 -5.67133
-2.81571 -5.70518
-2.6296 -5.60354
-2.49367 -5.53476
-3.26598 -5.65675
-3.51018 -5.67908
-3.50805 -5.75807
-3.69656 -5.75561
-3.69465 -5.8409
-3.87996 -5.83651
-3.86635 -5.90409
-4.06533 -5.89588
-4.03472 -5.95503
-4.21652 -5.9413
-4.31361 -5.88132
-4.068 -5.77796
-4.32169 -5.70048
-3.9244 -5.57822
-3.8568 -5.72878
-3.67299 -5.64378
-4.55183 -5.53634
-4.61596 -5.73766
-4.50308 -5.82656
-4.69498 -5.85565
-4.55056 -5.90367
-4.45547 -5.95803
-4.77116 -5.92782
-4.66313 -5.96952
-4.57847 -5.99626
-4.8574 -5.97022
-4.78523 -6.02636
-4.61709 -6.04553
-4.35066 -6.02123
-4.42776 -6.01899
-4.74242 -6.01779
-4.45981 -6.02037
-4.18115 -6.01244
-4.30932 -6.00576
-4.66418 -6.01228
-4.50074 -5.99006
-4.10928 -5.96665
-4.35051 -5.95727
-4.17005 -5.92564
-3.9446 -5.93363
-3.84373 -5.95338
-3.74959 -5.9165
-3.61241 -5.94122
-3.54214 -5.89733
-3.79168 -5.88824
-3.57339 -5.84263
-3.74513 -5.80134
-3.57214 -5.76622
-3.66272 -5.74807
-3.58206 -5.69889
-3.74354 -5.70156
-3.60352 -5.58991
-3.80997 -5.57041
-3.91347 -5.67719
-3.88711 -5.76868
-3.97471 -5.83906
-4.06214 -5.73796
-4.20444 -5.81304
-4.12165 -5.8729
-4.00174 -5.89834
-4.2542 -5.87327
-4.41648 -5.90033
-4.36283 -5.83255
-4.54991 -5.82325
-4.66636 -5.87697
-4.57467 -5.94614
-4.82657 -5.92327
-4.72566 -5.96344
-4.81162 -6.00327
-4.94808 -5.95404
-5.10184 -5.9835
-4.95978 -6.00231
-4.89365 -6.01583
-4.96807 -6.0342
-5.15028 -6.00065
-5.0867 -6.02388
-5.28057 -5.9947
-5.50954 -5.97531
-5.39911 -5.98544
-5.71462 -5.95581
-5.57328 -5.96564
-5.29345 -5.9903
-5.42821 -5.9578
-5.05353 -6.01079
-4.85056 -6.04601
-5.12878 -5.95487
-5.05213 -5.91889
-5.02032 -5.86899
-4.87033 -5.85337
-4.83288 -5.76954
-5.01617 -5.78972
-5.00378 -5.64526
-4.77313 -5.6535
-4.84186 -5.53932
-5.24115 -5.57861
-5.20297 -5.71676
-5.47199 -5.63724
-5.75525 -5.63607
-5.98811 -5.54458
-6.25515 -5.53936
-6.10528 -5.62347
-5.94039 -5.64994
-6.06869 -5.72987
-6.33275 -5.67026
-6.3048 -5.74471
-6.17295 -5.7861
-6.43788 -5.77583
-6.23142 -5.82873
-5.8654 -5.80443
-5.91371 -5.87315
-6.12592 -5.89131
-5.79942 -5.9173
-5.60405 -5.87919
-5.78786 -5.93457
-6.0183 -5.92204
-6.09861 -5.91594
-5.90638 -5.92874
-6.26468 -5.90903
-6.0595 -5.93407
-5.89263 -5.93582
-6.22138 -5.89783
-6.07018 -5.90835
-6.35706 -5.87889
-6.56128 -5.86914
-6.72345 -5.8449
-6.55211 -5.83008
-6.23157 -5.86592
-6.40959 -5.81419
-6.06091 -5.82778
-6.29255 -5.71374
-6.59739 -5.73269
-6.53633 -5.62251
-6.30807 -5.50361
-6.10817 -5.64527
-5.99875 -5.55541
-5.94449 -5.35516
-5.71777 -5.55781
-5.53021 -5.37401
-5.68361 -5.10341
-6.05275 -5.08605
-5.88124 -4.94433
-5.7274 -4.77595
-5.92028 -4.83925
-6.08297 -4.89445
-6.05274 -4.73931
-6.22662 -4.80834
-6.38111 -4.64988
-6.4316 -4.93158
-6.74828 -4.69606
-6.95909 -4.89443
-6.71527 -5.14
-6.3351 -5.23341
-6.60345 -5.34308
-6.69866 -5.49221
-6.99283 -5.29466
-6.96799 -5.49595
-6.82655 -5.62461
-7.08917 -5.575
-7.26463 -5.44502
-7.29771 -5.57586
-7.11569 -5.66502
-7.45268 -5.62622
-7.3219 -5.70173
-7.00343 -5.74897
-6.84599 -5.72512
-6.71265 -5.79037
-6.87093 -5.79441
-7.16878 -5.74858
-7.05475 -5.81294
-6.87763 -5.85675
-7.23322 -5.83118
-6.85791 -5.85402
-6.7355 -5.86279
-6.5647 -5.8762
-6.3465 -5.91056
-6.5236 -5.89217
-6.30957 -5.89575
-6.33241 -5.89273
-6.73604 -5.88505
-6.49663 -5.87422
-6.89899 -5.82245
-6.63878 -5.81338
-6.99077 -5.78379
-6.7588 -5.7623
-6.55084 -5.73434
-6.87198 -5.70369
-6.6388 -5.65209
-6.4835 -5.58266
-4.90539 4.26227
-4.80248 4.17369
-4.60659 4.20679
-4.63817 4.09866
-4.44014 4.12272
-4.23992 4.14284
-4.24203 4.00674
-4.00462 4.0301
-3.68619 3.89927
-3.98305 3.86123
-3.65924 3.73076
-3.36272 3.71021
-3.05449 3.56488
-2.80977 3.40369
-2.59182 3.22107
-2.42706 2.97834
-2.01121 2.07934
-2.09602 2.28601
-2.21773 2.40985
-2.23611 2.58481
-2.3185 2.75919
-2.31988 2.59808
-2.3842 2.73323
-2.45646 2.69953
-2.37377 2.38905
-2.15593 2.13265
-2.29378 2.03782
-2.14474 1.82466
-2.02865 1.88423
-1.91146 1.8737
-1.77148 1.772
-1.40919 1.07834
-1.3794 0.927858
-1.4429 0.983786
-1.38227 0.793546
-1.45143 0.825709
-1.37534 0.635424
-1.29668 0.564904
-1.10666 -0.198996
-1.14184 -0.0279102
-1.16211 -0.108418
-1.1895 0.0212508
-1.22672 -0.00860046
-1.23643 0.190357
-1.17653 0.0930187
-1.25488 0.359873
-1.31482 0.417768
-1.32901 0.246685
-1.36846 0.506211
-1.42774 0.665833
-1.43941 0.536509
-1.49356 0.783844
-1.52282 0.644163
-1.42501 0.354566
-1.50518 0.395274
-1.59289 0.612359
-1.5668 0.37246
-1.45976 0.129759
-1.58517 0.173819
-1.65342 0.515839
-1.75218 0.320448
-1.67843 -0.00510502
-1.82939 -0.0448143
-1.72426 -0.253768
-1.8392 -0.507831
-1.98467 -0.304372
-1.98945 0.088615
-2.13282 -0.168884
-2.13762 0.205285
-2.28969 -0.0141962
-2.28003 -0.401187
-2.45696 -0.189817
-2.44131 -0.669029
-2.68142 -0.285868
-2.6113 -0.836833
-2.76147 -0.638369
-2.92433 -0.296211
-2.90388 0.0678789
-3.04296 0.0923312
-3.18115 -0.00571415
-3.19622 0.496887
-3.02997 0.265156
-2.98227 0.454647
-3.10648 0.952706
-3.31595 0.990927
-3.48266 0.862566
-3.49235 1.2817
-3.29166 1.34388
-3.45473 1.67073
-3.68606 1.58685
-3.64204 2.02159
-3.93876 1.83836
-3.90311 2.18923
-3.74456 2.41042
-4.05416 2.45442
-4.05329 2.25453
-4.24972 2.24312
-4.47004 2.54101
-4.62598 2.16321
-4.29053 1.90601
-4.60194 1.84496
-4.84207 1.93331
-5.03577 2.16092
-5.12787 1.86442
-5.38654 2.11351
-5.27013 2.38718
-5.53915 2.33059
-5.47385 2.56394
-5.19756 2.61867
-5.29737 2.86149
-4.98351 2.76403
-4.90932 3.00645
-5.17069 3.14491
-5.54656 3.13215
-5.13687 3.41509
-4.92429 3.2562
-4.78707 3.45003
-4.59461 3.22363
-4.48289 3.51391
-4.23869 3.3046
-4.07745 3.52306
-4.36082 3.722
-4.64567 3.70604
-4.69784 3.5906
-4.88392 3.62787
-4.87784 3.81651
-5.14827 3.68454
-5.47374 3.51691
-5.36604 3.74996
-5.67113 3.70494
-5.70375 3.5027
-5.95207 3.42313
-6.00795 3.63975
-6.11563 3.50167
-6.29886 3.52911
-6.2095 3.37917
-6.45761 3.23625
-6.23244 3.15747
-5.96008 3.07664
-5.72682 3.33793
-5.83907 2.90886
-6.10021 2.68274
-6.3225 2.83558
-6.49526 2.46463
-6.64433 2.65557
-6.83213 2.32649
-6.95867 2.53457
-7.12234 2.18636
-7.25423 2.34506
-7.14995 2.58737
-6.95961 2.80981
-7.19347 2.73778
-7.05842 2.89456
-6.90433 3.07439
-7.17108 2.94473
-7.03134 3.15372
-6.87622 3.28565
-7.00797 3.31309
-6.83132 3.45572
-6.7141 3.42643
-6.68067 3.56185
-6.53365 3.56172
-6.54604 3.7006
-6.74548 3.64515
-6.94854 3.49808
-7.17265 3.33122
-7.19029 3.13087
-7.3654 3.09536
-7.54289 2.9013
-7.65936 2.789
-7.77831 2.69161
-9.44477 -1.4539
-9.40426 -1.21669
-9.39716 -1.03871
-8.68704 1.13815
-8.78769 0.937097
-8.68637 0.970736
-8.59099 1.1881
-8.53551 1.14209
-8.49717 1.35176
-8.59301 1.29411
-8.38733 1.57632
-8.35544 1.37073
-8.22729 1.75375
-8.15963 1.609
-8.08924 1.85766
-8.09193 2.00917
-7.97631 2.21231
-7.97609 2.36167
-7.86092 2.3771
-7.80583 2.26332
-7.68951 2.49765
-7.81925 2.52823
-7.61782 2.71527
-7.4358 2.67624
-7.59305 2.41849
-7.38154 2.47903
-7.38821 2.91487
-7.5513 2.31506
-7.48837 2.20114
-7.39103 2.00131
-7.54965 1.98572
-7.6818 1.98341
-7.59925 2.19372
-7.68123 2.21417
-7.83852 2.01811
-7.9711 2.04113
-7.9994 1.80495
-7.88173 1.7052
-8.06597 1.51241
-8.22893 1.27103
-8.11251 1.24056
-7.98292 1.35919
-8.06979 1.04388
-7.93985 1.18375
-7.82213 1.45286
-7.74978 1.71882
-7.62137 1.70149
-7.71606 1.3516
-7.58982 1.41578
-7.43367 1.64989
-7.25127 1.8837
-7.01956 1.97289
-7.24412 1.57668
-6.88949 1.71756
-6.73408 2.12024
-6.60962 1.98781
-6.50645 2.21651
-6.30341 2.37394
-6.35516 2.11345
-6.02422 2.35067
-5.7258 2.71411
-5.7194 2.42602
-5.753 2.12061
-6.1213 1.9656
-5.86533 1.80949
-6.13637 1.58823
-6.50598 1.73489
-6.50176 1.35378
-6.83818 1.35571
-6.79438 1.02827
-7.06504 1.01777
-7.11221 0.644442
-7.32727 0.802785
-7.19234 1.23728
-7.52967 0.925845
-7.36629 1.25759
-7.47887 1.31204
-7.69489 1.08831
-7.7694 0.752724
-7.9107 0.801278
-7.84867 1.13479
-7.96945 0.97375
-8.0692 0.767779
-8.1784 0.810562
-8.20287 1.00749
-8.3108 0.714918
-8.20209 0.557321
-8.34455 0.376007
-8.22397 0.226657
-8.07003 0.503372
-8.06637 0.231292
-7.9258 0.494971
-7.92957 0.21886
-7.75925 0.507
-7.78576 0.186399
-7.57948 0.508448
-7.61103 0.162261
-7.41335 0.476944
-7.37928 0.250888
-7.14922 0.242669
-6.83986 0.472696
-6.8179 0.779102
-6.59926 0.758028
-6.67797 0.91721
-6.45205 1.03843
-6.31495 0.789132
-6.00013 1.00469
-6.21173 1.28305
-5.93017 1.33236
-5.73902 1.53477
-5.53237 1.14745
-5.41276 1.46086
-5.50208 1.78567
-5.14206 1.55676
-4.79956 1.63512
-4.85191 1.34649
-4.54287 1.3115
-4.44374 1.59341
-4.27296 1.32292
-4.13935 1.54927
-3.89482 1.46962
-3.99544 1.17238
-3.71614 1.19529
-3.73998 0.798961
-3.44309 0.430665
-3.65394 0.421559
-3.9193 0.647397
-3.97083 0.900226
-4.22038 0.990201
-4.1786 0.574946
-3.7677 0.198995
-4.0496 0.0911018
-4.50968 0.488329
-4.635 0.975479
-5.01298 0.798242
-5.10303 1.22675
-5.38309 0.766495
-5.65904 0.893647
-5.8109 0.746226
-6.07302 0.612277
-5.75868 0.432329
-5.59535 0.676623
-5.4054 0.430425
-5.13082 0.501694
-5.07774 0.0836626
-4.799 0.330933
-4.68868 -0.0439504
-4.40907 0.0471526
-4.37426 -0.438724
-4.09246 -0.244522
-3.74963 -0.408029
-3.73904 -0.105436
-3.47419 -0.30918
-3.44511 0.0624755
-3.24119 -0.294613
-3.06059 -0.43197
-3.14084 -0.715873
-2.89634 -0.773126
-2.95735 -1.07751
-2.79978 -1.22912
-2.72667 -0.971963
-2.60644 -1.38689
-2.48543 -1.08619
-2.42172 -1.48727
-2.34476 -1.10542
-2.24499 -0.787845
-2.19345 -1.15861
-2.08888 -0.885246
-2.12318 -0.534741
-1.99207 -0.647661
-2.06192 -1.20211
-2.12099 -1.5233
-2.26465 -1.52015
-2.62723 -1.87955
-2.75551 -1.71888
-2.6886 -2.02167
-2.77672 -2.18107
-2.61541 -2.34658
-2.7787 -2.64894
-2.94035 -2.43538
-2.93253 -1.9342
-3.16816 -2.19233
-3.11478 -1.64371
-3.35935 -1.76766
-3.34721 -2.08256
-3.55093 -2.07041
-3.6019 -1.70716
-3.56809 -1.35706
-3.81048 -1.51491
-3.90718 -1.16446
-3.69875 -0.897488
-3.46294 -1.11368
-3.39375 -0.856108
-3.969 -0.555762
-4.04003 -0.810091
-4.35094 -1.0034
-4.73368 -0.650458
-4.81166 -0.298131
-5.20842 -0.454702
-4.94856 -1.06686
-5.55367 -0.883733
-5.81359 -0.398873
-6.07311 -0.847821
-6.2106 -0.521456
-6.19265 -0.187287
-5.91861 0.0700343
-6.21457 0.178222
-6.53858 -0.0485646
-6.43973 0.434472
-6.74023 0.195992
-6.96302 0.157082
-6.89385 -0.103947
-7.16076 -0.0906502
-7.11892 -0.398705
-7.4098 -0.461816
-7.38366 -0.0538741
-7.60886 -0.317474
-7.54346 -0.0159969
-7.69562 -0.165222
-7.87682 -0.546904
-7.70317 -0.70598
-7.93883 -1.02573
-8.00837 -0.897071
-8.1032 -0.865647
-8.0445 -0.514605
-8.17883 -0.742237
-8.19575 -0.483616
-8.29806 -0.835491
-8.26142 -1.015
-8.37679 -1.1079
-8.36996 -1.34483
-8.51813 -1.35023
-8.4266 -0.96581
-8.54108 -1.05917
-8.64938 -1.29636
-8.67449 -1.67105
-8.77611 -1.59293
-8.78816 -1.97292
-8.89564 -1.95934
-8.85822 -2.29369
-8.95027 -2.45315
-9.01436 -2.10969
-8.95409 -1.7285
-9.02101 -1.73232
-9.09206 -1.99145
-9.07319 -1.49831
-8.95865 -1.34154
-9.01179 -1.08889
-9.08038 -1.01799
-9.151 -1.43057
-9.18491 -1.14335
-9.11641 -0.618466
-9.20714 -0.828577
-9.1749 -0.557893
-9.14219 -0.343193
-9.19642 -0.400535
-9.14999 -0.213548
-9.09196 -0.048354
-9.10844 -0.296942
-9.01873 -0.251195
-8.99239 0.0865908
-8.98871 0.314502
-9.25574 -0.460779
-9.21632 -0.227411
-9.23698 -0.677673
-9.29149 -0.697576
-9.35598 -0.981568
-9.31987 -0.842411
-9.30476 -0.920092
-9.331 -1.21
-9.31049 -1.1272
-9.27065 -0.969944
-9.23886 -1.11401
-9.28154 -1.24247
-9.26274 -1.45945
-9.21873 -1.6432
-9.27808 -1.84519
-9.26102 -2.11901
-9.17064 -1.92155
-9.2292 -2.45253
-9.14692 -2.37044
-9.08301 -2.33479
-9.10926 -2.66834
-9.04108 -2.49946
-9.02206 -2.85494
-8.88887 -2.78205
-8.949 -3.14513
-8.82335 -3.05949
-8.7561 -2.74378
-8.79696 -2.49212
-8.68089 -2.44661
-8.63414 -2.6244
-8.54904 -2.3589
-8.49678 -2.57727
-8.41435 -2.29023
-8.24614 -2.35772
-8.29284 -2.06034
-8.43192 -2.05524
-8.26798 -1.75859
-8.42975 -1.71953
-8.5887 -2.09454
-8.57097 -1.74172
-8.47936 -1.54759
-8.25608 -1.43751
-8.22079 -1.16847
-8.10827 -1.14338
-8.1017 -1.42753
-7.94026 -1.35188
-7.76735 -1.07472
-7.78246 -1.40608
-7.59832 -1.10844
-7.56277 -0.842756
-7.27201 -0.884604
-7.52313 -1.33571
-7.27876 -1.26323
-7.12747 -1.12086
-6.89441 -0.963551
-6.81638 -0.504161
-6.49025 -0.766341
-6.45468 -0.402964
-6.59227 -1.15924
-6.34915 -0.992543
-6.22099 -1.22171
-5.83994 -1.17113
-5.91675 -1.55547
-5.43797 -1.38471
-5.58388 -1.65121
-5.3116 -1.82197
-4.93622 -1.61184
-4.44743 -1.49644
-4.09657 -1.39991
-4.15716 -1.59293
-4.13778 -1.84849
-3.99058 -1.63428
-3.81355 -1.81909
-3.86906 -2.15624
-3.65628 -2.39723
-3.50234 -2.34289
-3.37439 -2.30772
-3.47982 -2.61283
-3.28488 -2.57429
-3.12102 -2.79475
-3.34858 -2.97113
-3.21843 -3.263
-3.46608 -3.55169
-3.58741 -3.02331
-3.68898 -2.6974
-3.91773 -2.54278
-3.86221 -2.94691
-4.28881 -2.81524
-4.01711 -3.27582
-3.74639 -3.37642
-3.92651 -3.71107
-3.70503 -3.75525
-3.63191 -4.07467
-3.3951 -4.18368
-3.16067 -3.71879
-3.14562 -4.21776
-2.95458 -3.93731
-2.94239 -3.55858
-2.80787 -3.17768
-3.02468 -3.23794
-2.92757 -2.86688
-2.64838 -2.8731
-2.59187 -3.32686
-2.98574 -4.27036
-3.08291 -4.57489
-3.29152 -4.5503
-3.27025 -4.84936
-3.37709 -4.74801
-3.47829 -4.62814
-3.47393 -4.8973
-3.73031 -4.82811
-3.61155 -4.44377
-3.85183 -4.3994
-4.10407 -4.72583
-4.11679 -4.41516
-4.39688 -4.52089
-4.27508 -4.18917
-4.01285 -4.11515
-4.16809 -3.8506
-4.42788 -3.89946
-4.59182 -4.20691
-4.7181 -3.8626
-4.94775 -4.1153
-5.03878 -3.74041
-4.79428 -3.51193
-4.55004 -3.63283
-4.53797 -3.26731
-4.32764 -3.58445
-4.24427 -3.29301
-4.78652 -2.83626
-4.62941 -2.56827
-4.80499 -2.54731
-4.79528 -2.29838
-5.01523 -2.51247
-5.1521 -2.19152
-5.38712 -2.47338
-5.16529 -2.7766
-5.44398 -2.78826
-5.66647 -2.65883
-5.79774 -2.31377
-6.02091 -2.73751
-5.67236 -3.01901
-6.05224 -3.18172
-6.38694 -2.97521
-6.34383 -2.67183
-6.52229 -2.76296
-6.56882 -2.53718
-6.79567 -2.89961
-6.98046 -2.40088
-7.20541 -2.80597
-7.30849 -2.5801
-7.46239 -2.34945
-7.55296 -2.77955
-7.79556 -2.58585
-7.85756 -2.21242
-8.09278 -2.65714
-8.04335 -1.79805
-7.70633 -1.72731
-7.37886 -1.60136
-7.52397 -1.96523
-7.11165 -1.909
-7.00284 -1.37996
-6.54198 -1.66375
-6.80025 -2.02384
-6.54002 -2.15459
-6.11823 -1.98309
-5.69483 -1.89561
-5.46664 -2.12728
-4.94758 -1.97025
-6.23015 -2.38811
-8.40597 -2.84943
-8.21698 -2.99275
-7.93357 -2.92009
-8.14184 -3.31377
-8.42407 -3.22415
-8.42815 -3.51644
-8.65651 -3.49481
-8.59472 -3.78405
-8.80229 -3.8326
-8.8819 -3.59752
-8.75982 -3.27955
-8.89017 -3.33405
-8.65232 -2.91742
-8.59525 -3.16503
-9.00661 -3.46745
-9.03354 -3.76097
-9.10414 -3.65978
-9.12836 -3.4063
-9.04905 -3.20941
-9.12599 -3.04668
-9.18837 -3.18954
-9.23013 -3.43525
-9.19581 -3.68861
-9.29595 -3.70891
-9.24774 -3.93979
-9.14573 -3.89837
-9.20913 -4.09589
-9.13966 -4.12791
-9.0661 -3.97012
-9.03955 -4.13433
-8.9686 -3.90589
-8.90449 -4.10082
-8.72333 -4.07039
-8.84053 -4.31281
-8.98274 -4.3255
-8.92584 -4.4699
-9.00798 -4.55808
-9.1127 -4.37181
-9.11523 -4.63814
-9.20812 -4.50897
-9.19279 -4.69935
-9.2681 -4.59469
-9.23535 -4.8067
-9.0939 -4.89192
-9.16351 -5.0441
-9.28186 -4.88694
-9.26508 -5.03572
-9.37056 -4.84935
-9.32108 -5.02148
-9.36921 -4.91283
-9.28001 -5.09242
-9.22299 -5.15672
-9.15051 -5.24212
-9.08684 -5.2885
-8.99951 -5.38113
-9.04836 -5.31629
-8.88485 -5.45073
-8.93438 -5.37365
-8.7621 -5.50442
-8.37825 -5.64962
-8.03946 -5.71686
-7.81213 -5.71651
-7.80396 -5.73636
-7.56871 -5.76524
-7.74844 -5.75118
-7.52452 -5.77364
-7.21311 -5.83159
-7.5272 -5.79846
-7.60475 -5.78227
-7.41831 -5.78789
-7.64389 -5.77865
-7.72962 -5.73879
-7.55128 -5.7387
-7.85534 -5.67777
-7.64893 -5.66786
-7.95999 -5.6147
-7.76567 -5.56621
-8.07583 -5.48771
-7.85354 -5.45895
-8.03321 -5.34961
-7.7789 -5.3677
-7.56952 -5.49663
-7.54864 -5.37434
-7.4177 -5.25859
-7.30737 -5.02009
-7.67589 -5.1062
-7.67239 -4.89609
-7.47165 -4.76429
-7.85078 -4.62393
-7.47312 -4.47712
-7.75885 -4.3592
-7.95348 -4.359
-7.87945 -4.16498
-8.09118 -4.20437
-8.00462 -4.04649
-7.83645 -3.86215
-7.61306 -4.16844
-7.36879 -3.89886
-7.57972 -3.54103
-7.23004 -3.50696
-7.42351 -3.28526
-7.162 -3.14882
-7.41337 -3.04059
-7.71104 -3.19329
-6.89503 -3.36059
-6.61517 -3.23178
-6.36284 -3.35989
-6.62105 -3.5487
-6.3676 -3.6414
-6.10969 -3.54479
-5.74727 -3.46215
-5.91594 -3.7583
-6.19279 -3.84531
-5.89518 -4.08788
-5.62884 -3.8351
-5.53417 -4.12756
-5.29406 -3.96209
-5.37788 -3.60681
-5.44728 -3.29371
-5.1213 -3.34793
-5.31516 -3.0398
-5.0446 -3.03708
-4.85029 -3.20023
-5.24449 -4.31936
-4.83225 -4.53977
-5.26497 -4.70845
-4.92114 -4.87969
-4.51659 -4.91774
-4.88716 -5.17513
-4.46864 -5.3147
-4.07764 -5.13021
-4.15816 -5.40003
-4.31598 -5.51463
-4.06586 -5.57852
-4.32266 -5.68601
-4.59966 -5.55515
-4.59561 -5.71589
-4.4318 -5.76911
-4.32809 -5.77356
-4.83694 -5.79415
-4.85217 -5.65909
-5.06714 -5.71861
-5.11967 -5.60525
-4.89329 -5.5377
-4.78979 -5.41386
-5.12823 -5.41571
-5.29284 -5.18116
-5.4072 -5.55935
-5.36987 -5.70571
-5.54904 -5.63923
-5.66192 -5.69538
-5.899 -5.67335
-5.82762 -5.78094
-5.56987 -5.78896
-5.36609 -5.80797
-5.14906 -5.79854
-5.23908 -5.86019
-4.99331 -5.86596
-5.08754 -5.90866
-5.16325 -5.94054
-5.36445 -5.90858
-5.31645 -5.93836
-5.36941 -5.96306
-5.14542 -5.98764
-5.57468 -5.91698
-5.77642 -5.94084
-5.90567 -5.89194
-5.6871 -5.86668
-5.45202 -5.84808
-6.04083 -5.73388
-6.07569 -5.90857
-4.82581 -5.86215
-5.14785 -4.99315
-5.41502 -4.96108
-5.61862 -4.41875
-6.06169 -4.4579
-6.31079 -4.13295
-6.48729 -4.375
-6.68365 -4.11673
-6.52034 -3.8572
-6.9137 -3.78633
-7.02774 -4.15027
-6.79236 -4.33457
-7.03989 -4.48067
-7.31368 -4.23805
-7.20549 -4.69564
-6.99595 -4.69744
-6.69246 -4.51352
-7.24427 -4.84664
-6.99501 -5.09437
-3.90581 -5.39433
-3.64479 -5.41117
-3.72078 -5.18333
-3.58259 -5.04092
-3.43006 -5.17121
-3.14478 -5.04746
-3.09977 -4.82874
-3.22481 -5.32689
-3.14083 -5.44563
-3.03955 -5.49922
-3.22931 -5.59433
-3.12647 -5.67249
-2.93073 -5.57582
-3.37475 -5.75546
-3.39966 -5.8544
-3.42535 -5.62868
-3.28502 -5.50454
-3.43119 -5.45652
-3.48863 -5.72058
-7.88683 -3.506
-8.12951 -3.65057
-8.28251 -3.55002
-8.36736 -3.74513
-8.19124 -3.96728
-8.48563 -4.02736
-8.33832 -4.25138
-8.61748 -4.33708
-8.4219 -4.51682
-8.61698 -4.59519
-8.80287 -4.55536
-8.68709 -4.80863
-8.90309 -4.73714
-8.83027 -4.93371
-8.6685 -5.10083
-8.86365 -5.05047
-8.84468 -5.19508
-8.68135 -5.28914
-8.75114 -5.36157
-8.56922 -5.42109
-8.51387 -5.31142
-8.36007 -5.46206
-8.28277 -5.33727
-8.208 -5.57027
-8.41864 -5.55337
-8.1844 -5.63796
-8.46784 -5.59063
-8.3018 -5.65764
-8.05682 -5.67824
-7.89255 -5.6972
-7.96005 -5.71586
-7.83423 -5.74978
-8.10435 -5.70392
-7.99013 -5.72767
-8.30187 -5.68133
-8.14036 -5.7064
-7.94916 -5.74279
-7.77811 -5.76617
-7.80098 -5.74649
-8.55797 -5.61245
-8.51737 -5.63521
-8.37195 -5.66926
-8.62616 -5.59423
-8.54118 -5.59985
-8.16098 -5.69631
-8.75518 -5.51176
-8.68747 -5.50646
-8.63028 -5.48946
-8.82069 -5.40503
-8.87675 -5.41098
-9.00191 -5.26673
-8.89783 -5.28473
-9.00545 -5.13365
-8.97057 -5.05385
-8.95794 -4.91428
-9.02539 -4.75656
-8.92325 -4.58404
-9.13681 -5.19139
-9.01585 -5.3198
-8.93134 -5.40486
-8.82516 -5.49811
-8.69907 -5.55731
-8.4294 -5.18551
-8.4028 -4.96035
-8.19525 -5.17594
-8.00686 -4.95966
-7.90991 -5.21203
-7.67957 -5.27288
-8.23558 -4.71128
-8.48808 -4.72586
-8.15775 -4.44636
-7.35766 -5.74094
-7.25896 -5.77837
-7.53213 -5.74099
-7.29285 -5.75213
-7.06414 -5.74022
-7.34859 -5.69388
-7.10327 -5.69975
-7.11694 -5.64072
-6.88876 -5.61814
-7.37275 -5.59561
-7.63483 -5.62584
-7.62166 -5.6826
-7.50828 -5.72072
-7.68136 -5.69819
-7.86366 -5.64787
-9.31432 -4.99094
-9.2013 -5.15638
-9.36437 -4.88315
-9.40723 -4.75729
-9.42561 -4.72964
-9.44174 -4.62819
-9.55364 -4.19616
-9.54396 -4.00911
-9.48419 -4.16285
-9.4832 -4.39506
-9.43688 -4.30242
-9.41287 -4.46498
-9.41521 -4.6169
-9.45987 -4.55578
-9.35438 -4.64865
-9.52055 -4.40164
-9.49124 -4.51887
-9.54919 -4.31117
-9.37602 -4.42631
-9.39799 -4.31537
-9.36405 -4.20535
-9.42914 -4.10363
-9.37644 -3.87915
-9.44146 -3.8584
-9.49784 -3.90941
-9.49409 -3.7028
-9.54643 -3.66314
-9.5944 -3.27196
-9.60465 -3.48765
-9.56941 -3.4913
-9.55881 -3.32604
-9.51438 -3.39569
-9.55323 -3.13661
-9.47821 -2.984
-9.4599 -3.2052
-9.42654 -3.36492
-9.39957 -3.04285
-9.36329 -3.29271
-9.36627 -3.5564
-9.30831 -3.37959
-9.4365 -3.63707
-9.32296 -3.99698
-9.31816 -3.06475
-9.26448 -3.13492
-9.26993 -2.83146
-9.18969 -2.82609
-9.31438 -2.63948
-9.40164 -2.69482
-9.454 -2.54468
-9.52674 -2.82426
-9.50564 -2.59958
-9.47659 -2.38304
-9.40887 -2.05872
-9.48481 -2.17092
-9.44817 -1.92452
-9.38646 -1.6895
-9.43777 -1.68963
-9.393 -1.45023
-9.34377 -1.44591
-9.34867 -1.537
-9.32382 -1.33986
-9.31266 -1.51085
-9.35604 -1.71637
-9.33579 -1.79917
-9.34887 -2.24235
-9.49017 -1.90068
-9.50773 -2.37251
-9.51895 -2.52933
-9.55749 -2.62858
-9.54397 -2.67982
-9.57808 -2.78102
-9.58677 -2.9917
-9.48883 -2.03568
-9.28547 -4.20223
-9.32705 -4.42642
-9.26424 -4.41353
-9.20735 -4.28959
-4.55984 -1.97744
-4.48847 -2.37996
-4.20189 -2.2798
-4.12224 -3.54219
-3.81295 -4.02449
-8.69737 -2.00668
-8.71683 -2.26849
-8.77733 -2.22413
-8.8806 -2.53259
-8.87374 0.776047
-8.80756 0.763816
-8.91602 0.591709
-8.86483 0.547495
-8.75084 0.71429
-8.60842 0.820196
-8.72772 0.587257
-8.8095 0.52957
-8.79825 0.424128
-8.88957 0.318711
-8.82394 0.216862
-8.74364 0.425396
-8.70611 0.305866
-8.65002 0.546696
-8.56665 0.438573
-8.57754 0.658333
-8.45687 0.790534
-8.47037 1.06004
-8.36732 1.10499
-8.31531 0.981564
-8.44044 0.496049
-8.49243 0.144805
-8.36307 0.12017
-8.43111 -0.0595295
-8.33532 -0.0920458
-8.17204 -0.0840639
-8.33428 -0.404092
-7.99089 -0.134243
-8.04277 0.0572512
-8.34534 -0.681588
-8.46879 -0.727614
-8.48432 -0.366123
-8.54782 -0.671742
-8.64113 -0.655959
-8.61413 -0.225341
-8.50259 -0.121157
-8.64874 0.0911798
-8.75525 -0.222632
-8.76554 0.0585134
-8.87412 -0.14914
-8.84785 -0.463999
-8.94789 -0.509889
-8.93018 0.0562426
-9.03272 -0.62822
-8.9998 -0.807127
-8.92371 -0.839246
-8.81546 -0.673392
-8.78752 -0.454548
-8.7263 -0.497361
-8.75488 -0.796361
-8.73818 -1.11709
-8.60086 -0.927085
-8.84849 -1.03775
-8.87088 -1.46987
-7.93188 -0.330379
-7.81947 -0.134144
-6.18492 0.406413
-6.02375 0.349484
-5.52705 0.0314325
-3.30832 -1.32569
-3.11646 -1.18478
-2.92853 -1.46338
-4.07374 2.0941
-5.04747 4.288
-5.26481 4.24062
-5.04622 4.16644
-5.26368 4.1298
-5.42066 4.14048
-5.41367 4.04038
-5.63036 4.05586
-5.5414 4.20895
-5.71482 4.13597
-5.87548 4.04455
-5.81918 4.1479
-5.717 4.20668
-5.86551 4.21939
-5.9289 4.11937
-6.20467 4.01839
-6.37019 3.86725
-6.12617 3.90747
-6.04004 4.04651
-5.86438 3.86543
-6.13309 3.74298
-6.343 3.72474
-6.57868 3.38247
-5.59437 3.91977
-5.39443 3.89776
-5.18638 4.03181
-5.14066 3.88175
-4.86428 4.01887
-4.59104 3.89571
-4.64012 4.01456
-4.47293 4.00921
-4.29107 3.88132
-4.11372 3.7411
-3.87513 3.66964
-3.79232 3.51248
-3.63075 3.57395
-3.39628 3.57451
-3.46805 3.47941
-3.58725 3.38345
-3.40696 3.35777
-3.30998 3.41663
-3.24619 3.2294
-3.18483 3.33329
-3.13524 3.41265
-3.17767 3.5528
-2.94451 3.38586
-2.9384 3.25204
-2.76112 3.17081
-2.73049 3.26167
-2.5824 3.0808
-2.61065 2.92761
-2.44953 2.87292
-2.63967 2.65561
-2.80883 3.02966
-2.90077 2.88198
-3.04037 3.18762
-3.09675 3.0176
-3.26424 2.96983
-3.41977 3.19452
-3.42485 3.03064
-3.43744 2.78953
-3.21072 2.69807
-3.03723 2.73054
-3.07354 2.44381
-2.91505 2.44299
-2.80632 2.5701
-2.76108 2.30232
-2.7012 2.40141
-2.58156 2.19086
-2.62923 2.42788
-2.69665 2.5164
-2.53273 2.36837
-2.43886 2.19013
-2.40958 1.98829
-2.27013 1.70635
-2.48946 1.81657
-2.36663 1.43518
-2.1772 1.26839
-2.09416 1.52404
-2.01491 1.65107
-1.97552 1.39725
-1.88537 1.52049
-1.94199 1.72995
-1.85935 1.69552
-1.76583 1.55942
-1.61738 1.6148
-1.65116 1.40068
-1.51935 1.43476
-1.51863 1.30515
-1.50168 1.1592
-1.57519 1.25649
-1.5824 1.36372
-1.63641 1.17875
-1.53137 1.03277
-1.59579 0.930977
-1.68159 1.0492
-1.62015 0.830146
-1.69855 0.841774
-1.76517 1.1018
-1.82159 0.986035
-1.87332 1.24589
-1.93897 1.12592
-2.04963 1.26253
-2.02373 0.992655
-2.14412 0.871406
-2.29687 1.06622
-2.25572 0.69659
-2.39204 0.899171
-2.45911 1.2036
-2.5294 1.51798
-2.65097 1.33967
-2.54986 0.931843
-2.74292 1.02174
-2.806 1.34408
-2.79332 1.56156
-2.90114 1.52432
-2.94507 1.23764
-3.04709 1.63762
-2.91273 1.79522
-3.15087 2.08854
-3.24327 1.70465
-3.38284 1.98846
-3.45201 2.36575
-3.25833 2.49205
-3.63269 2.64183
-3.71806 2.90046
-3.60052 3.11798
-3.85125 3.136
-3.98083 2.96169
-3.87258 2.6984
-4.19043 2.77504
-4.2634 3.06162
-4.56575 2.88963
-4.74609 2.7132
-4.90912 2.48597
-4.80332 2.85008
-4.05821 3.15965
-3.99757 3.30581
-3.81157 3.33685
-2.88195 2.13528
-3.12968 1.38791
-2.86712 0.737846
-2.63025 0.54056
-2.77865 0.255475
-2.59881 0.0914056
-2.4451 0.213775
-2.41853 0.597409
-2.28251 0.350343
-2.15777 0.482699
-2.13568 0.648512
-2.01826 0.550543
-2.70388 1.75152
-2.67613 2.04894
-1.90024 0.823231
-1.86321 0.544975
-1.77091 0.68661
-1.88367 0.298642
-1.76097 1.30579
-6.75179 3.27691
-6.68239 3.20388
-6.70918 3.0141
-6.51475 2.95284
-6.75346 2.79499
-1.63232 -0.228277
-1.52728 -0.325178
-1.57122 -0.0863867
-1.47373 -0.118506
-1.39426 -0.414963
-1.3383 -0.238072
-1.29448 -0.516698
-1.22794 -0.527689
-1.23199 -0.280957
-1.34895 0.0530838
-1.26442 -0.0659732
-1.15641 -0.302114
-1.14948 -0.583067
-1.0933 -0.658119
-1.0777 -0.479229
-1.00401 -0.649284
-1.02026 -0.771479
-1.04025 -0.914145
-1.08975 -0.891755
-1.1651 -0.812592
-1.24751 -0.713759
-1.27674 -1.01112
-1.34169 -0.694523
-1.42297 0.236161
-5.30591 -5.91596
-5.42408 -5.86755
-5.24547 -5.85594
-5.43514 -5.84095
-5.34702 -5.78389
-5.6035 -5.77043
-5.57775 -5.83305
-5.83644 -5.72999
-5.16478 -5.81278
-3.80111 -5.97056
-3.61376 -5.95066
-3.67174 -5.977
-3.97476 -5.99345
-3.81613 -5.98631
-3.55857 -5.97405
-3.81502 -5.98532
-3.61676 -5.9542
-3.38469 -5.92158
-3.14598 -5.86569
-3.25555 -5.86676
-3.03519 -5.79115
-3.16128 -5.79417
-2.92211 -5.68594
-2.73982 -5.62355
-2.73877 -5.57276
-3.09381 -5.68327
-3.32023 -5.76913
-3.34456 -5.84382
-3.5054 -5.84636
-3.46281 -5.90335
-3.66558 -5.91004
-3.8344 -5.95682
-4.02243 -5.98351
-4.08113 -6.01188
-4.19587 -6.00299
-4.35234 -5.98847
-4.20861 -5.9762
-4.2509 -6.03307
-1.09026 -3.18642
-1.27382 -3.3839
-1.47607 -3.31854
-1.59758 -3.45405
-2.3185 2.75919
-9.35598 -0.981568
