-9.49017 -1.90068
-9.44477 -1.4539
-9.39716 -1.03871
-9.21632 -0.227411
-8.87374 0.776047
-8.68704 1.13815
-7.97609 2.36167
-7.77831 2.69161
-7.17265 3.33122
-6.94854 3.49808
-6.74548 3.64515
-6.20467 4.01839
-5.86551 4.21939
-5.04747 4.288
-4.23992 4.14284
-3.68619 3.89927
-3.05449 3.56488
-2.80977 3.40369
-2.59182 3.22107
-2.42706 2.97834
-1.61738 1.6148
-1.51935 1.43476
-1.40919 1.07834
-1.14184 -0.0279102
-1.00401 -0.649284
-0.959515 -0.888013
-0.872379 -1.67091
-0.876583 -1.91554
-0.924281 -2.42292
-1.0656 -3.16556
-1.23423 -3.96686
-1.27327 -4.12705
-1.51256 -4.77278
-1.60534 -4.93534
-1.89379 -5.29348
-2.01632 -5.40514
-2.23887 -5.53976
-2.46156 -5.64591
-2.9096 -5.83533
-3.18465 -5.91129
-3.55857 -5.97405
-4.2509 -6.03307
-4.61709 -6.04553
-4.85056 -6.04601
-6.73604 -5.88505
-7.23322 -5.83118
-7.5272 -5.79846
-7.77811 -5.76617
-7.94916 -5.74279
-8.37195 -5.66926
-8.51737 -5.63521
-8.62616 -5.59423
-8.82516 -5.49811
-8.99951 -5.38113
-9.15051 -5.24212
-9.28001 -5.09242
-9.32108 -5.02148
-9.36921 -4.91283
-9.49124 -4.51887
-9.54919 -4.31117
-9.60465 -3.48765
-9.58677 -2.9917
-9.57808 -2.78102
