-9.76031 2.5404
-9.67733 3.13387
-9.63093 3.32692
-9.51238 3.79294
-9.43794 4.0341
-9.35737 4.27424
-9.00372 5.23061
-8.76593 5.8273
-8.50522 6.22147
-8.27519 6.50776
-8.15276 6.62689
-7.61638 7.04235
-7.19126 7.25516
-6.93444 7.35016
-6.71965 7.41927
-6.51763 7.46755
-6.1778 7.46627
-5.81679 7.44803
-5.52509 7.41765
-4.37703 7.10687
-4.21399 7.06147
-3.7523 6.88192
-3.60883 6.79353
-3.50866 6.70281
-2.99749 5.8124
-1.86347 2.91995
-1.8214 2.48166
-1.81384 2.21404
-2.02956 1.22586
-2.17629 0.881645
-2.19923 0.829987
-2.26011 0.701427
-2.42061 0.366511
-2.50201 0.209626
-2.62282 0.0137879
-2.72674 -0.134162
-2.90918 -0.389116
-2.98601 -0.484523
-3.09466 -0.59454
-3.21317 -0.701132
-3.38078 -0.841093
-3.57918 -0.977906
-3.84462 -1.11266
-4.10929 -1.21238
-4.40953 -1.31267
-4.65708 -1.3793
-4.88146 -1.43305
-5.11912 -1.47557
-5.33809 -1.48279
-5.52801 -1.46074
-7.17036 -1.18915
-7.49306 -1.12099
-7.87054 -0.996337
-8.0709 -0.908575
-8.18407 -0.827432
-8.32584 -0.723782
-8.64542 -0.431553
-8.8268 -0.235043
-9.00375 -0.0110813
-9.14588 0.200731
-9.34091 0.558054
-9.43453 0.732673
-9.59006 1.10997
-9.65422 1.29405
-9.68317 1.43013
-9.72513 1.63088
-9.77584 2.15252
