-2.95533 6.89772
-3.13399 6.66937
-3.30884 6.4886
-3.18452 6.51322
-3.34115 6.30541
-3.15507 6.37209
-3.29385 6.17397
-3.40612 6.11032
-3.47176 6.12531
-3.54112 5.91918
-3.40485 5.91988
-3.55979 5.64561
-3.67161 5.64664
-3.64347 5.84978
-3.76769 5.70502
-3.7881 5.50075
-3.74537 5.388
-3.84859 5.2873
-3.99351 4.65316
-4.02591 4.54988
-4.01781 4.50428
-4.0158 4.34373
-4.04754 4.09395
-4.06209 4.12168
-4.07287 4.03627
-4.068 2.89993
-4.0909 3.06406
-4.02742 2.9802
-4.02456 2.78542
-4.04866 2.7242
-4.00068 2.56453
-3.9788 2.75313
-3.95406 2.46537
-3.97394 2.28562
-4.00911 2.37303
-3.99355 2.1361
-3.96117 1.99741
-3.97379 1.87118
-3.91391 1.66139
-3.95907 1.65974
-3.92556 1.44262
-3.97255 1.60167
-3.99006 1.79498
-4.00374 1.75941
-3.99054 1.58721
-3.96886 1.44542
-4.0014 1.51568
-4.00054 1.67706
-4.01517 1.71645
-3.99131 1.3918
-3.96865 1.334
-3.91798 1.27569
-3.83839 1.1885
-3.85347 1.37979
-3.78368 1.19832
-3.56543 0.858001
-3.67554 1.04095
-3.56854 0.984652
-3.68001 1.23872
-3.81474 1.46428
-3.73077 1.5034
-3.80646 1.68758
-3.86178 1.66703
-3.89674 1.8941
-3.80151 1.92539
-3.87144 2.21216
-3.93431 2.16897
-3.88024 2.53701
-3.92256 2.74933
-3.85081 2.81541
-3.90614 2.97537
-3.96815 2.97533
-4.00719 3.1754
-4.06218 3.22832
-3.99525 3.47634
-4.04959 3.4863
-4.10132 3.24956
-4.04283 3.78915
-4.06993 3.87055
-4.06076 3.75906
-4.00789 4.05519
-4.0137 3.88134
-4.00018 3.81069
-3.966 4.15052
-3.9751 4.37259
-4.00208 4.27986
-3.99903 4.48287
-3.9694 4.64224
-3.98039 4.81419
-3.9254 4.88694
-3.98137 4.96361
-3.93059 5.1054
-3.86654 5.09474
-3.80737 5.19474
-3.82186 4.94543
-3.72883 5.20962
-3.66423 5.44251
-3.6064 5.27701
-3.43876 5.57534
-3.49093 5.19273
-3.61875 4.85618
-3.71453 4.9456
-3.72885 4.67869
-3.80399 4.66685
-3.78446 4.42209
-3.84227 4.39317
-3.90826 4.54648
-3.90671 4.2143
-3.84269 4.08123
-3.93445 3.86421
-3.87544 3.75768
-3.93131 3.5639
-3.85891 3.49491
-3.93907 3.24864
-3.84274 3.12023
-3.78602 3.33878
-3.76551 3.678
-3.83462 3.79398
-3.77789 3.96937
-3.69248 4.09206
-3.76188 4.20825
-3.70102 4.46408
-3.57981 4.50053
-3.50621 4.88847
-3.41824 4.74693
-3.48678 4.32621
-3.58965 4.11718
-3.51524 3.96774
-3.6331 3.72574
-3.52248 3.64332
-3.59629 3.26662
-3.43145 3.42557
-3.47574 3.11773
-3.53233 2.88245
-3.40476 2.8873
-3.40737 2.55997
-3.24594 2.75492
-3.33974 3.13267
-3.17674 3.03779
-2.99407 2.77254
-3.00318 3.2067
-3.22249 3.32693
-3.09622 3.60309
-3.28972 3.60094
-3.33031 3.37265
-3.38851 3.86364
-3.17489 4.01048
-3.2939 4.25913
-3.41529 4.17259
-3.36212 4.47487
-3.24521 4.56546
-3.26943 4.79959
-3.27926 5.09911
-3.39775 5.11889
-3.2973 5.35068
-3.1599 5.45624
-3.27251 5.64736
-3.37885 5.38703
-3.31878 5.84808
-3.282 6.03862
-3.19575 6.16868
-3.20346 5.97294
-3.06196 6.19056
-2.99207 6.453
-2.99559 6.64313
-2.82797 6.61818
-2.90868 6.35728
-2.76293 6.39764
-2.90659 6.07839
-3.10192 5.85239
-2.97276 5.70796
-3.01236 5.38714
-3.13945 5.10681
-2.9778 5.09219
-3.13683 4.80546
-3.04344 4.79196
-3.12269 4.50251
-2.91787 4.78326
-2.97137 4.3282
-2.95264 3.93285
-2.83496 3.54197
-2.72124 3.92958
-2.8253 4.19917
-2.66648 4.25987
-2.75492 4.56648
-2.51835 4.54772
-2.59074 4.84435
-2.69959 4.98893
-2.77705 5.21606
-2.80516 5.57454
-2.62979 5.52029
-2.54268 5.86562
-2.6902 5.92735
-2.82016 5.88427
-2.72042 6.15107
-2.54725 6.17573
-2.57717 6.44669
-2.6323 6.70923
-2.43382 6.74247
-2.36082 6.48586
-2.23403 6.79894
-2.12003 6.64651
-2.20218 6.35283
-1.95404 6.4896
-2.09256 6.21321
-1.88888 6.20647
-2.12234 5.8963
-2.29386 6.03091
-2.40377 5.60291
-2.2173 5.61114
-2.28446 5.2815
-2.50671 5.1705
-2.43285 4.9153
-2.26675 4.87151
-2.38182 4.70207
-2.28246 4.46029
-2.10645 4.70384
-2.07727 5.11455
-1.88564 4.80392
-1.99377 4.2587
-1.77944 4.39663
-1.75877 4.01868
-1.88399 3.85004
-2.04848 3.82473
-1.91572 3.61406
-1.74814 3.60291
-1.88193 3.34524
-2.06341 3.49857
-2.04851 3.16394
-1.87434 3.05543
-1.99841 2.83608
-2.25389 2.91873
-2.12568 2.56008
-1.9449 2.57156
-2.01519 2.35014
-1.82186 2.37799
-1.99931 2.07446
-2.20483 2.22447
-2.19774 1.89087
-1.98107 1.72288
-2.21688 1.59231
-2.41209 1.78867
-2.37646 2.04882
-2.58503 2.01365
-2.51323 2.25737
-2.70476 2.25106
-2.68617 2.59472
-2.89365 2.40432
-2.8453 2.08481
-3.01539 2.29687
-3.08507 2.51617
-3.19175 2.39569
-3.06048 2.14184
-3.26792 2.13681
-2.9635 1.82127
-2.65749 1.77782
-2.68977 1.52736
-2.44641 1.53153
-2.4692 1.26167
-2.24601 1.33344
-2.24464 1.13057
-2.35394 0.993817
-2.5985 1.05788
-2.47865 0.819021
-2.24263 0.808919
-2.26816 0.635563
-2.49023 0.64838
-2.66772 0.730069
-2.60978 0.576744
-2.71927 0.629365
-2.82695 0.695843
-2.76758 0.548835
-2.92885 0.648999
-2.92891 0.528754
-2.74352 0.403506
-2.58233 0.444844
-2.40634 0.509726
-2.38778 0.379373
-2.53197 0.323596
-2.28304 0.26877
-1.72284 0.18518
-2.03652 0.280119
-2.21939 0.342873
-2.09564 0.388731
-2.26975 0.416911
-2.2106 0.488055
-1.99439 0.500483
-2.02008 0.687581
-1.75389 0.548595
-1.76702 0.443959
-1.80948 0.343868
-1.50258 0.392167
-1.5315 0.267589
-1.32725 0.171603
-0.992445 0.0791677
-0.603379 0.0519599
-0.722531 0.140581
-1.04952 0.198085
-1.30839 0.266634
-1.15463 0.319613
-1.25155 0.428515
-1.45043 0.563274
-1.75623 0.74271
-1.49429 0.725181
-1.61552 0.89422
-1.83254 0.909527
-2.05798 0.932991
-1.85303 1.09643
-2.08867 1.16818
-2.00177 1.38816
-1.73447 1.33985
-1.843 1.54697
-1.81375 1.70628
-1.75902 1.9713
-1.63194 1.63265
-1.4554 1.97878
-1.55853 2.39236
-1.68122 2.59047
-1.79246 2.77293
-1.55373 2.85431
-1.69935 3.18265
-1.50754 3.23908
-1.58288 3.47169
-1.57442 3.82271
-1.60283 4.25521
-1.37144 4.07817
-1.41578 3.56623
-1.16661 3.65397
-1.30688 3.15975
-1.04447 3.26515
-1.10941 2.83915
-1.33866 2.69528
-1.20453 2.59736
-1.26695 2.33745
-1.0804 2.5125
-1.03155 2.24767
-0.961537 2.42395
-0.892251 2.62196
-0.8783 2.99678
-0.674676 2.7842
-0.709311 2.46958
-0.847146 2.3134
-0.648216 2.18539
-0.865808 1.95938
-0.555773 1.8153
-0.796571 1.58974
-1.04249 1.66898
-0.985619 1.42794
-1.13081 1.51019
-1.184 1.35447
-1.30061 1.62534
-1.44156 1.33196
-1.27282 1.22631
-1.32945 1.11081
-1.10003 1.15779
-1.17067 0.985816
-0.956151 0.997126
-1.06869 0.802727
-1.36269 0.941043
-1.36554 0.795366
-1.24655 0.653355
-0.944647 0.593742
-0.775818 0.69439
-0.599283 0.554117
-0.569424 0.704753
-0.390016 0.647853
-0.188639 0.520197
-0.471457 0.367168
-0.117065 0.358336
-0.248918 0.269195
-0.477007 0.217567
-0.178679 0.175374
0.0315342 0.245545
0.208645 0.122696
0.430033 0.235948
0.521501 0.145905
0.514834 0.0938832
0.776346 0.122754
0.699032 0.0582715
0.415416 0.0412804
0.610097 0.0115443
0.402655 -0.0262267
0.751542 -0.0462536
-0.410127 -0.00782792
-0.137053 0.00276572
-0.342231 0.0475967
-0.412302 0.111904
-0.129909 0.0822154
0.137098 0.0246776
1.10205 -0.0707811
1.14599 -0.0158223
0.849591 0.0146662
1.06922 0.0674566
1.36515 0.0250502
1.4518 -0.0198012
1.62667 -0.00545432
1.6526 -0.0488776
1.41968 -0.0597443
1.63044 -0.0762457
1.82264 -0.0883676
1.87967 -0.0408943
2.07986 -0.0787539
2.14766 -0.00854652
1.8432 0.0479819
1.46955 0.0594037
1.60814 0.122131
1.22016 0.15265
1.0036 0.129406
0.920011 0.166084
0.705449 0.179272
0.866371 0.236294
0.638796 0.331047
0.349761 0.387142
0.14746 0.325241
0.0686321 0.417467
0.175487 0.503764
0.0561771 0.635261
-0.187018 0.69361
-0.0250349 0.753466
-0.167424 0.827505
-0.37444 0.793931
-0.221171 1.04525
-0.676877 0.88197
-0.742614 1.24727
-0.332124 1.48872
-0.604618 1.51629
-0.24279 1.93363
-0.432747 2.15786
-0.233953 2.46374
-0.518866 2.46094
-0.459169 2.75466
-0.572042 3.10518
-0.73213 3.06727
-0.81309 3.35198
-0.978911 3.53766
-0.89235 3.59014
-0.95657 3.77025
-1.08426 4.15602
-0.778602 3.98132
-0.890923 4.45733
-1.10644 4.58007
-1.27618 4.51459
-1.21546 4.81513
-1.35866 4.82577
-1.25891 5.1833
-1.51057 4.97251
-1.47004 4.5619
-1.66308 4.68021
-1.69947 5.06581
-1.84662 5.36582
-1.55514 5.43685
-1.7319 5.75276
-1.88572 5.67286
-2.05005 5.57242
-1.89592 5.89062
-1.69386 6.09729
-1.72936 6.2856
-1.74209 6.4311
-1.74597 6.63205
-1.88386 6.84644
-1.60592 6.791
-1.5664 7.07873
-1.87581 7.15377
-2.09476 7.02036
-2.04551 7.22172
-2.18934 7.1976
-2.3062 7.00005
-2.0842 6.83772
-2.36426 7.20276
-2.48353 6.9582
-2.52538 7.09241
-2.63271 6.93766
-2.71891 6.80055
-2.78175 6.87965
-2.63377 7.09381
0.0626378 8.3018
-0.0621848 8.30643
-0.0740395 8.20141
-0.210982 8.29672
-0.271426 8.14972
-0.156487 8.06172
-0.338619 7.93894
-0.477844 8.1084
-0.6336 7.93664
-0.549574 7.69664
-0.175537 7.64001
-0.11967 7.91536
0.0417404 7.83942
0.211569 7.62421
0.276384 7.94188
0.458539 7.7757
0.528971 7.5487
0.329479 7.30294
0.638898 7.28335
0.420291 7.00791
0.159903 7.0609
0.0267038 7.3125
-0.107973 6.99088
0.116477 6.72156
-0.256207 6.64508
-0.135033 6.32635
0.221369 6.33894
-0.062604 5.9581
0.282795 5.94432
-0.00765085 5.50643
0.361504 5.52162
0.128778 5.22143
-0.0525742 4.98568
0.14995 4.94108
0.113139 4.58355
0.367001 4.8028
0.328918 4.50465
0.591747 4.43336
0.655698 4.89254
0.938848 4.80928
0.871729 4.48194
0.909619 4.18549
0.58474 3.95816
0.829299 3.61088
0.491407 3.62861
0.49617 3.32252
0.2806 3.46928
0.270941 3.86383
0.129613 3.61136
-0.0702047 3.8241
0.0615568 4.18488
-0.250291 4.48123
-0.449544 3.97787
-0.263306 3.39742
0.0484376 3.37473
-0.0281444 2.92147
-0.327322 2.97672
-0.433681 3.24946
-0.587732 3.53045
0.0673985 2.4866
0.0301437 2.10659
0.311023 2.27069
0.260736 2.72323
0.512439 2.62191
0.47633 2.97718
0.252133 3.11618
0.666434 3.20296
0.708301 2.93013
0.85975 3.21632
1.11292 3.37285
1.02072 2.9778
1.30839 3.20344
1.35773 2.91184
1.08171 2.58649
1.37622 2.6242
1.23914 2.41492
1.49659 2.38247
1.2601 2.2167
1.06593 2.25714
1.15057 2.00206
0.952779 2.03842
0.854785 2.28278
0.768513 1.95957
1.03411 1.71566
0.755949 1.65548
0.93889 1.38067
1.25907 1.37973
1.18064 1.11154
1.57726 1.09749
1.35519 0.90765
1.63071 0.806834
1.28527 0.699725
1.1105 0.915931
0.87059 0.850724
0.911084 0.643498
0.538029 0.767106
0.678908 0.58325
0.912161 0.489836
0.614043 0.455178
0.381638 0.590884
0.383835 0.479156
0.908691 0.359664
1.17773 0.407675
1.14532 0.535773
1.42289 0.486306
1.81537 0.571599
1.6535 0.410861
1.44766 0.346763
1.68962 0.305835
1.52102 0.223212
1.1996 0.277552
1.90754 0.202037
1.8954 0.369803
2.18734 0.314023
2.1087 0.443585
2.25358 0.559894
2.1497 0.71634
1.90455 0.765131
1.82937 0.91047
2.07867 0.889159
1.9418 1.0638
1.86042 1.28093
1.57051 1.47336
1.87319 1.53339
2.16579 1.39803
2.0548 1.19492
2.24826 1.08963
2.58649 1.27888
2.5365 1.00928
2.82073 1.02699
2.65976 0.833408
2.36309 0.860146
2.46347 0.695928
2.73526 0.680339
2.99413 0.805939
2.94484 0.556675
2.58429 0.550648
2.70232 0.400183
2.38671 0.425817
2.48651 0.296332
2.30867 0.184455
2.56244 0.194841
2.5145 0.114771
2.7104 0.124287
2.65346 0.0451371
2.81119 0.0448458
2.93011 0.107581
3.18736 0.0587803
3.1201 0.203922
2.78975 0.237175
3.02447 0.36097
3.34265 0.338138
3.24197 0.486166
3.29048 0.688435
3.58257 0.548308
3.61249 0.900307
3.29569 0.926905
3.11104 1.04361
2.99034 1.2664
3.38495 1.27143
3.12646 1.50503
2.83711 1.56537
2.4705 1.687
2.77683 1.98354
2.36916 2.17909
2.07907 1.79022
1.88096 2.22983
1.71272 1.78574
1.45027 2.01471
1.7503 2.53904
1.58644 2.63024
1.76827 2.80255
1.54437 2.79205
1.62418 2.96063
1.57864 3.19075
1.82126 3.08257
1.84193 3.41064
1.46853 3.52563
1.73463 3.76706
1.4661 3.97769
1.20567 3.69392
1.14287 3.96866
1.29965 4.36757
1.05932 4.53205
1.28948 4.81813
1.26622 5.30327
0.874499 5.24398
1.09113 5.59589
0.787247 5.65446
0.544999 5.2074
0.599197 5.92888
0.962872 6.12944
0.637194 6.33124
1.01883 6.47354
0.896441 6.71759
0.508338 6.69124
0.763999 7.00684
1.153 7.0351
1.29998 6.72543
1.53916 7.02917
1.63529 6.7888
1.55374 6.5818
1.88482 6.62615
1.62604 6.2995
1.29527 6.4043
1.28795 6.13226
1.42377 5.85006
1.84308 6.0271
1.7179 5.58179
2.03115 5.84027
2.06732 5.55264
1.85891 5.2103
1.55079 5.14156
1.66746 4.71971
2.08432 4.87937
1.99003 4.46424
1.75701 4.42649
1.59427 4.33741
1.81464 4.13117
2.1086 4.10575
2.34114 4.28836
2.21862 4.59534
2.50035 4.70646
2.32677 5.11255
2.13117 5.26147
2.36878 5.47146
2.31944 5.82285
2.49482 5.70008
2.6613 5.57847
2.59601 5.18682
2.93142 5.27711
2.93365 5.90034
2.59426 5.88621
2.63168 6.17362
2.43639 6.07496
2.18366 6.09278
2.36074 6.31086
2.03295 6.33747
2.22065 6.53755
2.19605 6.79328
1.87399 6.94029
2.13844 7.10956
1.82387 7.24729
1.43392 7.41602
1.84185 7.53864
1.68078 7.73989
1.35022 7.80248
1.08848 7.60183
0.981963 7.31277
0.811742 7.53401
0.914881 7.68843
0.73359 7.76988
1.02944 7.84556
0.83588 8.00413
0.567452 7.97334
0.697454 8.15877
0.428848 8.1623
0.209904 8.12672
0.0351834 8.04838
0.0926237 8.19281
0.239077 8.26342
0.437648 8.36226
0.608907 8.28355
0.838351 8.31845
1.17702 8.37281
1.31975 8.36345
1.26442 8.28689
1.06335 8.29831
1.16329 8.18798
1.39899 8.15953
1.24594 8.08599
1.07163 8.05387
1.2156 7.96666
1.368 8.00904
1.60684 7.99232
1.67183 8.19416
1.45097 8.29473
1.61204 8.33951
2.00576 8.27993
1.81308 8.29661
1.94158 8.17937
1.85056 8.06898
2.1073 8.01843
2.16688 8.17246
2.36394 8.05106
2.56453 8.05719
2.88789 7.91323
2.70311 7.93024
2.85903 7.77119
3.09931 7.72512
3.01262 7.60558
3.21673 7.48377
3.30795 7.56077
3.49261 7.32209
3.45016 7.5356
3.98267 6.94278
3.94551 6.82241
3.75908 6.93569
3.65374 7.12924
3.5587 7.08036
3.32263 7.21359
3.449 6.9575
3.30785 7.03115
3.32961 6.80149
3.1146 7.11202
3.12145 6.81132
3.25697 6.45981
3.51169 6.48886
3.48347 6.26587
3.41233 6.08567
3.60582 6.05297
3.56845 5.75329
3.30684 5.83496
3.43031 5.5716
3.21851 5.51811
3.39913 5.33553
3.23415 5.13825
3.02402 4.88703
2.92024 5.03812
2.80264 4.95766
2.84236 4.65477
3.10695 4.40705
3.30306 4.74311
3.42726 4.31825
3.31051 3.97285
3.51507 3.92402
3.4355 3.74073
3.57829 3.59155
3.70271 3.81865
3.62168 4.14436
3.78208 4.09255
3.85794 3.80409
3.83488 3.40571
3.97397 3.65045
4.06052 3.32548
4.12064 3.65082
3.98435 4.05375
4.21529 3.92823
4.12345 4.33689
3.95745 4.51429
3.8179 4.40185
3.69874 4.32474
3.67819 4.57899
3.7975 4.80988
3.62834 4.836
3.65739 5.05758
3.48116 5.02848
3.51975 4.65739
3.58683 5.35974
3.76628 5.18842
3.75852 5.4947
3.796 5.81568
3.9241 5.48898
3.87115 5.29328
4.00181 5.19516
3.90617 5.03979
3.95281 4.78837
4.05877 4.63518
4.04999 4.89126
4.21698 4.60347
4.15785 5.03059
4.08649 5.36795
4.20229 5.24494
4.18826 5.49136
4.01601 5.70461
4.15312 5.74523
4.04646 5.94113
3.90084 6.02758
3.73633 6.13608
3.60247 6.25518
3.66761 6.34577
3.69167 6.55643
3.52309 6.73113
3.63768 6.83565
3.82457 6.68353
3.84918 6.46261
3.93833 6.49477
3.99037 6.23351
3.80542 6.29824
4.04214 6.40989
4.14368 6.20557
4.1674 5.95355
4.29806 5.95486
4.25333 6.20432
4.11806 6.42385
4.20519 6.43641
4.07391 6.60312
3.9775 6.61734
3.88265 6.78134
4.13126 6.67169
4.28587 6.44242
4.34436 6.22568
3.28478 7.6765
4.85662 5.0084
4.95483 4.57308
5.01688 4.36048
4.96286 4.32493
5.06394 4.08537
4.97607 4.02032
5.05933 3.70935
4.96914 3.72142
4.87339 4.00771
4.88745 3.68446
4.95277 3.44153
5.01614 3.47874
5.00985 3.22588
5.08129 3.30155
5.03424 3.06206
5.06871 3.01594
5.03628 2.83372
5.00289 2.9393
5.0147 2.63102
5.07744 2.56967
5.0425 2.32701
4.94851 2.38765
4.98111 2.11481
4.89377 2.09824
4.93741 1.78119
4.79994 1.80068
4.82755 1.54727
4.71798 1.47535
4.78254 1.33155
4.6871 1.11371
4.802 1.18243
4.68996 0.823956
4.61166 0.315428
2.05095 -0.127515
2.43232 -0.0845169
2.23147 -0.10744
2.26659 -0.0583313
2.38645 -0.00921056
2.33704 0.0739698
2.12125 0.096954
2.49878 0.0393565
3.45242 0.0371087
3.44804 0.167078
3.63513 0.0917119
3.93508 0.024619
4.10882 0.095007
4.253 0.18813
4.04054 0.192943
3.98349 0.0948644
3.84027 0.0901139
3.76894 0.199452
3.95531 0.297779
3.82929 0.331167
3.6315 0.323958
3.80257 0.444658
3.8304 0.570459
3.84345 0.732902
3.95192 0.646113
4.08239 0.820752
3.91866 0.965195
3.83675 1.27354
3.65557 1.64307
3.31596 1.74689
3.53057 2.01333
3.30752 2.0957
3.09322 2.03979
3.03892 1.75415
2.9278 2.297
2.69079 2.4261
2.9106 2.62887
2.69789 2.82023
2.46454 2.655
2.20169 2.53853
2.25115 2.99934
1.99001 2.66801
1.99087 2.94102
2.02524 3.16104
2.1167 3.35889
2.04849 3.73743
2.3158 3.45768
2.34877 3.84923
2.56027 3.51818
2.47569 3.23625
2.52398 2.98087
2.66944 3.17358
2.89291 3.00627
2.82981 3.40608
2.68758 3.91503
3.00692 3.59611
3.13571 3.14431
3.32652 3.51976
3.0394 3.95505
3.44795 2.98593
3.34689 2.66847
3.5284 2.68153
3.61704 2.3693
3.39941 2.30436
3.15793 2.40243
3.09179 2.78077
3.79735 1.99398
3.78915 2.23185
3.79758 2.40644
3.6882 2.72584
3.9328 2.56839
3.82624 2.95733
3.62362 3.18729
4.00563 2.9577
4.1605 2.57393
4.0835 2.24222
4.22548 2.2455
4.20066 1.99886
4.31884 2.084
4.3042 1.86297
4.40344 1.92543
4.371 1.67473
4.18662 1.69759
4.26693 1.41436
4.41783 1.4292
4.51502 1.66315
4.52271 1.4235
4.6056 1.52134
4.57942 1.26758
4.46556 1.26927
4.45227 1.08107
4.55546 1.03364
4.58033 0.85848
4.45724 0.867418
4.47315 0.681969
4.57823 0.660212
4.4648 0.49766
4.37983 0.555957
4.35028 0.683574
4.27811 0.523822
4.3186 0.419021
4.14635 0.383659
4.23412 0.286884
4.37658 0.320277
4.52385 0.376314
4.43315 0.205729
4.63376 0.459377
4.58259 0.513364
4.17393 0.614806
3.9854 0.446406
4.03195 0.603462
4.30409 0.887941
4.21745 1.00643
4.12417 1.14563
4.33154 1.17173
4.09043 1.4255
3.9509 1.64717
4.03517 1.95069
3.9145 2.21707
3.9266 0.533697
4.67121 1.81543
4.53694 2.03313
4.41737 2.15475
4.48239 2.39703
4.33948 2.39813
4.40679 2.70462
4.28606 2.7219
4.18237 2.97766
4.3182 3.00647
4.22265 3.31438
4.34483 3.32233
4.25549 3.57967
4.36428 3.63161
4.38492 3.93354
4.27234 4.22397
4.42825 4.27253
4.34495 4.57744
4.29989 4.80627
4.43271 4.62014
4.39408 4.93218
4.27508 5.05723
4.31676 5.24257
4.49631 5.09418
4.34764 5.59236
4.57305 5.37841
4.66105 5.02168
4.65432 4.6825
4.74529 4.76124
4.7899 4.47827
4.74337 4.25035
4.59089 4.3751
4.69715 4.10517
4.77954 3.85451
4.83124 4.2565
4.89202 4.28445
4.86495 4.60683
4.627 3.94401
4.735 3.58949
4.85231 3.42015
4.74715 3.19994
4.61996 3.54093
4.63279 3.19887
4.5562 3.35783
4.48936 3.61948
4.4676 3.34267
4.55941 3.07963
4.44509 3.02851
4.54022 2.73507
4.66608 2.83251
4.61602 2.42402
4.73503 2.4493
4.66617 2.15968
4.77105 2.11844
4.85857 2.42752
4.81027 2.78285
4.92056 2.7615
4.85844 3.05653
4.93846 3.13746
4.51606 3.86704
4.51226 4.74396
4.78758 4.96085
4.8848 4.7961
4.74519 5.24609
4.68646 5.16711
4.65187 5.52
4.51392 5.6737
4.46573 5.614
4.4156 5.76575
4.41584 5.95074
4.5743 5.77259
4.49422 6.02142
4.70769 5.60518
2.79085 4.32761
2.57653 4.31387
5.09358 2.81242
5.1145 3.06376
5.14732 3.30331
5.12542 3.54402
5.12003 3.8172
5.15932 3.64789
5.15045 3.46766
5.17048 3.84314
5.12772 4.08376
-4.0142 1.95136
-4.04223 2.12134
-4.02954 1.97919
-4.03698 2.17643
-4.06656 2.5634
-4.0325 2.36958
-4.01215 2.21244
-4.01921 2.05602
-4.0078 2.02982
-4.01413 2.25914
-4.00931 1.91523
-4.00407 1.8466
-4.01929 2.42632
-4.02419 2.53694
3.59027 4.4064
3.18514 6.13771
2.94005 6.39869
2.78494 6.25757
2.55758 6.53283
2.75556 6.78274
2.44836 6.94175
2.64212 7.11328
2.37412 7.27195
2.09469 7.40885
2.3141 7.59446
2.06442 7.63322
1.92462 7.74058
2.11952 7.80865
1.88824 7.90581
2.37858 7.85601
2.55061 7.66258
2.6052 7.41163
2.80915 7.56195
2.802 7.36497
2.94004 7.34579
2.90339 7.21923
2.76712 7.22844
2.90052 6.99616
3.07218 7.40353
2.64036 7.80503
2.535 7.95255
3.0012 6.68753
0.940721 8.17927
1.11153 5.88514
0.293101 5.13905
1.45168 1.72593
1.26486 1.80439
1.30782 1.60459
0.192261 0.754948
0.193986 0.932351
-0.00550222 0.858988
0.145806 1.13542
-0.0194306 1.32309
0.26459 1.36194
0.0398369 1.66355
0.325647 1.62921
0.240136 1.89624
0.505402 1.85983
0.609396 2.26178
0.588933 1.425
0.498148 1.06767
0.860963 1.10976
0.780811 2.60821
-0.808283 3.65361
-0.66304 4.31323
-0.510772 4.38047
-0.659689 4.79338
-1.01936 4.89798
-0.885112 5.17841
-1.05144 5.20431
-1.00094 5.50677
-1.28162 5.67147
-1.49737 5.90895
-1.28574 5.97514
-1.05998 5.93631
-1.38321 6.15339
-1.52521 6.1701
-1.43791 6.71607
-1.43417 6.8813
-1.33482 6.79328
-1.21319 6.80045
-1.08093 6.64004
-0.998383 6.43635
-1.00993 6.22543
-0.81803 6.35105
-0.843896 6.59983
-0.909063 6.83762
-1.08244 6.85512
-1.01727 7.0413
-1.20167 6.96372
-1.23566 7.18616
-1.35006 7.00299
-1.30667 6.8901
-1.42455 7.34671
-1.68331 7.34167
-1.46927 7.57315
-1.78878 7.49368
-1.92369 7.34344
-1.98927 7.47388
-2.08194 7.32732
-2.18391 7.35305
-1.94852 7.64032
-1.71821 7.75699
-1.72207 7.64217
-1.86006 7.54762
-1.56825 7.78269
-1.45224 7.747
-1.31038 7.74018
-1.18059 7.71054
-1.1371 7.49944
-0.892087 7.75356
-0.804944 7.53062
-0.943956 7.29613
-0.723883 7.353
-0.75028 7.08886
-0.532131 7.28203
-0.452818 6.95141
-0.701516 6.80459
-0.583441 6.55378
-0.405408 6.33102
-0.64036 6.1896
-0.857508 6.11337
-0.773691 5.8581
-0.423821 5.92263
-0.652886 5.43736
-0.429074 5.55995
-0.343186 5.20457
-0.263275 5.6391
-0.273266 7.27899
-0.422819 7.48745
-0.602829 7.48357
-1.07251 7.84099
-1.19775 7.79035
-1.23506 7.84789
-1.06922 7.93236
-1.16737 7.96504
-1.37766 7.87949
-0.894861 8.08955
-1.00825 8.00845
-0.887755 7.96113
-0.697314 8.09424
-0.567762 8.24106
-0.381379 8.2314
0.289505 4.26119
0.430543 4.11038
-0.81819 0.28045
-0.83122 0.435745
-1.03286 0.388176
-1.12565 0.502298
-1.56769 1.10544
-1.0052 1.28248
-1.16501 1.96429
-3.10354 0.547812
-3.2718 0.617344
-3.40997 0.723101
-3.30806 0.737961
-3.46656 0.834345
-3.43457 0.90518
-3.48863 1.10357
-3.30014 0.90359
-3.34367 1.07094
-3.41894 1.23563
-3.58283 1.45648
-3.39365 1.4091
-3.47496 1.65965
-3.61859 1.83731
-3.71835 1.71775
-3.71847 1.93188
-3.68586 2.04333
-3.76821 2.14187
-3.70064 2.19211
-3.74002 2.32396
-3.66271 2.34147
-3.73183 2.5631
-3.81451 2.39345
-3.81787 2.61652
-3.77357 2.81104
-3.66737 2.89687
-3.7589 3.07888
-3.69565 3.14185
-3.70654 3.36259
-3.80355 2.94716
-3.51235 2.28164
-3.45054 1.9434
-3.22905 1.81204
-3.35269 1.72652
-3.3393 1.56448
-3.2178 1.60134
-3.21733 1.38352
-3.24716 1.1583
-3.13884 1.21252
-3.04973 1.04626
-3.1376 0.968861
-3.01024 0.818694
-3.15607 0.869363
-3.24154 0.983977
-3.10789 0.710806
-2.88814 0.398545
-2.85026 0.87651
-2.84999 1.11127
-3.05149 1.26331
-2.94495 1.37713
-3.09676 1.45156
-3.05258 1.60436
-2.87501 1.52492
-2.73437 1.30571
-2.68918 0.91344
-2.8047 2.94712
-2.66707 2.85651
-2.65633 3.06061
-2.80056 3.21425
-2.66346 3.31837
-2.53186 3.58843
-2.48046 3.18023
-2.51671 2.84875
-2.27166 3.34646
-2.37934 2.50867
-2.26175 3.7284
-2.46296 4.07944
-2.21335 4.06328
-2.36611 2.24248
-2.60531 5.30903
-2.38725 6.18476
-3.86883 1.13088
-3.6767 5.92251
-3.575 6.10934
-3.49945 6.30039
-3.46092 6.22481
-3.57619 5.99943
2.48651 0.296332
