1.83283 1.67556
1.87257 1.82398
2.13147 2.48847
2.53197 3.33649
2.60887 3.47801
2.73605 3.65994
2.86271 3.82701
3.17101 4.1728
3.35636 4.38059
3.54273 4.5707
3.73225 4.72918
4.41566 5.21887
5.6024 5.54999
6.4098 5.34208
6.6423 5.25865
6.95321 5.09517
7.99669 4.27936
9.05235 3.05966
9.39048 2.46487
9.53715 2.02004
9.66651 0.963652
9.66269 0.765501
9.57448 -0.0303722
9.52947 -0.214353
9.3719 -0.583741
8.7091 -1.29006
8.36968 -1.45892
8.22722 -1.50992
8.06589 -1.52257
6.92998 -1.36008
5.29029 -1.07963
4.86712 -0.975463
4.51437 -0.885949
4.26774 -0.821466
3.14025 -0.506728
2.88464 -0.40639
2.69983 -0.322573
2.54366 -0.202755
2.17429 0.185442
2.0854 0.421186
2.03363 0.611577
1.83997 1.57062
