2.51099 -2.25522
2.69233 -2.30443
2.8658 -2.37636
3.05213 -2.3648
3.2267 -2.43065
3.68619 -2.59398
3.56856 -2.53499
3.37102 -2.50421
3.46212 -2.56105
3.27257 -2.54607
3.09735 -2.49769
3.01512 -2.42927
2.85741 -2.45435
2.65847 -2.41437
2.67715 -2.47814
2.8634 -2.52004
2.60347 -2.53804
2.88777 -2.56732
3.09295 -2.55659
3.11452 -2.60945
2.76958 -2.62111
3.14869 -2.63892
3.43347 -2.64312
3.32187 -2.5846
3.49067 -2.59664
3.78362 -2.66142
3.49326 -2.69387
3.90323 -2.70603
3.74467 -2.73848
3.45193 -2.73591
3.10111 -2.72294
3.05329 -2.66708
2.80862 -2.68611
2.64733 -2.65858
2.34471 -2.62654
2.29457 -2.66215
1.91918 -2.61928
1.85713 -2.66107
1.61288 -2.63038
1.51823 -2.57834
1.33218 -2.61698
1.16673 -2.5515
1.35183 -2.5269
1.55979 -2.51871
1.78111 -2.50755
1.87952 -2.44751
1.99969 -2.35811
2.27512 -2.3135
2.17926 -2.42657
2.45595 -2.3691
2.43404 -2.46491
2.22482 -2.47278
2.03906 -2.49427
2.28154 -2.51861
2.09455 -2.54485
1.90747 -2.53264
1.75747 -2.55584
1.94446 -2.57165
2.11844 -2.59451
2.35983 -2.57699
-3.02395 -2.17788
-2.81215 -2.22798
-2.95074 -2.26075
-2.73047 -2.30987
-2.96377 -2.30651
-2.80272 -2.36662
-2.56497 -2.37181
-2.44057 -2.33865
-2.37271 -2.39087
-2.14317 -2.39003
-2.21239 -2.31833
-1.92696 -2.35688
-2.02764 -2.28869
-1.75762 -2.32447
-2.62053 -2.26762
-1.61701 -2.39044
-1.43194 -2.45202
-1.81036 -2.41299
-1.75298 -2.46674
-2.01246 -2.43214
-2.22856 -2.41416
-2.12425 -2.4538
-2.48722 -2.43059
-2.32584 -2.49269
-1.93613 -2.50379
-1.5646 -2.51357
-1.71941 -2.56217
-2.13006 -2.55189
-1.84933 -2.59801
-2.17948 -2.57936
-2.44843 -2.55915
-2.3652 -2.59567
-2.6158 -2.57521
-2.74806 -2.54201
-2.65066 -2.51752
-2.41833 -2.53247
-2.51379 -2.50404
-2.65035 -2.4815
-2.82694 -2.48766
-2.92787 -2.495
-2.98538 -2.44579
-2.90872 -2.45064
-3.10125 -2.40607
-3.04692 -2.4012
-2.82176 -2.41577
-3.02639 -2.3716
-3.03428 -2.32976
-3.22773 -2.31138
-3.15138 -2.28646
-3.13454 -2.25227
-3.31052 -2.26526
-3.31989 -2.22067
-3.18536 -2.18218
-3.06979 -2.22183
-3.33755 -2.16202
-3.50374 -2.17836
-3.41724 -2.22329
-3.50613 -2.249
-3.44816 -2.29232
-3.379 -2.33108
-3.5725 -2.32612
-3.63185 -2.28367
-3.75328 -2.32161
-3.76925 -2.2589
-3.66806 -2.22757
-3.73107 3.20711
-3.81218 3.01924
-3.79746 2.95091
-3.89239 2.78451
-3.88107 2.68008
-3.93922 2.58159
-3.97374 2.57611
-4.007 2.39503
-4.01632 2.46399
-3.97686 2.64869
-4.08463 2.35632
-4.16003 2.27521
-4.25804 1.92478
-4.20167 2.09628
-4.19307 1.91626
-4.13485 2.15512
-4.13582 1.99572
-4.15466 1.77887
-4.18883 1.72581
-4.1604 1.59659
-4.16812 1.56994
-4.21822 1.71664
-4.1742 1.49943
-4.16317 1.33572
-4.20847 1.27309
-4.22112 -0.753285
-4.23439 -1.01555
-4.18587 -1.70824
-4.17092 -1.81862
-4.17504 -1.60165
-4.17052 -1.64286
-4.19254 -1.42994
-4.17615 -1.44604
-4.18301 -1.29397
-4.19696 -1.22456
-4.20367 -1.30406
-4.21652 -1.17328
-4.1886 -1.45184
-4.19192 -1.53116
-4.18778 -1.13521
-4.1919 -0.957994
-4.18186 -1.18968
-4.15766 -0.976219
-4.17342 -0.678065
-4.1996 -0.585969
-4.21674 -0.611863
-4.20312 -0.496318
-4.21323 -0.390064
-4.19946 -0.163837
-4.18417 -0.227739
-4.1844 0.0823221
-4.15713 -0.0585039
-4.16818 0.236915
-4.13497 0.219037
-4.1531 0.436832
-4.19235 0.527002
-4.15549 0.672688
-4.171 0.754757
-4.17312 0.835128
-4.14522 0.968513
-4.1709 1.06378
-4.181 0.839747
-4.18692 1.00763
-4.19444 1.13796
-4.15729 1.26963
-4.15438 1.45852
-4.13583 1.43876
-4.12224 1.52964
-4.12576 1.27345
-4.06994 1.34304
-4.09638 1.68269
-4.07674 1.94927
-4.01442 1.79053
-4.01498 2.01139
-4.00216 2.21603
-4.07533 2.16688
-4.06823 2.30318
-3.95489 2.46244
-3.89741 2.42681
-3.77759 2.83371
-3.79651 2.62862
-3.82913 2.37987
-3.91577 2.08789
-3.98236 2.10616
-3.91407 1.73402
-3.82286 2.09997
-3.82606 1.75976
-3.87719 1.60204
-3.9065 1.38676
-3.83997 1.52025
-3.81127 1.22573
-3.90315 1.07621
-3.95827 1.13704
-3.9533 0.782815
-3.86549 0.854645
-3.9009 0.663614
-3.93874 0.471348
-3.86101 0.567363
-3.89014 0.281176
-3.80678 0.334873
-3.77678 0.823899
-3.73575 1.13097
-3.70852 1.39361
-3.76482 1.60466
-3.67158 1.71868
-3.7187 1.98212
-3.58237 2.00622
-3.59106 2.32635
-3.70039 2.33473
-3.75333 2.40574
-3.7279 2.61974
-3.66892 2.60056
-3.63484 2.84354
-3.70652 2.85809
-3.60942 3.06115
-3.65834 3.10341
-3.71381 3.14146
-3.61607 3.29479
-3.63858 3.36029
-3.64828 3.45657
-3.57393 3.54202
-3.5856 3.61412
-3.49412 3.87355
-3.42554 4.09753
-3.30556 4.05911
-3.42797 3.81311
-3.31036 3.89595
-3.40715 3.66514
-3.26041 3.78062
-3.40374 3.45265
-3.27327 3.51758
-3.38903 3.21811
-3.27109 3.30778
-3.36253 3.0337
-3.19887 3.20804
-3.33782 2.81827
-3.17442 2.91685
-3.30791 2.47416
-3.12112 2.72039
-3.11527 2.42566
-3.28017 2.06591
-3.13393 2.07651
-3.22697 1.84124
-3.32356 1.74231
-3.42714 1.77973
-3.4018 1.501
-3.48014 1.51722
-3.5653 1.58028
-3.50923 1.21214
-3.65691 1.06561
-3.57497 0.710378
-3.706 0.584151
-3.63943 0.372566
-3.71719 0.182894
-3.62595 0.062436
-3.71113 -0.216035
-3.58727 -0.268921
-3.6733 -0.506269
-3.76714 -0.578268
-3.81971 -0.338936
-3.84571 -0.632168
-3.90039 -0.472601
-3.92196 -0.826538
-3.96449 -0.621745
-4.01149 -0.857146
-4.03046 -0.609769
-4.09494 -0.855094
-4.09162 -0.59293
-4.13003 -0.705228
-4.11821 -1.10477
-4.15141 -1.26745
-4.09604 -1.29503
-4.05798 -1.08709
-4.03908 -1.26456
-3.98676 -1.09505
-3.97387 -1.34364
-3.89696 -1.14484
-3.82054 -0.905814
-3.8059 -1.22447
-3.86744 -1.42941
-3.75524 -1.48975
-3.8163 -1.72128
-3.68236 -1.73735
-3.71059 -1.92604
-3.79823 -1.92696
-3.89904 -1.85553
-3.82391 -2.03252
-3.90784 -1.99283
-3.84713 -2.13689
-3.96727 -2.01794
-3.97931 -1.8679
-4.01221 -1.91405
-4.03332 -1.94224
-4.06742 -1.79907
-4.08758 -1.88788
-4.00989 -2.05101
-4.10007 -1.96686
-4.02862 -2.13825
-3.91041 -2.19212
-3.90894 -2.26767
-3.80002 -2.30721
-3.794 -2.36846
-3.69163 -2.42265
-3.62717 -2.41853
-3.5573 -2.47327
-3.41962 -2.45818
-3.49813 -2.39506
-3.61735 -2.36726
-3.45789 -2.37857
-3.46775 -2.34707
-3.34756 -2.37222
-3.29575 -2.36392
-3.1594 -2.42154
-3.31968 -2.42824
-3.12459 -2.49201
-3.20954 -2.50479
-3.27606 -2.5126
-3.41692 -2.50955
-3.21765 -2.55472
-3.40566 -2.51332
-3.56421 -2.45974
-3.57408 -2.39608
-3.45511 -2.41237
-3.57291 -2.27884
-3.3939 -2.3371
-3.48248 -2.15059
-3.64108 -2.10261
-3.72671 -2.16114
-3.73882 -2.04287
-3.59424 -1.95379
-3.70516 -2.27284
-3.82317 -2.24883
-3.69727 -2.3576
-3.91522 -2.1396
-3.48127 -1.954
-3.55141 -1.75485
-3.63194 -1.51399
-3.5137 -1.53908
-3.55869 -1.24581
-3.69685 -1.2724
-3.65433 -1.06573
-3.56601 -0.910723
-3.69036 -0.813386
-3.73759 -1.06273
-3.5777 -0.609462
-3.46436 -0.686207
-3.49746 -0.431325
-3.45652 -0.139747
-3.53637 0.0162518
-3.47126 0.136668
-3.54152 0.311633
-3.45468 0.333927
-3.4819 0.547721
-3.42611 0.859147
-3.39022 0.501922
-3.29404 0.695581
-3.28737 0.39842
-3.37186 0.172236
-3.18141 0.129748
-3.32375 -0.132186
-3.19849 -0.373464
-3.38346 -0.416787
-3.32106 -0.708055
-3.16358 -0.76982
-3.28355 -1.00202
-3.14982 -1.10021
-3.26705 -1.27652
-3.14043 -1.42463
-3.26572 -1.5938
-3.11869 -1.74099
-3.23994 -1.91878
-3.40496 -1.75806
-3.35894 -2.05544
-3.2102 -2.17978
-3.33064 -2.24092
-3.2035 -2.37539
-3.31202 -2.46789
-3.13534 -2.51858
-3.23486 -2.5349
-3.10454 -2.57492
-2.95897 -2.56745
-2.97631 -2.46398
-2.77774 -2.53826
-2.77608 -2.5839
-2.96544 -2.60436
-2.73087 -2.60936
-2.83874 -2.58545
-2.5425 -2.61473
-2.63017 -2.61278
-2.49685 -2.59827
-2.58979 -2.5777
-2.45739 -2.57641
-2.39493 -2.56944
-2.5778 -2.50796
-2.76092 -2.4468
-2.53927 -2.39419
-2.75179 -2.31802
-2.89639 -2.36425
-2.91061 -2.22553
-3.05201 -2.30034
-3.06062 -2.05441
-2.89982 -2.05534
-2.94338 -1.80968
-3.0235 -1.55748
-2.89898 -1.53278
-2.97781 -1.2518
-2.74961 -1.34766
-2.81682 -0.923829
-3.02349 -0.913107
-2.97507 -0.558719
-2.73464 -0.535342
-2.84478 -0.271024
-3.00606 -0.145113
-2.83881 0.0467064
-2.98529 0.180385
-3.04817 0.472174
-3.18841 0.516686
-3.1184 0.63592
-3.16981 0.805742
-3.25964 1.10441
-3.06126 1.13971
-3.12965 1.47238
-3.27491 1.52669
-3.13158 1.78296
-3.022 1.7414
-3.00528 2.02164
-3.00863 2.28366
-2.83856 2.30792
-2.92338 2.54856
-2.97323 2.76204
-2.84043 2.79776
-2.74739 2.68131
-2.7212 2.93162
-2.82349 3.04872
-2.62684 3.18146
-2.71377 3.32825
-2.85803 3.30245
-3.00094 3.00384
-3.02512 3.25959
-2.8493 3.56906
-3.0093 3.53662
-3.14376 3.56432
-2.99935 3.76181
-3.05228 3.84545
-3.16787 3.74981
-3.08478 3.99451
-3.15012 4.10267
-3.00101 4.21583
-2.97584 4.36586
-3.1081 4.33891
-3.24489 4.27106
-3.14064 4.4336
-3.2129 4.44224
-3.33064 4.29632
-2.97208 4.74159
-2.81153 4.89358
-2.8496 4.74415
-2.70492 4.86251
-2.76316 4.70016
-2.62101 4.78599
-2.53183 4.98644
-2.66438 5.00899
-2.53487 5.11973
-2.6475 5.11758
-2.77057 5.03213
-2.72422 5.15784
-2.55364 5.24222
-2.67912 5.28477
-2.53748 5.40307
-2.38788 5.49469
-2.37285 5.3778
-2.26044 5.51796
-2.25051 5.42722
-2.26096 5.31728
-2.40752 5.2167
-2.32741 5.09413
-2.44243 5.11081
-2.46003 4.84898
-2.29333 4.87201
-2.16165 5.04302
-2.10454 4.85444
-2.01271 5.09264
-2.10084 5.26396
-1.88323 5.28516
-1.85515 5.00185
-1.66478 5.29047
-1.73553 5.52377
-1.95594 5.47822
-1.86961 5.63183
-2.0329 5.62642
-2.14223 5.47161
-2.16201 5.58699
-2.22195 5.60386
-2.30094 5.61465
-2.16186 5.66385
-2.20008 5.7749
3.62486 2.63851
3.68503 2.48156
3.61728 2.51245
3.70274 2.29025
3.64095 2.39048
3.6913 2.18188
3.72738 2.11052
3.77296 1.89042
3.82156 1.31686
3.73977 1.54483
3.71783 1.76973
3.67359 1.71187
3.64067 1.94883
3.56309 1.7709
3.68016 1.49159
3.59474 1.46936
3.65259 1.28638
3.70654 1.31189
3.72027 1.15352
3.75289 1.28075
3.77928 1.04899
3.82141 1.0491
3.8906 1.0201
3.89478 0.789428
3.82027 0.816214
3.88003 0.483806
3.95473 0.549843
3.93455 0.801855
3.98775 0.699641
4.00947 0.49186
3.97337 0.333314
4.01733 0.293842
3.99163 0.0912424
3.94114 0.245909
3.93001 -0.134151
3.88589 0.155403
3.82226 0.222467
3.85201 -0.0317025
3.79883 -0.0692507
3.86263 -0.322377
3.78841 -0.270761
3.73925 -0.101628
3.70967 -0.357353
3.66449 -0.108894
3.59872 -0.280393
3.6767 -0.665767
3.74241 -0.565446
3.79823 -0.730754
3.7839 -1.00616
3.92512 -0.990971
3.86021 -1.33198
3.95598 -1.35297
3.94632 -1.62406
3.84384 -1.58876
3.80778 -1.43819
3.75183 -1.52502
3.756 -1.27394
3.63554 -1.2927
3.65352 -1.56179
3.54003 -1.44046
3.62562 -1.79149
3.72659 -1.72583
3.79684 -1.97038
3.80548 -1.73726
3.88993 -1.82038
3.94375 -2.05075
3.98684 -1.88315
4.08249 -1.79704
4.0196 -1.5164
4.09982 -1.49982
4.03063 -1.26425
4.09409 -1.2314
4.04098 -0.955848
3.96061 -0.596469
3.87032 -0.631823
4.00772 -0.418399
4.0488 -0.682147
4.07781 -0.587651
4.08939 -0.831185
4.13141 -0.84442
4.11529 -1.06126
4.16653 -1.13142
4.15723 -1.34528
4.2262 -1.38026
4.1798 -1.51485
4.16229 -1.55581
4.19497 -1.63362
4.20568 -1.58749
4.22773 -1.62487
4.20773 -1.53927
4.2225 -1.15689
4.26883 -1.04438
4.19694 -0.968668
4.21909 -0.876693
4.1696 -0.738915
4.12329 -0.556294
4.15499 -0.517455
4.19124 -0.637371
4.22052 -0.756626
4.18162 -0.340479
4.12686 -0.326238
4.14515 -0.221463
4.1238 -0.141212
4.09477 -0.107627
4.10452 0.0771184
4.07237 0.187568
4.0836 0.258115
4.08067 0.371451
4.06629 0.467664
4.04211 0.507087
4.0156 0.47131
4.00371 0.594136
3.99506 0.80213
3.9596 0.942069
3.94155 1.10319
3.91408 1.20244
3.91236 1.3565
3.94645 1.2729
3.90847 1.57285
3.93432 1.41925
3.93474 1.45113
3.95689 1.30198
3.94774 1.3253
3.77515 2.37169
4.01134 1.11636
3.98044 1.19537
3.97402 1.14246
4.00406 1.00562
3.99761 0.93868
4.02776 0.781856
4.04798 0.84997
4.08061 0.636199
4.05996 0.611292
4.09004 0.441788
4.0725 0.413621
4.09425 0.285512
4.10682 0.279334
4.09113 0.455891
4.12872 -0.006625
4.13489 -0.0993951
4.25322 -1.914
4.23618 -1.73024
4.16565 -1.7303
4.16529 -1.89145
4.16671 -2.06448
4.06218 -2.06585
4.11956 -2.26178
4.20377 -2.25528
4.17187 -2.4084
4.26134 -2.32024
4.12438 -2.56145
4.15803 -2.59582
4.11687 -2.64804
4.1448 -2.65018
4.13693 -2.6777
4.05831 -2.70944
4.03068 -2.71704
4.26057 -2.16715
3.91168 -2.74873
3.73943 -2.76712
3.81825 -2.80058
3.99286 -2.74536
3.96414 -2.75549
3.69844 -2.81751
3.6585 -2.80587
3.59191 -2.79898
3.45158 -2.80266
3.23276 -2.78094
3.52816 -2.77833
3.26609 -2.75657
2.9059 -2.74682
2.80375 -2.76966
2.66115 -2.75551
2.52993 -2.77467
2.50972 -2.78843
2.2274 -2.7805
2.46435 -2.76179
2.32784 -2.74468
2.59307 -2.74695
2.59846 -2.71597
2.12919 -2.70662
2.5917 -2.6801
1.97375 -2.74701
1.74839 -2.70055
1.64469 -2.723
1.42798 -2.67841
1.48027 -2.65556
1.25528 -2.65038
1.15495 -2.62945
1.09364 -2.59239
0.901951 -2.59099
0.927135 -2.55727
0.664113 -2.52387
0.820243 -2.48351
1.1564 -2.48919
0.317568 -2.44839
0.21894 -2.45225
0.394946 -2.47544
0.490436 -2.48829
0.529891 -2.51509
0.449398 -2.52979
0.548965 -2.58378
0.401847 -2.55984
0.327119 -2.50932
0.274802 -2.56263
0.197961 -2.51015
0.0743222 -2.49141
-0.0272141 -2.48446
-0.616964 -2.54868
-1.13504 -2.49892
-1.41346 -2.49507
-1.22482 -2.52717
-0.907046 -2.53995
-1.02229 -2.57236
-0.659314 -2.5885
-0.843375 -2.65739
-0.41803 -2.67287
-0.382575 -2.60655
-0.445404 -2.57195
-0.221047 -2.56523
-0.151202 -2.64538
0.00223446 -2.59786
-0.0427477 -2.52728
0.114946 -2.55587
0.22034 -2.61293
0.135895 -2.67662
0.427696 -2.66403
0.379573 -2.60166
0.67925 -2.65926
0.662397 -2.73201
0.319959 -2.71288
0.341647 -2.74469
0.00396609 -2.72256
-0.294565 -2.72237
-0.589748 -2.71995
-0.414815 -2.74361
-0.695089 -2.73627
-0.566112 -2.75012
-0.824999 -2.74601
-0.680379 -2.75544
-0.839073 -2.73275
-1.03463 -2.73222
-1.04926 -2.72925
-1.20136 -2.70321
-1.29188 -2.69655
-1.40447 -2.68923
-1.25788 -2.69865
-1.45808 -2.68017
-1.37857 -2.67569
-1.52685 -2.65538
-1.43042 -2.64602
-1.66 -2.61176
-1.51668 -2.55687
-1.75021 -2.50122
-1.89612 -2.55763
-1.84373 -2.63138
-1.66888 -2.64681
-1.72315 -2.66511
-1.59709 -2.66278
-1.62126 -2.67428
-1.75088 -2.66373
-1.79548 -2.66641
-1.85775 -2.6552
-1.98213 -2.65349
-1.93047 -2.66498
-2.08354 -2.6526
-2.11244 -2.65341
-2.19715 -2.63225
-2.18279 -2.6287
-2.34333 -2.60854
-2.25447 -2.63204
-2.40419 -2.61986
-2.07657 -2.63098
-2.21059 -2.56505
-2.3726 -2.48969
-2.20412 -2.4988
-2.27382 -2.40958
-2.39592 -2.3016
-2.58252 -2.23857
-2.37023 -2.13777
-2.61103 -2.04685
-2.46629 -1.8934
-2.64721 -1.84842
-2.56883 -1.6247
-2.77259 -1.68986
-2.78094 -1.94655
-2.52812 -1.33658
-2.6307 -1.09603
-2.45048 -1.08708
-2.58721 -0.822939
-2.36257 -0.837009
-2.50201 -0.492474
-2.65435 -0.161976
-2.50013 -0.21748
-2.47283 0.0747827
-2.67149 0.273387
-2.85591 0.437017
-2.69438 0.625544
-2.80375 0.817404
-2.93787 0.692359
-2.91933 0.98985
-3.04942 0.78106
-2.89074 1.31967
-2.96587 1.52958
-2.82373 1.60544
-2.86898 1.88884
-2.73015 1.83969
-2.68801 2.13882
-2.58546 2.54743
-2.56689 2.93093
-2.33578 2.91013
-2.38258 3.32684
-2.54336 3.50306
-2.33896 3.74067
-2.49607 3.83742
-2.69171 3.57306
-2.66167 3.86802
-2.84089 3.86554
-2.64044 4.15432
-2.78259 4.15851
-2.92944 3.97407
-2.91615 4.17001
-2.99448 4.00383
-2.74909 4.37501
-2.86221 4.37605
-2.73876 4.51876
-2.82291 4.54007
-2.92838 4.56535
-2.69997 4.63989
-2.59323 4.59476
-2.41895 4.68777
-2.48239 4.44092
-2.64307 4.35584
-2.45382 4.18168
-2.369 4.41888
-2.27238 4.39696
-2.27465 4.1083
-2.11342 4.40355
-2.08739 4.18316
-2.16503 3.95259
-2.15046 3.67829
-1.97524 4.0156
-1.93493 3.69849
-1.79603 3.95617
-1.75566 3.74939
-1.66031 3.93402
-1.555 3.7033
-1.83315 3.4746
-1.70201 3.31549
-1.94298 3.08591
-1.71479 3.01207
-1.925 2.79939
-2.16331 2.69279
-2.00667 2.54898
-2.19199 2.26143
-2.33504 2.3704
-2.41111 2.07011
-2.50089 2.27182
-2.58702 1.94388
-2.50678 1.72386
-2.31646 1.82667
-2.43903 1.51147
-2.29595 1.44814
-2.47307 1.16233
-2.58483 1.36714
-2.63914 0.972466
-2.76113 1.21463
-2.68403 1.5948
-2.78932 1.437
-2.4991 0.640873
-2.34001 1.00659
-2.32427 0.682096
-2.32467 0.340967
-2.18696 0.54818
-2.15733 0.167587
-1.98057 0.369378
-2.0472 0.865014
-2.22476 0.866279
-2.16862 1.19783
-2.06944 1.63736
-2.20596 1.73269
-2.10733 1.98152
-1.95217 2.32026
-1.84879 2.04217
-1.73815 2.38407
-1.77099 2.65654
-1.54684 2.58091
-1.47729 2.89421
-1.44432 3.30394
-1.17359 3.11347
-1.18996 2.63603
-0.777112 2.95558
-0.879088 2.64344
-0.894239 2.31335
-1.22029 2.16249
-1.53058 2.26237
-1.46053 1.95869
-1.27741 1.86043
-1.42913 1.72779
-1.31244 1.61686
-1.47008 1.44767
-1.6003 1.68852
-1.7072 1.29616
-1.44644 0.954916
-1.28453 1.33955
-1.26442 1.11052
-1.19819 0.916461
-1.25442 0.591473
-1.41166 0.438652
-1.27395 0.345067
-1.32042 0.117368
-1.51296 0.153979
-1.42683 -0.259872
-1.18837 -0.14272
-1.17671 -0.523664
-0.918704 -0.216102
-0.970775 -0.728572
-0.703978 -0.575024
-0.788001 -0.973168
-0.509902 -0.840533
-0.620108 -1.16821
-0.325878 -1.1505
-0.212659 -0.694698
-0.407861 -0.349079
-0.110955 -0.233183
-0.246341 0.0604336
-0.466598 0.175244
-0.635993 -0.188483
-0.704459 0.120572
-0.874456 0.222002
-1.10237 0.260471
-0.901907 0.598492
-1.09404 0.663177
-1.01084 0.953993
-1.12902 1.21753
-0.939291 1.29372
-1.08024 1.65073
-0.852138 1.5523
-0.766398 1.89797
-1.02149 2.01514
-0.770404 2.16911
-0.65644 2.22992
-0.656232 2.58273
-0.420115 2.35437
-0.45232 1.96909
-0.496285 1.52081
-0.700048 1.52871
-0.628237 1.29151
-0.48915 1.13763
-0.626723 1.01224
-0.475389 0.72332
-0.256563 1.10928
-0.235739 0.518498
-0.61246 0.417538
-0.689268 0.696023
-0.752375 0.403913
-0.804674 1.0142
-0.706049 1.17051
-0.769976 1.31982
0.0380034 0.811153
0.0273306 1.37266
-0.213154 1.65727
0.0455432 1.84838
-0.191108 2.10136
0.0304108 2.22589
-0.165054 2.52755
-0.426306 2.65049
-0.347117 2.93009
-0.551454 2.79601
-0.472465 3.40896
-0.927917 3.42133
-0.736745 3.64738
-0.975542 3.78944
-1.10069 3.56537
-1.19101 3.41223
-1.26 3.63852
-1.22882 4.04858
-1.51886 4.1591
-1.28154 4.48941
-1.53468 4.49955
-1.39333 4.78913
-1.60278 4.71478
-1.56141 5.01583
-1.77843 4.73224
-1.7152 4.48764
-1.91868 4.39775
-1.78758 4.21897
-1.64896 4.3033
-1.68179 4.11566
-1.98804 4.67814
-2.15324 4.60255
-2.29796 4.62202
-1.17151 5.14685
-1.40861 5.3516
-1.53993 5.49835
-1.36666 5.57609
-1.52081 5.70204
-1.739 5.73058
-1.60706 5.85256
-1.78721 5.85531
-1.90926 5.74829
-1.96999 5.84889
-2.05567 5.74037
-1.8141 5.96577
-1.66635 5.94298
-1.49778 5.96509
-1.40863 5.87123
-1.3299 5.97432
-1.14071 6.02467
-0.737355 6.16545
-0.922406 6.1288
-0.725946 6.06922
-0.911441 5.98648
-1.08733 5.90623
-0.915769 5.79413
-1.23742 5.76616
-1.24075 5.91607
-1.119 5.51711
-0.757874 5.55318
-0.961748 5.37472
-0.78774 5.24843
-0.947878 5.00849
-0.724657 5.02285
-0.875942 4.78179
-1.13996 4.81517
-1.08392 4.63472
-0.977154 4.42791
-0.61481 4.61227
-0.694161 4.27475
-0.313954 4.41752
-0.201838 4.82437
-0.571354 4.88574
-0.428831 5.15539
-0.0282333 5.1787
-0.214338 5.44525
-0.515042 5.41913
-0.42397 5.65183
-0.616746 5.80448
-0.399684 5.87085
-0.55039 5.92331
-0.699611 5.94309
-0.514079 6.01782
-0.586076 6.13994
-0.416479 6.11341
-0.263052 6.16185
-0.0835953 6.18982
0.0475795 6.1141
-0.111571 6.09749
-0.0196805 5.99448
0.141631 6.02841
0.234662 6.11326
0.319172 5.96929
0.133158 5.90993
0.312374 5.72893
0.537668 5.87662
0.462952 5.99043
0.577442 6.0059
1.38501 5.68857
1.15938 5.803
1.03555 5.91528
0.981923 5.81926
0.846681 5.92634
0.786059 5.80446
0.959849 5.72754
0.890586 5.64043
0.66576 5.62185
0.912746 5.45425
1.02755 5.53027
1.13887 5.36377
1.18297 5.51975
1.38783 5.32912
1.37788 5.52308
1.14974 5.68419
1.03506 5.63186
1.60237 5.50084
1.74653 5.34703
1.57724 5.36926
1.77011 5.20672
1.59223 5.23502
1.54395 5.11551
1.31092 5.12935
1.53795 4.88479
1.23864 4.86869
1.51503 4.62234
1.67278 4.66509
1.73917 4.42718
1.8465 4.56424
1.96371 4.25894
2.0488 4.44596
2.18009 4.11638
2.24 4.31346
2.14329 4.56551
1.94253 4.72876
2.13707 4.76799
1.93082 4.90175
1.98197 4.94828
1.85366 5.03686
1.74645 4.94839
1.69681 5.11551
2.01861 5.03615
1.92967 5.22718
2.05867 5.11847
2.33327 4.84022
2.19288 5.00801
2.21732 4.86983
2.38761 4.65686
2.36798 4.47458
2.22709 4.57755
2.2827 4.43977
2.44779 4.16487
2.50699 4.27789
2.59376 4.34348
2.62381 4.07817
2.77311 4.03669
2.8173 4.18499
2.90038 3.99129
2.9046 3.8126
2.79464 3.7414
2.93771 3.57374
2.93062 3.35739
3.05892 3.31839
3.08196 3.03519
3.1949 3.04348
3.22193 2.75639
3.30151 2.78447
3.36441 2.52662
3.42614 2.64019
3.49304 2.31385
3.52885 2.43179
3.61697 2.20236
3.57008 2.13326
3.5281 2.06253
3.40496 2.20228
3.47613 1.9866
3.40812 1.90091
3.47824 1.54967
3.34597 1.66379
3.40747 1.4916
3.35481 1.42901
3.24015 1.48191
3.34239 1.18885
3.43781 1.30595
3.46473 0.949527
3.56402 1.21271
3.60456 0.859081
3.55709 0.562451
3.6765 0.580162
3.63948 0.329955
3.57018 0.315758
3.48961 0.281163
3.59566 0.0852731
3.50043 -0.0506704
3.413 0.0869295
3.40296 -0.166595
3.48495 -0.310864
3.39965 -0.50279
3.53781 -0.550297
3.49196 -0.740311
3.42067 -0.848514
3.27332 -0.7227
3.36413 -1.04537
3.21991 -1.04775
3.37654 -1.34868
3.20172 -1.36655
3.3581 -1.66752
3.17471 -1.64446
3.05003 -1.40138
2.96831 -1.60517
2.86406 -1.29916
2.72202 -1.51037
2.6566 -1.23277
2.42063 -1.36602
2.49672 -1.00791
2.19327 -1.00674
2.00719 -1.44145
2.28273 -1.6363
2.09291 -1.76325
2.32855 -1.8999
2.02381 -2.03373
1.81997 -1.77911
1.66799 -2.04807
1.82807 -2.24151
2.16791 -2.34797
1.8161 -2.40835
1.49893 -2.31248
1.66127 -2.55622
1.31175 -2.54559
1.50314 -2.66043
1.3407 -2.6556
1.21842 -2.63761
1.25938 -2.70826
1.0854 -2.67246
1.15142 -2.75362
1.33495 -2.76067
1.29962 -2.77012
0.998025 -2.77674
1.18196 -2.77893
1.03936 -2.78632
1.20201 -2.7644
1.21634 -2.76833
0.95428 -2.77414
0.828726 -2.79271
0.60818 -2.76484
0.994897 -2.73798
0.900768 -2.68492
1.15257 -2.68648
1.24668 -2.73025
1.45044 -2.71865
1.4642 -2.75714
1.32496 -2.76334
1.53321 -2.78109
1.52647 -2.77762
1.76819 -2.76929
1.80438 -2.75575
2.03545 -2.78998
2.24183 -2.78767
2.23451 -2.8037
1.99291 -2.78824
2.25927 -2.78631
2.0762 -2.78183
1.90495 -2.75075
1.74316 -2.75621
1.70692 -2.70282
1.58109 -2.74165
1.42434 -2.72497
1.86558 -2.67535
1.96978 -2.55139
2.02406 -2.66907
1.95161 -2.70391
2.05545 -2.72974
2.22692 -2.70081
2.13927 -2.62695
2.34339 -2.62916
2.19094 -2.54176
2.39389 -2.52338
2.59524 -2.41991
2.48472 -2.23163
2.29088 -2.12317
2.46551 -2.07019
2.59595 -1.9502
2.53549 -1.70097
2.82203 -1.84108
2.76534 -2.06234
2.62171 -2.12006
2.77394 -2.25657
2.97428 -2.12209
3.06492 -2.36577
2.8753 -2.42837
3.04291 -2.50361
2.87307 -2.55583
2.61161 -2.55133
2.70439 -2.62386
2.88927 -2.62791
2.78071 -2.65096
2.99411 -2.6544
2.88931 -2.66654
3.08539 -2.69105
3.05543 -2.71889
2.76057 -2.69895
2.8858 -2.73572
2.6494 -2.72866
2.696 -2.75851
2.98688 -2.75967
3.15762 -2.76329
3.21124 -2.78276
2.95907 -2.77589
3.22696 -2.78895
3.4197 -2.78607
3.57652 -2.7645
3.81445 -2.73737
3.6551 -2.65793
3.79737 -2.56155
3.66634 -2.48953
3.48854 -2.54261
3.50796 -2.67187
3.32872 -2.65352
3.41118 -2.71261
3.20254 -2.68142
3.08394 -2.64438
3.15252 -2.59793
3.31325 -2.56648
3.18993 -2.50649
3.29973 -2.43818
3.21888 -2.2274
3.41875 -2.33239
3.34581 -2.09829
3.1262 -1.92382
3.29587 -1.86633
3.43674 -1.95771
3.50743 -2.19533
3.57735 -2.03188
3.65723 -2.27701
3.69803 -2.07822
3.49978 -1.82074
3.48807 -1.62016
3.78104 -2.24354
3.75416 -2.40883
3.56107 -2.38475
3.85777 -2.41302
3.89011 -2.23245
3.95502 -2.39346
3.94319 -2.57092
4.06455 -2.44577
4.04201 -2.60428
4.07572 -2.66284
4.05348 -2.70654
4.07906 -2.69519
4.01687 -2.25408
3.23096 -2.71126
3.32429 -2.75289
3.55873 -2.71568
2.42832 -2.78142
2.48953 -2.75933
2.45252 -2.73058
2.20569 -2.76431
2.44062 -2.69519
2.64363 -2.68366
2.56636 -2.66222
2.51504 -2.60259
1.04677 -2.64833
0.805746 -2.60838
0.980193 -2.62464
0.686292 -2.55002
0.643386 -2.5492
0.594129 -2.52088
0.672078 -2.78184
0.474362 -2.78633
0.272769 -2.76373
0.271072 -2.79137
0.114235 -2.7794
-0.060065 -2.75652
0.142999 -2.76021
-0.0252786 -2.77897
-0.281281 -2.77645
-0.104587 -2.77934
-0.216578 -2.76174
-0.0595746 -2.73265
-0.187339 -2.70324
-0.0419822 -2.63259
-0.304445 -2.63201
-0.314164 -2.73052
-0.413243 -2.71641
-0.418666 -2.75063
-0.346723 -2.77058
-0.493257 -2.75568
-0.518251 -2.72929
-0.614849 -2.7436
-0.719229 -2.72692
-0.63987 -2.70293
-0.796359 -2.68308
-0.657953 -2.62517
-0.796554 -2.59041
-0.939213 -2.62123
-0.969831 -2.6975
-1.10193 -2.64792
-1.11981 -2.70248
-1.2552 -2.67489
-1.27837 -2.58705
-1.08093 -2.54779
-1.21067 -2.48161
-1.39661 -2.46186
-1.61046 -2.44382
-1.54646 -2.32773
-1.86453 -2.32132
-1.95729 -2.4432
-2.02632 -2.37028
-2.10498 -2.39959
-2.16874 -2.30541
-2.08563 -2.47856
-2.05009 -2.56313
-2.1103 -2.16615
-2.20275 -1.94844
-1.92574 -2.08293
-1.99266 -1.84602
-2.17207 -1.72759
-2.35471 -1.71838
-2.28112 -1.5771
-2.41371 -1.52211
-2.31211 -1.35848
-2.13712 -1.55249
-2.08689 -1.31928
-2.25848 -1.10413
-2.06611 -0.921681
-2.28308 -0.589795
-2.10882 -0.390574
-2.35809 -0.282149
-2.26588 -0.0401867
-2.13907 -0.095063
-2.0065 -0.0587901
-1.87536 -0.342219
-1.84938 -0.691742
-1.65509 -0.503662
-1.74276 0.0180264
-1.38863 -0.800392
-1.63145 -0.83926
-1.51728 -1.06486
-1.29302 -1.19361
-1.23022 -1.00317
-1.05468 -1.08186
-1.06563 -1.39146
-1.25122 -1.52598
-1.03845 -1.6323
-0.877204 -1.53461
-0.805686 -1.81687
-1.18114 -1.82724
-1.03808 -2.0977
-1.30573 -2.06883
-1.24806 -2.30813
-0.960039 -2.32575
-1.07612 -2.44115
-0.899924 -2.49419
-0.766114 -2.37545
-0.750923 -2.16849
-0.537588 -2.3377
-0.403452 -1.98877
-0.527474 -1.72143
-0.6151 -1.48024
-0.272015 -1.56565
-0.00546956 -1.24331
-0.0366595 -0.930762
0.25632 -0.944568
0.104949 -0.53513
0.377158 -0.61
0.352832 -0.166476
0.117823 -0.0422021
-0.0418851 0.244115
0.173551 0.377943
0.365875 0.825508
0.221922 1.18117
0.376014 1.24669
0.307764 1.57931
0.617213 1.31953
0.555142 1.86223
0.292949 2.11464
0.557313 2.24964
0.385279 2.45514
0.153258 2.50032
0.340557 2.74869
0.0359859 2.85589
0.313967 3.11468
-0.0635819 3.21947
0.16961 3.38809
-0.0640335 3.52603
-0.265196 3.74434
-0.538708 3.74111
-0.448033 4.03033
-0.70859 3.84923
-0.77144 4.01662
-0.946054 4.11816
-0.0944614 3.95119
-0.0874865 4.19004
-0.0706859 4.37773
-0.00365114 4.54796
0.16897 4.33981
0.241142 4.5458
0.186274 4.74698
0.152148 4.97322
0.430174 4.90848
0.32605 5.17457
0.140988 5.46141
0.490288 5.41136
-0.0855339 5.76747
0.760295 5.35568
0.714378 5.06832
1.01261 5.17678
0.989564 4.96098
0.961195 4.70495
0.67163 4.78874
0.727993 4.59904
0.859117 4.43537
0.627806 4.41241
0.473464 4.63529
0.39418 4.44051
0.461425 4.26168
0.302657 4.00008
0.825764 4.10373
0.732595 3.6708
0.35764 3.69712
0.0681896 3.75681
0.201291 3.57101
0.473586 3.43106
0.852731 3.32268
0.666383 3.14442
0.588969 2.885
0.806603 2.93501
0.837534 2.66496
0.581106 2.5737
0.784514 2.33344
0.732568 2.0583
0.941875 2.03377
1.05783 2.33181
1.20581 1.94314
1.05497 1.7278
0.81827 1.74042
1.00532 1.34697
1.30838 1.53927
1.3299 1.02712
1.57721 1.24749
1.62586 0.822558
1.46516 0.566167
1.25567 0.690216
1.32779 0.28733
1.558 0.175851
1.512 -0.0646246
1.30249 -0.154907
1.09459 0.228701
1.0641 -0.0558625
1.11423 -0.408643
0.927497 -0.235078
0.914671 -0.551618
0.757125 -0.370981
0.775627 -0.0758185
0.602668 -0.125129
0.687655 0.265791
0.490717 0.149942
0.504948 0.473759
0.347094 0.299296
0.241192 0.113477
0.674805 0.7662
0.855729 1.02046
1.07768 0.93165
0.947323 0.794414
0.838671 0.79871
0.897576 0.495912
0.904027 0.116806
0.974624 0.257213
1.00986 0.142075
1.09509 0.587803
0.577451 -0.502261
0.722601 -0.633952
0.632919 -0.669815
0.594915 -0.804836
0.835435 -0.777292
1.07851 -0.771498
0.827241 -1.02621
1.11245 -1.05049
1.33745 -0.891465
1.32363 -1.2082
0.953892 -1.30172
1.14967 -1.45742
1.40527 -1.50577
1.16371 -1.6974
0.908911 -1.59299
0.901819 -1.86777
0.645416 -1.75919
0.650423 -2.01692
0.391395 -1.93808
0.460255 -2.16474
0.123712 -2.16777
0.12684 -1.84929
-0.0939827 -1.99578
-0.170999 -2.16318
-0.317531 -2.26754
-0.127641 -2.34849
-0.324305 -2.45279
-0.142399 -2.51917
-0.504635 -2.54856
-0.508333 -2.6684
-0.693242 -2.5052
0.10101 -2.4677
0.180537 -2.60913
0.129065 -2.70411
0.377483 -2.68232
0.262573 -2.74643
0.0770943 -2.7686
0.248433 -2.78273
0.130437 -2.78853
0.415472 -2.78464
0.385947 -2.77109
0.54035 -2.77741
0.493737 -2.768
0.402942 -2.74067
0.53022 -2.73139
0.585734 -2.68678
0.590097 -2.62403
0.367346 -2.54822
0.612236 -2.48472
0.37452 -2.36491
0.636052 -2.30673
0.656091 -2.17774
0.899274 -2.17194
0.864577 -2.41701
1.13603 -2.36732
1.05779 -2.51526
0.871269 -2.59998
1.10691 -2.6034
0.909707 -2.71964
0.734082 -2.6772
0.699891 -2.72573
0.798314 -2.75633
0.63321 -2.76363
0.733806 -2.7815
0.819513 -2.79269
0.609387 -2.79093
1.21565 -2.18744
1.16996 -1.97081
1.40065 -2.07183
1.46849 -1.80718
-0.114178 -1.79179
0.111019 -1.53985
0.387413 -1.66001
0.430851 -1.39267
0.257201 -1.25499
0.507936 -1.12568
0.676212 -1.26944
0.665614 -1.49472
1.67182 -1.56835
1.65705 -1.29284
1.89144 -1.08009
1.61763 -0.912096
1.95198 -0.686794
1.61738 -0.409664
1.48939 -0.718841
1.33637 -0.578885
1.92251 -0.210695
1.71142 -0.0174637
1.90066 0.227291
1.69195 0.394969
1.60869 -0.0361901
1.62297 -0.154951
1.86159 0.651381
1.81622 1.0558
2.03783 0.911435
2.06587 0.511902
2.19372 0.759942
2.25671 0.434276
2.1212 0.0944954
2.36457 0.0199663
2.19359 -0.376651
2.4275 -0.388021
2.3679 -0.694983
2.49469 -0.584347
2.56918 -0.747573
2.73768 -0.962169
2.69366 -0.713424
2.614 -0.489206
2.83793 -0.627618
2.72623 -0.141772
2.5358 -0.180918
2.55429 0.102994
2.45917 0.464955
2.68105 0.35568
2.57986 0.685845
2.45346 0.872423
2.32682 0.747288
2.2692 1.1679
2.49435 1.17307
2.41709 1.36594
2.35571 1.63115
2.11324 1.67244
2.23235 1.8689
2.08695 2.12347
2.3332 2.04289
2.20791 2.39091
1.97334 2.57155
2.13093 2.6936
1.98143 2.92707
1.8329 2.89814
1.79091 3.18021
1.6317 3.07641
1.7202 2.76054
1.45793 2.94493
1.55953 2.61577
1.2379 2.774
1.43176 2.42348
1.22783 2.47687
1.33118 2.1804
1.07013 2.62949
0.983126 2.8286
0.956408 3.04367
1.16663 3.14033
1.07428 3.4237
1.35924 3.27952
1.19746 3.66703
1.5473 3.4112
1.49002 3.7547
1.2606 4.00909
1.11295 4.33264
1.40808 4.18557
1.3094 4.51231
1.58514 4.29891
1.6678 3.90775
1.46728 3.97102
1.73255 3.52058
1.88838 3.5999
1.86156 3.82111
1.85319 4.04845
2.01789 3.67587
2.12647 3.84012
2.17117 3.53439
2.12926 3.45979
2.06909 3.37266
1.9446 3.2633
2.14964 2.98986
2.23846 3.22796
2.33476 2.85109
2.46087 2.96079
2.31765 3.42758
2.51955 3.26255
2.36774 3.70911
2.35446 4.02323
2.54307 3.71882
2.63793 3.83965
2.7643 3.43084
2.6567 3.28542
2.52558 3.49992
2.66196 3.04848
2.72827 3.02615
2.80894 3.02718
2.76682 2.79108
2.96501 2.64394
2.94608 3.0288
3.10972 2.71249
3.15118 2.38552
3.05108 2.24242
3.18732 2.09229
3.11334 1.97984
3.21625 1.82078
3.11175 1.73605
2.98636 1.98008
3.01114 1.6837
3.09648 1.44251
2.96629 1.46141
2.87824 1.7753
2.81212 1.44585
2.7219 1.78129
2.77141 1.99356
2.63488 2.11258
2.74508 2.23871
2.64391 2.34786
2.49423 2.48702
2.48233 2.1519
2.36977 2.33051
2.28962 2.61726
2.53839 1.81613
2.53191 1.45716
2.6633 1.5395
2.68956 1.1779
2.58577 0.942836
2.70925 0.76003
2.87164 0.882528
2.82382 1.17751
2.9304 1.18468
3.04327 0.91107
3.0449 1.21451
3.19896 1.05852
3.17329 0.647058
3.03134 0.471727
3.20217 0.29074
3.10951 0.184766
3.02254 0.112814
2.94761 0.294145
2.87223 0.134121
2.8543 0.482769
2.9834 -0.264058
3.1728 -0.102571
3.15849 -0.45158
3.26621 -0.4124
3.31549 -0.23814
3.30929 0.0315608
3.34434 0.350025
3.25252 0.488185
3.28964 0.675903
3.41748 0.618697
3.3431 0.897838
3.08215 -0.704234
3.00392 -1.06482
2.66618 2.58016
2.6205 2.91937
2.86964 2.36076
2.85236 2.06906
3.29233 1.9353
3.28879 2.16486
3.2632 2.45608
1.52986 2.16831
1.65726 2.30664
1.71231 1.97667
1.48839 1.9543
1.59196 1.65004
1.86138 1.65439
1.77354 1.38406
1.98639 1.31086
1.93849 1.92369
1.86482 2.18943
1.94216 2.33491
1.79705 2.46226
1.39102 1.8064
1.35479 1.96756
2.18068 -0.702872
-1.48813 -2.16199
-1.7003 -2.18229
-1.69059 -1.95074
-1.47437 -2.03552
-1.44136 -1.88317
-1.63022 -1.64885
-1.91529 -1.6273
-2.05332 -1.69338
-1.82623 -1.33148
-1.52286 -1.36769
-1.73758 -1.04776
-1.40276 -1.66557
-0.842275 -1.28934
-1.16637 -0.850899
-1.8143 0.392946
-1.85569 0.681604
-1.64775 0.503601
-1.71487 0.902952
-1.86855 1.0224
-1.95985 1.29704
-1.81929 1.66683
-1.66189 1.94023
3.44824 -1.223
3.52426 -1.20682
3.45643 -1.0657
3.53947 -0.996418
3.66566 -1.00921
3.57896 -0.794721
3.69353 0.105431
3.73897 0.323468
3.77029 0.0971205
3.77265 0.593524
3.69256 0.800081
3.75048 0.913608
3.65603 1.04185
3.58468 2.39073
3.52131 2.5973
3.57818 2.52873
3.53601 2.71668
3.44003 2.83086
3.30918 2.97295
3.36489 3.08056
3.25326 3.22445
3.20245 3.17148
3.13823 3.367
3.15343 3.23351
3.01863 3.60363
3.11642 3.54714
3.07613 3.72487
2.98206 3.84243
3.03183 3.8678
2.96312 4.00031
3.31361 3.28812
3.21241 3.41848
3.39601 3.19512
3.44605 3.07333
3.49937 2.96989
3.51778 2.86654
3.46121 2.93165
3.57401 2.77983
1.74704 4.77446
0.687575 5.93511
0.729211 6.01792
0.896947 6.02093
-0.254351 6.0073
-1.15048 1.94226
-2.38685 2.55704
-2.13887 2.99759
-2.10574 3.31139
-2.76322 -2.15154
-2.02593 -2.62455
-1.80923 -2.66097
-1.62785 -2.6824
-1.53829 -2.6511
-1.17705 -2.66188
-1.05638 -2.70429
-0.877152 -2.70789
-1.17098 -2.61015
-1.4699 -2.61622
-1.3565 -2.55176
-0.898957 -2.72609
4.04583 0.557315
4.01847 0.725946
3.96734 1.02586
3.95956 1.18849
4.04014 -0.00482655
4.0658 -0.110552
4.05669 -0.295183
4.01551 -0.158424
4.09175 -0.288619
4.1032 -0.434435
4.11464 -0.407164
3.79249 -0.486352
-2.94626 4.65789
-3.03211 4.55362
-3.09986 4.56684
-3.38335 1.23963
-2.97606 -2.56816
-2.99118 -2.54091
-3.10541 -2.5455
-3.39839 -1.3757
-3.34746 -1.1656
-3.42402 -1.01345
-3.19986 -2.38247
-3.31246 -2.35338
-3.20489 -2.35707
-3.44758 -2.3458
-3.59143 -2.33397
-3.66688 -2.32338
-3.69341 -2.33418
-3.77345 -2.34618
-3.89259 -2.29895
-3.87386 -2.33311
-4.00313 -2.22834
-3.98029 -2.22844
-3.8979 -2.25756
-3.98728 -2.17886
-4.05548 -2.13331
-4.10254 -2.0293
-3.74784 -2.37477
-4.14871 -1.81339
-4.13875 -1.69779
-4.11148 -1.53135
-4.02104 -1.67993
-4.03506 -1.46254
-3.94735 -1.6157
-3.96195 -1.76104
-4.11846 -0.3777
-4.05559 -0.380375
-4.07242 -0.241128
-4.0752 -0.0633682
-4.1201 -0.0512722
-4.13574 -0.227376
-4.17255 -0.391015
-4.08778 0.239618
-4.10873 0.539015
-4.04556 0.622042
-4.08982 0.792562
-4.12901 0.804353
-4.10027 1.02979
-4.06791 0.966913
-4.02349 1.04294
-3.99306 1.40539
-3.99578 0.435116
-4.03817 0.200988
-3.97076 0.122377
-4.03193 -0.117518
-3.97552 -0.312306
-3.87795 -0.063062
-3.78388 -0.025509
-3.48423 1.93635
-3.39608 2.0958
-3.46699 2.21436
-3.52814 2.26163
-3.46561 2.49744
-3.519 2.61011
-3.59378 2.59115
-3.49079 2.87556
-3.58059 2.80217
-3.51868 3.09349
-3.44033 2.76694
-3.53035 3.35337
-3.50021 3.60144
-3.56242 3.44466
-3.53023 3.70633
-4.21332 0.966802
-4.21791 0.617659
-4.22667 0.437196
-4.23808 0.328926
-4.23185 0.18277
-4.23018 0.042253
-4.21369 0.27731
-4.20172 0.0235644
-4.19515 -0.386614
-3.23309 -2.28354
3.30094 -2.66231
2.90038 3.99129
