6.48038 -1.88937
4.8982 5.38013
4.7247 5.47504
4.75337 5.31073
4.95589 5.21029
4.80861 5.13906
5.01938 5.02789
4.88555 4.90684
4.64134 5.10082
4.67504 4.87227
4.48692 5.01376
4.45156 4.77141
4.27921 5.02111
4.18468 4.80714
4.05299 5.02231
3.97516 4.84319
3.79487 5.01783
3.95218 5.14887
3.83477 5.28178
4.10407 5.19895
4.10163 5.38867
3.78567 5.44338
3.98713 5.49467
3.82703 5.56996
3.56245 5.53694
3.56493 5.43564
3.40335 5.44363
3.45017 5.3674
3.20908 5.34554
3.44889 5.23053
3.13741 5.04335
2.98132 5.16165
2.99178 5.07699
2.90832 4.9401
2.90067 5.06182
2.79347 4.96819
2.71004 4.80622
2.79049 4.68901
2.61074 4.59199
2.51493 4.68614
2.41048 4.40301
2.62886 4.33576
2.38114 4.10548
2.50688 3.96274
2.3328 3.82945
2.22084 3.90594
2.21979 4.12835
2.03984 3.82174
2.16014 3.57813
1.90693 3.36657
2.04407 3.21181
2.19913 3.26777
2.10083 3.09428
2.16103 2.91196
2.3239 3.17943
2.41039 3.55202
2.49186 3.23033
2.363 2.88012
2.54507 2.98662
2.49769 2.58193
2.29716 2.52955
2.21474 2.64886
2.15159 2.3383
2.07901 2.52013
2.00461 2.67045
2.00872 2.92108
1.86188 2.59507
1.92852 2.3516
1.78215 2.16054
1.85866 2.00788
1.70557 1.7193
1.62943 1.97971
1.70424 2.36419
1.57876 2.20524
1.61459 2.57436
1.4595 2.25096
1.47613 1.89739
1.38715 1.99218
1.35838 2.12994
1.32071 2.346
1.47128 2.64315
1.35657 2.78346
1.18313 2.49404
1.18942 2.16382
1.06477 2.17121
1.01522 2.4869
0.89006 2.09973
0.911503 2.30972
0.977934 2.6266
0.648268 2.17758
0.56514 2.07533
0.930287 2.76769
0.963781 2.85531
1.00729 2.99166
1.04548 3.12954
1.29522 3.58032
1.24086 3.47476
1.09751 3.26024
1.19352 3.35995
1.30379 3.42779
1.20199 3.16931
1.09972 3.083
1.09373 2.9179
1.04238 2.93241
1.00819 2.81814
1.10075 2.80892
1.21136 2.98936
1.11949 2.70147
1.23853 2.80066
1.32908 3.03464
1.34432 3.23042
1.28888 3.24622
1.37455 3.42066
1.50424 3.75181
1.35271 3.69478
1.57477 3.87539
1.76393 4.31817
1.68461 4.1723
1.66371 3.98265
1.68237 3.78162
1.765 3.95187
1.84203 3.93242
1.79761 3.762
1.92896 3.89198
1.84645 3.64034
1.69423 3.56003
1.69619 3.27199
1.5803 3.34669
1.52628 3.01802
1.60194 2.90007
1.74096 2.96968
1.7569 2.69706
1.88513 2.96924
1.45005 3.14368
1.41216 3.25033
1.50077 3.39572
1.44474 3.44736
1.54684 3.63413
1.6013 3.54331
2.02801 4.08656
1.87746 4.10711
2.08692 4.37356
1.89468 4.30555
2.07005 4.57996
1.88686 4.48316
1.99166 4.6655
2.12495 4.82694
2.27476 4.9751
2.79666 5.36237
2.61384 5.2476
2.77632 5.26404
2.73316 5.16416
2.62787 5.04541
2.78879 5.07431
2.85473 5.22495
2.98836 5.30282
2.88624 5.32002
3.01226 5.44837
3.22794 5.53552
3.90404 5.69594
4.12976 5.67833
4.04077 5.58408
4.21345 5.57992
4.17854 5.49053
4.36575 5.50864
4.35973 5.38045
4.55386 5.41301
4.54027 5.56126
4.35079 5.64761
4.58253 5.26153
4.37291 5.21776
3.67611 5.6881
3.44703 5.65092
2.62513 4.89975
2.53037 4.92824
2.41632 4.78372
2.45353 4.98271
2.26215 4.79394
2.2285 4.61965
2.31704 4.56022
2.22049 4.33925
2.42565 5.13023
0.517044 1.92299
0.500368 1.7515
0.53233 1.56853
0.554463 1.71309
0.575617 1.89346
0.640771 1.97661
0.731872 2.0834
0.770523 1.84676
0.630506 1.77896
0.692077 1.63538
0.612412 1.61028
0.573541 1.47013
0.664128 1.45804
0.582582 1.42556
0.671295 1.26032
0.625686 1.17821
0.66764 1.04385
0.615339 0.981647
0.635689 0.830274
0.581186 0.823119
0.57356 1.02897
0.548719 0.852817
0.538539 0.612351
0.602351 0.626163
0.608534 0.396966
0.5762 0.360843
0.531509 0.557841
0.552313 0.387718
0.581577 0.2697
0.616905 0.228236
0.648339 0.110282
0.680244 -0.0094343
0.68911 0.0931973
0.658489 0.318108
0.720393 0.137548
0.700189 0.230886
0.740115 0.04645
0.879736 -0.204807
0.883884 -0.27507
0.91529 -0.365839
0.808682 -0.120973
0.758822 -0.0383063
0.719142 -0.0294735
0.720331 -0.240467
0.703154 -0.127601
0.6904 -0.146182
0.720331 -0.240467
0.726477 -0.319331
0.701688 -0.272241
0.681851 -0.144417
0.639013 0.00789139
0.639124 0.00262019
0.611258 0.141827
0.604155 0.178032
0.645876 0.0886599
0.625196 0.20712
0.61861 0.273797
0.661504 0.124189
0.653075 0.307902
0.645143 0.470017
0.699303 0.39316
0.677568 0.621697
0.731203 0.876081
0.746191 0.532037
0.815769 0.707485
0.808904 1.02247
0.735689 1.13245
0.80741 1.26947
0.729439 1.3211
0.784513 1.48243
0.892288 1.21706
0.936705 1.62846
0.881423 1.87921
0.974722 1.92856
1.10129 1.86421
1.09594 1.51811
1.19837 1.68652
1.26879 1.94639
1.26945 1.66651
1.2052 1.46453
1.2999 1.48738
1.24414 1.20703
1.3384 1.3046
1.32156 1.10848
1.25929 0.952222
1.16808 0.92733
1.2394 0.643682
1.09081 0.608871
1.06231 0.948264
1.12523 1.21948
1.00924 1.2493
0.974599 0.942847
1.0248 0.745486
0.967467 0.645702
0.892755 0.851113
0.901844 0.554917
0.949479 0.465429
0.922303 0.292891
1.00672 0.391204
0.98359 0.174347
0.95162 -0.0215963
0.868841 0.133877
0.879375 -0.129894
0.952199 -0.319537
0.924202 -0.497658
1.01978 -0.601913
1.00209 -0.777336
0.967134 -0.860339
0.867391 -0.550379
0.915613 -0.872887
0.871755 -0.66589
0.888683 -0.878797
0.857308 -0.724017
0.867802 -0.852501
0.832346 -0.692341
0.789614 -0.509247
0.761824 -0.507736
0.810534 -0.709459
0.733722 -0.44005
0.696429 -0.307003
0.708935 -0.298755
0.676653 -0.164956
0.675942 -0.0755915
0.722238 -0.208545
0.722919 -0.0372493
0.70955 0.160763
0.758356 -0.0390651
0.786801 0.152316
0.843467 0.393496
0.828424 -0.220212
0.775661 -0.252198
0.810476 -0.440192
0.773207 -0.501177
0.854755 -0.76445
0.889122 -0.949001
0.879383 -0.946795
0.85499 -0.836163
0.880385 -0.948639
0.904105 -1.00972
0.916642 -1.0717
0.940298 -1.15395
0.932616 -1.10235
0.985732 -1.31318
1.0063 -1.27386
0.984295 -1.11437
1.05737 -1.33457
1.04844 -1.15929
1.04597 -0.987572
1.13168 -1.18509
1.0867 -0.904618
1.18258 -1.05716
1.11526 -0.776427
1.07702 -0.582842
1.04424 -0.340316
1.15085 -0.606094
1.16607 -0.294922
1.06837 0.067011
1.1962 0.0226677
1.16749 0.325321
1.08084 0.339805
1.02567 0.592665
1.26722 0.248876
1.23793 0.407066
1.29208 0.446471
1.36062 0.642507
1.34152 0.898495
1.43007 0.890275
1.43385 1.20851
1.53775 1.06089
1.57731 1.36393
1.53422 1.6042
1.40237 1.53693
1.35056 1.75254
1.68425 1.32173
1.87698 1.71354
1.81788 1.20643
1.63738 0.975879
1.50354 0.701606
1.67168 0.672563
1.51964 0.437361
1.3903 0.330522
1.49185 0.215437
1.4224 0.00514798
1.30707 0.0203602
1.34597 -0.238732
1.46661 -0.27665
1.55937 0.0393577
1.61591 -0.253224
1.68909 0.0296468
1.68784 0.307975
1.58263 0.322911
1.83799 0.608142
1.8578 0.922242
2.01466 1.26181
2.0337 1.66168
2.2107 1.67716
2.23867 2.13238
2.06156 1.99965
1.99475 2.15333
2.41654 2.06171
2.62633 2.31191
2.81913 2.70304
2.68535 2.9388
2.88618 3.12441
2.6999 3.25859
2.91186 3.42287
2.7955 3.60954
2.60756 3.49703
2.66214 3.83193
2.65065 4.0881
2.8261 4.19787
2.90327 4.56304
2.97888 4.8251
3.13972 4.77944
3.07049 4.46466
3.29889 4.65384
3.23322 4.37625
3.04471 4.13772
3.25013 4.09285
3.0544 3.75984
2.8685 3.90987
3.39431 3.78908
3.14369 3.39189
3.38487 3.44332
3.29521 3.23009
3.49494 3.30009
3.36054 3.02354
3.10131 3.01985
3.13793 2.64635
2.85345 2.23428
3.11042 2.28375
3.02333 1.89849
3.3148 2.13736
3.32677 1.7127
3.06325 1.52886
2.83575 1.52782
2.96494 1.16238
3.23861 1.33048
3.28493 0.965261
3.01454 0.7586
2.73634 0.832056
2.81407 0.511726
2.54569 0.516445
2.4896 0.853561
2.3526 0.591203
2.33807 0.318665
2.1829 0.464042
2.15319 0.145766
2.0214 0.293909
2.04037 0.64615
1.8467 0.241387
1.96071 0.00063619
1.78207 -0.141769
1.92874 -0.346492
1.73086 -0.48934
1.52703 -0.634915
1.6882 -0.766144
1.59243 -0.909202
1.48222 -0.971628
1.3917 -0.804497
1.37986 -1.05274
1.47711 -1.21554
1.37117 -1.28898
1.27872 -1.04165
1.31733 -0.886851
1.2385 -0.78544
1.19575 -0.863472
1.26978 -1.24383
1.21875 -1.2886
1.3268 -1.45088
1.44165 -1.48114
1.48132 -1.61249
1.38263 -1.61334
1.29905 -1.52351
1.23056 -1.41188
1.28016 -1.56093
1.14077 -1.38462
1.17432 -1.53294
1.32774 -1.67158
1.26641 -1.64318
1.38377 -1.71921
1.34775 -1.69035
1.50217 -1.77441
1.40424 -1.71377
1.54746 -1.75903
1.71451 -1.86079
1.65506 -1.84411
1.47531 -1.76946
1.58202 -1.82712
1.4236 -1.71051
1.52702 -1.7462
1.70754 -1.85975
1.7785 -1.91288
1.91014 -1.95966
1.98849 -1.9957
1.87034 -1.92789
2.1606 -2.03634
1.92257 -1.94043
1.81066 -1.87005
2.07662 -1.95971
1.92007 -1.85533
1.71616 -1.78679
1.76838 -1.75961
1.56155 -1.69841
1.39574 -1.62512
1.34811 -1.6421
1.25793 -1.55614
1.20826 -1.54504
1.13735 -1.45068
1.24561 -1.4821
1.08755 -1.30276
1.23602 -1.33296
1.0904 -1.23973
1.05127 -1.17907
1.04785 -1.09912
0.962553 -0.943857
0.941737 -0.99895
0.873277 -0.686955
0.985644 -0.860785
0.865872 -0.57148
0.892959 -0.495281
0.973789 -0.722858
1.02654 -0.983869
1.38543 -1.43034
1.31946 -1.46087
1.46328 -1.53121
1.5915 -1.49804
1.67626 -1.59643
1.79695 -1.57993
1.87961 -1.7034
2.03204 -1.71585
1.99068 -1.67549
2.17642 -1.76625
2.35311 -1.85527
2.1101 -1.7946
2.2938 -1.89641
2.10237 -1.84647
1.93176 -1.77566
1.75469 -1.70506
1.5929 -1.64969
1.98052 -1.82774
2.19606 -1.93413
2.48805 -1.98331
2.45844 -2.02477
2.28013 -2.00191
2.26898 -2.03151
2.43834 -2.08496
2.40418 -2.05027
2.58443 -2.08243
2.81184 -2.05181
2.77447 -2.13283
2.62492 -2.13209
2.75887 -2.1824
2.57968 -2.14508
2.44617 -2.11749
2.65685 -2.16495
2.54247 -2.11019
2.3203 -2.09084
2.16613 -2.05405
2.30676 -2.0432
2.08947 -2.01665
2.11053 -1.96347
1.87288 -1.85382
2.05112 -1.85276
1.84374 -1.70761
1.66282 -1.73244
1.60376 -1.55965
1.80206 -1.51214
1.60267 -1.36206
1.74209 -1.26785
1.59248 -1.12967
1.73807 -1.00538
1.8861 -1.1704
1.86902 -1.00016
1.9453 -0.768305
1.99889 -1.05718
2.24024 -1.04998
2.22879 -0.767653
2.08401 -0.681038
2.133 -0.517752
2.13066 -0.175214
2.32691 -0.324657
2.39527 -0.578651
2.46348 -0.805097
2.42351 -0.959886
2.67518 -0.975692
2.52778 -1.13484
2.48744 -1.31783
2.81821 -1.28568
2.76207 -1.52632
3.07536 -1.53623
2.99861 -1.69987
3.25526 -1.72431
3.16776 -1.82322
3.41156 -1.8669
3.19455 -1.94424
2.95087 -1.82438
2.90108 -1.93139
2.68336 -1.81257
2.5983 -1.93317
2.39715 -1.77282
2.33412 -1.85805
2.19704 -1.77047
2.18994 -1.69171
2.0726 -1.69499
2.04504 -1.58008
1.94647 -1.65503
2.03821 -1.76028
1.94665 -1.3869
2.16111 -1.48302
2.1514 -1.29021
2.43699 -1.52487
2.28364 -1.62444
2.50563 -1.6896
2.72806 -1.6889
2.18075 -1.84215
2.30811 -1.94214
2.52452 -2.01368
2.75869 -2.06127
2.54797 -2.07971
2.39456 -2.02203
2.75832 -2.12562
2.75555 -2.15348
2.92979 -2.1392
2.99454 -2.13664
2.9888 -2.07921
2.86948 -2.01834
3.08821 -2.03017
3.21548 -2.11585
3.34777 -2.06582
3.47936 -1.98871
3.6184 -2.06744
3.48886 -2.11389
3.69958 -2.11449
3.67306 -2.11829
3.85991 -2.11674
4.0349 -2.09002
3.91618 -2.10597
3.72035 -2.11699
3.53676 -2.12845
3.64637 -2.11597
3.41152 -2.12959
3.33833 -2.13678
3.22049 -2.14447
3.27355 -2.1368
3.08739 -2.16233
3.05975 -2.16178
2.93926 -2.18774
2.8807 -2.17779
2.9222 -2.17788
3.06942 -2.16415
3.09192 -2.15548
3.24413 -2.14566
3.19004 -2.14811
3.37758 -2.14413
3.43621 -2.14088
3.18562 -2.15371
3.10847 -2.16074
2.96403 -2.0897
3.11557 -2.0973
3.32084 -2.1286
3.29833 -2.08184
5.89362 -1.74262
5.75652 -1.72885
5.82104 -1.78578
6.0241 -1.82662
5.77357 -1.89094
5.64847 -1.79006
5.44177 -1.85966
5.48479 -1.71999
5.62075 -1.71995
3.75584 -1.98558
3.60173 -2.02422
3.45054 -2.05158
3.81413 -2.07225
3.73243 -2.10546
3.56688 -2.10692
3.82396 -2.12053
3.74445 -2.10242
3.49423 -2.12379
3.81013 -2.11321
3.83419 -2.10868
3.90022 -2.11899
3.94045 -2.12061
4.01818 -2.11414
4.13637 -2.12208
4.18302 -2.133
4.21259 -2.11665
4.35362 -2.12061
4.46632 -2.10061
4.37937 -2.11255
4.3476 -2.12332
4.22179 -2.08941
4.02292 -2.09474
4.12331 -2.06079
3.87308 -2.08667
4.01484 -2.04804
3.79422 -2.05351
3.66795 -2.01659
3.82452 -1.99309
3.64567 -1.9377
3.65111 -1.81707
3.47003 -1.74166
3.64551 -1.62913
3.36532 -1.5739
3.508 -1.39417
3.19704 -1.29735
3.42171 -1.11517
3.17567 -0.96945
2.96008 -1.07478
2.90282 -0.752245
2.61781 -0.700791
2.65551 -0.358491
3.04843 -0.441481
2.94807 -0.100658
2.66703 0.0469439
2.38422 -0.0164011
2.50834 0.231651
2.67349 0.303215
2.88738 0.221991
3.0822 0.440185
3.17289 0.125789
3.2687 -0.220932
3.48098 0.0100203
3.36937 0.362076
3.66395 0.261441
3.55011 0.65426
3.25671 0.639872
3.58386 1.0022
3.42948 1.19841
3.57955 1.20453
3.68468 1.12842
3.74814 1.03055
3.78142 1.13513
3.87226 1.05891
3.8203 0.840214
4.03129 0.976741
3.97929 1.17767
4.11639 1.15713
4.05401 1.34265
3.91122 1.3348
3.96284 1.50858
4.09884 1.53194
3.9714 1.6843
4.12217 1.74818
3.90057 1.89645
4.12196 2.00335
3.90005 2.16888
3.62133 2.01075
3.73791 1.84168
3.63582 1.80771
3.71627 1.72352
3.83609 1.74282
3.7909 1.64165
3.8816 1.62092
3.80977 1.49519
3.6952 1.59708
3.65458 1.4606
3.73174 1.28358
3.56709 1.35021
3.54254 1.47635
3.43264 1.41982
3.49691 1.60107
3.49493 1.28917
3.52819 1.76372
3.60672 1.67824
3.59527 1.56269
3.85811 1.19605
3.74825 2.28089
3.60018 2.43765
3.31323 2.45925
3.48654 2.77462
3.88728 2.87822
3.67599 3.18403
3.991 3.30366
3.84418 3.60908
3.65523 3.40542
3.58321 3.55716
3.68647 3.85662
3.60052 4.11201
3.43404 4.14774
3.54833 4.40925
3.36908 4.31822
3.39262 4.50901
3.5196 4.69832
3.45267 4.96904
3.63988 4.85772
3.78128 4.6555
3.63822 5.18819
3.64054 5.29975
3.62279 5.38543
3.74113 4.32893
3.97532 4.30232
3.78164 4.11884
3.88225 3.97212
4.09078 3.95685
4.17478 4.20572
4.28408 4.45517
4.04306 4.63025
4.33153 4.06449
4.53853 4.24291
4.54046 4.5079
4.68694 4.62464
4.71971 4.36907
4.84247 4.47371
4.86936 4.67801
5.00653 4.42556
5.09403 4.65878
5.07382 4.85492
5.18111 4.76823
5.25198 4.6616
5.30904 4.4203
5.39444 4.56643
5.50999 4.3249
5.4566 4.10509
5.28215 4.18096
5.33177 3.88008
5.12754 4.10617
5.17343 3.80343
5.27383 3.5855
5.1375 3.59745
4.98304 3.80717
5.06047 3.45634
5.21057 3.30323
5.07067 3.1185
4.91257 3.42358
4.89684 3.04745
4.6972 3.34788
4.7188 2.93153
4.49506 3.15047
4.52014 2.79226
4.24547 2.96084
4.26915 3.34705
4.10129 3.133
4.10732 2.70368
3.92576 2.47567
4.16524 2.5025
4.12745 2.27858
4.35043 2.34267
4.31426 2.09506
4.58432 2.01618
4.36887 1.75463
4.70224 1.47536
4.89986 1.74505
4.83532 2.19234
4.56724 2.43733
4.75058 2.57079
4.3277 2.63714
4.89642 2.40891
5.03899 2.23294
5.05315 1.90549
5.29632 1.82531
5.18591 2.43672
4.93497 2.63478
5.04735 2.80653
5.1681 2.79677
5.22663 2.97948
5.34259 2.64666
5.36807 3.02655
5.36465 3.33286
5.43375 3.56344
5.48269 3.33665
5.45277 3.1721
5.57896 3.1596
5.61018 3.44888
5.72676 3.20678
5.6963 3.02914
5.61026 2.90992
5.75904 2.82703
5.66662 2.69582
5.79159 2.55061
5.67497 2.42705
5.5233 2.73807
5.52229 2.42021
5.63281 2.13319
5.7829 2.08216
5.77032 1.7576
5.91932 1.76995
5.91199 1.56065
5.94926 1.24991
6.02707 1.438
6.14117 1.09034
6.14363 0.8087
6.24979 0.788192
6.27361 0.508571
6.35176 0.582285
6.38633 0.273806
6.44764 0.355843
6.49008 0.0609408
6.55681 0.240075
6.44409 0.626582
6.55024 0.624804
6.41358 1.02241
6.30042 0.953642
6.26947 1.27993
6.16812 1.30802
6.17243 1.48476
6.0624 1.62337
5.98562 1.8295
5.92922 2.04544
6.04033 1.85935
6.01398 2.0782
5.93456 2.35361
5.82306 2.30156
5.8942 2.66534
6.02624 2.58041
5.9525 2.76885
5.87836 2.89529
5.79368 3.02543
5.8764 3.14003
5.79277 3.40793
5.94604 3.33344
5.8628 3.60227
5.70733 3.67309
5.53551 3.77656
5.63604 3.95897
5.56217 4.14612
5.64818 4.17631
5.63224 4.33365
5.5472 4.51581
5.68235 4.44246
5.61007 4.70594
5.44166 4.71578
5.29768 4.75402
5.32369 4.89689
5.18282 4.90749
5.20379 5.14448
5.34804 5.00929
5.05675 5.26823
5.731 4.55864
5.48491 4.86068
5.86462 4.43091
5.81742 4.34269
5.76815 4.20623
5.91138 4.14704
5.89819 3.98754
6.00689 3.96336
6.01142 3.78282
6.08584 3.81739
6.12514 3.63624
6.19399 3.77185
6.22312 3.53981
6.27912 3.6353
5.96327 4.27819
6.03234 4.10964
6.10535 3.93531
6.47156 2.99804
6.78919 0.661569
6.82344 0.467908
6.82467 0.38157
6.89815 0.16039
6.9161 0.0646117
7.02042 -0.214291
6.98361 -0.0218105
7.09463 -0.586366
7.11626 -0.755306
7.14149 -1.14962
7.13692 -1.21837
7.13605 -1.13339
7.1141 -1.0299
7.11716 -0.901976
7.07313 -1.01731
7.07272 -0.806477
7.04384 -0.961487
7.0485 -1.15554
7.01437 -1.13875
7.05392 -1.35247
6.99063 -1.39657
7.01992 -1.52881
7.05353 -1.47997
7.03418 -1.54737
7.00181 -1.61181
6.96261 -1.63467
6.97087 -1.69087
6.92104 -1.72172
6.91802 -1.752
6.85086 -1.80305
6.82953 -1.82059
6.92131 -1.74673
6.79046 -1.8463
6.84798 -1.80191
6.77212 -1.84537
6.69446 -1.88143
6.62605 -1.92788
6.63482 -1.93526
6.4298 -2.01098
6.58995 -1.89439
6.35342 -1.99314
6.33923 -1.95852
6.38632 -1.88187
6.15396 -1.91572
6.14109 -1.99283
5.91269 -1.98722
6.0614 -2.02296
5.87312 -2.05382
5.72031 -2.03381
5.68989 -2.07616
5.50233 -2.04648
5.62449 -1.96978
5.40285 -1.96447
5.20286 -1.9253
5.1328 -1.82987
5.27696 -1.73886
5.06953 -1.75459
4.8638 -1.77331
4.66057 -1.79807
4.27084 -1.85549
4.08808 -1.89705
3.91493 -1.94631
4.16983 -1.94449
4.11458 -2.04126
4.09741 -2.11142
4.41276 -2.11303
4.4355 -2.04693
4.44707 -1.95594
4.61709 -2.02017
4.79383 -1.97964
4.70423 -1.8839
4.46146 -1.82751
4.95611 -1.89537
4.28707 -1.89269
5.0422 -1.97777
5.24413 -2.01553
5.02031 -2.04813
5.30396 -2.08403
5.12771 -2.12116
4.86675 -2.10391
4.94939 -2.14028
4.70905 -2.12468
4.69816 -2.12083
4.63031 -2.08506
4.42017 -2.13361
4.53671 -2.13162
4.24967 -2.1402
4.19565 -2.14105
4.0331 -2.14572
3.94903 -2.11894
3.91992 -2.1209
4.05748 -2.12666
4.68511 -2.1183
4.80546 -2.1305
5.04714 -2.13867
5.05537 -2.12087
5.27188 -2.12627
5.36509 -2.14658
5.23428 -2.15196
5.49547 -2.15394
5.38894 -2.14117
5.61267 -2.12327
5.53113 -2.097
5.66938 -2.10629
5.82853 -2.09926
5.73332 -2.1323
5.96405 -2.11208
5.85628 -2.13348
5.6102 -2.1467
5.6893 -2.15092
5.49614 -2.13953
5.64635 -2.15097
5.3788 -2.13985
5.5683 -2.13312
5.22271 -2.16141
4.9202 -2.12872
5.0681 -2.13844
4.83471 -2.15459
4.90543 -2.13531
4.63279 -2.14023
4.66972 -2.12907
4.49573 -2.1283
4.47265 -2.10847
4.73394 -2.10227
4.57954 -2.07401
4.3376 -2.09373
4.31009 -2.04087
4.56956 -2.00062
4.38111 -1.9864
4.19572 -1.98162
3.99997 -1.9621
3.85162 -1.8948
4.13033 -1.846
3.87446 -1.75311
4.07585 -1.67595
3.89566 -1.56265
3.72535 -1.43687
3.89947 -1.29982
3.65759 -1.21052
3.77856 -1.00604
3.57699 -0.93513
3.67412 -0.757931
3.5195 -0.691366
3.60731 -0.428273
3.33586 -0.541834
3.37199 -0.822505
3.17041 -0.705237
3.84913 -0.746078
3.91411 -0.440341
3.7681 -0.103814
3.98247 -0.17905
3.92767 0.116723
3.86313 0.474806
4.11812 0.283238
4.08571 0.662806
4.36041 0.432376
4.30254 0.0690725
4.1438 -0.0692949
4.36419 -0.279663
4.14546 -0.407959
4.34338 -0.650234
4.52201 -0.525404
4.57901 -0.292819
4.50674 0.0167591
4.76033 -0.0864223
4.64298 0.335035
4.5402 0.717563
4.29272 0.950016
4.51892 0.994202
4.4369 1.31015
4.21385 1.31434
4.25363 1.54423
4.66445 1.0732
4.8883 1.02995
4.76345 0.705167
4.6284 0.877779
5.04213 0.602557
4.88403 0.270097
5.10496 0.125771
4.94622 -0.0192994
5.00351 -0.334797
5.27298 -0.152336
5.27332 -0.505511
5.07617 -0.74361
4.85178 -0.703017
4.87068 -1.06204
4.59624 -0.820595
4.72132 -0.48145
4.53911 -1.20565
4.73121 -1.33294
4.58746 -1.42987
4.40207 -1.4484
4.52811 -1.56582
4.73771 -1.54056
4.58534 -1.6859
4.33981 -1.67345
4.48942 -1.77482
4.36606 -1.82349
4.34846 -1.91757
4.53205 -1.86787
4.49735 -1.95297
4.66085 -1.93742
4.76584 -1.9738
4.81511 -2.02492
4.93414 -1.98095
4.85654 -1.91769
5.03358 -1.92196
4.99228 -1.81234
4.74281 -1.8444
4.78638 -1.7216
5.02468 -1.6123
4.93799 -1.37689
5.18309 -1.42466
5.09725 -1.22598
5.17936 -1.00537
5.34919 -1.21573
5.41828 -0.949556
5.28857 -0.779124
5.51461 -0.65401
5.47038 -0.312444
5.66241 -0.403435
5.86581 -0.663576
5.62975 -0.895179
5.77921 -1.06463
5.55612 -1.09316
5.62516 -1.2906
5.43001 -1.45472
5.66491 -1.48888
5.4917 -1.63339
5.27591 -1.58665
5.255 -1.73352
5.49746 -1.7959
5.81761 -1.66008
5.70703 -1.85008
5.91416 -1.79996
5.89003 -1.90366
6.02082 -1.82815
6.1523 -1.86897
5.98298 -1.96683
5.75428 -2.01694
5.93626 -2.04105
5.64266 -2.09408
5.8191 -2.0945
5.35481 -2.13426
5.43421 -2.09733
5.17432 -2.11875
5.27269 -2.08371
4.99542 -2.09774
5.04626 -2.05347
4.83323 -2.06831
4.98569 -2.0196
5.13872 -1.98435
5.26801 -2.02365
5.43641 -1.94798
5.2302 -1.87412
5.4141 -2.02515
5.52948 -2.04271
5.51712 -2.00027
5.64674 -1.96219
5.59498 -2.05446
5.90852 -2.09905
6.02528 -2.05925
6.15927 -2.04744
6.18318 -2.05617
6.02703 -2.10294
6.24867 -2.05469
6.10776 -2.09946
6.31799 -2.05342
6.1746 -2.07428
6.18282 -2.04348
6.04046 -2.08
6.00395 -2.05799
6.21562 -2.00687
6.49561 -2.009
6.43703 -2.01677
6.59017 -1.97378
6.52071 -1.97405
6.38089 -2.00872
6.50821 -1.97577
6.34414 -2.01108
6.47661 -1.98169
6.31581 -2.00601
6.53555 -1.92523
6.32254 -1.96038
6.15238 -2.01318
6.16382 -2.0327
6.14336 -1.9586
6.29654 -1.90277
6.40801 -1.82259
6.29704 -1.76043
6.1034 -1.73778
6.31752 -1.64764
6.14681 -1.55612
5.95143 -1.34016
6.27228 -1.37641
6.21579 -1.1456
6.0112 -1.02312
6.18277 -0.823101
6.13826 -0.52288
6.01133 -0.246611
5.81055 -0.216339
5.9123 0.083898
5.73994 0.118624
5.62727 -0.11535
5.58549 0.170211
5.64482 0.477131
5.43112 0.391072
5.45552 0.0160267
5.30677 0.150802
5.23619 0.396487
5.26046 0.717286
5.09719 0.961533
5.23947 1.10928
5.00701 1.31505
5.15662 1.53234
5.38578 1.28747
5.52051 1.4084
5.58499 1.03379
5.46403 0.824099
5.62765 0.765201
5.77227 0.741503
5.81569 0.359964
5.94037 0.412797
5.93925 0.690663
5.85561 1.02788
5.68257 1.19123
5.70719 1.49397
5.61349 1.44514
5.53157 1.68377
5.59145 1.8036
5.46098 2.11407
5.61812 1.92356
5.66629 1.75504
6.02917 0.783352
6.04512 0.486903
6.17512 0.418073
6.0865 0.130982
6.24182 0.0246615
6.18461 -0.227834
6.29594 -0.237191
6.27395 -0.460681
6.40689 -0.397259
6.34031 -0.687451
6.47397 -0.755029
6.39088 -0.984277
6.24303 -0.636591
6.52682 -0.981862
6.59413 -0.855775
6.53161 -0.577611
6.62809 -0.584085
6.51413 -0.286509
6.41136 -0.0449365
6.3445 -0.0973996
6.31212 0.180178
6.60915 -0.184437
6.7277 -0.482294
6.73045 -0.849294
6.66369 -0.852734
6.6893 -1.10352
6.77683 -1.1161
6.78677 -1.34075
6.69808 -1.35795
6.60834 -1.27794
6.61239 -1.47046
6.72679 -1.51897
6.60443 -1.62805
6.71369 -1.69376
6.82421 -1.54384
6.847 -1.67702
6.71163 -1.79681
6.57208 -1.82012
6.43428 -1.89051
6.56665 -1.74699
6.45812 -1.70403
6.48471 -1.57017
6.35306 -1.51822
6.48129 -1.38855
6.39144 -1.22851
6.51298 -1.17263
6.59509 -1.09016
6.71685 -1.87853
6.61691 -1.92054
6.76081 -1.8647
6.64352 -1.90779
6.76629 -1.85877
6.71781 -1.8949
6.83632 -1.77582
6.94877 -1.61924
6.89556 -1.50852
6.92737 -1.31742
6.85662 -1.40386
6.84887 -1.22472
6.90123 -1.0647
6.81895 -0.992611
6.85114 -0.859079
6.78988 -0.766432
6.82543 -0.62272
6.7917 -0.312957
6.68976 -0.0746637
6.75562 -0.00543453
6.64839 0.261445
6.73111 0.285068
6.63495 0.494206
6.60369 0.746616
6.5213 0.997102
6.57473 0.996609
6.52807 1.29414
6.42207 1.31478
6.31921 1.40175
6.33439 1.61887
6.25508 1.67066
6.25735 1.9146
6.14251 1.90344
6.21873 1.56044
6.12617 1.68045
6.16963 2.2763
6.05808 2.23505
6.1302 2.6039
6.07682 2.81623
5.98055 2.92749
6.06742 3.11676
5.97475 3.13951
6.0529 3.4795
6.24316 3.11515
6.18592 3.42504
6.26261 3.34865
6.32933 3.23328
6.35196 3.05063
6.37489 2.84121
6.42855 2.92212
6.4858 2.65985
6.49386 2.83212
6.51319 2.55182
6.545 2.02558
6.55136 2.15735
6.5493 2.37151
6.55903 2.28282
6.53903 2.12552
6.51817 2.13541
6.53549 2.02498
6.51834 1.95889
6.56787 1.87941
6.52128 1.77866
6.56991 1.6479
6.5596 1.62575
6.56694 1.59462
6.6066 1.49088
6.62169 1.27983
6.64816 1.23665
6.67123 1.02407
6.70411 1.02401
6.73734 0.798031
6.72264 0.808962
6.77653 0.622099
6.74517 0.740419
6.77868 0.600592
6.74241 0.850976
6.72891 0.904648
6.70108 1.09485
6.67595 1.21037
6.65771 1.2942
6.62875 1.39357
6.62498 1.48238
6.58133 1.69599
6.67845 1.29197
6.72486 1.08633
6.74773 0.870435
6.81386 0.352435
6.76781 0.534962
6.83418 0.242946
6.90078 0.0374506
6.96697 -0.116337
6.98604 -0.143716
7.01914 -0.312744
6.96884 -0.2383
7.02549 -0.513885
6.96672 -0.450217
7.00298 -0.716959
6.97579 -0.685624
6.99662 -0.881943
6.96336 -0.771655
6.93394 -0.57528
6.9242 -0.727737
6.9577 -0.952932
6.89301 -0.796937
6.96769 -1.19113
6.87208 -0.506343
6.8975 -0.302522
6.82795 -0.221
6.8267 -0.0154763
6.90421 -0.0783529
6.82061 0.189313
6.73363 0.485315
6.67808 0.565053
6.66255 0.818602
6.71224 0.777952
6.65131 1.00988
6.60456 1.13581
6.56385 1.38878
6.49969 1.59876
6.4292 1.59111
6.42819 1.85028
6.34461 1.86814
6.37469 2.0654
6.293 2.19507
6.37607 2.28879
6.315 2.45175
6.23054 2.51601
6.31523 2.6922
6.17589 2.83478
6.39353 2.46922
6.41838 2.60293
6.44867 2.44521
6.44121 2.3255
6.49236 2.31964
6.46939 2.09921
6.48169 2.50415
6.54179 2.44357
6.49998 1.83496
7.06522 -0.563913
7.0478 -0.402972
6.43931 3.14653
6.39692 3.31257
6.3066 3.42508
6.35473 3.48133
5.82838 -2.13434
4.62767 -1.78612
4.14336 -1.47228
4.2773 -1.25841
4.09183 -1.2479
4.15783 -1.08041
3.98306 -1.03952
4.10403 -0.775605
4.33474 -0.981913
4.7772 -2.05234
5.96207 -1.92578
6.17779 -1.84015
6.28127 -1.83571
6.1551 -1.79763
6.02918 -1.76425
6.98459 -1.67841
7.02604 -1.60582
7.05668 -1.52667
7.07828 -1.44039
7.10183 -1.3567
7.12599 -1.27367
6.93597 0.171657
6.87208 0.304673
5.89223 3.80916
5.77304 3.816
5.76629 4.00554
5.49335 3.00004
4.144 3.63992
4.38303 3.71596
4.24428 3.85466
4.56597 3.92225
4.58531 3.64472
4.49257 3.45405
4.75568 3.71348
4.75372 4.06115
4.91269 4.21862
5.16579 4.36416
2.51935 -1.94415
2.66073 -2.00821
2.27843 -2.00049
1.48812 -1.39929
1.42999 -1.57403
0.942371 -0.548433
0.807592 -0.357224
0.802416 -0.436393
0.807635 -0.525534
0.971942 -1.14513
0.933976 -1.10827
1.02268 -1.29824
0.967578 -1.22342
1.03282 -1.35414
1.10924 -1.4695
1.07141 -1.431
1.16843 -1.54682
1.23679 -1.59117
1.30427 -1.64353
1.10019 -1.42826
1.23129 -0.563115
1.30709 -0.673478
1.27541 -0.421341
1.2601 -0.189861
1.3774 -0.518513
1.98413 0.922793
2.21278 1.21518
2.27454 0.82188
2.43765 1.19034
2.43204 1.51276
2.36535 1.68434
2.57454 1.8958
2.6082 1.53131
2.76671 1.82818
2.66601 1.18549
0.543962 1.08299
0.528634 0.943998
0.529404 0.784099
0.521121 0.70436
0.606046 0.30904
0.523061 0.49782
0.592913 1.33409
0.548548 1.21065
0.769004 2.23934
