0.500368 1.7515
0.517044 1.92299
0.56514 2.07533
1.09751 3.26024
1.35271 3.69478
1.99166 4.6655
2.12495 4.82694
2.42565 5.13023
2.79666 5.36237
3.44703 5.65092
3.67611 5.6881
3.90404 5.69594
4.12976 5.67833
4.35079 5.64761
4.54027 5.56126
4.7247 5.47504
4.8982 5.38013
5.05675 5.26823
5.20379 5.14448
5.34804 5.00929
5.48491 4.86068
5.86462 4.43091
5.96327 4.27819
6.27912 3.6353
6.35473 3.48133
6.43931 3.14653
6.47156 2.99804
7.09463 -0.586366
7.11626 -0.755306
7.14149 -1.14962
7.13692 -1.21837
7.12599 -1.27367
7.05668 -1.52667
7.02604 -1.60582
6.98459 -1.67841
6.91802 -1.752
6.82953 -1.82059
6.71781 -1.8949
6.59017 -1.97378
6.49561 -2.009
6.31799 -2.05342
6.10776 -2.09946
5.85628 -2.13348
5.6893 -2.15092
5.22271 -2.16141
2.93926 -2.18774
2.75887 -2.1824
2.65685 -2.16495
2.3203 -2.09084
2.16613 -2.05405
1.98849 -1.9957
1.7785 -1.91288
1.58202 -1.82712
1.47531 -1.76946
1.38377 -1.71921
1.26641 -1.64318
1.16843 -1.54682
1.07141 -1.431
0.985732 -1.31318
0.879383 -0.946795
0.810534 -0.709459
0.733722 -0.44005
0.696429 -0.307003
0.523061 0.49782
