-3.60109 -2.47029
-3.59753 -2.32402
-3.58705 -2.17794
-3.55585 -1.66664
-3.53834 -1.48362
-3.54382 -1.30649
-3.48582 -0.315695
-2.66352 3.24763
-2.7139 3.13382
-2.76118 3.01352
-2.69017 3.03774
-2.75603 2.88554
-2.67501 2.91795
-2.61303 3.09319
-2.5408 3.06857
-2.66069 2.68733
-2.47318 2.98042
-2.49176 2.78172
-2.36144 3.03434
-2.39039 2.72495
-2.58832 2.43812
-2.49716 2.25655
-2.31584 2.55072
-2.3753 2.20067
-2.49182 1.94927
-2.62462 1.84897
-2.58042 1.7025
-2.67252 1.5976
-2.7208 1.63021
-2.75402 1.41584
-2.80851 1.55945
-2.88085 1.23043
-2.75964 1.0921
-2.62439 1.41673
-2.61891 1.10748
-2.67398 0.77964
-2.79919 0.789019
-2.7821 0.506142
-2.67407 0.470678
-2.7312 0.27666
-2.82492 0.129185
-2.88115 0.393824
-2.91941 0.129953
-2.95934 0.31785
-2.94536 0.582648
-3.02551 0.40351
-3.00624 0.0316782
-3.09147 0.0876407
-3.07329 -0.185912
-3.13531 -0.239674
-3.16644 0.0456995
-3.18904 -0.465573
-3.24464 -0.0262767
-3.26074 -0.344485
-3.25087 -0.593099
-3.30789 -0.52009
-3.30551 -0.115697
-3.33739 -0.222136
-3.35306 0.142354
-3.2891 0.278469
-3.31891 0.525987
-3.35679 0.566275
-3.31417 0.806664
-3.35584 0.823048
-3.30387 1.00829
-3.33094 1.05345
-3.36592 0.951716
-3.38526 0.737658
-3.39316 0.849709
-3.40601 0.655037
-3.40604 0.513348
-3.41868 0.450602
-3.41959 0.295875
-3.4169 0.19838
-3.42262 0.338735
-3.44446 0.535764
-3.41977 0.617788
-3.44489 0.683513
-3.41737 0.761825
-3.4527 0.827812
-3.43203 0.340344
-3.43684 0.20468
-3.4378 0.105088
-3.45404 0.042837
-3.46654 -0.0482641
-3.47205 -0.182777
-3.46902 -0.287741
-3.49217 -0.443271
-3.46971 -0.474786
-3.4498 -0.262167
-3.4252 -0.00234545
-3.41989 0.168368
-3.42721 -0.07076
-3.42499 0.00921989
-3.4299 -0.258612
-3.43877 -0.346193
-3.46196 -0.604894
-3.43154 -0.534486
-3.45858 -0.824768
-3.48715 -0.92549
-3.48829 -0.80857
-3.51738 -1.01254
-3.50974 -0.874994
-3.49786 -0.730285
-3.49261 -0.587007
-3.48199 -0.662592
-3.49437 -0.769151
-3.5301 -1.15971
-3.48641 -1.14034
-3.51089 -1.41302
-3.46858 -1.35349
-3.43978 -0.996623
-3.42978 -0.748401
-3.4036 -0.76021
-3.41292 -0.521422
-3.38806 -0.560018
-3.40691 -0.165673
-3.37082 -0.250047
-3.40334 0.307563
-3.41564 -0.298621
-3.35161 -0.473259
-3.35084 -0.830665
-3.40207 -0.8944
-3.4073 -1.25619
-3.32476 -1.22284
-3.37712 -1.70966
-3.46178 -1.70735
-3.44245 -2.05371
-3.50049 -2.06031
-3.50664 -1.83116
-3.50318 -1.60842
-3.52825 -1.76105
-3.51765 -1.58789
-3.57057 -1.85015
-3.53944 -2.01917
-3.57931 -2.03211
-3.56302 -2.25752
-3.52965 -2.17834
-3.53077 -2.37475
-3.48238 -2.25832
-3.4825 -2.45147
-3.52345 -2.69438
-3.59087 -2.6236
-3.59283 -2.77487
-2.99607 -3.62835
-3.11349 -3.65784
-3.22534 -3.68188
-3.01495 -3.71227
-2.82382 -3.6873
-2.67278 -3.64433
-2.64108 -3.67831
-2.70249 -3.69448
-2.577 -3.67153
-2.43103 -3.65579
-2.38494 -3.65283
-2.55075 -3.68236
-2.43994 -3.66799
-2.3089 -3.68439
-2.16999 -3.68523
-2.08452 -3.71662
-2.25641 -3.71483
-2.03354 -3.74497
-2.13265 -3.75053
-1.84513 -3.75587
-1.82418 -3.75212
-1.5566 -3.74279
-1.48958 -3.71128
-1.08726 -3.7217
-1.07895 -3.66999
-0.576747 -3.67418
-0.710787 -3.62762
-0.117049 -3.55249
-0.0411682 -3.63558
0.284127 -3.58435
0.442936 -3.50136
0.293305 -3.44284
0.577734 -3.42197
0.509573 -3.38415
0.314605 -3.34415
0.592262 -3.34685
0.770672 -3.37295
0.804176 -3.30697
0.5606 -3.32863
4.60818 -2.24721
4.61803 -2.15848
4.65313 -2.07313
4.61255 -2.18019
4.59645 -2.27957
4.59903 -2.32367
4.57331 -2.42892
4.55313 -2.50157
4.46932 -2.6006
4.48599 -2.61542
4.45102 -2.61974
4.36803 -2.68847
4.29175 -2.76111
4.38694 -2.64151
4.5144 -2.48405
4.41927 -2.54447
4.50573 -2.36
4.40216 -2.44734
4.4644 -2.28967
4.37797 -2.27743
4.49305 -2.12895
4.4139 -2.0268
4.30832 -2.11828
4.29648 -2.3383
4.2171 -2.36709
4.25678 -2.52907
4.11345 -2.54765
4.12597 -2.38693
4.17682 -2.184
4.09302 -2.29136
4.10446 -2.14006
4.02636 -2.2198
4.01892 -2.45539
3.93507 -2.34748
3.8586 -2.58591
3.84806 -2.36268
3.92502 -2.05537
3.77101 -2.23834
3.72763 -2.51908
3.65585 -2.39228
3.66871 -2.13736
3.5486 -2.34646
3.54704 -2.64653
3.39436 -2.53053
3.31572 -2.85107
3.19294 -2.64158
3.11177 -2.9461
3.22236 -2.98678
3.22529 -3.08468
3.4818 -2.94232
3.41459 -3.11949
3.64987 -3.01256
3.6842 -2.77762
3.81413 -2.81208
3.88799 -2.88038
3.96275 -2.68989
4.07671 -2.73673
4.0017 -2.89876
4.17584 -2.75804
4.089 -2.88864
3.9298 -3.00662
4.00902 -2.96983
3.86893 -3.06517
3.99935 -2.98513
4.14368 -2.88268
4.18122 -2.87018
4.11585 -2.90569
4.18959 -2.82537
3.96797 -2.96459
4.04332 -2.83724
4.27338 -2.72858
4.14984 -2.7048
3.97886 -2.76362
3.8808 -2.84824
3.79323 -2.81113
3.77217 -2.87649
3.62524 -2.91686
3.62339 -2.8516
3.73901 -2.77425
3.63723 -2.77346
3.87428 -2.70426
3.83572 -2.64965
3.99842 -2.60941
4.04953 -2.67585
4.16382 -2.62724
4.30472 -2.62644
4.24889 -2.5542
4.40507 -2.5097
4.49991 -2.4203
4.55818 -2.3439
4.0858 -2.57512
3.87287 -2.6056
3.69834 -2.70614
3.51562 -2.79657
3.5203 -2.80323
3.31961 -2.85824
3.38577 -2.8208
3.12158 -2.91314
3.13005 -2.91855
2.92432 -3.01708
2.88621 -3.03366
2.74508 -3.09154
2.67868 -3.12737
2.55331 -3.17379
2.68373 -3.10689
2.4436 -3.16009
2.77205 -3.01188
2.22358 -3.14719
2.38844 -3.07157
2.5933 -3.03041
2.42272 -3.03881
1.03702 -3.28401
1.25134 -3.24952
1.27565 -3.32453
0.988187 -3.33893
1.04314 -3.37583
0.873078 -3.4392
1.29894 -3.3859
1.23035 -3.47416
0.743827 -3.54346
1.12611 -3.57095
0.793793 -3.60227
0.405877 -3.63356
0.644148 -3.63542
1.02653 -3.60058
0.790382 -3.59869
0.536624 -3.64772
0.318445 -3.67633
0.306301 -3.67743
-0.0672603 -3.70302
0.0409422 -3.68914
-0.199283 -3.69175
-0.350637 -3.70839
-0.408142 -3.70927
-0.631339 -3.73732
-0.459321 -3.70252
-0.7744 -3.72239
-0.64162 -3.70052
-0.286905 -3.6799
0.0661707 -3.66584
-1.03428 -3.7457
-1.48007 -3.76982
-1.34805 -3.7231
-0.858825 -3.70072
-1.21599 -3.62391
-0.996024 -3.51952
-1.38408 -3.50045
-1.48501 -3.60747
-1.75455 -3.51014
-1.70892 -3.65971
-1.85878 -3.60488
-2.00339 -3.56182
-1.95414 -3.64802
-2.1251 -3.60725
-2.11818 -3.67722
-2.2913 -3.61486
-2.23919 -3.52288
-2.42649 -3.56643
-2.453 -3.44946
-2.59369 -3.5294
-2.48788 -3.60558
-2.69677 -3.60487
-2.55933 -3.62136
-2.69194 -3.64417
-2.82074 -3.66093
-2.65497 -3.66258
-2.7809 -3.71316
-2.95754 -3.70013
-2.92472 -3.73724
-2.68975 -3.7285
-2.56286 -3.68503
-2.43916 -3.70094
-2.31283 -3.69367
-2.46103 -3.64932
-2.32186 -3.65253
-2.33507 -3.68216
-2.22866 -3.717
-2.05446 -3.73462
-2.28848 -3.71442
-2.09698 -3.71629
-1.96395 -3.75147
-1.90108 -3.72646
-1.81576 -3.76558
-1.65218 -3.75756
-2.48963 -3.69802
-2.6935 -3.71534
-2.67921 -3.69557
-2.79611 -3.70902
-2.86368 -3.72948
-3.06533 -3.74629
-3.21838 -3.71845
-3.20941 -3.7123
-3.41318 -3.61206
-3.33191 -3.67937
-3.48414 -3.48436
-3.50536 -3.39524
-3.58286 -3.06115
-3.49516 -3.2658
-3.45172 -3.37493
-3.43534 -3.15393
-3.49303 -3.17746
-3.46403 -2.87882
-3.3736 -2.94779
-3.3814 -2.64842
-3.45395 -2.57696
-3.52839 -2.94739
-3.5902 -2.92109
-3.3884 -2.4365
-3.43979 -2.35163
-3.3793 -2.14489
-3.31344 -2.31934
-3.30478 -1.93746
-3.29463 -1.58946
-3.22414 -1.73421
-3.23825 -1.24422
-3.2669 -0.913942
-3.30619 -0.858028
-3.28214 -0.721525
-3.23015 -0.843913
-3.18904 -0.465575
-3.21147 -0.465961
-3.17608 -0.998751
-3.09352 -0.832363
-3.09446 -0.451725
-3.03608 -0.628428
-3.01591 -0.355127
-2.95863 -0.63344
-2.90826 -0.260724
-2.86812 -0.765281
-2.93572 -0.840854
-2.99762 -0.866883
-2.93233 -1.05105
-3.02288 -1.2134
-2.91124 -1.37748
-2.99823 -1.62989
-2.89228 -1.76916
-3.00656 -1.95805
-2.94325 -2.10254
-3.02312 -2.25801
-2.92904 -2.39085
-3.05964 -2.58406
-2.96375 -2.68228
-3.03374 -2.87139
-3.13555 -2.8641
-3.19806 -2.60234
-3.22772 -2.8948
-3.19599 -3.08454
-3.28452 -3.05065
-3.29941 -2.81332
-3.35027 -3.13697
-3.26787 -3.24041
-3.36113 -3.28795
-3.26827 -3.34666
-3.32983 -3.46411
-3.45601 -3.56332
-3.28313 -3.63478
-3.19831 -3.56614
-3.17481 -3.6554
-3.08794 -3.71717
-3.09044 -3.64194
-2.97375 -3.60651
-3.08777 -3.5406
-2.96334 -3.47088
-3.09761 -3.42385
-3.01485 -3.26338
-3.16184 -3.29375
-3.19825 -3.44157
-3.09248 -3.08481
-2.99596 -3.0562
-2.92713 -2.88736
-2.8987 -3.10233
-2.80633 -2.90748
-2.83446 -2.62151
-2.66559 -2.66891
-2.70786 -2.3917
-2.81148 -2.33202
-2.72008 -2.09945
-2.84709 -2.09072
-2.75141 -1.77409
-2.78919 -1.37395
-2.64431 -1.42841
-2.68163 -1.04133
-2.79173 -1.01229
-2.74411 -0.708075
-2.85939 -1.12576
-2.814 -0.453195
-2.71027 -0.338673
-2.80052 -0.181852
-2.71602 0.0102036
-2.57989 -0.0759199
-2.6343 0.24108
-2.54472 0.225845
-2.54924 0.513211
-2.43232 0.205627
-2.37062 0.694015
-2.51687 0.922342
-2.38502 1.0964
-2.48754 1.29764
-2.27957 1.50559
-2.44398 1.70766
-2.32597 1.7734
-2.31031 2.01053
-2.40705 1.97188
-2.20572 2.41406
-2.15085 2.11594
-2.25214 1.85186
-2.16958 1.81863
-2.08993 1.65691
-2.05552 1.27986
-1.97043 1.5854
-1.85919 1.44077
-1.88867 1.11324
-1.69341 1.26597
-1.76902 0.895749
-1.55535 0.956864
-1.6791 0.631008
-1.52833 0.635527
-1.58483 0.342916
-1.40902 0.438881
-1.41599 0.0735212
-1.28961 0.265851
-1.23856 0.0649227
-1.22225 -0.224092
-1.45773 -0.281667
-1.35597 -0.691431
-1.58448 -0.460851
-1.64838 -0.0765333
-1.76646 -0.460764
-1.63295 -0.770795
-1.83865 -0.88556
-1.6663 -1.07181
-1.50917 -1.01422
-1.5274 -1.32124
-1.7762 -1.32527
-1.611 -1.74003
-1.95167 -1.6812
-1.86607 -2.10911
-1.56827 -2.15385
-1.70293 -2.50612
-2.01942 -2.4426
-2.09259 -2.22287
-2.23055 -2.42262
-2.23765 -2.13671
-2.44996 -2.4146
-2.33598 -2.66356
-2.5039 -2.87969
-2.68845 -2.96008
-2.6426 -3.16229
-2.49359 -3.11723
-2.48653 -3.2832
-2.63985 -3.38036
-2.8257 -3.2965
-2.77803 -3.49063
-2.86075 -3.58039
-2.77797 -3.10185
-2.26834 -3.35032
-2.3486 -3.15816
-2.10744 -3.18621
-2.24502 -2.91733
-2.41335 -3.03107
-1.98457 -2.98315
-1.98649 -2.73491
-2.17452 -2.64037
-1.73042 -2.88371
-1.39305 -2.77732
-1.31417 -2.39668
-1.10947 -2.68329
-0.999488 -3.05185
-1.46336 -3.09718
-1.22982 -3.31938
-1.59687 -3.32608
-1.80698 -3.14498
-1.91231 -3.33411
-2.05693 -3.44695
-2.09748 -3.33899
-0.921174 -3.3521
-0.791489 -3.47113
-0.562813 -3.57523
-0.676942 -3.38708
-0.330678 -3.36856
-0.627011 -3.20934
-0.81118 -3.26564
-0.599105 -2.97102
-0.785594 -2.6832
-0.487586 -2.76196
-0.336149 -2.91672
-0.316291 -3.12323
-0.0186548 -2.93691
0.0465837 -3.23443
0.0363588 -3.43166
-0.205142 -3.53249
0.084136 -3.5584
-0.142472 -3.61488
0.0209503 -3.63376
-0.104232 -3.65622
0.0825729 -3.63951
0.0653834 -3.67606
-0.101374 -3.7019
0.224665 -3.67924
0.238592 -3.64598
0.457523 -3.64215
0.40092 -3.5865
0.191484 -3.60396
0.317369 -3.54364
0.358609 -3.46461
0.547144 -3.51671
0.694353 -3.41625
0.526416 -3.31108
0.263202 -3.35259
0.335538 -3.24896
0.343673 -3.06908
0.47621 -3.19992
0.674675 -3.12011
0.852613 -3.27675
1.01059 -3.11453
0.879492 -2.95932
0.610085 -2.80395
1.00182 -2.7241
1.10544 -2.94815
1.28805 -2.82248
1.35849 -3.04791
1.18435 -3.25277
1.56546 -3.25016
1.29915 -3.37554
1.56234 -3.40175
1.34594 -3.47356
1.12666 -3.4508
1.00391 -3.38186
0.859041 -3.49671
1.12118 -3.50779
0.876808 -3.5383
1.02836 -3.53465
1.2531 -3.54021
1.2644 -3.54073
1.10276 -3.55309
0.886573 -3.58347
1.06863 -3.58142
1.30422 -3.55542
1.25558 -3.5585
1.15181 -3.5731
1.28398 -3.56964
1.3549 -3.56549
1.51603 -3.55513
1.6057 -3.51766
1.55639 -3.49424
1.81289 -3.48767
1.7708 -3.50947
2.06879 -3.48844
2.04463 -3.41482
2.38036 -3.42809
2.32802 -3.3786
2.39544 -3.30056
2.48592 -3.35661
2.65771 -3.29593
2.67075 -3.37026
2.86746 -3.30597
2.94163 -3.38414
2.69723 -3.44873
2.3549 -3.47603
2.55512 -3.49589
2.77122 -3.48875
2.9 -3.45834
2.98132 -3.42593
3.09482 -3.42652
3.13952 -3.38852
3.09844 -3.37779
3.24975 -3.32722
3.2675 -3.36376
3.45381 -3.2948
3.40457 -3.31733
3.25762 -3.38312
3.34884 -3.34224
3.16245 -3.42753
2.93366 -3.47723
3.0146 -3.44528
2.80455 -3.4862
2.82506 -3.43244
2.6628 -3.46724
2.57589 -3.43236
2.47302 -3.47839
2.58873 -3.49694
2.40733 -3.49488
2.24444 -3.48217
2.31686 -3.46572
2.12615 -3.47907
2.09589 -3.45705
1.92499 -3.49734
2.02656 -3.5017
1.75501 -3.55706
2.06078 -3.48723
1.94315 -3.51271
1.66725 -3.55629
1.94937 -3.50555
1.41755 -3.57195
1.45023 -3.55934
1.35141 -3.55588
1.52624 -3.57717
1.45993 -3.56956
1.46509 -3.55374
1.67253 -3.52212
1.40551 -3.53036
1.57563 -3.48667
1.71627 -3.49449
1.85338 -3.48067
1.74868 -3.44755
1.93428 -3.4208
1.82343 -3.35001
2.13044 -3.34936
1.97681 -3.18859
1.72524 -3.04221
1.98913 -2.96254
2.25032 -3.0385
2.30801 -3.22204
2.47403 -3.11302
2.59651 -3.24021
2.39042 -3.32508
2.54695 -3.35626
2.80258 -3.33196
2.34851 -3.41414
2.91671 -3.14729
3.05262 -3.2513
3.03763 -3.35321
3.2413 -3.23667
3.25227 -3.34745
3.43694 -3.20149
3.44255 -3.26578
3.54417 -3.23568
3.6124 -3.1645
3.75441 -3.13104
3.7033 -3.17348
3.54911 -3.24393
3.66561 -3.20058
3.81272 -3.10205
3.8328 -3.08666
3.59957 -3.16942
3.37835 -3.24099
3.52304 -3.10134
3.74105 -3.06094
3.76525 -2.94355
3.54374 -3.00608
3.37465 -3.10416
3.28648 -3.22134
3.18116 -3.18295
3.07624 -3.29004
3.0083 -3.23125
2.86447 -3.21202
3.07285 -3.14312
2.93129 -3.09589
3.19613 -3.04139
3.28098 -3.07734
3.42946 -2.97066
3.4496 -3.01365
3.32218 -2.9518
3.48512 -2.89559
3.34817 -2.88444
3.61153 -2.76473
3.73292 -2.70353
3.13426 -2.97902
2.72562 -3.12185
2.6742 -3.20487
2.48658 -3.19826
2.09925 -3.29377
2.29398 -3.2337
2.01621 -3.2727
2.12315 -3.22263
1.86605 -3.26757
1.69188 -3.32019
1.60081 -3.27242
1.88755 -3.22066
1.61695 -3.2205
1.44518 -3.21411
1.62042 -3.17536
1.88316 -3.1781
2.05954 -3.11576
1.94041 -3.09769
1.78282 -3.13344
2.09806 -3.06892
2.25843 -3.05062
1.67432 -3.39574
3.17408 -3.31949
3.98372 -2.98455
3.81345 -3.03133
2.89186 -2.97308
2.69341 -3.06026
2.74138 -2.84043
2.49524 -2.92745
2.55742 -2.68323
2.22589 -2.72712
2.4352 -2.52122
2.27617 -2.36676
1.86022 -2.41528
1.90713 -2.78101
1.8158 -2.91358
1.61997 -2.80541
1.36327 -2.512
1.5342 -2.23933
1.24627 -2.09385
1.01316 -2.40127
0.89422 -2.16492
0.829391 -2.34254
0.656653 -2.26682
0.715071 -1.99724
0.423755 -1.9659
0.40964 -2.34928
0.565461 -2.51413
0.774317 -2.51844
0.382464 -2.59725
0.263158 -2.81302
0.153777 -2.60062
0.276385 -2.46066
0.150465 -2.28252
-0.0954657 -2.50213
-0.0170598 -2.7186
-0.236819 -2.72798
0.0987968 -2.78001
-0.441656 -2.47457
-0.18498 -2.19789
-0.496852 -2.10401
-0.772501 -2.31676
-0.78637 -1.97742
-1.0495 -2.16858
-1.04232 -1.83568
-1.30972 -1.98174
-1.23983 -1.54743
-1.00952 -1.61384
-0.820665 -1.67047
-0.912282 -1.35158
-0.631756 -1.4608
-0.498169 -1.73264
-0.339243 -1.37657
-0.569674 -1.14127
-0.302546 -1.09775
-0.349935 -0.844635
-0.609254 -0.797229
-0.801811 -1.0226
-0.834102 -0.773287
-1.05691 -0.987997
-1.13652 -1.27699
-1.31173 -1.15518
-0.994328 -0.526046
-0.682693 -0.45151
-0.827628 -0.303453
-0.950976 -0.120392
-1.10933 0.00781263
-0.998693 0.148988
-1.13953 0.2379
-0.981928 0.463171
-1.21826 0.509879
-1.09756 0.866983
-1.36164 0.763951
-1.31288 1.11962
-1.48237 1.33317
-1.23299 1.51728
-1.09316 1.23972
-0.916334 1.50464
-1.00414 1.84748
-1.2852 1.89722
-1.47457 1.64167
-1.54834 1.99075
-1.67757 1.63178
-1.58709 1.47052
-1.70964 1.85288
-1.83994 1.76237
-1.75076 2.0295
-1.90438 2.00681
-1.97545 1.79087
-2.04741 1.94689
-1.96365 2.26956
-2.06347 2.43775
-1.92217 2.62031
-2.04274 2.71733
-2.15377 2.78968
-2.23912 2.86033
-2.11647 3.10941
-2.23616 3.09366
-2.08806 3.4477
-2.24339 3.34005
-2.37345 3.23603
-2.31291 3.49163
-2.44386 3.29874
-2.43974 3.42949
-2.54209 3.26148
-2.54451 3.42114
-2.60201 3.33718
-2.63549 3.18517
-2.55233 3.55721
-1.0324 5.29052
-0.873966 5.34336
-0.972203 5.21316
-1.17913 5.22461
-1.0803 5.15633
-1.16852 5.08643
-1.00146 5.09927
-1.11352 4.94112
-1.29819 4.98922
-1.37514 4.8338
-1.50417 4.9905
-1.56994 4.76246
-1.51085 4.60503
-1.65925 4.6185
-1.7026 4.69307
-1.68388 4.85319
-1.84663 4.67997
-1.7699 4.56598
-1.91791 4.3913
-1.73693 4.46051
-1.87406 4.28615
-1.7705 4.30557
-1.63142 4.43052
-1.67073 4.18639
-1.48446 4.40027
-1.48788 4.09776
-1.67711 3.93269
-1.81593 3.91365
-1.79124 3.63759
-1.92766 3.65736
-1.98005 3.86164
-1.9624 3.36929
-2.1431 3.62093
-2.14875 3.82543
-2.34588 3.66888
-2.19317 3.98077
-2.32135 3.85335
-2.26989 4.03639
-2.34841 3.90955
-2.44305 3.67729
-2.42208 3.80487
-2.18225 4.18195
-2.0831 4.34225
-2.07753 4.20002
-2.02321 4.12254
-1.97158 4.51131
-1.33865 5.10638
-2.49891 3.61908
-2.00754 4.01685
-1.91186 4.14604
-1.82574 4.1017
-1.84119 3.28021
-2.0001 3.04077
-1.88145 2.94768
-1.69166 3.18488
-1.68416 3.48123
-1.60746 3.40634
-1.49147 3.36988
-1.52322 2.99045
-1.28951 3.30321
-1.25524 2.9911
-1.45142 2.63496
-1.64428 2.65257
-1.6479 2.33441
-1.79809 2.48973
-1.81965 2.22951
-1.46936 2.32316
-1.31787 2.21394
-1.32972 2.46066
-1.20388 2.70428
-1.13912 2.45145
-0.959206 2.71742
-1.00839 2.98836
-0.969188 3.34451
-0.854691 3.16933
-0.729891 2.99636
-0.655068 3.32618
-0.362928 3.19687
-0.334465 3.54692
-0.605853 3.64844
-0.855052 3.74206
-1.11387 3.55966
-1.08145 3.84751
-1.30338 3.56477
-1.34493 3.75199
-1.42645 3.56795
-1.52422 3.60136
-1.44606 3.86308
-1.60986 3.77434
-1.22305 4.08231
-1.26555 4.38702
-0.994394 4.42499
-0.876607 4.20601
-0.766139 4.03047
-0.44187 4.36035
-0.691703 4.48694
-0.370911 4.76576
-0.749278 4.68364
-0.588042 4.92036
-0.851361 4.84278
-0.991433 4.64231
-1.05407 4.79537
-1.17175 4.60744
-1.11193 4.51327
-1.33834 4.56645
-1.26123 4.72686
-0.948315 4.92971
-0.794513 5.05061
-0.43938 5.12198
-0.566669 5.20744
-0.760088 5.23708
-0.881736 5.14971
-0.527722 5.35336
-0.706845 5.34802
-0.66527 5.45626
-0.437234 5.51016
0.943752 5.76917
0.750127 5.72682
0.940053 5.62352
1.13938 5.75584
1.13794 5.57557
0.976823 5.42522
1.23662 5.47679
1.39812 5.60165
1.45066 5.42785
1.2185 5.35924
1.47229 5.2852
1.27489 5.10564
1.53006 5.02671
1.71689 5.17899
1.71777 4.94428
1.87455 4.95312
1.84725 4.72173
1.64228 4.75223
1.81216 4.47712
1.58745 4.5091
1.77481 4.21599
1.52743 4.2794
1.38591 4.51104
1.30685 4.36182
1.12072 4.58332
1.1013 4.28088
1.37586 4.11493
1.12604 4.01261
0.928897 4.17894
0.756536 3.98396
0.711305 4.37982
0.257931 4.05973
0.415879 3.77189
0.0283203 3.71678
0.217827 3.47294
0.532299 3.56894
0.520626 3.32012
0.226212 3.11997
-0.0405965 3.2418
-0.131001 2.90437
-0.1083 3.44863
-0.475576 2.83791
-0.331581 2.68876
-0.159191 2.49066
0.265747 2.7004
0.151935 2.3346
-0.0759387 2.15434
-0.414384 2.11001
-0.541652 2.49526
-0.77558 2.15306
-0.692249 1.81051
-0.445635 1.77438
-0.553593 1.42409
-0.862232 1.15008
-0.656944 1.04123
-0.449008 1.03153
-0.582786 0.789026
-0.807718 0.778488
-0.667576 0.613009
-0.778651 0.490026
-0.614726 0.387083
-0.552719 0.606183
-0.345446 0.622211
-0.460192 0.206288
-0.683161 -0.0390085
-0.432125 -0.12814
-0.38573 -0.499447
-0.153849 -0.168047
-0.235569 0.194913
0.0155334 0.152254
0.183344 -0.153892
-0.0608821 -0.592351
0.359767 -0.617197
0.636755 -0.120779
0.321479 0.397024
0.602973 0.294515
0.67335 0.60593
0.468384 1.02492
0.0423684 0.868201
0.181449 1.25541
-0.0798206 1.25372
0.0559664 1.56476
-0.238719 1.50491
-0.1778 1.82867
-0.358618 1.64442
-0.311399 1.25347
0.250912 1.96443
0.396642 1.52488
0.626523 1.83507
0.78338 1.44556
0.870897 1.00629
1.05569 1.29601
1.25201 0.998466
0.992964 0.595836
0.799208 0.273666
1.04623 0.203205
0.871044 0.0487198
1.02498 -0.154551
1.27797 0.0163113
1.33643 0.447729
1.61171 0.0383472
1.37579 -0.415689
1.86272 -0.47457
1.5863 -0.83524
1.90618 -0.946553
1.67329 -1.20186
2.00177 -1.3594
1.70187 -1.49464
1.83135 -1.66131
1.55431 -1.79891
1.43583 -1.42863
1.19386 -1.67138
1.10977 -1.29153
0.891791 -1.54407
0.83543 -1.28371
0.60184 -1.42657
0.67588 -1.13787
0.393676 -1.1055
0.653705 -0.846264
0.0964336 -0.944514
0.131176 -1.23303
-0.0983844 -1.19432
0.00673008 -1.39109
-0.137075 -1.39138
-0.132445 -1.60669
0.247388 -1.53573
0.0422087 -1.91473
0.488548 -1.66118
0.676274 -1.73846
-0.252896 -1.90972
-0.145654 -0.932854
0.648025 -0.554424
0.956172 -0.617505
1.28999 -0.798054
1.12898 -0.97169
0.893378 -1.02792
1.37497 -1.09433
0.934007 -1.86743
1.50606 -2.05791
1.70088 -2.0771
1.81729 -1.87422
1.92519 -2.04701
2.06074 -1.76036
2.1641 -2.07682
2.37146 -1.76399
2.27314 -1.50606
2.31352 -1.25694
2.21345 -0.962104
2.4667 -1.04295
2.46896 -0.695897
2.21455 -0.564453
2.46268 -0.232648
2.16127 -0.159788
2.33679 0.18151
2.09965 0.234816
1.92421 -0.0190915
1.85047 0.334144
1.62636 0.455589
1.77349 0.642888
1.55419 0.817053
1.46985 1.06514
1.44635 1.23249
1.28881 1.39503
1.58632 1.46327
1.2962 1.71117
1.07998 1.54912
0.971831 1.8026
1.2146 2.05394
0.820289 2.13975
1.09468 2.42573
0.788796 2.3982
0.504088 2.33349
0.547971 2.07339
0.748524 2.67357
0.566396 3.00664
0.857544 2.97117
0.806573 3.19725
0.800737 3.4689
1.10055 3.26328
1.10478 3.64605
0.72417 3.7088
1.30751 3.37727
1.45345 3.12029
1.1768 2.85057
1.69281 2.6627
1.42021 2.53525
1.46902 2.26769
1.61043 2.42663
1.80107 2.19857
2.13839 2.32502
1.97471 2.7048
1.85328 3.06957
2.16242 2.74241
2.14347 3.09915
1.96986 3.25631
1.80107 3.49295
1.50938 3.42625
1.44869 3.78076
1.71082 3.91938
2.00326 3.59807
2.02902 3.35707
2.17 3.3516
2.35839 3.13792
2.26818 3.56537
2.51783 3.23991
2.62431 2.8195
2.3885 2.79137
2.58661 2.51342
2.71391 2.52036
2.76013 2.24953
2.8627 2.50295
3.00523 2.05115
2.85033 1.86985
2.68255 2.0243
2.69239 1.66272
2.49139 2.06277
2.59 2.26093
2.40079 2.44919
2.37011 1.87632
2.11334 1.84775
2.38176 1.5235
2.20156 1.48402
2.3237 1.31288
2.18445 1.14143
1.93164 1.56713
1.86658 1.1621
2.02864 0.687589
1.77581 0.901106
1.62129 1.12679
2.37436 0.633147
2.22437 0.432561
2.62113 0.211778
2.65287 0.673546
2.47303 1.09788
2.71086 1.01958
2.59614 1.37298
2.51953 1.65348
2.75053 1.27956
2.87626 1.30146
2.85333 1.04071
3.01263 0.955073
2.89018 0.653533
3.0788 0.593538
3.05961 0.290597
2.90055 0.242061
3.01543 -0.0668524
2.81248 -0.0603662
2.78968 0.206496
2.7818 0.403648
2.65755 -0.126528
2.687 -0.419342
2.93267 -0.490183
2.71285 -0.872466
2.94538 -0.884821
2.83759 -1.14489
3.04078 -1.12983
3.15354 -0.740193
3.271 -1.10685
3.36364 -0.787026
3.3173 -0.395486
3.13224 -0.348904
3.19256 -0.0298247
3.35328 0.0181543
3.2241 0.35517
3.36348 0.317896
3.3102 0.603264
3.17723 0.734208
3.2583 0.870033
3.15382 1.05239
3.02626 1.31369
3.17017 1.35707
3.02697 1.64397
2.89869 1.56214
3.18902 1.68942
3.21249 2.01127
3.09291 2.34066
3.2544 2.2331
3.21318 2.48578
3.00944 2.72414
2.81468 2.81354
2.71004 3.06004
2.85599 2.96296
2.79791 3.18687
2.64007 3.34703
2.48471 3.52416
2.58635 3.62603
2.38847 3.8424
2.17637 3.93521
1.99468 3.90529
1.99999 4.19298
2.20599 4.17546
2.01963 4.45322
2.20851 4.43544
2.03772 4.70286
2.23362 4.66691
2.05054 4.94134
1.91401 5.13488
2.10866 5.13141
1.88052 5.25724
1.67679 5.34051
1.83739 5.38566
1.69695 5.49494
1.90599 5.46901
2.01955 5.3569
2.03908 5.52019
1.94062 5.60108
1.82879 5.664
1.68849 5.6973
1.52495 5.7281
1.65151 5.62319
1.33794 5.74321
2.35616 5.36786
2.56489 5.24526
2.41375 5.19253
2.22489 5.27328
2.14221 5.46726
2.3082 5.12101
2.27097 5.02675
2.35681 5.05454
2.47228 5.04407
2.55563 5.10021
2.62656 4.95686
2.70751 5.06533
2.87158 4.8665
3.04658 4.6856
3.1547 4.55137
3.16466 4.41992
3.25945 4.42464
3.26622 4.26157
3.35374 4.21374
3.35827 4.05756
3.21641 4.20548
3.27573 3.98715
3.15611 4.09699
3.26808 3.86436
3.18137 3.86639
3.06025 4.08743
3.01387 3.96089
2.91687 4.24035
2.77953 4.24421
2.8159 4.2471
2.81038 4.39587
2.77953 4.24422
2.67764 4.54455
2.75024 4.60813
2.61057 4.75989
2.68914 4.79141
2.57092 4.90324
2.7699 4.83686
2.80832 4.67635
2.9177 4.66096
2.90087 4.46637
3.06852 4.40418
3.02169 4.26075
2.46028 4.963
2.5164 4.74203
2.37898 4.93376
2.38019 4.74589
2.58664 4.49445
2.46587 4.40366
2.67528 4.25273
2.63591 4.04128
2.40322 4.17398
2.55142 3.88138
2.70692 3.71205
2.85175 3.77035
2.84733 3.51806
3.03 3.39784
2.90475 3.28145
2.74622 3.44731
2.95345 3.02883
3.07167 3.09893
3.08237 2.89362
3.17545 2.71798
3.20822 2.87136
3.35031 2.57211
3.37028 2.26895
3.4931 2.26017
3.52266 1.99582
3.37153 2
3.50657 1.70862
3.67002 1.63106
3.60482 1.42663
3.71969 1.22794
3.62047 1.07979
3.49034 1.3946
3.49044 1.0387
3.58789 0.81376
3.51303 0.694194
3.37469 0.874958
3.43672 0.498391
3.55705 0.364213
3.47522 0.152444
3.61845 0.00661801
3.50613 -0.253743
3.67293 -0.349785
3.59597 -0.590047
3.70873 -0.616129
3.67135 -0.854214
3.79704 -0.797044
3.76069 -1.15701
3.93312 -1.03341
3.87469 -1.35085
3.76681 -1.54888
3.60395 -1.45279
3.65358 -1.82412
3.47777 -1.84281
3.56311 -2.07529
3.43163 -2.21726
3.27382 -2.08867
3.2991 -2.38038
3.17149 -2.37076
3.04006 -2.51181
3.02431 -2.19473
2.8137 -2.52855
2.9718 -2.76278
2.72245 -2.16774
2.60566 -2.4508
2.50039 -2.32248
2.45418 -2.08066
2.66685 -1.76936
2.57267 -1.35809
2.8731 -1.44099
2.96755 -1.79028
3.11177 -1.42544
3.17613 -1.65099
3.30236 -1.43787
3.46034 -1.2124
3.41079 -0.996201
3.5193 -0.876548
3.46745 -0.583682
3.61141 -1.10657
3.4403 -1.52991
3.31318 -1.73434
3.1567 -1.88698
3.78734 -1.90698
3.8924 -1.65466
4.00948 -1.70895
3.97326 -1.40108
4.06818 -1.48489
4.05427 -1.22468
4.04736 -0.976584
3.99171 -0.737254
3.88583 -0.646946
3.93797 -0.405037
3.85868 -0.421726
3.78961 -0.495614
3.79278 -0.142691
3.92685 -0.0287565
3.80765 0.283288
3.68284 0.287338
3.70167 0.656197
3.60938 0.565432
3.82269 0.617037
3.7408 0.909958
3.85259 0.923709
3.81892 1.30633
3.93944 1.05602
3.98835 0.712938
3.91006 0.593405
3.98196 0.406981
3.91162 0.320052
4.03134 0.080981
4.046 -0.286455
4.14711 -0.220439
4.15875 -0.569391
4.24859 -0.44932
4.25814 -0.733227
4.21277 -0.914947
4.1016 -0.807292
4.14225 -1.0903
4.24875 -1.23637
4.16068 -1.39061
4.26177 -1.58982
4.13781 -1.72152
4.23442 -1.91524
4.14413 -1.99107
4.3234 -1.83862
4.37224 -1.89554
4.38447 -1.63114
4.32412 -1.3717
4.39389 -1.32844
4.31405 -1.05022
4.39491 -1.05812
4.34113 -0.671622
4.43924 -0.875891
4.4756 -1.31238
4.50271 -1.05389
4.55107 -1.33982
4.54829 -1.60015
4.60264 -1.55247
4.61514 -1.80937
4.65739 -1.67561
4.65086 -1.84579
4.6133 -1.99404
4.55644 -2.03685
4.56768 -2.17568
4.51455 -2.20101
4.5281 -1.87667
4.57216 -2.32509
4.59872 -2.225
4.63018 -2.04274
4.61625 -2.19548
4.59664 -2.35024
4.65458 -2.02004
4.66914 -1.8361
4.67043 -1.71194
4.68639 -1.63423
4.70882 -1.76017
4.71468 -1.56427
4.67776 -1.36484
4.67006 -1.56729
4.6438 -1.45001
4.62873 -1.19279
4.59367 -1.34879
4.56639 -1.08645
4.61494 -0.936903
4.5784 -0.751916
4.52161 -0.797733
4.48399 -0.809473
4.48231 -0.600847
4.52002 -0.380198
4.44668 -0.309286
4.46035 -0.634453
4.4012 -0.496267
4.37708 -0.119258
4.33964 -0.297243
4.3075 0.00341026
4.27986 -0.107309
4.21275 0.277083
4.22929 -0.13532
4.2923 -0.338658
4.13936 0.0650021
4.08107 0.361018
4.09813 0.673393
4.01873 0.994666
4.08068 0.965714
4.01296 1.2614
3.93104 1.31743
3.92401 1.63632
3.80859 1.62722
3.67603 2.01375
3.81487 1.82082
3.82731 1.99174
3.68689 2.32366
3.53975 2.4048
3.56513 2.55269
3.4468 2.672
3.33112 2.82571
3.38112 2.88371
3.24206 3.08133
3.20255 3.35931
3.03162 3.67819
3.1901 3.62772
3.32681 3.35188
3.409 3.06919
3.47453 3.17998
3.38082 3.5455
3.61327 3.11768
3.52986 3.52085
3.37914 3.76585
3.45608 3.7943
3.54392 3.63256
3.61723 3.52426
3.68274 3.34135
3.70383 3.41623
3.78311 3.25639
3.77587 3.42028
3.66585 3.54116
3.6958 3.54661
3.62998 3.64862
3.57492 3.69152
3.60575 3.80639
3.49864 3.88934
3.45433 4.05869
3.55627 3.93366
3.51293 4.07732
3.44186 4.17915
3.35095 4.30489
4.38262 2.06376
4.32336 2.20872
4.30207 2.28817
4.33851 2.07072
4.34884 2.13018
4.40701 1.81799
4.44075 1.53685
4.4495 1.79452
4.49513 1.58214
4.57072 1.30101
4.51782 1.69419
4.55671 1.50545
4.57368 1.31797
4.58939 1.19079
4.59207 1.2887
4.59711 0.842216
4.59256 0.777362
4.60531 0.708752
4.5929 0.601389
4.60173 0.46299
4.61191 0.307847
4.59984 0.384746
4.62515 0.152609
4.64827 0.00711844
4.65924 -0.144316
4.67213 -0.396523
4.67883 -0.493205
4.6578 -0.646775
4.646 -0.785341
4.66648 -0.977359
4.65344 -0.969917
4.6858 -1.17036
4.70184 -1.36949
4.68593 -1.17384
4.58535 1.3143
4.46996 1.84193
4.42107 1.97961
4.68224 -1.9615
4.65103 -0.648097
4.62508 -0.683579
4.64067 -0.591103
4.63191 -0.441469
4.58734 -0.444543
4.59275 -0.215291
4.53615 0.00087513
4.57714 0.0533609
4.53353 0.448275
4.49472 0.405045
4.47599 0.707784
4.44586 0.632715
4.47826 0.243215
4.41648 0.471664
4.46721 0.0135435
4.50858 -0.0396732
4.40464 0.138288
4.35613 0.508903
4.34204 0.900036
4.2956 0.740771
4.32733 0.302957
4.25799 0.622773
4.20895 1.03314
4.16728 0.781455
4.10898 1.16346
4.12562 1.45467
4.03489 1.5344
4.03388 1.8204
3.94438 1.90441
3.93159 2.21717
3.82381 2.22893
3.78672 2.47122
3.80281 2.64046
3.63019 2.79378
3.71213 2.47871
3.62173 2.58312
3.51776 2.76473
3.80449 2.88708
3.6721 3.21168
3.78789 3.11694
3.8863 2.90395
3.98641 2.56209
4.00913 2.75782
4.07065 2.50158
4.11071 2.23536
4.14179 2.34304
4.2138 1.99952
4.19387 2.23745
4.2608 2.03581
4.31657 1.59836
4.25719 1.6075
4.33625 1.24502
4.41536 1.06825
4.40352 0.873221
4.25856 1.34724
4.27183 1.09031
4.1882 1.41532
4.18501 1.79761
4.11779 1.78187
4.07089 2.13982
4.02989 2.0662
3.96452 2.37621
3.8991 2.62164
4.41371 1.33774
4.46988 0.947459
4.45465 1.17637
4.51016 0.79451
4.55112 0.492927
4.58416 0.211535
4.57995 0.291946
4.61156 -0.0944411
4.61879 0.0241139
4.64851 -0.261047
4.64859 -0.418204
4.66411 -0.563698
4.6535 -0.293107
4.62161 0.160267
4.56786 0.539087
4.53623 0.718165
4.57181 0.940436
4.53882 0.994092
4.49455 0.979279
4.47801 1.21936
4.44238 1.4076
4.41063 1.54387
4.43432 1.54388
4.38748 1.7759
4.34097 1.87003
4.36057 1.68003
4.27661 2.14943
4.20828 2.33732
4.23279 2.37714
4.27647 2.24611
4.32573 2.02373
4.25749 2.45887
4.22568 2.54981
4.20024 2.53089
4.20587 2.6455
4.15387 2.71265
4.13179 2.7648
4.16773 2.56338
4.14885 2.47327
4.09133 2.60597
4.05846 2.79978
3.98688 2.94598
3.92778 2.97068
3.88609 3.15791
3.85626 3.08212
3.98806 3.07217
3.91545 3.19563
3.83235 3.30981
3.64346 3.67435
4.27054 2.37222
4.05861 2.92143
4.43799 1.54744
4.438 1.5473
4.47797 1.38006
4.52236 1.3217
4.54093 1.19601
4.48547 1.29551
4.52825 1.13522
4.58029 0.962851
4.59289 1.07605
4.59659 0.87913
4.58605 0.794219
4.57109 0.903979
4.57923 0.635602
4.57493 0.592468
2.89304 3.94522
2.77042 4.0545
4.47458 -1.63389
4.43994 -1.82308
4.43386 -1.48859
4.06136 -1.9745
4.04389 -0.561725
3.33662 1.31486
3.2598 1.09626
3.3531 1.70048
2.32914 4.42262
2.19495 4.92898
2.52407 1.81777
1.60814 1.89504
1.87759 1.8907
0.989621 3.08095
2.05676 -0.75728
-0.22712 1.01388
-0.0389299 0.455114
-0.830944 0.212222
-1.07595 2.16991
-0.876571 2.45074
-0.724326 2.70423
-0.224313 3.87498
-0.114521 4.20972
-0.513281 3.98568
0.00893021 4.52488
-0.171675 4.63236
0.105683 4.85712
-0.0954638 5.11532
-0.363178 4.99788
-0.311171 5.274
0.0116129 5.3914
-0.245559 5.43968
0.0131364 5.54894
-0.221261 5.58774
0.272597 5.66631
0.585678 5.65856
0.438162 5.60435
0.14323 5.65432
-0.0403023 5.62598
0.495968 5.49444
0.698906 5.50662
0.491848 5.35425
0.277162 5.35264
0.332244 5.15721
0.665553 5.26779
0.554797 5.00891
0.415848 4.66899
0.816308 4.79646
0.257632 4.37963
1.11081 4.90039
0.945342 5.15859
1.37863 4.78285
-1.75105 2.81493
-1.0147 -2.45533
2.09116 -3.4745
2.14933 -3.46771
2.28383 -3.4599
2.1281 -3.46879
2.26175 -3.48638
2.42501 -3.49882
2.73943 -3.49637
0.619949 -3.63361
0.748747 -3.58659
0.648671 -3.57165
-0.31637 -3.68839
-0.32953 -3.64608
-0.524536 -3.68021
-0.547399 -3.707
-0.310404 -3.59213
-2.60426 -2.41316
-2.56708 -2.12721
-2.36262 -1.92499
-2.47879 -1.77529
-2.61197 -1.79016
-2.4926 -1.45069
-2.52851 -1.05701
-2.34517 -1.06771
-2.42564 -0.697864
-2.58779 -0.604475
-2.42953 -0.278492
-2.30708 -0.0269592
-2.26051 0.3499
-2.16405 0.0370185
-2.24842 -0.471798
-2.06207 -0.24351
-2.08493 -0.589967
-2.15258 -0.914166
-2.01165 -0.822812
-2.01004 -1.21317
-1.94674 -0.509539
-2.20455 -1.31628
-2.11752 -1.53242
-2.24465 -1.62859
-2.35422 -1.53134
-2.16703 -1.81733
-2.06925 -1.9948
-1.88464 -0.066587
-2.02582 0.117651
-1.9249 0.371462
-2.08732 0.464968
-1.94232 0.767081
-2.08789 0.878721
-2.20876 0.690061
-2.23564 1.02952
-1.99574 1.01375
-1.82091 0.601024
-1.76555 0.30673
-3.29146 -2.56933
-3.23853 -2.37852
-3.25732 -2.25109
-3.24798 -2.08137
-3.21746 -2.20377
-3.17752 -2.00171
-3.15506 -1.7205
-3.16841 -1.40543
-3.08954 -1.53561
-3.10961 -1.19736
-3.09146 -1.83377
-3.09753 -2.12117
-3.17676 -2.28337
-3.10813 -2.37309
2.95874 -2.9868
4.26918 -2.76712
4.22431 -2.76956
4.32728 -2.67105
4.31265 -2.62885
-2.25339 -3.41142
-2.41524 -3.46399
-2.06062 -3.41343
-1.24615 -3.40601
-1.45896 -3.41414
-1.27619 -3.44485
-1.51744 -3.46969
-1.66561 -3.41651
-1.86532 -3.41718
-2.09106 -3.4881
-1.81133 -3.54982
-2.22205 -3.54907
-2.36808 -3.52096
-2.57417 -3.51675
-2.53428 -3.57171
-2.72642 -3.55887
-2.86776 -3.59479
-2.30169 -3.59252
-2.12939 -3.61673
-1.92738 -3.62821
-1.65422 -3.61709
-1.86726 -3.6955
-2.17238 -3.66058
-1.43545 -3.66404
-1.22613 -3.5618
-1.08094 -3.62627
-0.746062 -3.55507
-0.676171 -3.4833
-0.306393 -3.48796
-0.156011 -3.3797
-0.594704 -3.39827
-0.37766 -3.39384
-0.81064 -3.40326
0.0742979 -3.36067
-0.00850105 -3.40783
0.0345283 -3.44995
-0.470943 -3.5535
-1.02827 -3.40551
-1.0288 -3.47316
-1.37218 -3.50701
-3.37138 1.19002
-3.39318 1.05652
-3.42494 0.936228
-3.38093 0.632026
-3.31982 1.19633
-3.3322 1.30538
-3.28191 1.5549
-3.20001 1.86854
-3.17406 1.93522
-3.12044 2.07969
-3.1291 2.00565
-3.22447 1.75972
-3.19993 1.63571
-3.23785 1.65265
-3.29156 1.40902
-3.28377 1.27847
-3.23387 1.39724
-3.2482 1.20987
-3.15799 1.45186
-3.12937 1.77362
-3.04733 1.80977
-3.07988 1.95855
-3.0757 2.08074
-3.01674 2.124
-3.04466 2.23982
-2.91134 2.49125
-3.01287 2.31381
-2.98726 2.38447
-3.11424 2.158
-2.87304 2.61523
-2.83229 2.74137
-2.77537 2.72802
-2.82213 2.50939
-2.90372 2.15521
-2.77821 2.3716
-2.79619 2.14912
-2.86577 1.98778
-2.94138 1.78678
-3.0587 1.41075
-2.92167 1.49112
-2.99594 1.16036
-3.09807 1.00744
-3.02387 0.799273
-3.09776 0.773748
-3.14091 0.750973
-3.19279 0.916465
-3.20285 0.447731
-3.26465 0.696622
-3.25039 1.00012
-3.20202 1.1777
-3.2972 1.15028
-3.14368 1.19913
-3.11127 0.47258
-2.9578 1.02108
-2.9019 0.885912
-2.86394 0.640379
-2.80461 1.8556
-2.73017 1.78192
-2.66192 2.05484
-2.70869 2.16496
-2.70281 2.35675
-2.80755 2.8761
