-3.37138 1.19002
-3.28191 1.5549
-3.20001 1.86854
-3.11424 2.158
-2.55233 3.55721
-2.42208 3.80487
-2.0831 4.34225
-1.97158 4.51131
-1.84663 4.67997
-1.68388 4.85319
-1.50417 4.9905
-1.17913 5.22461
-0.66527 5.45626
-0.221261 5.58774
-0.0403023 5.62598
0.14323 5.65432
0.943752 5.76917
1.33794 5.74321
1.52495 5.7281
1.68849 5.6973
1.82879 5.664
2.35616 5.36786
2.56489 5.24526
3.04658 4.6856
3.25945 4.42464
3.35095 4.30489
3.44186 4.17915
3.51293 4.07732
4.20587 2.6455
4.46996 1.84193
4.51782 1.69419
4.55671 1.50545
4.59207 1.2887
4.67883 -0.493205
4.71468 -1.56427
4.70882 -1.76017
4.68224 -1.9615
4.59664 -2.35024
4.55313 -2.50157
4.48599 -2.61542
4.18122 -2.87018
3.66561 -3.20058
3.16245 -3.42753
2.93366 -3.47723
2.73943 -3.49637
0.306301 -3.67743
-0.0672603 -3.70302
-0.631339 -3.73732
-1.48007 -3.76982
-1.81576 -3.76558
-3.06533 -3.74629
-3.21838 -3.71845
-3.33191 -3.67937
-3.41318 -3.61206
-3.45601 -3.56332
-3.48414 -3.48436
-3.50536 -3.39524
-3.58286 -3.06115
-3.5902 -2.92109
-3.60109 -2.47029
-3.59753 -2.32402
-3.4527 0.827812
