-2.87593 -0.578431
-2.88399 -0.759046
-2.90727 -0.914409
-2.93989 -1.09189
-3.00995 -1.25299
-3.00226 -1.14379
-3.09123 -1.32551
-3.05088 -1.13858
-3.1514 -1.30882
-3.14593 -1.16674
-3.28008 -1.40271
-3.23397 -1.25872
-3.20691 -1.12583
-3.10813 -0.957739
-3.18549 -0.923588
-3.09398 -0.741838
-3.02845 -0.817367
-3.02406 -0.964171
-2.9587 -0.780332
-2.99224 -0.636911
-2.92832 -0.58826
-2.95861 -0.423464
-2.93988 -0.438239
-2.92994 -0.261404
-2.9881 -0.148622
-3.03586 -0.466945
-3.07711 -0.245631
-3.07156 0.0948766
-2.98703 0.190843
-3.03647 0.325358
-2.98394 0.483989
-3.05315 0.52758
-3.02787 0.689754
-2.9724 0.767557
-2.887 0.566545
-2.90585 0.921098
-2.78183 0.759362
-2.84665 1.03325
-2.79404 0.889921
-2.78874 0.606178
-2.81215 0.545469
-2.77671 0.408735
-2.79043 1.02511
-2.81135 1.1905
-2.87397 1.29473
-2.89639 1.1643
-2.94458 1.40015
-2.96324 1.16589
-2.9765 0.993152
-3.02878 1.15205
-3.01725 1.36597
-3.10487 1.29951
-3.06156 0.95005
-3.19855 1.11797
-3.15107 0.85198
-3.08506 0.72281
-3.14544 0.59464
-3.09127 0.361399
-3.16744 0.275938
-3.163 -0.0472442
-3.27972 0.124386
-3.2895 0.540255
-3.36327 0.349214
-3.4214 0.547541
-3.41055 0.722523
-3.34941 0.83126
-3.25157 0.87937
-3.40012 1.0912
-3.31338 1.13387
-3.3749 1.2824
-3.29493 1.31921
-3.22432 1.41083
-3.31716 1.54865
-3.25468 1.63219
-3.33569 1.79492
-3.23211 1.85759
-3.17187 1.5765
-3.13639 1.74552
-3.0777 1.54192
-3.07591 1.73924
-3.04063 1.54487
-3.02666 1.64489
-3.02114 1.77818
-3.09334 1.958
-3.02314 1.9978
-2.99326 1.84548
-3.05037 2.1557
-3.08441 2.3224
-3.10295 2.48925
-3.15109 2.47339
-3.13723 2.64513
-3.20985 2.66751
-3.18463 2.76068
-3.21763 2.87766
-3.26164 2.99615
-3.29515 3.11726
-3.28921 2.96168
-3.35566 2.99585
-3.28524 2.82135
-3.27865 2.64189
-3.2264 2.4516
-3.27877 2.52797
-3.32452 2.59624
-3.33413 2.78666
-3.39903 2.74178
-3.39993 2.91953
-3.46994 2.93266
-3.46379 3.13845
-3.58046 3.14028
-3.58305 3.39542
-3.67303 3.39956
-3.7314 3.26621
-3.634 2.86051
-3.53326 2.84989
-3.52429 2.5934
-3.5963 2.47228
-3.72886 2.63961
-3.65892 2.23286
-3.83895 2.33751
-3.83033 2.635
-3.86001 2.88256
-3.75482 2.9899
-3.86441 3.23971
-3.99047 3.13942
-3.99468 2.82388
-4.12875 3.00876
-4.13356 2.70968
-4.01675 2.50234
-4.15109 2.48194
-4.11781 2.27204
-4.235 2.33386
-4.29743 2.56481
-4.38569 2.24628
-4.53944 2.48983
-4.42226 2.84419
-4.65789 2.87599
-4.77927 2.57646
-4.74116 2.24425
-4.56014 2.13742
-4.70625 1.8627
-4.43773 1.8648
-4.58654 1.62488
-4.46587 1.5479
-4.58037 1.39746
-4.75751 1.45921
-4.67193 1.07672
-4.41934 1.28412
-4.4446 1.00108
-4.53615 0.75614
-4.29423 0.797635
-4.40899 0.554411
-4.60748 0.397953
-4.34396 0.272386
-4.22859 0.507883
-4.05179 0.229939
-4.18434 -0.0684132
-3.89687 -0.125292
-3.86415 0.0916206
-3.83554 0.272963
-3.69747 -0.0105402
-3.70066 0.21896
-3.7041 0.46402
-3.58506 0.151857
-3.48127 0.348269
-3.40414 -0.0348401
-3.54828 -0.0545012
-3.53181 -0.301812
-3.36262 -0.397062
-3.2993 -0.228049
-3.25426 -0.406989
-3.30382 -0.651286
-3.20724 -0.590364
-3.23981 -0.826726
-3.17262 -0.731711
-3.2813 -1.05808
-3.35371 -0.920072
-3.4181 -1.21065
-3.29914 -1.25647
-3.39973 -1.40756
-3.48218 -1.61285
-3.40067 -1.67133
-3.22629 -1.49851
-3.3476 -1.71707
-3.1823 -1.52192
-3.08887 -1.38383
-3.56059 -2.04202
-3.46536 -1.94717
-3.3798 -1.84992
-3.47626 -1.97867
-3.31379 -1.73896
-3.49761 -1.93292
-3.54094 -1.87989
-3.66626 -2.0652
-3.62026 -2.11527
-3.77664 -2.23894
-3.74246 -2.27001
-3.60882 -2.13039
-3.72529 -2.24754
-3.63669 -2.13313
-3.78335 -2.30704
-3.66033 -2.14511
-3.77529 -2.25148
-3.91605 -2.35286
-4.06776 -2.46771
-4.22828 -2.59912
-4.0677 -2.52762
-4.21796 -2.68848
-4.08168 -2.60621
-4.2539 -2.76775
-4.12591 -2.66118
-4.26949 -2.79559
-4.03873 -2.57319
-3.96047 -2.5027
-3.85338 -2.4026
-3.88881 -2.39237
-3.99022 -2.45203
-3.91154 -2.35007
-3.80498 -2.19867
-3.9336 -2.25486
-4.07506 -2.48108
-4.11873 -2.41368
-4.25979 -2.59221
-4.22672 -2.6915
-4.39583 -2.75333
-4.39736 -2.83655
-4.49031 -2.92755
-4.47226 -2.92871
-4.69403 -3.06543
-4.68357 -3.0791
-4.57855 -2.94192
-4.80461 -3.11724
-4.73765 -3.01881
-4.61656 -2.82716
-4.37694 -2.75954
-4.41516 -2.71925
-4.91679 -2.95817
-5.03746 -3.02241
-5.15646 -3.08796
-5.33992 -3.20332
-5.52254 -3.29205
-7.69035 -2.83803
-7.87314 -2.72697
-7.90278 -2.79002
-7.65619 -2.93843
-7.92789 -2.84827
-7.71049 -2.95849
-7.501 -3.04738
-7.31466 -3.05474
-7.28858 -3.11288
-7.13716 -3.11213
-7.12312 -3.10933
-6.94828 -3.15174
-7.00922 -3.14191
-6.83223 -3.23094
-6.90675 -3.25267
-6.7755 -3.33667
-6.86388 -3.31098
-6.81365 -3.39415
-6.94076 -3.32841
-6.99447 -3.34715
-7.09375 -3.26701
-6.963 -3.27496
-7.04699 -3.19854
-7.19141 -3.18408
-7.17386 -3.13967
-7.14791 -3.11869
-7.38787 -3.12283
-7.27423 -3.20199
-7.43454 -3.12573
-7.56629 -3.04071
-7.61722 -3.00467
-7.71325 -2.96252
-7.83788 -2.92286
-7.88338 -2.91181
-8.10237 -2.81316
-8.12907 -2.73983
-8.11682 -2.69915
-8.31303 -2.62733
-8.32393 -2.5781
-8.12143 -2.63644
-8.34268 -2.5361
-8.24872 -2.52617
-8.05657 -2.61998
-8.41395 -2.43288
-8.5471 -2.34557
-8.69394 -2.25958
-8.4523 -2.44754
-8.55472 -2.4627
-8.71898 -2.33876
-8.73696 -2.40793
-8.50337 -2.52155
-8.58284 -2.51991
-8.36739 -2.67678
-8.60814 -2.54186
-8.85071 -2.37996
-8.77103 -2.46703
-8.93406 -2.34093
-9.11217 -2.23293
-9.09648 -2.19467
-8.93649 -2.28444
-8.84206 -2.26765
-9.04536 -2.08851
-8.8242 -2.12602
-8.97039 -1.99367
-9.99216 -1.07016
-9.94593 -1.18394
-9.88838 -1.30571
-9.96538 -1.1668
-10.0046 -1.04813
-9.9999 -1.03762
-9.9276 -1.22544
-9.99186 -1.01961
-9.89618 -1.22334
-9.84977 -1.36478
-9.82957 -1.41894
-9.76042 -1.53013
-9.65964 -1.67643
-9.55595 -1.79772
-9.50421 -1.87725
-9.59289 -1.75519
-9.5032 -1.88589
-9.55059 -1.79693
-9.41224 -1.94668
-9.41451 -1.9783
-9.29326 -2.08973
-9.24666 -2.0631
-9.12952 -2.20886
-9.15964 -2.20785
-8.99713 -2.3177
-9.02839 -2.31138
-8.87533 -2.39606
-8.79912 -2.43478
-8.67512 -2.52961
-8.56134 -2.61673
-8.45332 -2.70273
-8.32148 -2.78253
-8.44368 -2.68568
-8.25581 -2.7989
-8.04375 -2.91163
-8.05765 -2.8768
-8.18201 -2.81256
-8.03626 -2.87116
-7.90303 -2.90196
-7.85049 -2.93445
-7.67732 -2.99125
-7.66501 -3.03441
-7.76132 -3.01081
-7.56671 -3.09418
-7.45081 -3.13659
-7.37748 -3.19259
-7.58287 -3.11993
-7.34848 -3.2336
-7.50231 -3.17847
-7.3189 -3.26897
-7.38371 -3.22073
-7.16117 -3.32992
-7.18733 -3.31718
-7.00316 -3.42493
-6.94041 -3.47259
-6.71211 -3.5613
-6.7102 -3.57542
-6.58121 -3.65015
-6.48221 -3.66613
-6.41045 -3.66074
-6.34765 -3.69258
-6.37284 -3.67806
-6.49961 -3.63021
-6.32708 -3.68604
-6.23823 -3.71954
-6.16142 -3.74604
-6.08474 -3.71854
-6.00647 -3.72068
-6.09056 -3.70408
-6.22121 -3.68935
-6.17476 -3.67955
-6.2833 -3.61222
-6.35987 -3.61582
-6.47414 -3.53264
-6.37917 -3.51474
-6.23637 -3.59733
-6.00567 -3.58732
-5.81076 -3.51208
-5.67505 -3.4041
-5.7368 -3.53413
-5.57986 -3.4206
-5.61641 -3.48585
-5.44368 -3.37925
-5.51171 -3.43874
-5.39643 -3.37338
-5.29722 -3.32771
-5.29958 -3.29485
-5.40393 -3.3154
-5.21708 -3.23403
-5.13011 -3.25337
-5.01926 -3.14624
-4.91391 -3.14697
-5.00374 -3.22839
-4.92245 -3.19003
-5.11066 -3.2716
-5.18877 -3.30217
-5.2677 -3.3273
-5.31512 -3.34151
-5.41028 -3.37259
-5.39965 -3.3622
-5.52454 -3.44069
-5.66211 -3.55195
-5.62697 -3.49689
-5.49832 -3.4056
-5.56618 -3.36653
-5.37307 -3.28843
-5.39264 -3.19234
-5.19426 -3.14345
-5.20345 -3.22279
-5.28803 -3.29376
-5.14287 -3.26015
-5.04295 -3.19701
-5.08267 -3.16287
-4.96851 -3.13563
-4.89065 -3.14764
-4.81848 -3.06574
-4.62429 -2.98279
-4.73523 -2.97849
-4.52792 -2.89355
-4.4978 -2.92574
-4.61473 -2.87739
-4.4977 -2.80915
-4.46162 -2.70453
-4.68368 -2.79721
-4.86499 -2.9342
-4.8505 -2.80685
-5.0327 -2.87093
-5.04523 -3.01874
-4.96469 -3.01338
-4.9654 -3.06413
-5.21694 -3.03033
-5.21642 -2.85342
-5.41755 -3.0361
-5.56452 -3.24337
-5.57348 -3.14086
-5.69886 -3.28753
-5.70622 -3.39972
-5.74027 -3.5066
-5.82841 -3.50123
-5.90624 -3.60746
-5.78036 -3.60649
-5.9325 -3.6958
-5.8447 -3.66268
-5.76406 -3.59104
-5.85042 -3.65767
-5.85958 -3.62744
-5.94008 -3.68591
-6.11911 -3.62011
-6.03249 -3.67648
-6.13884 -3.69671
-6.10283 -3.62301
-6.24845 -3.69366
-6.29647 -3.63209
-6.22216 -3.57503
-6.06222 -3.47486
-6.28777 -3.45316
-6.11358 -3.31061
-5.94176 -3.27951
-5.86898 -3.38343
-5.76999 -3.19104
-5.811 -3.43269
-5.92952 -3.52266
-5.64282 -3.11919
-5.61574 -2.95691
-5.81752 -3.06251
-5.66328 -2.76926
-5.48136 -2.73163
-5.37616 -2.80639
-5.3445 -2.61279
-5.21559 -2.58479
-5.24095 -2.46288
-5.41586 -2.51483
-5.17112 -2.23198
-5.05805 -2.41216
-4.89704 -2.21201
-4.81726 -2.37008
-4.69669 -2.21696
-4.56341 -2.35338
-4.76088 -2.50052
-4.93626 -2.52872
-4.84194 -2.65169
-4.65629 -2.58103
-4.74372 -2.71783
-4.59411 -2.67983
-4.46111 -2.53513
-4.29208 -2.30671
-4.34497 -2.16314
-4.095 -2.02568
-4.28085 -1.99553
-4.08734 -1.77121
-3.96039 -1.84349
-3.89042 -1.87118
-3.82886 -1.69394
-3.71417 -1.79775
-3.91049 -1.99149
-3.81505 -2.03304
-4.05672 -2.22372
-3.72616 -2.05071
-3.6092 -1.8407
-3.58775 -1.49674
-3.78321 -1.4694
-3.62864 -1.24888
-3.85786 -1.26618
-3.73952 -1.01044
-4.04922 -1.04222
-3.89872 -0.867132
-3.76142 -0.763816
-3.61242 -0.816684
-3.65899 -0.560927
-3.46118 -0.679714
-3.51956 -0.993724
-3.70248 -0.291023
-3.80272 -0.402785
-4.00562 -0.40436
-3.81981 -0.573423
-3.93485 -0.674893
-4.12999 -0.589022
-4.07847 -0.797785
-4.32475 -0.696074
-4.1995 -0.883002
-4.3828 -0.989497
-4.26782 -1.20016
-4.09612 -1.28826
-4.35888 -1.44529
-4.03402 -1.49473
-4.26558 -1.64881
-3.91181 -1.60426
-4.4289 -1.86756
-4.47492 -1.67562
-4.72747 -1.82206
-4.69993 -2.03929
-4.91776 -2.0355
-5.0389 -1.91675
-5.31148 -2.05971
-5.42118 -2.31277
-5.60791 -2.26023
-5.58421 -2.5024
-5.78999 -2.64481
-5.90941 -2.94402
-6.04902 -2.846
-6.10061 -3.1176
-5.98342 -3.15867
-6.27649 -3.26818
-6.24619 -3.07205
-6.41611 -3.17959
-6.48177 -3.36006
-6.47162 -3.49322
-6.39398 -3.5796
-6.57975 -3.54111
-6.53427 -3.61175
-6.40615 -3.62588
-6.68256 -3.56198
-6.82328 -3.53064
-6.78149 -3.49371
-6.98919 -3.44834
-7.19178 -3.33359
-7.20712 -3.2922
-7.47435 -3.16354
-7.70781 -3.07754
-7.75961 -3.03719
-7.99868 -2.92859
-8.03582 -2.92982
-7.84975 -3.01175
-8.10651 -2.88928
-7.66512 -3.10804
-8.25302 -2.83227
-8.26681 -2.79773
-8.54102 -2.6058
-8.26433 -2.74194
-7.94679 -2.91415
-8.11451 -2.72807
-8.39345 -2.55984
-8.51526 -2.55007
-8.64387 -2.40146
-8.71098 -2.42172
-8.93081 -2.30304
-8.86364 -2.26588
-9.06985 -2.16552
-9.02344 -2.09742
-9.20226 -2.01156
-9.36156 -1.9106
-9.32739 -1.84373
-9.1712 -1.94024
-9.27388 -1.74094
-9.02423 -1.97912
-9.09908 -1.82054
-8.92732 -1.94417
-8.84045 -2.07751
-8.80197 -2.19944
-8.67181 -2.19343
-8.77125 -2.06032
-8.61607 -2.13193
-8.7809 -1.92638
-9.01471 -1.77052
-8.90934 -1.70068
-8.68611 -1.82209
-8.55048 -2.04012
-8.46211 -1.93802
-8.3392 -2.17164
-8.44468 -2.21104
-8.46708 -2.30589
-8.27545 -2.35949
-8.26105 -2.51545
-8.08596 -2.52088
-7.98973 -2.69898
-7.89119 -2.62182
-7.76451 -2.82524
-7.85256 -2.88377
-7.6161 -2.99136
-7.67905 -3.03468
-7.43879 -3.13604
-7.41299 -3.05918
-7.27822 -3.18564
-7.11018 -3.25081
-6.96912 -3.39588
-6.90437 -3.27256
-7.06521 -3.11534
-7.23595 -3.10071
-7.20539 -2.94134
-7.02548 -2.89959
-6.92581 -3.10619
-6.8479 -2.9694
-6.89146 -2.691
-6.75749 -2.81879
-6.72279 -2.57093
-6.61189 -2.75758
-6.67653 -3.00208
-6.57777 -2.92399
-6.47725 -2.82587
-6.50649 -3.0296
-6.38284 -2.89951
-6.3645 -3.03179
-6.24409 -2.87787
-6.10859 -2.67372
-5.9036 -2.50469
-6.05252 -2.4276
-5.79055 -2.12805
-6.03931 -2.16339
-5.78914 -1.76501
-5.5374 -1.73783
-5.59818 -2.00706
-5.42681 -1.90125
-5.2868 -1.60943
-5.28316 -1.30709
-4.96872 -1.37806
-5.1688 -1.74321
-4.87701 -1.64244
-4.67883 -1.42688
-4.62433 -1.59914
-4.51565 -1.23727
-4.72157 -1.27982
-4.70238 -1.09922
-4.96024 -0.967933
-4.63124 -0.798092
-4.58493 -0.456624
-4.83272 -0.619781
-4.89568 -0.260913
-5.06325 -0.674276
-5.20353 -0.958945
-5.42719 -1.08318
-5.54963 -1.44164
-5.7053 -1.30463
-5.91346 -1.61482
-6.04989 -1.89489
-6.1003 -1.65983
-5.92475 -1.41696
-6.05892 -1.33934
-6.22096 -1.5343
-6.31701 -1.79511
-6.22615 -1.94176
-6.41721 -2.1348
-6.54423 -1.84753
-6.64324 -2.24955
-6.5471 -2.45792
-6.39191 -2.36879
-6.44113 -2.59367
-6.28977 -2.42479
-6.27784 -2.65238
-6.17326 -2.39887
-6.18743 -2.29749
-6.23081 -2.18208
-6.82958 -2.36294
-6.7654 -2.02285
-6.94693 -2.11529
-6.98501 -2.43653
-7.04016 -2.65275
-7.10094 -2.4831
-7.20477 -2.65615
-7.19902 -2.36043
-7.33844 -2.34737
-7.41918 -2.57213
-7.34351 -2.79181
-7.53681 -2.7222
-7.37807 -2.94192
-7.56361 -2.89928
-7.70318 -2.73587
-7.78878 -2.50525
-8.07241 -2.34004
-7.92877 -2.29672
-7.80777 -2.22371
-7.61018 -2.44857
-7.64438 -2.23372
-7.50496 -2.31261
-7.59126 -2.09941
-7.46551 -2.05842
-7.63649 -1.83316
-7.736 -2.00755
-7.84652 -1.68068
-7.90887 -1.92453
-8.05924 -2.04473
-8.11638 -1.62951
-8.36009 -1.76119
-8.25208 -2.06266
-8.60029 -1.71353
-8.66549 -1.42656
-8.81495 -1.58452
-8.99404 -1.32558
-9.01402 -1.51401
-9.11512 -1.57231
-9.17704 -1.37228
-9.30083 -1.42159
-9.21646 -1.63535
-9.42584 -1.45095
-9.46807 -1.55031
-9.43283 -1.68116
-9.58359 -1.5172
-9.4887 -1.72353
-9.61942 -1.56942
-9.59613 -1.67976
-9.7242 -1.46653
-9.6781 -1.61018
-9.80019 -1.4075
-9.8549 -1.23237
-9.94254 -1.08568
-9.93572 -1.00426
-9.84583 -1.10178
-9.77053 -1.30485
-9.72474 -1.26665
-9.68253 -1.42754
-9.59828 -1.34353
-9.72996 -1.08427
-9.80304 -1.05786
-9.82486 -0.897793
-9.86604 -0.938109
-9.92353 -0.883698
-9.90644 -0.745803
-9.96498 -0.716796
-9.99805 -0.796037
-10.0091 -0.901237
-10.0625 -0.687414
-10.0689 -0.789688
-10.0538 -0.861655
-10.1174 -0.656325
-10.0964 -0.764408
-10.0564 -0.905827
-10.0675 -0.783337
-10.0375 -0.913297
-10.0895 -0.680447
-10.1093 -0.452542
-10.1231 -0.346543
-10.0911 -0.558636
-10.1414 -0.361186
-10.1308 -0.516999
-10.1544 -0.352362
-10.1473 -0.500757
-10.1118 -0.641187
-10.116 -0.654464
-10.1064 -0.711478
-10.1594 -0.434211
-10.1716 -0.236051
-10.1497 -0.222725
-10.1341 -0.402064
-10.1165 -0.577388
-10.0945 -0.473402
-10.0275 -0.570581
-10.0565 -0.317332
-9.98976 -0.391768
-9.96379 -0.589434
-9.91792 -0.511244
-9.83626 -0.680609
-9.7799 -0.881192
-9.74132 -0.770324
-9.70164 -0.959405
-9.59101 -1.15559
-9.62522 -0.895653
-9.48873 -1.04679
-9.50979 -0.77471
-9.33449 -0.963216
-9.357 -0.64995
-9.18763 -0.807741
-9.10783 -1.04876
-9.20909 -1.18475
-9.34219 -1.2107
-8.89164 -1.15733
-8.90551 -0.853534
-8.71371 -1.13253
-8.54427 -0.971226
-8.51851 -1.2505
-8.39008 -1.4682
-8.29608 -1.25534
-8.00354 -1.25363
-7.72067 -1.43055
-7.84606 -0.907533
-7.55941 -1.23557
-7.49259 -1.68642
-7.32814 -1.5301
-7.2827 -2.01063
-7.10416 -1.79081
-7.17743 -1.3535
-7.00887 -1.46783
-6.89207 -1.76434
-7.09899 -2.21541
-6.81416 -1.40042
-6.97674 -1.17084
-7.08388 -1.24782
-7.16536 -0.963138
-7.37698 -1.07349
-7.4207 -0.572841
-7.61697 -0.782526
-7.71587 -0.317779
-7.77692 -0.593964
-7.95712 -0.395304
-8.14454 -0.646463
-8.04245 -0.935608
-8.23637 -0.953825
-8.43953 -0.663693
-8.67733 -0.679228
-8.59492 -0.578206
-8.68292 -0.51239
-8.84913 -0.485997
-9.13308 -0.518256
-8.96138 -0.228057
-8.77846 -0.230324
-8.69552 -0.367676
-8.56277 -0.175547
-8.55881 -0.444442
-8.3598 -0.383218
-8.31223 -0.0962613
-8.46655 0.14611
-8.7628 0.0873354
-8.56167 0.32674
-8.36082 0.498205
-8.21897 0.162807
-8.12109 0.380436
-7.96921 0.0620471
-8.11799 -0.101559
-8.16823 -0.312869
-7.7441 0.145827
-7.53257 -0.110224
-7.55773 0.284532
-7.36986 0.0575554
-7.33436 0.434088
-7.20692 0.142862
-7.05844 0.336011
-7.03984 0.0215409
-7.18901 -0.141004
-6.96357 -0.305997
-6.75671 0.0819485
-6.6681 -0.496238
-6.54606 -0.158859
-6.35126 -0.319714
-6.45929 -0.648463
-6.58326 -0.914843
-6.7487 -0.895553
-6.93762 -0.781643
-6.83835 -1.09225
-6.70767 -1.14663
-6.54543 -1.35461
-6.36233 -0.895049
-6.2488 -1.2349
-6.16383 -0.871562
-6.01733 -0.989486
-6.0017 -0.62239
-5.79985 -0.704397
-5.8431 -0.382762
-5.67044 -0.329378
-5.74936 -0.0812302
-6.01777 -0.195259
-5.83143 0.177456
-6.01417 0.175498
-6.18856 0.0369279
-6.20129 -0.585598
-6.34086 -0.613732
-6.41594 0.0937648
-6.17087 0.400166
-6.50128 0.528606
-6.83523 0.643957
-7.14468 0.704361
-7.00692 1.01817
-7.23043 1.00362
-7.35351 0.808887
-7.57604 0.729788
-7.43932 1.19254
-7.75756 1.18423
-7.80577 0.757483
-8.00667 0.923176
-7.93286 0.48612
-7.72926 0.478583
-8.13185 0.640411
-8.24174 0.873995
-8.45268 0.835027
-8.66069 0.527939
-8.59137 0.838161
-8.7454 0.836701
-8.90729 0.471304
-8.97725 0.694121
-9.08987 0.371465
-9.18848 0.437847
-9.12646 0.764984
-9.29074 0.492733
-9.30136 0.812939
-9.43094 0.305603
-9.34392 0.203285
-9.48314 -0.0594672
-9.36756 -0.0189017
-9.41394 -0.208762
-9.27685 -0.0961061
-9.23623 0.1583
-9.07042 0.128078
-9.14931 -0.191221
-8.99088 -0.0200428
-8.93567 0.114793
-8.87642 0.266978
-9.33556 -0.362143
-9.52299 -0.424556
-9.61057 -0.206289
-9.687 -0.390343
-9.6524 -0.639748
-9.76996 -0.540252
-9.77176 -0.316114
-9.84987 -0.39704
-9.80107 -0.0568359
-9.91851 -0.236769
-9.88567 0.0814818
-9.99308 -0.0872831
-9.92231 0.238197
-9.85804 0.308087
-9.83029 0.261588
-9.78025 0.479218
-9.83938 0.545278
-9.75238 0.761999
-9.67444 0.802833
-9.659 1.0676
-9.54536 1.1707
-9.52523 1.53167
-9.69852 1.21923
-9.74138 0.928197
-9.81698 0.832638
-9.78958 0.765051
-9.92645 0.491565
-10.0081 0.176335
-10.0179 0.430685
-10.0694 0.141727
-10.0693 -0.0708522
-10.1178 -0.00331952
-10.1158 -0.258528
-10.1552 -0.0047536
-10.1095 0.242766
-10.141 0.170506
-10.1654 0.0083957
-10.1547 -0.144792
-10.1599 -0.0216679
-10.1569 0.0785031
-10.1415 0.216971
-10.1418 0.233699
-10.1179 0.422103
-10.1273 0.388881
-10.0711 0.702499
-10.1095 0.54146
-10.0662 0.729482
-10.0628 0.802079
-10.0227 1.02059
-10.0042 1.00603
-9.93305 1.27798
-9.91453 1.37062
-10.0305 0.922864
-9.91881 1.31653
-9.92523 1.2851
-9.89371 1.47748
-9.90057 1.45522
-9.87844 1.51758
-9.83912 1.67929
-10.1186 0.510209
-10.143 0.370638
-10.094 0.648107
-10.0842 0.692897
-10.0169 1.02194
-9.99183 1.10682
-10.1515 0.214651
-10.1678 0.108112
-10.1307 -0.248396
-10.1558 -0.0301483
-10.1622 0.0838227
-10.1563 0.058252
-9.20658 3.44717
-9.24341 3.3099
-9.29512 3.18595
-9.29543 3.17014
-9.3431 3.07379
-9.37057 2.93296
-9.20812 3.3467
-9.21668 3.25194
-9.25517 3.03851
-9.38237 2.68055
-9.50727 2.4476
-9.48239 2.30699
-9.37356 2.58325
-9.36616 2.49884
-9.42739 2.27163
-9.32115 2.45618
-9.40505 2.10794
-9.52305 1.97086
-9.49486 1.87894
-9.48575 1.80999
-9.41469 1.89279
-9.58946 1.64062
-9.3536 1.8703
-9.37662 1.57711
-9.26346 1.95866
-9.18386 1.97251
-9.26399 1.5599
-9.12134 1.8719
-9.0438 2.1958
-9.07234 2.39051
-9.17431 2.24539
-9.1036 2.5978
-9.21583 2.38893
-9.25848 2.12485
-9.31922 2.14073
-9.26622 2.42613
-9.16401 2.72744
-9.22705 2.6851
-9.27882 2.70919
-9.19629 2.86075
-9.20724 2.96173
-9.30813 2.77622
-9.33026 2.64792
-9.10392 3.28644
-9.14157 3.36242
-9.00862 3.62977
-9.08898 3.57419
-8.96967 3.82385
-8.86864 3.92857
-8.87565 3.78791
-8.94638 3.64522
-8.99377 3.52371
-8.93567 3.61609
-8.98048 3.39022
-8.85797 3.68375
-8.82751 3.56406
-8.76875 3.76734
-8.72725 3.7481
-8.70942 3.61148
-8.81012 3.3967
-8.7357 3.35941
-8.87912 3.10796
-8.75036 3.062
-8.58628 3.35895
-8.61786 2.99049
-8.46427 3.22944
-8.49893 2.97362
-8.588 2.77754
-8.66908 2.76761
-8.68683 2.5581
-8.76858 2.69744
-8.83626 2.2334
-8.66893 2.24082
-8.82028 1.93141
-8.72006 1.8155
-8.91549 1.5687
-8.96725 1.77725
-9.11195 1.33696
-9.03084 1.14955
-8.8269 1.40329
-8.91635 1.03121
-8.71279 1.21895
-8.83686 0.949511
-8.52273 1.11576
-8.48776 1.54379
-8.64783 1.61638
-8.50897 1.84055
-8.38085 1.84918
-8.27133 1.72237
-8.24113 2.02878
-8.39401 2.07504
-8.24757 2.308
-8.40191 2.30383
-8.54312 2.08674
-8.60478 1.8443
-8.48644 2.45958
-8.58247 2.56617
-8.4664 2.76849
-8.39445 2.65744
-8.31272 2.82953
-8.35401 3.07804
-8.21114 3.04881
-8.1698 3.3235
-8.31772 3.3532
-8.36464 3.58049
-8.21205 3.53843
-8.17221 3.76038
-8.26294 3.81193
-8.3438 3.87887
-8.13821 4.02492
-8.25121 4.18263
-8.05168 4.3007
-8.08176 4.50533
-7.89812 4.55757
-7.89015 4.79735
-8.04643 4.76384
-8.17075 4.55647
-8.17695 4.65263
-8.11945 4.80529
-8.26233 4.65493
-8.29173 4.46081
-8.37642 4.45471
-8.43664 4.28718
-8.36865 4.22706
-8.49746 4.09556
-8.46213 3.95754
-8.61333 3.88366
-8.58754 4.12868
-8.69092 3.89458
-8.74433 3.93126
-8.66136 4.19694
-8.53901 4.3379
-8.54153 4.46126
-8.4253 4.50521
-8.3438 4.69569
-8.43476 4.67847
-8.33703 4.81483
-8.4512 4.71045
-8.56853 4.53578
-8.51941 4.66105
-8.3809 4.85084
-8.49065 4.78656
-8.38432 4.9284
-8.59526 4.64141
-8.70441 4.48523
-8.80341 4.32196
-8.93932 3.99485
-9.00194 3.8626
-9.0772 3.72538
-9.08031 3.69373
-8.97582 3.88282
-8.86983 4.1133
-8.89264 4.01306
-8.98291 3.83795
-9.07347 3.66355
-9.05139 3.70063
-9.04397 3.71379
-8.96365 3.85819
-8.8765 4.02866
-8.85249 4.03189
-8.76559 4.20596
-8.78629 4.21437
-8.69092 4.36447
-8.65891 4.45931
-8.7597 4.31732
-8.64389 4.38935
-8.7274 4.1969
-8.77441 4.01987
-9.10393 3.58559
-9.14534 3.50932
-9.14453 3.57645
-7.65984 5.73214
-7.82908 5.60381
-7.68235 5.60375
-7.86942 5.42538
-7.96716 5.489
-8.09177 5.3649
-8.1798 5.21549
-8.03259 5.319
-8.09559 5.14565
-8.23403 5.00244
-8.15557 4.93255
-8.26812 5.06389
-8.00781 5.14961
-7.93813 5.13272
-8.01633 4.9528
-7.87693 5.04105
-7.84203 5.21779
-7.87589 5.27517
-7.74409 5.28652
-7.74 5.43948
-7.97393 5.26117
-7.51543 5.59516
-7.48877 5.84007
-7.34499 5.98527
-7.30936 5.75983
-7.36078 5.63719
-7.39362 5.49679
-7.57056 5.30864
-7.44157 5.28435
-7.59292 5.10904
-7.7276 5.07152
-7.70816 4.84584
-7.49904 5.03352
-7.55429 4.77331
-7.39367 4.99438
-7.37281 4.87143
-7.42203 4.67236
-7.6663 4.41308
-7.40119 4.4543
-7.572 4.1495
-7.30121 4.26202
-7.42427 4.07495
-7.53254 3.86605
-7.77767 3.87534
-7.77269 3.58256
-8.00602 3.66463
-7.91068 3.89231
-8.00808 3.92899
-7.95557 4.13701
-8.01504 4.20082
-7.89083 4.35032
-7.84088 4.24652
-7.82604 4.09379
-7.75174 4.587
-7.97845 3.40324
-8.05364 3.15254
-7.84718 3.27715
-7.94499 3.01443
-8.13464 2.85871
-7.99196 2.81257
-8.07639 2.586
-8.29741 2.57212
-8.0342 2.25992
-7.86152 2.55812
-7.77926 2.33297
-7.8839 2.04478
-8.08891 1.91089
-7.94562 1.77874
-7.74292 1.78645
-7.88683 1.52684
-8.09818 1.55665
-7.98657 1.28541
-7.74635 1.51152
-7.56943 1.5157
-7.46508 1.91883
-7.65642 2.12797
-7.46108 2.25083
-7.57856 2.37801
-7.35705 2.55507
-7.61987 2.5888
-7.41768 2.85548
-7.69639 2.83612
-7.90414 2.73366
-7.8605 2.89603
-7.72866 3.10733
-7.44529 3.14252
-7.56524 3.34
-7.7123 3.28003
-7.69046 3.41128
-7.53261 3.58408
-7.26749 3.53994
-7.3515 3.76973
-7.25212 4.02535
-7.16763 3.83445
-6.97752 4.02888
-6.99512 4.32571
-7.11644 4.55933
-6.8423 4.65447
-6.69646 4.50497
-6.77496 4.23735
-6.54165 4.3607
-6.70324 3.94179
-7.00525 3.78984
-6.94829 3.58587
-6.73283 3.61305
-6.87049 3.33562
-6.57369 3.46222
-6.74237 3.09625
-6.5591 3.2127
-6.54614 3.04429
-6.66036 2.81949
-6.88141 2.81116
-6.82083 2.56666
-6.5676 2.52117
-6.75182 2.2549
-6.49919 2.20379
-6.62945 2.00537
-6.47527 1.99045
-6.48362 1.72123
-6.309 1.97725
-6.28359 1.72543
-6.27416 1.48755
-6.10474 1.69259
-6.10122 1.34672
-5.8783 1.38042
-5.85165 1.86247
-6.09603 2.05488
-5.96148 2.32291
-6.27644 2.38068
-6.12496 2.66267
-6.38311 2.82351
-6.1077 3.03086
-6.37515 3.23532
-6.13465 3.43913
-6.32 3.57889
-6.41043 3.86576
-6.59844 3.72534
-6.40959 4.20829
-6.18644 4.23532
-6.24452 4.59343
-6.47348 4.63073
-6.34414 4.87169
-6.58662 4.78332
-6.4703 5.00057
-6.72554 4.99128
-6.4486 5.16384
-6.50127 5.3038
-6.7216 5.29004
-6.46869 5.5487
-6.77433 5.4656
-6.64295 5.69066
-6.90102 5.59513
-6.75471 5.77239
-6.90157 5.76409
-7.0712 5.64838
-7.11417 5.46215
-7.26132 5.47667
-7.2874 5.23772
-7.02794 5.32169
-7.224 5.06848
-6.98302 5.0954
-7.22475 4.86137
-7.0451 4.81755
-7.25389 4.67159
-6.93545 4.75173
-6.87999 5.2998
-7.21351 5.68344
-6.9733 5.84536
-7.11475 5.90645
-6.92994 5.97974
-6.9624 6.04272
-7.08135 6.0721
-7.20133 6.13713
-6.7773 6.30054
-6.57097 6.34127
-6.72689 6.21256
-6.88749 6.15556
-6.79661 6.09661
-6.6144 6.1906
-6.6584 6.09877
-6.50179 6.1604
-6.58051 6.0451
-6.802 6.00694
-6.7674 5.89441
-6.55858 5.89117
-6.38241 6.02932
-6.38439 5.93483
-6.39897 5.8122
-6.20536 5.9726
-6.15171 5.76186
-5.96924 5.96076
-5.87441 5.82273
-5.97047 5.61771
-6.21229 5.52055
-6.06472 5.35876
-6.3022 5.32956
-6.36386 5.43523
-6.27511 5.13805
-6.0683 5.02142
-5.83898 5.29245
-5.84949 5.49445
-5.70337 5.47004
-5.61959 5.29813
-5.78926 5.00134
-5.50559 5.03453
-5.69402 4.72703
-5.51412 4.74058
-5.60267 4.52115
-5.76104 4.38501
-5.85429 4.54751
-5.9606 4.27623
-6.01064 4.54231
-6.11103 3.86891
-5.84698 4.01614
-5.91728 3.60953
-5.95416 3.27953
-5.70998 3.27528
-5.71255 3.74994
-5.55885 3.57655
-5.40815 3.15332
-5.55035 2.97085
-5.67043 2.8132
-5.86986 3.02344
-5.88934 2.69553
-5.70413 2.55305
-5.77815 2.41156
-5.72621 2.14623
-5.62101 2.32295
-5.55373 2.07695
-5.62477 1.88697
-5.62953 1.57205
-5.39906 1.81017
-5.42816 1.36861
-5.25219 1.52221
-5.24385 1.22875
-5.08892 1.45656
-5.13604 1.76445
-4.92913 1.66494
-4.95949 2.05762
-5.21535 2.1015
-5.42686 2.25317
-5.28706 2.3475
-5.40425 2.65056
-5.56202 2.51559
-5.13606 2.42282
-5.22007 2.78315
-5.15186 3.03903
-5.23785 3.40323
-5.39838 3.5583
-5.28765 3.77401
-5.46782 3.86135
-5.59378 3.84156
-5.59723 4.15164
-5.31006 4.22306
-5.44621 4.51758
-5.31182 4.55972
-5.32949 4.81354
-5.15155 4.6167
-5.15568 4.93208
-5.24394 5.16037
-5.40047 5.35754
-5.22517 5.42005
-5.31722 5.61209
-5.53554 5.53655
-5.50255 5.7543
-5.33191 5.82257
-5.49735 5.93892
-5.34983 5.93506
-5.38266 5.98588
-5.59413 6.08362
-5.68849 6.01217
-5.76282 6.10229
-5.74235 6.15256
-5.9764 6.09958
-5.83494 6.03897
-5.80281 5.95208
-5.67337 5.87157
-5.71982 5.66805
-5.97227 6.24811
-6.11572 6.18923
-6.20763 6.12672
-6.23439 6.21654
-6.18753 6.25198
-6.34106 6.2233
-6.37012 6.14675
-6.44947 6.26515
-6.3026 6.29499
-6.37403 6.38901
-6.16145 6.34282
-5.9566 6.42938
-6.17753 6.44527
-5.70183 6.43837
-5.66628 6.2724
-5.47393 6.36117
-4.06392 4.94907
-3.95322 4.76722
-4.06373 4.80705
-4.16341 4.95778
-4.1772 5.15754
-4.33609 5.36344
-4.49881 5.5725
-4.37533 5.28029
-4.52241 5.45742
-4.50081 5.32072
-4.47422 5.09569
-4.28378 5.01081
-4.25867 4.67031
-4.50826 4.80758
-4.66077 5.06227
-4.65945 4.8025
-4.80241 4.8649
-4.72486 4.61772
-4.90113 4.55768
-4.99393 4.88652
-5.04681 4.24111
-4.83436 4.17643
-4.94506 3.8325
-4.73502 3.82065
-4.80698 3.50294
-4.95014 3.4733
-5.10668 3.62065
-5.04821 3.27193
-4.83804 3.16416
-4.98251 2.98596
-5.0049 2.70272
-4.85172 2.84088
-4.91913 2.38915
-4.67944 3.17385
-4.73659 3.30903
-4.63908 3.45487
-4.5255 3.15226
-4.44667 3.48745
-4.55707 3.7994
-4.64268 4.13813
-4.52203 4.02076
-4.4946 4.25611
-4.63024 4.41631
-4.57612 4.58513
-4.75202 4.39363
-4.42739 4.51249
-4.27638 4.17496
-4.10972 4.25743
-4.06791 3.88355
-4.20225 3.71211
-4.01692 3.49353
-4.1524 3.34047
-4.29939 3.50919
-4.31086 3.16732
-4.25869 2.85532
-4.39178 3.85853
-3.87375 3.60867
-3.93608 4.00996
-3.7979 3.75085
-3.75505 3.97126
-3.88356 4.22411
-3.75837 4.21986
-3.87048 4.41678
-3.74779 4.41849
-3.85313 4.58824
-3.50065 3.96123
-3.46382 3.83581
-3.46759 3.73701
-3.42399 3.66149
-3.42191 3.54568
-3.5729 3.80139
-3.57294 3.58551
-3.43782 3.42709
-3.52221 3.45416
-3.49338 3.34826
-3.41059 3.22785
-3.33092 3.24819
-3.35149 3.38296
-3.38839 3.4736
-2.81955 1.33489
-2.84709 1.45883
-2.89934 1.48855
-2.87802 1.58388
-2.92714 1.70579
-2.97777 1.56176
-2.98945 1.45699
-3.67735 3.58574
-3.69238 3.75141
-3.74778 3.53806
-3.63432 4.0473
-3.5429 3.94752
-3.53612 4.09814
-3.63827 4.25412
-3.99825 4.61837
-3.99339 4.43276
-4.10265 4.58242
-4.13582 4.74575
-4.21045 4.84611
-4.25995 5.10622
-4.09748 4.46398
-4.01148 4.2914
-5.14304 3.94825
-4.88409 5.15799
-5.06491 5.11055
-5.05979 5.3546
-4.88991 5.41462
-5.00055 5.60317
-5.1451 5.55382
-5.16539 5.72735
-5.05984 5.73851
-5.20566 5.86396
-4.99607 5.81089
-5.16567 5.98148
-5.48181 6.10611
-5.33435 6.16859
-4.96878 6.00455
-5.2478 6.28353
-5.00517 6.0689
-4.80871 5.88438
-4.95832 6.15955
-5.04377 6.16768
-4.64753 5.74467
-4.80314 5.70539
-4.64449 5.5647
-4.80094 5.52448
-4.93371 5.67682
-4.60533 5.36579
-4.73755 5.32278
-4.61479 5.24005
-4.94158 1.39074
-4.88142 1.18971
-5.05507 1.1715
-4.97783 0.839706
-4.76986 0.673951
-4.94254 0.563774
-4.85558 0.383848
-4.77745 0.13014
-4.53106 -0.0423225
-4.98674 0.133079
-5.1729 -0.121299
-5.20785 -0.487666
-5.37936 -0.365682
-5.44116 -0.745832
-5.27276 -0.786334
-5.55656 -1.01643
-5.65309 -0.91285
-5.85569 -1.12071
-5.57509 -0.553759
-5.50939 -0.257507
-5.36491 -0.0275576
-5.54953 -0.0184679
-5.40201 0.327397
-5.6247 0.23976
-5.54409 0.567155
-5.71725 0.440869
-5.89859 0.44926
-5.71552 0.757294
-5.97633 0.739493
-6.23218 0.792847
-6.03993 1.06083
-5.84429 1.01321
-5.64717 1.16623
-5.44564 0.950658
-5.36339 0.670837
-5.2156 0.909432
-5.20411 0.591486
-5.17715 0.260013
-5.06884 0.527552
-5.01323 0.376918
-6.25874 1.14655
-6.46812 0.932146
-6.63378 0.789629
-6.71546 1.07136
-6.47502 1.30039
-6.67365 1.45162
-6.90741 1.38073
-7.17184 1.3041
-7.07168 1.66241
-7.34652 1.56273
-7.45791 1.42704
-7.21983 1.88803
-7.2217 2.23317
-6.97566 2.03386
-6.97165 2.3438
-7.06279 2.5841
-7.09648 2.94939
-6.78796 2.02586
-6.78924 1.76184
-5.86161 4.73601
-5.98658 4.79336
-6.98959 6.22533
-7.14963 3.26962
-7.27733 3.05326
-8.16728 1.19559
-8.31882 1.38126
-8.33909 1.09143
-8.47545 4.34948
-8.58832 3.74015
-8.62725 3.55484
-8.50741 3.68479
-8.24069 4.38632
-9.24748 1.12206
-9.33621 1.03371
-9.46236 0.782282
-9.51901 0.419158
-9.61015 0.483867
-9.66159 0.15529
-9.58084 0.0617355
-9.69911 -0.139545
-9.71758 0.252649
-9.79032 0.241021
-9.69703 0.509932
-9.56165 0.865439
-9.39196 1.15678
-9.45731 1.21752
-9.37714 1.36723
-9.23055 1.34748
-9.14342 1.6688
-9.09033 1.61602
-9.01266 1.971
-8.92161 2.41126
-8.97868 2.51731
-8.88302 2.77293
-8.98771 2.74695
-9.02953 3.00452
-8.91375 3.30597
-9.12809 3.02973
-9.18103 2.84493
-9.64878 1.66738
-9.70748 1.40577
-9.7985 1.11672
-9.75885 1.38362
-9.85504 1.08043
-9.90359 0.780404
-9.96951 0.765649
-10.0573 0.475467
-10.0812 0.245704
-10.0719 0.477037
-10.1039 0.382148
-10.076 0.545707
-10.0297 0.721379
-10.0831 0.598509
-10.038 0.802838
-9.9772 0.975836
-9.91568 1.23612
-9.91182 1.11267
-9.81194 1.53275
-9.85481 1.50664
-9.86733 1.51424
-9.80955 1.69082
-9.80901 1.71611
-9.83368 1.64012
-9.86795 1.53874
-9.79422 1.77576
-9.78116 1.79769
-9.75718 2.07556
-9.74559 1.94264
-9.79749 1.80745
-9.62743 2.39732
-9.57932 2.6054
-9.60733 2.37852
-9.71756 2.20432
-9.64491 2.14813
-9.73835 1.93168
-9.76393 1.7764
-9.71705 1.84337
-9.71767 1.68657
-9.61313 2.06214
-9.59397 1.93483
-9.82329 1.3601
-9.53736 2.5532
-9.45497 2.79242
-9.49631 2.73688
-9.45214 2.87422
-9.40484 2.9737
-9.84377 1.65051
-6.37762 -1.5704
-6.71498 -1.69688
-7.17454 -0.505599
-7.34511 -0.256023
-9.44343 -1.26101
-9.48769 -1.82112
-4.29199 -0.372212
-6.59645 -3.19954
-6.77735 -3.16834
-6.69676 -3.32878
-6.79334 -3.40071
-6.63041 -3.45272
-8.5416 -2.36976
-4.50037 -2.10933
-4.2568 -2.48636
-4.84089 -2.74137
-4.9239 -2.75875
-5.03658 -2.70047
-5.08582 -2.57933
-5.18482 -2.69935
-5.52361 -3.01277
-4.78889 -2.89888
-6.51894 -3.42231
-6.61588 -3.44508
-6.69776 -3.33706
-6.66333 -3.33842
-6.80274 -3.24164
-6.71875 -3.46412
-6.50286 -3.57634
-6.6531 -3.56291
-6.85185 -3.44176
-6.97009 -3.36459
-7.18553 -3.25665
-7.24042 -3.23308
-7.13111 -3.32532
-9.34966 -2.02914
-9.25515 -2.08456
-9.42793 -1.88618
-9.34965 -1.91813
-9.24155 -1.91887
-9.10305 -1.89372
-8.75659 -2.28249
-7.5034 -2.94694
-4.38479 -2.8088
-3.92298 -2.43061
-3.24466 -1.63045
-3.12748 -0.526551
-3.18044 -0.338009
-3.24023 -0.170385
-3.29533 -0.0841913
-3.37492 0.193574
-3.56623 0.771052
-3.79992 0.841087
-3.74307 1.1422
-3.87025 1.05773
-3.96252 1.27918
-3.79928 1.52569
-3.67959 1.34606
-3.62267 1.53945
-3.56533 1.17815
-3.45486 1.44196
-3.54819 1.85914
-3.41139 1.7178
-3.46929 2.02106
-3.5551 2.17624
-3.72499 1.89858
-3.50024 2.29781
-3.42906 2.14602
-3.42461 2.37492
-3.44938 2.66343
-3.35794 2.42972
-3.35762 2.09774
-3.27757 2.15206
-3.16227 2.02283
-3.27712 2.34966
-3.19217 2.2407
-3.13867 2.11652
-3.0911 2.09822
-3.13313 2.26544
-3.39754 1.9508
-3.37719 1.45566
-3.45568 0.919274
-3.91419 1.88377
-3.94373 1.58208
-4.08941 1.63717
-4.19558 1.31095
-4.30799 1.5775
-4.29119 1.08245
-4.11347 1.01347
-3.99889 0.639644
-3.95394 0.967603
-4.23644 1.83259
-4.25238 2.09124
-4.09889 1.98936
-3.99568 2.20271
-3.90542 2.64531
-2.85203 -0.184808
-2.82139 0.0251785
-2.86491 -0.395841
-2.9097 -0.452594
-2.92828 0.0689411
-2.86239 0.288989
-2.79834 0.216064
-2.80983 0.402529
-2.82935 0.450144
-2.92881 0.31991
