-10.0227 1.02059
-9.75718 2.07556
-9.71756 2.20432
-9.57932 2.6054
-9.20658 3.44717
-8.80341 4.32196
-8.70441 4.48523
-8.09177 5.3649
-7.96716 5.489
-7.20133 6.13713
-6.98959 6.22533
-6.7773 6.30054
-6.17753 6.44527
-5.70183 6.43837
-5.47393 6.36117
-5.2478 6.28353
-4.95832 6.15955
-4.49881 5.5725
-4.33609 5.36344
-4.1772 5.15754
-3.53612 4.09814
-3.46382 3.83581
-3.13723 2.64513
-2.84709 1.45883
-2.81955 1.33489
-2.79043 1.02511
-2.78183 0.759362
-2.77671 0.408735
-2.88399 -0.759046
-2.90727 -0.914409
-2.93989 -1.09189
-3.00995 -1.25299
-3.08887 -1.38383
-3.3798 -1.84992
-3.47626 -1.97867
-3.60882 -2.13039
-3.85338 -2.4026
-4.12591 -2.66118
-4.26949 -2.79559
-4.68357 -3.0791
-5.8447 -3.66268
-5.9325 -3.6958
-6.00647 -3.72068
-6.16142 -3.74604
-6.58121 -3.65015
-8.25302 -2.83227
-8.45332 -2.70273
-9.02839 -2.31138
-9.15964 -2.20785
-9.29326 -2.08973
-9.41451 -1.9783
-9.5032 -1.88589
-9.65964 -1.67643
-9.76042 -1.53013
-9.82957 -1.41894
-9.96538 -1.1668
-10.0564 -0.905827
-10.0964 -0.764408
-10.1174 -0.656325
-10.1473 -0.500757
-10.1594 -0.434211
-10.1716 -0.236051
-10.1678 0.108112
-10.143 0.370638
-10.1186 0.510209
-10.094 0.648107
