-4.92765 -1.92578
-4.88865 -1.6944
-4.76307 -1.06787
-4.65241 -0.639858
-4.58931 -0.444427
-4.48094 -0.120302
-3.79149 1.83817
-3.69639 2.00498
-3.6015 2.15706
-3.50712 2.29755
-2.79141 3.33192
-2.70788 3.37203
-2.6196 3.40961
-2.50576 3.44653
-1.93978 3.62175
-1.66645 3.68922
-1.53496 3.7091
-1.2819 3.7138
-1.09271 3.70768
2.43618 3.4635
2.51382 3.42567
3.17746 3.01532
3.26796 2.94472
3.85022 2.41482
3.9229 2.33132
4.09937 2.04542
4.19354 1.88991
4.28201 1.73422
4.57719 1.15782
4.63561 1.01076
4.84085 0.177452
5.02508 -0.723959
5.06736 -1.0062
5.15144 -1.68754
5.19597 -2.17912
5.22828 -2.66446
5.26019 -3.63056
5.29425 -4.86438
5.30231 -5.48318
5.22948 -6.58135
5.21536 -6.71465
5.18492 -6.87904
5.05058 -7.18236
4.97341 -7.28663
4.93204 -7.34131
4.84438 -7.42781
4.70905 -7.53268
4.5351 -7.59222
4.47817 -7.60905
4.09817 -7.68826
3.92091 -7.71452
3.51517 -7.77092
2.8618 -7.80946
1.77671 -7.86297
1.25274 -7.88014
0.88436 -7.88882
0.429051 -7.88726
0.178347 -7.88082
-0.0802197 -7.87152
-0.396286 -7.86005
-0.744809 -7.84485
-0.915028 -7.83251
-1.83773 -7.74847
-2.5207 -7.66502
-2.79748 -7.62365
-3.0082 -7.57513
-3.18875 -7.52155
-3.41731 -7.42904
-3.64625 -7.32749
-3.75586 -7.27374
-3.93921 -7.1607
-4.02084 -7.10261
-4.35295 -6.82687
-4.4493 -6.72152
-4.54302 -6.61613
-4.5993 -6.52839
-4.68472 -6.38612
-4.72661 -6.31404
-4.76108 -6.20312
-4.89595 -5.7074
-4.93122 -5.57778
-4.96337 -5.45363
-5.00704 -5.23773
-5.01709 -5.14181
-5.10155 -4.30521
-5.08558 -3.43889
