-3.26907 -3.11107
-3.2669 -2.90344
-3.24978 -2.52107
-3.20622 -2.41545
-1.12516 1.44451
-0.967332 1.63952
-0.535031 1.8878
-0.0988808 2.0667
0.114173 2.11938
0.524366 2.21451
0.905602 2.15626
1.13136 2.10021
1.36083 2.04228
1.58499 1.96702
1.80652 1.8909
2.40715 1.66007
2.6517 1.43852
2.9405 1.16292
3.04247 0.991409
4.01458 -0.697462
4.09142 -1.10451
4.2526 -3.2454
4.34964 -4.93955
4.36536 -5.29688
4.36568 -5.58972
4.34395 -5.7196
4.29046 -5.9111
4.23437 -6.06188
4.18012 -6.14239
4.03122 -6.26816
3.93369 -6.33292
3.09171 -6.6954
2.77166 -6.82218
2.57665 -6.87747
1.01424 -7.20434
0.326035 -7.27838
0.205749 -7.29107
-0.42502 -7.32306
-0.603741 -7.30651
-0.723145 -7.2634
-1.42035 -6.99265
-1.59492 -6.89817
-1.84945 -6.64211
-2.07209 -6.35577
-2.27683 -6.07613
-2.39439 -5.85539
-2.57513 -5.50035
-2.64441 -5.36281
-2.74475 -5.10925
-2.79095 -4.99058
-3.09946 -4.0607
-3.15704 -3.79923
-3.2123 -3.46732
