-7.06432 -1.99607
-7.02823 -1.06635
-6.92489 -0.674825
-6.84847 -0.498993
-6.09209 0.924879
-5.50908 1.79886
-4.87697 2.56331
-4.75042 2.65881
-4.61348 2.74536
-4.22122 2.98767
-4.09482 3.05742
-3.69832 3.14823
-3.61108 3.16029
-2.82665 3.00567
-2.26412 2.86472
-2.1033 2.7904
-1.93097 2.70556
-1.76176 2.58737
-1.58693 2.45935
-1.43901 2.29626
-1.0069 1.79514
-0.849007 1.60923
-0.688025 1.40519
-0.412104 1.05329
-0.300871 0.900639
-0.186797 0.741261
0.556745 -0.448795
0.570294 -0.610066
0.67494 -1.92865
0.671203 -2.06503
0.661679 -2.17511
0.565699 -2.7973
0.245769 -4.05055
0.0395088 -4.53022
-0.204892 -5.01049
-0.342666 -5.24484
-0.447635 -5.4137
-0.559402 -5.57051
-0.608349 -5.63639
-0.66673 -5.69628
-0.781779 -5.80152
-0.95718 -5.93606
-1.01981 -5.97395
-1.13212 -6.04002
-1.33361 -6.13851
-1.64955 -6.26159
-1.80223 -6.31336
-1.99276 -6.36603
-3.75375 -6.4041
-3.95245 -6.40461
-4.14522 -6.40421
-4.33397 -6.3954
-4.54263 -6.38355
-4.9464 -6.35637
-5.18147 -6.30643
-5.48604 -6.20124
-6.59502 -5.76304
-6.75261 -5.69801
-6.7902 -5.68246
-6.88626 -5.56939
-6.9741 -5.39204
-7.00088 -5.32088
-7.10944 -5.01733
