-6.28183 -4.92737
-6.2514 -3.88218
-6.23709 -3.76708
-6.05436 -2.46919
-6.02396 -2.28116
-5.96064 -1.91245
-5.89725 -1.7451
-5.73928 -1.41578
-5.25094 -0.4496
-5.13719 -0.331947
-5.00235 -0.215797
-4.84115 -0.114162
-4.66814 -0.0185439
-4.48882 0.0699049
-3.64137 0.361254
-3.54179 0.389163
-2.22578 0.362804
-0.813477 0.272279
-0.598944 0.235421
-0.389724 0.141274
-0.0662885 -0.032295
0.550445 -0.404464
1.07561 -0.868822
1.55323 -1.51214
2.11864 -2.71109
2.14153 -2.83582
2.16172 -2.95912
2.23544 -3.4219
2.43046 -4.823
2.43858 -4.89251
2.48335 -5.91238
2.47664 -6.10892
2.44958 -6.23295
2.26122 -6.86414
1.89369 -7.4564
1.73977 -7.61551
1.47538 -7.82767
1.32105 -7.91295
1.13605 -8.00665
0.721019 -8.17647
0.211526 -8.38312
0.0393493 -8.44971
-0.060427 -8.48599
-0.465905 -8.58443
-0.908668 -8.6572
-1.28805 -8.71412
-1.4644 -8.73528
-1.99317 -8.76912
-2.20708 -8.76105
-2.33676 -8.75338
-3.96748 -8.64649
-4.76829 -8.59128
-4.92176 -8.56911
-5.20282 -8.52638
-5.36934 -8.48176
-5.53736 -8.39691
-5.67989 -8.28172
-5.83142 -8.14553
-5.92067 -8.05977
-5.94422 -8.03564
-6.00324 -7.95496
-6.05807 -7.83734
-6.12899 -7.53075
-6.15921 -7.36402
-6.18095 -7.15054
-6.20195 -6.93822
-6.28096 -5.15234
