-7.12389 -2.65491
-7.14201 -2.12647
-7.14732 -1.8914
-6.6877 0.108161
-6.51815 0.552306
-6.20666 1.07483
-5.90867 1.37498
-5.74651 1.5227
-5.57976 1.6617
-5.00939 1.87772
-4.79854 1.93497
-4.58336 1.98806
-3.97833 2.07969
-2.18177 1.26393
-0.504178 0.0168766
-0.181459 -0.265575
0.532516 -1.00991
0.803508 -1.61265
0.888371 -1.92577
0.912357 -2.30371
0.905566 -2.48946
0.870011 -2.7783
0.80343 -3.13586
0.725674 -3.34085
0.559486 -3.76588
0.349099 -4.27436
0.160601 -4.70402
0.0508451 -4.91729
-0.0816736 -5.15136
-0.114532 -5.20413
-0.273938 -5.45672
-0.43138 -5.65618
-0.616584 -5.84215
-0.71198 -5.93167
-0.863838 -6.04309
-2.6756 -7.24298
-2.78066 -7.30357
-2.96499 -7.39135
-3.1088 -7.43574
-3.28324 -7.44932
-3.43636 -7.45185
-3.62837 -7.42985
-3.67959 -7.41384
-3.80951 -7.37251
-3.99823 -7.27864
-5.17972 -6.49306
-5.30717 -6.40639
-5.55536 -6.22917
-5.65818 -6.14251
-6.06822 -5.73163
-6.2691 -5.51836
-6.41016 -5.36496
-6.55465 -5.18967
-6.69492 -4.98129
-6.94437 -4.53074
-6.94946 -4.50148
-7.02227 -3.86522
