-3.90786 0.977082
-3.80726 1.1164
-3.90233 0.903671
-3.99523 0.784724
-3.95564 0.714068
-4.08545 0.519103
-4.00672 0.520985
-4.09993 0.32176
-4.02721 0.378686
-4.15677 0.0361748
-4.02002 0.203673
-4.11078 -0.0343366
-4.24199 -0.353122
-4.29828 -0.288959
-4.35684 -0.512676
-4.41692 -0.496724
-4.47084 -0.769427
-4.54789 -0.804862
-4.60407 -1.12595
-4.66113 -1.10471
-4.72201 -1.3549
-4.74231 -1.23631
-4.6725 -0.966367
-4.79452 -1.25208
-4.81192 -1.483
-4.88512 -1.57422
-4.94865 -1.83667
-4.89134 -1.81216
-4.94064 -2.00956
-4.9772 -2.03476
-4.99977 -1.98177
-4.99816 -2.12931
-5.02651 -2.13745
-5.00976 -2.26343
-5.04161 -2.36181
-5.01075 -2.44132
-5.01663 -2.5628
-5.00111 -2.6267
-5.00587 -2.74433
-5.02008 -2.87201
-4.68111 -0.612062
-4.80664 -0.896591
-4.82261 -1.12776
-4.70622 -0.890998
-4.57174 -0.565903
-4.54065 -0.318093
-4.4413 -0.252064
-4.4159 -0.0269575
-4.30142 0.0449663
-4.29806 0.243979
-4.18734 0.469249
-4.20332 0.323353
-4.17373 0.278129
-4.19676 0.113388
-4.31221 -0.177198
-4.40432 -0.247346
-4.46025 -0.465844
-4.49241 -0.435004
-4.56219 -0.6714
-4.98016 -4.47145
-4.98826 -4.04201
-5.02232 -3.8815
-5.02771 -3.75403
-5.02713 -3.56363
-5.01945 -3.38713
-4.9976 -3.39777
-4.99338 -3.16871
-5.01436 -3.04477
-5.00547 -2.97483
-4.9826 -3.21433
-4.98238 -2.97398
-4.99373 -2.79074
-4.97308 -2.82936
-4.97687 -2.58687
-4.92366 -2.74363
-4.93558 -2.42589
-4.97622 -2.25042
-4.9128 -2.14905
-4.87067 -2.4153
-4.83766 -2.01477
-4.79493 -1.66336
-4.70106 -1.49018
-4.76222 -1.8364
-4.64626 -1.63131
-4.69252 -2.01509
-4.78301 -2.23327
-4.732 -2.28706
-4.76547 -2.527
-4.82069 -2.56102
-4.81096 -2.83553
-4.73784 -2.86944
-4.79108 -3.12379
-4.74526 -3.30072
-4.81772 -3.47739
-4.84567 -3.12773
-4.87169 -3.41731
-4.85801 -3.70391
-4.89888 -3.67225
-4.93249 -3.40505
-4.93549 -3.84583
-4.87721 -3.96876
-4.90633 -4.24606
-4.9437 -4.17836
-4.96478 -4.28514
-4.92652 -4.46128
-4.94277 -4.64189
-4.91727 -4.74856
-4.88554 -4.65413
-4.82697 -4.35628
-4.80581 -4.80715
-4.83434 -4.96237
-4.88937 -4.97721
-4.82935 -5.22795
-4.87372 -5.22939
-4.92445 -5.11606
-4.90463 -5.25438
-4.95792 -5.19943
-4.89203 -5.35318
-4.77951 -5.5166
-4.70447 -5.66159
-4.73455 -5.69858
-4.83437 -5.49484
-4.82072 -5.55495
-4.85974 -5.46423
-4.7953 -5.64199
-4.84026 -5.49823
-4.86615 -5.38197
-4.8265 -5.54262
-4.82964 -5.42085
-4.79636 -5.61516
-4.78934 -5.53243
-4.80656 -5.32441
-4.81084 -5.14341
-4.77378 -5.38291
-4.75669 -5.14061
-4.73921 -4.83463
-4.7602 -4.54372
-4.68698 -4.67178
-4.73415 -4.27735
-4.77736 -4.28968
-4.80302 -3.96738
-4.73447 -3.96181
-4.75225 -3.67072
-4.6978 -3.79524
-4.68496 -3.50594
-4.67268 -3.13872
-4.61878 -3.36648
-4.64067 -3.73879
-4.53096 -3.5673
-4.57069 -3.81981
-4.58755 -4.02166
-4.52141 -3.93604
-4.52154 -4.22696
-4.41613 -4.1775
-4.44014 -3.79059
-4.39767 -3.47862
-4.45701 -3.17987
-4.54994 -3.20849
-4.50872 -2.90515
-4.60221 -3.01665
-4.56609 -2.70076
-4.65591 -2.7695
-4.60462 -2.50767
-4.67459 -2.39151
-4.57186 -2.24701
-4.58679 -1.94984
-4.62333 -1.8013
-4.55451 -1.6202
-4.52093 -1.33471
-4.59875 -1.32079
-4.47628 -1.00512
-4.39857 -1.05101
-4.44463 -1.35022
-4.31961 -1.07636
-4.34244 -1.3593
-4.46629 -1.64643
-4.35261 -1.64964
-4.47006 -1.95465
-4.34516 -1.99485
-4.2068 -1.58712
-4.2531 -1.36581
-4.13427 -1.19235
-4.21406 -1.05661
-4.08867 -0.886442
-4.11693 -0.705787
-3.97714 -0.576611
-4.03502 -0.347077
-3.93931 -0.310385
-3.88559 -0.07321
-4.0011 -0.0499802
-3.9225 0.219824
-4.03356 0.0493384
-4.11026 -0.211904
-3.92538 0.462498
-3.7741 0.550217
-3.83988 0.688009
-3.92885 0.617695
-3.84591 0.863528
-3.72785 0.890301
-3.77028 1.03264
-3.66458 1.19357
-3.52672 1.81184
-3.43463 2.02988
-3.16995 2.37673
-2.98665 2.46727
-3.10369 2.31987
-3.26905 2.14112
-3.08035 2.16758
-3.2829 1.85542
-3.40717 1.91322
-3.33344 2.21622
-3.50843 1.6732
-3.43465 1.53642
-3.27792 1.57391
-3.15247 1.76638
-3.12626 1.56437
-2.99054 1.834
-2.98415 1.62515
-3.04311 1.4022
-3.17224 1.32125
-3.12285 1.10782
-3.30321 1.13569
-3.26133 1.38649
-3.40532 1.30019
-3.44062 1.05721
-3.40418 0.881591
-3.26328 0.858514
-3.37816 0.651758
-3.50669 0.691255
-3.50499 0.891863
-3.62425 0.772072
-3.5609 1.06436
-3.53161 1.31555
-3.56888 1.43994
-3.62816 0.506599
-3.74166 0.235319
-3.60191 0.298674
-3.63963 0.117088
-3.51297 0.156021
-3.59547 -0.0980005
-3.73602 -0.0665416
-3.71325 -0.345594
-3.85092 -0.315166
-3.84605 -0.615468
-3.98799 -0.951658
-3.8226 -0.937464
-3.68961 -0.652984
-3.65569 -0.960994
-3.79664 -1.3131
-3.92052 -1.20233
-3.96029 -1.50863
-3.87013 -1.73809
-4.00571 -1.81182
-3.98562 -2.13706
-4.1123 -2.01566
-4.09335 -1.68904
-4.20213 -1.90832
-4.24903 -2.27484
-4.39963 -2.36657
-4.36399 -2.75474
-4.18549 -2.60819
-4.22925 -2.99661
-4.34537 -3.15814
-4.26397 -3.39002
-4.15737 -3.23068
-4.08119 -2.85656
-4.01815 -3.23562
-4.13924 -3.69561
-4.03186 -3.55673
-4.02471 -3.71909
-4.03462 -3.94493
-3.98051 -3.79969
-3.93067 -3.93182
-3.92696 -3.56603
-3.76868 -3.78758
-3.7508 -3.29287
-3.87627 -3.17199
-3.77158 -2.84802
-3.91358 -2.93856
-3.98321 -2.8935
-3.91056 -2.57415
-4.05857 -2.49026
-4.11873 -2.30194
-3.77702 -2.06198
-3.70951 -2.42105
-3.61676 -2.63068
-3.60061 -2.9616
-3.4828 -2.63003
-3.54267 -2.33809
-3.38036 -2.31262
-3.44959 -1.96641
-3.61893 -2.12171
-3.61113 -1.85942
-3.48766 -1.54243
-3.69798 -1.62723
-3.6091 -1.27275
-3.44793 -1.17661
-3.53696 -1.0396
-3.52429 -0.858215
-3.56443 -0.703529
-3.39471 -0.674047
-3.54007 -0.411683
-3.37114 -0.372832
-3.41023 -0.108801
-3.29784 -0.248451
-3.20515 -0.0805891
-3.33134 0.243878
-3.47452 0.435271
-3.36043 0.476825
-3.22517 0.557791
-3.08489 0.235248
-3.00011 0.614259
-3.12168 0.817221
-2.96386 0.948493
-2.94171 1.24686
-2.81826 1.11175
-2.7449 0.798673
-2.81017 0.316671
-2.48491 0.434317
-2.61936 0.107029
-2.7592 -0.0201387
-2.93003 -0.00749686
-2.83402 -0.339074
-2.61191 -0.21155
-2.60106 -0.669872
-2.43464 -0.371367
-2.4259 -0.0276459
-2.22421 -0.297894
-2.18647 0.151145
-2.13283 0.685329
-2.43519 0.956799
-2.20945 1.09491
-1.98656 1.04266
-1.71116 0.81584
-1.78728 1.265
-2.05031 1.35592
-1.85065 1.69446
-2.14785 1.65236
-2.26616 1.37094
-2.36375 1.63526
-2.24196 1.9185
-2.45122 1.92925
-2.29659 2.1846
-2.50411 2.21882
-2.33126 2.38392
-2.4594 2.46088
-2.60691 2.3527
-2.71322 2.17078
-2.76399 2.34407
-2.62337 2.50419
-2.82378 2.48979
-2.91663 2.31867
-2.98624 2.36966
-2.9109 2.1242
-3.08683 1.96253
-2.8222 1.966
-2.85169 1.75578
-2.67116 1.90779
-2.75462 1.6308
-2.58843 1.57291
-2.77552 1.37988
-2.89507 1.51538
-2.63878 1.18888
-2.44641 1.31948
-2.34484 1.18463
-2.82895 2.65998
-2.64798 2.63044
-2.51709 2.76925
-2.68782 2.85493
-2.91105 2.79222
-2.38543 2.96443
-2.24301 2.9723
-2.27818 2.87858
-2.48567 2.90058
-2.24325 2.72954
-1.99228 2.82362
-1.97879 2.60691
-1.75325 2.73716
-1.60967 2.56953
-1.8469 2.31018
-2.13662 2.38599
-2.09076 2.14099
-1.9141 2.02551
-2.06109 1.90207
-1.67718 2.03412
-1.54845 1.7969
-1.54285 1.50443
-1.25687 1.72086
-1.37438 2.01208
-1.11433 1.96454
-1.13948 2.21786
-1.47567 2.30788
-1.24974 2.40862
-1.37611 2.50687
-1.32396 2.63804
-1.47689 2.75467
-1.15522 2.73876
-1.10805 2.64478
-1.18107 2.54682
-0.951038 2.56162
-1.03713 2.42082
-0.784523 2.43471
-0.664693 2.57453
-0.914096 2.67205
-0.693815 2.70641
-1.70615 2.85674
-1.90446 2.94957
-0.214113 2.68833
-0.0241714 2.59806
-0.120866 2.53433
-0.433011 2.63859
-0.503622 2.74011
-0.390234 2.53305
-0.243348 2.44389
-0.485967 2.40311
-0.218806 2.31034
0.00388241 2.3659
-0.0219016 2.23485
0.177218 2.19468
0.0568347 2.04408
-0.154616 2.15175
-0.186623 1.90442
0.15042 1.66998
0.330913 1.96867
0.550757 1.69004
0.45297 1.48535
0.320402 1.29143
0.0495195 1.32016
0.15738 1.00796
0.537232 0.911193
0.553684 1.25783
0.774898 1.10356
0.676349 1.40296
0.92095 1.27204
0.809021 1.51527
0.827993 1.72059
0.587554 1.94076
0.766609 1.97443
0.959617 1.81092
1.03516 1.63923
1.10818 1.69467
1.09898 1.85314
0.915861 1.96742
0.782183 2.11908
0.643615 2.14867
0.599647 2.08343
0.529501 2.18855
0.523665 2.25538
0.391131 2.37398
0.39202 2.28444
0.182893 2.40532
0.160855 2.51141
0.246727 2.29911
1.43121 1.65748
1.2784 1.72981
1.41102 1.54878
1.24896 1.63482
1.39492 1.42189
1.57722 1.34355
1.59186 1.14398
1.76764 1.11789
1.84377 0.91533
1.72847 0.896292
1.91194 0.696826
1.7829 0.666367
1.93684 0.468318
2.07195 0.447473
2.0565 0.667614
2.16045 0.439336
2.2041 0.286128
2.15642 0.24328
2.24578 0.131826
2.20093 0.068974
2.08242 0.221925
2.15597 0.029052
2.09005 -0.0467428
2.23362 -0.167848
2.1944 -0.335898
2.06317 -0.346826
2.23276 -0.663262
2.30921 -0.471253
2.41289 -0.795591
2.35714 -1.1126
2.18572 -0.929048
2.09587 -0.656655
2.05362 -0.811871
1.94447 -0.518482
1.93972 -0.863476
2.08857 -1.08504
1.95467 -1.24248
2.1336 -1.41544
2.0336 -1.63259
2.18166 -1.70272
2.15672 -1.95984
2.00665 -1.95015
1.91247 -1.71287
1.84947 -1.91927
1.78161 -1.59249
1.62945 -1.80806
1.62211 -1.37068
1.42482 -1.43658
1.32625 -1.86581
1.57638 -2.2497
1.39613 -2.3165
1.18949 -2.22349
1.29696 -2.5937
1.53375 -2.6499
1.41501 -2.9714
1.69461 -3.16453
1.46785 -3.37117
1.64386 -3.68074
1.8075 -3.61894
1.78778 -3.95707
1.93846 -3.88727
1.93067 -3.44908
2.12396 -3.73218
2.03418 -3.33675
1.9363 -3.01501
1.75232 -2.64089
1.93376 -2.57727
1.78732 -2.23515
1.96677 -2.24456
2.0813 -2.54925
2.05597 -2.82945
2.18031 -2.84464
2.21928 -2.56501
2.12139 -2.25811
2.27219 -2.30255
2.29374 -1.94255
2.37355 -2.23795
2.39525 -2.58074
2.49518 -2.32651
2.52621 -2.76665
2.45985 -2.98081
2.32115 -2.84257
2.3774 -3.21886
2.48948 -3.31419
2.58335 -3.16238
2.56909 -3.62488
2.42697 -3.59961
2.50112 -4.02241
2.59842 -3.97175
2.58411 -4.21172
2.67372 -4.20492
2.61385 -4.52691
2.53002 -4.36218
2.52618 -4.6148
2.58202 -4.86813
2.67952 -4.87799
2.62288 -5.06506
2.67763 -5.2675
2.77571 -5.10569
2.76292 -5.46553
2.70663 -5.51118
2.64071 -5.61795
2.7311 -5.71701
2.69421 -5.90506
2.62441 -5.93479
2.66149 -6.20066
2.56543 -6.13981
2.57153 -6.43334
2.47231 -6.36455
2.46727 -6.67306
2.33374 -6.62856
2.35061 -6.90202
2.46449 -6.96499
2.24448 -7.22233
2.21252 -6.9627
2.03668 -7.19425
2.01078 -7.40615
1.81197 -7.39682
1.83371 -7.57983
1.55938 -7.59651
1.64065 -7.72595
1.83642 -7.71663
1.66286 -7.8112
1.77297 -7.83427
1.56864 -7.90339
1.44686 -7.84796
1.40265 -7.9332
1.42542 -7.96804
1.66222 -7.93321
1.52574 -7.98441
1.75816 -7.93603
1.62161 -7.99378
1.84423 -7.94816
1.68168 -7.99405
1.88989 -7.96612
2.09414 -7.88567
1.97951 -7.87976
2.19294 -7.78138
2.05209 -7.78796
2.19123 -7.64293
1.97526 -7.74042
1.87368 -7.8593
2.07245 -7.55138
2.29375 -7.43426
2.43011 -7.22834
2.4365 -7.38762
2.36102 -7.52223
2.49778 -7.46974
2.57464 -7.23829
2.61211 -7.36042
2.59841 -7.47679
2.69123 -7.33535
2.68703 -7.45938
2.78569 -7.24994
2.74493 -7.15945
2.66919 -7.25049
2.68928 -7.11962
2.67034 -6.96062
2.55011 -7.06579
2.59051 -6.88702
2.57524 -6.7003
2.67116 -6.69895
2.65205 -6.49775
2.72946 -6.42144
2.76114 -6.06338
2.81903 -6.3468
2.77973 -6.67409
2.87849 -6.49796
2.86083 -6.75405
2.77254 -6.95608
2.84767 -6.99803
2.91916 -6.78095
2.94598 -6.54113
2.9802 -6.66124
2.9315 -6.88667
2.99237 -6.75454
2.9636 -6.94992
3.03256 -6.72937
3.04089 -6.49768
3.09769 -6.42908
3.09354 -6.20772
3.05157 -6.21615
3.01481 -6.44468
2.99169 -6.26103
3.02939 -5.96791
2.96414 -6.03444
2.99044 -5.7048
2.9101 -5.79381
2.9392 -5.35755
2.8432 -5.4438
2.81773 -5.76281
2.85118 -6.06923
2.91156 -6.10931
2.87879 -6.27822
2.93054 -6.30102
2.86005 -5.14546
2.84007 -4.77325
2.75192 -4.75028
2.76603 -4.42105
2.69542 -4.55612
2.75122 -3.93666
2.65934 -3.84261
2.67012 -3.52738
2.76803 -3.47163
2.69396 -3.18166
2.63463 -2.77654
2.76189 -3.00816
2.70565 -2.61825
2.61802 -2.38161
2.54413 -1.92644
2.44038 -1.92561
2.39535 -1.57493
2.36322 -1.8062
2.39736 -2.04117
2.27026 -1.60832
2.24325 -1.27684
2.49783 -1.4772
2.50339 -1.14899
2.59723 -1.51611
2.56809 -1.67784
2.64096 -1.85274
2.69307 -2.26466
2.73088 -2.0525
2.80895 -2.37449
2.78873 -2.66582
2.8755 -2.75111
2.8398 -2.98678
2.91159 -3.14268
2.85179 -3.38533
2.84514 -3.83114
2.90398 -3.75372
2.9271 -4.14948
2.9508 -3.86207
2.98533 -4.09361
3.00471 -4.51943
2.92045 -4.63438
2.97672 -4.98501
2.91137 -4.99323
3.03291 -5.34197
3.04534 -4.95075
3.0912 -5.18622
3.07146 -5.44058
3.10892 -5.51873
3.13072 -5.27406
3.13044 -5.60992
3.14322 -5.55768
3.12928 -5.79248
3.0958 -5.87882
3.11512 -6.01193
3.11625 -6.18951
3.13286 -5.98234
3.13629 -6.11136
3.11962 -6.21402
3.16064 -6.0548
3.11939 -6.36299
3.15338 -5.89976
3.14427 -5.82428
3.16166 -5.67354
-4.52859 -5.91709
-4.63608 -5.85385
-4.54875 -6.00714
-4.57458 -6.07417
-4.62716 -5.98916
-4.66462 -5.87831
-4.69142 -5.86073
-4.74208 -5.76492
-4.67912 -5.9761
-4.73524 -5.85487
-4.7696 -5.74505
-4.80266 -5.62685
-4.78334 -5.71427
-4.73328 -5.89003
-4.73991 -5.85359
-4.69421 -6.05415
-4.68363 -6.0977
-4.63169 -6.2466
-4.60879 -6.31768
-4.61388 -6.23804
-4.64882 -6.11904
-4.60659 -6.1305
-4.64944 -5.97182
-4.54402 -6.35965
-4.57769 -6.35484
-4.53456 -6.47529
-4.55565 -6.43644
-4.50525 -6.58883
-4.45131 -6.66344
-4.46693 -6.55716
-4.46879 -6.45664
-4.41773 -6.34718
-4.45865 -6.11999
-4.1165 -7.0735
-4.22341 -6.99861
-4.34991 -6.83323
-4.3288 -6.88852
-4.42937 -6.73073
-4.4004 -6.76861
-4.49171 -6.58206
-4.49563 -6.555
-4.57327 -6.38275
-4.65938 -6.15136
-4.58614 -6.28382
-4.67436 -6.02924
-4.72268 -5.79282
-4.74337 -5.60345
-4.71546 -5.52728
-4.7033 -5.74776
-4.65527 -5.8323
-4.66766 -5.94194
-4.60556 -6.10051
-4.6347 -6.09727
-4.50553 -6.33491
-4.55273 -6.0597
-4.47963 -6.26982
-4.38334 -6.45376
-4.40158 -6.57179
-4.25754 -6.7464
-4.33795 -6.73279
-4.45989 -6.53907
-4.3949 -6.70462
-4.2868 -6.89566
-4.22543 -6.90075
-4.12582 -7.07697
-4.18026 -7.05505
-4.28863 -6.93161
-4.2388 -7.00044
-4.15988 -7.07934
-4.07604 -7.17023
-4.08914 -7.14374
-3.96216 -7.26114
-3.9693 -7.25785
-4.07406 -7.16476
-3.99373 -7.2046
-3.94545 -7.20881
-4.1001 -7.00214
-3.91391 -7.11925
-4.09007 -6.88176
-4.23037 -6.62784
-4.06848 -6.73322
-4.18039 -6.50965
-4.30913 -6.38555
-4.43592 -6.20963
-4.32452 -6.16135
-4.48905 -5.89616
-4.61293 -5.72266
-4.65927 -5.65751
-4.659 -5.52104
-4.69835 -5.26953
-4.70354 -4.98842
-4.62482 -5.00146
-4.60422 -4.62623
-4.65235 -4.39768
-4.59373 -4.31296
-4.67219 -4.07677
-4.53547 -4.50637
-4.54687 -4.8365
-4.45076 -4.62829
-4.45996 -5.04398
-4.31862 -4.91605
-4.37448 -5.33083
-4.27648 -5.24822
-4.26259 -5.49684
-4.34484 -5.6187
-4.45404 -5.59027
-4.35501 -5.85415
-4.23316 -5.76349
-4.19647 -6.04565
-4.0493 -5.90743
-4.01144 -6.19805
-3.83841 -6.14561
-3.85308 -6.32832
-3.68872 -6.41182
-3.76207 -6.5254
-3.9319 -6.40484
-3.84742 -6.58452
-3.96718 -6.47808
-3.9555 -6.58333
-4.11124 -6.36838
-4.0529 -6.5925
-3.92071 -6.76412
-3.82171 -6.74032
-3.74141 -6.94098
-3.64286 -6.81806
-3.52349 -7.1352
-3.43106 -7.04538
-3.39262 -6.89563
-3.58898 -6.64493
-3.43662 -6.57612
-3.63739 -6.27813
-3.49621 -6.23673
-3.70722 -6.02329
-3.55653 -5.87313
-3.80662 -5.68831
-3.68203 -5.49198
-3.85323 -5.34694
-3.94011 -5.48204
-3.98454 -5.67193
-4.0542 -5.41616
-3.97611 -5.26671
-4.09434 -5.09436
-3.92666 -4.98449
-4.07695 -4.65154
-4.19186 -4.86982
-4.213 -5.10119
-4.22463 -4.55657
-4.33821 -4.49167
-4.26888 -4.15721
-4.47845 -4.3872
-4.3247 -3.78281
-4.12614 -4.21578
-3.99157 -4.25566
-3.90638 -4.5549
-3.85153 -4.18861
-3.7584 -4.43249
-3.72872 -4.1294
-3.59465 -3.94059
-3.56035 -3.42511
-3.36825 -3.75099
-3.46012 -4.23852
-3.63764 -4.27614
-3.59306 -4.61345
-3.41598 -4.58086
-3.44057 -4.88251
-3.59224 -5.0487
-3.7623 -4.79975
-3.7457 -5.16421
-3.61511 -5.31007
-3.48329 -5.54133
-3.52944 -5.29173
-3.39645 -5.23936
-3.24055 -5.59874
-3.32658 -5.90819
-3.35058 -6.16884
-3.21598 -6.16629
-3.23097 -6.30327
-3.08612 -6.37856
-3.07223 -6.00636
-2.81601 -6.37719
-2.79342 -5.91917
-2.97618 -5.56997
-3.15193 -5.23288
-2.85918 -5.05934
-3.12434 -4.82316
-3.28941 -5.00108
-3.30534 -4.74544
-3.22942 -4.37041
-2.88286 -4.4346
-3.03144 -3.96946
-2.70572 -3.83915
-2.94649 -3.44163
-2.71095 -3.37652
-2.76136 -3.02142
-3.01815 -2.85346
-3.19032 -3.32403
-3.25192 -2.93378
-3.17667 -2.59513
-3.32568 -2.62395
-3.23243 -2.35348
-3.23502 -2.02678
-3.03405 -2.26272
-3.01222 -1.7041
-3.26482 -1.6173
-3.0705 -1.20096
-3.30984 -1.29901
-3.29042 -0.964941
-3.4406 -0.940546
-3.24525 -0.713335
-3.20678 -0.447039
-3.11891 -0.762873
-3.01587 -0.507697
-3.04013 -0.23093
-3.06512 -0.019192
-2.89771 -0.763872
-2.76337 -1.12503
-2.89975 -1.38691
-2.74072 -1.5393
-2.81262 -1.95236
-2.52185 -1.87064
-2.70928 -2.42865
-2.50566 -2.21484
-2.44719 -2.45433
-2.5158 -2.88189
-2.62367 -3.16714
-2.48876 -3.39165
-2.20368 -3.04429
-2.17498 -3.55832
-2.43663 -3.84748
-2.56381 -3.97595
-2.53162 -4.21152
-2.11234 -4.0739
-2.33818 -4.58817
-2.63071 -4.68123
-2.49721 -5.0715
-2.19193 -4.94752
-2.32492 -5.19312
-2.35771 -5.5041
-2.68701 -5.50249
-2.56801 -5.81543
-2.57269 -6.15079
-2.35212 -5.94163
-2.31167 -6.28679
-2.5192 -6.49538
-2.263 -6.60303
-2.43819 -6.79305
-2.20272 -6.87342
-2.33474 -7.09009
-2.11433 -7.07236
-2.11012 -7.27204
-2.30789 -7.34844
-2.52558 -7.22375
-2.49419 -7.43745
-2.66433 -7.30358
-2.74056 -7.11007
-2.83681 -7.22978
-2.73649 -7.42233
-2.90711 -7.31644
-2.89885 -7.42074
-3.06736 -7.28502
-3.02124 -7.45458
-3.19778 -7.32528
-3.16097 -7.45232
-3.33114 -7.33311
-3.28352 -7.46424
-3.15966 -7.53143
-3.18068 -7.5932
-3.4015 -7.49086
-3.32467 -7.59591
-3.51066 -7.48416
-3.57862 -7.36356
-3.67022 -7.38377
-3.73821 -7.2518
-3.80901 -7.28281
-3.80368 -7.14261
-3.89085 -6.97855
-3.68014 -7.1797
-3.75118 -7.38345
-3.60222 -7.47074
-3.58087 -7.5024
-3.68303 -7.4492
-3.78259 -7.38382
-3.80577 -7.3739
-3.87687 -7.30823
-3.61071 -7.48975
-3.68739 -7.4319
-3.8299 -7.34306
-3.663 -7.41203
-3.83279 -7.26707
-3.65968 -7.34443
-3.39529 -7.46953
-3.55607 -7.32749
-3.81108 -7.19206
-3.30544 -7.40503
-3.05062 -7.45485
-2.49485 -7.57926
-2.79058 -7.5567
-2.8314 -7.46856
-3.10155 -7.51122
-2.92444 -7.58363
-3.08161 -7.5826
-3.21439 -7.62076
-3.50637 -7.52069
-3.38962 -7.5858
-3.54413 -7.53164
-3.41464 -7.59531
-3.45421 -7.55778
-3.23593 -7.6565
-3.21197 -7.66694
-3.00941 -7.72333
-2.96043 -7.72674
-3.16002 -7.67187
-2.93749 -7.7101
-2.67702 -7.78158
-2.64946 -7.80607
-2.4432 -7.82475
-2.355 -7.83052
-2.59316 -7.75574
-2.18137 -7.80791
-2.35369 -7.75098
-2.63232 -7.69589
-2.33007 -7.70034
-2.52066 -7.6294
-2.55873 -7.66679
-2.72788 -7.63913
-2.86808 -7.63724
-2.90409 -7.67125
-1.15787 -7.79596
-1.97965 -7.87034
-1.79545 -7.9132
-2.15753 -7.86495
-2.02676 -7.89791
-2.28997 -7.87447
-2.03655 -7.90981
-2.33052 -7.8566
-2.47415 -7.82894
-2.83724 -7.77785
-3.06273 -7.73446
-3.08112 -7.70705
-2.84913 -7.77711
-2.94179 -7.69743
-3.0026 -7.5744
-2.75071 -7.68495
-2.69183 -7.77567
-2.50576 -7.76997
-2.41345 -7.8358
-2.25188 -7.82389
-2.14003 -7.87479
-1.94878 -7.85577
-1.83295 -7.91891
-2.21635 -7.87131
-1.86708 -7.93368
-2.13934 -7.88992
-1.87833 -7.92904
-1.63468 -7.94839
-1.73317 -7.93839
-1.82555 -7.92467
-1.55323 -7.94727
-1.45366 -7.93659
-1.21007 -7.97502
-1.39429 -7.94875
-1.34948 -7.96623
-1.51893 -7.94327
-1.52121 -7.96867
-1.19916 -7.98185
-1.05259 -7.98261
-0.939842 -7.99247
-0.769449 -8.00782
-0.874632 -8.00633
-0.8953 -7.99292
-0.70089 -7.9892
-0.62599 -7.98345
-0.766546 -7.97665
-0.501363 -7.97285
-0.366218 -7.99556
-0.189728 -7.98223
-0.512792 -7.95001
-0.259385 -7.93937
-0.460872 -7.91547
1.90608 -7.90959
1.65473 -7.97709
1.34622 -8.0014
1.19751 -8.01802
0.907546 -8.03511
0.0672784 -8.01988
-0.121654 -8.00778
0.129116 -8.04699
-0.222607 -8.01013
-0.469559 -7.9995
-0.243361 -8.03962
-0.59619 -8.01123
-0.46898 -8.03791
-0.662182 -8.02047
-0.372569 -8.04743
-0.488779 -8.01778
-0.659596 -7.97651
-0.880392 -7.97355
-1.08325 -7.96686
-1.03396 -7.92493
-0.896413 -7.90024
-1.1531 -7.87371
-1.17745 -7.92175
-1.35314 -7.88452
-1.3001 -7.9484
-1.51775 -7.91688
-1.62471 -7.8667
-1.3921 -7.79269
-1.73903 -7.80839
-1.63374 -7.72635
-1.92384 -7.71527
-1.70691 -7.64854
-1.8982 -7.57543
-2.13727 -7.59875
-2.10172 -7.46746
-2.28247 -7.50539
-2.37634 -7.58902
-2.23694 -7.69462
-2.51685 -7.66803
-2.58235 -7.54922
-2.79187 -7.55998
-2.33154 -7.75165
-2.10908 -7.78144
-1.92934 -7.79801
-1.86415 -7.39012
-1.92435 -7.15732
-1.7046 -7.23308
-1.74992 -7.01199
-1.97426 -6.92462
-1.76515 -6.70613
-2.04918 -6.70675
-1.9994 -6.41463
-1.64113 -6.36791
-1.82011 -6.14733
-2.0812 -6.06714
-1.80288 -5.83029
-2.13034 -5.76436
-1.98806 -5.45525
-2.18935 -5.24558
-2.00743 -5.13687
-1.8933 -4.87634
-2.00494 -4.55688
-1.71509 -4.62868
-1.74242 -4.27434
-1.75078 -3.91097
-1.89756 -3.67656
-1.89276 -3.30684
-1.54811 -3.55552
-1.64131 -3.12845
-1.87554 -2.87463
-2.11148 -2.62169
-2.31859 -2.68077
-2.26813 -2.43408
-2.30295 -2.14421
-2.10906 -2.30986
-1.9696 -1.98206
-2.23156 -1.81247
-2.27108 -1.45403
-2.52363 -1.48201
-2.44748 -1.26132
-2.60398 -1.28975
-2.5267 -1.03904
-2.43677 -0.851529
-2.3011 -1.02099
-2.33143 -0.65627
-2.00705 -0.702069
-1.96379 -0.177609
-1.72828 -0.400796
-1.60272 -0.751228
-1.80949 -1.1137
-2.07807 -1.14199
-1.98947 -1.38357
-1.72833 -1.5481
-1.42369 -1.12689
-1.4023 -1.46864
-1.44822 -1.7764
-1.68591 -1.92042
-2.0438 -1.6343
-1.75404 -2.12404
-1.84219 -2.40398
-1.48601 -2.21085
-1.52288 -2.74087
-1.25187 -2.52507
-1.18159 -2.28129
-1.12896 -1.93992
-1.21367 -1.60245
-0.892328 -1.5471
-1.15239 -1.31994
-0.84727 -1.17821
-1.08996 -1.03341
-1.13828 -0.665202
-1.46426 -0.46612
-1.27229 -0.285521
-1.53527 -0.185674
-1.74364 -0.076121
-1.58421 0.132693
-1.85544 0.281905
-1.59914 0.443712
-1.43098 0.640956
-1.27076 0.973672
-1.52186 1.18415
-1.24366 1.36928
-0.870446 1.27247
-0.963343 1.59324
-0.983848 1.81698
-0.781397 1.78358
-0.813872 2.05234
-0.527581 1.86409
-0.654224 1.59439
-0.345015 1.65862
-0.474771 1.39455
-0.569861 1.08666
-0.288656 1.22777
-0.332792 0.98403
-0.108422 1.09885
-0.141834 0.737379
-0.56461 0.741883
-0.400248 0.500534
-0.196358 0.418343
-0.395041 0.213383
-0.711398 0.359683
-0.713967 -0.0729437
-0.951313 0.149199
-1.04634 0.375763
-1.16621 0.158222
-1.08412 -0.0614813
-1.3435 0.0135383
-1.34543 0.342478
-1.0073 -0.308331
-0.800878 -0.42595
-0.679276 -0.67326
-0.466181 -0.394228
-0.323989 -0.676399
-0.0190802 -0.411615
0.00309563 -0.933335
-0.502605 -0.981878
-0.265968 -1.21894
-0.56731 -1.32733
-0.325181 -1.46955
0.0354199 -1.42195
-0.267166 -1.80751
-0.558437 -1.60514
-0.716694 -1.89976
-0.503217 -2.21571
-0.905103 -2.29125
-0.638952 -2.638
-0.999801 -2.61312
-1.09385 -2.4319
-1.16866 -2.86654
-0.883127 -2.89186
-0.959769 -3.24431
-1.34496 -3.16748
-1.20014 -3.48213
-0.935699 -3.67515
-1.21105 -3.8004
-1.46536 -4.02745
-1.16046 -4.16308
-1.40167 -4.51919
-1.01361 -4.51099
-1.12492 -4.92404
-1.46337 -4.92602
-1.56465 -4.73084
-1.67167 -4.86307
-1.71672 -5.16074
-1.31422 -5.34457
-1.64243 -5.51858
-1.38102 -5.78141
-1.0612 -5.66937
-1.05854 -5.96457
-1.2761 -6.05331
-1.5414 -6.07386
-1.33215 -6.2848
-1.37069 -6.63055
-1.07355 -6.43985
-0.999416 -6.78388
-1.25317 -6.95416
-1.5227 -6.91557
-1.40061 -7.10294
-1.57231 -7.11286
-1.45458 -7.28611
-1.17207 -7.21767
-1.23375 -7.41263
-1.43354 -7.48042
-1.18134 -7.56129
-1.41549 -7.64856
-1.65981 -7.53385
-1.62763 -7.39458
-1.1686 -7.66499
-1.14395 -7.73958
-0.917694 -7.66982
-0.872677 -7.81359
-1.0918 -7.83138
-0.574928 -7.89788
-0.590144 -7.77893
-0.340104 -7.84688
-0.263261 -7.75981
-0.538396 -7.61347
-0.899294 -7.4421
-0.598942 -7.46884
-0.598794 -7.25922
-0.904324 -7.21784
-1.02993 -7.05447
-0.801742 -7.04032
-0.641829 -6.80046
-0.821658 -6.54388
-0.568529 -6.44807
-0.840441 -6.22776
-0.561702 -6.14736
-0.746929 -5.85316
-1.10768 -6.19034
-0.399929 -5.91132
-0.530399 -5.6074
-0.848486 -5.36835
-0.475479 -5.2524
-0.72762 -4.83951
-0.370308 -4.87659
-0.166668 -5.15484
-0.202349 -5.58129
0.115367 -5.35743
0.140313 -5.71831
0.374168 -5.52433
0.453531 -5.7938
0.712384 -5.50078
0.460998 -5.2005
0.839285 -5.11145
0.613884 -4.75526
0.128479 -4.88541
0.30404 -4.48805
0.0730591 -4.5672
-0.157516 -4.58349
0.0589075 -4.30321
-0.267918 -4.0682
-0.504245 -4.47183
-0.152306 -4.88619
-0.706131 -4.04558
-0.773433 -4.41378
-0.92273 -4.21232
-0.983072 -3.9687
-0.557452 -3.56822
-0.157841 -3.64353
-0.234524 -3.27195
-0.598251 -3.08009
-0.257717 -2.86141
-0.249971 -2.47577
0.129181 -2.63703
0.109545 -3.06372
0.523346 -2.90582
0.417243 -3.27232
0.114895 -3.44799
0.400086 -3.58176
0.183673 -3.9045
0.588922 -3.83817
0.488068 -4.20238
0.765089 -4.09644
0.732117 -4.40032
0.537925 -4.46592
0.256012 -4.21927
0.920593 -4.57712
1.00145 -4.25546
1.2416 -4.59988
1.30186 -4.02761
0.952008 -3.78549
1.25001 -3.55294
0.964625 -3.24949
0.67496 -3.47954
0.678111 -3.1894
0.76589 -3.05111
0.864221 -2.87307
0.716532 -2.62571
0.476214 -2.54831
0.680396 -2.28998
0.315381 -2.28933
0.0167127 -2.31113
0.101138 -1.98912
-0.186566 -2.1612
0.0457611 -1.71971
0.296147 -1.68915
0.404404 -1.42504
0.313204 -1.18218
0.400337 -0.947643
0.30678 -0.676961
0.653992 -0.75808
0.647561 -1.22136
0.998151 -1.07407
0.991319 -1.56531
1.21137 -1.40582
1.08718 -1.924
0.90385 -1.84435
0.951201 -2.12691
0.993815 -2.51639
0.747943 -1.97276
0.475717 -1.97475
0.655218 -1.66206
1.26407 -1.1048
1.46074 -1.08144
1.28265 -0.770985
1.14264 -0.886583
0.985589 -0.62005
1.18178 -0.462165
0.995854 -0.269292
0.831467 -0.329939
0.718766 -0.454942
0.651175 -0.239081
0.431622 -0.363878
0.488995 0.014675
0.171175 -0.0676609
-0.0473733 -0.103689
-0.280778 -0.0998141
-0.0695705 0.158633
0.222488 0.259614
0.0201297 0.450749
0.267704 0.618632
0.456317 0.338414
0.693771 0.215238
0.596817 0.533624
0.870271 0.412836
0.728869 0.655365
0.892812 0.743351
1.06322 0.471719
1.12842 0.201185
1.23113 0.363507
1.37243 0.0661243
1.40312 0.434072
1.16062 0.626298
1.27835 0.750278
1.06466 0.954955
1.2827 0.965461
1.12807 1.16423
1.06873 1.41784
1.29115 1.15824
1.33625 1.29535
1.19822 1.52087
1.47878 1.08103
1.42799 0.96769
1.46381 0.719497
1.60075 0.853868
1.67908 0.531816
1.55814 0.456947
1.553 0.315522
1.56506 0.114851
1.68012 0.226413
1.75493 -0.164493
1.57726 -0.225591
1.75489 -0.574679
1.55726 -0.518923
1.65778 -0.77259
1.79199 -0.960653
1.63891 -1.03841
1.5053 -0.777284
1.7822 -1.27892
1.89537 -1.48689
1.36812 -0.495911
1.4246 -0.271191
1.21047 -0.169591
1.91337 -0.199982
1.94852 -0.00508162
1.82524 0.0260941
1.82218 0.255335
1.8347 0.447641
1.94862 0.234304
1.59701 1.0009
0.955287 0.0527175
0.774729 -0.0878488
1.14954 -2.89666
1.2642 -3.20141
1.45393 -3.7135
1.53691 -3.95412
1.55184 -4.31168
1.66354 -4.03074
1.73652 -4.23714
1.74068 -4.56531
1.5393 -4.70994
1.69588 -5.01225
1.94494 -4.7718
1.89265 -5.18267
1.75224 -5.43378
1.4826 -5.37404
1.56682 -5.74292
1.26486 -5.69867
1.12479 -5.34093
0.97557 -5.67566
0.987233 -6.01834
1.35631 -6.06198
1.13557 -6.3781
0.819715 -6.35846
0.897438 -6.66853
0.496357 -6.57755
0.639061 -6.97478
0.277687 -6.87845
0.244722 -7.19297
-0.0494614 -6.95322
0.0928006 -6.64936
-0.2769 -6.66276
-0.0593634 -6.4291
-0.281583 -6.25983
-0.00800467 -6.20991
-0.0935197 -5.95912
0.207911 -6.03166
0.209428 -6.34367
0.560417 -6.1367
0.740124 -5.82388
-0.400589 -7.01182
-0.191349 -7.23966
-0.614621 -7.04453
-0.344156 -7.45887
0.0287261 -7.44469
0.364385 -7.43345
0.243844 -7.59983
-0.133426 -7.61665
0.0887308 -7.73902
0.47646 -7.72694
0.639723 -7.55066
0.801174 -7.67288
0.802544 -7.78253
0.487553 -7.85619
0.795882 -7.88337
0.563967 -7.93014
0.302315 -7.94262
0.207773 -7.87642
0.0619721 -7.92595
-0.0345716 -7.84885
-0.206347 -7.94766
0.0777779 -8.0009
-0.148764 -8.01809
-0.405324 -7.99221
-0.282476 -8.03795
-0.0478821 -8.04796
-0.144941 -8.03606
0.146588 -8.05791
-0.1103 -8.05763
0.277354 -8.06303
0.103611 -8.05966
0.491327 -8.07751
0.603311 -8.0545
0.99846 -8.05941
0.800009 -8.06837
0.523459 -8.07547
0.523574 -8.07115
0.816511 -8.05089
0.682521 -8.05229
0.415972 -8.05811
0.159301 -8.0529
0.267213 -8.03154
0.0507417 -8.04097
0.275204 -8.00196
0.47025 -7.98712
0.458167 -8.03472
0.678002 -8.02348
0.750135 -7.95957
0.970974 -7.9807
0.982513 -7.91534
1.14051 -7.81761
1.21251 -7.92458
1.42845 -7.74205
1.30797 -7.69875
1.06533 -7.70144
1.28472 -7.57634
0.986461 -7.57353
1.1748 -7.41651
0.899367 -7.43467
0.661425 -7.29819
0.995152 -7.26029
0.842863 -7.14593
1.04793 -6.98367
1.29771 -7.1844
1.51736 -7.35989
1.56789 -7.0805
1.4007 -6.87539
1.72962 -6.7551
1.47554 -6.45696
1.20407 -6.6845
1.78863 -6.29505
1.6187 -6.07857
1.83276 -5.83087
1.98314 -6.09402
2.0005 -6.48633
2.14973 -6.11518
2.0794 -5.69553
2.29933 -5.77598
2.2115 -5.34055
2.05905 -5.21529
1.93786 -5.47054
2.20202 -4.80801
2.06067 -4.29836
1.8795 -4.29064
2.23062 -4.27972
2.33855 -3.97874
2.28026 -3.46845
2.13093 -3.18592
2.26552 -3.11191
2.33084 -4.31242
2.31135 -4.52901
2.42202 -4.43507
2.35955 -4.77497
2.37365 -5.20379
2.47653 -4.86307
2.55572 -5.25423
2.46297 -5.58578
2.43474 -5.89358
2.36392 -6.19542
2.47894 -6.08382
2.54498 -5.82901
2.26571 -6.14402
2.21132 -6.45107
2.19412 -6.76256
2.09443 -6.7189
2.06677 -6.95782
1.9531 -6.82858
1.82541 -7.10879
2.55611 -5.56818
1.19644 -7.98064
0.96444 -8.03424
1.27028 -8.01785
1.09853 -8.04161
1.38736 -8.01559
1.31015 -8.02733
1.13149 -8.05692
1.42798 -8.0318
1.49035 -8.01637
1.76635 -7.99404
1.63514 -7.99548
1.36372 -8.02855
1.50976 -8.00796
1.78873 -7.97374
1.89756 -7.97901
2.00284 -7.93703
2.11711 -7.93884
2.00863 -7.96099
2.20564 -7.88552
2.31948 -7.80614
2.245 -7.80717
2.35553 -7.7344
2.35354 -7.63335
2.48267 -7.60548
2.47041 -7.69151
2.57394 -7.58196
2.59527 -7.62712
2.45934 -7.74439
2.34616 -7.81512
2.44743 -7.7845
2.29974 -7.86678
2.42687 -7.81643
2.19875 -7.88446
2.35986 -7.77019
2.1333 -7.84791
2.232 -7.77509
2.37374 -7.679
2.52885 -7.5272
2.51146 -7.39042
2.77222 -7.14357
2.86327 -7.07231
2.76814 -7.27628
2.83743 -7.22951
2.75931 -7.3754
2.65496 -7.45397
2.65234 -7.34409
2.53368 -7.62335
2.67676 -7.55098
2.55989 -7.70154
2.68533 -7.5867
2.56913 -7.69821
2.68036 -7.59232
2.60593 -7.64602
2.55695 -7.69285
2.65337 -7.60712
2.70559 -7.52142
2.80578 -7.34687
2.76019 -7.49613
2.85695 -7.32781
2.90637 -7.15478
2.88002 -7.11243
2.97834 -6.97835
2.94014 -7.13242
3.00042 -6.87132
3.08494 -6.5709
3.0055 -6.90496
2.96313 -7.04122
2.97203 -6.97942
2.90608 -7.14772
2.91084 -7.11135
2.94773 -6.9371
2.83207 -7.26726
2.85139 -7.30504
2.77579 -7.43437
2.78871 -7.44712
2.87334 -7.29158
2.91152 -7.19052
1.96154 -7.93132
1.31347 -7.95762
0.244541 -7.81658
1.38598 -5.01156
1.12338 -4.9874
0.956911 -4.81926
-0.851839 -0.903146
-1.15789 0.638319
-0.882265 0.601255
-0.893 0.888808
-0.120515 1.28483
-0.155931 1.4715
-0.122388 1.69321
-0.432728 2.14971
-0.677891 2.27834
-0.890622 2.29042
-0.858232 -7.92152
-0.902071 -7.85433
-1.20296 -7.85514
-1.35566 -7.89733
-1.15875 -7.94823
-2.59524 -7.81657
-3.90847 -7.17453
-3.97055 -7.16288
-3.97303 -7.2203
-3.4675 -7.33874
-3.34517 -7.20425
-3.26445 -7.14667
-3.18658 -7.0866
-3.19809 -6.91087
-3.02422 -7.14652
-2.97623 -6.97235
-3.18 -6.72926
-3.26084 -6.44978
-3.01831 -6.68364
-2.94109 -6.55276
-2.81941 -6.70514
-2.65008 -6.6798
-2.62347 -6.946
-2.83743 -6.90063
-3.43305 -2.97001
-3.36351 -3.28018
-3.15928 -3.69872
-3.23091 -3.98331
-3.32941 -4.09368
-4.18049 -5.3378
-4.13915 -5.60974
-3.88573 -5.89084
-4.24382 -6.35433
-4.55208 -5.61654
-4.54331 -5.43024
-4.60462 -5.39808
-4.55271 -5.17997
-4.47608 -5.32422
-4.5048 -6.16532
-4.52142 -6.26135
3.15906 -5.10207
3.1335 -4.91002
3.11454 -4.8013
3.1426 -4.545
3.15835 -4.79223
3.17272 -4.51191
3.14789 -4.22934
3.13536 -4.13073
3.12567 -4.44199
3.11592 -4.23841
3.11633 -4.50045
3.09409 -4.37535
3.08358 -4.09059
3.06799 -4.41425
3.09134 -4.61708
3.06575 -4.6902
3.07436 -4.86677
3.03927 -4.12674
3.05564 -3.84191
3.00019 -3.75843
3.0421 -3.49326
2.97404 -3.33089
2.92899 -3.53851
2.9604 -2.88987
3.01793 -3.15826
3.02504 -2.88385
2.97517 -2.50691
2.89128 -2.46042
2.91147 -2.1919
2.81231 -2.05879
2.84063 -1.8321
2.77882 -1.78979
2.70185 -1.72576
2.74722 -1.56449
2.63796 -1.29663
2.7105 -1.26221
2.61925 -0.937581
2.56486 -1.0015
2.49053 -0.9226
2.51099 -0.768934
2.42176 -0.535252
2.51029 -0.506051
2.56832 -0.712422
2.59703 -0.663987
2.64015 -0.847073
2.69114 -1.01452
2.67838 -0.789437
2.73244 -0.922581
2.76789 -1.07627
2.63276 -0.440958
2.6353 -0.606078
2.57569 -0.459505
2.55677 -0.47727
2.50558 -0.304374
2.54889 -0.2732
2.45648 -0.079893
2.40868 -0.0912976
2.43833 -0.268887
2.33013 -0.107924
2.40633 -0.351382
2.33965 -0.328482
2.31915 0.105863
2.37739 0.0752375
2.28881 0.271528
1.98258 0.901945
1.73445 1.29615
1.56604 1.48206
2.84654 -1.3094
2.79188 -1.22724
2.76339 -1.29127
2.82658 -1.38832
2.85834 -1.57307
2.89643 -1.56677
2.93179 -1.79034
2.95634 -1.79262
2.99007 -1.9806
3.01417 -2.03362
3.02841 -2.27061
2.96644 -2.02773
2.9873 -2.25974
2.9314 -2.06096
2.94866 -2.25196
3.01085 -2.46052
3.03059 -2.6689
3.05792 -2.60095
3.07584 -2.57214
3.09244 -2.74483
3.07727 -2.8881
3.11019 -2.91857
3.10549 -3.19557
3.12724 -3.20234
3.1165 -3.51936
3.08679 -3.42793
3.05987 -3.18073
3.07491 -3.716
3.11965 -3.90197
3.12546 -3.7213
3.14797 -3.86491
3.14915 -3.48797
3.13166 -3.43563
3.12613 -3.22422
3.10967 -2.88904
3.11899 -3.05619
3.1307 -3.17573
3.14266 -3.29093
3.12323 -2.90019
3.0947 -2.66685
3.08884 -2.56917
3.06527 -2.33971
3.04843 -2.25736
3.03326 -2.09125
2.98182 -1.82928
3.0218 -1.93058
3.05406 -2.18436
3.05257 -2.18597
3.07404 -2.4035
3.08568 -2.40798
3.08329 -2.19729
3.0616 -2.01478
3.0344 -1.85994
3.0135 -1.74585
3.00461 -1.75637
2.98671 -1.7258
2.98724 -1.62415
2.94012 -1.55468
2.95326 -1.66903
2.91537 -1.57255
2.88794 -1.31167
2.90386 -1.82373
2.84803 -1.6851
2.80318 -1.52587
3.11192 -6.35516
3.05906 -5.65373
2.84159 -4.29657
2.30697 -2.5759
0.418914 2.1489
-2.10159 2.9341
-2.26438 2.55571
-2.45478 2.62733
-4.47653 -2.56977
-4.47312 -2.25919
-4.54284 -2.45231
-4.05276 -1.3456
-4.12288 -0.396433
-4.20396 -0.500883
-4.1642 -0.585466
-4.27409 -0.794719
-4.32907 -0.727293
-4.37298 -0.672911
-4.21891 -0.838939
-4.97911 -5.04773
-4.99622 -3.71844
-4.97071 -3.51883
-4.94875 -3.04617
-4.90055 -3.09316
-4.87006 -2.7982
-3.77028 1.03264
-2.82378 2.48979
0.246727 2.29911
-4.50525 -6.58883
