-5.02771 -3.75403
-5.04161 -2.36181
-5.02651 -2.13745
-4.99977 -1.98177
-4.80664 -0.896591
-4.68111 -0.612062
-4.29806 0.243979
-3.43463 2.02988
-3.33344 2.21622
-2.91105 2.79222
-2.38543 2.96443
-2.24301 2.9723
-1.90446 2.94957
-0.503622 2.74011
-0.214113 2.68833
0.160855 2.51141
0.391131 2.37398
0.782183 2.11908
1.43121 1.65748
1.73445 1.29615
1.98258 0.901945
2.28881 0.271528
2.63276 -0.440958
2.98724 -1.62415
3.0135 -1.74585
3.0344 -1.85994
3.0616 -2.01478
3.08329 -2.19729
3.12323 -2.90019
3.14266 -3.29093
3.14915 -3.48797
3.17272 -4.51191
3.16064 -6.0548
3.11939 -6.36299
3.08494 -6.5709
3.0055 -6.90496
2.94014 -7.13242
2.87334 -7.29158
2.85695 -7.32781
2.78871 -7.44712
2.76019 -7.49613
2.68533 -7.5867
2.68036 -7.59232
2.56913 -7.69821
2.42687 -7.81643
2.29974 -7.86678
2.11711 -7.93884
2.00863 -7.96099
1.89756 -7.97901
1.76635 -7.99404
1.42798 -8.0318
1.13149 -8.05692
0.800009 -8.06837
0.491327 -8.07751
-0.1103 -8.05763
-0.372569 -8.04743
-1.52121 -7.96867
-1.86708 -7.93368
-2.28997 -7.87447
-2.84913 -7.77711
-3.06273 -7.73446
-3.41464 -7.59531
-3.54413 -7.53164
-3.68303 -7.4492
-3.80577 -7.3739
-3.9693 -7.25785
-4.07604 -7.17023
-4.2388 -7.00044
-4.3288 -6.88852
-4.42937 -6.73073
-4.50525 -6.58883
-4.60879 -6.31768
-4.68363 -6.0977
-4.95792 -5.19943
-4.97911 -5.04773
