-3.08922 -2.88671
-3.08881 -2.831
-3.08653 -2.72327
-3.0814 -2.61464
-3.07126 -2.47053
-3.05891 -2.32987
-2.98578 -1.97434
-2.93126 -1.80411
-2.87865 -1.64962
-2.62183 -1.09177
-2.11528 -0.0774072
-2.02233 0.102996
-1.76081 0.474685
-0.727985 1.65252
-0.576177 1.78762
-0.39239 1.8803
-0.196896 1.95282
0.0264196 2.00958
0.257529 2.04221
0.489495 2.02347
0.698981 1.92076
1.28625 1.46208
1.92796 0.418734
2.01289 0.218894
2.23988 -0.317915
2.29099 -0.471519
2.87922 -2.28109
2.92431 -2.43522
3.11715 -3.10592
3.22105 -4.30907
3.22667 -4.45835
3.22663 -4.60522
3.21668 -4.83165
3.20504 -4.93264
3.1875 -5.02828
3.075 -5.43901
2.94549 -5.78051
2.87911 -5.91005
2.783 -6.05438
2.74052 -6.11532
2.61644 -6.27464
2.41161 -6.43509
2.26526 -6.508
2.09322 -6.57837
1.92823 -6.61896
1.64371 -6.63396
0.44173 -6.62457
0.24191 -6.61457
0.0926924 -6.60631
-0.116864 -6.583
-0.295901 -6.53669
-0.410043 -6.49541
-0.596825 -6.42204
-0.665122 -6.39005
-0.780419 -6.33397
-1.80852 -5.70891
-2.07295 -5.52702
-2.22969 -5.39917
-2.34805 -5.27323
-2.48728 -5.0706
-2.61303 -4.88189
-2.92394 -4.14649
-2.97574 -4.00613
-2.9911 -3.88535
