-3.94338 0.388562
-3.93318 0.305522
-3.92367 0.46269
-3.95318 0.449992
-3.91303 0.442955
-3.85937 0.543551
-3.88677 0.406539
-3.90263 0.277401
-3.88574 -0.0734724
-3.9228 0.206215
-3.9139 0.0967602
-3.87281 -0.333473
-3.84651 -0.506074
-3.80864 -0.674935
-3.10308 -2.12001
-3.23274 -1.93155
-3.51863 -1.40764
-3.62903 -1.14035
-3.57371 -1.27432
-3.69617 -0.991475
-3.75908 -0.837535
-3.77861 -0.765252
-3.70948 -0.892546
-3.77933 -0.67071
-3.84451 -0.439565
-3.75997 -0.588202
-3.7796 -0.357113
-3.89447 -0.162252
-3.81604 -0.066936
-3.81232 0.236616
-3.74303 0.0960174
-3.74126 -0.142449
-3.67589 -0.0515386
-3.66983 -0.334477
-3.58099 -0.186913
-3.54653 -0.491564
-3.61216 -0.573173
-3.68313 -0.541693
-3.6261 -0.701995
-3.6726 -0.718892
-3.73964 -0.550369
-3.68674 -0.810357
-3.6129 -0.967814
-3.63449 -1.0326
-3.6308 -1.13475
-3.56878 -1.22344
-3.5317 -1.36353
-3.49261 -1.36228
-3.42947 -1.54461
-3.42485 -1.59949
-3.43353 -1.57329
-3.34383 -1.74895
-3.29695 -1.85906
-3.15499 -2.10677
-3.23484 -1.97674
-3.34079 -1.77171
-3.2045 -1.96335
-3.31773 -1.70713
-3.42156 -1.46936
-3.28733 -1.64863
-3.42984 -1.36803
-3.54373 -1.22025
-3.50194 -1.14842
-3.57529 -0.895857
-3.43692 -1.07046
-3.53519 -0.761847
-3.41155 -0.870596
-3.46383 -0.671008
-3.45117 -0.507188
-3.47945 -0.317996
-3.3623 -0.321386
-3.44538 -0.00766158
-3.29686 0.0436961
-3.34033 0.336731
-3.45186 0.323926
-3.57152 0.160475
-3.50747 0.505959
-3.61198 0.434428
-3.67098 0.192057
-3.71614 0.404605
-3.64566 0.68758
-3.73447 0.674112
-3.6857 0.867491
-3.76066 0.876987
-3.79648 0.697613
-3.80369 0.876408
-3.82764 0.705409
-3.78164 1.05395
-3.77794 1.22082
-3.69761 1.42007
-3.64637 1.62454
-3.60143 1.86348
-3.54127 2.17238
-3.32724 2.71106
-3.43954 2.44415
-3.23371 2.56327
-3.30957 2.26387
-3.46037 2.09093
-3.36764 1.95391
-3.49276 1.84475
-3.56091 1.7303
-3.44754 1.57888
-3.57941 1.33761
-3.48514 1.1678
-3.60204 1.01361
-3.65239 1.29773
-3.70463 1.08929
-3.50528 0.93764
-3.55383 0.724046
-3.47225 0.758802
-3.39711 0.677126
-3.43305 0.954966
-3.31925 1.18126
-3.23863 0.696344
-3.2347 0.339269
-3.14533 0.479745
-3.16862 0.184326
-3.01374 0.435031
-3.07618 0.781823
-2.89903 0.941783
-3.00358 1.08483
-3.13161 1.09854
-3.00325 1.38081
-3.1611 1.50077
-2.98343 1.78082
-3.09025 1.81982
-3.01522 2.06216
-3.14303 1.99535
-3.17987 1.74916
-3.26371 1.82106
-3.26735 1.53909
-3.24796 1.40677
-3.22098 2.12052
-3.08782 2.27516
-3.15466 2.41258
-3.0062 2.55011
-3.06623 2.69982
-3.14456 2.85142
-2.97372 2.99787
-3.05302 3.15256
-3.23973 2.981
-3.16486 3.24463
-3.01235 3.45961
-2.84807 3.8219
-2.92187 3.65363
-2.77612 3.77441
-2.75398 3.64875
-2.66199 3.78853
-2.64067 3.56796
-2.79655 3.45677
-2.72421 3.30787
-2.85714 3.21607
-2.77279 3.15667
-2.85241 3.05972
-2.76112 2.97921
-2.88908 2.82114
-2.73221 2.71262
-2.68097 2.93938
-2.55998 2.91378
-2.64652 2.32752
-2.80238 2.38647
-2.77451 2.20284
-2.81407 1.97675
-2.72253 1.8439
-2.85816 1.6027
-2.88157 2.12638
-2.71364 1.43249
-2.89475 1.27352
-2.7274 1.01128
-2.81533 0.649661
-2.61106 0.822771
-2.53117 1.25078
-2.3785 1.06932
-2.26929 1.5176
-2.45849 1.68899
-2.56429 1.94012
-2.38791 2.06867
-2.43599 2.35222
-2.46186 2.65971
-2.29959 2.72917
-2.22232 2.4249
-2.13997 2.82545
-1.9954 2.71848
-1.99981 2.30416
-1.75734 2.64056
-1.77612 2.15248
-1.51963 2.37883
-1.54725 1.9396
-1.2296 2.10373
-1.38636 1.70277
-1.2048 1.57177
-1.38282 1.32128
-1.59744 1.52809
-1.60731 1.11943
-1.3753 0.917617
-1.60236 0.782022
-1.84014 0.821832
-1.69466 0.427598
-1.49216 0.588439
-1.4194 0.231063
-1.66945 -0.0612317
-1.85113 0.168695
-1.88679 -0.0915247
-2.02354 0.107946
-1.95119 0.424013
-2.13295 0.32505
-2.13037 0.644993
-2.30046 0.336626
-2.21297 0.0607228
-2.40552 0.0661892
-2.4427 0.282891
-2.5897 0.120675
-2.52482 -0.231202
-2.32028 -0.225531
-2.40981 -0.561618
-2.24237 -0.454977
-2.15206 -0.776647
-2.36494 -0.89116
-2.55188 -0.848949
-2.45184 -1.18295
-2.65906 -1.07837
-2.61636 -1.33291
-2.81798 -1.23729
-2.66962 -1.58173
-2.85469 -1.57445
-2.691 -1.79459
-2.83037 -1.79778
-2.98232 -1.6831
-2.84731 -1.95352
-2.72074 -1.9804
-2.65074 -2.25625
-2.51182 -2.08854
-2.54431 -1.79567
-2.64527 -1.72743
-2.43938 -1.57438
-2.23653 -1.96345
-2.24079 -1.67352
-2.24649 -1.42699
-2.23574 -1.11454
-2.08508 -1.2983
-1.9955 -1.6554
-1.86259 -1.1464
-2.08833 -1.08917
-1.93188 -0.677262
-2.07625 -0.299508
-1.81667 -0.405914
-1.74752 -0.762203
-1.56353 -0.560672
-1.44915 -0.220349
-1.32562 -0.544465
-1.37098 -0.907956
-1.57012 -0.994834
-1.39672 -1.15421
-1.16987 -1.28207
-1.198 -0.847203
-1.01654 -0.916652
-1.10692 -0.541148
-1.24405 -0.159794
-0.995111 -0.145316
-1.15621 0.28138
-1.29283 0.423166
-1.36432 0.557297
-1.2373 0.614772
-1.17336 0.861172
-1.20681 1.17311
-1.3201 1.14868
-0.97674 0.942025
-1.03237 1.35616
-0.997127 1.70773
-0.785971 1.32587
-0.779734 1.80075
-0.9566 2.03453
-0.98351 2.35627
-1.13355 2.60616
-1.32604 2.58319
-1.27249 3.01147
-1.504 2.81512
-1.48097 3.16347
-1.6749 3.07388
-1.63324 3.46529
-1.83557 3.30149
-1.83355 3.61877
-2.0308 3.49613
-1.95018 3.87932
-2.16781 3.84491
-2.22943 3.49898
-2.18937 3.13312
-2.31194 3.26226
-2.3755 3.45433
-2.42701 3.19701
-2.36654 2.98561
-2.55463 3.3308
-2.66862 3.11793
-2.4679 3.64677
-2.54744 3.79995
-2.41572 3.92161
-2.55864 3.98313
-2.70801 3.9573
-2.60692 4.14877
-2.7237 4.17674
-2.79695 4.00519
-2.56528 4.52375
-2.65226 4.34485
-2.51334 4.4634
-2.49662 4.29011
-2.40093 4.47783
-2.33327 4.33088
-2.43657 4.1303
-2.52799 4.13714
-2.27455 4.12076
-2.17018 4.34289
-2.19991 4.62545
-1.97098 4.47122
-1.86419 4.9005
-2.09165 4.917
-2.29568 4.88416
-2.46319 4.68122
-1.93826 5.2962
-2.12621 5.09137
-1.95479 5.08706
-1.74533 5.23001
-1.70422 5.13206
-1.64499 5.13169
-1.56058 5.26556
-1.4503 5.27887
-1.34625 5.36196
-1.47038 5.45683
-1.72485 5.47207
-1.50207 5.63127
-0.498058 6.01502
-1.03638 5.78924
-0.836819 5.86
-0.765196 5.73656
-0.902793 5.56703
-1.08743 5.64798
-1.25732 5.74099
-1.16053 5.49464
-0.923675 5.34983
-1.14454 5.3367
-0.996987 5.27707
-1.15521 5.20132
-1.28588 5.33363
-1.33352 5.21042
-1.47369 5.08194
-1.28777 5.02566
-1.41552 4.85418
-1.20184 4.72693
-1.10321 4.94908
-0.913774 4.6673
-1.04574 4.36716
-1.24896 4.49651
-1.35384 4.65401
-1.39994 4.46238
-1.2272 4.2401
-1.43799 4.15967
-1.21841 3.91933
-1.03926 4.01826
-1.0187 3.64547
-0.881135 3.84119
-0.77706 3.57983
-0.873472 3.20456
-1.14116 3.30091
-1.04102 2.93699
-1.24751 3.24558
-1.35934 3.42252
-1.22022 3.62299
-1.38159 3.80466
-1.52767 3.71331
-1.55185 3.95829
-1.72254 3.87262
-1.66995 4.19287
-1.87638 4.18615
-1.79944 4.42003
-1.80014 4.65535
-1.61426 4.5003
-1.63338 4.8515
-1.48872 4.67678
-2.07427 4.16692
-0.878246 2.83963
-0.971488 2.6579
-0.821046 2.54917
-0.683494 2.83635
-0.616776 2.40356
-0.791585 2.18728
-0.56112 1.95433
-0.591206 1.55059
-0.439841 1.61302
-0.417545 1.28051
-0.579473 1.2772
-0.502034 1.09299
-0.391854 0.946933
-0.187463 0.938186
-0.355169 0.544547
-0.525475 0.832128
-0.597336 0.478328
-0.440558 0.117513
-0.2445 0.072764
-0.33777 -0.21038
-0.147769 -0.412072
-0.367624 -0.549323
-0.51029 -0.255329
-0.583273 -0.726897
-0.39225 -0.809432
-0.374822 -1.10318
-0.246087 -0.838286
-0.157461 -1.20013
-0.251311 -1.42515
-0.410634 -1.47486
-0.232356 -1.77036
-0.446181 -1.76763
-0.585776 -1.55652
-0.593836 -1.21879
-0.819965 -1.41157
-0.687553 -1.89605
-1.00179 -1.69662
-0.996693 -2.04372
-0.800001 -2.25867
-1.06645 -2.3379
-1.27458 -2.16103
-1.22422 -1.85293
-1.44271 -1.9954
-1.47053 -1.74089
-1.68359 -1.90431
-1.58136 -2.21067
-1.87675 -2.08609
-1.77259 -2.29768
-1.9517 -2.35474
-1.65407 -2.4568
-1.79921 -2.65953
-1.41992 -2.70101
-1.58399 -2.94356
-1.25531 -2.96353
-1.3247 -3.14795
-1.55181 -3.17951
-1.74218 -3.05591
-1.722 -3.22351
-1.53123 -3.33946
-1.64836 -3.44193
-1.89964 -3.23148
-1.91073 -3.053
-2.10877 -3.01985
-2.06292 -2.88197
-2.23358 -2.79847
-2.32455 -2.8514
-2.24523 -3.0375
-2.43878 -2.88202
-2.54389 -2.61013
-2.59688 -2.68681
-2.6663 -2.55451
-2.73986 -2.54166
-2.58898 -2.77596
-2.67287 -2.73948
-2.5023 -2.95152
-2.28539 -3.15056
-2.41298 -3.14425
-2.22409 -3.33271
-2.35209 -3.29782
-2.50799 -3.12334
-2.448 -3.24009
-2.56693 -3.08536
-2.63521 -2.97059
-2.61652 -2.91299
-2.7677 -2.76503
-2.69964 -2.9072
-2.85978 -2.62901
-2.78624 -2.71865
-2.6538 -2.94692
-2.55564 -3.14045
-2.62269 -2.99136
-2.54598 -3.1489
-2.53893 -3.14029
-2.45588 -3.3166
-2.40816 -3.37731
-2.3366 -3.47388
-2.31122 -3.52039
-2.20245 -3.6053
-2.20542 -3.61034
-2.34133 -3.45344
-2.28942 -3.45918
-2.3811 -3.35638
-2.19518 -3.55063
-2.09559 -3.62961
-1.99283 -3.70318
-2.11573 -3.6381
-2.04274 -3.70606
-2.07251 -3.71365
-1.80542 -3.81531
-1.90002 -3.79247
-2.02772 -3.71951
-2.14122 -3.6055
-2.26791 -3.52832
-2.2829 -3.48153
-2.35296 -3.43886
-2.39756 -3.34027
-2.31459 -3.4005
-2.19722 -3.52013
-2.19219 -3.4548
-2.03158 -3.60455
-2.01986 -3.50217
-2.07175 -3.35393
-1.91879 -3.47634
-1.81076 -3.58526
-1.87407 -3.63408
-1.67028 -3.7139
-1.81722 -3.71951
-1.93653 -3.71732
-1.71709 -3.80758
-1.82691 -3.80491
-1.61119 -3.87961
-1.45868 -3.88973
-1.63239 -3.79371
-1.468 -3.82841
-1.46865 -3.76085
-1.58551 -3.63586
-1.34173 -3.75033
-1.25367 -3.86057
-1.12852 -3.81996
-0.978778 -3.93203
-1.05626 -3.98192
-1.29466 -3.92034
-1.18453 -3.9899
-1.26391 -3.98958
-0.995857 -4.08233
-1.10099 -4.04006
-0.982776 -4.08972
-0.766739 -4.18979
-0.91309 -4.07654
-1.17452 -4.01677
-0.735806 -4.13904
-0.563175 -4.19867
-0.396053 -4.25658
-0.667266 -4.22876
-0.513523 -4.28956
-0.263537 -4.34208
-0.230655 -4.30323
-0.0659132 -4.34105
0.17459 -4.33168
0.0770893 -4.34712
0.130852 -4.35175
-0.0747862 -4.38577
0.040657 -4.38017
-0.180973 -4.39176
-0.370115 -4.35212
-0.326634 -4.36263
-0.536047 -4.2864
-0.749414 -4.18676
-0.560946 -4.23129
-0.720093 -4.15026
-0.856802 -4.10595
-0.991421 -4.05411
-0.81523 -4.08233
-0.843421 -4.03177
-0.61706 -4.1037
-0.612021 -4.16309
-0.489151 -4.18158
-0.477205 -4.21864
-0.407844 -4.26863
-0.419979 -4.30595
-0.264321 -4.33295
-0.34236 -4.24194
-0.14063 -4.28762
-0.236008 -4.18959
-0.424154 -4.17421
-0.458037 -4.08967
-0.709057 -3.9984
-0.537827 -3.96855
-0.855547 -3.86487
-0.660938 -3.81688
-0.908526 -3.7488
-1.09782 -3.75009
-1.234 -3.74763
-1.34508 -3.64454
-1.10725 -3.63438
-1.34712 -3.48597
-1.77639 -3.51091
-1.89968 -3.3778
-1.08903 -3.49448
-1.32777 -3.3304
-1.05699 -3.32285
-1.09783 -3.14124
-0.872223 -3.24252
-0.810875 -3.38715
-0.826466 -3.51316
-0.606971 -3.49427
-0.538436 -3.69123
-0.320993 -3.58645
-0.243276 -3.77988
-0.318496 -3.90837
-0.849696 -3.65654
-0.0134144 -3.89024
-0.0461493 -4.04528
0.184636 -4.01396
0.146761 -4.15009
0.326056 -4.08648
0.38505 -4.17654
0.189632 -4.24328
0.00220776 -4.24358
0.0924501 -4.27701
0.0164852 -4.30164
-0.0360765 -4.35758
0.152792 -4.30625
0.140188 -4.34989
0.0586576 -4.38485
0.225245 -4.35152
-0.0623684 -4.39295
0.259121 -4.33972
0.462534 -4.30076
0.380227 -4.31387
0.325974 -4.31088
0.552912 -4.25851
0.497077 -4.23867
0.353096 -4.25033
0.555778 -4.18941
0.612585 -4.10933
0.477923 -4.07018
0.638889 -3.94617
0.391912 -3.97679
0.441411 -3.78168
0.229436 -3.87438
0.218818 -3.70065
0.0779161 -3.77514
-0.0283022 -3.57815
-0.0886202 -3.73677
-0.316902 -3.32521
-0.503927 -3.40392
-0.634089 -3.22837
-0.52931 -2.99648
-0.910751 -3.01997
-0.821016 -2.73554
-1.11143 -2.80618
-1.11306 -2.5906
-1.35484 -2.42353
-0.887915 -2.49037
-0.663411 -2.49639
-0.571213 -2.25944
-0.412679 -2.49865
-0.536212 -2.71252
-0.300155 -2.81597
-0.231047 -3.09814
-0.0283375 -2.99199
-0.112555 -2.55673
0.084547 -2.80581
0.195372 -3.03845
0.13859 -3.24374
0.332573 -3.31762
0.173654 -3.47658
-0.037077 -3.30352
0.349221 -3.58284
0.530556 -3.51781
0.672411 -3.71923
0.713658 -3.51752
0.657471 -3.31285
0.505326 -3.2432
0.605641 -2.99114
0.377146 -2.97906
0.459475 -2.72567
0.292886 -2.63656
0.41776 -2.34379
0.157136 -2.32651
0.234546 -2.07022
0.0831642 -2.03837
-0.0670786 -2.16013
0.0243273 -2.41155
0.11262 -2.59691
-0.355612 -2.13288
-0.0336409 -1.85987
-0.0812254 -1.56051
0.129091 -1.74668
0.0497208 -1.32655
-0.0416288 -0.913997
0.180951 -1.0137
0.0586109 -0.634335
0.0604334 -0.204721
-0.089241 0.0107046
0.00325775 0.187291
-0.136659 0.390545
0.0244331 0.531794
0.0764923 0.917173
-0.0538616 1.35577
-0.274419 1.46758
-0.201783 1.79853
-0.370939 1.78091
-0.387527 2.04824
-0.499336 2.2063
-0.414527 2.3929
-0.529292 2.6494
-0.435382 2.65784
-0.461018 2.88963
-0.59595 3.25958
-0.390004 3.16472
-0.257503 2.92341
-0.314601 2.63973
-0.0816565 2.56551
-0.211368 2.33144
-0.0337172 2.18038
-0.130454 2.04057
0.0781221 1.74617
-0.271171 2.12688
0.189987 2.21094
0.348238 1.75937
0.343563 1.39472
0.179952 1.22001
0.384798 1.01304
0.548299 1.14322
0.539084 1.49265
0.72302 1.24365
0.735283 0.931842
0.568793 0.80856
0.736262 0.608002
0.869482 0.740568
0.948692 1.04865
1.02757 0.588979
0.878702 0.522482
0.938672 0.293425
0.809949 0.370541
0.695064 0.351446
0.795979 0.0545368
0.543836 0.180737
0.591134 0.519342
0.419781 0.616379
0.378476 0.355696
0.232088 0.514947
0.257241 0.867608
0.331557 0.0635262
0.144351 0.163382
0.21938 -0.178548
0.336738 -0.342162
0.229388 -0.579711
0.423412 -0.709005
0.487236 -0.294511
0.628531 -0.678869
0.536868 -1.07767
0.754349 -1.01908
0.67011 -1.39312
0.853485 -1.34322
0.781034 -1.64562
0.917319 -1.57484
0.897942 -1.87209
1.03751 -1.63229
1.05362 -1.88441
1.15459 -1.70027
1.1865 -1.99105
0.988306 -2.2037
1.13044 -2.40025
1.31173 -2.23668
1.22379 -2.50327
1.15555 -2.5975
1.06676 -2.72701
1.2204 -2.75055
1.11325 -2.98726
0.966578 -3.0229
1.06762 -3.2778
0.84602 -3.32019
0.978329 -3.50022
1.10283 -3.49577
1.02729 -3.68484
0.847222 -3.61507
0.833815 -3.81609
0.974409 -3.89598
0.819813 -3.93334
0.815169 -4.02662
0.98646 -4.01284
0.88128 -4.08633
0.754753 -4.12125
0.936865 -4.09794
0.704058 -4.16867
0.815559 -4.12696
0.817156 -4.15565
0.722658 -4.21872
0.650041 -4.25683
0.431067 -4.29276
0.752867 -4.19246
0.649544 -4.20174
0.432719 -4.26304
0.580158 -4.21185
0.283875 -4.31057
0.855199 -4.11748
0.721604 -4.16247
0.98022 -4.07676
0.843453 -4.1384
0.975687 -4.10273
0.955425 -4.1367
1.33924 -3.95123
1.47869 -3.89234
1.2238 -4.03744
0.948402 -4.11918
1.06856 -4.08325
1.19803 -4.00066
1.15006 -3.97076
1.12138 -3.91212
1.29357 -3.84457
1.18589 -3.77335
1.42756 -3.65301
1.25133 -3.54919
1.46712 -3.41875
1.34927 -3.30799
1.2058 -3.36731
1.25344 -3.09319
1.41407 -3.07658
1.41038 -2.75649
1.3215 -2.52362
1.45975 -2.36265
1.50013 -1.98092
1.35365 -1.89707
1.45711 -1.68506
1.31532 -1.58866
1.5089 -1.34097
1.36067 -1.11649
1.59415 -0.775857
1.32649 -0.592837
1.22054 -0.999585
1.11633 -0.773291
1.15906 -0.439316
1.03006 -0.480764
0.977607 -0.720878
0.958349 -1.02326
0.855707 -0.775284
0.753844 -0.766626
0.771287 -0.557426
0.672215 -0.267625
0.814069 -0.304964
0.933029 -0.233132
0.899881 -0.516188
1.07533 -0.183329
0.9739 0.0258687
1.1165 0.179219
1.23198 -0.162915
1.31543 0.189264
1.21638 0.482743
1.19247 0.839532
1.39923 0.604366
1.36929 1.04992
1.16462 1.2589
0.988 1.42425
0.843219 1.37557
0.712478 1.49729
0.835584 1.69235
0.619126 1.72281
0.490129 1.73948
0.468575 2.02193
0.67959 1.95862
0.613924 2.26297
0.462433 2.30562
0.354722 2.28372
0.272947 2.46215
0.129601 2.6555
-0.0552645 2.95645
0.1377 2.99731
-0.031908 3.29023
-0.228096 3.24152
-0.232149 3.60011
-0.406572 3.44426
-0.428658 3.72086
-0.581413 3.63726
-0.727138 3.86712
-0.565253 3.92648
-0.718134 4.13271
-0.872368 4.09074
-0.85229 4.32514
-0.74015 4.38103
-0.661172 4.57346
-0.769608 4.92786
-0.962367 5.04994
-0.861041 5.19166
-0.701698 5.18976
-0.686989 5.37974
-0.502946 5.19576
-0.533056 4.84023
-0.36917 4.95125
-0.278778 4.61187
-0.442232 4.40198
-0.581444 4.23142
-0.375393 3.9899
-0.222301 4.19798
-0.164488 3.86661
0.000174522 3.60787
0.000167847 3.96122
0.249801 3.6068
0.20133 4.13143
-0.0614862 4.3651
-0.118161 4.63812
-0.178892 4.91061
0.0725307 4.67357
-0.0312338 5.01708
-0.156416 5.28222
-0.328801 5.17388
-0.432202 5.40986
-0.189568 5.58554
-0.503495 5.68396
-0.318238 5.84397
-0.658581 5.95854
-0.330009 6.01316
-0.154758 6.01435
0.0320711 6.01658
0.418791 5.95349
0.243994 5.93733
0.466389 5.75852
0.296979 5.58757
0.550568 5.48515
0.354713 5.26398
0.573889 5.22829
0.496784 4.92591
0.30325 5.039
0.169587 5.17433
0.211859 4.96868
0.102333 4.99057
0.173479 4.85017
0.312204 4.7379
0.283846 4.41903
0.422015 4.41989
0.428793 4.14157
0.451179 3.75829
0.658788 3.85229
0.60605 3.55836
0.553946 3.26044
0.759886 3.38318
0.820953 3.03361
0.707788 2.66386
0.454428 2.90216
0.492644 2.54449
0.310882 2.72169
0.28815 3.02978
0.169256 3.29615
0.347951 3.22086
0.380172 2.45782
0.862278 2.14259
0.958237 2.50259
0.879557 2.74125
1.02586 2.82492
0.955306 3.23105
0.84553 3.20364
0.862399 3.58515
0.887897 3.90308
0.711601 4.24049
0.551028 4.24189
0.535347 4.53449
0.712759 4.59865
0.717309 4.92797
0.900628 4.6417
0.916892 4.27591
1.13785 4.32895
1.13012 3.88664
1.0426 3.55287
1.26425 3.41769
1.13109 3.27075
1.1292 3.04218
1.25117 3.1056
1.26164 2.79607
1.44206 2.98827
1.4908 3.38958
1.33839 3.69472
1.48623 3.75853
1.30303 3.97478
1.41982 4.16706
1.25416 4.57635
1.04388 4.73994
1.11559 4.93926
0.985865 4.9593
0.882047 4.94153
0.915339 5.17263
0.752046 5.1483
0.705458 5.38069
0.859368 5.4333
0.741589 5.49697
0.699876 5.65997
0.891447 5.52047
0.872631 5.64312
0.780301 5.77461
0.605255 5.93998
0.795902 5.91276
0.981747 5.84496
1.15772 5.77159
1.18755 5.61816
0.942901 5.72088
1.05521 5.54015
1.32539 5.39941
1.11829 5.34273
1.01821 5.28103
1.2282 5.07954
1.05956 5.14686
1.36681 4.77972
1.45622 4.91537
1.44842 5.14108
1.61111 4.8787
1.55807 4.83926
1.51897 4.76936
1.6612 4.6803
1.5672 4.54875
1.75929 4.39155
1.66486 4.17182
1.45022 4.4552
1.64235 3.84023
1.78475 3.84756
1.79764 3.62667
1.70649 3.43389
1.93019 3.3654
1.91943 3.04204
1.69432 3.00851
1.91401 2.6257
2.11874 2.71519
2.07208 2.48274
2.03197 2.26831
1.85707 2.29206
1.95078 1.95263
2.14738 1.93361
2.07915 1.51104
2.2575 1.65457
2.29107 1.35839
2.1779 1.15223
2.33363 1.00938
2.15703 0.782463
2.02659 1.0741
1.93723 0.65969
1.84708 1.00419
1.76855 0.711108
1.75994 0.316217
1.6154 0.608232
1.5297 0.154483
1.6971 -0.188175
1.82295 0.0297448
1.86661 -0.2058
1.80223 -0.514016
1.82298 -0.877127
1.70369 -1.24194
1.87384 -1.24212
1.78478 -1.57823
1.94557 -1.54077
1.88749 -1.91576
2.00875 -1.72331
2.08639 -1.89558
1.99818 -2.18715
2.10719 -2.11865
2.12841 -2.36541
2.20778 -2.04681
2.30456 -2.23361
2.26863 -2.61297
2.41989 -2.37273
2.47339 -2.08526
2.34476 -1.95372
2.48191 -1.67201
2.26082 -1.75261
2.11952 -1.53852
2.30849 -1.41999
2.19343 -1.1792
2.02756 -1.23289
2.10379 -0.906888
1.95739 -0.955999
2.01655 -0.503445
2.20327 -0.650705
2.24558 -0.881757
2.43197 -0.591704
2.2472 -0.361887
2.38465 -0.0633968
2.17811 -0.000496566
1.98837 -0.0420536
1.89367 0.00279742
1.9319 0.237754
2.06869 0.21949
2.06141 0.467507
2.19487 0.412567
2.33723 0.65058
2.34492 0.301223
2.46824 0.509374
2.52373 0.830052
2.47644 1.22892
2.648 1.1018
2.61336 1.46339
2.41593 1.5666
2.49583 1.77347
2.33459 1.89084
2.47045 2.1015
2.23464 2.3069
2.4079 2.43933
2.28517 2.60154
2.26897 2.84921
2.10654 3.0786
2.27762 3.13103
2.10588 3.36447
1.95118 3.64113
2.111 3.56391
2.25391 3.40647
2.19388 3.62231
2.05446 3.76348
2.19497 3.8002
2.02481 3.99532
1.88717 3.93604
1.85782 4.15376
1.9778 4.24907
1.84487 4.52354
2.03345 4.43396
1.88556 4.66577
1.75228 4.71984
1.76032 4.84931
1.6443 5.00365
1.78959 5.00973
1.62771 5.14228
1.5978 5.37333
1.56693 5.3943
1.57429 5.45222
1.67433 5.1859
1.55813 5.50643
1.43831 5.58807
2.31895 4.14254
2.40611 4.01695
2.34514 3.96235
2.48577 3.89562
2.45327 3.76165
2.5498 3.77684
2.66659 3.69555
3.08892 2.93168
3.21556 2.67816
3.32894 2.4248
3.24363 2.38821
3.08284 2.6493
3.16797 2.31105
3.3135 2.08188
3.20779 2.06798
3.30919 1.90789
3.22158 2.06299
3.28112 1.80583
3.40681 1.60227
3.40866 1.82796
3.49213 1.65808
3.49201 1.88545
3.36164 2.18722
3.41748 2.15378
1.09856 -4.03874
1.21528 -3.9983
1.63766 -3.8194
1.81188 -3.73473
1.72334 -3.77693
1.59172 -3.84336
1.52896 -3.86664
1.70324 -3.79646
1.485 -3.90177
1.27989 -4.00189
1.404 -3.9174
1.34993 -3.89642
1.53481 -3.81875
1.49857 -3.76345
1.71458 -3.69009
1.651 -3.6046
1.60596 -3.47285
1.79325 -3.39598
1.82753 -3.54433
2.00386 -3.38332
1.9393 -3.24482
1.83784 -3.19755
1.67712 -3.19559
1.83531 -3.01768
1.7754 -2.76536
1.56536 -2.93113
1.49632 -3.20567
1.6244 -2.50258
1.83169 -2.34302
1.72683 -2.16459
1.68477 -1.90309
1.60153 -2.17922
1.6073 -1.61994
1.95187 -2.51643
1.94238 -2.80784
2.04707 -2.62482
2.13502 -2.60929
2.09427 -2.82296
2.21268 -2.89051
2.1119 -3.11151
1.96058 -3.04863
2.3089 -3.01045
2.22472 -3.25476
2.15315 -3.45553
2.32627 -3.3282
2.29803 -3.43975
2.17295 -3.53971
2.02856 -3.61033
2.06448 -3.61958
1.88904 -3.70604
1.88464 -3.6899
2.03872 -3.60078
2.22299 -3.5302
1.96881 -3.63304
1.91221 -3.67932
2.31404 -3.45631
2.43713 -3.37475
2.38113 -3.35085
2.46107 -3.25948
2.41078 -3.15684
2.59305 -3.05382
2.48908 -2.93473
2.64761 -2.82301
2.55017 -2.68311
2.70762 -2.55741
2.57947 -2.35471
2.78474 -2.24408
2.67424 -1.92585
2.9146 -1.9238
2.98807 -2.19514
2.88777 -2.45405
3.09519 -2.36541
2.9983 -2.57381
2.81983 -2.71654
2.9335 -2.73772
2.81687 -2.86162
2.85534 -2.8991
2.73362 -2.99685
2.71988 -2.9039
2.65527 -3.12412
2.56411 -3.22022
2.57431 -3.25716
2.73618 -3.07405
2.7133 -3.13005
2.6782 -3.15607
2.7747 -3.04077
2.8135 -3.01429
2.92697 -2.87455
3.05228 -2.70629
3.11703 -2.71034
2.96059 -2.856
3.07429 -2.75055
3.00303 -2.78236
2.88814 -2.91162
3.18354 -2.61682
3.36224 -2.45872
3.29658 -2.55636
3.27012 -2.52767
3.46143 -2.38493
3.40674 -2.3871
3.35357 -2.38982
3.19542 -2.55263
3.07541 -2.61716
3.18668 -2.46684
3.31948 -2.32497
3.22966 -2.3408
3.21918 -2.25887
3.16275 -2.15273
3.28327 -2.1325
3.29328 -1.94024
3.1129 -1.93939
3.23083 -1.81704
3.34135 -1.66477
3.17942 -1.71938
3.23339 -1.49382
3.09545 -1.61898
3.0521 -1.77969
2.98479 -1.68309
2.8574 -1.65541
3.03441 -1.42889
2.85629 -1.42555
2.93815 -1.25158
2.80125 -1.26414
2.69898 -1.52207
2.6774 -1.28401
2.72829 -1.05583
2.58271 -1.14708
2.58193 -1.39045
2.46148 -1.28687
2.48569 -0.990038
2.34666 -1.06406
2.62331 -0.836993
2.71987 -0.458412
2.62238 -0.0188663
2.86778 -0.0988783
2.81833 0.326983
2.61683 0.456655
2.75974 0.778099
3.00608 0.615248
2.8942 0.886647
2.8205 1.15465
3.0026 0.963575
2.978 1.27811
2.80301 1.54687
2.63826 1.82528
2.80618 1.92323
2.63524 2.11423
2.5448 2.32632
2.7126 2.36255
2.53463 2.60049
2.38454 2.67697
2.42538 2.88383
2.59175 2.84264
2.46761 3.18606
2.34806 3.54676
2.513 3.39676
2.44075 3.60638
2.329 3.78302
2.18221 4.02085
2.24153 4.12347
2.12791 4.21722
2.22676 4.27427
2.14464 4.46399
2.02793 4.6444
1.89983 4.82373
2.5499 3.54252
2.66074 3.26883
2.58948 3.22199
2.68497 3.03034
2.76264 3.07259
2.81847 3.16085
2.68561 3.45087
2.83027 3.3803
2.72143 3.58405
2.94517 3.17662
2.96751 2.95036
2.87878 2.82826
3.02344 2.46025
2.88986 2.59671
2.75357 2.69257
2.89984 2.40532
2.64718 2.63041
2.92389 2.11133
3.04999 2.20016
3.07886 1.93126
2.97015 1.84205
3.08989 1.64448
3.19835 1.71892
3.21302 1.39162
3.32255 1.47791
3.3463 1.11954
3.18548 1.00377
3.39807 0.779444
3.30604 0.722585
3.22047 0.617587
3.39359 0.484996
3.31277 0.350531
3.41539 0.214976
3.33181 0.112985
3.19001 0.317985
3.21185 0.0203342
3.32894 -0.13513
3.23324 -0.160317
3.11096 -0.193155
3.26678 -0.32743
3.15323 -0.505313
3.33247 -0.608816
3.19455 -0.690493
3.05372 -0.7532
3.21584 -0.893496
3.06897 -0.944234
3.07443 -1.12043
2.92609 -1.02137
3.25474 -1.20209
3.4389 -1.34912
3.45798 -0.946235
3.61731 -1.17585
3.67046 -0.866044
3.54932 -0.530272
3.39968 -0.343021
3.48863 -0.0915279
3.66372 -0.251472
3.696 -0.570009
3.77005 -0.444797
3.77461 -0.725535
3.85285 -0.610254
3.82286 -0.848806
3.88458 -0.851198
3.8398 -1.03779
3.77561 -0.968066
3.79011 -1.17689
3.7259 -1.13014
3.75849 -1.26133
3.70999 -1.33334
3.7832 -1.39626
3.68155 -1.58958
3.60159 -1.43642
3.57703 -1.62113
3.49752 -1.56641
3.47247 -1.78209
3.59407 -1.7411
3.54959 -1.91028
3.64148 -1.78924
3.70509 -1.74919
3.76638 -1.62345
3.7395 -1.77796
3.64624 -1.92244
3.71488 -1.93147
3.61769 -2.07466
3.47953 -2.15018
3.53694 -2.24214
3.66044 -2.07535
3.64855 -2.13699
3.74715 -1.94814
3.81112 -1.72599
3.82809 -1.79676
3.87072 -1.60628
3.87319 -1.4877
3.83247 -1.50261
3.79437 -1.66662
3.84359 -1.25577
3.90323 -1.29585
3.89413 -1.07111
3.94855 -1.10998
3.94396 -0.87574
3.92758 -0.662307
3.98968 -0.732443
3.99959 -0.827311
4.01587 -0.923152
4.00943 -1.02578
4.02191 -1.12756
3.99613 -1.26593
3.96291 -1.24242
3.93626 -1.37876
3.91621 -1.32921
3.89844 -1.46358
3.90056 -1.51508
3.93175 -1.45113
3.90079 -1.55074
3.89535 -1.59504
3.96107 -1.39942
3.9918 -0.531869
3.98542 -0.32758
3.94206 -0.305443
3.95024 -0.522627
3.89974 -0.384533
3.82883 -0.356907
3.84491 -0.153526
3.76148 -0.0975332
3.81777 0.156341
3.73029 0.204877
3.69109 0.153007
3.64535 0.459315
3.61109 0.217807
3.67745 0.000829458
3.60042 0.0132166
3.51882 0.218229
3.52994 0.479949
3.53002 0.710372
3.45759 0.935829
3.56528 0.891588
3.68766 0.646276
3.73451 0.38351
3.77565 0.468774
3.74661 0.74912
3.63395 0.953884
3.66415 1.18103
3.53928 1.30931
3.45102 1.22482
3.56999 1.65762
3.64805 1.42779
3.77332 1.24816
3.78985 0.932949
3.82173 0.993239
3.89722 0.76028
3.8517 0.927406
3.91373 0.570096
3.81046 1.09997
3.9591 -0.154535
3.91984 0.0172915
3.91137 0.126377
3.87682 0.121939
3.83535 0.396009
3.89173 -0.089376
3.8734 0.480706
3.8222 0.663199
3.93542 0.375437
3.93368 0.250804
3.5307 -2.28458
3.64801 -2.10615
3.71974 -2.03095
3.73983 -1.94981
3.7406 -1.97433
3.83727 -1.75671
3.87595 -1.64109
3.82019 -1.79009
3.40597 -2.0309
3.32698 -2.21977
2.83222 -0.762709
2.95734 -0.459415
3.03008 0.170653
3.10723 0.803744
3.08428 1.37592
2.95636 1.60261
3.20778 2.06797
3.13072 2.22061
2.48833 0.247172
2.14283 -3.53913
2.46782 -3.35872
2.44846 -2.56928
2.39373 -2.78621
2.29536 -2.8368
1.70161 -3.79123
1.839 -3.69917
1.67039 -3.76592
1.94439 -3.57613
1.56795 -3.84959
1.30823 5.67854
1.50895 -0.309203
1.38342 -0.14225
1.52365 0.897469
1.676 0.964715
1.53909 1.26119
1.34856 1.43789
1.47082 1.52745
1.39856 1.76417
1.12971 1.75937
1.30336 2.15936
1.08673 2.20705
1.16333 2.49083
1.33155 2.48675
1.43625 2.63507
1.47611 2.35425
1.649 2.53087
1.59834 2.25255
1.51887 2.04134
1.72053 2.05426
1.60368 1.65675
1.83778 1.63188
1.74048 1.30405
1.91052 1.30806
0.0260735 5.19554
0.0820942 5.39467
0.0722847 5.66483
-0.0702696 5.8087
-0.658343 5.55733
1.10413 -1.11264
1.01272 -1.35112
1.17637 -1.36599
0.796518 -2.97836
0.727145 -3.16854
0.707129 -2.78101
0.592214 -2.6326
0.729281 -2.54093
0.623 -2.36824
0.591743 -2.07969
0.388978 -1.8546
0.607834 -1.7359
0.475582 -1.46325
0.266838 -1.44734
0.36943 -1.17137
0.326418 -0.911882
0.415874 -0.987194
0.731318 -1.91471
0.776219 -2.21489
0.866577 -2.49622
0.80332 -2.71718
0.915063 -2.75352
0.992762 -2.52112
0.216709 -2.81956
-0.682728 -3.35041
-0.177386 -4.39109
-0.0726976 -4.15286
-0.269547 -4.07332
-1.88069 -3.76412
-1.66904 -3.85959
-1.52494 -3.90751
-1.69229 -3.85961
-1.35242 -3.94877
-1.4544 -3.93264
-2.08748 -3.21077
-2.97458 -2.31759
-2.96754 -2.33591
-2.97334 -2.36885
-3.05587 -2.29441
-2.93556 -2.47565
-2.8458 -2.55384
-2.68185 -2.86575
-2.7316 -2.73976
-2.7701 -2.6327
-2.87481 -2.4885
-2.67483 -2.78201
-2.59325 -2.94562
-2.52365 -3.10016
-2.59097 -2.97309
-2.67844 -2.80989
-2.63965 -2.90132
-2.68203 -2.83054
-2.57882 -3.02428
-2.45815 -3.23953
-3.0009 -2.3774
-3.12101 -2.15767
-3.0646 -2.22451
-3.1157 -2.07571
-3.20482 -1.87895
-3.09937 -2.0329
-3.16744 -1.79237
-3.24629 -1.60795
-3.3543 -1.37503
-3.24146 -1.49953
-3.29735 -1.30248
-3.30721 -1.09223
-3.19997 -1.26536
-3.15535 -1.47447
-3.04407 -1.33603
-3.17562 -1.08108
-3.00325 -0.98223
-3.15514 -0.837066
-3.28608 -0.891408
-3.36825 -0.655616
-3.24708 -0.704446
-3.2752 -0.501988
-3.19813 -0.199409
-3.14518 -0.539874
-3.03473 -0.214115
-3.0814 0.052706
-2.96879 0.109752
-2.88105 0.339172
-2.72142 0.37873
-2.86043 0.14961
-2.79191 0.00280005
-2.91788 -0.0567556
-2.89992 -0.286973
-2.72829 -0.268675
-2.87242 -0.644814
-2.64736 -0.562747
-2.73161 -0.851956
-2.84299 -0.953033
-2.77357 -1.02902
-3.04232 -0.71439
-3.0075 -0.493395
-2.43096 0.583295
-3.11046 -1.74323
-2.96285 -1.90261
-2.95873 -2.04203
-2.84894 -2.09876
-2.77082 -2.33705
-2.47017 -2.52832
-2.38563 -2.69228
-2.33137 -2.62364
-2.40361 -2.42456
-2.15305 -2.65359
-2.22373 -2.34845
-2.03671 -2.55384
-1.98211 -2.68866
-1.89804 -2.85507
-2.92975 -2.21741
-2.90153 -2.38478
-2.78153 -2.57503
-2.81766 -2.60571
-2.99327 -2.30382
-2.93542 -2.49523
-3.06883 -1.96239
-1.69994 -1.58554
-1.49368 -1.3757
-1.29831 -1.5927
-1.16644 -1.62342
-0.946136 -1.16505
-0.801856 -1.01243
-0.873989 -0.600255
-0.738205 -0.213425
-0.840356 0.38105
-0.622164 0.0976058
-0.717305 0.558481
-0.721956 0.805625
-1.07563 0.622007
-0.618248 1.07843
-2.29398 3.91807
-2.32139 3.72765
-2.00369 3.08804
-1.85114 2.97929
-2.20275 0.969711
-2.19204 1.25767
-2.06131 1.21027
-2.01758 0.995958
-1.8506 1.28062
-2.03434 1.48738
-1.80686 1.72191
-2.0238 1.86649
-2.23216 1.97752
-2.93968 2.33936
-2.86746 2.57261
-2.95589 3.18016
-2.92104 3.35073
-3.78885 0.511631
-3.89554 -0.00191367
