-10.0274 -4.72243
-10.0494 -5.00858
-10.0937 -5.39497
-10.1258 -5.62328
-10.0669 -5.58596
-10.1012 -5.82385
-10.126 -5.85186
-10.1372 -6.02703
-10.1267 -6.20629
-10.0974 -6.19528
-10.101 -6.36258
-10.0843 -6.54057
-9.83846 -6.86279
-9.92134 -6.88143
-9.98466 -6.7113
-10.0125 -6.74109
-9.92327 -6.91781
-10.0146 -6.71288
-10.0737 -6.52303
-10.0191 -6.66911
-9.97028 -6.85394
-9.96358 -6.80162
-9.89321 -6.95338
-9.89231 -6.90431
-9.80657 -7.05323
-9.82282 -6.92084
-9.72901 -7.064
-9.67094 -7.16803
-9.70698 -7.19474
-9.5928 -7.27055
-9.51959 -7.24684
-9.42268 -7.35386
-9.56813 -7.32191
-9.38313 -7.41278
-9.2274 -7.42816
-9.21882 -7.44256
-9.37237 -7.40315
-9.17535 -7.45103
-9.19253 -7.43287
-8.96383 -7.49175
-8.91884 -7.47509
-8.68384 -7.50472
-8.69845 -7.48056
-8.99548 -7.43288
-8.78349 -7.43522
-8.94414 -7.38857
-9.13976 -7.37937
-9.15284 -7.30454
-9.34366 -7.31898
-9.31941 -7.27516
-7.67961 -7.352
-7.38651 -7.29999
-7.40357 -7.3775
-7.1408 -7.346
-7.1061 -7.28863
-7.25955 -7.25569
-7.45109 -7.2141
-7.13594 -7.21319
-6.91269 -7.16513
-6.87884 -7.24902
-6.61918 -7.29137
-6.34656 -7.33259
-6.06114 -7.36771
-6.19483 -7.42758
-6.34578 -7.38238
-6.63339 -7.36762
-6.48225 -7.41044
-6.82036 -7.42201
-6.9282 -7.37487
-7.1605 -7.38959
-6.88068 -7.31979
-7.23094 -7.43249
-7.41222 -7.42447
-7.65225 -7.40706
-7.59007 -7.45488
-7.88167 -7.44185
-7.93226 -7.38187
-8.14848 -7.42947
-8.37846 -7.47597
-8.4872 -7.49677
-8.24789 -7.50633
-8.08205 -7.48379
-7.9524 -7.50984
-7.84661 -7.48141
-7.68727 -7.50565
-7.36304 -7.50083
-6.98657 -7.45892
-7.0104 -7.48842
-7.34384 -7.51122
-7.64836 -7.5385
-7.48055 -7.53392
-7.74853 -7.54146
-7.95661 -7.53656
-8.15897 -7.52915
-8.23623 -7.53741
-8.39356 -7.51832
-8.52362 -7.52489
-8.74624 -7.51913
-8.63941 -7.52069
-8.87277 -7.50284
-9.06177 -7.4746
-9.00864 -7.47551
-8.74008 -7.49988
-8.80518 -7.49504
-9.03301 -7.45929
-9.213 -7.39223
-9.01459 -7.39598
-8.8175 -7.4466
-8.80229 -7.40814
-8.5898 -7.44925
-8.58184 -7.50064
-8.55824 -7.5188
-8.33714 -7.52464
-8.34313 -7.52887
-8.48961 -7.52817
-8.20492 -7.54348
-8.11336 -7.5475
-7.85271 -7.54218
-7.86466 -7.53432
-7.51394 -7.55559
-7.58472 -7.54622
-7.99539 -7.5432
-7.37158 -7.55173
-7.1184 -7.54326
-7.20524 -7.51268
-6.91477 -7.49964
-6.71567 -7.50808
-6.76239 -7.47279
-6.7464 -7.44218
-6.55805 -7.48612
-6.41118 -7.49231
-6.68387 -7.45054
-6.39833 -7.4542
-6.11476 -7.50309
-6.06919 -7.5428
-5.9489 -7.53522
-5.78137 -7.55327
-5.85629 -7.57587
-6.24237 -7.5293
-6.10049 -7.57524
-6.4353 -7.50799
-6.59981 -7.49377
-6.70443 -7.51491
-6.54506 -7.51416
-6.74944 -7.53892
-6.49354 -7.54109
-6.60387 -7.55254
-6.90083 -7.55488
-7.21474 -7.53335
-7.01723 -7.50914
-7.28723 -7.51473
-7.49561 -7.52342
-7.70668 -7.52305
-7.77194 -7.53152
-7.96357 -7.51579
-8.10179 -7.47409
-8.296 -7.48525
-8.3895 -7.4571
-8.58116 -7.41738
-8.34638 -7.39735
-8.70744 -7.33124
-8.99303 -7.33688
-8.97502 -7.2423
-9.22159 -7.25556
-9.1626 -7.34131
-9.34183 -7.31248
-9.44354 -7.20281
-9.61118 -7.13869
-9.55895 -7.07846
-9.70132 -7.00525
-9.65899 -6.90493
-9.76928 -6.86669
-9.87107 -6.73665
-9.92253 -6.75659
-9.95431 -6.53164
-10.0063 -6.61163
-10.0298 -6.38029
-10.0564 -6.4724
-10.0785 -6.25881
-10.0907 -6.34113
-10.1022 -6.17812
-10.1012 -6.02289
-10.0821 -6.03755
-10.0643 -5.81159
-10.0439 -6.09286
-10.0103 -5.83748
-10.0085 -5.49019
-10.0215 -5.36205
-10.0087 -5.24785
-10.0117 -5.21962
-10.0436 -5.21085
-10.0203 -5.04834
-10.0219 -4.8381
-9.9874 -4.82387
-9.97975 -4.90854
-9.97531 -5.10231
-9.94884 -4.81926
-9.88976 -4.94877
-9.94366 -5.22195
-9.83866 -5.16392
-9.90871 -5.38326
-9.91601 -5.57358
-9.84451 -5.4616
-9.87537 -5.76531
-9.95414 -5.76461
-9.92554 -5.89624
-9.96782 -6.01542
-9.89457 -6.0313
-9.9324 -6.20066
-9.9814 -6.26968
-9.93167 -6.37311
-9.85467 -6.28986
-9.8666 -6.54075
-9.76866 -6.54203
-9.77708 -6.73142
-9.69942 -6.74909
-9.58554 -6.84508
-9.506 -7.00038
-9.44305 -6.92217
-9.3597 -7.04299
-9.27646 -6.97318
-9.17918 -7.12506
-9.38158 -7.1293
-9.0569 -7.0099
-8.94877 -7.14114
-8.75967 -7.07523
-8.74135 -7.21855
-8.53895 -7.18014
-8.45092 -7.28996
-8.23216 -7.19275
-8.47953 -7.09322
-8.26626 -7.02325
-8.57053 -6.93789
-8.90065 -6.83887
-8.65317 -6.70935
-8.89711 -6.56666
-8.69623 -6.44547
-8.89218 -6.23246
-8.67746 -6.18017
-8.74094 -5.91493
-8.95856 -5.83173
-9.07807 -6.1486
-9.0787 -6.4106
-9.21943 -6.26809
-9.19653 -5.93236
-9.36963 -6.13205
-9.34449 -6.42057
-9.21114 -6.48873
-9.26395 -6.61448
-9.41131 -6.63075
-9.20446 -6.80731
-9.10052 -6.63973
-9.378 -6.83309
-9.51312 -6.75617
-9.56073 -6.56807
-9.64608 -6.66192
-9.67178 -6.44184
-9.77077 -6.30601
-9.69733 -6.21781
-9.78699 -6.00466
-9.75893 -5.6167
-9.70374 -5.78807
-9.64005 -5.98296
-9.60837 -5.68693
-9.56166 -5.84631
-9.50015 -5.97621
-9.48469 -5.70858
-9.35881 -5.81555
-9.3365 -5.45552
-9.49659 -5.42551
-9.63327 -5.39395
-9.68141 -5.62443
-9.73912 -5.26441
-9.7344 -4.9878
-9.79096 -4.8586
-9.67197 -4.67592
-9.60068 -4.95535
-9.5212 -4.50182
-9.47246 -4.70386
-9.45958 -4.91649
-9.38992 -4.69835
-9.36939 -4.42902
-9.28209 -4.58573
-9.18151 -4.17679
-9.28918 -4.09856
-9.40943 -4.2064
-9.33192 -3.8636
-9.48337 -4.12
-9.41523 -3.81149
-9.50752 -3.89877
-9.44518 -3.6008
-9.57771 -3.80268
-9.59795 -4.1336
-9.68684 -4.15984
-9.70465 -3.95913
-9.75097 -4.23414
-9.81133 -4.14432
-9.81414 -4.48123
-9.74137 -4.38592
-9.7655 -4.59853
-9.82926 -4.72874
-9.88656 -4.70331
-9.89971 -4.5033
-9.96411 -4.72854
-9.97414 -4.57318
-9.91186 -4.29138
-9.9497 -4.291
-9.97709 -4.34775
-9.94259 -3.98811
-9.88311 -3.81911
-9.92872 -4.11761
-9.90681 -4.11025
-9.85938 -4.01079
-9.81543 -3.67374
-9.81576 -3.34958
-9.85374 -3.58442
-9.112 -0.349491
-9.23554 -0.681931
-9.35017 -0.880821
-9.45436 -1.17827
-9.41623 -1.16355
-9.50195 -1.45794
-9.43315 -1.45528
-9.51508 -1.63467
-9.56584 -1.71487
-9.59186 -1.63316
-9.6517 -1.93193
-9.55578 -1.89306
-9.66121 -2.23845
-9.66299 -1.71434
-9.77618 -2.88276
-9.72272 -2.54303
-9.72024 -2.76983
-9.68586 -2.49741
-9.61314 -2.28697
-9.65365 -2.6496
-9.57787 -2.48084
-9.50303 -2.20756
-9.52999 -2.05163
-9.45293 -1.80662
-9.32081 -1.42178
-9.28936 -1.13194
-9.34874 -1.16022
-9.27848 -0.907482
-9.18518 -0.818511
-9.16228 -0.58687
-9.08576 -0.545368
-9.0586 -0.378048
-8.98315 -0.174998
-9.02573 -0.118699
-8.25422 1.24635
-8.4188 1.02898
-8.29766 1.12139
-8.31779 0.99761
-8.45055 0.822686
-8.60044 0.545703
-8.42887 0.624567
-8.55694 0.341496
-8.65331 0.262223
-8.64319 0.0771421
-8.76219 0.0402228
-8.73854 0.274171
-8.86469 0.018669
-8.80111 0.258332
-8.86035 0.168828
-8.74504 0.454381
-8.89061 -0.226133
-8.9687 -0.300403
-8.99834 -0.537437
-9.11107 -0.748646
-9.0719 -0.830036
-9.18329 -1.06121
-9.09055 -1.09803
-8.95532 -0.731907
-8.9519 -1.0132
-9.055 -1.30647
-9.13398 -1.33928
-9.15614 -1.53517
-9.04852 -1.56359
-8.92821 -1.27203
-8.89984 -1.57165
-8.76041 -1.21716
-8.80364 -0.938465
-8.60106 -0.796969
-8.69406 -0.589982
-8.52729 -0.384707
-8.6069 -0.300639
-8.47472 -0.0140582
-8.62496 -0.117194
-8.72828 -0.404713
-8.76902 -0.218473
-8.83532 -0.5012
-8.8286 -0.700858
-8.89421 -0.436453
-8.54571 0.134397
-8.42448 0.341571
-8.24736 0.314032
-8.27599 0.610122
-8.28292 0.788867
-8.34684 0.850549
-8.22101 0.974923
-8.20099 1.15212
-8.04337 1.15097
-8.07752 1.34374
-7.90039 1.37038
-7.91141 1.53709
-7.91685 1.66955
-7.73943 1.85879
-7.53994 2.07656
-5.79946 2.78687
-5.59241 2.90184
-5.55144 2.60063
-5.39775 2.83043
-5.45718 2.96769
-5.33043 2.99844
-4.96643 2.76287
-5.20969 2.85507
-5.22351 2.55106
-4.94361 2.45089
-5.0529 2.28543
-4.84596 2.16255
-5.00628 2.05602
-5.22685 2.19417
-5.11861 1.91198
-5.36827 1.98584
-5.22692 1.58062
-4.76827 1.74556
-4.92193 1.43867
-4.69024 1.25113
-4.42077 1.44304
-4.31741 1.08021
-4.61896 0.836434
-4.81485 1.00981
-5.0228 1.16651
-4.95635 0.770845
-5.24942 0.907041
-5.23968 0.583601
-5.01877 0.361102
-5.2812 0.316184
-5.50254 0.471996
-5.44211 0.735013
-5.70756 0.756969
-5.51924 0.992017
-5.71464 1.02282
-5.95906 1.0065
-5.92966 0.712029
-6.1579 0.706815
-5.87201 0.39069
-6.23408 0.378888
-6.13516 0.113244
-5.8251 -0.109091
-6.22745 -0.211712
-6.5174 0.112281
-6.57787 -0.335213
-6.8421 -0.182039
-6.84516 -0.480122
-6.68814 -0.648226
-6.97349 -0.776026
-7.1428 -0.474393
-7.30606 -0.891215
-7.12635 -1.1543
-6.70474 -1.04665
-6.95741 -1.47498
-6.72271 -1.36037
-6.67518 -1.64463
-6.95047 -1.89119
-7.21797 -1.81012
-7.1604 -2.12515
-6.97305 -2.21798
-7.13898 -2.43847
-6.8978 -2.54064
-7.13795 -2.90679
-7.39691 -2.57747
-7.27136 -2.31059
-7.38496 -2.14388
-7.68701 -2.32822
-7.71966 -2.90151
-7.4224 -3.0874
-7.59058 -3.45833
-7.83372 -3.36443
-7.8274 -3.86495
-7.55602 -3.90813
-7.63955 -4.30334
-7.92914 -4.41839
-7.6958 -4.83035
-8.02566 -4.81805
-8.20386 -4.58123
-8.25332 -4.99013
-8.44254 -4.78903
-8.48618 -5.19567
-8.29879 -5.28256
-8.4384 -5.54466
-8.23588 -5.43861
-8.12793 -5.68484
-8.48821 -5.93435
-8.61156 -5.7335
-8.70797 -5.52071
-8.19737 -6.12135
-8.47591 -6.30153
-8.18485 -6.48398
-8.47923 -6.56315
-8.30345 -6.7846
-7.90289 -6.73702
-8.01809 -6.9432
-7.9687 -7.10565
-7.81634 -7.02296
-7.84229 -6.92067
-7.63579 -6.93944
-7.51284 -6.71286
-7.74863 -6.53377
-7.94298 -6.51861
-7.88047 -6.30568
-7.47459 -6.39577
-7.60584 -6.0918
-7.89356 -5.96752
-7.65245 -5.8625
-7.8138 -5.7299
-7.80002 -5.48153
-8.02583 -5.22564
-7.71849 -5.21882
-7.50135 -5.1346
-7.28025 -4.86268
-7.43794 -4.5431
-7.21101 -4.44756
-6.90331 -4.53799
-7.07317 -4.02781
-7.37627 -4.17153
-7.33072 -3.68083
-7.03329 -3.43775
-7.2673 -3.30293
-7.40602 -3.38791
-6.83024 -2.98099
-6.73555 -3.37739
-6.85038 -3.74318
-6.59738 -3.76147
-6.81284 -4.06767
-6.64753 -4.21688
-6.36147 -4.11323
-6.25122 -3.47016
-6.50483 -3.30853
-6.33289 -2.92114
-6.59766 -3.03435
-6.57616 -2.59493
-6.70953 -2.12617
-6.40655 -2.15386
-6.48073 -1.85717
-6.3396 -1.52688
-6.54242 -1.3211
-6.27269 -1.08764
-6.34058 -0.641383
-5.94285 -0.802194
-5.9897 -0.444304
-5.63037 -0.513663
-5.46229 -0.229923
-5.46794 0.107393
-5.1501 -0.156822
-5.257 -0.4725
-4.88466 -0.491914
-5.08349 -0.710916
-4.81808 -0.909368
-5.12763 -0.96152
-5.35079 -0.75734
-5.42436 -1.1045
-5.61994 -0.84513
-5.78235 -1.13508
-5.6105 -1.45774
-5.86498 -1.47263
-5.8249 -1.85748
-6.08146 -1.66986
-6.05239 -1.31098
-6.28402 -1.85052
-6.1367 -2.04285
-6.25633 -2.44187
-5.9801 -2.30986
-5.67818 -2.27523
-5.43414 -1.83783
-5.33186 -2.33395
-5.60173 -2.74792
-5.8747 -2.63205
-5.83395 -2.88038
-6.02605 -2.98407
-6.09761 -2.6496
-5.87788 -3.05336
-5.7493 -3.04169
-5.86828 -3.34865
-5.52664 -3.2336
-5.18579 -2.90806
-5.13683 -3.57745
-5.58475 -3.83834
-5.16228 -4.13842
-5.49777 -4.44207
-5.85205 -4.29584
-6.0147 -3.88833
-6.12328 -4.30169
-6.30121 -4.59299
-6.04983 -4.63333
-6.19839 -4.98279
-5.98053 -4.91719
-6.01807 -5.15495
-6.16075 -5.3463
-6.36461 -5.2485
-6.46282 -4.94156
-6.63271 -5.30785
-6.34344 -5.61448
-6.66459 -5.75866
-6.41477 -6.02023
-6.67563 -6.08764
-7.00492 -5.96095
-6.81462 -6.27262
-7.09275 -6.33154
-7.30785 -6.1331
-7.17497 -6.66299
-7.30408 -6.81295
-7.39161 -6.90477
-7.16236 -6.94241
-7.37324 -7.0708
-7.64403 -7.14381
-7.34552 -7.25628
-7.57067 -7.30126
-7.85576 -7.25137
-7.70014 -7.3781
-8.07227 -7.33985
-7.87364 -7.45322
-7.56587 -7.51754
-7.33289 -7.42947
-7.10979 -7.51055
-7.01377 -7.46447
-7.06542 -7.35226
-7.09255 -7.17795
-6.91178 -7.29109
-6.82309 -7.18264
-6.9387 -7.05032
-6.89375 -6.8507
-6.8358 -6.56076
-6.56721 -6.8082
-6.51981 -6.40882
-6.37665 -6.65794
-6.32058 -6.82517
-6.3483 -7.02569
-6.5454 -7.02522
-6.71724 -7.02696
-6.54898 -7.18019
-6.71278 -7.30241
-6.46099 -7.3663
-6.67435 -7.36912
-6.82922 -7.3675
-6.67694 -7.43056
-6.88174 -7.4248
-6.77678 -7.48957
-6.62302 -7.49755
-6.46609 -7.48319
-6.17732 -7.46846
-6.19321 -7.37997
-6.22745 -7.24419
-6.03068 -7.34704
-5.91349 -7.20001
-6.11289 -7.10176
-6.11606 -6.90718
-5.96486 -7.03668
-5.84657 -6.8528
-6.02331 -6.72064
-6.19872 -6.69465
-6.06984 -6.49349
-6.27936 -6.51375
-6.22799 -6.27519
-6.0707 -5.93649
-6.01601 -6.24436
-5.85529 -6.12513
-5.8538 -6.37126
-5.63218 -6.20117
-5.66777 -6.55698
-5.36391 -6.38536
-5.47993 -6.67286
-5.61935 -6.81512
-5.65176 -7.06852
-5.84402 -7.04997
-5.66097 -7.29199
-5.82171 -7.36383
-5.62487 -7.41642
-5.75639 -7.46179
-5.96028 -7.43251
-5.91426 -7.51126
-5.67749 -7.54811
-5.87122 -7.5552
-5.72852 -7.6003
-5.99559 -7.55736
-6.08065 -7.53681
-6.27792 -7.53065
-6.30386 -7.55055
-6.02526 -7.5711
-5.76284 -7.59349
-5.73639 -7.59223
-5.56261 -7.61542
-5.34275 -7.61354
-5.53649 -7.60224
-5.23443 -7.60084
-5.50395 -7.59453
-5.09739 -7.55024
-4.87983 -7.57231
-4.84438 -7.5699
-4.58833 -7.53404
-4.59956 -7.56832
-4.31573 -7.54294
-4.24963 -7.50308
-4.03563 -7.50521
-4.04848 -7.52686
-4.22561 -7.56641
-4.471 -7.57657
-4.35924 -7.56762
-4.14794 -7.52683
-4.26155 -7.54101
-4.05817 -7.48652
-4.17623 -7.46606
-3.96595 -7.39789
-4.11022 -7.36049
-3.85627 -7.24898
-4.06784 -7.25114
-3.89835 -7.07655
-4.17293 -7.18006
-4.32565 -7.33068
-4.37023 -7.2104
-4.29195 -7.10315
-4.10196 -6.99957
-4.29689 -6.94442
-4.52258 -7.08905
-4.46456 -6.84747
-4.30422 -6.76418
-4.41504 -6.65022
-4.26124 -6.53489
-4.44662 -6.39481
-4.60586 -6.62551
-4.63114 -6.32272
-4.53819 -5.97277
-4.7581 -6.147
-4.83697 -6.43881
-4.96252 -6.14325
-4.86129 -5.87211
-5.09285 -5.92014
-5.14375 -5.53375
-5.36506 -5.9495
-5.17164 -6.14886
-5.10024 -6.40549
-5.22762 -6.51698
-5.29417 -6.69376
-5.15638 -6.61119
-5.1427 -6.77816
-5.00999 -6.65489
-4.81925 -6.77045
-5.00772 -6.90707
-4.79976 -7.02779
-5.01049 -7.14256
-4.75823 -7.25007
-4.98433 -7.3337
-5.22994 -7.25248
-5.13584 -7.39552
-5.30542 -7.39339
-5.15691 -7.48632
-5.33465 -7.47878
-5.47937 -7.39721
-5.47764 -7.46799
-5.55791 -7.50141
-5.39525 -7.5158
-5.4391 -7.57579
-5.51874 -7.60414
-5.30497 -7.5843
-5.41516 -7.60596
-5.22784 -7.60705
-5.04506 -7.5878
-5.01278 -7.59489
-4.8361 -7.60045
-4.80869 -7.59356
-5.08233 -7.58206
-4.96279 -7.571
-5.20208 -7.56656
-4.9821 -7.55089
-4.97614 -7.45642
-4.83521 -7.50928
-4.77752 -7.56743
-4.69295 -7.50175
-4.75091 -7.4119
-4.5169 -7.45166
-4.55925 -7.37202
-4.65589 -7.34312
-4.53397 -7.28501
-4.30165 -7.43263
-4.41112 -7.52108
-4.59504 -7.53584
-4.60461 -7.58181
-4.61611 -7.57701
-4.60745 -7.59564
-4.47027 -7.56839
-4.73431 -7.58857
-5.58749 -7.60872
-5.46335 -7.27007
-5.40989 -7.1082
-5.44979 -6.89754
-5.22874 -6.98324
-4.64492 -6.88969
-5.47689 -5.65881
-5.71215 -5.87069
-5.69527 -5.55751
-5.89691 -5.68271
-6.08363 -5.60713
-5.91207 -5.40326
-5.69348 -5.32865
-5.79347 -5.08573
-5.57081 -5.16931
-5.54759 -4.88627
-5.79381 -4.7096
-5.2719 -4.77472
-5.24914 -4.48048
-5.06262 -4.57055
-4.89463 -4.35673
-4.86203 -4.00077
-5.02607 -3.86798
-4.95638 -3.77258
-4.82208 -3.66059
-4.84508 -3.24921
-4.57521 -3.48611
-4.5873 -3.89232
-4.64719 -4.31239
-4.37508 -4.18716
-4.31832 -3.69375
-4.15077 -4.02519
-4.02735 -3.52874
-4.2319 -3.40195
-4.37665 -3.34353
-4.56026 -3.09214
-4.26148 -3.05137
-4.52422 -2.63633
-4.23576 -2.53532
-4.4371 -2.24366
-4.64105 -2.2772
-4.77658 -2.45976
-4.88119 -2.12715
-5.02049 -2.46099
-5.1217 -2.1593
-5.24934 -2.00152
-5.09487 -1.90132
-5.23962 -1.82566
-5.1592 -1.61063
-5.35531 -1.4376
-5.15693 -1.25549
-4.93296 -1.39326
-4.95606 -1.12791
-4.7653 -1.21757
-4.46217 -1.22734
-4.46202 -0.707243
-4.25183 -1.02446
-4.13951 -1.33137
-4.24832 -1.51465
-4.37713 -1.72031
-4.67008 -1.52154
-4.61074 -1.9369
-4.89203 -1.73431
-4.40874 -1.9931
-4.24829 -2.1065
-4.04402 -1.83161
-4.05207 -2.33507
-3.96681 -2.83315
-3.83247 -2.36248
-3.7172 -2.77402
-3.56691 -2.43692
-3.71815 -1.94706
-3.81365 -1.39408
-4.04624 -1.07664
-3.88063 -0.846782
-4.15806 -0.83806
-4.14469 -0.56754
-4.36174 -0.312407
-4.61968 -0.34702
-4.82168 -0.137073
-4.55712 -0.0636902
-4.7368 0.202905
-4.9804 0.0674838
-5.17908 0.124773
-4.76739 0.530371
-4.5308 0.479895
-4.30937 0.696407
-4.29458 0.360778
-4.48622 0.202493
-4.30664 0.0303368
-4.0707 0.186869
-4.07923 0.521936
-3.87778 0.36069
-3.90513 0.628192
-4.06516 0.826606
-4.02495 1.12375
-4.18411 1.32003
-4.02122 1.37259
-3.8321 1.23493
-3.81017 0.85527
-3.61082 1.01194
-3.55889 0.602483
-3.42484 0.781267
-3.32438 0.408366
-3.46383 0.282425
-3.59506 0.339311
-3.55733 0.0430942
-3.34079 0.0248903
-3.40933 -0.30192
-3.20995 -0.30118
-3.27171 -0.666292
-3.06279 -0.581645
-3.1266 -0.859629
-3.22598 -1.09141
-3.43502 -0.903993
-3.51 -0.587368
-3.62837 -0.794174
-3.7327 -0.553832
-3.61051 -1.08653
-3.93212 -0.497518
-3.83551 -0.311161
-4.06966 -0.210981
-3.81503 0.00700487
-3.63712 -0.287561
-3.70762 0.255997
-3.73429 0.511384
-3.41205 -1.19671
-3.52499 -1.41911
-3.30379 -1.5102
-3.4459 -1.69929
-3.59684 -1.68155
-3.49892 -1.99096
-3.32151 -1.93349
-3.3823 -2.27837
-3.3421 -2.7264
-3.20617 -2.32272
-3.17332 -2.72557
-3.19748 -3.10121
-3.36633 -3.25791
-3.21213 -3.54829
-3.37036 -3.72855
-3.54104 -3.48074
-3.52828 -3.92204
-3.72691 -3.79481
-3.63475 -4.44375
-3.37555 -4.21337
-3.36798 -4.792
-3.55267 -4.79595
-3.53618 -5.04665
-3.41702 -5.19705
-3.53454 -5.32399
-3.43068 -5.51692
-3.6239 -5.57895
-3.66786 -5.25623
-3.83579 -5.48206
-3.75225 -5.91842
-3.50922 -5.90912
-3.6548 -6.24782
-3.48213 -6.18315
-3.51732 -6.34178
-3.61407 -6.46897
-3.82784 -6.53091
-3.63901 -6.6575
-3.86602 -6.83655
-4.0997 -6.73651
-3.65021 -6.87155
-3.58843 -7.04441
-3.4631 -6.84713
-3.44097 -6.67555
-3.43113 -6.45046
-3.21458 -6.45259
-3.20972 -6.19306
-3.39525 -6.26096
-3.33679 -6.05146
-3.17062 -5.92059
-3.28133 -5.7336
-3.05323 -5.61821
-3.22753 -5.29734
-3.01159 -5.25617
-3.0965 -4.91528
-3.14917 -4.4528
-2.97009 -4.66675
-2.89181 -5.01556
-2.81183 -4.75931
-2.67463 -5.06632
-2.83509 -5.40495
-2.65102 -5.42078
-2.74551 -5.69013
-2.89316 -5.71822
-2.86033 -5.90559
-2.7277 -5.97086
-2.97011 -6.17557
-3.01565 -5.93301
-2.80887 -6.26128
-3.01615 -6.45755
-3.24934 -6.69586
-3.02513 -6.66169
-3.22119 -6.82458
-3.37457 -6.8893
-3.3299 -6.991
-3.1087 -6.85712
-3.1863 -6.99527
-3.33857 -7.12036
-3.17555 -7.08393
-3.34203 -7.20068
-3.51596 -7.25045
-3.46508 -7.30545
-3.61348 -7.35476
-3.58995 -7.40273
-3.39965 -7.33015
-3.6122 -7.4135
-3.53789 -7.3941
-3.80156 -7.48268
-3.72873 -7.45264
-3.88931 -7.49291
-4.05079 -7.5184
-3.96077 -7.49294
-3.76838 -7.43512
-3.89344 -7.43969
-3.74799 -7.33804
-3.80625 -7.43694
-4.02258 -7.47457
-2.28333 -6.47443
-2.28382 -6.51796
-2.21991 -6.36556
-2.30175 -6.52623
-2.25519 -6.38612
-2.32697 -6.47752
-2.24131 -6.27358
-2.3277 -6.35357
-2.21168 -6.10178
-2.29569 -6.13431
-2.38503 -6.30606
-2.45915 -6.48991
-2.46043 -6.62139
-2.5733 -6.66072
-2.66055 -6.83018
-2.73056 -6.76375
-2.60091 -6.56857
-2.77127 -6.66344
-2.62901 -6.43929
-2.81629 -6.55402
-2.70956 -6.35336
-2.86674 -6.46203
-2.62093 -6.11599
-2.58233 -6.25989
-2.49259 -6.10469
-2.50401 -5.90406
-2.59669 -5.92132
-2.57032 -5.67649
-2.40863 -5.66516
-2.44247 -5.40836
-2.54279 -5.39021
-2.58976 -5.26135
-2.5032 -5.15162
-2.52916 -4.8499
-2.67181 -4.60951
-2.5084 -4.57151
-2.60279 -4.28752
-2.74695 -4.24916
-2.87291 -4.407
-2.89463 -3.91126
-3.03542 -4.16943
-3.00825 -4.42761
-3.20747 -3.98478
-3.07985 -3.80922
-3.03308 -3.41897
-2.88391 -3.51085
-2.79018 -3.69946
-2.70166 -3.96741
-2.68973 -3.67196
-2.63266 -3.84687
-2.56931 -4.00449
-2.57318 -3.69113
-2.47475 -3.89334
-2.45982 -3.60783
-2.53666 -3.35312
-2.6562 -3.36646
-2.77725 -3.39566
-2.73877 -2.99462
-2.90471 -3.09941
-2.85251 -2.68917
-2.96863 -2.73814
-3.05829 -2.93842
-3.06916 -2.5567
-2.95081 -2.41755
-3.05387 -2.23026
-3.11952 -1.85599
-3.10881 -1.4212
-2.98652 -1.07649
-2.93445 -1.58386
-2.85893 -1.31883
-2.74102 -1.51527
-2.82076 -1.8766
-2.94569 -2.0355
-2.80736 -2.281
-2.74475 -2.61187
-2.66276 -2.37027
-2.68696 -1.97646
-2.54583 -2.10468
-2.52651 -2.5126
-2.63888 -2.73102
-2.55097 -2.83614
-2.60656 -3.05947
-2.50216 -3.06809
-2.45476 -2.8151
-2.42093 -3.04692
-2.43594 -3.29682
-2.37792 -3.16451
-2.34401 -2.89165
-2.29382 -3.26549
-2.37733 -3.31035
-2.37345 -3.49684
-2.3765 -3.84786
-2.30345 -3.60371
-2.25634 -3.83176
-2.22579 -3.52536
-2.14445 -3.68267
-2.18998 -4.10959
-2.05596 -4.00552
-2.07225 -3.67482
-2.00463 -3.6219
-1.95707 -3.88413
-1.94802 -3.53599
-1.96939 -3.24418
-2.06393 -3.39459
-2.02652 -2.94828
-2.1534 -3.21293
-2.12115 -2.78782
-2.22062 -2.88333
-2.17278 -2.60187
-2.26291 -2.52823
-2.38885 -2.53433
-2.4266 -2.19894
-2.31479 -2.24986
-2.33717 -1.93022
-2.45372 -1.84006
-2.58319 -1.71241
-2.4692 -1.43818
-2.59755 -1.3785
-2.66968 -1.16768
-2.79013 -1.08671
-2.68169 -0.787996
-2.85879 -0.636138
-2.97076 -0.214133
-3.08674 -0.271137
-3.1467 0.0422414
-3.01174 0.277264
-3.16063 0.397654
-3.23368 0.727884
-3.10883 0.531682
-3.03588 0.714889
-3.18472 1.0805
-3.41701 1.1398
-3.3039 1.36192
-3.4748 1.56387
-3.66238 1.41164
-3.74198 1.83998
-3.92792 1.59504
-3.95345 1.84826
-4.14505 1.85149
-4.19765 1.5718
-4.3174 1.76915
-4.42875 1.67499
-4.48198 1.84487
-4.5638 2.07864
-4.72246 2.36171
-4.48886 2.35776
-4.65418 2.53299
-4.81057 2.56634
-4.73511 2.692
-4.71979 2.8948
-4.48849 2.63941
-4.4503 2.83031
-4.5557 2.97862
-4.71761 3.03137
-4.67034 3.11738
-4.41179 3.04061
-4.29459 2.8891
-4.15706 2.95519
-3.98911 2.78854
-3.94368 2.87976
-3.78475 2.54214
-3.42465 2.33197
-3.17152 2.32459
-3.14924 2.17804
-2.97595 2.11279
-2.98154 1.95799
-3.22274 2.07704
-3.08486 1.87663
-3.25894 1.90165
-3.0791 1.67791
-3.26324 1.61813
-3.48686 1.9089
-3.44172 2.124
-3.60453 2.12672
-3.66427 2.29582
-3.79801 2.16725
-3.65497 2.02734
-4.01314 2.07857
-3.98434 2.27259
-4.19642 2.37588
-4.29142 2.12156
-4.35515 1.93426
-4.16249 2.65626
-3.92973 2.40331
-3.07624 1.45438
-3.16546 1.33934
-2.9725 1.11905
-2.91132 1.42319
-2.76038 1.12879
-2.72437 1.35737
-2.8869 1.67373
-2.66632 1.52334
-2.78249 1.76073
-2.79272 1.91
-2.58455 1.65601
-1.99204 -0.27136
-1.87014 -0.76538
-1.94082 -0.740443
-1.82977 -0.923874
-1.88237 -1.05148
-1.81112 -1.1211
-1.82412 -1.26483
-1.89092 -1.40635
-1.95455 -1.10611
-1.98462 -0.859209
-2.02508 -0.999937
-1.98156 -1.25354
-2.05 -1.21756
-1.99121 -1.57865
-2.12855 -1.38986
-2.11758 -0.913276
-2.19879 -0.991885
-2.22695 -0.645825
-2.27201 -0.883206
-2.25006 -1.19054
-2.34171 -0.98027
-2.34831 -1.32659
-2.26215 -1.61709
-2.16497 -1.82463
-2.23212 -2.02535
-2.36847 -1.63293
-2.14951 -2.25858
-2.07591 -1.83922
-2.01269 -2.14781
-2.06943 -2.53831
-2.13119 -2.54659
-1.95309 -2.55386
-1.95191 -2.92565
-1.88551 -2.97399
-1.9093 -3.32527
-1.84402 -3.2597
-1.88805 -3.60051
-1.81886 -3.55422
-1.85065 -3.9971
-1.94425 -4.24668
-1.89577 -4.37396
-1.97331 -4.57115
-1.91856 -4.64546
-1.96162 -4.84826
-1.93194 -4.97973
-1.90035 -4.75112
-1.8685 -4.75436
-1.89153 -5.00802
-1.81147 -4.73795
-1.87199 -5.00869
-1.90412 -5.10812
-1.91623 -5.19813
-1.91705 -5.21434
-1.94298 -5.38408
-1.9358 -5.44279
-1.98022 -5.61995
-1.80326 -4.89406
-1.74949 -4.66162
-1.82094 -4.90704
-1.84314 -5.06935
-1.88143 -5.08768
-1.89885 -5.25365
-1.72882 -4.39166
-1.799 -4.43776
-1.73352 -4.11928
-1.78269 -4.08273
-1.8318 -4.36191
-1.78015 -3.77836
-1.73021 -3.74234
-1.77112 -3.43999
-1.7758 -3.17275
-1.76431 -2.78924
-1.82434 -2.88805
-1.80898 -2.49818
-1.86137 -2.61875
-1.86444 -2.20167
-1.93258 -2.1176
-1.90461 -1.81931
-1.97024 -1.89746
-2.00467 -1.86162
-1.81851 -1.77802
-1.8057 -1.489
-1.75531 -1.75296
-1.77139 -2.09938
-1.69319 -2.03524
-1.72942 -2.42472
-1.63028 -2.45114
-1.60703 -2.39789
-1.62027 -2.20607
-1.64683 -2.16392
-1.65701 -2.20377
-1.66903 -1.9653
-1.69807 -1.79358
-1.7251 -1.71633
-1.69888 -1.57808
-1.75664 -1.51902
-1.74586 -1.36389
-1.78732 -1.31305
-1.77516 -1.20339
-1.58257 -1.4429
-1.64127 -1.59363
-1.67034 -1.75776
-1.63587 -1.76875
-1.59723 -1.64601
-1.60667 -1.81338
-1.62739 -1.92806
-1.65105 -1.92785
-1.62801 -2.05178
-1.60571 -2.06792
-1.60173 -1.9764
-1.6346 -3.65455
-1.66806 -3.80453
-1.67345 -3.99939
-1.69255 -4.12526
-1.6908 -3.89387
-1.66418 -3.54094
-1.69052 -3.27185
-1.64707 -3.25892
-1.61086 -3.42668
-1.88787 -4.59042
-2.03323 -5.84867
-2.08477 -6.03157
-2.08156 -5.98622
-2.03808 -5.7855
-2.12566 -6.03518
-2.13855 -6.17281
-2.18527 -6.25752
-2.07463 -5.7752
-2.1379 -5.81879
-2.21504 -5.93294
-2.18311 -5.65267
-2.28546 -5.91532
-2.39554 -6.151
-2.38789 -5.90793
-2.29175 -5.67088
-2.30863 -5.38778
-2.22792 -5.46045
-2.15527 -5.32779
-2.22051 -5.23536
-2.15594 -5.06261
-2.2104 -5.05655
-2.2728 -5.09205
-2.37323 -5.14266
-2.41933 -4.90683
-2.31243 -4.88792
-2.37345 -4.62457
-2.45474 -4.74578
-2.43685 -4.23866
-2.34059 -4.38849
-2.25741 -4.47576
-2.28656 -4.70943
-2.2091 -4.82187
-2.13543 -4.44879
-2.09288 -4.79365
-2.08526 -5.10664
-2.02459 -4.82989
-2.01999 -4.44467
-2.01254 -5.16417
-2.09629 -5.41199
-2.05456 -5.54938
-1.9748 -5.3593
-2.01035 -5.61524
-1.97669 -5.51468
-1.9393 -5.24973
-2.11996 -5.61626
-1.99893 -4.15123
-2.30178 -4.16213
-2.50688 -6.26988
-2.48967 -6.37448
-2.2397 -2.26745
-2.42352 -1.10622
-2.5423 -1.04689
-2.44449 -0.747932
-2.56225 -0.69232
-2.62415 -0.497012
-2.74104 -0.365504
-2.63937 -0.260815
-2.70065 -0.0702726
-2.83091 0.00341137
-2.84536 -0.305608
-2.71598 0.235905
-2.86019 0.44619
-2.87966 0.768274
-2.79024 0.899729
-2.72498 0.599507
-2.60635 0.804264
-2.57359 1.06475
-2.49209 0.864695
-2.42308 0.664403
-2.50405 0.489341
-2.6119 0.582355
-2.60503 0.360825
-2.58987 -0.00199661
-2.45979 0.160535
-2.47027 -0.138982
-2.53474 -0.383724
-2.40997 -0.401705
-2.33043 -0.662023
-2.31395 -0.405486
-2.36974 -0.149748
-2.25168 -0.262474
-2.33741 0.0147277
-2.35137 0.215699
-2.42571 0.336517
-2.37361 0.403386
-2.30296 0.238965
-2.24873 0.00688381
-2.21073 0.17107
-2.29653 0.327998
-2.28708 0.453922
-2.33919 0.632493
-2.35944 0.767727
-2.42608 0.814227
-2.44106 0.921538
-2.37696 0.911011
-2.45726 1.042
-2.52379 1.23361
-2.37631 1.02512
-2.387 1.17089
-2.46919 1.37072
-2.08373 0.00624039
-2.1586 0.267821
-2.11113 -0.162437
-2.00237 -0.44696
-2.07965 -0.380618
-2.1505 -0.282657
-2.10457 -0.484819
-2.02677 -0.592394
-2.06676 -0.715847
-2.14721 -0.530359
-2.93181 -6.73192
-2.96611 -6.89694
-2.85008 -6.94884
-3.03407 -7.06416
-3.19763 -7.17972
-3.08926 -7.16747
-3.23191 -7.25296
-3.16955 -7.2462
-2.98042 -7.14634
-2.95429 -7.06789
-2.82556 -7.00808
-2.69612 -6.95113
-2.84138 -7.09662
-2.65708 -6.96959
-2.81856 -7.06857
-2.97853 -7.18177
-2.87678 -7.12897
-3.01427 -7.20957
-3.12838 -7.24572
-3.18189 -7.26401
-3.31335 -7.29108
-3.2129 -7.2334
-3.50682 -7.32002
-3.53576 -7.3649
-3.36425 -7.32603
-3.28745 -7.29113
-3.06431 -7.21618
-3.72889 -7.37507
-2.97159 -7.16925
-2.81778 -7.08196
-2.72192 -7.02804
-2.64324 -6.95426
-2.58635 -6.88252
-2.50833 -6.80883
-2.55643 -6.81503
-2.41553 -6.66362
-2.39174 -6.67647
-2.47912 -6.7936
-2.43538 -6.73335
-2.50058 -6.80128
-2.44031 -6.72475
-2.36707 -6.61368
-2.53763 -6.83751
-2.54532 -6.84444
-3.32768 -7.26027
-6.01662 -7.4814
-5.79404 -7.51477
-4.43539 -7.51174
-3.64074 -7.20797
-3.48556 -7.13169
-4.05492 -6.37938
-3.86466 -6.22473
-4.00953 -5.93991
-4.25673 -6.18051
-4.24633 -5.75801
-4.05104 -5.50755
-4.21301 -5.34041
-4.43017 -5.51482
-4.3568 -5.25955
-4.54772 -5.13651
-4.27307 -4.98738
-4.45401 -4.65592
-4.78064 -4.74125
-4.88348 -5.17806
-5.04411 -4.90975
-5.11227 -5.15657
-5.18674 -4.99886
-5.32911 -5.13405
-5.4834 -5.39735
-4.72462 -5.54156
-4.1757 -4.50768
-3.95005 -4.95524
-3.93432 -4.20547
-3.68739 -4.93546
-3.78567 -5.15728
-3.74203 -3.2305
-3.53878 -2.98487
-4.81657 -2.79897
-6.31051 -7.54595
-6.48656 -7.53139
-6.56313 -7.51832
-6.30456 -7.51376
-6.73431 -7.53578
-6.87108 -7.51594
-6.08586 -7.41242
-5.89091 -6.60572
-8.0921 -7.41882
-7.38667 -5.89165
-7.22357 -5.6715
-7.53063 -5.62394
-7.27948 -5.3355
-7.56447 -5.36861
-6.95226 -5.52805
-6.953 -5.09076
-6.70168 -4.8999
-6.56457 -4.55926
-6.00654 -1.06488
-8.704 -5.00936
-8.92945 -5.38444
-9.09295 -5.62512
-9.12782 -5.30616
-9.2263 -5.63499
-9.24619 -5.13097
-9.10707 -4.89806
-9.25397 -4.84944
-9.3842 -5.11577
-9.35708 -4.83693
-9.51885 -5.16454
-9.10904 -4.50161
-8.9582 -4.59873
-8.95638 -4.3027
-9.00402 -4.08181
-9.01873 -3.74294
-9.17388 -3.79462
-9.05404 -3.45518
-8.86041 -3.23265
-9.03315 -3.0869
-9.19513 -3.43269
-9.1833 -3.00052
-9.27151 -3.28441
-9.30899 -3.09453
-9.26269 -2.78447
-9.36196 -2.92255
-9.3508 -2.65042
-9.45726 -2.85625
-9.4421 -3.24512
-9.54428 -3.16477
-9.55625 -3.46408
-9.62147 -3.38457
-9.61431 -3.13798
-9.54868 -2.90161
-9.6234 -2.89236
-9.69291 -3.14344
-9.67963 -3.32392
-9.74763 -3.38651
-9.72727 -3.14779
-9.74775 -3.08525
-9.69931 -2.95167
-9.59029 -2.67518
-9.57103 -2.76416
-9.51432 -2.58785
-9.41542 -2.54334
-9.4133 -2.28313
-9.3772 -1.96244
-9.33063 -1.66978
-9.26696 -1.74673
-9.22022 -1.40813
-9.1677 -1.84826
-9.30423 -2.05789
-9.22148 -2.17169
-9.32448 -2.35822
-9.24374 -2.47009
-9.12996 -2.28682
-9.12356 -2.04484
-9.04031 -2.09459
-9.03191 -1.84349
-8.89727 -1.95688
-8.70575 -1.5703
-8.71574 -1.99491
-8.84659 -2.27089
-9.00445 -2.3721
-8.89113 -2.68589
-9.05024 -2.74344
-9.14613 -2.60386
-8.7162 -2.37485
-8.72518 -2.75109
-8.59405 -3.00256
-8.55289 -2.49516
-8.3811 -2.61867
-8.33521 -2.18221
-8.54258 -2.08803
-8.5449 -1.72788
-8.36281 -1.78829
-8.39874 -1.5339
-8.49459 -1.40732
-8.54322 -1.12602
-8.39058 -1.15802
-8.34853 -0.894731
-8.45044 -0.791292
-8.41326 -0.498525
-8.31949 -0.616775
-8.19935 -0.270136
-8.34381 -0.115143
-8.14215 0.114794
-7.93636 0.535224
-8.095 0.68772
-7.91293 0.904463
-8.03423 0.873163
-8.13661 0.875678
-7.99023 1.01763
-7.79451 1.23939
-7.62276 1.05922
-7.61767 1.303
-7.57706 1.48744
-7.73127 1.52835
-7.5353 1.72358
-7.71715 1.71886
-7.53218 1.91743
-7.30194 2.10387
-7.35451 1.91093
-7.06384 2.04536
-7.34756 1.67835
-7.09021 1.69615
-7.33299 1.39623
-7.49238 1.39109
-7.34819 1.12673
-7.10043 1.39262
-7.13048 1.08629
-7.3806 0.855157
-7.49942 0.924897
-7.63813 0.66159
-7.45169 0.532793
-7.18345 0.762574
-7.23964 0.407399
-7.5171 0.179477
-7.70084 0.295375
-7.78024 -0.110031
-7.95224 0.102201
-7.81538 0.39712
-8.01206 -0.278022
-7.93526 -0.48952
-7.69706 -0.467105
-7.89237 -0.701517
-7.77716 -0.876233
-7.97738 -0.907639
-8.04029 -0.753503
-8.18555 -1.03466
-7.98429 -1.15761
-8.20133 -1.43493
-8.34244 -1.31581
-7.97841 -1.43658
-8.1047 -1.79328
-7.80511 -1.58309
-7.88325 -1.99869
-8.12086 -2.17798
-8.2366 -2.39131
-8.1372 -2.38873
-8.18093 -2.65983
-8.36159 -3.05992
-8.14512 -3.10274
-8.31206 -3.58074
-8.53768 -3.46905
-8.51864 -3.89899
-8.38002 -4.02515
-8.50768 -4.22021
-8.38421 -4.37383
-8.58548 -4.54863
-8.65851 -4.24082
-8.78454 -4.61462
-8.82527 -4.28075
-8.93876 -4.97465
-8.71199 -3.87203
-8.87312 -4.05069
-8.86249 -3.73318
-8.71352 -3.45507
-8.16043 -4.05163
-8.0443 -3.50622
-7.95119 -3.11858
-7.9783 -2.77701
-7.84791 -2.58381
-7.98246 -2.39933
-7.54174 -1.79643
-7.49386 -1.29952
-7.77402 -1.2228
-7.57553 -0.991483
-7.48934 -0.66595
-7.27403 -1.49565
-8.15835 -0.619308
-7.395 -0.286417
-7.55428 -0.123214
-7.33477 0.0619248
-7.10343 -0.0434017
-7.14243 0.21469
-7.03177 0.394123
-6.97605 0.641795
-6.79078 0.41802
-6.68821 0.803307
-6.90387 0.990551
-6.85359 1.34126
-6.56296 1.21519
-6.56451 1.62889
-6.84728 1.6811
-6.85349 1.93762
-6.57436 1.99588
-6.68317 2.21841
-6.78047 2.41017
-7.07681 2.28256
-6.97493 2.47813
-7.25595 2.29434
-6.6844 2.65567
-6.41727 2.80061
-6.48698 2.63039
-6.48929 2.4539
-6.25274 2.62232
-6.26035 2.41858
-6.46464 2.32828
-6.36901 2.25462
-6.16258 2.21025
-6.36594 2.11903
-6.28066 1.91005
-6.24429 1.53968
-6.09554 1.77787
-5.93002 1.6399
-6.01053 1.34689
-5.666 1.33131
-6.23585 1.17321
-6.19639 0.955993
-6.39305 0.91318
-6.46921 0.561731
-5.62227 1.80137
-5.94249 1.98838
-5.62616 2.2203
-5.91662 2.28401
-6.04222 2.40202
-5.85197 2.50923
-6.07769 2.54305
-6.01837 2.69152
-6.1539 2.7666
-6.30027 2.74893
-6.19858 2.86458
-6.01115 2.85084
-5.40361 2.35722
-5.40265 2.19406
-5.33447 1.1994
-6.45766 2.15895
-6.51178 2.20781
-6.85071 0.109564
-6.98704 0.225879
-9.69725 -3.5532
-9.6413 -3.65764
-9.71505 -3.77432
-9.77265 -3.78158
-9.75402 -3.91624
-9.86796 -4.24104
-9.50115 -3.52844
-9.3546 -3.35461
-9.33105 -3.55816
-9.69202 -4.39814
-9.59525 -4.37486
-9.53585 -6.3075
-8.11031 -7.5188
-8.42068 -7.52426
-9.48518 -7.11361
-9.61852 -7.05194
-9.71337 -6.97713
-9.63896 -7.12469
-9.79048 -6.9972
-9.78629 -7.08235
-9.64714 -7.21548
-9.52755 -7.23889
-9.44783 -7.22953
-9.52731 -7.31127
-9.35428 -7.37068
-9.21473 -7.38976
-9.44277 -7.37402
-9.57405 -7.29509
-9.67763 -7.22102
-9.65271 -7.24861
-9.79539 -7.11966
-9.902 -7.00242
-9.82374 -7.09989
-9.72941 -7.2144
-9.52828 -7.32349
-2.18527 -6.25752
