-1.53619 -2.31498
-1.44221 -2.24866
-1.62742 -2.40141
-1.49544 -2.31358
-1.60261 -2.40085
-1.42974 -2.26947
-1.36486 -2.19291
-1.30239 -2.14732
-0.909924 -1.69035
-0.865367 -1.62546
-0.80477 -1.51651
-0.835159 -1.47993
-1.0217 -1.76144
-1.13953 -1.91962
-1.17656 -1.94872
-1.19434 -1.89905
-1.27746 -2.0609
-1.23044 -2.04525
-1.33013 -2.15125
-1.23015 -2.0631
-1.12372 -1.93018
-1.22459 -2.05711
-1.33942 -2.17329
-1.47733 -2.29196
-1.41803 -2.18298
-1.58669 -2.30817
-1.50927 -2.15069
-1.65447 -2.29697
-1.70595 -2.27903
-1.5904 -2.10792
-1.78448 -2.2201
-1.65091 -1.99415
-1.86521 -2.15489
-1.82946 -1.97567
-2.05771 -2.22365
-1.98898 -2.32264
-2.16303 -2.39395
-2.32339 -2.38638
-2.22347 -2.19363
-2.42618 -2.28746
-2.61853 -2.46141
-2.51364 -2.55776
-2.76589 -2.62655
-2.68304 -2.71517
-2.9114 -2.74572
-3.03271 -2.67769
-3.15255 -2.8303
-2.92906 -2.82875
-3.11061 -2.91854
-2.95037 -2.92842
-2.75925 -2.83024
-2.72721 -2.89477
-2.89963 -2.98605
-3.05427 -3.03074
-3.05639 -3.05801
-2.90041 -3.03536
-2.72852 -2.94825
-2.61191 -2.93588
-2.78355 -3.03704
-3.04336 -3.10347
-2.99808 -3.10228
-3.1571 -3.14913
-3.23113 -3.1508
-3.21768 -3.12901
-3.40313 -3.17457
-3.33134 -3.17741
-3.56001 -3.20139
-3.43741 -3.18336
-3.57739 -3.19275
-3.73044 -3.18877
-3.58585 -3.18435
-3.84164 -3.18784
-3.67894 -3.1792
-3.47482 -3.1457
-3.37048 -3.1544
-3.29217 -3.11527
-3.22371 -3.11396
-3.2007 -3.14477
-3.10223 -3.09073
-3.13706 -3.07615
-2.93471 -3.04355
-3.00735 -3.09825
-2.83037 -3.04922
-2.69708 -2.98082
-2.6266 -2.98085
-2.56521 -2.95024
-2.46286 -2.91121
-2.494 -2.91188
-2.288 -2.83065
-2.40436 -2.86303
-2.21749 -2.77194
-2.32923 -2.79829
-2.42839 -2.83675
-2.2836 -2.75446
-2.54116 -2.8618
-2.52206 -2.75945
-2.28009 -2.64761
-2.40386 -2.62069
-2.15406 -2.50186
-2.30852 -2.49639
-2.06399 -2.57933
-1.91338 -2.39887
-1.80421 -2.44071
-2.01695 -2.64134
-1.84269 -2.54337
-1.94865 -2.61632
-1.88296 -2.58857
-1.75441 -2.50263
-1.68367 -2.41507
-1.77344 -2.52184
-1.92867 -2.62804
-1.84597 -2.54843
-1.66645 -2.40508
-1.74721 -2.41913
-1.89589 -2.49095
-6.31091 -1.99289
-6.42911 -1.77228
-6.4977 -1.59238
-5.03599 2.99167
-5.22043 2.67876
-5.35336 2.44279
-5.48557 2.22765
-5.68816 1.91093
-5.41249 2.12891
-5.35617 2.32337
-5.19232 2.46509
-5.05388 2.78191
-4.94506 2.77822
-4.93244 3.01773
-4.90147 3.22909
-4.81286 3.28126
-4.84091 3.05372
-4.73513 3.28154
-4.67304 3.58225
-4.77566 3.49706
-4.6171 3.8563
-4.01178 4.85654
-4.22837 4.62409
-4.08947 4.67127
-4.25837 4.41026
-4.12682 4.50382
-4.21426 4.2811
-4.34673 4.13633
-4.43752 4.15431
-4.49893 3.90278
-4.40822 3.90954
-4.29234 4.03149
-4.35663 3.841
-4.28879 3.81574
-4.17801 4.07183
-4.06244 4.37329
-4.0563 4.04538
-4.19684 3.77754
-4.11524 3.74302
-4.21831 3.47186
-4.35287 3.45674
-4.4017 3.62476
-4.49287 3.31974
-4.51309 3.02738
-4.61475 3.00379
-4.57146 3.25566
-4.67639 3.06468
-4.73448 2.73161
-4.78034 2.83233
-4.76863 3.02422
-4.68201 3.247
-4.63543 3.46012
-4.60786 3.35584
-4.5565 3.51282
-4.52919 3.67563
-4.50465 3.50932
-4.43318 3.72993
-4.86456 2.76844
-4.86283 2.91045
-4.98834 2.49273
-4.85938 2.57797
-4.95636 2.34083
-4.85369 2.34481
-5.04381 2.11446
-5.08651 2.22785
-5.21936 1.95322
-5.22817 2.16952
-5.11582 2.33895
-5.38999 1.90499
-5.38478 1.73639
-5.57667 1.58658
-5.5595 1.8393
-5.74521 1.62113
-5.90763 1.53692
-6.04262 1.37665
-6.25616 1.10523
-6.33006 0.84301
-6.60655 -1.07603
-6.59458 -1.31938
-6.58027 -1.442
-6.52977 -1.57279
-6.5647 -1.54366
-6.58254 -1.41161
-6.56132 -1.45638
-6.58097 -1.24619
-6.55185 -1.29366
-6.54974 -1.11929
-6.56396 -1.0183
-6.58941 -0.993086
-6.58262 -0.910644
-6.54257 -0.779584
-6.5121 -0.474546
-6.47456 0.0276202
-6.47678 -0.0512363
-6.47416 -0.133747
-6.44612 -0.0239175
-6.43306 -0.147986
-6.38477 0.0645716
-6.42934 0.0860223
-6.45896 0.138046
-6.40562 0.218448
-6.44481 0.248965
-6.39109 0.403471
-6.44163 0.369941
-6.22231 0.6444
-6.16281 0.940385
-6.20022 0.973738
-6.1352 1.06999
-6.10363 1.18818
-6.1504 1.19322
-6.13037 1.29143
-6.01657 1.31894
-6.06671 1.14039
-5.98132 1.28045
-5.896 1.34133
-6.04444 0.990756
-5.89364 1.12653
-5.76699 1.38492
-5.71725 1.19945
-5.52004 1.35626
-5.42911 1.55838
-5.37565 1.45814
-5.29438 1.68052
-5.26941 1.5037
-5.37337 1.25073
-5.16449 1.48658
-5.10397 1.70267
-5.02486 1.66098
-4.95582 1.85726
-4.98489 1.99305
-5.1283 1.87286
-4.8085 2.13991
-4.67523 2.60425
-4.67133 2.3459
-4.74109 2.04611
-4.86632 1.86608
-4.89922 1.68216
-4.6507 1.9589
-4.60851 2.28303
-4.44985 2.3782
-4.52014 2.65216
-4.33873 2.79972
-4.36234 3.1016
-4.20121 3.18238
-4.0814 3.54506
-4.02879 3.30385
-4.156 2.87723
-3.99509 3.02665
-4.02223 2.71393
-4.16647 2.51994
-4.06937 2.46078
-4.13234 2.16939
-3.94394 2.43171
-3.92324 2.0696
-4.08039 1.7758
-3.8923 1.72469
-4.04201 1.48779
-3.90067 1.32541
-4.1241 1.16987
-4.25724 1.38782
-4.36797 0.911608
-4.20682 0.877245
-4.33025 0.705918
-4.55611 0.381085
-4.6601 0.668918
-4.94544 0.220474
-4.86529 0.560625
-4.72728 0.796534
-4.92479 0.697977
-4.70883 0.955222
-4.81894 0.982238
-4.60933 1.19125
-4.70497 1.22908
-4.56535 1.4115
-4.70533 1.4164
-4.89879 1.0671
-4.95257 1.18167
-5.16394 0.842529
-5.17611 1.04077
-5.46979 0.578766
-5.48747 0.765154
-5.68784 0.434333
-5.75422 0.586431
-5.52636 0.91896
-5.68829 0.857108
-5.85079 0.681943
-6.00029 0.402075
-5.93331 0.707752
-5.79764 0.91261
-5.88224 0.955863
-5.60902 1.09111
-5.5537 1.02144
-5.2847 1.11266
-5.12532 1.41134
-5.05472 1.34513
-4.84946 1.48693
-6.00081 0.819636
-6.05958 0.549474
-6.13416 0.588576
-6.16498 0.2765
-6.27132 0.257536
-6.33405 0.362821
-6.35936 -0.0815799
-6.38789 -0.168127
-6.39995 -0.288956
-6.44732 -0.365385
-6.42173 -0.508271
-6.36755 -0.312333
-6.39499 -0.57281
-6.32447 -0.346728
-6.2949 -0.0442061
-6.17571 -0.0521338
-5.94858 0.155905
-6.12223 -0.26169
-6.27111 -0.474943
-6.20343 -0.603639
-6.29615 -0.668039
-6.35055 -0.739378
-6.37352 -0.599975
-6.41854 -0.843181
-6.39017 -0.987976
-6.45245 -1.13199
-6.48924 -1.04073
-6.46578 -0.779372
-6.50447 -0.97034
-6.53532 -1.19119
-6.51864 -0.928275
-6.48554 -0.693783
-6.47727 -0.271323
-6.49914 -0.244318
-6.49446 -1.26889
-6.53223 -1.38487
-6.4975 -1.44244
-6.51104 -1.57937
-6.52759 -1.64197
-6.48083 -1.73758
-6.46903 -1.79477
-6.41705 -1.86804
-6.39545 -1.9633
-6.419 -1.884
-6.45024 -1.73978
-6.40156 -1.91781
-6.38128 -2.00216
-6.30756 -2.08
-6.27634 -2.13258
-6.31007 -2.0448
-6.20014 -2.18349
-6.12985 -2.26323
-6.16325 -2.26813
-6.19947 -2.23385
-6.08985 -2.33341
-6.04805 -2.36193
-5.96083 -2.43595
-5.89398 -2.47074
-5.99092 -2.37789
-6.05803 -2.28122
-5.91913 -2.38534
-5.82272 -2.48204
-5.77618 -2.48679
-5.93252 -2.33981
-5.70912 -2.46777
-5.79926 -2.34913
-6.02899 -2.19422
-6.14524 -2.18426
-6.23388 -2.04142
-6.37214 -1.89423
-6.44588 -1.74187
-6.40252 -1.75403
-6.45558 -1.56817
-6.37883 -1.67729
-6.37668 -1.49935
-6.44409 -1.4276
-6.46105 -1.35495
-6.40678 -1.25947
-6.3463 -1.30925
-6.3279 -1.09394
-6.30282 -0.837252
-6.20511 -0.909482
-6.08209 -0.621844
-6.06941 -0.399077
-5.92073 -0.321673
-5.95389 -0.128392
-5.80274 -0.0551935
-5.73376 0.196105
-5.60122 0.166494
-5.73468 -0.113972
-5.52669 0.0259595
-5.7547 -0.338986
-5.93883 -0.528484
-5.88898 -0.625156
-5.74459 -0.576699
-5.85735 -0.769896
-5.70073 -0.84259
-5.91782 -0.963851
-5.97106 -0.821239
-6.03156 -0.984603
-6.07874 -0.856754
-6.13561 -1.07174
-6.03016 -1.17755
-6.13952 -1.2303
-6.23991 -1.24341
-6.11508 -1.40379
-6.22723 -1.46921
-6.30296 -1.42776
-6.27259 -1.59323
-6.13892 -1.64981
-6.21145 -1.78558
-6.04459 -1.87713
-6.10554 -2.01018
-5.92784 -2.06174
-5.88218 -2.21398
-5.72974 -2.18431
-5.57179 -2.37842
-5.61292 -2.46035
-5.4586 -2.52067
-5.50936 -2.55304
-5.31466 -2.61964
-5.39799 -2.64812
-5.22301 -2.70981
-5.34671 -2.72934
-5.56544 -2.58774
-5.62897 -2.60751
-5.4784 -2.72109
-5.25684 -2.79738
-5.27976 -2.82736
-5.42667 -2.77298
-5.62539 -2.67495
-5.64431 -2.64911
-5.79063 -2.5624
-5.86325 -2.51052
-4.74065 -2.95539
-5.00901 -2.89294
-4.82175 -2.95863
-5.1181 -2.89348
-4.80701 -2.96343
-4.59349 -3.01619
-4.57659 -3.01108
-4.47348 -3.0596
-4.37538 -3.07875
-4.42572 -3.04398
-4.24383 -3.10544
-4.1752 -3.08445
-4.0704 -3.15113
-3.99056 -3.13476
-3.85669 -3.14922
-4.07631 -3.07554
-3.9944 -3.07311
-3.23961 -3.05832
-3.50329 -3.09579
-3.66085 -3.13617
-3.01544 -3.01829
-2.77799 -2.95643
-2.56769 -2.91891
-2.10832 -2.72762
-2.04941 -2.69631
-2.07447 -2.62371
-4.31694 -3.02612
-4.01229 -3.16753
-4.19953 -3.12544
-4.32519 -3.08527
-4.13325 -3.14351
-4.32297 -3.08807
-4.51318 -3.03748
-4.33866 -3.08593
-4.69854 -2.99572
-4.58271 -2.99403
-4.87448 -2.92699
-4.73349 -2.92055
-5.0139 -2.83048
-5.11907 -2.84683
-5.03464 -2.90439
-4.68822 -2.86276
-5.03366 -2.71975
-4.72455 -2.75056
-4.9432 -2.61157
-5.27073 -2.55339
-5.26816 -2.40971
-5.52772 -2.28308
-5.45756 -2.20188
-5.13628 -2.2688
-5.36534 -2.06112
-5.58772 -2.00888
-5.53369 -1.85542
-5.68682 -1.8588
-5.68459 -1.72445
-5.82215 -1.75981
-5.76647 -1.92916
-5.93306 -1.82928
-5.85353 -2.00262
-6.03228 -1.74899
-5.98235 -1.62679
-5.94178 -1.39183
-5.84799 -1.15897
-5.76263 -1.37686
-5.80172 -1.57625
-5.51813 -1.55653
-5.629 -1.17614
-5.35364 -1.16198
-5.49533 -0.921236
-5.26671 -0.759328
-5.4524 -0.639034
-5.56146 -0.503189
-5.36105 -0.348562
-5.44897 -0.235889
-5.61784 -0.3683
-5.54247 -0.172322
-5.30422 0.0569439
-5.29477 0.257815
-5.35568 0.348972
-5.16395 0.478571
-5.10495 0.703062
-5.38717 0.489564
-5.56249 0.343614
-5.08789 0.382692
-5.2449 -0.0907731
-5.1385 -0.179818
-4.91792 -0.0514006
-4.78536 0.163632
-4.73902 0.0356638
-4.61653 -0.171103
-4.85166 -0.231944
-4.82702 -0.431742
-4.93663 -0.443955
-4.9792 -0.73772
-4.73334 -0.602988
-4.7294 -1.04867
-4.50442 -0.614815
-4.35655 -0.153657
-4.38721 0.182342
-4.20233 0.219409
-4.24348 0.569065
-4.03647 0.56953
-4.04853 0.92482
-3.85856 0.925721
-3.65505 1.28818
-3.70775 1.65439
-3.51109 1.66982
-3.58054 1.88777
-3.72418 2.01001
-3.5391 2.14639
-3.64843 2.28681
-3.78709 2.30455
-3.67521 2.48638
-3.78535 2.55401
-3.8564 2.74147
-3.92147 2.92445
-3.79101 3.01755
-3.64715 2.80266
-3.59911 3.23988
-3.79243 3.27704
-3.65776 3.56872
-3.84895 3.48744
-3.74841 3.80588
-3.9224 3.73446
-3.78003 4.06204
-3.91755 4.07691
-4.02107 3.83775
-3.93025 4.34747
-3.77448 4.37386
-3.83018 4.57962
-3.93339 4.54869
-3.9806 4.65825
-3.87 4.69613
-3.8531 4.81421
-3.91668 4.84602
-3.73181 4.95428
-3.83589 4.99066
-3.63571 5.13728
-3.24019 5.37197
-3.40389 5.22689
-3.23258 5.26649
-3.33072 5.10552
-3.14303 5.19828
-3.15819 5.01637
-3.33704 4.87497
-3.48642 4.93677
-3.48465 4.74677
-3.6092 4.77848
-3.61565 4.56911
-3.4767 4.52186
-3.64028 4.30377
-3.65668 4.05963
-3.52 4.21015
-3.58187 3.91452
-3.41437 4.09302
-3.3635 4.38599
-3.3209 4.6523
-3.40245 4.71566
-3.19563 4.80332
-3.18195 4.53561
-3.00861 4.84292
-2.95692 5.16562
-2.77733 5.0409
-2.77824 5.24577
-2.82257 5.35433
-3.03651 5.35298
-2.81774 5.48718
-3.03946 5.5227
-2.71339 5.63135
-2.42683 5.62859
-2.25778 5.55112
-2.38226 5.5473
-2.52215 5.57373
-2.47176 5.45287
-2.25199 5.42911
-2.32053 5.20989
-2.06558 5.27443
-2.03429 5.43305
-1.89994 5.11562
-2.06203 5.11474
-1.86581 4.9477
-2.049 4.9137
-2.19519 5.0423
-2.23851 4.83234
-2.07163 4.66612
-2.22899 4.53779
-2.39052 4.58386
-2.33295 4.33558
-2.22639 4.35031
-2.23915 4.1105
-2.10104 4.37012
-2.0481 4.048
-2.19043 3.70754
-2.38414 3.817
-2.39272 3.45913
-2.23481 3.36092
-2.3703 3.10111
-2.51623 3.22956
-2.55485 3.4016
-2.51154 3.62062
-2.65294 3.53793
-2.69811 3.1974
-2.82221 3.43906
-2.74442 3.69633
-2.8933 3.67665
-2.77957 3.93378
-2.93889 3.90544
-2.84995 4.21106
-3.08111 4.04104
-3.08447 3.65723
-3.26883 3.74371
-3.26154 3.47798
-3.42033 3.48745
-3.45633 3.76232
-3.53713 3.51034
-3.36991 3.19932
-3.5101 3.02406
-3.41584 2.8537
-3.50446 2.49286
-3.2481 2.60807
-3.35293 2.2569
-3.42767 1.96664
-3.27298 2.0479
-3.13805 2.28505
-3.14631 1.95993
-3.3181 1.78744
-3.16625 1.65791
-3.39291 1.41645
-3.17552 1.29412
-3.39455 1.05671
-3.53464 1.09992
-3.54991 0.817451
-3.69 0.845356
-3.68922 0.336406
-3.86627 0.510354
-3.90081 0.130371
-3.85904 -0.145721
-4.054 -0.249759
-4.03711 0.186501
-4.18065 -0.0895616
-4.26933 -0.460201
-4.17194 -0.811247
-4.34901 -0.794009
-4.46736 -1.02144
-4.33294 -0.996959
-4.34901 -1.28524
-4.10859 -1.18888
-3.9564 -0.874556
-3.96978 -0.520127
-3.79475 -0.45034
-3.74318 -0.0853434
-3.61667 -0.0695975
-3.51601 0.302517
-3.43831 0.665906
-3.37641 0.420662
-3.4333 0.112261
-3.22001 0.274187
-3.35515 -0.0980417
-3.179 -0.288254
-3.42707 -0.438544
-3.49479 -0.202681
-3.61719 -0.52595
-3.52616 -0.749793
-3.34852 -0.805278
-3.56221 -1.10198
-3.64604 -0.876839
-3.72551 -1.12055
-3.71964 -1.40179
-3.90412 -1.3128
-3.82702 -1.57312
-3.72899 -1.72296
-3.53537 -1.52471
-3.60014 -1.7755
-3.64141 -1.976
-3.7893 -1.91992
-3.82667 -2.11924
-3.94138 -1.79961
-4.04182 -2.10488
-3.98871 -2.32421
-3.74341 -2.37948
-3.90854 -2.5509
-3.62881 -2.5609
-3.73162 -2.68838
-3.93621 -2.72892
-4.14995 -2.64137
-4.19874 -2.75396
-4.27794 -2.67232
-4.39418 -2.58489
-4.39563 -2.68425
-4.64193 -2.61855
-4.64601 -2.47676
-4.91702 -2.46771
-4.84802 -2.35561
-4.61918 -2.30615
-4.91123 -2.18804
-5.14751 -2.08164
-4.99636 -1.92566
-5.30332 -1.87859
-5.21433 -1.70299
-5.2333 -1.46448
-4.97636 -1.60535
-5.04998 -1.21388
-5.17607 -0.976877
-5.05724 -0.401797
-5.26237 -0.46148
-4.84317 -1.39194
-4.69404 -1.39341
-4.56145 -1.28129
-4.57619 -1.53416
-4.75768 -1.57389
-4.70005 -1.79534
-4.41816 -1.7076
-4.16103 -1.56282
-4.24244 -1.95419
-4.49646 -1.96209
-4.43792 -2.16474
-4.69202 -2.07831
-4.38064 -2.33727
-4.21487 -2.23916
-4.20726 -2.45788
-4.44728 -2.44735
-4.70093 -2.68978
-4.48339 -2.75373
-4.48882 -2.84584
-4.22987 -2.86906
-3.95103 -2.86104
-3.9667 -2.98355
-4.31749 -2.9565
-4.10432 -3.04512
-4.27153 -3.04715
-4.49438 -2.98927
-4.35776 -3.06138
-4.11137 -3.10683
-4.00338 -3.15415
-3.83047 -3.19239
-3.78592 -3.17841
-3.84969 -3.13821
-3.64308 -3.14779
-3.68771 -3.10094
-3.8847 -3.0791
-3.61429 -3.03623
-3.69991 -2.92811
-3.52649 -2.95225
-3.45575 -2.85908
-3.70834 -2.80545
-3.49532 -2.70722
-3.27855 -2.751
-3.34227 -2.96024
-3.24841 -2.63034
-3.41837 -2.56382
-3.47693 -2.3929
-3.23306 -2.47218
-3.25117 -2.30688
-3.41306 -2.13076
-3.62611 -2.21752
-3.45478 -1.82961
-3.24216 -1.92627
-3.22917 -1.55812
-3.38298 -1.22038
-3.18259 -1.10708
-3.1171 -0.750011
-2.96175 -0.508611
-2.94624 -0.176098
-3.00369 0.146618
-2.79194 0.0620284
-2.83634 0.454231
-3.02263 0.477919
-3.10195 0.651962
-3.25043 0.674326
-3.0741 0.985766
-3.26876 0.950324
-2.96297 1.31196
-2.95373 1.61888
-2.79455 1.47206
-2.72467 1.77165
-2.84559 1.95651
-3.01614 1.85987
-2.97522 2.12176
-2.78964 2.26374
-2.93102 2.4267
-3.05619 2.57728
-3.07085 2.81045
-3.20275 2.9838
-2.95628 3.11568
-3.14521 3.31241
-2.98265 3.43591
-2.89736 2.76262
-2.81611 2.98084
-2.70554 2.86966
-2.56106 3.01694
-2.50955 2.71139
-2.74257 2.57046
-2.6279 2.40504
-2.6316 2.1128
-2.47172 2.37187
-2.44909 2.13325
-2.52755 1.88181
-2.60607 1.57466
-2.42794 1.69169
-2.50125 1.50681
-2.57916 1.28486
-2.69899 1.37877
-2.81438 1.15694
-2.65983 0.832306
-2.91989 0.774424
-2.59784 0.353824
-2.47089 0.66965
-2.41161 0.418912
-2.41616 0.113616
-2.26746 0.28058
-2.24397 -0.0491314
-2.10569 0.136801
-2.05251 -0.172634
-1.91264 0.0926109
-1.84223 -0.249758
-1.69211 -0.0415636
-1.68212 -0.311815
-1.55983 -0.240283
-1.60858 -0.494865
-1.77544 -0.530718
-1.69375 -0.763323
-1.89779 -0.853146
-1.76861 -0.9578
-1.66895 -1.03064
-1.52171 -0.709857
-1.46254 -1.00565
-1.31952 -0.528375
-1.47757 -0.421668
-1.43326 -0.123006
-1.5555 -0.0492489
-1.59001 0.205392
-1.77044 0.244306
-1.74167 0.472803
-1.93628 0.469408
-2.02171 0.279095
-2.11926 0.415162
-2.09733 0.666639
-2.27407 0.645706
-2.13345 0.970985
-2.38581 1.03861
-2.1953 1.34181
-2.38486 1.44161
-2.21632 1.72023
-2.34128 1.97453
-2.15404 2.07889
-2.28722 2.29667
-2.09503 2.35971
-2.17785 2.57498
-2.34101 2.55602
-2.26461 2.81395
-2.13546 3.12129
-2.07817 2.82038
-1.9807 3.01941
-1.93731 3.32301
-2.08838 3.44134
-1.96252 3.71116
-1.8305 3.57378
-1.804 3.80713
-1.85122 4.07496
-1.95511 4.27972
-1.84318 4.34233
-1.9418 4.49385
-1.86549 4.71067
-1.80009 4.49687
-1.67912 4.54783
-1.66863 4.74135
-1.67527 4.93802
-1.46565 4.65891
-1.40215 4.77979
-0.759051 3.60563
-0.875734 3.75258
-0.892902 3.53287
-0.967217 3.79019
-0.942924 3.96688
-1.06422 3.92639
-1.06166 3.72977
-1.18896 3.86478
-1.19665 3.67382
-1.09292 3.50538
-1.28385 3.46272
-1.32488 3.75188
-1.43393 3.57561
-1.45126 3.28499
-1.31272 3.15834
-1.42484 2.92865
-1.21118 2.87445
-1.35454 2.52546
-1.20927 2.58427
-1.14945 2.29432
-1.33793 2.0715
-1.5139 2.2692
-1.49405 2.03949
-1.64121 2.0076
-1.64823 2.32913
-1.74968 2.24358
-1.74765 2.47875
-1.86182 2.32691
-1.87501 2.56452
-1.75733 2.76968
-1.91836 2.80357
-1.82591 3.05791
-1.62487 3.07381
-1.75235 3.36248
-1.58332 3.47552
-1.69474 3.67985
-1.51071 3.86101
-1.68446 3.97893
-1.58348 4.10402
-1.68019 4.29078
-1.46783 4.2346
-1.5782 4.4159
-1.52323 4.51564
-1.34262 4.41116
-1.27148 4.52092
-1.16509 4.31173
-1.25109 4.18992
-1.09505 4.10832
-1.17798 4.02831
-1.31972 3.99921
-1.01813 4.20281
-1.57925 2.63085
-2.01463 2.59061
-1.96655 2.40758
-1.98878 2.19043
-1.84285 2.06366
-2.00378 1.89188
-1.8025 1.69948
-2.01435 1.55967
-1.86364 1.394
-1.99596 1.23506
-1.79042 1.06883
-1.95445 0.977735
-1.99616 0.780849
-1.83501 0.750229
-1.5869 0.651195
-1.595 1.03001
-1.68553 1.34175
-1.48597 1.20436
-1.57303 1.58544
-1.45093 1.8004
-1.36687 1.42479
-1.26162 1.66145
-1.13424 1.86783
-1.06992 1.48044
-1.18898 1.29674
-1.06955 1.18871
-1.11923 1.04453
-0.993876 0.935327
-1.08416 0.838606
-1.25597 0.983225
-1.11178 0.647686
-1.23416 0.586594
-1.41893 0.834426
-1.36301 0.525573
-1.396 0.248529
-1.23931 0.304749
-1.21703 -0.0752802
-1.0486 0.254102
-1.02492 -0.257077
-1.15858 -0.374965
-1.12883 -0.603912
-1.26833 -0.854974
-1.15151 -0.929324
-1.33834 -1.15861
-1.20888 -1.21341
-1.42235 -1.48159
-1.25389 -1.44861
-1.43469 -1.72689
-1.60296 -1.75617
-1.57139 -1.59634
-1.70361 -1.70286
-1.55945 -1.4115
-1.76763 -1.572
-1.91185 -1.83985
-1.97601 -1.66074
-2.18647 -1.98693
-2.04033 -2.05538
-2.31651 -2.16479
-2.4417 -2.14923
-2.65383 -2.3094
-2.675 -2.12447
-2.96405 -2.31352
-2.82173 -2.44242
-3.02568 -2.52658
-2.85173 -2.55535
-2.90752 -2.07025
-3.14566 -2.14042
-3.06583 -1.98213
-3.08699 -1.81592
-2.91464 -1.87614
-2.93739 -1.65666
-2.92058 -1.29878
-2.64459 -1.55148
-2.79278 -1.75731
-2.67369 -1.87556
-2.38621 -1.68979
-2.42324 -1.94788
-2.2065 -1.76812
-2.10126 -1.48334
-2.32952 -1.40985
-2.10633 -1.16282
-2.32493 -1.15645
-2.1846 -0.829225
-2.42408 -0.950451
-2.3956 -0.661505
-2.55865 -0.787481
-2.58075 -0.511867
-2.76436 -0.716026
-2.6449 -1.02199
-2.85368 -1.00744
-2.95327 -0.80025
-2.77353 -0.330699
-3.01673 -0.99654
-2.77506 -1.16073
-2.6585 -1.26798
-2.50076 -1.16092
-2.4819 -1.32629
-2.56977 -0.128805
-2.43199 -0.390877
-2.38011 -0.182017
-2.23362 -0.411558
-1.98851 -0.514989
-1.87838 -1.17581
-1.89976 -1.42039
-1.81277 -1.45623
-1.77724 -1.28237
-1.66483 -1.3004
-1.4779 -1.91719
-1.38004 -1.78901
-1.2571 -1.63368
-1.34334 -1.84006
-1.19563 -1.72279
-1.06642 -1.50974
-1.09707 -1.36875
-1.10137 -1.22852
-0.944221 -1.09285
-1.02011 -0.971566
-0.903973 -0.893179
-0.871718 -0.675611
-1.01435 -0.696314
-0.908215 -0.422151
-1.01354 -0.507179
-0.895571 -0.217314
-0.895901 -0.0217622
-0.788141 -0.12328
-0.825678 0.295344
-0.971409 0.615771
-0.828345 0.778319
-0.944525 1.17559
-0.759744 1.22244
-0.931272 1.44404
-0.998966 1.68652
-0.879629 1.61616
-0.952267 1.96803
-0.947679 2.37551
-1.08093 2.62108
-0.89592 2.68429
-1.03263 2.87881
-1.10037 3.02579
-1.14504 3.21907
-0.977612 3.10561
-0.967968 3.34189
-0.878979 3.35914
-0.884299 3.23813
-0.800369 3.27214
-0.693755 3.34434
-0.280868 2.18775
-0.367818 2.45847
-0.374588 2.20344
-0.531268 2.29155
-0.504134 2.03049
-0.62825 2.211
-0.63434 2.50118
-0.71289 2.38993
-0.73761 2.56986
-0.815214 2.47716
-0.767708 2.15238
-0.80264 2.64104
-0.605432 1.87336
-0.752374 1.71353
-0.561803 1.40277
-0.534143 0.874592
-0.673278 0.758695
-0.574002 0.478462
-0.698147 0.484036
-0.646869 0.162101
-0.545105 0.25638
-0.433307 0.411062
-0.536359 0.0267596
-0.415878 0.0778249
-0.503804 -0.185595
-0.597939 -0.275203
-0.592484 -0.506301
-0.7155 -0.481843
-0.670672 -0.192404
-0.780087 -0.392288
-0.78616 -0.797531
-0.68998 -0.831972
-0.819381 -1.04645
-0.749613 -1.04285
-0.844822 -1.19509
-0.777015 -1.20272
-0.917089 -1.39409
-0.948954 -1.27142
-1.04136 -1.61321
-0.902315 -1.5028
-1.05499 -1.72071
-1.15407 -1.78433
-1.30815 -1.92982
-1.34167 -2.05291
-1.44588 -1.99919
-0.746675 -1.26313
-0.664191 -1.0586
-0.64592 -0.905814
-0.571427 -0.869523
-0.50436 -0.644412
-0.579835 -0.670947
-0.494252 -0.463657
-0.475371 -0.30482
-0.406623 -0.262961
-0.412863 -0.110276
-0.314841 -0.0690868
-0.33796 0.066808
-0.317991 0.283913
-0.231344 0.157196
-0.182873 0.446522
-0.296995 0.589173
-0.37653 0.799609
-0.436168 1.09185
-0.342834 1.05566
-0.401547 1.35132
-0.467446 1.69594
-0.335589 1.59965
-0.385505 1.89762
-0.297362 1.82862
-0.310059 2.01077
-0.227652 1.90692
-0.182072 2.01416
-0.156254 1.82914
-0.154569 1.71529
-0.236157 1.68602
-0.182953 1.44005
-0.291512 1.26667
-0.196856 1.13501
-0.26244 1.0184
-0.28415 0.846322
-0.198466 0.819226
-0.129145 1.02325
-0.109414 1.24023
-0.0536728 1.03243
-0.0759687 1.5097
-0.0273771 1.46779
-0.0990009 1.66519
-0.0424242 1.60118
-0.0912085 1.81332
0.00221634 1.60029
-0.023982 1.75952
-0.0777216 1.94697
-0.60292 -1.13922
-0.388033 -0.743662
-0.322579 -0.573439
-0.447392 -0.86671
-0.471346 -0.934355
-0.543344 -1.10144
-0.562157 -1.13739
-0.656522 -1.29054
-0.677304 -1.31386
-0.786343 -1.49493
-0.767936 -1.45748
-0.689147 -1.32161
-0.808202 -1.50847
-0.702538 -1.33401
-0.86762 -1.62597
-0.590729 -1.14274
-0.500247 -0.950733
-0.73649 -1.41137
-0.628355 -1.23832
-0.666447 -1.25573
-0.558516 -1.08573
-0.523005 -0.941567
-0.595488 -1.02153
-0.719632 -1.26193
-0.474092 -0.75034
-0.484281 -0.699855
-0.343296 -0.445463
-0.40859 -0.485682
-0.314872 -0.257237
-0.433502 -0.410992
-0.205102 -0.113021
-0.224055 -0.0297564
-0.151006 0.133493
-0.141603 0.2746
-0.0871477 0.391595
-0.107778 0.66361
-0.0906515 0.884093
-0.0355988 0.843012
-0.0339546 0.631758
0.0237179 1.28205
0.0220718 1.41605
0.0603247 1.54105
0.0134668 1.64876
-0.385453 -0.668123
-0.105461 0.1297
-3.3629 -3.04491
-3.45961 -3.11742
-3.21899 -3.08005
-3.46608 -3.17218
-3.61407 -3.19355
-3.17361 -3.00213
-3.77744 -0.870107
-3.27859 4.02898
-3.2768 4.26293
-3.15763 4.26827
-2.98148 4.46419
-2.77427 4.53866
-2.83697 4.75311
-2.66308 4.82749
-2.56717 5.10644
-2.66928 5.22602
-2.55912 5.31143
-2.69274 5.33344
-2.66325 5.43088
-2.63485 5.52826
-2.43923 4.89267
-2.29928 5.01758
-2.59523 4.53756
-2.49697 4.28189
-2.67093 4.2115
-2.72333 4.37896
-2.57984 3.90136
-2.40597 4.09475
-3.71822 4.63186
-3.7479 4.78614
-3.62037 4.92327
-3.53371 5.06522
-3.92059 3.24201
-3.89251 3.10087
-5.67736 -2.09955
-5.60219 -2.20235
-6.05405 -2.36491
-6.22716 -2.18839
-5.71217 -2.58769
-6.30396 -1.84442
-6.31675 -1.687
-6.00605 -0.695406
-6.5233 -1.67373
-4.61179 1.73532
-4.45747 2.02604
-4.46893 1.70337
-4.31679 2.00338
-4.29877 2.28909
-4.28503 2.57669
-4.2703 1.75869
-4.431 1.43493
-4.52777 1.06268
-6.58097 -1.24619
-2.38226 5.5473
-0.0759687 1.5097
