-5.66982 0.886179
-5.65138 1.10423
-5.23355 2.66794
-5.01378 3.12738
-4.89981 3.34605
-4.01577 4.6529
-2.82248 6.024
-2.6632 6.20322
-2.45122 6.416
-2.29474 6.56189
-1.89664 6.86861
-1.14662 7.3812
-0.998097 7.45335
0.498526 7.28315
0.898242 7.17118
1.15086 6.90565
1.31554 6.69741
1.43433 6.40885
2.2325 3.04273
2.13405 1.25807
2.11447 0.97046
2.07891 0.742608
1.91425 0.0677974
1.79339 -0.222174
1.5517 -0.785537
1.46213 -0.952608
1.09716 -1.52736
0.672016 -2.15354
0.432845 -2.45318
0.286056 -2.57656
0.236105 -2.61654
0.114205 -2.7134
-0.0645103 -2.80284
-0.226109 -2.87401
-0.535824 -2.98242
-0.874885 -3.06312
-1.34032 -3.16117
-1.42782 -3.16868
-1.81009 -3.1441
-1.89935 -3.11955
-1.99023 -3.09366
-2.05932 -3.07142
-2.54891 -2.89147
-4.25723 -2.23272
-4.33924 -2.19892
-4.44951 -2.15193
-4.70289 -2.00616
-4.86062 -1.81988
-5.13875 -1.3877
-5.23721 -1.23133
-5.33993 -1.06314
-5.43556 -0.849677
-5.56611 -0.477994
-5.60749 -0.298688
-5.64325 -0.107318
-5.67814 0.0910093
