2.40445 3.31044
2.22317 3.51878
1.95741 3.57411
1.69621 3.63902
1.8549 3.45849
2.11749 3.42643
2.0557 3.34851
2.26352 3.27044
2.5293 3.10719
2.75849 2.95869
2.70031 2.90348
2.53683 3.04286
2.52159 2.96924
2.65668 2.79352
2.88938 2.62922
2.93257 2.75722
3.11646 2.49721
3.09326 2.64795
3.23249 2.51453
3.62627 2.02555
3.47971 2.29105
3.48993 2.07668
3.37304 2.32688
3.31678 2.27086
3.42455 1.94388
3.22489 2.23122
3.27405 2.03028
3.36346 1.83287
3.52397 1.5312
3.61392 1.63526
3.5477 1.8625
3.65464 1.7545
3.79891 1.4201
3.80608 1.52031
3.75631 1.69703
3.89792 1.41729
3.92245 1.24761
4.04023 1.05859
4.0085 1.01907
4.1002 0.751461
4.20518 0.678433
4.15852 0.958763
4.29752 0.64947
4.30319 0.523115
4.38982 0.332845
4.38415 0.490531
4.33667 0.697476
4.25244 0.830492
3.77479 1.82443
3.86572 1.59373
3.85349 1.71829
3.89926 1.62334
3.9123 1.67961
3.95442 1.57096
3.95008 1.49817
3.99325 1.39413
4.03791 1.30909
4.10611 1.20272
4.10012 1.15658
3.99717 1.30264
5.50422 -4.78973
5.52719 -4.65226
5.56083 -4.38059
5.52896 -4.52983
5.45855 -4.69119
5.46427 -4.80563
5.44521 -4.86438
5.412 -4.85509
5.37852 -4.73653
5.37961 -4.95303
5.33506 -4.94649
5.30897 -4.7156
5.36281 -4.53222
5.31548 -4.56515
5.31949 -4.39675
5.41853 -4.29827
5.34995 -4.08948
5.44015 -4.12253
5.49046 -4.18484
5.44814 -3.93623
5.50509 -4.04745
5.45784 -3.86339
5.54009 -4.25536
5.49236 -4.45307
5.33472 -3.40482
5.31696 -3.23957
5.29431 -3.09398
5.27028 -2.94267
5.2634 -3.00612
5.2906 -3.17224
5.25047 -2.99783
5.28174 -3.29241
5.34848 -3.53721
5.42314 -3.75138
5.39235 -3.70815
5.35221 -3.74998
5.26356 -3.86605
5.22064 -4.03899
5.23509 -4.27682
5.13991 -4.10681
5.14438 -3.81821
5.05815 -3.86006
5.02984 -3.62316
5.09568 -3.56936
5.20179 -3.61081
5.08179 -3.3811
5.14931 -3.3521
5.26314 -3.47651
5.20228 -3.22948
5.12891 -3.17959
5.13164 -3.02424
5.09442 -3.06277
5.0269 -2.84211
5.05751 -3.13488
4.92353 -2.83217
5.00103 -3.16942
5.01534 -3.37275
4.89318 -3.06906
4.91928 -3.3829
4.94269 -3.70178
4.79289 -3.39865
4.77776 -3.11355
4.67659 -3.1388
4.64005 -2.85244
4.73945 -2.80442
4.81719 -2.7493
4.78882 -2.44198
4.86268 -2.4728
4.77722 -2.11803
4.84688 -2.2092
4.7943 -1.81836
4.88857 -2.13231
4.93245 -2.48388
4.9544 -2.37287
4.94165 -2.0616
5.00551 -2.35075
5.03401 -2.55068
5.08711 -2.60278
5.08216 -2.77868
5.18712 -2.96096
5.16953 -2.73519
5.11469 -2.43536
5.06028 -2.35529
5.04677 -2.25257
5.03388 -2.07363
5.1295 -2.38073
5.06654 -2.10791
5.12424 -2.29644
5.16373 -2.46151
5.0879 -2.0593
5.09991 -2.14626
5.05808 -2.00425
5.0186 -1.86746
5.02921 -1.97187
4.99128 -1.84026
4.94881 -1.69194
4.95529 -1.59674
4.8753 -1.33336
4.8945 -1.36368
4.93313 -1.42497
4.98753 -1.68405
4.97359 -1.56901
5.00511 -1.6611
5.0407 -1.77173
5.06167 -1.87174
5.03435 -1.86401
5.0734 -1.96113
4.97648 -1.47634
4.98845 -1.56654
4.95992 -1.48435
4.93441 -1.35793
4.87547 -1.22865
4.82961 -1.11659
4.82494 -1.0479
4.8794 -1.19056
4.83215 -1.02057
4.9216 -1.29947
4.96923 -1.38756
4.79472 -0.769057
4.81899 -0.898893
4.7967 -0.849073
4.77097 -0.617192
4.76664 -0.722328
4.78399 -0.888449
4.75205 -0.726289
4.77527 -0.944371
4.81313 -1.18622
4.87819 -1.49933
4.7734 -1.22388
4.8191 -1.5564
4.88354 -1.7547
4.95592 -1.86148
5.01051 -2.1525
4.86047 -1.85503
4.69858 -1.2711
4.67321 -1.60054
4.74759 -1.85544
4.7113 -1.89631
4.70993 -2.1011
4.62679 -1.80589
4.65935 -2.21082
4.72686 -2.54048
4.59672 -2.44522
4.57973 -2.16737
4.55669 -1.92555
4.49202 -2.06055
4.44074 -1.76467
4.33595 -1.80434
4.4022 -2.24358
4.51479 -2.62781
4.54634 -2.94699
4.35689 -2.63419
4.43913 -3.03898
4.62685 -3.35899
4.43831 -3.2793
4.55177 -3.6008
4.72632 -3.75267
4.80427 -3.67003
4.82436 -3.84709
4.90784 -3.9185
5.02549 -4.01879
4.97484 -4.20565
5.09207 -4.25586
5.16822 -4.40241
5.07307 -4.47713
5.17094 -4.63206
5.25239 -4.56704
5.23016 -4.8796
5.10733 -4.75293
5.12978 -4.97465
5.18721 -5.17843
5.28517 -5.15623
5.36119 -5.16934
5.29861 -5.32991
5.34388 -5.41403
5.41836 -5.29357
5.42508 -5.03095
5.44407 -5.10966
5.44132 -4.96572
5.46092 -5.07283
5.45403 -4.95048
5.47745 -4.90691
5.46186 -5.02458
5.45476 -5.1666
5.43214 -5.36513
5.43183 -5.31179
5.4634 -5.17555
5.44811 -5.37285
5.46368 -5.35345
5.46309 -5.19825
5.42432 -5.51831
5.43713 -5.52018
5.38812 -5.68037
5.40931 -5.68139
5.4458 -5.48743
5.41776 -5.61515
5.41559 -5.50925
5.37756 -5.61002
5.39171 -5.44449
5.34877 -5.56411
5.21189 -5.52842
5.12814 -5.62444
4.99143 -5.73522
4.93777 -5.56161
4.09679 -5.64971
4.26841 -5.77725
4.48942 -5.68149
4.38222 -5.87549
4.55546 -5.84333
4.36042 -6.04388
4.60965 -6.0346
4.43655 -6.14694
4.24564 -6.23954
4.04841 -6.14608
3.94384 -6.32875
4.05513 -6.41713
4.32186 -6.34186
4.28667 -6.42737
4.45329 -6.34076
4.49725 -6.23133
4.60982 -6.29648
4.47762 -6.39027
4.63846 -6.37129
4.79376 -6.26127
4.76958 -6.35643
4.62514 -6.44166
4.67127 -6.44571
4.81951 -6.39101
4.93421 -6.3143
4.96163 -6.32766
4.82218 -6.37205
5.00391 -6.23426
4.84774 -6.28549
4.92373 -6.12381
5.10789 -6.03121
5.05388 -5.95031
5.1671 -5.87367
5.19193 -5.92927
5.22708 -5.96133
5.1675 -6.10664
5.27463 -5.97758
5.25856 -6.04331
5.34065 -5.86333
5.32106 -5.83112
5.35501 -5.77119
5.35796 -5.67624
5.25484 -5.80602
5.31544 -5.61815
5.36979 -5.51172
5.2666 -5.50791
5.22738 -5.7045
5.17776 -5.5821
5.23718 -5.36773
5.14752 -5.40755
5.06064 -5.57841
5.00895 -5.43403
4.89355 -5.60474
4.80397 -5.44846
4.65308 -5.68186
4.80778 -5.7569
4.95768 -5.73868
4.80081 -5.92326
5.00612 -5.85399
5.08385 -5.71003
5.12537 -5.77913
4.92036 -5.99455
4.76909 -6.11148
4.73724 -6.25913
4.56232 -6.25306
4.60795 -6.10264
4.41314 -6.20922
4.45248 -6.10742
4.20794 -6.1719
4.40285 -6.03189
4.58091 -5.98386
4.49783 -5.88753
4.68071 -5.85074
4.41176 -5.79659
4.44297 -5.58923
4.19343 -5.81224
4.18036 -5.64147
4.28424 -5.47024
4.02783 -5.52613
4.27194 -5.23694
4.46734 -5.34131
4.4955 -5.10815
4.35989 -4.982
4.16846 -4.98182
4.02174 -5.22584
3.94318 -4.96302
3.79695 -5.20791
3.65749 -4.91009
3.51458 -5.32609
3.42095 -5.05801
3.45785 -4.86181
3.24672 -4.87864
3.27568 -5.08645
3.26761 -5.25311
3.10581 -5.12367
2.97827 -5.38989
3.22896 -5.48389
3.28277 -5.71298
3.61409 -5.5583
3.70601 -5.37885
3.83538 -5.42644
3.76112 -5.65799
3.85801 -5.71989
3.94717 -5.80164
3.68821 -5.88262
3.76004 -5.98511
3.92426 -6.01507
4.23442 -5.98439
3.988 -6.13795
3.88625 -6.27188
4.04073 -6.30821
4.21809 -6.29296
4.05322 -6.36774
4.19712 -6.3768
4.36449 -6.2938
4.39523 -6.33401
4.53668 -6.35448
4.2827 -6.43153
4.48285 -6.43412
4.68807 -6.37259
4.62637 -6.43675
4.70865 -6.43477
4.56662 -6.49005
4.48673 -6.499
4.38702 -6.53309
4.44709 -6.50799
4.26772 -6.55356
4.26665 -6.51786
4.04176 -6.60525
4.00673 -6.54407
4.04679 -6.46661
3.9734 -6.42986
3.75968 -6.55324
3.8281 -6.40952
3.4939 -6.53521
3.61615 -6.39489
3.69922 -6.23181
3.38384 -6.39217
3.43065 -6.46925
3.25098 -6.51329
3.15851 -6.63086
3.3976 -6.64223
3.14976 -6.70098
3.27793 -6.73412
3.54464 -6.66148
3.74309 -6.62198
3.87073 -6.60282
3.73173 -6.65681
3.53289 -6.72069
3.67369 -6.71138
3.83139 -6.64733
3.82339 -6.67551
3.64788 -6.74153
3.61525 -6.7401
3.8854 -6.66352
4.03104 -6.62473
4.07464 -6.62425
3.99847 -6.62603
4.24327 -6.57346
4.15806 -6.58614
4.25055 -6.55744
4.1587 -6.5856
4.14687 -6.58962
4.3533 -6.53635
4.30769 -6.48722
4.49289 -6.45485
4.01552 -6.53679
3.86331 -6.65079
3.61616 -6.63894
3.74857 -6.53833
3.76142 -6.44224
3.53479 -6.51906
3.46958 -6.59573
3.33937 -6.56912
3.24304 -6.62028
3.11552 -6.58828
2.97722 -6.70128
3.31779 -6.66249
3.25955 -6.74288
2.89482 -6.77788
2.98923 -6.80045
3.3843 -6.78199
3.07613 -6.83086
3.34579 -6.80565
3.4371 -6.78615
3.15888 -6.83632
3.16778 -6.81722
3.27068 -6.78723
3.11829 -6.80195
3.03666 -6.81303
2.97422 -6.83075
2.78394 -6.8737
2.70987 -6.888
2.98949 -6.85962
2.87387 -6.86807
2.63621 -6.87975
2.6044 -6.90732
2.34897 -6.93679
2.38232 -6.9415
2.07814 -6.96997
2.06173 -6.97003
1.65261 -7.02682
1.68145 -7.01032
1.83516 -6.99341
1.59242 -7.023
1.76826 -6.98947
2.07117 -6.95698
2.06591 -6.96365
2.32163 -6.93066
2.28836 -6.90925
2.04331 -6.92212
2.2308 -6.89117
2.46727 -6.8546
2.26193 -6.84658
2.03627 -6.89211
2.0441 -6.8419
1.83875 -6.88375
1.8106 -6.83965
1.51684 -6.90245
1.74601 -6.92799
1.35387 -6.99005
1.55523 -6.99523
1.84179 -6.96743
1.41037 -7.01845
1.19633 -7.04208
1.10624 -7.0486
1.28773 -7.05709
0.852038 -7.12323
0.908022 -7.0987
1.17337 -7.06774
1.44476 -7.05822
1.83716 -6.99364
1.47153 -7.02921
1.85025 -6.96339
2.19346 -6.93017
2.12586 -6.94993
2.28614 -6.89019
2.63042 -6.81832
2.35687 -6.83354
2.58697 -6.78127
2.26348 -6.82301
2.00437 -6.89472
1.94398 -6.82523
1.64767 -6.90938
1.66318 -6.95188
1.44318 -6.99881
1.34074 -6.99266
1.16833 -7.03428
1.14635 -7.05751
1.07479 -7.08992
0.864661 -7.10739
0.728745 -7.14138
0.544086 -7.14596
0.485421 -7.16898
0.73181 -7.12582
0.287573 -7.18866
0.205732 -7.16927
-0.152202 -7.18275
0.0229735 -7.19784
0.262865 -7.17742
0.0513811 -7.17731
-0.260955 -7.20266
-0.210521 -7.19169
-0.0412693 -7.17238
0.211147 -7.16463
0.255294 -7.10785
-0.0338688 -7.12116
-0.184742 -7.15479
-0.301891 -7.14199
-0.209958 -7.06721
0.0592685 -7.06255
0.0174313 -7.00018
0.320136 -7.00161
0.286848 -6.91021
0.520601 -6.93437
0.582076 -6.87995
0.813668 -6.91151
0.795282 -6.81842
1.14338 -6.81688
1.15142 -6.9043
1.37541 -6.85078
1.39669 -6.79988
1.40121 -6.7263
1.02094 -6.7182
1.22279 -6.63904
1.04352 -6.6297
0.798431 -6.62107
0.708928 -6.74131
0.493994 -6.80807
0.431625 -6.68957
0.170748 -6.79953
-0.0840454 -6.90481
-0.19921 -6.76089
0.101057 -6.68307
-0.131459 -6.5666
0.231032 -6.55615
0.524872 -6.55341
0.750166 -6.45151
0.423207 -6.40681
0.668863 -6.2336
0.328996 -6.16586
0.625557 -5.92151
0.914384 -6.0563
0.898197 -5.81268
0.788065 -5.54534
0.4665 -5.63137
0.551715 -5.26936
0.335152 -5.44649
0.285949 -5.21835
0.396837 -4.93674
0.655655 -4.94685
0.835073 -5.13957
0.852586 -4.73736
0.581012 -4.64364
0.731473 -4.41441
0.9935 -4.3447
0.689517 -4.08422
0.49831 -4.28881
0.363641 -3.84721
0.282298 -4.21519
0.138091 -4.06767
-0.0163498 -3.82116
0.133844 -3.53985
0.317435 -3.31764
0.0701194 -3.24725
0.1314 -2.84149
-0.165457 -3.07369
-0.177954 -2.66502
0.0023942 -2.46221
0.185304 -2.33424
-0.0454183 -2.10512
0.131108 -2.04863
0.0856524 -1.81514
0.273214 -1.96973
0.190176 -1.62757
0.0219131 -1.48283
-0.0874734 -1.72242
-0.199047 -1.42565
-0.334942 -1.82261
-0.418941 -1.42874
-0.644825 -1.63636
-0.584363 -1.22575
-0.35706 -1.05797
-0.655086 -0.809433
-0.8633 -1.22791
-1.06125 -0.837388
-0.91033 -0.522861
-1.21946 -0.427656
-0.931064 -0.206516
-0.669306 -0.391789
-0.607952 -0.0732335
-0.936044 0.15148
-1.25183 -0.0591299
-1.23577 0.259296
-1.01321 0.583155
-1.4421 0.453925
-1.39561 0.792666
-1.06067 1.01538
-1.41669 1.16364
-1.1308 1.43276
-0.834996 1.28394
-0.871991 1.56709
-0.603076 1.52933
-0.77295 1.78456
-1.01097 1.80236
-0.834257 2.07437
-0.547764 1.94955
-0.648216 2.25407
-0.435854 2.27116
-0.567622 2.53843
-0.270771 2.4893
-0.416601 2.89856
-0.760859 2.86177
-0.583706 3.17695
-0.783875 3.26653
-0.638568 3.32781
-0.639714 3.45068
-0.760295 3.53509
-1.00125 3.41023
-1.07616 3.03495
-1.27027 3.2759
-1.33622 3.02138
-1.4832 3.1492
-1.50956 3.38756
-1.78005 3.06619
-1.5429 2.8865
-1.76868 2.74796
-1.62958 2.54617
-1.3234 2.67467
-1.4993 2.27706
-1.16605 2.20816
-1.4715 1.944
-1.28967 1.75245
-1.4175 1.47317
-1.5161 1.65071
-1.68925 1.37005
-1.7598 0.918578
-2.00253 1.1587
-1.93933 1.5154
-1.69605 1.72911
-1.87304 1.86364
-1.65929 2.01113
-1.76457 2.20165
-2.00297 2.03157
-2.15613 1.65264
-2.27348 1.99053
-1.9453 2.39344
-2.23374 2.39034
-2.00655 2.73232
-2.25512 2.6146
-2.17194 2.82546
-2.438 2.65962
-2.50403 2.38046
-2.70709 2.46922
-2.78009 2.23494
-2.6835 2.04634
-2.46658 2.11713
-2.63063 1.70354
-2.4293 1.55774
-2.64898 1.14877
-2.36473 1.26734
-2.15432 1.3294
-2.24041 1.06987
-2.15043 0.770628
-2.46122 0.854211
-2.43202 0.39261
-2.16621 0.450458
-1.93076 0.568511
-1.66751 0.614824
-1.79428 0.320262
-1.55516 0.0942586
-1.86108 0.0135298
-2.05533 0.0993039
-2.0409 0.327636
-2.2601 0.178741
-2.24155 -0.0676871
-2.09984 -0.24263
-2.33909 -0.305195
-2.41739 -0.0979923
-2.57371 -0.488185
-2.31656 -0.653421
-2.53447 -0.897619
-2.39714 -1.18979
-2.13605 -0.92364
-2.04087 -0.564398
-1.81435 -0.787551
-1.78079 -0.279453
-1.53024 -0.431089
-1.5051 -0.165068
-1.38195 -0.250214
-1.42567 -0.802238
-1.61898 -1.1159
-1.2802 -1.30751
-1.65201 -1.52814
-1.87721 -1.23559
-1.96485 -1.63909
-2.14749 -1.35047
-2.19658 -1.81134
-2.3542 -1.61358
-2.5797 -1.68524
-2.61587 -1.2227
-2.79559 -1.40452
-2.71128 -0.946699
-2.86446 -1.02455
-2.96121 -1.24318
-2.94527 -1.52817
-3.07575 -1.49976
-3.10004 -1.15662
-3.22559 -1.40569
-3.17803 -1.73357
-3.08399 -1.78431
-3.00545 -1.71274
-3.01864 -1.97704
-2.88838 -1.81635
-2.92004 -2.20612
-2.79298 -2.10623
-2.81433 -2.48709
-2.94444 -2.49986
-2.9183 -2.7796
-2.7548 -2.91192
-2.64049 -2.55609
-2.70283 -2.28021
-2.57636 -2.1864
-2.42089 -2.50124
-2.40009 -2.01349
-2.21058 -2.22428
-2.18145 -2.6277
-1.9612 -2.337
-1.96908 -2.71776
-1.81367 -2.5417
-1.66202 -2.26727
-1.8098 -1.93687
-1.55534 -1.87422
-1.41797 -1.65562
-1.39333 -1.8401
-1.21309 -1.80429
-0.969451 -1.5937
-0.864131 -2.03248
-0.640745 -1.91463
-0.535835 -1.87238
-0.545631 -2.1189
-0.29362 -2.30022
-0.123897 -2.38149
-0.366478 -2.57676
-0.366909 -2.77587
-0.290519 -2.88969
-0.486717 -3.03284
-0.355459 -3.3567
-0.101292 -3.45611
-0.316566 -3.67025
-0.30892 -4.02828
-0.0526543 -4.12195
-0.188808 -4.36725
0.0863066 -4.31989
0.0163202 -4.58187
0.290678 -4.5508
0.120188 -4.85143
0.214731 -5.04362
0.0171647 -5.15149
0.130906 -5.42184
-0.11819 -5.45824
-0.302339 -5.20937
-0.266572 -4.81494
-0.438461 -5.05699
-0.632133 -4.94966
-0.587378 -4.67645
-0.455205 -4.45208
-0.735249 -4.44
-0.602889 -4.17632
-0.384188 -4.25096
-0.624888 -3.80404
-0.905149 -4.04207
-1.00963 -3.65226
-1.27787 -4.00308
-1.44798 -3.62796
-1.21124 -3.29212
-0.836496 -3.24389
-1.04571 -2.98198
-0.779954 -2.83443
-1.04953 -2.56478
-0.708533 -2.4492
-0.530073 -2.68912
-0.486553 -2.43135
-1.18653 -2.19295
-1.40124 -2.07265
-1.41827 -2.50695
-1.66701 -2.60062
-1.63991 -2.89915
-1.32512 -2.92766
-1.55751 -3.25766
-1.79854 -3.1915
-1.86575 -3.53308
-1.70131 -3.97639
-1.98948 -3.86949
-2.14087 -3.69259
-2.19129 -3.36345
-1.98796 -3.22357
-2.13224 -3.00389
-2.28961 -3.13728
-2.34498 -2.91186
-2.44213 -3.24248
-2.54599 -2.89458
-2.63662 -3.17727
-2.61838 -3.51467
-2.37812 -3.67398
-2.54641 -3.81612
-2.42223 -4.08723
-2.18337 -4.02112
-2.25217 -4.3578
-2.02027 -4.35883
-1.95231 -4.11224
-1.77264 -4.32645
-1.76249 -4.66917
-1.63511 -4.48539
-1.47462 -4.32719
-1.47926 -4.59251
-1.31737 -4.49797
-1.08074 -4.37264
-1.21528 -4.67586
-0.88365 -4.72527
-0.828438 -4.25375
-1.10178 -4.97491
-0.86037 -4.95622
-0.844676 -5.14974
-0.571355 -5.22468
-0.784794 -5.42554
-0.431805 -5.5079
-0.711703 -5.74521
-0.282078 -5.79909
-0.228174 -5.61873
-0.0673833 -5.66642
0.0362444 -5.56324
0.176219 -5.64784
0.00871277 -5.83173
0.264009 -5.89336
-0.0591745 -6.06868
0.0407267 -6.36921
-0.299207 -6.28308
-0.472704 -6.04448
-0.592386 -6.23576
-0.870147 -6.03428
-1.08741 -5.75199
-1.00188 -5.56023
-1.26584 -5.52243
-1.12133 -5.30254
-1.46123 -5.31135
-1.35312 -5.10334
-1.62258 -5.0329
-1.429 -4.85048
-1.958 -4.99753
-1.71949 -5.22635
-1.87487 -5.3278
-1.6226 -5.44584
-1.74123 -5.63315
-1.41669 -5.67193
-1.46423 -5.90167
-1.20928 -5.91236
-1.16236 -6.15774
-0.812518 -6.2854
-0.930101 -6.46955
-0.49759 -6.45811
-0.624518 -6.61019
-0.395066 -6.64064
-0.220203 -6.43156
-0.544692 -6.73911
-0.520991 -6.90624
-0.778144 -6.78346
-0.773086 -6.66641
-1.00649 -6.66334
-1.22688 -6.51374
-1.34069 -6.31372
-1.55531 -6.41123
-1.66411 -6.14476
-1.4787 -6.09177
-1.7241 -5.90483
-1.98924 -5.91426
-1.85907 -6.18766
-2.03281 -6.06208
-2.06337 -6.18366
-1.81694 -6.37018
-1.63828 -6.59605
-1.29962 -6.64212
-1.32815 -6.77684
-1.03024 -6.80678
-1.11557 -6.89206
-0.87104 -6.93756
-1.03022 -7.00076
-0.712342 -7.04566
-0.916714 -7.11625
-0.685649 -7.14167
-0.755805 -7.19348
-0.524525 -7.16974
-0.485753 -7.10822
-0.326293 -7.19273
-0.542493 -7.20096
-0.420075 -7.21344
-0.642711 -7.22126
-0.480753 -7.21187
-0.562242 -7.22564
-0.486127 -7.21696
-0.270993 -7.17773
-0.0408435 -7.16321
-0.124589 -7.15143
0.209247 -7.12733
0.540614 -7.10973
0.861666 -7.09295
0.749896 -7.04821
1.03597 -7.04241
1.06117 -7.00096
1.339 -6.93314
1.57873 -6.86206
1.32607 -6.87264
1.05724 -6.93216
1.18249 -6.83953
0.908707 -6.8806
0.741012 -6.96089
0.62576 -6.8723
0.451717 -6.95894
0.361694 -6.898
0.192621 -6.94273
0.142756 -6.86633
-0.0132136 -6.92391
-0.209161 -6.85842
-0.187416 -6.95079
-0.0191169 -6.99264
-0.254776 -7.01318
-0.0703669 -7.06133
0.217178 -7.0187
0.0406256 -7.09236
-0.327178 -7.1005
-0.301968 -7.14721
-0.456294 -7.16345
-0.625351 -7.16351
-0.68685 -7.21302
-0.760873 -7.24414
-0.975244 -7.23343
-0.977326 -7.25956
-0.867586 -7.24545
-1.10329 -7.26157
-1.00605 -7.24192
-0.79739 -7.2367
-0.898779 -7.22733
-1.04169 -7.17289
-1.14096 -7.21133
-1.24048 -7.22886
-1.37393 -7.15898
-1.26744 -7.13432
-1.54112 -7.0391
-1.57873 -7.12347
-1.47858 -7.1803
-1.73268 -7.13699
-1.7662 -7.05967
-1.9084 -7.05766
-1.99945 -6.95985
-2.09395 -7.00247
-2.26255 -6.88215
-2.16085 -6.83961
-1.98763 -6.8717
-2.19787 -6.72136
-1.95543 -6.75792
-2.15575 -6.59319
-1.88605 -6.64174
-2.14633 -6.43754
-2.3439 -6.40519
-2.34406 -6.25471
-2.44653 -6.26579
-2.54359 -6.09785
-2.55196 -6.28945
-2.72985 -6.05036
-2.71844 -5.90329
-2.61029 -5.87418
-2.78896 -5.67975
-2.88621 -5.7906
-2.96375 -5.56636
-3.03743 -5.59915
-3.05635 -5.74003
-3.1812 -5.44516
-3.22935 -5.55819
-3.14211 -5.80115
-2.99136 -5.99951
-3.08356 -5.99244
-2.96945 -6.16827
-2.86909 -6.19583
-2.82095 -6.34633
-2.75073 -6.33288
-2.76331 -6.20356
-2.60351 -6.40731
-2.38889 -6.52952
-2.49233 -6.58476
-2.36539 -6.65622
-2.35554 -6.73713
-2.54713 -6.64181
-2.44228 -6.76872
-2.44681 -6.8255
-2.29491 -6.93361
-2.50223 -6.86631
-2.33625 -6.97381
-2.14708 -7.03943
-1.94622 -7.09278
-1.96445 -7.11325
-1.81811 -7.15915
-1.62385 -7.1958
-1.81063 -7.15415
-1.72037 -7.18792
-1.44995 -7.21546
-1.34464 -7.23313
-1.18692 -7.24466
-1.28223 -7.21218
-1.14671 -7.1933
-0.955534 -7.20051
-0.811669 -7.21718
-0.827658 -7.15563
-0.641008 -7.10893
-0.911421 -7.09526
-1.03084 -7.15716
-1.1094 -7.11789
-1.25527 -7.15047
-1.39387 -7.18125
-1.4593 -7.14197
-1.66612 -7.14628
-1.54517 -7.18511
-1.74805 -7.15211
-1.89992 -7.1253
-1.92739 -7.13573
-2.0163 -7.10731
-2.13012 -7.06929
-2.08009 -7.0694
-2.29402 -7.00444
-2.26435 -6.98108
-2.1267 -7.02228
-1.94934 -7.08333
-2.16474 -6.92717
-1.90817 -6.98181
-1.73202 -7.08449
-1.71593 -6.99139
-1.80131 -6.90718
-1.55719 -6.96767
-1.52495 -7.05815
-1.29838 -7.01515
-1.37184 -6.91445
-1.59173 -6.86015
-1.40891 -6.82477
-1.57608 -6.73553
-1.33561 -6.73394
-1.15389 -6.85911
-1.12963 -6.74339
-0.936258 -6.77884
-0.845022 -6.87674
-0.72048 -6.80538
-0.490776 -6.77003
-0.567071 -6.86815
-0.44181 -6.95546
-0.706405 -6.95879
-0.989288 -6.98384
-0.692832 -7.03288
-1.11136 -7.05612
-1.25556 -7.08666
-1.36938 -7.08234
-1.40532 -7.11444
-1.56341 -7.10938
-1.20424 -6.93872
-0.471789 -7.04807
-0.158703 -6.69276
0.0275354 -6.78715
0.106805 -6.72656
0.303317 -6.70071
0.24239 -6.78568
0.47965 -6.77945
0.37396 -6.84768
0.741184 -6.76418
0.929373 -6.82164
0.955556 -6.75208
1.15239 -6.76208
1.42415 -6.74583
1.45529 -6.82349
1.73212 -6.75365
2.07722 -6.72398
2.26777 -6.77271
2.33158 -6.69893
2.56178 -6.72596
2.42225 -6.78522
2.80381 -6.63292
2.51974 -6.63617
2.70112 -6.57517
2.9286 -6.52127
3.16667 -6.48377
3.33927 -6.50532
3.35328 -6.4157
3.54498 -6.4426
3.56627 -6.3215
3.72279 -6.37082
3.80457 -6.27595
3.74746 -6.14742
4.009 -5.93576
4.21692 -5.96508
3.77747 -5.98778
3.89282 -5.84172
3.8771 -5.73199
3.91231 -5.5503
3.74322 -5.56978
3.77693 -5.69474
3.6144 -5.7084
3.68106 -5.86818
3.49762 -5.82782
3.43397 -5.96393
3.37989 -5.8627
3.21094 -5.93857
3.3686 -5.67734
3.09431 -5.7691
2.60211 -5.89926
2.91899 -5.93911
2.73252 -6.12012
2.40735 -6.11552
2.60107 -6.25658
2.39081 -6.31763
2.62375 -6.39555
2.81861 -6.2752
2.90918 -6.40485
2.73585 -6.49645
2.48969 -6.5349
2.38807 -6.43518
2.20274 -6.5033
2.20061 -6.62048
2.02032 -6.55191
1.94345 -6.61567
1.82408 -6.5631
1.86645 -6.43597
1.56934 -6.54169
1.66549 -6.65098
1.48397 -6.61784
1.32463 -6.67027
1.34978 -6.58618
1.09111 -6.60394
1.26791 -6.50732
1.44735 -6.44331
1.61959 -6.46263
1.59737 -6.38541
1.64239 -6.21067
2.07927 -6.21794
2.19261 -6.39039
2.15519 -6.04986
0.581275 -6.65215
0.874793 -6.67935
1.07953 -6.69596
-1.21031 -6.63916
-1.52211 -6.58919
-2.77283 -6.10743
-2.59532 -6.23571
-2.73389 -6.27541
-2.617 -6.40302
-2.48645 -6.43319
-2.36876 -6.34513
-2.30473 -6.57698
-2.16085 -6.45872
-2.00916 -6.65327
-2.15071 -6.79045
-1.9633 -6.81702
-2.01083 -6.88824
-1.7925 -6.7833
-2.39444 -6.74529
-2.40871 -6.87306
-2.4338 -6.90335
-2.58066 -6.78014
-2.5434 -6.73928
-2.67026 -6.66518
-2.62947 -6.57522
-2.51453 -6.54798
-2.62563 -6.48936
-2.7243 -6.40204
-2.75157 -6.44396
-2.84955 -6.3007
-2.7975 -6.29076
-2.84427 -6.18196
-2.94961 -6.09753
-3.22185 -5.83459
-3.31187 -5.70086
-3.60965 -4.98218
-3.68793 -4.81111
-3.70735 -4.81945
-3.65611 -4.94891
-3.54532 -5.13898
-3.44449 -5.42026
-3.49103 -5.31393
-3.44538 -5.46555
-3.35675 -5.69454
-3.42803 -5.55747
-3.31975 -5.7259
-3.28508 -5.87138
-3.25975 -5.8976
-3.19444 -6.00925
-3.18924 -6.01136
-3.12764 -6.1364
-3.06584 -6.20305
-3.0556 -6.26266
-3.13814 -6.13421
-3.10608 -6.24403
-3.23539 -5.96902
-3.20019 -6.04887
-3.1348 -6.18277
-3.25607 -5.9181
-3.29054 -5.89415
-3.36077 -5.72587
-3.33907 -5.73809
-3.42933 -5.50246
-3.41737 -5.5701
-3.48875 -5.34216
-3.53562 -5.21214
-3.50218 -5.31075
-3.5839 -5.09958
-3.54373 -5.09137
-3.51005 -5.21384
-3.63185 -4.97729
-3.64709 -4.88987
-3.72213 -4.82285
-3.78064 -4.62418
-3.76783 -4.66153
-3.76213 -4.70665
-3.84376 -4.44614
-3.90388 -4.24201
-3.86124 -4.36028
-3.9162 -4.13216
-3.86381 -4.22368
-3.79842 -4.46647
-3.83383 -4.31068
-3.91392 -4.04696
-3.83414 -4.17701
-3.91109 -3.88119
-3.84911 -3.96148
-3.7638 -4.25657
-3.74877 -4.39175
-3.74359 -4.41426
-3.69939 -4.57554
-3.73856 -4.40506
-3.64486 -4.55647
-3.74101 -4.1772
-3.65774 -4.23961
-3.71645 -3.90963
-3.63871 -3.99915
-3.68109 -3.7084
-3.60231 -3.81587
-3.63895 -3.60136
-3.57387 -3.65098
-3.64823 -3.34679
-3.52736 -3.48085
-3.5773 -3.28401
-3.50339 -3.26292
-3.60743 -3.01529
-3.47218 -2.97007
-3.54971 -2.76535
-3.63315 -2.69023
-3.6851 -2.76082
-3.71298 -2.99713
-3.73253 -3.2236
-3.69729 -3.47052
-3.77177 -3.45671
-3.81901 -3.10559
-3.87703 -3.32001
-3.80187 -3.65551
-3.72977 -3.68624
-3.80212 -3.87694
-3.85888 -3.64988
-3.91235 -3.66601
-3.93979 -3.3941
-3.97503 -3.06034
-3.91354 -2.88071
-4.00001 -2.70396
-3.96185 -2.54817
-3.88999 -2.60554
-3.91353 -2.39246
-3.86228 -2.40092
-3.83663 -2.77229
-3.78334 -2.65192
-3.78713 -2.95569
-3.7997 -2.23144
-3.69626 -2.42066
-3.71243 -2.00807
-3.61768 -2.08823
-3.5715 -2.46514
-3.51024 -2.16772
-3.4942 -2.4266
-3.40743 -2.39825
-3.40207 -1.96425
-3.51429 -1.63759
-3.3579 -1.62663
-3.28055 -1.79713
-3.2794 -2.14271
-3.22184 -1.92408
-3.15125 -2.03109
-3.17364 -2.34079
-3.25815 -2.54839
-3.13083 -2.62821
-3.04945 -2.33611
-3.01775 -2.6491
-3.05543 -2.95277
-2.91214 -3.11703
-3.02239 -3.27571
-3.14613 -3.24545
-3.06156 -3.59461
-2.91737 -3.43422
-2.9104 -3.70478
-2.79023 -3.60478
-2.78039 -3.29608
-2.68139 -3.81633
-2.81339 -3.89057
-2.699 -4.09848
-2.81558 -4.14725
-2.96131 -4.01077
-2.87739 -4.38372
-2.72513 -4.36503
-2.76392 -4.52702
-2.80179 -4.67958
-2.94664 -4.64881
-2.85353 -4.92964
-2.71335 -4.88278
-2.69734 -5.12366
-2.55152 -4.99027
-2.65974 -4.65601
-2.50195 -4.72845
-2.39307 -4.93097
-2.30875 -5.25339
-2.22067 -4.98817
-2.32973 -4.65798
-2.15923 -4.82775
-2.09653 -5.20878
-2.09337 -4.65202
-2.39424 -4.36882
-2.54371 -4.37316
-2.58347 -4.02916
-2.03648 -5.45618
-2.16061 -5.59882
-1.94577 -5.70338
-2.23329 -5.74306
-2.19019 -5.94325
-2.39876 -5.74368
-2.3728 -6.00771
-2.17964 -6.26809
-1.95962 -6.42766
-2.60742 -5.67345
-2.53099 -5.53158
-2.37128 -5.52744
-2.53384 -5.30575
-2.67055 -5.38477
-2.8297 -5.21354
-2.79588 -5.45524
-2.90583 -5.47376
-2.94374 -5.29274
-3.02837 -5.3708
-3.07773 -5.45083
-3.16311 -5.26863
-3.28687 -5.17188
-3.31847 -5.30795
-3.38526 -5.10201
-3.42319 -5.1754
-3.36146 -5.41486
-3.26654 -5.64682
-3.38127 -5.52611
-3.27572 -5.72977
-3.19212 -5.87511
-3.20789 -5.9485
-3.08361 -6.10272
-3.11528 -6.11917
-3.04772 -6.24215
-2.95842 -6.42638
-2.92476 -6.34663
-2.81574 -6.54322
-2.72879 -6.53951
-2.69141 -6.64707
-2.727 -6.66652
-2.60001 -6.75279
-2.5774 -6.7015
-2.65642 -6.76526
-2.77296 -6.66966
-2.64859 -6.78278
-2.48398 -6.90648
-2.59018 -6.81957
-2.45409 -6.91622
-2.56148 -6.81948
-2.3242 -6.98451
-2.65569 -6.76148
-2.65645 -6.74456
-2.74082 -6.63767
-2.73115 -6.69238
-2.83826 -6.55637
-2.86805 -6.45367
-2.785 -6.49596
-2.91326 -6.34767
-2.99538 -6.18177
-2.97939 -6.26777
-3.12874 -6.05282
-3.06393 -5.99376
-3.15744 -5.89778
-3.235 -5.88894
-3.15645 -6.0459
-3.27657 -5.84289
-3.32958 -5.67825
-2.938 -6.38249
-2.94875 -6.3987
-2.87764 -6.55289
-2.7364 -6.70574
-2.78262 -6.67074
-2.86844 -6.57475
-2.87549 -6.55826
-2.83405 -6.58322
-2.93467 -6.48301
-3.03406 -6.37492
-2.97165 -6.45504
-2.97155 -6.38457
-2.2356 -7.02052
-2.66446 -6.48432
-3.34655 -5.67736
-3.45139 -5.3826
-3.44751 -5.49449
-3.53483 -5.21856
-3.59609 -5.03799
-3.58755 -4.87748
-3.52498 -5.11116
-3.5574 -4.86707
-3.50368 -5.02289
-3.45431 -5.27318
-3.47434 -4.95199
-3.53644 -4.76785
-3.47684 -4.71672
-3.38394 -4.91298
-3.41007 -4.68154
-3.32774 -4.7647
-3.23793 -4.98775
-3.24244 -4.71059
-3.11662 -4.90175
-3.0797 -5.15168
-2.9794 -5.06387
-3.00497 -4.84051
-3.11172 -4.60812
-3.02136 -4.39407
-3.17161 -4.25375
-3.25533 -4.4344
-3.36116 -4.51716
-3.35688 -4.2438
-3.46609 -4.26781
-3.47642 -4.49275
-3.5618 -4.26032
-3.56159 -4.50497
-3.54294 -4.04354
-3.44937 -4.02709
-3.53532 -3.86491
-3.46566 -3.76035
-3.32489 -3.94788
-3.28317 -4.22974
-3.14253 -3.92526
-3.0545 -4.17323
-3.25141 -3.53058
-2.97712 -4.2462
-3.41288 -3.54465
-3.37374 -3.22837
-3.26728 -3.16092
-3.20373 -2.90597
-3.35611 -2.8464
-3.48051 -2.65092
-3.66642 -4.77669
-3.68539 -4.81754
-3.63613 -4.96615
-3.71506 -4.71627
-3.7322 -4.55335
-3.35683 -1.33723
-3.27311 -1.03274
-3.17832 -1.1031
-3.13288 -0.848208
-2.98882 -0.886833
-3.04321 -0.700038
-2.97166 -0.617442
-2.83159 -0.664561
-2.90755 -0.387874
-2.75425 -0.328537
-2.60086 -0.0318831
-2.81891 -0.0851305
-2.70999 0.253625
-2.95329 0.171647
-2.79485 0.523437
-2.95863 0.615147
-3.12297 0.390193
-3.07152 0.62841
-3.16412 0.655857
-3.2426 0.457269
-3.27853 0.222367
-3.15668 0.0386099
-3.31131 -0.0921645
-3.19926 -0.281864
-3.06562 -0.147362
-3.07073 -0.470555
-2.96377 -0.183701
-3.24737 -0.639155
-3.32122 -0.387033
-3.38943 -0.629124
-3.34997 -0.861381
-3.45915 -0.95447
-3.37281 -1.08225
-3.44317 -1.24828
-3.51428 -1.23622
-3.58006 -1.34237
-3.62914 -1.53962
-3.64547 -1.78801
-3.70854 -1.62553
-3.79133 -1.85782
-3.79127 -1.56649
-3.84228 -1.67876
-3.85302 -2.01401
-3.91171 -1.80256
-3.9194 -2.09922
-3.95358 -1.75411
-3.9607 -2.03401
-3.96848 -2.2716
-3.99072 -2.13804
-4.00054 -2.37828
-4.05973 -2.08427
-4.07761 -2.47621
-4.03885 -2.84048
-4.09045 -2.67138
-4.07033 -2.92866
-4.00561 -3.19163
-4.02255 -3.2332
-3.97945 -3.42687
-3.96774 -3.4644
-3.96593 -3.63764
-3.95967 -3.7884
-3.97353 -3.60014
-3.9652 -3.69335
-3.9339 -3.88165
-3.90348 -4.02708
-3.95583 -3.8692
-3.93929 -4.05199
-3.99201 -3.57684
-3.99187 -3.46986
-4.22963 -2.5336
-4.19175 -2.36263
-4.23226 -2.29332
-4.20944 -2.04565
-4.20695 -1.74937
-4.16753 -1.9007
-4.18648 -1.62703
-4.13397 -1.77748
-4.11085 -1.97968
-4.09768 -1.81538
-4.14592 -1.54488
-4.10026 -1.42829
-4.15992 -1.27607
-4.13461 -1.22523
-4.1424 -1.07758
-4.17375 -1.06608
-4.18059 -1.33894
-4.20517 -1.09014
-4.21659 -1.46444
-4.1781 -0.4927
-4.15215 -0.252885
-4.12542 -0.315462
-4.10307 -0.035843
-4.04277 0.145004
-3.81263 0.501197
-3.77897 0.443345
-3.72427 0.713017
-3.69281 0.528286
-3.64193 0.676856
-3.59483 0.417509
-3.58316 0.777662
-3.45414 0.598703
-3.50232 0.948761
-3.36481 1.01199
-3.31148 0.677025
-3.35574 0.410145
-3.40675 0.386638
-3.4372 0.173456
-3.20898 0.96197
-3.03823 0.904646
-3.08149 1.26616
-3.22577 1.2893
-3.11514 1.51657
-3.21751 1.59988
-3.34729 1.38913
-3.3276 1.67154
-3.44098 1.50498
-3.47874 1.24242
-3.57899 1.4825
-3.61614 1.08822
-3.66126 1.5814
-3.58248 1.72886
-3.47732 1.98547
-3.45112 1.85403
-3.51139 1.69814
-3.43816 1.69473
-3.3174 1.89679
-3.1851 1.88621
-3.16594 2.14388
-3.34056 2.03719
-3.2853 2.2215
-1.17614 3.85871
-0.908429 3.87803
-0.647496 4.00562
0.0242 4.05322
-0.345072 3.99841
-0.100438 3.92798
-0.317328 3.90041
-0.522239 3.84479
-0.272675 3.75421
-0.594189 3.68186
-0.469847 3.54079
-0.622007 3.57369
-0.537289 3.36992
-0.357715 3.28749
-0.242867 3.52685
-0.056385 3.33781
-0.0501494 3.61576
0.185157 3.53658
0.157029 3.80071
0.159594 3.97181
0.394986 3.95591
0.295347 4.06287
0.832208 3.84352
0.665352 3.9683
0.527592 3.83492
0.6883 3.71919
0.868541 3.73648
1.06839 3.74477
0.894574 3.60952
1.25258 3.56863
1.33463 3.73269
1.47461 3.64474
1.52537 3.73043
1.56742 3.51608
1.43914 3.37424
1.71018 3.32271
1.95004 3.28098
1.90726 3.0722
1.58495 3.12904
1.78866 2.88827
2.05046 2.72027
1.81168 2.60743
2.0367 2.45027
2.23185 2.39752
2.31795 2.59893
2.41933 2.35144
2.41157 2.06012
2.57077 2.19306
2.53371 2.45178
2.73203 2.24776
2.70098 2.55384
2.91877 2.23731
2.94088 2.4085
3.10408 2.17586
3.06955 2.40091
3.07875 1.96833
2.90357 1.9867
3.07883 1.73675
2.88839 1.70196
3.08535 1.50115
2.97083 1.33084
3.23709 1.23112
3.24568 1.48705
3.419 1.22147
3.42006 0.999708
3.59313 0.890169
3.51762 0.793837
3.66839 0.547126
3.79068 0.592752
3.74581 0.870621
3.91683 0.547186
3.89628 0.42031
3.99956 0.282151
4.07835 0.307012
4.00748 0.554577
4.12081 0.408682
4.01732 0.693413
3.87446 0.864724
3.94689 0.9914
4.08302 0.661929
4.1755 0.474614
4.27572 0.391862
4.26707 0.188751
4.39075 0.0279862
4.40866 0.19558
4.47439 -0.0627069
4.527 -0.308356
4.55602 -0.248001
4.48665 0.0344049
4.54737 -0.0821047
4.52471 0.0682629
4.61075 -0.197222
4.60743 -0.0656296
4.55608 0.135247
4.65889 -0.131236
4.76457 -0.390383
4.42545 0.545027
4.50671 0.487037
4.48558 0.425527
4.42544 0.455102
4.52842 0.278598
4.44427 0.285339
4.73266 -0.435497
4.73413 -0.566997
4.68569 -0.360055
4.67601 -0.540202
4.62831 -0.568957
4.71229 -0.7814
4.7521 -0.998599
4.69037 -0.907151
4.6195 -0.9176
4.58871 -1.0181
4.58353 -1.20761
4.52916 -0.955233
4.5348 -0.755736
4.44141 -0.764011
4.48495 -1.0431
4.38419 -0.847839
4.40249 -1.11444
4.54479 -1.38053
4.47394 -1.53046
4.33192 -1.24903
4.23122 -0.92961
4.3067 -0.835033
4.19787 -0.656172
4.29346 -0.61649
4.37708 -0.69235
4.35298 -0.523846
4.4345 -0.498542
4.30562 -0.240148
4.38972 -0.184973
4.50894 -0.481802
4.5982 -0.652816
4.22595 0.0719207
4.13197 0.031315
4.19641 -0.288901
4.03052 0.0228385
4.00469 -0.202691
4.16651 -0.447302
4.08712 -0.458906
4.08197 -0.632564
3.93808 -0.359317
3.93644 -0.555105
4.052 -0.846019
4.19504 -1.17909
4.00447 -1.10642
4.18661 -1.4536
4.32994 -1.49686
4.18134 -1.68813
4.24634 -1.93912
4.0701 -1.79396
4.20207 -2.18443
4.11278 -2.44706
4.22314 -2.9451
3.97195 -2.62023
4.02392 -2.89173
4.02993 -3.17765
4.33676 -3.41898
4.25014 -3.70139
4.47349 -3.7591
4.51281 -4.04844
4.67615 -3.97207
4.72472 -4.29267
4.86506 -4.25554
4.83684 -4.00562
4.97174 -4.39502
4.92306 -4.56149
5.00066 -4.88702
4.77108 -4.7807
4.72401 -4.50983
4.57781 -4.32195
4.56208 -4.53484
4.29868 -4.17667
4.37318 -4.54689
4.5154 -4.82129
4.68995 -5.04089
4.8923 -5.06348
4.77854 -5.24232
4.95078 -5.26658
5.05712 -5.11686
5.08512 -5.28384
4.63777 -5.40028
4.62124 -5.2252
4.63934 -5.52768
4.28233 -4.74979
4.14569 -4.43598
4.06512 -4.723
3.90547 -4.46983
3.92585 -4.19329
4.09543 -4.19181
3.99275 -3.98431
4.07187 -3.80167
3.81961 -3.66823
3.68305 -3.8949
3.4954 -3.52703
3.28128 -3.7653
3.17877 -3.39916
2.86035 -3.48216
2.90424 -3.13593
3.30231 -3.14908
2.92556 -2.74555
3.35382 -2.8374
3.14077 -2.39999
3.54993 -2.66375
3.39931 -2.26866
3.68627 -2.3715
3.45001 -1.93941
3.12648 -1.9178
3.20068 -1.40984
2.94956 -1.55312
2.82648 -1.21277
2.97108 -0.900947
2.66089 -0.822309
2.78307 -0.458829
2.46187 -0.49637
2.51874 -0.226578
2.65177 -0.10842
2.4096 0.0840036
2.64202 0.113314
2.83299 -0.105217
2.77773 0.247164
3.02869 -0.0676873
3.01951 0.249484
3.20369 -0.0632524
3.24192 -0.396826
3.42534 -0.299207
3.26861 0.132598
3.50635 -0.0668806
3.37642 0.300259
3.58889 0.0711913
3.54683 0.398656
3.77245 -0.0323316
3.81399 0.166546
3.74367 -0.280967
3.49148 0.676433
3.33371 0.79587
3.27539 0.612016
3.06836 0.936201
3.18509 1.06034
3.31827 0.989486
3.41714 0.853464
2.83042 1.17741
2.85233 0.956036
3.04514 0.587038
2.75174 0.84254
2.75213 0.579336
2.56507 0.868785
2.57568 1.18086
2.28759 1.00229
2.22287 1.41245
2.42108 1.66348
2.70711 1.45415
2.64848 1.782
2.58554 2.00605
2.72062 1.98933
2.80075 1.56944
2.26749 1.91847
2.13141 2.15203
2.10048 1.80825
1.91372 2.09049
1.91783 2.32985
1.64743 2.32893
1.71768 1.8489
1.50257 2.09802
1.24927 2.31484
1.37239 2.69819
1.61335 2.63058
1.58961 2.84413
1.34599 3.03409
1.1266 2.96719
1.02637 2.7316
0.824257 3.071
1.08776 3.23607
0.78096 3.39264
1.03946 3.45233
0.61411 3.56594
0.569157 3.44151
0.41746 3.46818
0.546559 3.27608
0.270465 3.21246
0.540292 2.98637
0.758736 2.80713
0.604069 2.70244
0.858054 2.48616
1.00253 2.17146
1.18566 2.08541
1.3464 1.9312
1.10168 1.96112
1.14202 1.7062
1.45403 1.58807
1.73356 1.43418
1.95982 1.55045
1.98824 1.24279
1.7357 1.11368
1.98013 0.904845
2.23054 0.663477
1.93809 0.532316
2.22663 0.378868
2.07076 0.159034
2.48644 0.392331
2.2285 -0.206679
1.90439 -0.116679
1.71957 0.183946
1.67043 -0.151448
1.4272 -0.0971193
1.41359 0.341718
1.15564 0.104782
1.11509 0.570699
0.941492 0.252099
0.806584 0.553444
0.921882 0.770471
0.757628 1.04223
0.597358 0.708245
0.438648 0.968135
0.42127 1.42168
0.221406 1.20563
0.204508 1.44905
0.1573 1.67254
0.0145311 1.45631
-0.06391 1.77458
-0.281138 1.63662
-0.243606 2.07262
0.0382113 1.99827
-0.105419 2.29915
0.171986 2.22966
0.0359125 2.58413
-0.167521 2.81383
0.0304146 2.98024
-0.195824 3.07452
0.32814 2.77095
0.307563 2.43266
0.58667 2.40029
0.451712 2.14289
0.79307 1.96486
0.54374 1.91794
0.606494 1.68006
0.89646 1.47598
1.23332 1.38504
1.07474 1.14262
1.3083 1.14041
1.49619 1.27408
1.48815 0.995021
1.70463 0.808796
1.43355 0.699306
1.64043 0.525893
1.23903 0.910661
1.01889 0.889631
0.66806 1.41361
0.337133 1.87362
0.809518 2.25908
-0.206396 2.36907
-0.228182 2.30443
-0.300639 2.28423
-0.368291 1.32079
-0.16789 1.30177
-0.259077 0.977591
0.0123324 1.08594
0.218063 0.807771
-0.00686169 0.762106
0.129315 0.495914
0.277785 0.540254
0.409876 0.605052
0.332491 0.278579
0.573982 0.361207
0.54419 -0.118317
0.750005 0.175592
0.889007 -0.144094
0.73079 -0.477607
0.957767 -0.590332
1.15798 -0.312192
1.20031 -0.700054
1.34172 -0.452855
1.56327 -0.45073
1.4009 -0.709997
1.59368 -0.824607
1.35741 -1.11706
1.75247 -1.16279
1.57655 -1.55577
1.95378 -1.6302
2.13346 -1.24332
1.98438 -0.87198
2.18379 -0.999962
2.32929 -1.09048
2.47291 -1.33383
2.32248 -1.60182
2.58562 -1.60769
2.57015 -1.89773
2.8126 -1.74969
2.7241 -1.45574
2.87538 -2.05363
2.69528 -2.28398
2.43467 -2.09413
2.24596 -1.90162
2.24855 -2.1312
2.40685 -2.2757
2.17763 -2.35034
2.46883 -2.54323
2.56479 -2.89283
2.24769 -2.74048
2.2294 -2.54705
2.02269 -2.56998
1.89937 -2.34078
1.64827 -2.54599
1.93427 -2.88599
1.61158 -2.91024
1.35703 -2.76703
1.31621 -2.46796
1.40083 -2.20909
1.68229 -2.16283
1.47211 -1.89745
1.72554 -1.8674
1.27541 -1.59799
1.23582 -1.92995
0.972517 -1.68923
1.10542 -2.19533
0.819279 -2.06581
0.935201 -2.38006
1.11073 -2.57297
0.924354 -2.62262
1.07463 -2.96381
1.41389 -3.10427
1.25431 -3.35009
1.48735 -3.38814
1.7249 -3.22179
1.66842 -3.62786
1.96508 -3.45938
2.02629 -3.17934
2.2495 -3.32534
2.2614 -3.03162
2.56055 -3.21399
2.50897 -3.50811
2.69097 -3.64844
2.89024 -3.84218
2.50719 -3.85139
2.72879 -4.14623
2.39597 -4.28492
2.15541 -4.00736
2.04791 -4.42508
1.90852 -4.1087
1.75411 -4.35128
1.70851 -4.00005
1.93132 -3.80082
1.48524 -3.9258
1.39089 -3.63053
1.29347 -3.86736
1.17082 -3.63405
1.10613 -3.93437
1.32083 -4.23229
1.28295 -4.7982
1.54595 -4.5603
1.55508 -4.20964
1.83064 -4.80055
1.58885 -4.97293
1.84705 -5.31756
1.48852 -5.3671
1.82176 -5.78495
2.08333 -5.67901
2.17182 -5.41963
2.30581 -5.6826
2.31538 -5.88149
2.54223 -5.7855
2.45662 -5.55434
2.7474 -5.61734
2.63191 -5.37157
3.02293 -5.65363
2.82711 -5.83133
3.03743 -5.8119
2.99271 -5.97715
3.25884 -5.96193
3.50634 -5.81783
3.39943 -6.0666
3.59027 -6.06817
3.44921 -6.22673
3.67666 -6.11485
3.22435 -6.24603
3.21266 -6.34834
3.06668 -6.46939
2.98773 -6.34813
2.83466 -6.48902
2.82928 -6.58693
3.02512 -6.57183
2.86841 -6.67224
2.93349 -6.73477
2.67652 -6.76031
2.57426 -6.69589
2.4587 -6.79115
2.27435 -6.77377
2.2573 -6.65276
2.60417 -6.56932
2.38461 -6.46953
2.06814 -6.51856
2.14261 -6.30285
1.90117 -6.3991
1.78182 -6.16805
2.02479 -6.06824
2.27883 -6.09398
2.09857 -5.91405
2.61007 -6.03021
2.49229 -6.27547
2.81531 -6.2221
3.10529 -6.15126
2.68978 -6.41172
1.44132 -5.88157
1.45209 -6.2405
1.65208 -6.40831
1.39497 -6.42612
1.49979 -6.57535
1.80436 -6.52918
1.82012 -6.66501
1.62711 -6.80218
1.98425 -6.76673
1.11736 -6.5096
1.22721 -6.333
0.976244 -6.29904
1.18881 -6.12349
1.11802 -5.85332
1.22523 -5.55516
1.22137 -5.21278
1.05363 -4.9904
1.05087 -4.71303
1.033 -5.34692
1.02019 -5.62915
2.74247 -6.82946
2.53527 -6.87563
2.78364 -6.85233
2.99303 -6.78718
2.56402 -6.88834
2.57456 -6.90734
2.34417 -6.93689
2.42373 -6.93073
2.7977 -5.11896
2.45782 -5.1313
2.57147 -4.8943
2.39807 -4.96763
2.33647 -4.82111
2.28665 -4.99037
2.12246 -4.84674
2.22056 -5.15056
2.37261 -5.33782
2.02225 -5.11729
2.26133 -4.59773
2.48834 -4.61642
2.66121 -4.42385
2.75116 -4.66537
2.94051 -4.4234
2.99146 -4.13109
3.22512 -4.30428
3.16421 -4.01544
3.40981 -4.12416
3.51972 -3.9836
3.67777 -4.21322
3.53526 -4.35107
3.69482 -4.54308
3.86618 -4.72266
3.44001 -4.59311
3.41285 -4.33431
3.18172 -4.586
3.00114 -4.73659
3.004 -4.95838
2.82827 -4.8841
0.867879 -3.87654
0.985427 -3.66028
0.770816 -3.50433
1.00588 -3.37363
0.792373 -3.11815
0.564956 -3.22347
0.577121 -2.87585
0.77717 -2.75678
0.566832 -2.51263
0.755026 -2.40539
0.543504 -2.074
0.642618 -1.62379
0.373396 -1.63399
0.417091 -1.27329
0.189831 -1.28814
0.266697 -1.02657
0.121134 -0.971901
0.208692 -0.741051
0.420765 -0.914107
0.35459 -0.668799
0.283563 -0.403779
0.5211 -0.626892
0.269991 -0.0501562
0.0813098 -0.147496
0.0980167 0.176851
-0.0802417 0.0691805
-0.193508 0.453535
-0.314304 0.0632826
-0.600133 0.330804
-0.598863 0.765219
-0.854912 0.844365
-0.777853 1.01035
-0.564875 1.1483
-0.357057 -0.226448
-0.136986 -0.18472
-0.21488 -0.414079
0.00960493 -0.477338
-0.19853 -0.718074
0.0176425 -0.786832
-0.0571556 -1.09231
-0.405412 -0.764854
-0.424606 -0.507865
-0.506139 -0.291097
0.579014 -0.90332
0.757582 -0.870035
0.633011 -1.18741
0.873374 -1.26164
1.03452 -0.988684
1.09511 -1.34174
0.774996 -1.44694
0.389595 -2.30452
0.375539 -2.64407
0.394716 -2.98034
0.534765 -3.52839
0.649325 -3.76497
2.21337 -3.64272
1.98505 -2.0583
2.65008 -1.27038
2.54838 -1.08665
2.31017 -0.808825
2.08544 -0.643806
2.2135 -0.507723
1.98746 -0.429079
1.95263 -0.636904
1.79399 -0.627346
1.76646 -0.87214
1.77445 -0.344391
2.4878 0.676774
2.62561 0.486399
0.422161 3.66944
1.22487 3.38942
1.33348 3.24965
3.89191 0.303268
4.02044 0.147953
3.62777 -0.390921
3.82982 -0.679235
3.64267 -0.664657
3.8045 -0.9308
3.86035 -1.21385
4.03582 -1.45838
3.8953 -1.50415
3.90002 -1.74934
4.00194 -2.044
3.79182 -1.86637
3.87879 -2.2334
3.67498 -2.01075
3.8443 -2.79129
3.54716 -1.60504
3.74127 -1.53156
3.5491 -1.18202
3.39422 -1.26581
3.24301 -0.865269
3.46969 -0.72739
3.68174 -0.996693
3.74503 -1.28568
3.03993 -0.416198
3.0246 -0.653525
3.76674 -2.96142
3.76789 -3.17396
3.94519 -3.48013
3.65713 -3.34665
3.5447 -3.09417
3.60346 -2.95271
5.24667 -2.77781
5.22597 -2.83589
5.18531 -2.62292
5.17715 -2.66899
4.31055 0.420279
3.75279 1.2682
3.69442 1.14496
3.57765 1.19651
3.40227 1.48615
3.35515 1.70375
3.237 1.72373
3.23613 1.91462
2.4454 2.68955
2.45905 2.87069
2.21709 2.89756
2.27351 3.05968
2.0879 3.12484
2.15284 3.21708
2.37528 3.11098
2.40157 3.01973
-0.861288 3.71062
-0.671646 3.90053
-1.11948 3.74456
-1.20113 3.54938
-1.38446 3.66309
-1.64586 3.53912
-2.00772 3.26686
-1.80659 3.34149
-1.93943 3.18709
-2.07711 3.03096
-2.0879 3.15557
-2.28882 3.05371
-2.6605 2.91218
-2.37525 2.87251
-2.67972 2.67926
-2.93578 2.65259
-3.21758 2.45107
-2.98705 2.4218
-2.89137 2.32217
-3.01264 2.27437
-2.9999 2.10858
-2.888 1.94887
-3.06293 1.79062
-2.95682 1.61429
-2.80394 1.79473
-2.82421 1.61046
-2.87694 1.31596
-1.99196 2.93501
-3.66256 0.861787
-2.87405 0.95102
-2.79689 0.795312
-2.67785 0.772824
-2.62529 0.557758
-3.57852 0.0902242
-3.54345 -0.118906
-3.44482 -0.299865
-3.58143 -0.380886
-3.52321 -0.648279
-3.63746 -0.627241
-3.59154 -0.995915
-3.73209 -0.869508
-3.66385 -1.28273
-3.75792 -1.2972
-3.82166 -1.06358
-3.82255 -1.3682
-3.89805 -1.14631
-3.91487 -1.46404
-3.96297 -1.08561
-3.96684 -1.4293
-4.00668 -1.56187
-3.99374 -1.88057
-4.0745 -1.68728
-4.08886 -2.17307
-4.06731 -1.32415
-4.00665 -1.29421
-4.04558 -1.08392
-4.03894 -0.866648
-3.99154 -0.769836
-3.93616 -0.800122
-3.9195 -0.987756
-3.87973 -0.946715
-3.85879 -0.774379
-3.93309 -0.517995
-3.97965 -0.589682
-3.97933 -0.351793
-4.04595 -0.57312
-4.04344 -0.249243
-3.99495 -0.077113
-4.03821 -0.0221816
-3.93039 0.0689919
-3.90085 0.201864
-3.85175 0.146371
-3.85901 0.342432
-3.78063 0.180928
-3.71442 0.309917
-3.7156 0.075511
-3.78826 -0.117911
-3.66158 -0.147469
-3.65846 0.149063
-3.72401 -0.443527
-3.83426 -0.47897
-3.90868 -0.18155
-3.64662 -0.405101
-4.0752 -0.186063
-4.07659 -0.374921
-4.13427 -0.624953
-4.09025 -0.879793
-4.14183 -0.819432
-4.1332 -0.945877
-4.10126 -1.13324
-4.07827 -1.09807
-4.15617 -0.875033
-4.18851 -0.798684
-4.13696 -2.20089
-4.10205 -2.44314
-4.12358 -2.45815
-4.10628 -2.65782
-2.43197 0.111957
-3.79417 -4.36388
-1.76255 -6.63978
1.43232 -6.33092
1.93671 -6.68416
3.06674 -6.43636
3.12954 -6.33411
3.20472 -6.39926
3.32845 -6.30645
3.26886 -6.16253
3.48899 -6.20935
3.56298 -6.07031
3.02464 -6.27289
2.9982 -6.13409
3.58448 -5.56168
-1.87724 -7.11866
-2.87665 -6.09322
-2.88853 -5.98329
-1.57472 -6.78014
-1.74402 -6.80336
-1.52922 -6.91718
-1.3065 -6.91062
-1.23869 -7.05442
-1.76216 -6.89459
-1.80802 -6.96098
0.38085 -7.08468
0.561251 -7.02737
0.834032 -7.00056
-0.439345 -7.03013
-0.25069 -6.98851
-0.801104 -6.87043
-1.45127 -5.49187
-1.89365 -2.97748
-1.79853 -2.75762
-0.581272 -3.34467
-0.715039 -3.52121
-0.516248 -3.54129
-2.03756 -1.99542
-2.68407 -2.01761
-2.75288 -1.80567
-2.0081 -1.06217
-1.03661 2.6521
-0.840419 2.43494
1.16887 -6.98091
0.869598 -6.97589
0.930791 -7.02992
0.838746 -7.07396
0.559409 -7.09106
0.535262 -7.03548
0.224683 -7.0786
0.611381 -6.97116
0.365695 -7.13924
0.455777 -7.14747
0.567549 -7.14268
3.7317 -6.70042
3.58259 -6.71738
5.3872 -5.75139
5.33151 -5.90611
5.34849 -5.74878
5.26107 -5.89185
5.27428 -5.7286
5.26793 -5.58846
5.19565 -5.68007
5.16864 -5.83124
5.10789 -5.7628
5.0332 -5.90269
4.85405 -5.96069
4.78448 -5.77272
4.72665 -6.1564
4.93712 -6.10445
4.93205 -6.21856
4.88623 -6.28082
4.97334 -6.23882
5.0325 -6.15646
5.06706 -6.21044
5.12485 -6.10676
5.1771 -6.12047
5.16326 -6.15972
5.22495 -6.02785
5.07234 -6.23281
5.01798 -6.29126
5.1201 -6.01502
4.68021 -5.63429
4.82094 -5.56078
5.27392 -3.30371
5.0082 -2.61739
4.94102 -2.67165
5.32975 -3.5616
2.5293 3.10719
