1.45132 0.97694
1.45944 0.789991
1.37625 0.985624
1.28737 0.890965
1.36228 0.638776
1.51125 0.610662
1.42536 0.43901
1.53931 0.341862
1.52611 0.471725
1.76383 -0.228972
1.80322 -0.340509
1.83849 -0.448599
2.04838 -1.68066
2.07247 -1.98914
2.08319 -2.15697
2.10597 -2.27719
2.11806 -2.39458
2.13506 -2.46579
2.1517 -2.73841
2.13823 -2.83792
2.14345 -2.85871
2.14041 -2.77573
2.14545 -2.92652
2.14098 -2.80011
2.11873 -2.90779
2.10415 -2.83577
2.09837 -3.06038
2.0839 -2.90995
2.08629 -2.80105
2.10849 -2.70965
2.08052 -2.66667
2.04373 -2.88362
2.02612 -2.63203
2.10551 -2.57944
2.02373 -2.41493
1.9502 -2.62517
1.93852 -2.41671
1.9771 -2.14357
1.85413 -2.28717
1.82414 -1.99821
1.89851 -1.84529
1.76325 -1.70176
1.84119 -1.60127
1.72763 -1.49528
1.76832 -1.33559
1.64286 -1.32954
1.63468 -1.05541
1.75224 -1.11047
1.8721 -1.25041
1.81596 -1.00939
1.89961 -1.13519
1.92472 -1.01318
1.86476 -0.950125
1.9071 -0.901016
1.89705 -0.79017
1.87521 -0.675036
1.85448 -0.560487
1.79895 -0.486638
1.80983 -0.60498
1.76046 -0.551932
1.78486 -0.714303
1.69797 -0.545128
1.67216 -0.677808
1.75073 -0.836921
1.68794 -0.899529
1.82279 -0.881441
1.52387 -0.704473
1.50615 -1.01411
1.29963 -0.592127
1.37469 -1.10636
1.53161 -1.31463
1.48941 -1.5139
1.63246 -1.59467
1.68915 -1.52857
1.70496 -1.86832
1.58752 -1.87377
1.71163 -2.14862
1.58891 -2.17797
1.49625 -2.00985
1.41035 -1.7392
1.346 -2.00356
1.252 -1.69213
1.30443 -1.57456
1.33939 -1.4166
1.18631 -1.39497
1.20423 -1.10832
1.17776 -0.777196
1.07394 -0.857885
1.02003 -0.620222
0.90908 -0.708369
0.879544 -0.375386
1.06246 -0.379432
0.860273 -0.0492169
0.683717 -0.0887677
0.699046 0.193768
0.560919 0.23823
0.589126 0.537889
0.814842 0.336864
0.698507 0.778222
0.491857 0.948733
0.556096 1.19502
0.724354 1.07919
0.834126 0.790283
0.900109 0.979587
0.977748 0.584119
1.0486 0.751931
1.01672 0.958937
1.08041 0.862352
1.1377 0.704702
1.13198 0.511234
1.23654 0.628975
1.14254 0.852595
1.16063 0.981744
1.04259 1.11642
1.09598 1.29703
0.939337 1.49548
1.00189 1.61434
1.12509 1.4584
1.20704 1.29491
1.25526 1.47088
1.1093 1.62536
1.20303 1.62782
1.15259 1.776
1.07279 1.90502
0.987402 2.02845
0.996642 1.81172
0.874617 1.99271
0.896045 1.83964
0.842687 1.76766
0.745528 2.00723
0.694156 1.85925
0.522525 2.1614
0.508735 1.97072
0.614125 1.66493
0.807964 1.5531
0.797443 1.72595
0.852504 1.65331
0.918222 1.3157
0.867068 1.26511
0.948988 1.12412
0.748349 1.32734
0.608875 1.3863
0.434628 1.62046
0.376797 1.30885
0.225499 1.63151
0.250824 1.89579
0.379244 1.96986
0.489865 1.82579
0.345922 2.2226
0.197223 2.16684
0.197971 2.33338
0.201637 2.44112
0.358407 2.31857
0.373048 2.4556
0.0966301 2.69715
0.28864 2.70311
0.106242 2.84581
0.237821 2.90121
0.0253267 2.97788
0.0887089 3.05858
0.653481 2.43417
0.772664 2.28324
0.885371 2.13902
0.77021 2.1396
0.6127 2.28979
-0.0770779 3.19334
-0.19194 3.12989
-0.246178 3.30868
-0.438299 3.28237
-0.433287 3.17819
-0.327587 3.0884
-0.114367 2.95146
-0.350515 3.05755
-0.178511 2.84896
-0.00503159 2.63257
-0.17172 2.65641
0.0212154 2.41303
-0.183019 2.48168
-0.108236 2.28229
0.0412579 2.19931
0.116993 2.04606
0.107246 1.87077
-0.0380087 2.04742
-0.0153036 1.71372
0.170341 1.32731
-0.0553627 1.43843
-0.00281239 1.13296
0.219002 0.955556
0.334819 1.06769
0.399005 0.768366
0.271689 0.589759
0.454258 0.482785
0.402508 0.259935
0.518009 0.0280494
0.375969 -0.021159
0.549053 -0.255255
0.72965 -0.425795
0.629356 -0.472392
0.725599 -0.662379
0.856639 -0.966302
1.04242 -1.06018
0.991496 -1.28515
1.10585 -1.54774
1.07959 -1.81344
0.958835 -1.48664
0.787859 -1.54068
0.756759 -1.19165
0.47648 -1.23884
0.506595 -0.909613
0.674657 -0.86096
0.505185 -0.560663
0.308967 -0.674759
0.29176 -0.91836
0.149707 -0.729806
0.134797 -0.551371
0.240134 -0.391124
0.00321102 -0.354833
0.116388 -0.226279
-0.00472832 -0.0434302
-0.220268 -0.203896
-0.210587 -0.474316
-0.0134239 -0.614264
-0.158034 -0.696288
0.0518332 -0.895719
-0.218559 -0.874346
-0.0618868 -1.1053
0.189932 -1.20377
0.253029 -1.06404
0.365548 -1.4652
0.590717 -1.59108
0.476971 -1.82424
0.809299 -1.85958
0.807248 -2.23159
1.02218 -2.10709
1.22417 -2.18614
1.39201 -2.30465
1.48401 -2.19446
1.54884 -2.41954
1.66737 -2.35791
1.68509 -2.5957
1.76223 -2.4089
1.82765 -2.61862
1.73942 -2.78813
1.65171 -2.81843
1.52529 -2.72097
1.58056 -2.99169
1.45345 -2.92198
1.27286 -2.73145
1.41455 -2.52962
1.29619 -2.43742
1.11404 -2.39179
0.979809 -2.61091
0.68623 -2.55325
0.45962 -2.2285
0.352892 -2.56627
0.172257 -2.27313
0.16575 -1.91662
0.0601244 -1.4651
-0.100028 -1.70755
-0.256969 -1.46398
-0.339562 -1.10796
-0.517705 -1.39348
-0.669401 -1.06636
-0.570738 -0.735352
-0.386511 -0.833308
-0.34958 -0.654784
-0.467202 -0.360098
-0.783915 -0.366022
-0.839451 -0.787516
-1.05384 -0.513187
-0.992262 -0.171725
-0.84787 0.0293712
-1.03523 0.0789247
-0.931523 0.386857
-1.1637 0.222864
-1.19671 -0.10559
-1.39851 0.219375
-1.19812 0.504844
-1.39255 0.596064
-1.23734 0.863185
-1.48675 0.823295
-1.4044 1.03034
-1.27078 1.16684
-1.45139 1.23593
-1.32244 1.38062
-1.10564 1.36926
-1.2695 1.60984
-1.52827 1.5133
-1.41702 1.76678
-1.24423 1.91766
-1.45209 1.96222
-1.37708 2.16789
-1.18829 2.17973
-1.28026 2.43359
-1.05565 2.33371
-1.00284 2.03484
-0.846674 2.2522
-0.782148 1.99279
-0.568369 2.16057
-0.639885 1.92249
-0.549311 1.94984
-0.443098 1.91401
-0.259828 2.00508
-0.317212 2.3395
-0.177588 2.17364
-0.57581 2.55769
-0.376309 2.65693
-0.538127 2.7497
-0.540224 2.88133
-0.691724 2.79428
-0.818108 2.97641
-0.711555 3.05113
-1.04127 3.09445
-0.843363 3.18851
-1.06622 3.20501
-1.04053 3.37676
-0.66318 3.26057
-0.682719 3.40064
-0.409512 3.40783
-0.563445 3.49508
-0.687736 3.61396
-0.841613 3.6993
-1.00704 3.76494
-0.980844 3.57095
-1.22603 3.75576
-1.37261 3.61819
-1.47353 3.45113
-1.26013 3.28054
-1.47433 3.30229
-1.33462 3.15166
-1.17542 3.18351
-1.04128 3.09445
-1.28833 2.99232
-1.19 2.87645
-1.0304 2.75553
-0.904244 2.89916
-1.04127 3.09444
-0.810803 2.66039
-0.74309 2.44295
-0.930469 2.50028
-1.10718 2.54341
-1.24289 2.6891
-1.50201 2.67581
-1.34992 2.84522
-1.52722 2.99038
-1.81465 2.82818
-1.82925 3.18824
-2.03966 3.04516
-2.02938 3.23819
-1.99862 3.42043
-1.72602 3.41362
-1.83146 3.55475
-2.11144 3.5425
-2.12185 3.70924
-2.27468 3.60325
-2.37805 3.72701
-2.39532 3.91319
-2.08459 3.85358
-2.17983 3.97544
-1.9502 3.90895
-1.77661 3.75038
-1.74595 3.92844
-1.96727 4.03212
-1.75192 4.0547
-1.53628 3.99206
-1.32792 3.91854
-1.16587 3.84242
-1.49738 3.82682
-2.61279 3.84883
-2.83405 3.80719
-3.3735 3.65038
-3.51139 3.51628
-3.20738 3.7115
-3.02432 3.75126
-3.05653 3.55665
-2.87753 3.61889
-2.73307 3.62453
-2.88159 3.48197
-2.70349 3.43201
-2.48491 3.55346
-2.51925 3.30716
-2.38062 3.40649
-2.24142 3.28613
-2.4455 3.09495
-2.27311 2.90191
-2.05497 2.80172
-2.18045 2.64647
-1.99217 2.5746
-1.7486 2.44924
-1.99498 2.32168
-1.85211 2.18132
-1.62537 2.12818
-1.50362 2.37449
-1.86361 1.89131
-1.6055 1.8204
-1.76013 1.63263
-1.78745 1.37031
-1.62538 1.25122
-1.57543 1.04256
-1.79564 1.06292
-1.69144 0.821523
-1.60308 0.53688
-1.79392 0.629498
-1.78842 0.40853
-1.65359 0.178262
-1.52761 -0.0695246
-1.38608 -0.16083
-1.48544 -0.429796
-1.28332 -0.443613
-1.19118 -0.728813
-1.0256 -1.0095
-1.21968 -0.950024
-1.17679 -1.23421
-1.00965 -1.45675
-0.800145 -1.34674
-0.848793 -1.05085
-0.838825 -1.75406
-0.612267 -1.71402
-0.343793 -1.70972
-0.436316 -2.02858
-0.126181 -2.04727
-0.30068 -2.34538
-0.0335464 -2.41728
0.156466 -2.48277
0.0922356 -2.66602
0.266108 -2.91683
0.558586 -2.79524
0.604377 -3.04311
0.819791 -2.834
0.919843 -3.07308
1.05253 -2.86665
1.17164 -3.04108
1.34566 -3.01137
1.30456 -3.21782
1.45822 -3.12151
1.44712 -3.33631
1.57228 -3.22252
1.56369 -3.40266
1.6864 -3.31845
1.62823 -3.53658
1.77387 -3.48951
1.79347 -3.26874
1.74877 -3.12168
1.84327 -3.08938
1.87085 -3.2816
1.94262 -3.05247
1.94571 -3.27292
2.00245 -3.14875
1.973 -2.81
1.88739 -2.85767
1.79711 -2.91356
2.05398 -3.04899
2.04734 -3.2505
2.0683 -3.33118
2.0957 -3.20361
2.0791 -3.42673
2.11148 -3.25831
2.05593 -3.53647
2.08992 -3.41253
2.12117 -3.12022
2.1284 -3.01469
2.13286 -2.95326
2.09884 -3.0833
2.07332 -3.21387
1.67234 -3.61017
1.80328 -3.594
1.91956 -3.53996
1.88909 -3.67124
1.97862 -3.55335
1.93674 -3.69576
1.99443 -3.5791
1.96763 -3.75156
1.87721 -3.83058
1.8974 -3.94966
1.91447 -3.95179
1.84008 -4.09247
1.87959 -4.07646
1.75058 -4.24249
1.82486 -4.21026
1.87771 -4.05772
1.95139 -3.92979
1.95784 -3.83894
1.91299 -3.91136
1.9784 -3.6953
1.93753 -3.72222
1.99744 -3.50073
1.93489 -3.58791
1.98111 -3.37637
1.8905 -3.48209
1.86203 -3.68887
1.89777 -3.74472
1.83721 -3.84423
1.79682 -3.82457
1.80602 -3.65814
1.7138 -3.79495
1.74656 -3.65517
1.67949 -3.67513
1.62656 -3.8266
1.54795 -3.73034
1.44942 -3.56638
1.3542 -3.81768
1.25702 -3.65892
1.26574 -3.45587
0.986393 -3.61298
1.04637 -3.31312
0.809364 -3.46262
0.708941 -3.28388
0.521795 -3.4862
0.266294 -3.27845
0.236758 -3.55462
-0.0520601 -3.44755
-0.137996 -3.28256
-0.392756 -3.40594
-0.389562 -3.10969
-0.0465651 -3.08754
-0.223976 -2.9444
-0.0263786 -2.87784
-0.200081 -2.68585
-0.392093 -2.8629
-0.481807 -2.60485
-0.517097 -2.30029
-0.661885 -2.43021
-0.644116 -2.64234
-0.791579 -2.59362
-0.607121 -2.88705
-0.834324 -2.90516
-0.645365 -3.1608
-0.566541 -3.07352
-0.900368 -3.16736
-0.757146 -3.42969
-0.547413 -3.65396
-0.159309 -3.66068
-0.391987 -3.84923
-0.100145 -3.86298
0.233124 -3.76794
0.459926 -3.6237
0.406641 -3.56002
0.699355 -3.59245
0.639533 -3.75016
0.886716 -3.8338
1.12402 -3.8074
0.978792 -3.96337
1.17633 -3.94876
1.30567 -4.02757
1.5023 -3.94265
1.41366 -4.09785
1.51763 -4.06998
1.62716 -3.96186
1.60263 -4.12517
1.70837 -3.96414
1.71175 -4.08309
1.78017 -3.9684
1.78335 -4.09992
1.82464 -3.96261
1.85324 -4.00147
1.8833 -3.8705
1.83853 -4.11255
1.73541 -4.25242
1.77067 -4.26759
1.65416 -4.36762
1.5979 -4.3525
1.66671 -4.21855
1.50279 -4.31578
1.4265 -4.2127
1.32825 -4.35592
1.30828 -4.28578
1.25627 -4.2064
1.17924 -4.34777
1.01417 -4.29691
1.05151 -4.11878
0.774235 -4.24798
0.739183 -4.08533
0.445423 -4.21796
0.41709 -4.05597
0.62547 -3.98327
0.798586 -3.95535
0.692715 -3.89181
0.45692 -3.90695
0.133696 -3.9676
0.102914 -4.14059
-0.234941 -4.03605
-0.245541 -4.25431
0.15661 -4.28915
0.363568 -4.31405
0.545845 -4.3416
0.289193 -4.39544
0.547611 -4.4343
0.772897 -4.38466
0.691316 -4.49589
0.951736 -4.43237
0.822902 -4.56473
1.1354 -4.48183
1.34346 -4.44957
1.20193 -4.52927
1.33579 -4.512
1.47511 -4.43551
1.49582 -4.47587
1.26965 -4.54587
1.39476 -4.5081
1.61078 -4.43599
1.36846 -4.45099
1.5945 -4.3698
1.73372 -4.3235
1.57127 -4.2911
1.67841 -4.16499
1.48161 -4.25273
1.4197 -4.33116
1.42645 -4.3813
1.2535 -4.40018
1.24625 -4.44162
1.06037 -4.51623
1.13688 -4.54808
0.870898 -4.59038
0.850806 -4.61754
1.02874 -4.59997
1.13624 -4.58411
0.883579 -4.63892
0.990834 -4.59644
0.64453 -4.68186
0.644274 -4.62938
0.565957 -4.57833
0.456922 -4.65199
0.321483 -4.6073
0.361022 -4.51814
-0.0188446 -4.5854
0.013196 -4.46372
-0.275448 -4.52127
-0.262196 -4.41264
-0.521363 -4.47907
-0.494489 -4.36152
-0.763057 -4.40655
-0.62688 -4.24981
-0.500663 -4.12127
-0.788709 -4.05703
-0.905756 -4.2592
-1.084 -4.11959
-1.04879 -3.93504
-0.882301 -3.85494
-1.06417 -3.71769
-0.821204 -3.67993
-0.671053 -3.8567
-0.978314 -3.51993
-1.17004 -3.51619
-1.09396 -3.38925
-0.973453 -3.34595
-1.14664 -3.1747
-1.05048 -2.91068
-1.22586 -2.90863
-1.21586 -2.61425
-0.996635 -2.62156
-1.12602 -2.36413
-1.31772 -2.1936
-1.42857 -2.47602
-1.5869 -2.21595
-1.66014 -2.5708
-1.42194 -2.77264
-1.5939 -2.79105
-1.56323 -2.98071
-1.34337 -3.01929
-1.4113 -3.21137
-1.2316 -3.35257
-1.3822 -3.43016
-1.315 -3.6261
-1.57263 -3.52052
-1.65639 -3.29423
-1.86458 -3.40159
-1.94467 -3.22609
-1.85781 -3.05019
-2.16046 -3.09889
-2.16058 -2.94117
-2.01566 -2.83599
-1.77251 -2.81353
-1.98863 -2.61196
-1.91849 -2.28155
-2.27671 -2.41247
-2.14468 -2.21543
-2.06725 -2.00487
-2.33634 -2.13534
-2.29651 -1.82045
-1.98331 -1.61779
-2.2422 -1.48203
-2.05285 -1.29527
-2.24687 -1.11171
-2.39261 -1.36933
-2.58976 -1.22164
-2.39608 -0.683591
-2.11404 -0.702307
-1.988 -0.992727
-1.9023 -0.668295
-1.80508 -0.93697
-1.6698 -0.671884
-1.65221 -1.1141
-1.51693 -0.98699
-1.47315 -0.771449
-1.35045 -1.05495
-1.33894 -0.728823
-1.45063 -1.34089
-1.28202 -1.37942
-1.15503 -1.53395
-1.28637 -1.73093
-1.03855 -1.84585
-1.14541 -2.08553
-0.970964 -2.27426
-0.87071 -2.05773
-0.679643 -2.08409
-0.803674 -2.29802
-1.5016 -1.86303
-1.46415 -1.61048
-1.65686 -1.52729
-1.84803 -1.24687
-1.77311 -1.91798
-1.6821 -0.191474
-1.86266 -0.318144
-1.88105 0.111221
-2.04885 -0.122629
-2.13446 0.225117
-2.22747 -0.0391727
-2.39451 0.21264
-2.39582 -0.201911
-2.54724 -0.00930923
-2.60892 0.245024
-2.57405 0.620905
-2.8145 0.335736
-2.84112 0.776197
-2.67424 1.0385
-2.53014 0.903447
-2.43036 1.12675
-2.40945 0.839275
-2.20828 0.956278
-2.20424 1.2638
-2.00596 1.18769
-2.00131 0.921217
-1.88002 0.794222
-1.99466 0.758972
-1.98555 0.543671
-2.09704 0.757874
-2.26324 0.596809
-2.01608 1.53226
-2.33352 1.51705
-2.14474 1.81436
-2.04044 2.07677
-2.22429 2.02329
-2.16596 2.20211
-2.18686 2.41222
-2.38445 2.17157
-2.42142 2.554
-2.70464 2.272
-2.69647 2.65136
-2.92614 2.5551
-2.86491 2.80667
-3.07847 2.84471
-2.88755 3.09508
-2.72538 2.89512
-2.64275 3.09292
-2.53209 2.86135
-2.73403 3.27825
-2.86955 3.35376
-3.04528 3.30317
-3.29238 3.29222
-3.27889 3.47944
-3.42957 3.35674
-3.41098 3.48865
-3.63685 3.38742
-4.06657 2.87725
-4.15214 2.74859
-4.07627 2.76231
-4.20443 2.61016
-3.99411 2.69742
-3.96612 2.88513
-3.84365 2.91685
-3.85534 3.05627
-3.72109 3.12188
-3.75729 3.26349
-3.54277 3.14842
-3.70838 2.96776
-3.6269 2.88197
-3.42275 3.06006
-3.30663 3.18419
-3.21552 3.21756
-3.27756 3.01869
-3.10812 3.11744
-3.30028 2.73256
-3.15242 2.52044
-3.33809 2.47623
-3.22933 2.25559
-3.02327 2.21716
-3.15526 2.09242
-3.08558 1.90424
-2.86245 1.87475
-2.59814 1.90211
-2.71356 1.62918
-2.52574 1.64874
-2.37241 1.84546
-2.59144 1.3865
-2.82127 1.36809
-2.87678 1.08462
-2.99274 1.25843
-3.00508 1.57143
-2.85354 1.60946
-3.20992 1.27964
-3.0323 0.966253
-3.22524 0.776599
-3.03027 0.574178
-3.19379 0.407421
-3.05849 0.1176
-2.85796 -0.0931293
-2.69644 0.029246
-2.65153 -0.377402
-2.90637 -0.472108
-2.8264 -0.801325
-2.64174 -0.831464
-2.19103 -0.353313
-2.79449 -1.05176
-2.92979 -1.3539
-2.82981 -1.66608
-2.50449 -1.60869
-2.65268 -1.99798
-3.07304 -2.03584
-3.16754 -1.67351
-3.37741 -1.93886
-3.49222 -1.6013
-3.20091 -1.33798
-2.97059 -1.06377
-3.18481 -1.02534
-3.0219 -0.787329
-2.85018 -0.984632
-3.16732 -0.780134
-3.08804 -0.537998
-3.23117 -0.624402
-3.20288 -0.294592
-3.01902 -0.248311
-3.28521 0.0677534
-3.37759 -0.269067
-3.50848 -0.0519099
-3.38247 0.436001
-3.61173 0.340308
-3.48554 0.708918
-3.36435 0.732842
-3.3784 0.971642
-3.5182 0.974836
-3.46451 1.29829
-3.60651 1.11182
-3.63244 1.36633
-3.76894 1.13249
-3.78705 1.56887
-3.56185 1.67931
-3.7006 1.87554
-3.86027 1.91546
-3.72654 2.14262
-3.57497 2.03394
-3.58341 2.32029
-3.41506 2.2105
-3.47146 2.45169
-3.43666 2.62438
-3.5655 2.57605
-3.48113 2.82847
-3.64685 2.70549
-3.74479 2.46064
-3.77244 2.68898
-3.81268 2.77537
-3.91774 2.49368
-4.122 2.43777
-4.08217 2.19046
-3.90146 2.20986
-4.01538 1.9871
-4.02513 1.64871
-4.18333 1.89341
-4.25334 1.56314
-4.144 1.23009
-3.94763 1.28706
-4.02827 1.09286
-3.93287 0.980466
-3.83294 0.803921
-3.68002 0.748548
-3.87203 0.44436
-3.73791 0.428735
-3.79358 0.17995
-3.72576 -0.0885983
-3.91877 -0.150343
-3.92276 0.121949
-4.00415 0.188567
-4.08526 0.413621
-4.14588 0.0340905
-4.02576 -0.0214147
-4.09914 -0.270066
-4.00654 -0.503902
-3.8469 -0.428376
-3.92878 -0.723355
-3.80222 -0.659338
-3.68023 -0.41575
-3.52698 -0.47742
-3.67821 -0.76811
-3.53775 -0.754106
-3.38024 -0.607738
-3.47716 -0.932041
-3.31065 -0.874312
-3.41763 -1.19347
-3.5759 -1.12553
-3.60756 -1.32878
-3.76448 -1.49732
-3.70325 -1.79884
-3.56708 -1.91337
-3.68188 -2.07195
-3.80552 -1.91792
-3.84018 -1.73237
-3.9202 -1.8394
-3.84367 -2.11417
-4.01189 -1.97415
-3.92495 -2.29553
-3.7877 -2.37289
-3.70904 -2.28562
-3.54168 -2.33045
-3.52148 -2.10545
-3.34896 -2.22192
-3.30895 -2.52754
-3.14022 -2.33647
-2.99997 -2.53725
-2.86662 -2.30472
-2.65705 -2.54958
-2.56805 -2.29255
-2.31414 -2.73403
-2.628 -2.78301
-2.43842 -2.97052
-2.81751 -2.92369
-2.56729 -3.16019
-2.34818 -3.12062
-2.19853 -3.2705
-2.40289 -3.38615
-2.06776 -3.48036
-1.77258 -3.59447
-1.94826 -3.64356
-1.71374 -3.76678
-1.50382 -3.71388
-1.45265 -3.89709
-1.26084 -3.82107
-1.23849 -3.98561
-1.38768 -4.10991
-1.15544 -4.28096
-1.36416 -4.30787
-1.52932 -4.21102
-1.6712 -4.08296
-1.67185 -3.94083
-1.86564 -3.95995
-1.97807 -3.78864
-2.10998 -3.90609
-2.32525 -3.71752
-2.41307 -3.86535
-2.63937 -3.6824
-2.67905 -3.79277
-2.84643 -3.68908
-2.84842 -3.81977
-2.58463 -3.95937
-2.80981 -3.94388
-2.67452 -4.06218
-2.44103 -4.15691
-2.38218 -4.09191
-2.3517 -4.02432
-2.19064 -4.16158
-2.15564 -4.03604
-1.93822 -4.18885
-1.95639 -4.34932
-1.74425 -4.31109
-1.71581 -4.20285
-1.54984 -4.32448
-1.59622 -4.44752
-1.40219 -4.41486
-1.33678 -4.52163
-1.49721 -4.60922
-1.17697 -4.62321
-1.32026 -4.711
-1.04177 -4.7239
-0.874869 -4.6298
-0.9942 -4.51781
-0.746406 -4.52876
-0.547529 -4.5931
-0.717862 -4.68905
-0.376115 -4.65095
-0.304223 -4.58831
-0.115346 -4.65814
0.162289 -4.65648
-0.05301 -4.71144
0.281236 -4.70447
0.285046 -4.709
0.599822 -4.67343
0.348615 -4.70603
0.540062 -4.66523
0.797204 -4.64974
0.644902 -4.63111
0.265651 -4.65698
0.182057 -4.71591
-0.0432291 -4.72784
-0.23032 -4.74135
-0.0745392 -4.6833
0.152071 -4.6365
0.558775 -4.58754
0.637295 -4.61532
0.806092 -4.56417
0.85322 -4.52955
1.04391 -4.47961
0.755974 -4.5175
1.01119 -4.4024
0.632946 -4.47598
0.723058 -4.3462
1.11619 -4.25931
0.882827 -4.15707
1.13499 -4.08736
1.33987 -4.08749
1.33917 -4.24178
1.19663 -4.32161
1.29137 -4.32332
1.52885 -4.13745
1.51938 -4.00041
1.65084 -4.00216
1.7877 -3.97962
1.76819 -3.81205
1.87188 -3.75702
1.60869 -3.88479
1.64085 -3.74064
1.66347 -3.64364
1.53148 -3.6239
1.45899 -3.86925
1.30112 -3.78941
1.3797 -3.64509
-1.19412 -4.63206
-1.3585 -4.58965
-1.50673 -4.5135
-1.52443 -4.58066
-1.67803 -4.54176
-1.64392 -4.41637
-1.78384 -4.44918
-1.84839 -4.51379
-1.86642 -4.62095
-2.01514 -4.55195
-2.11317 -4.62857
-2.20695 -4.52698
-2.33465 -4.58488
-2.09942 -4.71828
-2.36888 -4.68328
-2.52031 -4.583
-2.5764 -4.62503
-2.44488 -4.70174
-2.67697 -4.58813
-2.5159 -4.66786
-2.29756 -4.75002
-2.39521 -4.71029
-2.16076 -4.79438
-2.26117 -4.71639
-2.02635 -4.79403
-2.07882 -4.70763
-2.36386 -4.61611
-2.23629 -4.59116
-1.96224 -4.64252
-1.79123 -4.77387
-1.59185 -4.73099
-1.74854 -4.61106
-1.99043 -4.4991
-1.74844 -4.51597
-2.25668 -4.33295
-2.31484 -4.4602
-2.60129 -4.22747
-2.2312 -4.23646
-2.31334 -4.16316
-2.66325 -4.34857
-2.47836 -4.49544
-2.69527 -4.42297
-2.57697 -4.51701
-2.53519 -4.59825
-2.7931 -4.43493
-2.75772 -4.52334
-2.58361 -4.62754
-2.71823 -4.58067
-2.89468 -4.48878
-2.89102 -4.49353
-2.9121 -4.47575
-2.74188 -4.55654
-2.85431 -4.47269
-2.94086 -4.43207
-3.0165 -4.39588
-3.08556 -4.37279
-3.10416 -4.38056
-3.25391 -4.28813
-3.30759 -4.25672
-3.43927 -4.13508
-3.46385 -4.09787
-3.62023 -3.95973
-3.57616 -3.97111
-3.3632 -4.17263
-3.46022 -4.05685
-3.55735 -3.94971
-3.53368 -3.91364
-3.3946 -4.02845
-3.42338 -3.90282
-3.28416 -4.03587
-3.23384 -4.19567
-3.08684 -4.14126
-3.12352 -3.9499
-2.91086 -4.05669
-2.86517 -4.26358
-3.01191 -4.28544
-2.84407 -4.40922
-3.01104 -4.3706
-2.68918 -4.51868
-2.61881 -4.44223
-3.16667 -4.31612
-2.71531 -4.26858
-2.54624 -4.29684
-2.38727 -4.44002
-2.35139 -4.32731
-2.25339 -4.43773
-2.13908 -4.47645
-2.18761 -4.37891
-2.05904 -4.40451
-1.91634 -4.42408
-1.98122 -4.30065
-1.83159 -4.34514
-1.90219 -4.1854
-1.77127 -4.30185
-2.67468 -3.72811
-2.50814 -3.79822
-2.84065 -3.66107
-2.61818 -3.9285
-2.40111 -4.00776
-2.33286 -3.94422
-2.34659 -3.88081
-2.1919 -3.97499
-2.04254 -4.07563
-2.21795 -4.06181
-2.08509 -4.18338
-2.25848 -4.19111
-2.47736 -4.13876
-2.11283 -4.29005
-2.69739 -4.10789
-2.80926 -3.91156
-2.98019 -3.81791
-3.00702 -3.60111
-3.66079 -3.41235
-3.50475 -3.47126
-3.4322 -3.58294
-3.34202 -3.51751
-3.25909 -3.62514
-3.31866 -3.67654
-3.38535 -3.73923
-3.55031 -3.6274
-3.50239 -3.78212
-3.61783 -3.72728
-3.70517 -3.53382
-3.81042 -3.34728
-3.82858 -3.45194
-3.9593 -3.28943
-4.43477 -2.64882
-4.50473 -2.51953
-4.7434 -2.13585
-4.855 -1.94741
-4.80273 -2.05133
-4.67563 -2.3119
-4.64544 -2.34059
-4.54171 -2.54619
-4.57003 -2.43549
-4.49152 -2.57679
-4.58248 -2.38553
-4.66204 -2.25313
-4.41157 -2.74078
-4.42151 -2.76521
-4.48454 -2.68203
-4.37446 -2.8689
-4.27209 -2.97449
-4.2523 -3.07408
-4.11649 -3.28034
-4.14154 -3.16946
-4.03012 -3.29992
-4.07953 -3.18587
-4.18805 -3.08058
-4.31491 -2.8807
-4.37107 -2.77281
-3.9059 -3.45443
-3.9778 -3.42282
-3.857 -3.60192
-3.97895 -3.47874
-4.02863 -3.44065
-4.14511 -3.24721
-3.95333 -3.53016
-3.89922 -3.63104
-3.78321 -3.76686
-3.75505 -3.80672
-3.72511 -3.78931
-3.64601 -3.84853
-3.75968 -3.63456
-3.65941 -3.90776
-3.81916 -3.72311
-3.67125 -3.86192
-3.57568 -3.98494
-3.5006 -4.0399
-3.2833 -4.22762
-3.31327 -4.22261
-3.21414 -4.30348
-3.06571 -4.38401
-3.02821 -4.36488
-3.2341 -4.2134
-3.14757 -4.24722
-3.01131 -4.31317
-3.13139 -4.20243
-3.29497 -4.10346
-3.26344 -4.04391
-3.42414 -3.93548
-3.40734 -3.85957
-3.26489 -3.92842
-3.13758 -4.05459
-3.08259 -3.97645
-3.2182 -3.78611
-2.99866 -3.86867
-3.06516 -3.67277
-3.32278 -3.58198
-3.19394 -3.48756
-2.92504 -3.49711
-3.20499 -3.31391
-3.02105 -3.27826
-2.74779 -3.32483
-2.92974 -3.12495
-3.21174 -3.11854
-3.12321 -2.94396
-3.08189 -2.74455
-3.29709 -2.77637
-3.42607 -2.66577
-3.49915 -2.54397
-3.52503 -2.65857
-3.64025 -2.51479
-3.58407 -2.74922
-3.44559 -2.79462
-3.46429 -2.93709
-3.3259 -2.94006
-3.36658 -3.0393
-3.42053 -3.13533
-3.39125 -3.35873
-3.58929 -3.14808
-3.51741 -3.41604
-3.4404 -3.59562
-3.34349 -3.68132
-3.37047 -3.75973
-3.50179 -3.66016
-3.54814 -3.75192
-3.66825 -3.50812
-3.68262 -3.63746
-3.56598 -3.833
-3.45097 -3.97824
-3.57793 -3.9057
-3.39423 -4.08671
-3.74596 -3.7446
-3.82329 -3.68946
-3.87416 -3.5553
-3.95611 -3.49015
-4.07834 -3.32859
-4.11383 -3.23515
-4.24206 -3.08473
-4.3162 -2.97681
-4.39094 -2.85128
-4.46939 -2.72178
-4.50026 -2.62459
-4.56909 -2.51933
-4.58939 -2.49412
-4.65315 -2.37503
-4.69245 -2.28212
-4.73661 -2.17577
-4.81835 -1.97872
-4.88208 -1.83523
-4.89804 -1.83641
-4.93924 -1.72458
-4.9817 -1.60873
-4.87252 -1.81668
-4.946 -1.57471
-4.8643 -1.75956
-4.91937 -1.58276
-4.84458 -1.717
-4.83147 -1.80342
-4.82094 -1.87741
-4.78515 -1.90394
-4.76688 -2.03973
-4.81548 -1.94312
-4.74078 -2.14116
-4.79669 -2.01143
-4.62832 -2.37935
-4.66759 -2.28121
-4.52899 -2.53736
-4.36802 -2.81433
-4.42742 -2.68589
-4.28484 -2.89413
-4.23229 -3.03519
-4.16004 -3.1219
-4.03297 -3.31796
-4.12914 -3.08613
-3.95365 -3.36762
-3.81078 -3.57005
-3.77964 -3.65451
-3.69262 -3.73107
-3.84951 -3.40435
-4.01541 -3.21642
-3.98114 -3.14666
-3.81763 -3.30495
-3.88568 -3.1362
-3.73214 -3.29294
-3.59534 -3.46713
-3.66996 -3.24311
-3.82162 -3.0929
-3.76296 -3.00544
-3.72839 -2.89986
-3.8641 -2.75562
-3.90672 -2.87114
-4.01606 -2.62273
-4.02608 -2.77195
-4.16946 -2.50853
-4.08886 -2.7797
-4.20944 -2.64435
-4.1109 -2.88833
-4.25331 -2.73769
-4.11835 -3.00752
-4.198 -2.91525
-4.28932 -2.79891
-4.3851 -2.68619
-4.41623 -2.57886
-4.52437 -2.47077
-4.52457 -2.37719
-4.67504 -2.14731
-4.57051 -2.20993
-4.41387 -2.46817
-4.48351 -2.23638
-4.34121 -2.47141
-4.34042 -2.65038
-4.39166 -2.25442
-4.27919 -2.44006
-4.31595 -2.29413
-4.29928 -2.14636
-4.13875 -2.32558
-4.23108 -1.97555
-4.07719 -2.16209
-3.97039 -2.47165
-3.77621 -2.63164
-4.14439 -1.87252
-4.0971 -1.79036
-4.04232 -1.69286
-4.16772 -1.59068
-4.09061 -1.34273
-4.2316 -1.31049
-4.30719 -1.38348
-4.26055 -1.682
-4.34227 -1.51805
-4.3439 -1.69812
-4.43614 -1.45126
-4.47099 -1.63117
-4.57573 -1.30841
-4.60545 -1.45309
-4.53728 -1.7009
-4.42512 -1.88965
-4.49785 -1.85907
-4.62972 -1.63564
-4.5394 -1.97375
-4.40842 -2.07792
-4.70255 -1.70841
-4.75061 -1.45031
-4.84618 -1.38991
-4.79813 -1.66919
-4.70472 -1.85079
-4.75344 -1.87971
-4.8861 -1.52525
-4.66648 -2.01575
-4.60913 -1.99925
-4.92193 -1.36248
-4.94204 -1.42042
-4.9626 -1.47483
-5.01355 -1.31195
-4.99662 -1.46263
-5.03281 -1.14727
-4.97978 -1.26307
-4.99423 -1.11497
-4.93692 -1.20942
-4.98536 -0.980706
-4.88365 -1.14331
-4.90845 -0.927865
-4.82552 -1.10172
-4.83035 -0.945714
-4.77296 -1.05174
-4.73207 -1.28955
-4.68153 -1.1543
-4.75732 -0.920867
-4.63937 -0.965132
-4.50583 -1.18376
-4.52961 -0.904511
-4.41813 -1.12437
-4.39902 -1.33792
-4.32099 -1.069
-4.43955 -0.838505
-4.3584 -0.784564
-4.24744 -0.878821
-4.20139 -1.12736
-4.1172 -0.993768
-4.03559 -1.15203
-3.92998 -1.24025
-3.99233 -0.980377
-3.84884 -0.928701
-4.0434 -0.777605
-4.15684 -0.630953
-3.72572 -1.13405
-3.60501 -0.955448
-3.93874 -1.5671
-4.29879 -0.625141
-4.26391 -0.307648
-4.42931 -0.488808
-4.39032 -0.168517
-4.48663 -0.18111
-4.57607 -0.337617
-4.54379 -0.628461
-4.64264 -0.67616
-4.62011 -0.508841
-4.71782 -0.395058
-4.75068 -0.682848
-4.84957 -0.415111
-4.87312 -0.725658
-4.95566 -0.518265
-5.0446 -0.669163
-5.02204 -0.464152
-5.06742 -0.823013
-5.05137 -0.974853
-4.96692 -0.0565376
-4.94851 0.149452
-4.93522 0.348005
-4.91996 0.211228
-4.9251 -0.0444269
-4.86693 0.187436
-4.89425 0.414092
-4.85028 0.350339
-4.76726 0.279139
-4.81726 0.13691
-4.80769 -0.0571014
-4.70067 0.0777144
-4.64846 0.277377
-4.6867 0.44056
-4.59081 0.566041
-4.71953 0.580914
-4.63727 0.925198
-4.49576 0.889803
-4.51676 1.10768
-4.37705 1.18793
-4.52758 1.2964
-4.39245 1.52126
-4.3485 1.75033
-4.47966 1.61636
-4.43969 1.88481
-4.53001 1.73502
-4.60664 1.5034
-4.66681 1.20825
-4.79827 0.997696
-4.78155 0.752153
-4.9178 0.735261
-4.83573 0.520035
-4.90551 0.542425
-4.91048 0.927474
-4.87919 1.11436
-4.75355 1.31344
-4.84428 1.29486
-4.78867 1.46076
-4.73347 1.6172
-4.61324 1.74297
-4.67894 1.7713
-4.62337 1.90347
-4.53341 1.92645
-4.56514 2.02829
-4.50121 2.14435
-4.36968 2.37766
-4.28974 2.48857
-4.27688 2.4006
-4.23549 2.23109
-4.43894 2.26092
-4.3121 2.01851
-4.20607 2.08409
-4.38253 0.83074
-4.26495 0.922025
-4.30232 0.493503
-4.10064 0.836003
-3.96138 0.696966
-4.20901 0.240778
-4.29667 0.0589297
-4.43987 0.119817
-4.47402 0.414412
-4.54804 0.272268
-4.58498 0.00916669
-4.45771 0.639821
-4.67924 -0.140227
-4.89355 -0.208347
-4.94601 -0.319011
-4.98382 -0.261766
-4.81612 -1.25169
-4.358 -1.87922
-4.00338 -2.96666
-4.00896 -2.86945
-3.94967 -2.95786
-3.59959 -2.92361
-2.85185 -2.71345
-2.55749 -3.53463
-2.21765 -3.58605
-2.865 -4.03914
-2.92414 -4.16381
-3.08645 -4.15482
-2.91275 -4.29549
-3.28216 -3.87593
-3.1937 -3.75269
-3.17447 -3.55235
-2.8123 -4.1869
-1.53619 -4.80714
-1.2914 -4.78782
-1.37126 -4.85005
-1.1054 -4.83103
-1.02872 -4.78309
-0.818056 -4.79483
-0.848171 -4.74897
-0.610305 -4.72612
-0.557917 -4.76621
-0.341704 -4.70966
-0.383474 -4.77859
-0.157537 -4.75617
0.0659275 -4.73187
-0.129916 -4.7766
0.0547619 -4.75159
-0.30496 -4.81059
-0.139297 -4.76882
-0.461991 -4.81784
-0.300318 -4.77143
-0.608973 -4.81844
-0.535812 -4.76422
-0.282421 -4.71126
-0.246957 -4.69759
-0.544322 -4.7138
-0.324646 -4.64808
0.0161657 -4.58822
0.407852 -4.55179
0.339579 -4.50398
0.529845 -4.44243
0.390559 -4.39827
0.494105 -4.22256
0.19629 -4.35525
0.0531874 -4.47941
-0.0605488 -4.40227
-0.243611 -4.49442
-0.271416 -4.56487
-0.549168 -4.54072
-0.579731 -4.62935
-0.705081 -4.59713
-0.865601 -4.63274
-0.796611 -4.69274
-0.786487 -4.77
-0.973117 -4.73984
-1.03016 -4.81213
-1.22102 -4.75548
-1.3291 -4.85146
-1.49328 -4.77685
-1.67961 -4.86163
-1.54209 -4.889
-1.29895 -4.89279
-1.36272 -4.91085
-1.09802 -4.90271
-1.12235 -4.90095
-0.873083 -4.88826
-0.959989 -4.89265
-0.600691 -4.84168
-0.923456 -4.86504
-1.22594 -4.90106
-1.17263 -4.88161
-1.43656 -4.88829
-1.61245 -4.85101
-1.65941 -4.88426
-1.48294 -4.90448
-1.63806 -4.89453
-1.89052 -4.86147
-1.80276 -4.86395
-2.05656 -4.81663
-1.95011 -4.82371
-1.77498 -4.74987
-2.20724 -4.76305
-1.54899 -4.66258
-1.38975 -4.72041
-1.29141 -4.67228
-1.02923 -4.64683
-1.82329 -4.83592
-1.93141 -4.79105
-0.892503 -4.8419
-0.636422 -4.81942
-0.655547 -4.80698
-0.368167 -4.79884
-0.610415 -4.8424
-0.790874 -4.87218
-1.03012 -4.87333
-0.840055 -4.82466
-0.398051 -4.47682
-0.234887 -4.3958
-0.234404 -4.44635
0.100479 -4.24075
-0.0707474 -4.31554
0.271604 -4.16241
0.368199 -4.15943
0.533782 -4.09489
0.756012 -4.02471
1.06661 -3.93652
0.933463 -3.85296
1.08523 -3.77875
1.17178 -3.80176
1.22852 -3.6999
1.26198 -3.95625
0.441617 -4.08132
0.609677 -3.99939
0.774372 -3.92264
0.768794 -3.94761
-1.00537 -4.38904
-1.2018 -4.43431
-1.1768 -4.53684
-1.90574 -4.06315
-3.43466 1.91326
-3.35355 1.64344
-3.26592 1.96417
-3.18662 1.6782
-3.87365 3.14441
-3.97467 3.01075
-2.01507 -0.42494
-1.61438 -3.14332
-0.534984 -3.98819
-0.0126076 -4.3646
2.02653 -3.52291
2.02606 -3.63763
2.01427 -3.74996
2.03715 -3.64626
1.97373 -3.81412
2.03909 -3.60428
2.06627 -3.43608
2.08739 -3.26872
2.04267 -3.33938
2.03857 -3.54633
1.93235 -3.95283
1.99834 -3.45337
2.12963 -3.08785
2.12084 -3.03246
1.69837 -2.96714
1.66118 -3.1314
-2.27642 3.47833
-2.165 3.47664
-1.61335 3.59396
-1.57734 3.21324
-0.548465 3.12002
-0.507104 3.01247
-0.378643 2.9578
-0.33112 2.81706
-0.294329 1.65138
-0.530762 1.7916
-0.511228 1.59666
-0.39852 1.38505
-0.190635 1.35268
-0.2766 1.13731
-0.10955 0.866535
0.0948162 0.825888
0.0281258 0.576384
0.176001 0.222286
-0.140663 0.300516
-0.22708 0.625712
-0.357127 0.445703
-0.496469 0.650156
-0.35832 0.881917
-0.574769 0.884978
-0.780558 0.733246
-0.751572 1.01673
-0.514241 1.0988
-0.703098 1.24311
-0.922714 1.18487
-0.84693 1.43982
-1.10834 1.10581
-0.977163 0.93929
-1.03202 0.694793
-0.685775 0.499008
-0.676093 0.256121
-0.527757 0.418881
-0.422357 0.199921
-0.609725 -0.0458884
-0.394878 -0.0674835
-0.235425 0.0410658
-1.01384 1.70599
-0.730711 1.71826
-0.888269 1.85921
-0.613087 1.44213
-0.530189 1.27891
-0.424262 1.22636
0.215863 -0.121072
0.38105 -0.268515
0.512332 2.57516
0.378808 2.73623
1.39549 1.14811
1.32155 1.30983
1.29602 1.12404
1.20085 1.11611
1.24607 0.24778
1.34799 0.334658
1.33887 0.508255
1.46638 0.212175
1.39731 -0.0129783
1.55693 -0.0191481
1.5666 0.215465
1.6002 0.107191
1.65115 -0.0114977
1.72222 -0.115527
1.64765 -0.0725338
1.70138 -0.182763
1.73095 -0.275808
1.64312 -0.219381
1.7152 -0.402786
1.568 -0.37027
1.39049 -0.366257
1.2268 -0.113328
1.15571 -0.268617
1.0179 0.00938752
1.09395 0.251039
0.950538 0.33618
0.853925 0.556786
1.85404 -0.709781
1.93962 -1.13613
1.97335 -1.26068
2.00711 -1.39248
2.0288 -1.53373
1.92196 -1.50567
1.95476 -1.72994
2.06317 -1.83246
1.99154 -1.90791
2.13302 -2.66242
2.16442 -2.55738
2.15292 -2.68821
2.15697 -2.64097
