5.44813 1.1221
5.49764 1.21439
5.48125 1.08584
5.58071 1.21275
5.59657 1.36621
5.64662 1.36977
5.63435 1.25356
5.70019 1.35309
5.66536 1.2207
5.73056 1.37822
5.74034 1.31447
5.78506 1.53963
5.73912 1.47232
5.76903 1.59719
5.70535 1.49554
5.72348 1.64135
5.66416 1.53706
5.72863 1.73084
5.77596 1.83882
5.81173 1.97937
5.84112 2.11887
5.82143 1.96664
5.80835 1.86869
5.82837 1.84033
5.84396 2.02371
5.86652 1.91678
5.8665 2.15249
5.85453 2.21317
5.85251 2.37705
5.84929 2.14544
5.83754 2.48457
5.83466 2.60424
5.82217 2.67986
5.81882 2.67033
5.83889 2.53438
5.81168 2.82076
5.78884 2.94899
5.76066 3.20844
5.69645 3.45156
5.73066 3.33162
5.77358 3.12276
5.77785 3.03769
5.75626 3.19632
5.78075 3.09211
5.82028 2.82121
5.78925 3.06812
5.83306 2.65829
5.78271 2.96899
5.79671 2.76202
5.82906 2.44589
5.82395 2.25672
5.82614 2.10489
5.83816 1.87071
5.80022 1.92407
5.81142 2.14743
5.80544 2.30161
5.77757 2.36658
5.78298 2.56294
5.72494 2.67642
5.7311 2.88122
5.67188 2.97315
5.64109 3.2469
5.72131 3.10408
5.62222 3.48498
5.70952 3.31636
5.61574 3.71128
5.66399 3.62636
5.72846 3.33214
5.70752 3.48151
5.7527 3.27088
5.71519 3.3707
5.64341 3.6723
5.6266 3.72789
5.57796 3.96057
5.55624 4.03845
5.61227 3.78945
5.56387 3.97833
5.4858 4.26059
5.48617 4.21295
5.43653 4.40992
5.42852 4.41082
5.37191 4.58833
5.36653 4.53136
5.44881 4.27024
5.37188 4.46792
5.31803 4.63375
5.30803 4.62083
5.27814 4.79303
5.26612 4.80367
5.24561 4.98669
5.21709 5.07988
5.20302 5.09066
5.23961 4.94571
5.20687 5.09978
5.30741 4.77145
5.31989 4.79357
5.40869 4.53414
5.37693 4.70832
5.47791 4.37318
5.49952 4.27982
5.4331 4.49073
5.35653 4.69457
5.41372 4.49249
5.49234 4.2487
5.50867 4.16971
5.5826 3.96069
5.54819 4.11116
5.57632 3.89531
5.51738 4.05405
5.51269 3.91716
5.4188 4.27215
5.41974 4.3706
5.31357 4.59163
5.33496 4.62977
5.30553 4.80301
5.25806 4.87178
5.19478 5.14297
5.27211 4.95201
5.17603 5.26629
5.2499 5.0694
5.25164 5.06114
5.16393 5.32297
5.14524 5.35785
5.11475 5.4495
5.13167 5.34675
5.06315 5.56023
5.11582 5.40556
5.1641 5.26717
5.09467 5.48203
5.02124 5.68159
4.98081 5.81939
4.95768 5.96519
4.98254 5.84871
5.05307 5.62727
5.02008 5.77718
4.97607 5.9016
5.00143 5.84907
5.06382 5.58368
5.09141 5.57056
5.09888 5.53366
5.01103 5.84667
4.99234 5.85371
4.93913 6.08986
4.87734 6.23374
4.9369 5.90005
5.00388 5.71814
5.04401 5.61445
5.05556 5.5651
5.00672 5.64557
5.08035 5.41673
5.1138 5.40797
5.16708 5.15243
5.1082 5.25846
5.03382 5.45957
5.09548 5.17787
5.16054 5.06549
5.19751 4.83966
5.22449 4.86818
5.26423 4.65083
5.3336 4.44879
5.28948 4.46707
5.38977 4.23122
5.35642 4.23943
5.4305 4.02011
5.54093 3.66395
5.4323 3.84899
5.52579 3.47043
5.60638 3.18775
5.59696 3.08848
5.64952 2.7903
5.60032 2.92223
5.51771 3.24131
5.54773 2.92679
5.62489 2.61101
5.52641 2.77296
5.5623 2.46979
5.6503 2.26153
5.70758 2.30891
5.69313 2.53768
5.76553 2.10505
5.71017 2.05477
5.7453 1.90863
5.73058 1.68805
5.78742 1.72531
5.7616 1.58064
5.79083 1.6182
5.82773 1.66684
5.82681 1.68921
5.79284 1.49254
5.78845 1.69985
5.79936 1.71928
5.77545 1.46591
5.72713 1.31936
5.697 1.18523
5.64127 1.12862
5.62458 1.05265
5.53843 0.938835
5.57639 1.05231
5.57046 1.11487
5.51655 1.00166
5.45304 0.996364
5.36923 0.944422
5.35087 1.00085
5.23326 0.891929
4.94243 0.736383
5.09248 0.805502
4.95307 0.6647
5.09483 0.718084
4.97316 0.593291
5.09513 0.637269
4.99385 0.521757
5.10557 0.597061
4.98727 0.446871
5.10334 0.550686
5.05987 0.489184
5.14252 0.550418
5.21233 0.668451
5.26014 0.658716
5.17789 0.5493
5.01287 0.41196
5.03349 0.414489
5.14925 0.510367
5.26189 0.597069
5.20903 0.567491
5.07228 0.445171
5.13687 0.527733
4.98176 0.388625
5.04574 0.498312
4.86883 0.364577
4.80704 0.260253
4.91618 0.313796
4.68256 0.155976
4.88761 0.292205
4.761 0.237282
4.83782 0.373771
4.65416 0.233447
4.74833 0.351286
4.87063 0.467095
4.76435 0.402626
4.83811 0.533015
4.69569 0.413868
4.77636 0.542526
4.85697 0.606395
4.86249 0.680084
4.6938 0.611024
4.35826 0.448529
4.2671 0.370505
4.18344 0.282569
4.10641 0.179954
4.18666 0.218956
4.30061 0.296915
4.2129 0.180654
4.30633 0.176137
4.49828 0.31464
4.4629 0.511699
4.60765 0.472076
4.57736 0.563062
4.61504 0.278257
4.42907 0.179987
4.46822 0.106546
4.50105 0.054738
4.28808 -0.096738
4.25525 0.0267431
4.1327 -0.175174
4.06398 -0.107914
4.1375 0.0610411
3.97154 -0.0749881
4.03554 0.0604981
4.1346 0.143017
3.90314 -0.212628
3.78914 -0.35462
3.98876 -0.280034
3.85789 -0.451517
4.04708 -0.319685
4.14629 -0.268351
4.02539 -0.405899
4.15567 -0.310444
4.33271 -0.135901
4.21487 -0.306301
4.35488 -0.159201
4.26643 -0.24921
4.44327 -0.0581991
4.50166 0.0197049
4.52773 0.0233521
4.66809 0.142813
4.58272 0.0836421
4.40951 -0.0408093
4.37517 -0.114809
4.25836 -0.232263
4.15742 -0.36603
4.10235 -0.45279
4.08015 -0.476078
4.12962 -0.38459
4.01642 -0.492046
3.97423 -0.593585
3.84963 -0.672176
3.81048 -0.76107
3.96084 -0.629194
4.06809 -0.475889
3.91336 -0.60061
4.02415 -0.485653
3.86568 -0.550227
3.75566 -0.547338
3.62298 -0.584921
3.65038 -0.489375
3.45419 -0.625472
3.6191 -0.48282
3.28733 -0.762489
3.12058 -0.893554
3.29769 -0.890847
3.53767 -0.757987
3.50229 -0.86163
3.73621 -0.734495
3.73978 -0.650747
3.66234 -0.644945
3.66101 -0.832407
3.62742 -0.872971
3.68771 -0.830935
3.47913 -0.951956
3.55923 -0.884372
3.72172 -0.760515
3.56638 -0.819883
3.69034 -0.682589
3.87054 -0.573538
3.79427 -0.520917
3.62803 -0.601935
3.73845 -0.455061
3.59079 -0.477427
3.7767 -0.286072
3.91667 -0.307215
3.99767 -0.0455549
4.10284 -0.0841658
4.17694 0.0766029
4.17667 0.192906
4.3252 0.252487
4.30956 0.394428
4.09163 0.261032
4.25746 0.553835
4.4524 0.636562
4.42479 0.813259
4.62172 0.869924
4.56772 1.04072
4.39234 0.995968
4.51635 1.22215
4.70431 1.24195
4.72475 1.08132
4.89393 1.23415
4.8214 1.01577
4.98502 1.13068
5.1179 1.33364
5.00534 1.46628
4.84047 1.39259
4.88547 1.58223
4.68235 1.45766
4.77283 1.68475
4.59972 1.67001
4.754 1.90872
4.52543 1.89632
4.40347 1.66417
4.42432 1.4134
4.22214 1.47347
4.23281 1.2358
4.02756 1.17963
4.13982 0.970645
4.33542 1.13827
4.27556 0.970706
4.21366 0.759244
4.00679 0.691864
3.85962 0.818016
3.78916 0.440632
4.01343 0.485216
3.83479 0.269284
3.66275 0.13929
3.75302 0.054935
3.94834 0.25069
3.87658 0.0198357
3.82453 -0.143991
3.66131 -0.219574
4.09552 0.427357
4.15204 0.562191
3.56732 -0.0916448
3.46545 -0.278646
3.38573 -0.176968
3.29314 -0.405314
3.45609 -0.43163
3.32481 -0.54767
3.42729 -0.570555
3.4639 -0.655433
3.31448 -0.664159
3.32071 -0.781569
3.52751 -0.753682
3.39917 -0.866264
3.45122 -0.921884
3.25876 -0.970228
3.21963 -0.899014
3.12792 -0.971897
3.05615 -0.931319
3.11533 -0.850141
2.91282 -0.905202
2.89709 -0.985976
2.79574 -0.9564
2.68866 -0.92557
2.83241 -0.860652
2.7494 -0.822033
2.56456 -0.875364
2.6398 -0.78022
2.45881 -0.825061
2.54387 -0.715777
2.42735 -0.736386
2.27487 -0.748282
2.31589 -0.909611
2.12558 -0.849752
2.18228 -1.01902
2.41971 -0.980317
2.24703 -1.14662
2.11417 -1.10568
2.04364 -1.03396
1.99068 -1.06566
2.08859 -1.21285
1.96817 -1.12247
1.87048 -1.03473
1.87373 -1.08912
1.959 -1.2206
1.85053 -1.17031
1.87013 -1.25336
1.95931 -1.35254
1.86249 -1.34755
1.98029 -1.43535
2.07528 -1.4193
2.11752 -1.46647
2.2203 -1.42796
2.32218 -1.41485
2.41805 -1.32329
2.50517 -1.32436
2.69609 -1.23403
2.6493 -1.26664
2.49032 -1.34089
2.62073 -1.28098
2.61215 -1.28281
2.77074 -1.22078
2.75583 -1.21802
2.63747 -1.27362
2.843 -1.17293
2.92855 -1.15417
3.03173 -1.10406
3.15502 -1.07032
2.97221 -1.1479
3.106 -1.09997
2.87272 -1.18482
3.03573 -1.1204
3.24991 -1.04023
3.15754 -1.06311
2.93143 -1.14466
3.03148 -1.04907
2.76599 -1.11762
3.02997 -0.97261
2.67552 -1.00607
2.56481 -1.12491
2.57252 -1.20681
2.46323 -1.2173
2.34278 -1.22566
2.2438 -1.34291
2.20179 -1.26952
2.41327 -1.09329
2.44829 -1.14411
2.52013 -1.07073
2.53073 -0.983815
2.14106 -1.31816
2.0548 -1.33127
2.14651 -1.3714
2.88245 -1.1759
3.37347 -0.985061
3.29085 -1.03059
3.38979 -0.983148
3.52071 -0.933483
3.51957 -0.91949
3.24209 -0.999555
3.13674 -1.058
3.02856 -1.08766
3.06384 -1.05342
3.06644 -1.01959
2.92095 -1.10979
2.84111 -1.12152
2.9534 -1.0152
2.78302 -1.12078
2.6133 -1.21664
2.44201 -1.29679
2.69877 -1.21908
2.52257 -1.30443
2.68267 -1.24769
2.83559 -1.16962
2.54421 -1.31482
2.45278 -1.35164
2.41038 -1.36298
2.30696 -1.41364
2.27936 -1.41245
2.14558 -1.46801
2.17078 -1.42514
2.35098 -1.36518
2.27746 -1.37967
2.06971 -1.44523
1.97218 -1.43849
2.06192 -1.47995
2.20534 -1.4611
1.98069 -1.45868
1.941 -1.44004
1.87829 -1.43706
1.78227 -1.35844
1.87592 -1.40241
1.71102 -1.2992
1.56518 -1.16207
1.54069 -1.14359
1.54106 -1.12366
1.44796 -1.03824
1.34022 -0.904102
0.730214 -0.372017
0.859398 -0.436742
1.25305 -0.768924
1.11311 -0.633702
1.18054 -0.724674
1.09006 -0.656199
0.965214 -0.512873
0.988173 -0.597812
0.878265 -0.498302
0.932956 -0.596383
0.773182 -0.508972
0.609502 -0.431261
0.598481 -0.328624
0.422918 -0.383414
0.485042 -0.46007
0.646394 -0.539328
0.443484 -0.508131
0.563859 -0.563482
0.365689 -0.510267
0.481845 -0.552975
0.30761 -0.512344
0.119013 -0.453288
0.26396 -0.468666
0.0919809 -0.410355
-0.0982447 -0.383846
-0.130208 -0.310123
0.302388 -0.442292
0.211611 -0.345406
0.330185 -0.285103
0.128794 -0.30202
0.188459 -0.288006
0.46547 -0.299035
0.0355539 -0.296174
-2.03531 1.37257
-1.91518 1.28805
-2.0153 1.31631
-1.86143 1.17962
-1.98614 1.24575
-1.79125 1.09171
-1.71307 1.05314
-1.72407 1.12327
-1.63925 1.04526
-1.59358 0.980328
-1.52873 0.994103
-1.62906 1.09488
-1.47391 1.00676
-1.36105 0.899298
-1.46825 0.853312
-1.29338 0.723294
-1.20733 0.754439
-1.20835 0.856911
-1.12325 0.79269
-1.29792 0.949586
-1.38142 1.02121
-1.53181 1.10316
-1.65904 1.15594
-1.78797 1.22136
-1.35197 0.952049
-0.698342 0.234522
-0.775625 0.34245
-0.715139 0.204407
-0.589997 0.113595
-0.61856 0.0450349
-0.533794 0.0273145
-0.482498 -0.0536011
-0.491236 -0.0622584
-0.439419 -0.125316
-0.281498 -0.258723
-0.402971 -0.188007
-0.521239 -0.169383
-0.56823 -0.0836654
-0.649308 -0.0976448
-0.702916 0.0177059
-0.755779 0.125508
-0.837041 0.132522
-0.876264 0.289129
-0.978845 0.263371
-1.03268 0.393049
-0.990013 0.471391
-1.14377 0.561791
-1.05702 0.637566
-0.94942 0.527187
-0.898665 0.407992
-0.84701 0.445418
-0.917258 0.545914
-0.997748 0.677114
-1.13623 0.427531
-1.22032 0.580876
-1.29664 0.608001
-1.37815 0.739476
-1.43379 0.779297
-1.59242 0.926225
-1.50389 0.790908
-1.54708 0.812951
-1.70622 0.977157
-1.90201 1.14825
-1.8638 1.10389
-1.68956 0.915293
-1.57804 0.815341
-1.48037 0.684279
-1.4692 0.715048
-1.41769 0.681541
-1.36762 0.575085
-1.29477 0.541582
-1.24802 0.435236
-1.18938 0.407855
-1.05227 0.245821
-0.911949 0.123951
-0.964862 0.118119
-1.10455 0.241647
-0.900666 0.0131444
-0.854388 0.0169636
-0.806974 -0.0348432
-0.745609 -0.0653626
-0.752945 -0.0987087
-0.645246 -0.149177
-0.662573 -0.173409
-0.771803 -0.120708
-0.900343 -0.00545788
-1.01951 0.114626
-1.05347 0.13042
-1.15798 0.254918
-1.30654 0.448359
-1.29002 0.424071
-1.35353 0.498406
-1.41954 0.585579
-1.55713 0.763405
-1.40639 0.563544
-1.40885 0.583054
-1.25572 0.409564
-1.17171 0.267979
-1.10694 0.192223
-0.975357 0.0522989
-0.956125 0.0424488
-0.869595 -0.0283094
-0.763371 -0.14761
-0.818239 -0.0990119
-0.689084 -0.184248
-0.684187 -0.142094
-0.872544 0.025755
-1.05443 0.20972
-1.0701 0.263876
-1.1707 0.381544
-1.21994 0.375268
-1.2951 0.524308
-1.41883 0.626111
-1.44133 0.705834
-1.564 0.823325
-1.6499 0.896168
-1.5297 0.751852
-1.65005 0.887246
-1.72874 0.939319
-1.73385 0.968349
-1.89666 1.11913
-1.84024 1.06273
-2.00485 1.23673
-2.11193 1.33549
-1.99273 1.24228
-2.14165 1.36062
-1.98439 1.2297
-2.03103 1.27776
-2.14499 1.37725
-2.11941 1.38334
-2.21897 1.49574
-2.14867 1.46121
-2.25773 1.56388
-2.44445 1.77625
-2.36353 1.66482
-2.42359 1.71996
-2.51448 1.8926
-2.5907 2.00175
-2.52758 1.89169
-2.62968 2.09256
-2.53492 1.86649
-2.52971 1.90848
-2.44262 1.73894
-2.47136 1.77681
-2.40628 1.68131
-2.33661 1.58379
-2.3513 1.59092
-2.24689 1.47804
-2.26196 1.4843
-2.27492 1.52626
-2.26244 1.4837
-2.34253 1.58419
-2.40662 1.73024
-2.29159 1.55224
-2.2038 1.42744
-2.14472 1.38017
-2.0115 1.25875
-2.16743 1.43563
-2.03307 1.31134
-2.17231 1.49324
-2.29524 1.61609
-2.293 1.68657
-2.40915 1.82083
-2.37479 1.85494
-2.46276 2.00052
-2.53269 2.01514
-2.47578 1.87146
-2.58449 2.04674
-2.36234 1.72389
-2.60274 2.0819
-2.65534 2.21957
-2.66147 2.16952
-2.67721 2.18996
-1.15043 8.66766
-1.27698 8.49728
-1.48422 8.15602
-1.58293 7.75642
-1.65851 7.56705
-1.46889 7.73718
-1.43261 7.90115
-1.29087 7.97498
-1.31407 8.09158
-1.50838 7.94362
-1.22404 8.3592
-1.38192 8.32189
-1.10853 8.27965
-1.05211 8.45517
-0.876404 8.56283
-0.896935 8.39902
-0.726903 8.59364
-0.704229 8.42275
-0.590126 8.60853
-0.492264 8.43069
-0.462094 8.68868
-0.606667 8.72743
-0.329163 8.88093
-0.523486 8.89212
-0.73173 8.86353
-1.00145 8.6194
-0.975834 8.80882
-0.847874 9.01787
-0.607616 9.1841
-0.424866 9.09598
-0.407409 9.34899
-0.196793 9.37597
-0.161015 9.12481
-0.0613594 9.27677
0.0951967 9.19937
0.0195532 9.40651
0.211704 9.44227
0.348619 9.24566
0.463489 9.4664
0.586123 9.16322
0.666882 9.36024
0.793646 9.16754
0.777803 8.90981
0.593386 8.85965
0.761718 8.62005
0.582986 8.55475
0.724975 8.37276
0.90082 8.32778
0.789943 8.13086
0.610472 8.16962
0.797056 7.75023
0.591835 7.86756
0.415232 8.00979
0.413012 8.43393
0.225877 8.34862
0.194822 8.01915
0.312359 7.65067
0.593309 7.50238
0.42282 7.28651
0.609296 7.03149
0.404542 6.9158
0.220351 7.29384
0.184016 6.9422
0.27158 6.6243
0.0514088 6.67136
-0.0255222 7.16179
-0.232192 6.6359
-0.289525 7.17043
-0.464011 6.79614
-0.46934 7.19419
-0.621689 6.96406
-0.595221 7.43417
-0.715798 7.15085
-0.871559 6.84811
-0.704063 6.61443
-0.583762 6.72005
-0.589334 6.53538
-0.726989 6.24339
-0.493454 6.35284
-0.618234 5.92633
-0.337017 6.02109
-0.522648 5.57532
-0.748415 5.56714
-0.701034 5.16639
-0.399984 5.20091
-0.550675 4.77428
-0.718685 4.82253
-0.850817 4.91385
-0.810407 4.70826
-0.706654 4.59087
-0.833513 4.5465
-0.954034 4.69025
-0.94779 4.40209
-0.772542 4.35478
-0.880819 4.13508
-0.690254 4.08549
-0.808774 3.82242
-0.95189 3.95336
-1.00645 4.08055
-1.01111 4.21956
-1.10096 4.1331
-1.11304 4.31463
-1.28027 4.09138
-1.09328 3.934
-1.21622 3.79667
-1.11376 3.67589
-0.976501 3.7542
-1.0191 3.54214
-0.875386 3.52948
-0.982054 3.29511
-1.15097 3.39673
-1.1279 3.02326
-1.25838 3.18343
-1.29842 2.93491
-1.3865 3.13358
-1.30738 3.3947
-1.4437 3.36995
-1.35538 3.67109
-1.49969 3.57538
-1.4822 3.86639
-1.62664 3.63854
-1.57396 3.34987
-1.69914 3.32011
-1.63379 3.12815
-1.52023 3.10535
-1.61125 2.87897
-1.75157 3.03567
-1.71861 2.69897
-1.56127 2.5478
-1.65882 2.37851
-1.81427 2.5366
-1.73982 2.27665
-1.86555 2.33869
-1.72098 2.06099
-1.87121 2.08787
-1.70544 1.82621
-1.8503 1.82996
-2.01581 2.09423
-2.00224 1.87462
-1.88947 1.72793
-1.95981 1.71702
-1.85582 1.60662
-1.90894 1.57338
-2.09308 1.81511
-2.00805 1.57028
-2.17363 1.71503
-1.99197 1.45407
-2.14179 1.54745
-2.29392 1.78423
-2.31973 1.93231
-2.40501 1.97298
-2.40876 2.09649
-2.50158 2.18458
-2.55228 2.15308
-2.61224 2.34743
-2.62554 2.23926
-2.68724 2.48704
-2.72377 2.41669
-2.73319 2.56594
-2.76924 2.63298
-2.75644 2.72663
-2.82184 2.85865
-2.80674 2.99837
-2.89314 3.16886
-2.83959 3.18453
-2.86419 3.3106
-2.88973 3.41467
-2.86173 3.46308
-2.88348 3.66191
-2.87158 2.93152
-2.8244 2.7616
-2.74558 2.43398
-2.7837 2.59324
-2.77473 2.54885
-2.81124 2.69801
-2.7726 2.53183
-2.70735 2.27587
-2.84808 3.90851
-2.83802 3.60568
-2.81043 3.85934
-2.81409 4.10467
-2.76182 4.11496
-2.74566 4.30889
-2.70047 4.5366
-2.71702 4.26927
-2.66979 4.35625
-2.61757 4.67258
-2.66185 4.77206
-2.04513 6.60731
-1.99147 6.73079
-1.87268 7.03572
-1.80851 7.20845
-1.68681 7.21357
-1.72846 7.37325
-1.55382 7.49723
-1.47386 7.36612
-1.61716 7.03768
-1.42302 7.21777
-1.48623 6.92276
-1.6455 6.82968
-1.65793 6.62265
-1.81614 6.73522
-1.8965 6.38645
-1.72576 6.33717
-1.87926 6.10492
-1.74129 6.17668
-1.79293 6.02007
-1.90853 5.84728
-2.05905 5.84759
-2.02947 5.54921
-1.87642 5.60443
-1.94015 5.34714
-2.03645 5.1797
-2.15246 5.29083
-2.16398 5.60874
-2.27656 5.36611
-2.25516 4.89469
-2.12575 4.98937
-2.1395 4.64052
-2.22335 4.54397
-2.31655 4.45187
-2.24733 4.28408
-2.31934 4.02735
-2.21017 4.01423
-2.28936 3.72666
-2.18902 3.61882
-2.28055 3.4172
-2.41107 3.60859
-2.34604 3.21055
-2.44885 3.24965
-2.54943 3.44736
-2.51322 3.06069
-2.64915 3.19056
-2.67026 3.63702
-2.58361 3.67663
-2.59537 3.87726
-2.66393 3.94018
-2.58866 4.14891
-2.65489 4.18549
-2.57902 4.43698
-2.72148 4.03688
-2.51362 4.3621
-2.48557 4.63002
-2.52953 4.70673
-2.53261 4.9158
-2.57638 4.97339
-2.52037 5.09176
-2.52814 5.13659
-2.53078 5.21245
-2.60828 5.00347
-2.45351 5.42263
-2.402 5.69695
-2.4232 5.57358
-2.48843 5.26698
-2.47324 5.16331
-2.38211 5.12557
-2.47095 4.88523
-2.42363 4.76987
-2.42567 4.46746
-2.36266 4.7421
-2.4242 4.07784
-2.5088 4.11828
-2.5197 3.79303
-2.35765 5.45586
-2.36207 5.64488
-2.31223 5.56798
-2.25295 5.61245
-2.28917 5.76112
-2.19412 5.75497
-2.18491 5.94073
-2.28839 5.98274
-2.37716 5.81835
-2.2078 6.1645
-2.11592 6.34032
-2.05005 6.12767
-2.02759 6.43817
-2.70987 3.82683
-2.74669 3.74157
-2.79795 3.6182
-2.74055 3.46835
-2.78954 3.40756
-2.74221 3.25073
-2.77893 3.17936
-2.83461 3.32316
-2.79792 3.12296
-2.74066 2.92873
-2.69821 3.03858
-2.67827 2.82621
-2.67474 2.62601
-2.62046 2.67972
-2.65435 2.8966
-2.55335 2.79565
-2.5388 2.53539
-2.5766 2.43967
-2.4549 2.29685
-2.41765 2.48928
-2.34687 2.24981
-2.34787 2.0947
-2.2435 2.07531
-2.26352 2.28717
-2.13265 2.07663
-2.15262 2.31563
-2.30478 2.51447
-2.42726 2.75618
-2.38869 2.98219
-2.29541 2.73203
-2.26773 2.9458
-2.24926 3.14848
-2.15323 2.96845
-2.16496 2.70286
-2.00605 2.69474
-2.04123 2.391
-2.196 2.52765
-2.01881 3.11778
-2.16496 3.27832
-2.07489 3.49876
-2.09628 3.85867
-2.01128 3.7358
-1.98754 4.1005
-2.1108 4.24641
-2.03023 4.51395
-2.04019 4.84767
-1.97767 4.71981
-1.90059 4.51444
-1.90821 4.99399
-1.79527 4.77151
-1.70552 5.15897
-1.82077 5.367
-1.7214 5.43559
-1.74482 5.61366
-1.7784 5.83737
-1.65253 5.8059
-1.64568 6.04902
-1.49086 5.90608
-1.44047 6.25805
-1.62207 6.2687
-1.55274 6.46297
-1.38742 6.54849
-1.47062 6.68281
-1.2857 6.82418
-1.27931 7.15362
-1.14712 7.07966
-1.08768 6.85582
-1.20515 6.50971
-1.03897 6.64978
-1.01611 6.41552
-1.22015 6.0456
-0.974058 6.07569
-1.10562 5.87982
-1.02371 5.7338
-0.839673 5.84336
-0.918797 5.57136
-0.878709 5.3628
-1.07867 5.37055
-0.928107 5.15356
-1.04269 5.14354
-1.01392 4.95972
-1.14476 5.07158
-1.15831 4.76819
-1.30453 4.95208
-1.34368 4.66377
-1.2322 4.46613
-1.37175 4.39401
-1.4868 4.217
-1.48037 4.53279
-1.62424 4.39831
-1.56939 4.7041
-1.68433 4.74816
-1.76711 4.44119
-1.72938 4.15328
-1.62166 4.01557
-1.74438 3.85327
-1.85054 4.08004
-1.85477 3.74167
-1.77472 3.54177
-1.91735 3.47088
-1.80433 3.2893
-1.8773 3.14273
-1.87671 2.86131
-1.92883 3.81389
-1.5629 4.99084
-1.49793 5.32765
-1.6014 5.56843
-1.38856 5.66375
-1.19413 5.68526
-1.30792 5.40395
-1.25308 5.19301
-1.40659 5.12849
-1.45424 4.8346
-1.08311 4.53315
-0.853718 6.42666
-0.999188 7.231
-0.799356 7.34841
-0.907352 7.63334
-1.06021 7.49052
-1.13499 7.30359
-1.23079 7.50362
-1.04506 7.69475
-1.08869 7.87119
-1.31694 7.724
-1.10119 8.1144
-0.868196 8.13877
-0.942964 7.87733
-0.806977 7.93711
-0.750656 8.09654
-0.677573 8.01437
-0.657887 8.20527
-0.481863 7.98315
-0.706382 7.74162
-0.386041 7.56299
-0.293866 7.86927
-0.182131 7.60413
-0.162832 8.00147
0.0494566 7.73267
-0.00173378 8.26093
-0.267165 8.30964
-0.293614 8.06842
-0.332903 8.61282
-0.144952 8.62617
-0.0446272 8.91894
0.0817471 8.63271
0.260603 8.63754
0.184598 8.88898
0.397683 8.79522
0.296567 9.04978
0.445841 9.03715
-2.17855 4.35234
-2.24122 1.92641
-1.94762 6.86781
-1.78591 6.97788
-1.95703 1.32838
-2.03375 1.35514
-1.91821 1.25062
-1.89484 1.1948
-1.76273 1.10048
-1.73467 0.997171
-1.60104 0.893624
-1.52407 0.837682
-1.62415 1.03235
-1.82164 1.25267
-1.78478 1.31234
-1.6106 1.08001
-1.44351 0.875576
-1.4221 0.777495
-1.2689 0.604643
-1.27601 0.552229
-1.08846 0.346582
-0.940332 0.151943
-0.917179 0.176607
-0.965473 0.31115
-1.13048 0.473344
-1.07106 0.503368
-1.24194 0.664902
-1.17109 0.707936
-1.35249 0.893462
-1.55626 1.12361
-1.43374 1.06717
-1.54856 1.25449
-1.72868 1.41428
-1.63247 1.45097
-1.7714 1.60608
-1.66835 1.61354
-1.48618 1.3758
-1.56842 1.61401
-1.54593 1.77658
-1.45125 1.51074
-1.33675 1.5252
-1.3236 1.30294
-1.21624 1.23997
-1.18358 1.03648
-1.06279 1.04704
-1.0211 0.83627
-1.08206 0.761399
-1.28242 0.956341
-0.995808 0.52486
-0.938156 0.596636
-0.865847 0.449844
-0.864271 0.36866
-0.730017 0.30392
-0.801369 0.222106
-0.938737 0.376937
-0.823524 0.138149
-0.644417 0.0522175
-0.744313 0.00353849
-0.504662 -0.0724549
-0.469441 -0.171507
-0.278072 -0.202368
-0.251965 -0.263161
-0.0993118 -0.295149
-0.0834303 -0.344122
-0.312441 -0.269321
-0.250287 -0.323667
-0.00929832 -0.406696
-0.188272 -0.381768
-0.387329 -0.30157
-0.411757 -0.306417
-0.250486 -0.377012
0.0138245 -0.443538
-0.108266 -0.414221
-0.298725 -0.361318
-0.324252 -0.340181
-0.502038 -0.259522
-0.546708 -0.179343
-0.462656 -0.318037
-0.630993 -0.221315
-0.594787 -0.248792
-0.545568 -0.229036
0.045517 -0.440155
0.205784 -0.489406
0.217617 -0.479743
0.454246 -0.546413
0.517919 -0.569111
0.68539 -0.637518
0.710023 -0.63695
0.929914 -0.746629
0.876827 -0.692507
1.01884 -0.758972
0.995027 -0.669223
1.18097 -0.810787
1.13773 -0.829295
1.31733 -0.889551
1.26626 -0.874451
1.42296 -0.926665
1.35548 -0.912232
1.51079 -0.970612
1.43479 -0.952338
1.58332 -0.998997
1.66127 -1.00531
1.71262 -1.05472
1.77278 -1.03855
1.80999 -1.09179
1.76378 -0.993579
1.781 -1.14555
1.63165 -1.06546
1.74112 -1.16779
1.8002 -1.24391
1.76894 -1.24854
1.79597 -1.3502
1.68389 -1.22316
1.60829 -1.17126
1.58391 -1.10352
1.5261 -1.08339
1.42146 -0.999258
1.43678 -1.02437
1.38815 -0.959378
1.33204 -0.895517
1.31771 -0.900592
1.25302 -0.792085
1.19386 -0.774063
1.24195 -0.855351
1.08802 -0.709081
1.1611 -0.811025
0.988013 -0.694935
0.829661 -0.598421
0.787802 -0.63234
0.962421 -0.727446
1.11611 -0.799434
1.06269 -0.803068
1.2588 -0.880315
1.24518 -0.870822
1.3142 -0.917443
1.37559 -0.926986
1.46766 -0.993307
1.55904 -1.05654
1.66428 -1.14318
1.5002 -0.991031
1.22031 -0.855287
1.12251 -0.829054
0.84686 -0.693852
0.647942 -0.612216
1.89383 -1.43115
1.59897 -0.956874
1.72932 -0.966745
1.83941 -0.990852
1.66663 -0.925029
1.58411 -0.935878
1.4332 -0.87221
1.47441 -0.924228
1.59173 -0.839787
1.41272 -0.803814
1.23523 -0.758766
1.3005 -0.733231
1.08381 -0.656955
0.936793 -0.62533
0.794398 -0.567178
0.750467 -0.598219
0.512592 -0.50285
0.563933 -0.572814
0.396012 -0.513209
0.216168 -0.439876
0.317332 -0.436565
0.132956 -0.369843
0.376332 -0.410378
0.194586 -0.319905
-0.0284204 -0.272015
0.0219879 -0.212283
-0.162615 -0.170254
-0.154018 -0.095156
-0.381726 -0.041399
-0.354577 0.069661
-0.581216 0.125788
-0.551213 0.202299
-0.613454 0.361122
-0.801455 0.488293
-0.746805 0.59752
-0.897871 0.673349
-0.979256 0.717248
-0.904028 0.821262
-0.767836 0.773604
-0.897846 1.04562
-1.13693 1.34965
-0.991436 1.34166
-1.12558 1.61427
-1.2835 1.69826
-1.44132 1.85224
-1.3792 1.91254
-1.47994 2.15794
-1.60021 2.07955
-1.28544 1.97021
-1.37376 2.40269
-1.44677 2.80893
-1.32356 2.67902
-1.24539 2.49339
-1.21294 2.19105
-1.14277 2.3454
-1.06782 2.10382
-1.00028 2.35389
-0.938724 2.06045
-0.798106 2.13524
-0.836786 1.87938
-0.950396 1.832
-0.780878 1.60445
-0.934309 1.52194
-0.69827 1.24311
-0.551258 1.42107
-0.441639 1.04511
-0.577243 0.957521
-0.72431 1.00931
-0.584847 0.7756
-0.422573 0.774437
-0.415214 0.581342
-0.551771 0.59363
-0.659375 0.719916
-0.730735 0.856872
-0.660204 0.626588
-0.573734 0.474001
-0.414894 0.42937
-0.429901 0.310113
-0.447496 0.209965
-0.274269 0.15379
-0.07547 -0.0175043
-0.0643749 0.117507
-0.252501 0.275214
-0.0644655 0.276903
-0.249222 0.420611
-0.252255 0.586643
-0.0840101 0.439815
-0.0834227 0.608858
-0.247269 0.787315
-0.211511 1.02749
-0.362629 1.22161
-0.24592 1.25158
-0.0829926 1.28346
-0.227175 1.37865
-0.360891 1.46536
-0.239825 1.60738
-0.409456 1.81228
-0.517615 1.68225
-0.589375 1.98633
-0.4789 2.12873
-0.655142 2.3895
-0.471938 2.4001
-0.591389 2.77283
-0.804006 2.77407
-0.85694 2.4872
-1.0058 2.72996
-1.13296 2.58303
-1.12718 2.78406
-1.21657 2.75617
-0.941814 3.01618
-0.770654 3.17226
-0.499041 3.19841
-0.705765 3.50546
-0.588788 3.72291
-0.329333 3.58609
-0.473579 4.06575
-0.598622 4.38727
-0.388074 4.47265
-0.337846 4.83263
-0.116819 4.66744
-0.200832 4.10514
-0.0374079 4.3096
0.100139 3.98365
-0.0703936 3.59879
0.208099 3.38063
0.0234079 3.28602
0.127575 2.94461
0.443047 2.76048
0.284643 2.30619
0.524352 2.30206
0.666702 1.8365
0.382825 1.66452
0.598191 1.34548
0.403036 1.24517
0.545461 1.07881
0.417079 0.911181
0.605697 0.883807
0.589776 0.637757
0.336076 0.641761
0.210528 0.845403
0.105113 0.651205
0.0611048 0.835551
0.0890551 1.02574
-0.0382833 0.969162
-0.0686665 0.792512
0.112609 1.24625
0.0614281 1.49778
-0.0896521 1.74616
0.110623 1.8836
-0.129258 2.2369
0.0216627 2.3769
-0.175151 2.75109
0.0189333 2.71496
-0.111529 3.16018
-0.298402 3.14307
-0.336752 2.94351
-0.356335 2.62879
-0.305164 2.07311
0.222648 1.4248
0.243667 1.10027
0.0514879 0.486592
0.227404 0.453634
0.100609 0.331825
0.311053 0.266818
0.470837 0.397804
0.509626 0.196788
0.392914 0.127057
0.184997 0.125117
0.408981 0.00851762
0.29499 -0.0238579
0.135321 -0.0107914
0.311791 -0.123751
0.172823 -0.130126
0.397821 -0.226517
0.438377 -0.166474
0.586383 -0.206412
0.618346 -0.334667
0.412933 -0.342746
0.638762 -0.457182
0.829078 -0.450951
0.891406 -0.553604
1.03373 -0.545206
1.20119 -0.632288
1.17905 -0.523232
0.978159 -0.432114
1.10052 -0.360482
1.32172 -0.46596
1.24728 -0.274088
1.08486 -0.230758
0.950478 -0.212848
1.01485 -0.0670283
0.775664 -0.0595518
0.773719 -0.208261
0.925069 -0.314666
0.790976 -0.329566
0.592231 -0.0927716
0.439288 -0.107715
0.563804 0.0502096
0.692867 0.105756
0.642208 0.247455
0.835478 0.159747
0.710459 0.376401
0.842519 0.512872
0.779558 0.769562
1.0287 0.644981
0.908135 0.921562
0.716695 1.03762
0.883288 1.25652
1.13197 0.932508
1.10313 1.22485
1.04846 1.57505
0.903039 1.98794
0.711763 2.3225
0.96683 2.33104
0.75717 2.78714
0.541195 3.27858
0.831757 3.28413
0.644968 3.71345
0.390585 3.76689
0.529275 3.98117
0.379844 4.23233
0.125906 4.45619
0.326835 4.62622
0.183648 4.89878
0.0145025 5.2028
-0.206148 5.06377
-0.169029 5.41376
-0.314273 5.60482
-0.120625 5.81207
-0.055418 6.24961
0.139811 5.9694
0.0151167 5.59235
0.217253 5.54174
0.207969 5.22747
0.31601 5.35657
0.320249 5.15077
0.452048 5.32358
0.392332 5.53995
0.537131 5.5783
0.44343 5.88892
0.700644 5.76626
0.681118 5.33845
0.93934 5.59656
0.906318 5.22803
0.757143 4.83915
0.461455 4.96743
0.52592 4.57875
0.721375 4.21955
0.937654 4.53189
0.958743 4.23298
0.907982 4.04512
1.05175 3.95011
1.15152 4.37712
1.26606 3.85087
1.40759 4.2407
1.35566 4.79268
1.06648 4.93105
1.24692 5.25506
1.06937 5.33598
1.15644 5.54292
1.13327 5.8277
0.900981 5.99801
1.10676 6.20911
0.823007 6.38643
0.981044 6.52988
0.806278 6.74173
0.627971 6.66987
0.630207 6.39716
0.471515 6.52888
0.518793 6.25137
0.677287 6.12251
0.339083 6.27823
0.152957 6.36579
0.797912 7.07094
0.980429 6.78344
0.983786 7.05463
0.830559 7.34054
1.00615 7.34877
1.0591 7.64962
1.21971 7.31089
1.16923 7.03166
1.1278 6.81512
1.33428 6.71723
1.18405 6.52976
1.36762 6.46372
1.5679 6.40026
1.59006 6.80401
1.35161 7.0124
1.45593 7.23703
1.29286 7.65016
1.58044 7.55613
1.71546 7.13099
1.80748 7.38288
1.96605 7.08775
1.91616 6.71988
1.8166 6.42479
2.04009 6.32529
1.95716 6.20151
1.84556 6.10345
2.12848 5.95013
1.97539 5.85387
1.8327 5.79252
2.08014 5.54177
1.85517 5.36923
2.07259 5.16714
1.9755 4.98043
1.79721 4.94777
1.96529 4.60412
1.75608 4.45371
1.58886 4.88841
1.54782 4.51313
1.43873 5.18969
1.60863 5.30814
1.3594 5.56957
1.57538 5.76407
1.31596 5.93139
1.3929 6.20387
1.64385 6.06265
1.61627 4.09697
1.48328 3.73051
1.70214 3.60176
1.77842 3.99631
1.844 3.75906
1.96496 4.04892
1.92175 3.39274
2.1465 3.68361
2.17276 4.0902
2.11173 4.38382
2.15415 4.77613
2.27874 4.38334
2.37273 4.74799
2.26272 5.13298
2.46984 5.05812
2.3977 5.47612
2.46316 5.90654
2.25096 6.18485
2.18607 6.48551
2.43978 6.28056
2.35824 6.64198
2.12897 6.79638
2.24794 7.06203
2.00941 7.41954
2.2688 7.51763
2.45986 7.16237
2.56412 6.79832
2.71372 7.0713
2.85995 6.64191
2.70971 6.56557
2.60746 6.44708
2.80532 6.38011
2.77949 6.05331
2.91482 6.21678
2.95922 6.10208
3.05092 5.95526
2.98098 5.71206
3.22354 5.66129
3.24952 6.00889
3.41108 5.79567
3.45972 5.47386
3.30081 5.26603
3.50544 4.9964
3.33492 5.01898
3.17162 4.99933
3.33789 4.77147
3.18907 4.62925
3.32017 4.38119
3.47338 4.56234
3.49882 4.149
3.68048 4.4907
3.77176 4.98086
3.64186 5.33285
3.83139 5.42229
3.93687 5.07765
3.93028 4.81753
4.09651 4.82493
4.02041 4.51189
3.85551 4.61509
3.91183 4.23815
4.15448 4.11629
4.03476 3.81689
3.74418 3.87243
3.92994 3.52524
4.22264 3.4395
3.97681 3.25228
3.66977 3.25518
3.87811 2.93145
4.16969 3.08694
4.09489 2.74432
4.38735 2.88179
4.30963 2.56214
4.61607 2.64272
4.47547 2.40353
4.67121 2.32992
4.47615 2.15119
4.25969 2.2429
4.24431 1.84908
4.06636 2.03832
3.99601 1.76984
3.86319 1.91907
4.00558 2.33063
3.69536 2.12552
3.80399 2.54234
3.62856 2.37616
3.49491 2.14671
3.51938 1.79795
3.35028 1.71607
3.4714 1.34503
3.24898 1.1848
3.35807 0.890743
3.60732 0.947326
3.40359 0.56256
3.60484 0.524599
3.82963 1.06734
3.7731 1.2292
3.65265 1.32642
3.81839 1.53197
3.65263 1.67003
3.86595 1.36376
3.89781 1.25231
4.01017 1.48434
3.42932 0.296136
3.54754 0.223865
3.34678 0.0297606
3.49358 0.0118034
3.18582 -0.242151
3.16812 -0.0240708
3.04345 -0.157157
2.94549 -0.367939
2.87601 -0.129982
2.72817 -0.343106
2.74786 -0.526136
2.92558 -0.602442
2.71252 -0.673822
2.60199 -0.616741
2.56411 -0.479366
2.43748 -0.630191
2.35554 -0.427268
2.52313 -0.249687
2.28355 -0.138793
2.19352 -0.309045
2.17775 -0.465471
2.28394 -0.587453
2.15761 -0.598905
2.00612 -0.467139
2.0304 -0.667148
1.82523 -0.502289
1.85817 -0.656352
1.95368 -0.766117
1.7817 -0.722667
1.66483 -0.616658
1.61466 -0.721112
1.40823 -0.647604
1.5027 -0.77989
1.69688 -0.794663
1.80776 -0.891091
1.85311 -0.820147
1.99361 -0.912215
1.94262 -0.98188
1.50611 -0.533244
1.48117 -0.389828
1.63074 -0.488752
1.64804 -0.369667
1.54525 -0.29681
1.43295 -0.250131
1.59346 -0.16127
1.28408 -0.0829069
1.07498 0.1393
0.831302 0.0344627
0.903872 0.307668
1.06532 0.362035
1.3281 0.174483
1.22136 0.438409
1.2459 0.630244
1.39923 0.751591
1.33612 1.18845
1.54922 0.880719
1.58706 1.11779
1.53466 1.45301
1.29736 1.69491
1.09942 1.94483
1.25131 2.23795
1.04763 2.79598
1.34335 2.83502
1.11285 3.40343
0.880959 3.76605
1.35237 3.39499
1.53885 3.19621
1.6119 2.64095
1.73023 3.06
1.76662 2.71107
1.78558 2.40365
1.65762 2.13417
1.88671 2.01676
1.95212 2.43669
2.0938 2.2189
2.09502 1.82911
1.9474 1.54734
2.18978 1.47211
2.24181 1.75696
2.35058 1.62614
2.37664 1.36277
2.29265 1.10141
2.53445 1.08785
2.39585 0.804653
2.22373 0.774507
2.37032 0.497636
2.55221 0.580726
2.49334 0.235944
2.65436 0.244715
2.59402 -0.0141599
2.75473 0.0360689
2.6969 -0.168548
2.90275 0.18347
2.7844 0.268248
2.87073 0.493855
2.7256 0.503014
2.79698 0.734816
2.67786 0.786515
2.76134 1.06411
2.68926 1.48117
2.50191 1.53372
2.59536 1.86243
2.79718 1.91251
2.91683 1.44056
3.00013 1.97684
2.89861 2.38389
2.66192 2.34085
2.80043 2.91552
2.5931 2.72356
2.49493 2.4879
2.46152 2.75387
2.5521 3.12061
2.37075 2.93654
2.30289 2.50247
2.20654 2.91611
2.10817 2.57828
2.25154 2.04029
2.44495 2.12055
2.34728 1.86175
2.45174 1.79674
2.00233 2.86531
1.86778 2.64605
1.85526 2.91978
2.12406 3.24683
2.3345 3.37249
2.34246 3.94207
2.59793 3.74574
2.50302 4.34787
2.71612 4.26521
2.86004 3.91305
2.75877 3.62001
2.71394 3.37027
2.87936 3.45313
3.08487 3.20566
3.0206 2.75009
3.2155 2.8541
3.12192 2.40402
3.31799 2.60251
3.29535 2.1791
3.1344 2.06013
3.14249 1.66589
3.56016 2.6313
3.4192 2.91983
3.35466 3.23668
3.47295 3.66154
3.25471 3.54534
3.07657 3.71065
3.29008 3.94311
3.09209 4.23836
2.8909 4.35759
2.98224 4.72152
2.78197 4.62807
2.76934 5.00512
2.67619 4.79656
2.64719 4.56599
2.54883 4.7572
2.61483 4.97632
2.60421 5.21154
2.75758 5.49312
2.95397 5.13198
3.06928 5.38561
3.07149 1.12497
2.93314 0.8728
3.0544 0.817336
3.06221 0.499021
3.14831 0.82965
3.23692 0.622006
3.24063 0.267168
3.04722 0.0830936
3.24263 0.85515
2.42449 0.00296754
2.35418 0.234683
2.27468 0.11761
2.19989 0.41577
2.0985 0.164418
2.08032 -0.117947
1.88212 0.117651
1.94452 -0.138907
1.78887 -0.0704486
1.87332 -0.274815
1.77204 -0.346749
1.88301 -0.396378
2.05612 -0.303782
1.62005 0.157595
1.42253 0.436406
1.67903 0.523063
1.91705 0.374576
1.88235 0.645251
1.72864 0.882195
1.89287 0.920131
1.77684 1.23672
2.0505 1.10986
1.71251 1.6929
1.48907 1.89633
1.47142 2.32018
2.04409 0.723271
2.02947 0.461794
2.80075 -0.735609
2.96682 -0.7725
3.16108 -0.611553
3.10031 -0.45567
3.17798 -0.740831
4.65711 2.10022
4.82685 2.16785
4.90349 2.43675
4.99208 2.16972
4.9279 2.00609
4.92357 1.80619
5.08402 1.96195
5.05507 1.69709
5.20659 1.80213
5.17035 1.58141
5.28315 1.69283
5.28121 1.52229
5.35561 1.68589
5.35 1.89245
5.44362 1.77408
5.44337 1.9787
5.39309 2.09694
5.46502 2.22768
5.37268 2.26382
5.37027 2.46542
5.44161 2.53905
5.35949 2.68827
5.2599 2.70356
5.29534 2.91444
5.39593 2.85351
5.28638 3.11948
5.19387 3.1918
5.19646 2.97074
5.06387 3.18656
5.0575 3.53237
4.89598 3.48337
4.89923 3.25604
4.96641 3.02608
4.73274 3.17365
4.86591 2.82031
4.62443 2.95412
4.43784 3.20887
4.48521 3.5094
4.38918 3.38519
4.25851 3.75621
4.38422 3.92962
4.29097 4.18138
4.20782 4.42632
4.43575 4.27565
4.277 4.64031
4.24721 4.95383
4.07104 5.25991
4.24625 5.23171
4.16733 5.52309
3.97289 5.66019
3.79511 5.80061
3.61439 5.72541
3.66614 6.1068
3.45196 6.07541
3.45772 6.41621
3.23888 6.36059
3.06552 6.20537
3.04662 6.43828
3.07877 6.61607
2.9456 6.37424
2.96934 6.88175
3.22177 6.74689
3.01542 7.12002
2.87824 7.08724
2.80016 7.26868
2.63831 7.36193
2.51461 7.3415
2.49726 7.58003
2.32632 7.90056
2.11026 7.88328
2.00917 7.72868
1.87754 8.06494
1.78664 7.72422
1.62892 8.06135
1.60291 7.82524
1.42229 7.95817
1.43212 8.34417
1.2019 8.29871
1.24045 8.66357
0.990971 8.63485
1.03904 8.35673
1.06701 8.14212
0.948425 7.98492
1.11192 7.88316
1.21719 7.98493
1.06871 8.89311
0.926693 8.96484
0.984841 9.19843
0.805293 9.37116
0.891206 9.53415
0.689296 9.55168
0.763115 9.70576
0.573444 9.69407
0.373464 9.69924
0.270354 9.56613
0.177079 9.68244
0.126864 9.53974
-0.0441742 9.60134
0.0629511 9.79894
-0.114061 9.65112
-0.249596 9.56267
-0.452974 9.5212
-0.437455 9.43723
-0.538353 9.41431
-0.587503 9.41948
-0.727546 9.22837
-0.535092 9.34165
0.269446 9.89225
0.473942 9.97661
0.492933 9.88902
0.638871 10.048
0.662329 9.84547
0.841858 9.89579
0.92362 9.70399
1.05371 9.80207
0.987961 10.0932
0.864229 10.0725
0.761064 10.0987
1.34743 10.0699
1.54693 10.0338
1.43791 9.81668
1.65108 9.81063
1.58013 9.64147
1.44993 9.63641
1.28714 9.61484
1.49434 9.47225
1.38274 9.29224
1.19494 9.39359
1.29424 9.11014
1.1424 9.22607
1.05243 9.40245
1.1819 8.99228
1.06738 9.57599
1.33805 8.85943
1.43892 8.63775
1.51558 8.89376
1.64768 8.44534
1.73877 8.68013
1.72322 8.95919
1.55765 9.1768
1.68907 9.243
1.69648 9.47471
1.7464 9.63218
1.91385 9.4946
1.8647 9.32836
1.78473 9.2836
1.9268 9.04294
2.08596 9.24763
2.19935 8.9117
2.18764 8.60744
2.47137 8.62842
2.40074 8.37698
2.282 8.43168
2.26296 8.28629
2.5303 8.03849
2.6923 8.21771
2.77092 7.92298
2.72473 7.73692
2.5509 7.77056
2.67945 7.5316
2.87352 7.44725
2.93626 7.654
3.08755 7.34344
3.24123 7.04584
3.26511 7.24859
3.19148 7.53377
3.40765 7.24442
3.44766 7.47305
3.21284 7.82638
2.97135 7.90153
2.97814 8.17917
2.73752 8.43286
2.66943 8.62767
2.54683 8.80983
2.35136 8.9854
2.53997 9.01667
2.30215 9.245
2.15655 9.36955
2.06193 9.45986
2.05464 9.58285
1.8798 9.72991
2.08274 9.70906
1.97697 9.84978
1.7272 10.0275
2.01308 9.99919
1.87782 9.99631
3.54258 8.89282
3.65239 8.76352
3.57898 8.76031
3.43555 8.85632
3.59845 8.63339
3.44562 8.71146
3.32133 8.84024
3.32455 8.68938
3.14163 8.94139
3.08611 8.82867
3.22089 8.59099
3.37767 8.43152
3.32515 8.32908
3.51876 8.14629
3.43713 8.05302
3.23998 8.23218
3.13825 8.49938
3.05655 8.4371
2.9187 8.67928
2.88319 8.48832
3.08236 8.28012
3.22469 8.046
3.37108 7.9762
3.41131 7.768
3.5327 7.79515
3.63941 7.49358
3.65424 7.26029
3.84722 7.12996
3.7331 7.04075
3.57856 7.16704
3.65227 7.00693
3.55998 6.96645
3.73107 6.85496
3.69051 6.66893
3.84265 6.63639
3.86882 6.35613
3.6568 6.42788
3.76659 6.2317
3.88255 6.02365
4.01137 6.09935
4.07607 5.84679
4.16478 6.00555
4.26027 5.70883
4.36572 5.3537
4.42446 5.59908
4.53361 5.32147
4.52972 5.03412
4.38037 5.01316
4.51966 4.7829
4.65811 4.71484
4.59431 4.46211
4.40592 4.6896
4.66445 4.124
4.66886 3.79548
4.77676 3.9327
4.88555 3.74704
4.86469 3.97091
4.97457 3.83371
4.93671 4.09053
4.81707 4.19108
4.77315 4.08354
4.72261 4.24978
4.73871 4.42034
4.84786 4.36199
4.77341 4.5628
4.75999 4.73858
4.67808 5.01193
4.82079 4.82334
4.84798 4.573
4.92972 4.59815
4.94841 4.32579
5.01208 4.37311
5.05464 4.12581
5.10964 4.19527
5.01374 4.55846
5.14375 4.3461
4.99 4.89639
4.89555 4.87295
4.82959 5.20703
4.77111 5.10747
4.72873 5.36925
4.65203 5.3448
4.53964 5.58282
4.63591 5.67367
4.4886 5.82355
4.4519 5.72292
4.34953 5.88427
4.40465 6.0815
4.2233 6.229
4.05979 6.23851
4.01804 6.49651
4.16846 6.52841
4.04465 6.68818
3.89269 6.81394
4.00097 6.87548
4.06168 7.01282
3.85744 7.40007
4.06575 7.28496
4.22887 6.97857
4.25222 6.67671
4.37409 6.72989
4.46337 6.41394
4.33506 6.35484
4.11183 6.75099
4.46418 6.202
4.53066 5.98559
4.54804 6.15037
4.61815 5.9586
4.63372 6.16196
4.54139 6.58383
4.70552 6.26867
4.75942 5.89872
4.70302 5.78303
4.83366 5.4596
4.74566 5.50308
4.86383 5.64807
4.80069 6.00282
4.87019 5.78902
4.97434 5.44412
4.96542 5.2283
5.09495 4.96805
5.05381 4.91008
5.18194 4.5204
5.22138 4.61184
5.33204 4.22578
5.31463 4.16183
5.39007 3.88772
5.30354 3.99573
5.42571 3.62612
5.38427 3.55125
5.4497 3.14495
5.34647 3.46211
5.25004 3.8566
5.27656 3.57019
5.16653 3.85059
5.21459 3.47257
5.3547 3.21326
5.06929 3.8594
5.00561 4.10545
5.45158 2.91454
5.49024 2.64796
5.50969 2.40597
5.56627 2.20439
5.53952 1.92943
5.64316 1.99479
5.69022 1.82917
5.61506 1.75314
5.65721 1.62749
5.67487 1.51503
5.71095 1.47149
5.63134 1.35309
5.6747 1.30969
5.74539 1.44955
5.70689 1.30514
5.63241 1.15803
5.67264 1.16543
5.59601 1.02524
5.53169 0.911774
5.50563 0.901223
5.53776 1.01036
5.38283 0.820903
5.47396 1.04184
5.59754 1.16994
5.54609 1.2222
5.48 1.20689
5.56925 1.36082
5.62291 1.47594
5.59493 1.54491
5.52057 1.45829
5.5147 1.6305
5.44376 1.41849
5.48994 1.33287
5.40787 1.23391
5.38158 1.06549
5.30045 1.10066
5.27877 0.962
5.30831 0.876981
5.17933 0.828224
5.19059 0.957227
5.06013 0.808021
5.08543 0.959242
4.96317 0.824693
4.93681 0.951586
4.8433 0.764073
4.87793 0.649285
4.67603 0.592375
4.68379 0.440369
4.85152 0.509442
5.03763 0.651199
4.94118 0.490572
5.11447 0.616541
5.21241 0.628887
5.24043 0.731059
5.18315 0.731871
5.29452 0.662319
5.43316 0.78446
5.33676 0.692166
5.44567 0.811693
5.35852 0.747869
5.48182 0.910396
5.35912 0.799456
5.45175 0.923586
5.36885 0.876671
5.27629 0.761564
5.29884 0.836091
5.20303 0.744861
5.18308 0.675455
4.71809 0.322197
4.71009 0.226326
4.61346 0.169601
4.48724 0.0448846
4.55404 0.154088
4.40991 0.0269158
4.5086 0.209463
4.48858 0.329698
4.36523 0.135012
4.36385 0.200408
4.25851 0.0875129
4.47741 0.482605
4.59328 0.682704
4.74784 0.814615
4.23091 -0.0445485
4.34674 0.033066
4.21852 -0.146358
4.32026 -0.108973
4.16334 -0.301207
4.03558 -0.365643
3.92853 -0.411411
4.07544 -0.242603
5.11391 1.12619
5.20411 1.09014
5.29256 1.29797
5.39788 1.5535
4.92474 5.77878
4.85768 6.13377
4.83222 6.01557
4.76872 6.31497
4.65902 6.57092
4.68866 6.63884
4.77176 6.4785
4.72578 6.62975
4.69839 6.75318
4.58865 6.91214
4.59661 6.78293
4.48299 7.01346
4.45018 7.19463
4.35635 7.28718
4.33375 7.2157
4.43261 6.92358
4.31 7.13619
4.3371 6.9597
4.42494 6.79609
4.54709 6.77475
4.19987 7.20327
4.19328 7.38058
4.05255 7.49865
3.88847 7.58855
3.86512 7.8257
3.7201 7.86515
3.75735 7.66725
3.61163 7.85888
3.6616 8.10156
3.50438 8.37064
3.62716 8.28647
3.54204 8.52561
3.70239 8.30116
3.69833 8.4357
3.78277 8.46263
3.67574 8.64656
3.77257 8.60381
4.4864 7.38693
4.39616 7.60443
4.42738 7.47304
4.52118 7.25976
4.4195 7.4581
4.51974 7.20911
4.60457 7.04084
4.59281 7.04609
4.603 7.04566
4.67637 6.87101
4.56619 7.07086
4.77046 6.58777
4.84297 6.43257
4.87473 6.32239
4.80757 6.54417
4.846 6.42797
4.761 6.68616
4.70767 6.79659
4.60458 7.04084
4.6829 6.88989
4.6124 7.05309
4.69033 6.89808
4.58479 7.20039
4.6356 7.05157
4.72815 6.80277
4.73557 6.77181
4.79699 6.57826
4.75746 6.72823
4.88407 6.33629
4.82326 6.48658
4.84397 6.40212
4.90695 6.26394
4.91059 6.15445
4.88659 6.19312
4.94045 6.01357
4.94312 6.0726
4.91914 6.17489
5.60851 3.74427
5.65301 3.59542
5.62777 3.67099
5.66514 3.53997
5.61287 3.73902
5.67853 3.51965
5.54214 3.94581
5.59832 3.76667
5.55965 3.88671
5.55413 3.91863
5.49373 4.09196
5.49271 4.0642
5.42736 4.29466
5.36446 4.45751
5.18719 5.17428
4.94272 6.02243
4.91515 6.15675
4.85189 6.42682
4.41492 7.38064
4.30398 7.47
4.26379 7.65795
4.20951 7.66039
4.20095 7.56294
4.11532 7.85361
4.00675 7.87626
4.04425 7.68304
3.90515 7.92048
3.75796 8.0906
3.85143 8.09682
3.85249 8.2414
3.94089 8.06442
3.99332 8.08204
3.9659 8.22022
3.91812 8.44679
4.14177 8.04597
4.08886 8.0228
4.18464 7.87652
4.27141 7.77391
4.34085 7.57906
4.34644 7.62227
4.34111 7.66371
4.22774 7.93156
4.03505 8.29042
4.31434 7.77669
3.69013 7.6414
4.74748 3.43714
3.46769 6.76571
3.38787 7.05436
2.71172 8.75587
2.73465 8.89815
2.65852 9.06929
2.49393 9.28386
2.69784 9.15472
2.68972 9.28795
2.52409 9.46119
2.7646 9.35408
2.65482 9.51571
2.41645 9.63874
2.31283 9.57402
2.23368 9.66987
2.19671 9.7972
2.16103 9.63294
2.40643 9.79553
2.24259 9.91798
2.40898 9.93542
2.27892 9.97848
2.57805 9.81591
2.75125 9.70422
2.60098 9.67243
2.78493 9.56539
2.85813 9.42067
2.92835 9.48707
2.91061 9.59832
3.05019 9.48889
3.16573 9.36903
3.03347 9.36797
3.20656 9.19957
3.27841 9.16564
3.34545 9.04681
3.43921 8.98509
3.24609 8.98498
3.17191 9.11746
3.06136 9.09828
2.95468 9.10753
2.88268 9.20534
2.83276 9.13563
2.96181 9.00666
2.8639 8.94475
3.04506 8.7142
2.99228 9.24837
2.1433 10.0017
2.22506 9.46853
2.3774 9.45983
2.08528 8.17011
2.06692 8.44051
1.88859 8.41805
1.92063 8.696
1.20944 9.91794
1.14604 10.1141
5.1016 2.62271
5.14588 2.25013
5.27488 2.40631
5.31161 2.14809
5.23331 2.00743
5.11749 2.88913
5.02787 2.84074
0.209486 -0.244547
0.0391655 -0.141189
-0.6824 1.7796
-0.850333 1.22346
-1.10405 1.86482
-0.484601 -0.232577
-0.659134 -0.113445
-1.32463 1.16019
-1.41392 1.15402
-1.86301 1.12003
-1.83586 1.04367
-1.22825 3.59149
-0.792122 -0.000359654
2.33926 -1.40519
2.44025 -0.914981
5.85046 2.38188
5.85991 2.23684
