-1.45949 -5.2891
-1.20804 -4.19357
0.161416 -2.21522
0.272339 -2.05612
0.412917 -1.88078
0.578985 -1.73457
0.749784 -1.59179
0.904317 -1.47006
1.15314 -1.40619
1.40984 -1.35041
1.66796 -1.30451
1.93752 -1.34109
2.17922 -1.37986
2.42253 -1.4235
2.87784 -1.55784
3.07275 -1.69005
3.25354 -1.84086
3.37408 -1.99772
3.48898 -2.1637
3.58063 -2.35413
3.6433 -2.53528
4.383 -4.91153
4.46269 -5.18692
4.67474 -6.00275
4.76407 -6.43642
4.92646 -7.48988
4.93418 -7.61968
4.91517 -7.88367
4.88863 -8.01341
4.85839 -8.13363
4.81828 -8.24309
4.59973 -8.44409
4.49128 -8.51073
4.36857 -8.57114
4.1959 -8.6157
4.06007 -8.64954
3.79858 -8.68467
3.63441 -8.6998
3.44017 -8.69396
2.01413 -8.5871
1.06603 -8.50305
0.641749 -8.43195
-0.270544 -8.21681
-0.620333 -8.1256
-0.682548 -8.1037
-0.846535 -8.03472
-0.984721 -7.95892
-1.09266 -7.8335
-1.15508 -7.74533
-1.17066 -7.71582
-1.20539 -7.62232
-1.26655 -7.45242
-1.30432 -7.32076
-1.34504 -7.12312
-1.43387 -6.52234
-1.44928 -6.40996
-1.4584 -6.2896
-1.46118 -6.06135
