4.60838 -1.72909
4.48393 -1.766
4.77244 -1.75054
4.66945 -1.82016
4.93053 -1.79992
4.83754 -1.84279
5.0677 -1.82289
4.95709 -1.86876
4.74854 -1.86256
4.5668 -1.85742
4.62154 -1.87734
4.70394 -1.88436
4.4319 -1.88897
4.51918 -1.92047
4.89203 -1.89789
5.15466 -1.88111
5.14811 -1.87903
4.96882 -1.9045
5.17955 -1.85642
5.37088 -1.81355
5.34414 -1.77539
5.20583 -1.81627
5.31755 -1.71842
5.12323 -1.76575
5.3059 -1.60956
5.12022 -1.61129
5.35396 -1.44271
5.24997 -1.43838
5.384 -1.27096
5.2558 -1.33737
5.33126 -1.17323
5.17249 -1.29958
5.11648 -1.44953
4.97435 -1.36134
4.92711 -1.55977
4.84067 -1.72972
4.96766 -1.76054
4.86815 -1.80837
4.88068 -1.84572
5.02883 -1.86748
4.78998 -1.91218
4.73621 -1.92321
4.47693 -1.9323
4.16566 -1.93205
4.16938 -1.9202
3.89287 -1.93744
3.83068 -1.93785
4.12983 -1.91134
4.24751 -1.8602
4.33241 -1.82918
4.03757 -1.87837
4.07649 -1.83934
4.18007 -1.79482
3.57182 -1.88381
3.85024 -1.86427
3.74182 -1.90683
3.41539 -1.93324
3.63378 -1.94825
3.3911 -1.96908
3.48089 -1.98018
3.21819 -1.99863
3.216 -1.97564
2.97674 -2.01427
3.10707 -1.95494
2.88204 -2.00362
2.70628 -2.02263
0.686208 -1.7023
0.891876 -1.77922
0.822202 -1.86452
0.999681 -1.98488
1.12859 -1.9115
1.18206 -1.82935
1.33845 -1.8697
1.34252 -2.01136
1.60964 -2.10622
1.72121 -2.23771
1.87468 -2.2721
2.03814 -2.21208
1.8604 -2.31513
1.72624 -2.30131
1.57816 -2.26905
1.50197 -2.19597
1.43146 -2.22724
1.27574 -2.16299
1.38357 -2.12078
1.19457 -2.07752
1.15636 -2.02008
1.04454 -2.07708
0.857091 -1.97003
0.891541 -2.04599
0.723591 -1.92376
0.706277 -1.84009
0.559416 -1.75508
0.621986 -1.73605
-0.178297 -0.908162
-0.084547 -1.04082
-0.241885 -0.82803
-0.408985 -0.652032
-0.549208 -0.461916
-0.430047 -0.604556
-0.317381 -0.759493
-0.366747 -0.64949
-0.231281 -0.832488
-0.16621 -0.948959
-0.0918093 -1.0196
0.00284481 -1.17735
0.215599 -1.44921
0.252815 -1.50197
0.245424 -1.44607
0.374409 -1.62315
0.404117 -1.68851
0.505192 -1.77936
0.487845 -1.74618
0.431441 -1.6384
0.597961 -1.87117
0.631532 -1.91747
0.513914 -1.81387
0.668651 -1.9365
0.520663 -1.82154
0.366217 -1.6811
0.385747 -1.68418
0.264994 -1.52533
0.0967865 -1.28646
0.202145 -1.40526
0.321093 -1.55113
0.418878 -1.69991
0.450176 -1.67601
0.576758 -1.80564
0.573498 -1.84849
0.738774 -1.96629
0.754685 -1.99733
0.621527 -1.91767
0.822216 -2.05706
0.9744 -2.13486
0.953129 -2.14043
0.777752 -2.04019
0.921672 -2.10593
0.747553 -1.99967
1.08905 -2.14084
1.11216 -2.19409
1.30204 -2.22926
1.27438 -2.2573
1.45077 -2.29757
1.47637 -2.27158
1.59788 -2.31044
1.61437 -2.35138
1.71871 -2.33252
1.79276 -2.35987
1.9996 -2.26233
1.94621 -2.30384
1.77572 -2.37022
1.61644 -2.38855
1.54518 -2.34694
1.48285 -2.35732
1.39372 -2.31881
1.35007 -2.31135
1.5068 -2.34324
1.20988 -2.2412
1.14107 -2.23305
1.04123 -2.15912
0.88239 -2.08977
0.955576 -2.07624
0.73035 -1.88907
0.929025 -1.93289
1.04776 -2.0674
1.16142 -2.15139
1.17607 -2.20874
1.32922 -2.24108
1.36003 -2.2922
1.49957 -2.29959
1.68688 -2.32469
1.6098 -2.26405
1.45405 -2.23585
1.49 -2.16503
1.32264 -2.16721
1.32108 -2.0977
1.15664 -2.05736
1.23496 -2.01689
1.07121 -1.92331
0.855078 -1.76535
0.679275 -1.73585
0.653558 -1.59239
0.571455 -1.59821
0.496663 -1.58037
0.551193 -1.71741
0.386823 -1.56089
0.308064 -1.38586
0.209234 -1.38313
0.138481 -1.20781
0.0867348 -1.20561
0.0954351 -1.25662
-0.025918 -1.10476
-0.00993156 -1.12926
-0.136573 -0.970503
-0.253991 -0.818706
-0.27042 -0.76791
-0.3717 -0.640681
-0.51549 -0.458903
-0.497095 -0.504428
-0.604141 -0.362752
-0.668705 -0.277895
-0.673902 -0.218873
-0.714925 -0.107589
-0.64933 -0.260113
-0.715991 -0.125852
-0.615485 -0.274316
-0.720503 -0.080679
-0.676021 -0.0641852
-0.563216 -0.255852
-0.554159 -0.189447
-0.457094 -0.370825
-0.491858 -0.400377
-0.333249 -0.592453
-0.302563 -0.548991
-0.200072 -0.715688
-0.150339 -0.857109
-0.0777998 -0.859873
0.0209513 -1.02463
0.0420284 -0.974513
0.169089 -1.16934
0.190219 -1.10601
0.303093 -1.27408
0.368722 -1.22882
0.465093 -1.44564
0.565437 -1.39533
0.81111 -1.55748
0.600554 -1.29557
0.477908 -1.25173
0.375209 -1.08395
0.203432 -1.00971
0.186609 -0.905761
0.036705 -0.782031
0.0716038 -0.92423
-0.113456 -0.731487
-0.16792 -0.527864
-0.268291 -0.497965
-0.390784 -0.393794
-0.36981 -0.3112
-0.484807 -0.2323
-0.512518 -0.0904101
-0.588069 -0.0557219
-0.624581 0.0939172
-0.71636 0.108697
-0.773791 0.140842
-0.789597 0.0954078
-0.819116 0.272838
-0.887492 0.352293
-0.780935 0.00131205
-0.755842 -0.0276418
-0.985607 1.22985
-0.942701 1.1082
-0.938183 1.29791
-0.89338 1.29286
-0.890267 1.06154
-0.824434 1.30621
-0.831764 1.09152
-0.775241 1.20558
-0.7481 1.41041
-0.788717 1.54106
-0.71191 1.63599
-0.772734 1.69428
-0.821597 1.64671
-0.85273 1.50288
-0.91081 1.4354
-0.958844 1.39746
-0.00277805 4.25837
-0.00810242 4.0414
0.148478 4.25233
0.140959 4.05409
0.0428457 3.89146
-0.0656919 3.84011
-0.0381641 3.68996
0.0500603 3.73325
0.017312 3.48975
-0.12147 3.44416
-0.0714369 3.21936
0.0493898 3.16317
-0.0649605 2.96165
0.0171051 2.87407
-0.0616465 2.73661
0.0322571 2.57591
-0.140584 2.51373
-0.168463 2.74888
-0.244354 2.51943
-0.285948 2.63143
-0.365378 2.39757
-0.369979 2.54976
-0.335752 2.72646
-0.467659 2.41915
-0.241474 3.48266
-0.289051 3.32209
-0.221365 3.2875
-0.300807 3.15204
-0.315308 2.93715
-0.242942 2.85448
-0.230581 3.07821
-0.156464 3.01558
-0.159214 3.21314
-0.143538 3.67544
-0.161347 3.8615
-0.566599 2.01969
-0.618494 1.75728
-0.489097 1.87964
-0.422361 2.14096
-0.333639 1.9841
-0.435004 1.72486
-0.549616 1.60568
-0.463939 1.41493
-0.33492 1.70476
-0.3328 1.49519
-0.38673 1.28261
-0.245851 1.38805
-0.237567 1.68915
-0.0836029 1.69745
-0.105162 1.35119
-0.21091 1.15843
-0.0829468 1.04484
-0.235513 0.962312
-0.336313 1.06689
-0.316821 0.799157
-0.19124 0.765018
-0.274244 0.538586
-0.135105 0.543681
-0.154153 0.324343
0.0109749 0.389819
-0.0440359 0.154792
0.121666 0.0852135
0.00149918 -0.0533767
-0.164757 0.0609097
-0.0761557 -0.160533
-0.219217 -0.160017
-0.0334816 -0.346645
0.0577679 -0.26335
0.13365 -0.474484
0.048358 -0.556597
-0.116556 -0.424901
-0.0282335 -0.614225
-0.265131 -0.311554
-0.393433 -0.107832
-0.342498 -0.0272301
-0.318326 0.0862157
-0.433421 0.097231
-0.430631 0.306033
-0.544181 0.281382
-0.529087 0.0871621
-0.638817 0.272746
-0.715935 0.249133
-0.743539 0.467202
-0.790426 0.318103
-0.83183 0.544318
-0.876818 0.447198
-0.901227 0.615993
-0.917373 0.794251
-0.947372 0.925635
-0.853511 0.891327
-0.872808 0.710963
-0.802926 0.715319
-0.770205 0.976251
-0.710724 0.718264
-0.662465 0.996462
-0.61455 0.712705
-0.641849 0.481839
-0.54256 0.493797
-0.507307 0.730296
-0.46365 0.513383
-0.403886 0.640298
-0.376689 0.449038
-0.293734 0.287118
-0.418274 0.850632
-0.476311 1.05194
-0.570814 0.915969
-0.565398 1.1346
-0.60906 1.31615
-0.710176 1.23601
-0.664014 1.50004
0.118006 -0.743989
0.235492 -0.713432
0.253171 -0.876303
0.376593 -0.924665
0.621367 -1.11354
0.443078 -0.821188
0.663823 -0.899242
0.949401 -1.18222
0.87283 -0.906008
1.09136 -1.08355
1.33063 -1.31737
1.27724 -1.07965
1.48049 -1.20886
1.67425 -1.35939
1.65978 -1.16388
1.89479 -1.28222
1.82088 -0.994691
2.10859 -1.18239
2.05687 -0.923902
2.24244 -1.02241
2.33117 -1.22223
2.23341 -1.32695
2.33398 -1.4425
2.12294 -1.3961
2.16998 -1.54212
1.94914 -1.48809
2.07 -1.65759
2.32551 -1.64018
2.25372 -1.82337
2.5162 -1.74505
2.51613 -1.89264
2.74334 -1.75567
2.81576 -1.85699
2.99587 -1.72293
3.05668 -1.80655
2.98017 -1.86568
2.84538 -1.92833
2.6234 -1.94127
2.57602 -2.00752
2.79165 -2.00378
3.1012 -1.92939
3.10783 -1.87743
3.37898 -1.86455
3.2675 -1.83984
3.45744 -1.80491
3.68023 -1.79859
3.62468 -1.86009
3.83166 -1.8217
3.96174 -1.77779
4.06268 -1.82159
3.77022 -1.8748
4.03204 -1.8758
4.24902 -1.8438
4.31287 -1.79391
4.45819 -1.82792
4.49835 -1.76709
4.64054 -1.79864
4.58211 -1.85501
4.40421 -1.8695
4.60757 -1.88812
4.74333 -1.83352
4.30476 -1.90529
4.14257 -1.9453
3.9776 -1.92604
3.7417 -1.95499
3.61682 -1.95735
3.30305 -1.98889
3.28117 -1.98884
3.52858 -1.97484
3.21228 -1.98465
3.28124 -1.99073
2.99925 -2.01115
3.0264 -2.00468
2.79528 -2.04589
2.83561 -2.04761
2.76044 -2.0406
2.71478 -2.02678
2.53002 -2.06977
2.50834 -2.05777
2.51007 -2.03518
2.34895 -2.10743
2.34066 -2.07958
2.21445 -2.12096
2.0976 -2.18575
2.18604 -2.17366
2.26707 -2.12492
2.31683 -2.13651
2.11429 -2.22131
2.22273 -2.18382
2.39249 -2.11068
2.58768 -2.07237
2.55384 -2.09779
2.2739 -2.17193
2.37207 -2.14576
2.10754 -2.22937
2.08903 -2.24002
1.94911 -2.29612
1.88605 -2.30848
1.80378 -2.2775
2.01714 -2.24239
1.92241 -2.2105
1.7066 -2.20733
1.83247 -2.14641
1.59048 -2.09247
1.38119 -2.05377
1.40968 -1.96076
1.22363 -1.94081
1.23279 -1.82984
1.0411 -1.78591
1.062 -1.68733
1.0132 -1.5175
0.776749 -1.36164
0.875278 -1.31583
1.05669 -1.3948
1.32643 -1.56256
1.25106 -1.70795
1.46242 -1.7604
1.66308 -1.757
1.63007 -1.88434
1.42958 -1.8579
1.56865 -1.96874
1.75245 -2.01985
1.85682 -1.91554
1.9998 -2.0642
2.02419 -2.15028
2.22883 -2.08678
2.20561 -2.0291
2.404 -2.00619
2.4065 -2.05254
2.44388 -2.09327
2.14391 -2.16524
2.25207 -2.17446
2.48107 -2.11922
2.73737 -2.06855
2.66356 -2.08931
2.99738 -2.03668
3.11434 -1.98627
3.30362 -1.99181
3.51377 -1.93654
3.85407 -1.92025
3.4172 -1.91019
2.93036 -2.04025
2.29357 -1.95238
2.09707 -1.93975
1.95189 -1.78838
1.71359 -1.57534
1.15827 -1.37263
4.14998 -1.89293
4.66181 -1.72533
4.73266 -1.62861
4.5678 -1.66691
4.43696 -1.70318
4.35481 -1.74577
4.29445 -1.68724
4.18906 -1.75855
4.08464 -1.69185
3.82495 -1.71063
3.95591 -1.58353
4.21886 -1.57548
4.10461 -1.41589
4.38778 -1.41303
4.43961 -1.58966
4.53229 -1.48195
4.62162 -1.54219
4.69505 -1.3332
4.78001 -1.49559
4.96296 -1.18085
4.85798 -1.09651
5.09849 -0.931049
5.18777 -1.118
5.33469 -0.8559
5.2739 -0.748966
5.18213 -0.607552
4.85407 -0.86412
4.92015 -0.518316
4.64514 -0.726573
4.60415 -0.97778
4.39474 -0.912311
4.49298 -1.17756
4.69317 -1.10822
4.25034 -1.19915
4.12715 -0.935772
4.04677 -1.19819
3.8811 -0.977565
3.89991 -1.33716
3.95876 -1.47231
3.86639 -1.49268
3.7649 -1.56003
3.76672 -1.64062
3.61229 -1.6176
3.62699 -1.69809
3.39499 -1.68365
3.48332 -1.75075
3.62466 -1.75717
3.28023 -1.78819
3.18204 -1.73532
3.13092 -1.84422
3.19342 -1.67203
3.10582 -1.59587
2.89985 -1.65446
2.935 -1.51527
2.7317 -1.62011
2.75074 -1.41783
2.54177 -1.54242
2.5385 -1.30538
2.75081 -1.1428
2.99294 -1.27827
2.94225 -1.03163
3.14135 -1.00118
3.27592 -1.25922
3.12351 -1.442
3.29654 -1.48702
3.51439 -1.3885
3.45962 -1.56443
3.62094 -1.52485
3.73122 -1.43618
3.69707 -1.21408
3.49714 -1.11333
3.6541 -0.895347
3.77117 -0.527834
4.00892 -0.561637
3.90843 -0.21605
4.02505 -0.254989
4.17264 -0.265493
4.07024 0.0733664
4.32847 0.0939835
4.2364 0.416774
4.5212 0.502181
4.28658 0.799147
4.00395 0.606283
4.1122 1.06017
3.92631 1.01599
3.78813 0.816033
3.79894 0.479978
3.67198 0.588271
3.68285 0.205244
3.51706 0.474419
3.58849 0.935295
3.42587 0.80889
3.38709 1.20852
3.30125 0.843566
3.34626 0.541909
3.20065 0.611475
3.15493 1.01621
3.03169 0.646649
2.94409 1.01851
2.83321 0.678275
2.72947 1.08793
2.87206 1.38114
2.70719 1.46032
2.53211 1.33841
2.5587 1.01161
2.40063 1.06612
2.478 0.828002
2.63445 0.73827
2.47745 0.534223
2.7062 0.299647
2.92988 0.296068
2.85605 -0.0235327
3.01763 -0.0663862
3.11946 0.259848
3.15581 -0.0873937
3.23988 0.0777246
3.28342 -0.268533
3.11324 -0.426665
3.2381 -0.59134
3.3689 -0.639368
3.25305 -0.807492
3.3415 -0.96264
3.49057 -0.819028
3.48021 -0.601971
3.58311 -0.579028
3.46913 -0.308408
3.63468 -0.219762
3.76675 -0.126175
3.86429 0.168173
3.53777 0.0582744
3.37946 0.134131
3.25706 0.331727
3.15366 -0.738984
3.00205 -0.760002
2.91995 -0.380502
2.80789 -0.691509
2.90064 -0.888318
2.828 -0.955152
2.69251 -0.889626
2.46892 -0.961568
2.56346 -0.585893
2.36448 -0.633086
2.20753 -0.769235
2.16298 -0.426132
1.88958 -0.606689
1.88041 -0.124742
1.54879 -0.267219
1.49177 -0.716214
1.26579 -0.353822
1.06197 -0.551832
1.26805 -0.862373
1.06341 -0.873548
1.46546 -1.02202
0.86373 -0.687616
0.663907 -0.671482
0.710441 -0.404537
0.440263 -0.428186
0.494707 -0.683005
0.317182 -0.582381
0.216556 -0.348083
0.27479 -0.148134
0.48118 -0.132729
0.324553 0.121229
0.128387 -0.153216
0.202186 0.327613
0.403575 0.461611
0.537562 0.162618
0.640302 0.423343
0.760252 0.195847
0.690776 -0.0781401
0.881753 -0.0305762
0.863134 -0.255792
1.0426 -0.203781
1.0197 -0.0167181
1.2252 -0.0112783
0.988682 0.174536
1.21187 0.370799
0.916185 0.530686
1.24186 0.764039
1.00414 1.03028
0.648005 0.787355
0.737684 1.22965
0.517272 1.05812
0.361869 0.835973
0.170976 0.613046
0.131516 0.982718
-0.0270472 0.718525
0.0561552 1.16718
0.19265 1.38304
0.345326 1.15699
0.37393 1.40222
0.523453 1.31923
0.501456 1.59149
0.66513 1.51462
0.700401 1.87371
0.415347 1.88273
0.350218 1.5759
0.284251 1.63747
0.206903 1.72661
0.0475559 1.54881
0.0115442 1.29232
0.096982 1.88091
0.0135221 2.12264
-0.133281 1.92105
-0.146194 2.19111
-0.235565 1.90239
-0.276742 2.29641
0.176733 2.43609
0.22713 2.80846
0.103753 2.92632
0.209342 3.1976
0.132684 3.42861
0.254596 3.56254
0.1342 3.67692
0.243508 3.90103
0.118727 3.84743
0.13245 3.94218
0.296635 4.20478
0.487972 4.06927
0.418544 3.69755
0.616164 3.70903
0.521661 3.44895
0.3747 3.36094
0.485383 3.09824
0.334799 3.07015
0.378647 2.83983
0.472602 2.8367
0.581067 2.7864
0.682888 3.27451
0.8328 2.82195
0.623594 2.34707
0.51375 2.50473
0.420393 2.28656
0.262304 2.04501
0.29258 2.3542
0.172149 2.16351
0.303436 2.60698
0.424769 2.6018
0.882187 2.29906
0.943686 1.93721
0.862722 1.5978
1.12311 1.74289
0.980568 1.37855
1.16998 1.38715
1.37547 1.23567
1.37163 1.65916
1.61121 1.6996
1.50735 1.88945
1.38298 2.13928
1.13177 2.24949
1.29401 2.41694
1.20772 2.68946
1.03129 2.62079
1.07378 3.07777
0.904003 3.33014
1.03476 3.40901
0.973867 3.70172
0.793037 3.62613
0.772683 4.00767
0.975659 4.0693
0.873055 4.31574
0.67139 4.40954
0.462058 4.38102
0.559031 4.66547
0.321848 4.46683
0.384159 4.69075
0.267572 4.56136
0.16041 4.44087
1.13118 5.55171
0.973233 5.36544
1.14423 5.36803
1.05814 5.12583
0.88929 5.16723
0.797701 5.27336
0.735315 5.03372
0.640892 5.13374
0.682439 5.28827
0.77668 5.41566
0.555952 5.19308
0.509447 5.03663
0.406343 5.04506
0.387703 4.86679
0.552454 4.91033
0.642388 4.87259
0.731345 4.81734
0.704761 4.64972
0.857752 4.6297
0.884927 4.94513
1.05157 4.77478
1.2021 4.90968
1.28726 5.18727
1.38091 4.78092
1.24631 4.55019
1.49329 4.19517
1.27376 4.14189
1.38785 3.64014
1.16413 3.86442
1.06725 4.35534
1.26211 3.54788
1.14732 3.4723
1.29661 3.16054
1.51895 3.01724
1.64707 3.45579
1.76273 2.68
1.55141 2.51528
1.38953 2.64927
1.6204 2.15011
1.79159 2.08674
1.91005 1.70154
1.6769 1.32398
1.90475 1.14043
1.57701 0.900964
1.81279 0.749389
2.05634 0.76324
2.19256 1.09583
2.15512 1.47766
2.33289 1.32465
2.37688 1.64272
2.20587 1.97634
1.98624 2.27319
2.17999 2.50481
2.00453 2.75044
1.89449 3.23614
2.14583 3.06887
1.98628 3.53037
1.77889 3.90885
1.64459 4.29067
1.59515 4.61776
1.72803 4.33856
1.7909 4.54764
1.68798 4.90662
1.50323 5.04708
1.66258 5.20619
1.48029 5.37756
1.30566 5.49439
1.49314 5.61374
1.34683 5.72385
1.67244 5.82541
2.91265 6.10798
2.79679 6.03836
2.96078 5.98958
2.85936 5.92353
3.06049 5.80192
2.83445 5.78415
2.69063 5.93425
2.68585 5.76973
2.78334 5.66506
2.97858 5.50872
2.67173 5.53802
2.91003 5.13215
2.65449 5.17905
2.81236 4.88708
3.00138 4.73888
2.86715 4.4899
2.64806 4.85137
2.65809 4.55903
2.48051 4.77823
2.42961 5.17036
2.48453 5.42866
2.25796 5.54576
2.22551 5.30057
2.09497 5.457
2.00416 5.65419
1.93345 5.46122
2.08868 5.23799
1.89929 5.13644
2.1323 4.95586
2.0861 4.69201
1.8735 4.78929
2.04032 4.27422
1.86074 4.2082
1.99332 3.87469
2.19037 3.74987
2.28007 3.95
2.2751 4.28534
2.4651 3.90938
2.42359 3.53474
2.67648 3.50254
2.59788 3.21342
2.46343 3.1168
2.28073 3.33147
2.34506 2.99337
2.48825 2.77005
2.33635 2.68442
2.36388 2.29619
2.47841 2.4799
2.5404 2.17865
2.65124 2.48503
2.72443 2.07838
2.86546 2.32679
2.82104 2.69892
2.63563 2.88446
2.77243 3.06467
2.95991 2.90132
2.91547 3.25106
2.86996 3.63783
2.66004 3.97808
2.83857 3.94912
2.74687 4.24648
2.55399 4.40626
2.45691 4.23822
2.32137 4.63199
2.27649 5.02488
2.9045 4.11649
3.07092 4.09495
3.11554 4.39398
3.28581 4.07452
3.26057 3.69222
3.0086 3.80828
3.10388 3.39242
3.30772 3.32281
3.47439 3.40219
3.56894 3.76211
3.67199 3.38437
3.59295 3.13087
3.42772 3.13818
3.48943 2.83635
3.25886 3.01591
3.256 2.5635
3.49864 2.42707
3.31692 2.13563
3.07879 2.1573
3.1958 1.83418
3.40169 1.72768
3.19492 1.46586
3.00788 1.69378
3.03369 1.3122
2.80043 1.72838
2.89479 1.99427
2.58856 1.77042
3.01913 2.57203
3.47654 1.48619
3.5783 1.35915
3.55348 1.62933
3.70915 1.61568
3.6251 1.93327
3.48658 2.09564
3.60795 2.23612
3.66878 2.42967
3.67087 2.66364
3.79252 2.52889
3.77304 2.25071
3.9624 2.43885
3.86958 2.80178
4.15169 2.77299
3.99342 3.12353
3.78313 3.12166
3.68645 2.91419
3.84646 3.37051
3.73328 3.52983
3.81816 3.61346
3.77035 3.84842
3.64115 4.1633
3.43352 4.15529
3.28566 4.33507
3.40489 4.42668
3.20804 4.59849
3.1203 4.87794
3.3392 4.76357
3.16252 5.11716
3.39496 5.02892
3.26198 5.32892
3.20019 5.57403
3.34746 5.68218
3.24066 5.86537
3.11362 5.95223
3.27322 6.00352
3.07179 6.05489
3.44865 5.82335
3.63591 5.60572
3.89423 5.52943
3.84517 5.4076
3.72594 5.36456
3.60894 5.47955
3.58433 5.34301
3.50587 5.53014
3.39044 5.4632
3.47239 5.21649
3.63249 5.115
3.75707 5.12172
3.7479 4.89464
3.58732 4.95786
3.7049 4.72732
3.55468 4.7416
3.7448 4.42649
3.53795 4.51021
3.7883 4.18923
3.87721 3.9867
3.88057 4.18251
4.01514 4.03546
4.07816 3.77381
4.12726 3.92174
4.2594 3.82327
4.24898 3.50027
4.02877 3.46868
4.21642 3.17892
4.39112 3.26065
4.41746 2.91801
4.36963 2.53719
4.51469 2.63824
4.51765 2.39026
4.62041 2.48712
4.67357 2.1352
4.42818 2.09982
4.6797 1.63513
4.8011 1.84895
4.95535 1.6134
4.96727 1.20742
5.18585 1.31765
5.24435 1.0038
5.10863 0.862152
4.83988 0.803291
5.13077 0.547453
4.85093 0.275139
4.54045 0.977175
4.71601 1.19683
4.52577 1.33241
4.34541 1.62482
4.32899 1.20117
4.1652 1.39005
3.98436 1.33438
4.06793 1.71019
3.8782 1.57147
3.85559 1.92076
3.77532 1.24043
4.03301 2.10719
3.90711 2.19187
4.19555 2.33387
4.21354 1.98324
4.56444 0.105859
4.69954 -0.0855171
4.97597 -0.139908
4.68805 -0.397677
4.4429 -0.260438
4.47312 -0.598946
4.25641 -0.607929
5.1728 -0.323338
5.25717 -0.0940046
5.46537 -0.244837
5.43296 -0.607501
5.71039 -0.447684
5.53788 -0.760288
5.71604 -0.713702
5.9052 -0.535381
5.95625 -0.211472
6.08889 -0.348871
6.08875 -0.120946
6.18041 -0.121699
6.13032 0.0386464
6.02806 0.0567575
6.09574 0.247001
6.23211 0.153866
6.14662 0.39794
6.03013 0.553205
5.97453 0.30311
5.86055 0.535555
5.8484 0.903908
6.04658 0.90154
5.87113 1.22243
5.71441 1.27339
5.73465 1.52753
5.57357 1.55289
5.58985 1.79765
5.4784 1.79002
5.42667 1.68173
5.42521 1.47893
5.28774 1.74225
5.17094 1.65944
5.35212 1.32813
5.57692 1.11664
5.5822 1.34584
5.37699 1.10669
5.4868 0.790966
5.70874 0.753018
5.68545 0.436777
5.85674 0.28096
5.76817 0.171069
5.86341 0.104583
5.77647 -0.0736394
5.92359 0.00280026
5.93898 0.147672
5.60479 0.126233
5.40909 0.0738909
5.41694 0.410257
5.18928 0.17974
5.29214 0.72568
5.18046 1.83579
5.08705 2.00879
4.91141 2.01034
4.97036 2.37026
4.77324 2.42883
4.84132 2.72218
4.6429 2.78524
4.7554 3.03823
4.57783 3.16786
4.7017 3.22631
4.63797 3.36558
4.46408 3.51477
4.62322 3.6008
4.44141 3.88303
4.25643 4.12648
4.12351 4.09755
4.0763 4.44376
3.95574 4.29321
3.86615 4.60261
3.91849 4.83046
4.11531 4.77515
3.92822 5.13567
4.10092 5.06798
4.03233 5.307
4.17964 5.16082
4.19321 5.28883
4.08703 5.44787
4.34461 5.22356
4.28848 5.12979
4.35916 5.11942
4.40235 4.98624
4.26622 4.90195
4.43702 4.7524
4.36814 4.63504
4.27668 4.62137
4.39619 4.37358
4.49207 4.49898
4.5766 4.20379
4.47403 4.09777
4.3595 4.1658
4.60339 3.89702
4.24469 4.40934
4.73652 3.94763
4.75749 3.65197
4.89638 3.69903
4.89742 3.46251
5.00741 3.43084
5.00848 3.21201
4.81296 3.29825
4.96205 3.10818
5.07468 2.94225
5.17709 2.99922
5.22089 2.77908
5.13556 2.67054
5.03779 2.82142
4.93189 2.9545
5.00139 2.68023
5.08981 2.47261
5.13536 2.22184
5.22231 2.37748
5.26941 2.11931
5.32174 2.22077
5.42706 2.03689
5.38153 2.32497
5.58128 2.07577
5.49503 2.37149
5.63684 2.24218
5.46473 2.57933
5.3765 2.5603
5.3164 2.78736
5.29989 2.67813
5.27215 2.57111
5.38383 2.86382
5.25914 3.01903
5.13345 3.23232
5.25586 3.19434
5.09496 3.51749
5.20539 3.44655
5.12101 3.67699
4.97432 3.84297
5.06013 3.90958
4.88564 4.15787
4.84317 3.98532
4.72654 4.1937
4.73365 4.39052
4.62253 4.38974
4.60339 4.59839
4.53309 4.82799
4.67332 4.71258
4.62332 4.88051
5.21083 4.07856
5.31528 3.61259
5.48157 3.32257
5.49913 3.2036
5.3096 3.53542
5.17745 3.8101
5.22694 3.68461
5.17793 3.71895
5.04371 4.06753
5.17482 3.92471
5.09627 4.11311
4.92705 4.30725
4.81791 4.36295
4.77633 4.51315
4.89544 4.46308
4.81681 4.62569
5.03761 4.30513
5.27137 3.55435
5.24663 3.49791
5.41452 3.20565
5.30375 3.27242
5.42353 2.96842
5.63732 2.64423
5.62027 2.84889
5.70502 2.78251
5.62747 3.01423
5.76164 2.74042
5.86506 2.48158
5.84396 2.38199
6.03088 2.10953
6.01725 2.02522
6.02507 1.87509
5.82254 2.27646
5.78243 2.19609
5.55341 2.591
5.83866 1.90992
5.75919 1.87504
5.90622 1.63501
5.856 1.52408
5.97779 1.37792
6.03404 1.41324
5.95853 1.65565
6.05531 1.51005
5.97367 1.78262
6.11913 1.49974
6.18917 1.44982
6.25317 1.20624
6.3082 1.20969
6.21717 1.52171
6.31147 1.36159
6.16953 1.7507
6.27721 1.53712
6.35454 1.38495
6.30774 1.52965
6.42785 1.14498
6.47111 0.876497
6.5169 0.69075
6.27742 1.58963
6.22698 1.7067
6.13619 1.96766
6.14517 1.88118
5.98097 2.28651
6.08828 2.13278
6.00476 2.28484
5.93916 2.46344
5.86061 2.58575
5.73251 2.81936
5.66413 2.99559
5.56762 3.20071
6.14069 -0.556816
5.82468 -0.816446
5.99428 -0.696716
5.94306 -0.901829
6.10209 -0.749788
6.01292 -0.977777
6.13552 -0.821994
6.21298 -0.672816
6.20879 -0.576161
6.29748 -0.504081
6.27732 -0.6168
6.33955 -0.498241
6.31408 -0.65228
6.39535 -0.432159
6.3548 -0.576491
6.40151 -0.448167
6.47469 -0.348517
6.5013 0.0282784
6.49043 -0.120211
6.50577 -0.148687
6.49263 -0.234849
6.47684 -0.234444
6.44302 -0.350726
6.45813 -0.342809
6.40585 -0.448994
6.40684 -0.488322
6.36858 -0.571998
6.31075 -0.693898
6.2744 -0.768027
6.21401 -0.89004
6.1895 -0.890425
6.19831 -0.882639
6.21499 -0.765239
6.10886 -0.938034
6.07357 -1.0932
6.00954 -1.10014
5.87872 -1.19917
5.85061 -1.09511
5.71742 -1.30242
5.73173 -1.16351
5.79267 -1.00805
5.65966 -1.09622
5.70404 -0.952548
5.67557 -0.820281
5.61312 -0.924514
5.60096 -1.02375
5.49014 -0.968214
5.53679 -0.83746
5.36856 -0.863235
5.28661 -1.02477
4.91416 -1.26735
5.07164 -1.14101
5.16958 -1.31466
5.29549 -1.19885
5.48325 -1.1349
5.40442 -1.33625
5.59922 -1.24993
5.55434 -1.38778
5.59896 -1.49327
5.43603 -1.50759
5.4504 -1.63757
5.2978 -1.58209
5.21643 -1.46348
4.99452 -1.37655
5.00261 -1.4643
4.84303 -1.42314
4.80401 -1.5175
4.76799 -1.61941
5.06704 -1.56493
5.01558 -1.66205
5.22987 -1.65004
5.13218 -1.71353
5.31756 -1.74852
5.13243 -1.78645
5.23766 -1.80342
5.37421 -1.80042
5.53949 -1.71351
5.52884 -1.78814
5.67611 -1.67243
5.6953 -1.59042
5.81277 -1.47336
5.75737 -1.43172
5.61618 -1.58933
5.92959 -1.27187
5.97874 -1.26408
5.86708 -1.41772
5.9594 -1.29863
6.04023 -1.18886
6.12826 -1.04993
6.11639 -1.06446
6.01255 -1.23918
6.00009 -1.22138
6.05446 -1.10869
5.91876 -1.30721
5.90521 -1.35873
5.79844 -1.48395
5.80215 -1.49582
5.75357 -1.57379
5.70878 -1.6151
5.63704 -1.7184
5.57633 -1.73398
5.47694 -1.81208
5.34977 -1.8407
5.30688 -1.85318
5.20528 -1.84334
5.51159 -1.70523
5.66211 -1.60091
5.61712 -1.56108
5.76032 -1.4445
5.74067 -1.38298
5.56995 -1.51038
5.4688 -1.65756
5.43866 -1.57684
5.55674 -1.45687
5.65585 -1.3849
5.64159 -1.30839
5.48012 -1.44708
5.57791 -1.20625
5.78509 -1.08192
5.77748 -1.22817
5.93124 -1.0201
5.93171 -0.873107
6.07729 -0.789539
6.02529 -0.633274
5.79906 -0.860747
6.15984 -0.55373
6.12936 -0.468307
6.21368 -0.320749
6.27991 -0.427886
6.32684 -0.184335
6.3717 -0.229327
6.38467 -0.0343556
6.42857 -0.0698424
6.43985 -0.22686
6.44204 0.107362
6.49603 0.253382
6.42954 0.313587
6.46964 0.447006
6.50031 0.576709
6.4307 0.666232
6.47192 0.731678
6.39934 0.915467
6.39056 1.08456
6.33966 1.04504
6.3303 0.920333
6.16826 1.20438
6.25826 0.852674
6.36514 0.65065
6.41195 0.499274
6.3821 0.460263
6.3426 0.30094
6.38565 0.144076
6.3403 0.0424037
6.23364 0.453875
6.30861 0.569302
6.19729 0.739811
6.09966 1.09457
6.13527 0.603437
5.97155 1.21972
6.27278 -0.0937587
6.35489 -0.415413
6.3971 -0.421649
6.43182 -0.349345
6.3909 -0.527494
6.32162 -0.57677
6.30365 -0.714078
6.29502 -0.709851
6.19476 -0.896734
6.22319 -0.851833
6.20549 -0.779334
6.09201 -0.977826
5.98164 -1.14222
6.05052 -0.957303
5.90574 -1.18028
5.86513 -1.30109
6.13854 -0.800444
6.20182 -0.661761
6.27709 -0.578412
5.54878 -0.992756
4.98636 -1.74425
4.97472 -1.69034
4.84651 -1.7158
4.78733 -1.67516
6.40888 -0.352836
6.36795 -0.39861
6.37963 -0.414061
5.71503 1.77348
4.57413 5.02842
4.50477 4.96981
4.44218 5.09231
5.34946 1.88575
5.21435 1.9643
5.39897 -0.979742
3.92346 3.73302
3.11929 2.81627
3.07718 3.06564
2.42158 1.97065
2.1191 3.51636
1.76971 5.0399
1.71815 5.52291
1.86243 5.61893
1.84195 5.74246
1.88609 5.88339
2.41891 6.04374
2.26414 5.92901
2.49711 5.84801
2.31023 5.77076
2.13556 5.79582
2.43672 5.64371
2.0588 5.93728
1.97322 5.82472
2.56202 6.0177
2.66589 6.06525
2.30776 0.787151
2.24443 0.426865
2.47331 0.125823
2.22294 -0.0342626
2.47336 -0.226573
2.36951 -0.386076
2.69299 -0.222859
1.91376 0.369166
1.54613 0.211825
1.64636 0.558971
1.43647 0.561949
1.61179 -0.990969
3.29203 -1.60616
-0.494704 2.23371
-0.00656319 -1.05996
-0.110436 -0.945354
-0.435039 -0.517404
3.94374 -1.92507
-0.369979 2.54976
1.97322 5.82472
