-5.86782 -8.28263
-5.86393 -8.1293
-5.80158 -8.30798
-5.76205 -8.06791
-5.72484 -8.19532
-5.72981 -8.38314
-5.64978 -8.29459
-5.66917 -7.92343
-5.60279 -8.04569
-5.54475 -8.27703
-5.59395 -8.53883
-5.50249 -8.51872
-5.49927 -8.70678
-5.43382 -8.59012
-5.43129 -8.36736
-5.35686 -8.55293
-5.39475 -8.6976
-5.30968 -8.69591
-5.22638 -8.52362
-5.30975 -8.31179
-5.20596 -8.24218
-5.08074 -8.30094
-5.07623 -8.6415
-4.93414 -8.50711
-4.91357 -8.74267
-4.77928 -8.62362
-4.76267 -8.78702
-4.84101 -8.88931
-4.60764 -8.85714
-4.58873 -8.68347
-4.42619 -8.73274
-4.35087 -8.83688
-4.51237 -8.96813
-4.3132 -8.95389
-4.41832 -9.02826
-4.60851 -9.04975
-4.41794 -9.09453
-4.20917 -9.0169
-4.09854 -9.09518
-3.91501 -9.00964
-3.77113 -9.09371
-3.9447 -9.13796
-4.28551 -9.143
-4.11971 -9.17311
-4.50659 -9.16677
-4.26455 -9.16396
-4.46892 -9.1658
-4.37359 -9.16916
-4.63728 -9.15874
-4.59547 -9.16535
-4.25983 -9.15591
-4.11838 -9.15742
-3.90681 -9.14709
-3.85306 -9.15897
-3.5797 -9.13576
-3.59374 -9.11443
-3.99344 -9.09735
-3.41607 -9.06523
-3.07602 -9.10437
-3.01635 -9.03741
-3.18595 -9.01124
-2.7384 -8.9857
-2.70998 -9.02717
-2.28176 -8.9881
-2.27427 -8.94134
-2.62244 -8.95302
-2.23698 -8.86977
-1.86528 -8.87291
-1.74103 -8.80148
-1.94093 -8.77778
-2.18863 -8.79082
-1.9206 -8.73185
-1.67144 -8.74759
-1.71119 -8.68204
-1.4294 -8.69201
-1.34478 -8.75851
-1.46387 -8.82334
-1.07737 -8.77969
-0.963092 -8.71371
-1.14742 -8.67416
-0.851728 -8.63911
-1.08008 -8.62127
-1.27234 -8.64763
-1.25727 -8.60057
-1.47158 -8.64443
-1.48427 -8.59338
-1.36228 -8.51726
-1.08048 -8.51864
-1.223 -8.41833
-0.966628 -8.32512
-1.24413 -8.31614
-1.55805 -8.35905
-1.35883 -8.27295
-1.15622 -8.18656
-0.949834 -8.10681
-0.772859 -8.21556
-0.430668 -8.45776
-0.597518 -8.33567
-0.800067 -8.48062
-0.578621 -8.49429
-0.716772 -8.57072
-0.92432 -8.58398
-1.07841 -8.58736
-0.482174 -8.58145
-0.649237 -8.67366
-0.338312 -8.63308
-0.477547 -8.71003
-0.786613 -8.73005
-0.805186 -8.76544
-0.993113 -8.81324
-1.24524 -8.83894
-1.14708 -8.87778
-1.57756 -8.90089
-1.96312 -8.93982
-1.86606 -8.95935
-1.99537 -9.01951
-2.47987 -9.05072
-2.2825 -9.06275
-2.57473 -9.10936
-2.84335 -9.13307
-3.14123 -9.14499
-3.46533 -9.16645
-3.19651 -9.16218
-3.54518 -9.16118
-3.40881 -9.15336
-3.12953 -9.13606
-3.22943 -9.1081
-2.97108 -9.10653
-2.85529 -9.13883
-2.73276 -9.10271
-2.92572 -9.0721
-2.65187 -9.03422
-2.86781 -8.99976
-2.58944 -8.95959
-2.84583 -8.89066
-2.56306 -8.82542
-2.82646 -8.70248
-2.51259 -8.63229
-2.71488 -8.48126
-2.54038 -8.35725
-2.3203 -8.44585
-2.27289 -8.65813
-2.09714 -8.55161
-2.09368 -8.76394
-1.91154 -8.6431
-1.8244 -8.77239
-1.68594 -8.62348
-1.60459 -8.77388
-1.72115 -8.85647
-1.94258 -8.88488
-1.70438 -8.93704
-1.54345 -8.86374
-1.34725 -8.87344
-1.35804 -8.75974
-1.07307 -8.77378
-1.05202 -8.84897
-0.952515 -8.81212
-0.822273 -8.75709
-0.844 -8.63652
-0.555732 -8.65435
-0.570611 -8.42855
-0.295244 -8.53682
-0.309713 -8.63844
-0.394692 -8.72836
-0.140058 -8.66376
-0.138397 -8.58574
0.0738969 -8.59127
0.121231 -8.65413
0.334379 -8.60171
0.420595 -8.64508
0.236759 -8.68849
-0.171323 -8.72725
0.0491734 -8.73674
-0.193259 -8.77642
-0.187393 -8.80184
-0.471994 -8.82646
-0.497049 -8.86583
-0.840314 -8.90765
-0.871768 -8.90562
-0.668001 -8.88799
-0.303685 -8.84336
-0.483037 -8.85
-0.141743 -8.80765
-0.214609 -8.78552
0.16924 -8.73865
0.0613 -8.73653
-0.0329509 -8.75096
0.301856 -8.69784
0.291623 -8.64331
0.712079 -8.6196
0.692596 -8.56012
0.478759 -8.59284
0.337092 -8.57344
0.567816 -8.54179
0.444465 -8.48294
0.204735 -8.54029
0.269917 -8.42699
0.469486 -8.41092
1.29297 -8.36193
1.51708 -8.30348
1.63725 -8.28658
2.41198 -8.01162
2.46758 -7.88249
2.50901 -7.75803
2.49762 -7.81822
2.43672 -7.98228
2.45471 -7.90766
2.4017 -8.03798
2.44424 -7.94319
2.51056 -7.74505
2.48181 -7.85715
2.51456 -7.72316
2.55776 -7.53201
2.52369 -7.60833
2.50858 -7.47713
2.61228 -7.16914
2.51846 -7.15882
2.61445 -6.95549
2.52581 -6.9372
2.46079 -6.94615
2.47449 -6.74546
2.56804 -6.7659
2.48618 -6.47095
2.53087 -6.4816
2.50226 -6.24374
2.42332 -5.52129
2.46837 -5.75244
2.50015 -5.99123
2.42996 -5.87461
2.42904 -6.17413
2.3573 -5.89337
2.35459 -5.61907
2.41262 -5.61882
2.33218 -5.30383
2.28944 -5.41108
2.29326 -5.61532
2.17285 -5.39772
2.19795 -5.16325
2.07821 -5.16578
2.00446 -4.8505
1.9357 -5.13505
1.81936 -4.69864
1.88327 -4.56114
1.76672 -4.37507
1.87156 -4.33756
1.95125 -4.58336
2.03134 -4.59606
1.95771 -4.24232
2.06767 -4.53754
2.06888 -4.60906
2.1007 -4.6835
2.16203 -4.92679
2.13293 -4.74015
2.08835 -4.48444
2.16986 -4.74017
2.16444 -4.65386
2.24454 -4.86244
2.05267 -4.31241
1.97381 -4.09172
0.718784 -1.71891
0.589957 -1.57266
0.631325 -1.76035
0.733725 -1.85627
0.708434 -1.91526
0.59364 -1.90041
0.775895 -2.09352
0.793635 -1.97392
0.908488 -2.10432
0.912036 -2.30437
0.81448 -2.33646
0.951162 -2.56126
0.851454 -2.54846
0.710374 -2.38341
0.787638 -2.62465
0.962476 -2.80538
0.793676 -2.86875
0.997125 -3.09726
0.85041 -3.19815
0.730802 -3.01212
0.655035 -3.16617
0.613872 -2.85773
0.420248 -3.04104
0.561008 -3.47902
0.779043 -3.46517
0.73154 -3.77691
0.582875 -3.79361
0.663122 -3.92482
0.607949 -4.01939
0.791184 -4.08988
0.726634 -4.29217
0.956733 -4.45058
1.01117 -4.19303
1.14211 -4.44192
1.1743 -4.24332
1.289 -4.44711
1.32796 -4.14516
1.1108 -3.97639
1.23278 -3.91446
1.31138 -3.86815
1.14709 -3.68326
1.32895 -3.68562
1.2241 -3.48299
1.05534 -3.36549
1.14652 -3.27876
1.15053 -3.09107
1.29746 -3.36961
1.30652 -3.16734
1.12725 -2.85152
1.03078 -2.52471
1.15691 -2.70942
1.28995 -2.99001
1.28766 -2.83
1.13966 -2.55695
1.07581 -2.50168
0.953315 -2.22373
1.14506 -2.44537
1.02931 -2.31603
0.822248 -1.90991
1.24883 -2.62504
1.36059 -2.81453
1.74322 -3.59277
1.66296 -3.41792
1.82604 -3.76006
1.90916 -3.92126
1.87035 -3.93199
1.75182 -3.92485
1.75924 -3.73355
1.63799 -3.55667
1.55029 -3.27563
1.58021 -3.23996
1.45772 -3.01574
1.39631 -3.08627
1.45135 -3.30341
1.41455 -3.41771
1.55224 -3.61871
1.44007 -3.63205
1.61591 -3.88843
1.75408 -4.12126
1.63424 -4.16521
1.68781 -4.4265
1.53906 -4.30039
1.64323 -4.66755
1.7667 -4.9465
1.6534 -5.07719
1.50901 -4.80672
1.45367 -4.50737
1.37144 -4.72257
1.24905 -4.63576
1.28642 -4.87665
1.46201 -5.07361
1.31886 -5.19086
1.47539 -5.39699
1.62542 -5.45735
1.57113 -5.73728
1.68131 -5.74626
1.76557 -5.71447
1.77869 -5.43181
1.87329 -5.63499
1.84709 -5.50274
1.89054 -5.4399
1.96178 -5.64682
2.05209 -5.52889
2.05692 -5.30443
2.20598 -5.62774
2.18443 -5.82109
2.27377 -5.79328
2.2868 -6.01925
2.36464 -6.17887
2.30006 -6.31615
2.40507 -6.48273
2.29047 -6.65244
2.39007 -6.80868
2.2966 -6.94491
2.40522 -7.0803
2.2951 -7.24908
2.43864 -7.2967
2.35817 -7.4806
2.3835 -7.69078
2.45338 -7.70441
2.36538 -7.86806
2.43982 -7.86284
2.34139 -8.01172
2.41343 -7.98549
2.34653 -8.11188
2.38308 -8.08653
2.30276 -8.22546
2.34878 -8.15018
2.36951 -8.11613
2.30859 -8.24088
2.35175 -8.17097
2.39129 -8.05839
2.36483 -8.12653
2.35038 -8.1367
2.30259 -8.24876
2.25273 -8.22581
2.19388 -8.25519
1.97823 -8.29895
2.09332 -8.28375
1.91792 -8.3433
2.00488 -8.39389
2.16469 -8.31281
2.18482 -8.34692
2.06967 -8.41451
2.21598 -8.35221
2.22722 -8.33502
2.15735 -8.35582
2.24705 -8.18699
2.09376 -8.30022
2.09365 -8.17242
1.95267 -8.30623
1.96097 -8.4215
1.7296 -8.42265
1.74674 -8.48465
1.43032 -8.52363
1.55349 -8.53625
1.20502 -8.58469
1.35081 -8.57368
0.970065 -8.63866
1.14874 -8.59929
0.739339 -8.66216
0.89969 -8.6234
0.483479 -8.70495
0.530168 -8.69205
1.17452 -8.52486
1.37621 -8.50007
1.53316 -8.43274
1.40434 -8.40836
1.18555 -8.45999
1.30258 -8.38709
0.991215 -8.46024
1.10001 -8.42446
1.31751 -8.40153
1.40047 -8.34092
1.5259 -8.35403
1.718 -8.35215
1.82971 -8.28868
1.79456 -8.39455
1.70509 -8.38704
1.6948 -8.4109
1.61311 -8.38904
1.71478 -8.42931
1.64128 -8.44915
1.80677 -8.43386
1.87881 -8.45832
1.66802 -8.49623
1.68355 -8.51126
1.46452 -8.53674
1.93832 -8.45101
2.11521 -8.40706
1.9958 -8.44565
1.81653 -8.49015
1.89576 -8.46712
1.0635 -8.39156
0.899156 -8.444
0.856857 -8.46956
0.679404 -8.42984
0.66724 -8.49201
0.763311 -8.51164
0.969405 -8.53273
0.846114 -8.44283
0.0893123 -8.76702
0.392936 -8.72548
0.118316 -8.75378
-0.150814 -8.8098
0.489989 -8.70802
0.826086 -8.63477
0.535791 -8.66416
0.71125 -8.5978
1.03662 -8.55533
0.867288 -8.52683
1.17337 -8.49409
1.44837 -8.43135
1.22363 -8.39552
1.4197 -8.32369
1.61796 -8.31102
1.80423 -8.28456
1.74985 -8.17595
1.94124 -8.1688
1.89118 -7.99324
2.09808 -7.99213
2.03912 -7.80447
2.16699 -7.80873
2.15148 -7.62814
2.26549 -7.67544
2.24415 -7.49351
2.15319 -7.36577
2.01684 -7.54244
2.04326 -7.20979
2.17277 -7.02428
2.03206 -6.84253
1.89431 -7.09614
1.88633 -6.79594
1.9119 -6.50209
2.07347 -6.54745
2.01342 -6.23486
2.18525 -6.43135
2.17061 -6.10366
2.03502 -6.03606
2.04039 -5.84047
1.91706 -5.90949
1.94926 -5.76821
1.77891 -6.05157
2.16542 -6.72146
2.23068 -6.83454
1.7324 -6.40882
1.59454 -6.11173
1.4261 -5.84582
1.39162 -5.52598
1.27568 -5.6023
1.26233 -5.36939
1.15365 -5.15023
1.18454 -4.94991
1.0326 -4.84274
0.942404 -5.18909
1.15821 -5.37838
1.14115 -5.5736
1.26198 -5.90676
1.02535 -5.7838
1.18002 -6.11072
1.03866 -6.22036
1.20502 -6.40118
1.30107 -6.22549
1.37492 -6.52386
1.43009 -6.17778
1.56279 -6.45037
1.51268 -6.79671
1.32729 -6.92056
1.45965 -7.19843
1.6397 -7.00681
1.63214 -7.32148
1.49182 -7.53143
1.645 -7.61173
1.7905 -7.40942
1.78468 -7.69755
1.65081 -7.85106
1.78816 -7.8864
1.68442 -8.03151
1.90247 -7.76466
1.48403 -7.99632
1.50308 -8.18603
1.28311 -8.12989
1.26334 -8.27473
1.09706 -8.23218
1.03182 -8.34533
0.969701 -8.45489
0.757861 -8.41308
0.745977 -8.51241
0.600102 -8.57573
0.534529 -8.51612
0.282611 -8.50764
0.505177 -8.41801
0.678409 -8.32398
0.88062 -8.26953
0.757774 -8.17401
1.03058 -8.09584
0.86055 -7.99384
1.06628 -7.83527
1.28536 -7.91133
1.24573 -7.7239
1.37139 -7.70584
1.33425 -7.51261
1.49406 -7.78472
1.16341 -7.57708
1.24694 -7.2786
1.07091 -7.3953
1.0119 -7.63443
0.850838 -7.77249
0.903938 -7.49989
0.669266 -7.55696
0.587653 -7.97718
0.391772 -7.71092
0.321244 -7.98889
0.318851 -8.19064
0.516165 -8.2598
0.280128 -8.37613
0.07897 -8.30935
0.00730729 -8.48055
-0.191486 -8.37558
-0.0674145 -8.22267
0.127202 -8.11592
-0.0737853 -8.03481
-0.288999 -8.20303
-0.287969 -7.98853
-0.56403 -8.11261
-0.856918 -8.3108
-0.922105 -8.50448
-1.18737 -8.42687
-1.12053 -8.63462
-1.32943 -8.62007
-1.49221 -8.67657
-1.46883 -8.53315
-1.63005 -8.43047
-1.86082 -8.40573
-1.66434 -8.16273
-1.45302 -8.32065
-1.47089 -8.11027
-1.25129 -8.14618
-1.38024 -7.89437
-1.14013 -7.87004
-1.0373 -8.06021
-1.03858 -8.22313
-0.8459 -8.09733
-0.894198 -7.88241
-0.682044 -7.92507
-0.69499 -7.69294
-0.967868 -7.55694
-1.27842 -7.57283
-1.16844 -7.22625
-0.863073 -7.11392
-0.704131 -7.4239
-0.491614 -7.1827
-0.62656 -6.83348
-0.345513 -6.80125
-0.50523 -6.4247
-0.908314 -6.62747
-0.772053 -6.05398
-0.447647 -6.01016
-0.212841 -6.16719
-0.249914 -5.85396
0.0360785 -5.92988
-0.128727 -5.60732
-0.487062 -5.5886
-0.231189 -5.33044
-0.456691 -5.05298
-0.758665 -5.23539
-0.8329 -5.61001
-1.06924 -5.82754
-1.09963 -6.31573
-1.32076 -6.08025
-1.3316 -6.63477
-1.1212 -6.64456
-1.12036 -6.86699
-1.06629 -6.72498
-1.27914 -6.98833
-1.43571 -7.15569
-1.65049 -6.67783
-1.73438 -7.26635
-1.52748 -7.6158
-1.56247 -7.93228
-1.72853 -7.77876
-1.90876 -8.02123
-1.94209 -7.57155
-2.1397 -7.8354
-2.11529 -8.24539
-2.36985 -8.07495
-2.32554 -7.68293
-2.18506 -7.32121
-2.43889 -7.38828
-2.50987 -7.75753
-2.62815 -7.51905
-2.65892 -7.77481
-2.63477 -8.05385
-2.67931 -8.30968
-2.81836 -8.24082
-2.91107 -8.48364
-3.11944 -8.24542
-3.09566 -8.61513
-3.16187 -8.83556
-3.26482 -8.7205
-3.47284 -8.77775
-3.45458 -8.91207
-3.31106 -8.9798
-3.60584 -9.00956
-3.44407 -9.07433
-3.59563 -9.11866
-3.1378 -9.02653
-3.06175 -8.95681
-3.72203 -8.89944
-4.06748 -8.86823
-3.8046 -8.72604
-3.60125 -8.6167
-3.35187 -8.55077
-3.58279 -8.3699
-3.36426 -8.32999
-3.42402 -8.04104
-3.17952 -7.7877
-2.86159 -7.73311
-3.09481 -7.42534
-2.90365 -7.16752
-2.73221 -7.28892
-2.58057 -7.17901
-2.69646 -6.86898
-2.41027 -6.87842
-2.58591 -6.39208
-2.30573 -6.35058
-2.44136 -5.96114
-2.21838 -5.9716
-2.29897 -5.53215
-1.97039 -5.8208
-2.09573 -6.2462
-1.90047 -6.40484
-1.71909 -6.12846
-1.51926 -6.28111
-1.53216 -5.86589
-1.71844 -5.72241
-1.56261 -5.44017
-1.78679 -5.36448
-2.03306 -5.23661
-1.83623 -4.98452
-1.59274 -4.98385
-1.73763 -4.61907
-1.47019 -4.5308
-1.32147 -4.82157
-1.4022 -5.1735
-1.30987 -5.54922
-1.18856 -5.11167
-1.02912 -5.38794
-0.965312 -5.0473
-0.766459 -4.80193
-1.05994 -4.77244
-0.919972 -4.51261
-0.656198 -4.38118
-0.95132 -4.27361
-1.17439 -4.43201
-1.12898 -4.07276
-1.3642 -4.16465
-1.61842 -4.22874
-1.50399 -3.91617
-1.75819 -3.92429
-1.89039 -4.28829
-2.02714 -4.72883
-2.1641 -4.34184
-2.27609 -4.64393
-2.27951 -5.00599
-2.56829 -5.16529
-2.59798 -5.62129
-2.79626 -5.39889
-2.84553 -5.76651
-2.65948 -5.98455
-2.84696 -6.25388
-3.03706 -6.01286
-3.14021 -6.44942
-2.91227 -6.70602
-2.75902 -6.54179
-3.13514 -6.99757
-3.34711 -6.8123
-3.42057 -7.41523
-3.63867 -6.7813
-3.71729 -7.29987
-3.71956 -7.72915
-3.90158 -7.49406
-4.02447 -7.94529
-3.78769 -8.05684
-3.62856 -8.02187
-3.54754 -7.81459
-3.5839 -8.18485
-3.6901 -8.20787
-3.84597 -8.29792
-3.79967 -8.53479
-4.15693 -8.54512
-4.34681 -8.17069
-4.45023 -8.49565
-4.41104 -8.63897
-4.64078 -8.4731
-4.79555 -8.37487
-4.66028 -8.16928
-4.52847 -8.30792
-4.51608 -8.10225
-4.43723 -7.87109
-4.27167 -7.78605
-4.38853 -7.49556
-4.12632 -7.39598
-4.27678 -7.01437
-4.08103 -6.94615
-3.90246 -7.0907
-3.92505 -6.66389
-3.78312 -6.37664
-3.58124 -6.20608
-3.4032 -6.43787
-3.29322 -5.98156
-3.55737 -5.70875
-3.76819 -6.04867
-3.91135 -5.77266
-3.95811 -6.26006
-4.15855 -6.18123
-4.13846 -6.59652
-4.37693 -6.5701
-4.5049 -7.1007
-4.59552 -6.75812
-4.62822 -7.03611
-4.66498 -7.30793
-4.56332 -7.55092
-4.49609 -7.71104
-4.57248 -7.87927
-4.71419 -7.76253
-4.79828 -8.09396
-4.86812 -7.83977
-4.91997 -8.19112
-5.00058 -7.87391
-5.13641 -7.96474
-5.07203 -7.55705
-4.97489 -7.55259
-4.92198 -7.62545
-4.9243 -7.45372
-4.95519 -7.2607
-4.83083 -7.39869
-4.84933 -6.95406
-4.72264 -7.00451
-4.73568 -6.63672
-4.56525 -6.25817
-4.7746 -6.30685
-4.87507 -6.61546
-4.9125 -6.33443
-4.99939 -6.65932
-4.95607 -6.89819
-5.06783 -7.0893
-5.16359 -7.43036
-5.18512 -7.72534
-5.27589 -7.62146
-5.24922 -8.0041
-5.36483 -8.04681
-5.46035 -8.09574
-5.50352 -7.91723
-5.40408 -7.74543
-5.46435 -7.50423
-5.57725 -7.69098
-5.50668 -7.16651
-5.62514 -7.44137
-5.68652 -7.64951
-5.74286 -7.82751
-5.8235 -7.9052
-5.79792 -7.74955
-5.72207 -7.55079
-5.78933 -7.58421
-5.78239 -7.36267
-5.67842 -6.99796
-5.72764 -7.18323
-5.63673 -6.70572
-5.53694 -6.12223
-5.46964 -5.57494
-5.50491 -5.8531
-5.43605 -5.61081
-5.45716 -5.90033
-5.49904 -6.11125
-5.44707 -6.20073
-5.37853 -5.72312
-5.35867 -5.99646
-5.2999 -5.65885
-5.25339 -5.89871
-5.20217 -5.40628
-5.13651 -5.52238
-5.12506 -5.30565
-5.03634 -5.21025
-5.10397 -5.11124
-5.02277 -4.91327
-4.90729 -4.87461
-4.90493 -5.24875
-4.76107 -4.97896
-4.73256 -5.34775
-4.90145 -5.55679
-4.80313 -5.62597
-4.87793 -5.8165
-4.76154 -5.80836
-4.82937 -6.05189
-4.6944 -6.00994
-4.64534 -5.75211
-4.56369 -5.89893
-4.38924 -5.8022
-4.51916 -5.67019
-4.37909 -5.37639
-4.15804 -5.46288
-4.17092 -5.81821
-4.04271 -5.59725
-3.91664 -5.35581
-3.99659 -5.10332
-3.71372 -4.91949
-3.92796 -4.71203
-3.65541 -4.48209
-3.41519 -4.56877
-3.40445 -4.93465
-3.09777 -4.58041
-3.12344 -5.04096
-2.85707 -4.74356
-2.83987 -5.07196
-3.00019 -5.34527
-2.92509 -5.52798
-3.05958 -5.66943
-3.2431 -5.48403
-3.40258 -5.27676
-3.65704 -5.31386
-2.67893 -4.85571
-2.48071 -4.77167
-2.64362 -4.6208
-2.45259 -4.40777
-2.75616 -4.41168
-2.58386 -4.06029
-2.92986 -4.18096
-3.19924 -4.30736
-3.15617 -4.02869
-2.8282 -3.78539
-3.20524 -3.73923
-3.38707 -3.97375
-3.40617 -4.2434
-3.61018 -4.12971
-3.83912 -4.32146
-3.79752 -3.99126
-3.95797 -4.15631
-4.06253 -4.4124
-4.12958 -4.74041
-4.29096 -4.58243
-4.26068 -4.98975
-4.09423 -4.95646
-4.17667 -5.18598
-4.40611 -5.11042
-4.53527 -5.23301
-4.59135 -5.50233
-4.71108 -5.60828
-4.61014 -5.0073
-4.48669 -5.00327
-4.49416 -4.73223
-4.6474 -4.7175
-4.76434 -4.64815
-4.65301 -4.429
-4.55748 -4.49182
-4.53516 -4.19254
-4.43774 -4.39361
-4.414 -4.12561
-4.44179 -3.88535
-4.55338 -3.91518
-4.46597 -3.53041
-4.66207 -3.87634
-4.65455 -4.15496
-4.76335 -4.19562
-4.73472 -4.38214
-4.83997 -4.49968
-4.95586 -4.62304
-4.87585 -4.29719
-4.98584 -4.41712
-5.07308 -4.75255
-5.10212 -4.34216
-5.1528 -4.78563
-5.17647 -5.07594
-5.28592 -5.36015
-5.25417 -5.03647
-5.35713 -5.33035
-5.38943 -5.28482
-5.29271 -4.98322
-5.81452 -7.54531
-5.83511 -7.70328
-5.82553 -7.81302
-5.8417 -8.01699
-5.19516 -4.66776
-5.01439 -4.02187
-4.91523 -3.71067
-4.802 -3.44894
-2.57188 -0.88882
-3.19233 -1.15012
-3.01636 -1.03239
-2.99861 -1.15316
-3.3134 -1.35057
-3.45505 -1.4158
-3.65158 -1.54206
-3.70613 -1.67874
-3.8014 -1.84173
-3.61598 -1.66692
-3.55818 -1.76484
-3.42654 -1.56619
-3.583 -1.49164
-3.31946 -1.76806
-3.6273 -1.98791
-3.36827 -2.05578
-3.0785 -1.85479
-3.11104 -2.15764
-2.81979 -1.92041
-2.75638 -2.15364
-2.97812 -2.35705
-3.24209 -2.48679
-2.94291 -2.66616
-2.77518 -2.38591
-2.60279 -2.5221
-2.65092 -2.70422
-2.73691 -2.85126
-2.9059 -2.99677
-2.64871 -3.07008
-2.82479 -3.25523
-3.10164 -3.20749
-2.99982 -3.48145
-2.73853 -3.48558
-2.53106 -3.61033
-2.5578 -3.8057
-2.36528 -3.82383
-2.31342 -4.10056
-2.07427 -3.93115
-2.24002 -3.50827
-2.54773 -3.33612
-2.36025 -3.13322
-2.51341 -2.87133
-2.24661 -2.85277
-2.45006 -2.67199
-2.24085 -2.47455
-2.55631 -2.3065
-2.38244 -2.07371
-2.62005 -1.96859
-2.49236 -1.77163
-2.79169 -1.67745
-2.50439 -1.49774
-2.80195 -1.46043
-3.02648 -1.65377
-3.14104 -1.51349
-2.94604 -1.30765
-2.701 -1.27035
-2.50848 -1.30082
-2.53534 -1.16539
-2.71825 -1.11468
-2.47382 -1.04342
-2.80979 -0.962331
-2.27478 -0.926041
-2.34124 -0.827054
-2.09977 -0.811264
-1.88899 -0.874776
-2.27617 -1.1037
-2.0187 -1.13525
-2.23307 -1.3121
-1.90148 -1.32306
-2.19085 -1.53883
-1.87122 -1.57835
-1.55681 -1.42168
-1.64566 -1.20652
-1.79378 -1.07202
-1.55942 -1.04585
-1.74872 -0.853984
-1.56016 -0.823676
-1.36016 -0.806587
-1.23577 -0.836231
-1.23577 -0.836231
-1.22217 -0.856791
-1.4392 -0.906121
-1.30551 -1.0274
-1.02637 -0.986947
-1.16399 -1.17752
-1.41957 -1.19691
-1.28776 -1.31486
-1.22645 -1.50037
-1.41293 -1.67877
-1.64935 -1.65621
-1.59837 -1.88183
-1.82026 -1.79729
-2.10782 -1.80292
-1.89015 -2.13665
-1.50337 -2.17617
-1.3289 -1.95029
-1.26604 -2.20708
-1.05044 -2.1012
-1.11573 -2.38518
-1.31847 -2.48794
-1.07772 -2.66239
-0.83693 -2.49646
-0.889735 -2.94398
-0.598188 -2.87893
-0.584703 -3.28964
-0.349765 -3.13383
-0.219384 -3.50279
-0.409882 -3.65942
-0.724604 -3.5985
-0.392111 -4.00032
-0.709274 -3.97032
-0.509264 -4.16385
-0.903809 -4.06146
-1.09634 -3.70658
-1.29485 -3.89789
-1.39004 -3.70874
-1.4515 -3.43817
-1.61413 -3.65145
-1.72212 -3.39254
-1.66817 -3.12589
-1.99845 -3.19495
-1.89252 -3.58983
-1.94488 -2.82023
-1.65809 -2.78542
-1.86786 -2.5289
-1.60899 -2.47279
-1.40742 -2.76783
-1.44814 -3.01621
-1.17598 -3.06548
-1.3291 -3.15133
-1.25502 -3.32034
-1.02417 -3.38547
-0.881704 -3.26181
-1.09292 -2.86941
-1.2183 -2.77494
-1.43548 -3.21138
-0.314468 -4.37676
-0.346055 -4.70365
-0.551072 -4.71903
-0.0951602 -5.0476
-0.0608473 -4.70774
0.113503 -4.95872
0.176448 -4.79647
0.235164 -5.00232
0.223222 -5.2258
0.339973 -4.99981
0.464108 -5.24871
0.430163 -5.54947
0.156707 -5.59256
0.335911 -5.86787
0.261653 -6.12744
0.0750089 -6.33511
0.356502 -6.40044
0.4848 -6.15428
0.615329 -6.50364
0.688404 -6.18387
0.59199 -5.87037
0.831343 -5.9914
0.856397 -6.39996
1.05414 -6.60736
0.835956 -6.87273
0.585683 -6.85004
0.630883 -7.16553
0.370731 -7.01113
0.445261 -7.38341
0.122017 -7.40662
0.139339 -7.85061
-0.118359 -7.76328
-0.255049 -7.46334
-0.434346 -7.78743
-0.508215 -7.51762
-0.16036 -7.09397
0.0846293 -6.92714
-0.113039 -6.78686
0.0220261 -6.63276
0.227907 -6.65687
0.438318 -6.68029
-0.180525 -6.51497
0.830744 -7.2616
0.940398 -7.11805
1.09274 -7.02692
0.974216 -7.27215
1.22095 -6.69856
0.708122 -5.46729
0.720073 -5.09959
0.64832 -4.76629
0.810318 -4.62735
0.527595 -4.25173
0.329328 -4.44076
0.51555 -4.96798
0.294124 -4.72066
0.0122414 -4.3841
0.0956793 -4.14841
-0.124867 -3.91939
0.156352 -3.85521
-0.0104246 -3.37656
-0.176729 -3.26504
-0.124138 -3.02875
-0.359914 -2.79505
-0.153962 -2.66347
-0.372921 -2.47869
-0.555084 -2.58988
-0.596425 -2.30984
-0.792856 -2.14437
-0.858754 -1.86514
-1.13599 -1.7613
-0.94258 -1.57913
-1.04823 -1.34373
-0.770086 -1.4158
-0.622836 -1.69406
-0.508284 -1.47344
-0.306339 -1.70194
-0.376446 -1.94054
-0.131691 -1.98018
-0.215969 -2.13299
-0.0231149 -2.24042
-0.184194 -2.3622
-0.391582 -2.19462
0.0283189 -2.52693
0.0539432 -2.83536
0.22982 -2.72258
0.193561 -2.40572
0.416142 -2.62926
0.353668 -2.27961
0.108431 -2.10119
0.218455 -1.92482
-0.0355332 -1.82403
0.0273235 -1.67323
-0.156717 -1.59689
-0.325931 -1.49586
-0.241923 -1.38463
-0.420259 -1.32268
-0.613592 -1.21722
-0.423049 -1.05345
-0.544121 -1.00906
-0.753671 -1.06891
-0.8949 -1.19907
-0.689553 -0.938361
-0.944051 -0.802069
-1.1617 -0.793886
-0.825843 -0.808272
-0.229182 -1.05769
-0.154804 -1.17305
-0.0700169 -1.33951
0.0907664 -1.25116
0.191372 -1.47662
0.0795915 -1.55432
-0.0696838 -1.50818
0.167853 -1.69727
0.225871 -1.63366
0.37424 -1.81491
0.493305 -2.14185
0.529093 -1.99947
0.656102 -2.14085
0.605084 -2.53191
0.430532 -1.60665
0.307444 -1.63153
0.265961 -1.32667
0.437407 -1.40472
-0.0644369 -1.05306
2.55465 -7.47919
2.59149 -7.34071
2.54476 -7.54224
2.52884 -7.61788
-2.098 -8.49671
-1.94573 -8.47162
-1.75166 -8.41601
-1.65513 -8.53098
-1.8808 -8.59761
-2.26584 -8.58051
-2.05011 -8.64459
-2.45471 -8.65476
-5.27029 -8.98652
-5.4226 -8.96818
-5.32358 -8.99612
-5.37712 -9.04334
-5.27336 -9.04314
-5.20093 -9.01454
-5.13378 -9.04745
-4.90476 -9.01144
-5.02314 -9.09278
-4.63644 -9.07795
-4.46018 -8.97868
-4.16276 -9.02154
-4.14337 -8.96505
-4.19806 -8.89504
-3.99781 -8.93648
-3.94292 -8.91127
-3.91233 -8.86657
-3.6126 -8.81777
-3.62746 -8.91529
-3.29106 -8.88389
-3.30413 -8.84403
-2.98878 -8.83017
-2.95209 -8.87438
-2.58953 -8.84781
-2.71496 -8.78479
-2.96456 -8.74674
-2.65359 -8.71243
-2.27505 -8.72484
-2.09211 -8.68204
-2.12502 -8.72783
-1.94254 -8.68209
-1.89006 -8.6486
-1.6811 -8.6302
-2.37907 -8.78494
-3.27984 -8.78725
-2.76999 -8.92538
-3.10667 -8.92626
-3.13054 -8.96575
-3.34632 -8.9257
-3.57559 -8.94895
-3.64805 -9.00996
-3.89064 -8.96522
-4.35782 -9.08772
-4.46819 -9.14087
-4.79174 -9.15333
-4.91815 -9.13038
-5.05602 -9.15731
-5.24637 -9.13345
-5.26439 -9.08714
-5.41262 -9.09381
-5.55684 -8.95755
-5.56635 -9.06398
-5.62607 -8.92526
-5.7053 -8.83393
-5.6815 -8.8648
-5.64745 -8.98534
-5.65257 -8.92907
-5.5861 -9.0534
-5.58303 -8.94761
-5.49335 -9.05546
-5.4799 -9.1148
-5.49164 -9.10642
-5.38006 -9.12723
-5.37467 -9.1248
-5.24558 -9.14981
-5.23938 -9.14462
-5.1149 -9.16897
-4.89067 -9.17702
-5.06443 -9.17846
-4.82392 -9.1769
-4.94365 -9.17177
-4.75299 -9.14453
-4.9053 -9.12038
-4.69 -9.10315
-4.82442 -9.05106
-5.04434 -9.03328
-5.07957 -9.12518
-5.20288 -9.05053
-5.22152 -9.12665
-5.30408 -9.05007
-5.3486 -9.08624
-5.42335 -8.98745
-5.54338 -8.92865
-5.50482 -8.86451
-5.36243 -8.8455
-5.31244 -8.98514
-5.21654 -8.94517
-5.21565 -8.77182
-5.04251 -8.87542
-4.90882 -8.98346
-4.72878 -8.98462
-5.60143 -8.76463
-5.59897 -8.87769
-5.64352 -8.83557
-5.66565 -8.71096
-5.68563 -8.74398
-5.66894 -8.82997
-5.70767 -8.77098
-5.74893 -8.743
-5.75237 -8.67235
-5.7803 -8.67891
-5.8574 -8.42117
-5.83837 -8.5405
-5.79836 -8.44435
-5.76011 -8.48528
-5.72008 -8.62523
-5.80542 -8.61
-5.68111 -8.55497
-4.54578 -9.12333
-3.80773 -8.93381
-4.46222 -8.91957
-4.92795 -8.96558
-5.14371 -8.9829
-4.70346 -8.94549
0.131551 -8.47404
-0.0525312 -8.48615
0.0544989 -8.49893
-0.157469 -8.50109
-0.224455 -8.64132
-0.0411818 -8.58724
0.0464375 -8.58214
-0.136657 -8.62834
0.0457842 -8.61521
-0.163393 -8.63487
-0.26876 -8.66292
-0.22782 -8.69551
-0.277257 -8.65889
-0.709456 -8.78359
-0.446573 -8.80636
-0.832451 -8.869
-1.12719 -8.91853
-1.53968 -8.96214
-1.38804 -8.983
-1.67779 -8.9911
-1.77248 -9.03696
-2.07888 -9.05826
-2.04648 -9.08643
-2.29465 -9.09903
-2.29526 -9.1006
-2.49969 -9.12932
-2.40734 -9.11459
-2.59576 -9.12813
-2.56133 -9.10422
-2.42002 -9.10694
-2.31967 -9.08092
-2.22644 -9.09164
-2.08049 -9.07625
-2.18519 -9.03731
-2.46347 -9.06199
-2.36311 -8.99524
-2.04875 -8.98403
-1.85809 -9.01851
-1.49298 -8.96687
-1.62394 -9.02544
-1.88543 -9.06356
-1.84816 -9.06165
-1.6612 -9.04473
-1.3817 -8.99787
-1.47995 -9.01264
-1.15771 -8.96163
-0.916295 -8.91501
-0.911222 -8.92692
-1.10264 -8.94822
-1.22333 -8.94038
-0.867713 -8.87108
-1.20257 -8.89338
-0.850897 -8.81832
-0.732027 -8.82244
-0.549493 -8.79814
-0.651 -8.78123
-1.83677 -9.04994
-2.01786 -9.09065
-2.27521 -8.9018
-2.34272 -8.77754
-0.891573 -8.87548
-0.638496 -8.84848
-0.292556 -8.4936
0.215398 -2.97802
0.260615 -3.19346
0.103455 -3.13961
0.218203 -3.44845
0.372683 -3.37957
0.420485 -3.74913
-0.607506 -2.01073
-0.00649691 -5.36446
-3.30962 -3.45187
-3.53829 -3.76151
-3.5935 -3.40078
-3.80566 -3.66425
-3.97458 -3.90977
-4.01432 -3.61836
-4.13385 -3.9019
-4.07216 -4.11958
-4.20178 -4.20295
-4.30153 -3.94469
-4.33283 -4.24712
-4.38661 -4.89201
-4.19812 -3.63304
-4.33883 -3.66776
-4.26136 -3.3925
-4.3078 -3.16125
-4.40095 -3.12111
-4.54404 -3.28737
-4.63741 -3.56014
-4.71459 -3.48989
-4.64176 -3.22699
-4.48326 -2.99252
-4.60582 -2.99907
-4.50934 -2.81675
-4.70919 -3.20113
-4.75879 -3.41329
-4.41366 -2.65403
-4.35461 -2.65759
-4.30969 -2.50698
-4.12602 -2.38143
-4.02143 -2.25128
-4.03007 -2.52939
-4.07927 -2.66829
-4.2019 -2.87147
-4.31409 -2.85109
-4.30482 -3.0018
-4.15756 -3.09535
-4.05496 -2.8327
-3.99937 -3.02797
-4.07013 -3.31563
-3.94776 -3.15866
-3.85085 -3.3167
-3.82002 -2.99731
-3.61739 -3.08796
-3.61916 -2.85746
-3.72018 -2.75706
-3.88028 -2.7846
-3.71139 -2.52387
-3.92904 -2.57633
-3.80035 -2.36555
-3.7971 -2.18395
-3.89988 -2.08301
-3.62387 -2.2429
-3.4433 -2.33855
-3.5296 -2.62749
-3.36431 -2.8283
-3.36839 -3.15062
-3.14664 -2.96615
-4.76247 -3.75392
-4.90214 -4.07396
-4.79513 -4.02454
-4.33816 -6.12061
-4.95966 -6.07641
-5.03844 -6.38449
-5.08462 -6.13457
-5.13735 -6.46096
-5.21941 -6.32212
-5.23019 -6.80748
-5.11303 -6.74456
-5.19553 -7.15448
-5.29727 -7.25736
-5.33858 -7.51247
-5.36714 -7.36035
-5.31905 -7.03918
-5.38431 -7.02135
-5.30019 -6.7422
-5.33466 -6.554
-5.4151 -6.73949
-5.4702 -6.63428
-5.55924 -7.03394
-5.54799 -6.76895
-5.51252 -6.52776
-5.41329 -6.27721
-5.36604 -6.32302
-5.54152 -6.47759
-5.58577 -6.77665
-5.6106 -7.05256
-5.59929 -6.71389
-5.6359 -6.86738
-5.66843 -7.338
-5.59504 -6.48129
-5.57741 -6.46886
-5.59677 -6.40922
-5.29304 -6.25658
-5.12405 -5.8547
-5.0054 -5.8165
-5.02628 -5.52679
-1.87043 -6.84453
-2.10114 -6.73433
-1.96491 -7.14866
1.88755 -7.56892
1.92969 -7.37273
1.7496 -7.14661
1.785 -6.89519
1.68053 -6.69696
1.78921 -6.65808
1.14428 -4.69602
2.25864 -7.85785
2.24451 -8.02753
1.81213 -5.19909
1.46947 -3.9454
1.32983 -3.53842
0.956073 -3.48202
0.938109 -3.72059
0.911233 -3.95342
2.28241 -5.02734
2.34921 -5.27364
2.27164 -5.11364
2.22215 -4.95853
-3.75673 -9.16057
-3.88335 -9.17233
-4.11383 -9.16432
