-5.46964 -5.57494
-5.38943 -5.28482
-5.01439 -4.02187
-4.91523 -3.71067
-4.70919 -3.20113
-4.60582 -2.99907
-4.50934 -2.81675
-4.41366 -2.65403
-3.65158 -1.54206
-3.19233 -1.15012
-3.01636 -1.03239
-2.80979 -0.962331
-2.57188 -0.88882
-2.34124 -0.827054
-2.09977 -0.811264
-1.1617 -0.793886
-0.944051 -0.802069
-0.825843 -0.808272
-0.0644369 -1.05306
0.437407 -1.40472
0.589957 -1.57266
0.718784 -1.71891
1.14506 -2.44537
1.36059 -2.81453
1.58021 -3.23996
1.90916 -3.92126
1.97381 -4.09172
2.05267 -4.31241
2.24454 -4.86244
2.42332 -5.52129
2.46837 -5.75244
2.50015 -5.99123
2.61445 -6.95549
2.61228 -7.16914
2.59149 -7.34071
2.55776 -7.53201
2.49762 -7.81822
2.43672 -7.98228
2.35175 -8.17097
2.30859 -8.24088
2.30259 -8.24876
2.21598 -8.35221
2.11521 -8.40706
1.9958 -8.44565
1.81653 -8.49015
1.35081 -8.57368
0.970065 -8.63866
-0.303685 -8.84336
-1.6612 -9.04473
-2.01786 -9.09065
-2.49969 -9.12932
-3.19651 -9.16218
-3.46533 -9.16645
-3.88335 -9.17233
-5.06443 -9.17846
-5.4799 -9.1148
-5.5861 -9.0534
-5.64745 -8.98534
-5.7803 -8.67891
-5.83837 -8.5405
-5.8574 -8.42117
-5.86782 -8.28263
-5.86393 -8.1293
-5.83511 -7.70328
-5.81452 -7.54531
