-2.0202 -2.36889
-2.02556 -2.61662
-2.00216 -2.62077
-1.98522 -2.18246
-2.01582 -2.05171
-1.9934 -1.83749
-1.96587 -1.77174
-1.96251 -1.52165
-2.00768 -1.63383
-1.97048 -1.28485
-1.99365 -1.29645
-1.63434 -0.0291671
-1.66623 -0.210685
-1.71974 -0.456366
-1.63436 -0.314831
-1.64811 -0.638304
-1.54467 -0.241695
-1.59535 -0.098122
-1.50582 0.0391117
-1.55221 0.0914224
-1.47531 0.24294
-1.54181 0.231468
-1.44016 0.503158
-1.32724 0.581474
-1.40774 0.396685
-1.30033 0.428656
-1.39944 0.197171
-1.2637 0.196543
-1.3732 0.0200179
-1.31499 -0.114083
-1.43319 -0.214593
-1.45353 -0.0287489
-1.52609 -0.530896
-1.37903 -0.456216
-1.49479 -0.835461
-1.3832 -0.85617
-1.49362 -1.2108
-1.38906 -1.3025
-1.51481 -1.68383
-1.40182 -1.76575
-1.49505 -2.04253
-1.41522 -2.06347
-1.48298 -2.31337
-1.35876 -2.2135
-1.45634 -2.62145
-1.29645 -2.54091
-1.38272 -2.80601
-1.47724 -2.99268
-1.57722 -2.88399
-1.5491 -2.57559
-1.65997 -2.6787
-1.5788 -2.33445
-1.65436 -2.29057
-1.74523 -2.55004
-1.76592 -2.93237
-1.84463 -2.76265
-1.8506 -3.12039
-1.90437 -2.9866
-1.88367 -2.6921
-1.86069 -2.56854
-1.86793 -2.36099
-1.91179 -2.41669
-1.93573 -2.69159
-1.94063 -2.96799
-1.97108 -2.88068
-1.9565 -2.45434
-2.00589 -2.97865
-2.01276 -2.83122
-2.01077 -3.05424
-2.02343 -3.27933
-2.0695 -3.49739
-2.01621 -3.72955
-1.93685 -4.01695
-1.97942 -3.85736
-1.98005 -3.86574
-1.99467 -3.72816
-1.96533 -3.87595
-2.0052 -3.67474
-2.01912 -3.50586
-1.99916 -3.61102
-1.97509 -3.79057
-1.98937 -3.60097
-2.00656 -3.44654
-2.02083 -3.41995
-2.0186 -3.23746
-1.99517 -3.2341
-1.96736 -3.51603
-1.94762 -3.38631
-1.97835 -3.16613
-1.90115 -3.3181
-1.92027 -3.63732
-1.86931 -3.60286
-1.85849 -3.84202
-1.90489 -3.9268
-1.9366 -3.75286
-1.93933 -3.96475
-1.86901 -4.11871
-1.91327 -4.09356
-1.96297 -3.97917
-1.94036 -4.09199
-1.9563 -3.96655
-1.89886 -4.20323
-1.84121 -4.27647
-1.69732 -4.35707
-1.77212 -4.39159
-1.8416 -4.36167
-1.75879 -4.45592
-1.67173 -4.46343
-1.66542 -4.53594
-1.76987 -4.4745
-1.69462 -4.54027
-1.74875 -4.50036
-1.82413 -4.38394
-1.88181 -4.26535
-1.86421 -4.24131
-1.77141 -4.39311
-1.81586 -4.25544
-1.82261 -4.13965
-1.76497 -4.31844
-1.73448 -4.30501
-1.73222 -4.07856
-1.7607 -3.78142
-1.82342 -3.55236
-1.75938 -3.56887
-1.78296 -3.30827
-1.83577 -3.33817
-1.68786 -3.44096
-1.67984 -3.10039
-1.58051 -3.28434
-1.62074 -3.62964
-1.69964 -3.67505
-1.65758 -3.86214
-1.54702 -3.85603
-1.50679 -3.57064
-1.44109 -3.75705
-1.43681 -3.94876
-1.51257 -4.06268
-1.40305 -4.14118
-1.52656 -4.22984
-1.60653 -4.06078
-1.62162 -4.17835
-1.63276 -4.28832
-1.51279 -4.41157
-1.63777 -4.44401
-1.50861 -4.54757
-1.60884 -4.55986
-1.71485 -4.44577
-1.66332 -4.5403
-1.65045 -4.58367
-1.57191 -4.64114
-1.56092 -4.62745
-1.5954 -4.59026
-1.48468 -4.63572
-1.45362 -4.66496
-1.30008 -4.67543
-1.31157 -4.72524
-1.45409 -4.67987
-1.5715 -4.63174
-1.45935 -4.64714
-1.32055 -4.72673
-1.32997 -4.68929
-1.39559 -4.62235
-1.39295 -4.54545
-1.27115 -4.65711
-1.22352 -4.56337
-1.37096 -4.37559
-1.13272 -4.39134
-1.27904 -4.24101
-1.25891 -4.04559
-1.36292 -3.9976
-1.32736 -3.81445
-1.13105 -3.81146
-1.21317 -3.52915
-1.37969 -3.54639
-1.30428 -3.26919
-1.44208 -3.29063
-1.36695 -3.03516
-1.25506 -3.00971
-1.29819 -2.8253
-1.14995 -2.73405
-1.16373 -2.4185
-1.21082 -2.17287
-1.04497 -2.19019
-1.11157 -1.87908
-1.25999 -1.80409
-1.3562 -1.9632
-1.3019 -1.48629
-1.18536 -1.34264
-1.26953 -1.20266
-1.2739 -0.901464
-1.17063 -0.961711
-1.1659 -0.643227
-1.24129 -0.429023
-1.0618 -0.261928
-1.11187 -0.0600208
-1.19419 -0.0150489
-1.28635 -0.247726
-1.09125 0.206349
-1.146 0.303457
-1.17403 0.491014
-1.01923 0.567639
-1.10246 0.711876
-1.21351 0.6387
-1.14234 0.796581
-1.22788 0.753704
-1.12306 0.938718
-1.03231 1.14863
-0.708546 1.59345
-0.790811 1.42637
-0.662638 1.50607
-0.70203 1.34883
-0.554914 1.50733
-0.521928 1.37042
-0.725341 1.11124
-0.786957 1.21658
-0.870125 1.24349
-0.859468 1.12359
-0.982359 1.05549
-0.929648 0.924397
-1.05173 0.884783
-1.01583 0.787893
-0.837322 0.807402
-0.849163 0.52092
-0.985096 0.180624
-0.865155 0.25228
-0.929414 0.00767338
-0.827544 0.112082
-0.902274 -0.24256
-1.05879 -0.63613
-0.921576 -0.673615
-1.05444 -1.00379
-1.04495 -1.32464
-1.12334 -1.59533
-1.00032 -1.6141
-0.998265 -1.89681
-0.871538 -1.79766
-0.94569 -2.00943
-0.840406 -2.16172
-0.654967 -1.87551
-0.746124 -1.57401
-0.865086 -1.4686
-0.727957 -1.2939
-0.844539 -1.21933
-0.940053 -1.33508
-0.914843 -1.04031
-0.731759 -0.964355
-0.804163 -0.728965
-0.741985 -0.341256
-0.645392 -0.587085
-0.547976 -0.225165
-0.586886 -0.00113952
-0.692072 0.133491
-0.442003 0.38587
-0.545764 0.603851
-0.740584 0.412822
-0.659153 0.820105
-0.408576 1.00476
-0.517323 1.15528
-0.29463 1.37729
-0.350843 1.64134
-0.148744 1.64154
-0.128869 1.79401
-0.200982 1.87885
-0.404789 1.81987
-0.543626 1.63581
-0.0716476 2.20722
-0.0936422 2.05636
-0.25951 1.95918
0.000860214 1.96766
0.0367584 2.09325
0.175911 2.12537
0.184219 1.94235
0.0127344 1.78361
0.166074 1.71388
0.375974 1.89741
0.305552 1.59573
0.504322 1.71155
0.408934 1.40317
0.611131 1.5117
0.504628 1.08226
0.741385 1.36843
0.752554 1.06236
0.609762 0.683548
0.825815 0.808913
0.823808 0.445311
0.598807 0.284833
0.413982 0.339667
0.455319 -0.117129
0.707215 0.0125538
0.662806 -0.468118
0.401302 -0.745364
0.20014 -0.373633
0.119675 -0.773051
0.00919628 -0.500041
0.00199986 -0.214554
-0.17581 -0.472254
-0.0903502 -0.726889
-0.323395 -0.83694
-0.0712929 -1.11907
0.24131 -1.25623
0.0588236 -1.50115
-0.148609 -1.54934
0.0116053 -1.83313
-0.168478 -1.86569
-0.375113 -1.75381
-0.256082 -2.07244
-0.0748281 -2.13357
-0.196043 -2.38743
-0.461267 -2.20823
-0.363467 -2.60675
-0.675367 -2.54696
-0.441612 -3.03859
-0.748633 -2.87477
-0.842657 -2.7175
-0.945739 -2.91515
-0.776064 -3.13529
-0.939522 -3.21876
-0.841777 -3.32565
-0.65817 -3.39602
-0.265155 -3.56337
-0.626922 -3.7385
-0.943252 -3.51671
-0.904561 -3.86809
-0.711264 -3.96319
-0.854639 -4.08625
-1.06372 -4.04753
-0.977928 -4.24137
-1.15774 -4.19928
-0.780565 -4.44909
-0.992186 -4.58552
-0.760583 -4.64817
-0.871446 -4.71621
-1.06877 -4.70816
-0.859734 -4.80741
-1.00514 -4.8109
-1.16807 -4.75207
-0.99955 -4.85729
-0.870175 -4.86562
-0.773642 -4.92416
-0.695315 -4.89918
-0.599251 -4.80937
-0.500406 -4.93444
-0.52916 -4.9861
-0.321563 -5.01055
-0.314055 -5.05467
-0.544455 -4.99559
-0.763923 -4.89097
-0.64515 -4.90034
-0.406571 -5.02405
-0.419267 -4.94659
-0.226181 -5.04314
-0.232584 -5.06827
-0.0281 -5.11579
-0.0917997 -5.11807
-0.113812 -5.08347
0.0996866 -5.13611
0.0399532 -5.1414
0.171816 -5.13568
0.182123 -5.09721
0.378047 -5.15844
0.443692 -5.07473
0.6093 -5.12335
0.728141 -5.07423
0.648804 -5.02743
0.894567 -5.03281
0.949542 -5.05295
1.06975 -5.00368
1.14647 -5.00691
1.28483 -4.94889
1.10051 -4.97714
1.34969 -4.90791
1.54348 -4.88558
1.59558 -4.84159
1.43353 -4.83124
1.76655 -4.76483
1.51303 -4.73817
1.8011 -4.68565
2.06377 -4.68374
1.95832 -4.59826
1.69491 -4.62049
1.85949 -4.5306
1.63453 -4.54505
1.8727 -4.43645
1.58765 -4.46641
1.8087 -4.26965
1.44924 -4.39194
1.44844 -4.26301
1.30695 -4.3497
1.13986 -4.45864
1.35619 -4.50746
1.19492 -4.591
0.906557 -4.64456
0.870582 -4.50261
0.968527 -4.43559
0.990136 -4.36091
1.12637 -4.2527
0.809592 -4.25105
0.829468 -4.38996
0.62233 -4.32133
-0.915196 -4.4072
-0.604794 -4.51787
-0.341488 -4.53202
0.503732 -4.39053
0.420827 -4.50176
0.24168 -4.58518
0.00470257 -4.60054
0.275913 -4.68486
0.137824 -4.73186
-0.118367 -4.65734
-0.365371 -4.66229
-0.0557671 -4.77808
-0.358052 -4.78198
-0.718027 -4.60882
-0.718747 -4.71245
-0.997397 -4.59034
-1.0176 -4.48745
-1.15531 -4.38385
-1.26505 -4.45265
-1.51056 -4.32503
-1.50242 -4.46148
-1.56406 -4.51534
-1.46217 -4.53142
-1.46227 -4.58448
-1.26962 -4.5616
-1.25917 -4.62438
-1.0802 -4.67384
-1.02664 -4.64959
-0.825891 -4.75784
-0.902892 -4.78737
-0.591767 -4.87487
-0.476403 -4.85085
-0.898595 -4.66313
-0.264966 -4.96238
-0.0728521 -4.93178
-0.0517607 -4.99357
0.139874 -5.03787
0.367678 -4.97032
0.12193 -4.88955
0.30744 -4.89587
0.472319 -4.88266
0.740771 -4.94236
0.714302 -4.84776
0.442555 -4.77771
0.705832 -4.76604
0.526443 -4.6703
0.679109 -4.57195
0.657517 -4.45196
0.945257 -4.76664
1.17431 -4.67283
1.21243 -4.76104
1.42946 -4.6514
1.39042 -4.57543
1.25091 -4.82697
0.990816 -4.85265
1.10877 -4.91462
0.896816 -4.99855
0.243898 -4.82818
-0.0887413 -4.85783
0.486901 -5.0225
-0.0376787 -5.05183
-0.90613 -4.84109
-1.07555 -4.74884
-1.13011 -4.6843
-1.14671 -4.76248
-1.03027 -4.79444
-0.970877 -4.83821
-1.1625 -4.79884
2.30385 -3.90041
1.98453 -3.98442
1.75317 -3.9688
1.6879 -4.03768
1.94809 -4.08488
1.59929 -4.14278
1.3243 -4.15799
2.33368 -4.08111
2.23394 -3.99342
2.57019 -3.90827
2.62687 -3.96125
2.68683 -4.00625
2.58027 -4.15405
2.19377 -4.28814
2.41517 -4.32233
2.16788 -4.47233
2.53709 -4.40303
2.63813 -4.26313
2.86209 -4.29464
2.83827 -4.15959
3.15505 -4.11369
3.55844 -4.2768
3.32333 -4.23919
3.36906 -4.34273
3.50491 -4.41579
3.74597 -4.38599
3.64743 -4.48896
3.44769 -4.52029
3.24687 -4.44115
3.21933 -4.55101
2.9713 -4.51776
3.0418 -4.6074
2.81525 -4.61878
2.73132 -4.52769
2.77591 -4.43338
2.58772 -4.49526
2.38702 -4.53571
2.56257 -4.58564
2.34237 -4.63478
2.17933 -4.59586
2.32047 -4.71714
2.0759 -4.75738
2.30502 -4.78153
2.56557 -4.76714
2.57251 -4.6768
2.86821 -4.72007
3.02046 -4.65777
3.19489 -4.69364
3.22092 -4.62578
3.46425 -4.65339
3.40192 -4.5898
3.66033 -4.56745
3.82088 -4.66139
3.49144 -4.74851
3.86133 -4.74478
4.13725 -4.66749
4.16045 -4.57882
4.43917 -4.61138
4.41637 -4.51123
4.60618 -4.53096
4.9226 -4.54472
4.70476 -4.57407
4.81602 -4.6423
4.60517 -4.65135
4.39919 -4.70942
4.62945 -4.70251
4.53493 -4.75966
4.39591 -4.7551
4.2807 -4.7541
4.12244 -4.7411
4.11203 -4.78335
3.93154 -4.78208
3.65674 -4.82235
3.90304 -4.81669
3.73783 -4.87131
3.359 -4.85321
3.33028 -4.80533
3.03764 -4.84557
3.12134 -4.76509
2.82879 -4.80393
2.7715 -4.86143
2.63202 -4.83068
2.4562 -4.82467
2.55498 -4.88275
2.39693 -4.84092
2.27834 -4.82306
2.12338 -4.79795
2.07772 -4.8347
1.84433 -4.83466
1.83692 -4.90136
1.66481 -4.87649
1.47199 -4.91251
1.60026 -4.93415
1.4242 -4.96675
1.31039 -4.96073
1.24094 -5.00813
1.03991 -5.06567
1.0271 -5.07629
0.845532 -5.08976
0.743636 -5.12498
0.526347 -5.14393
0.561895 -5.12568
0.345177 -5.1412
0.426626 -5.10452
0.260915 -5.10844
0.0887337 -5.06061
0.346991 -5.00889
0.0600176 -4.96814
-0.127867 -5.00549
-0.335376 -4.92727
-0.146188 -4.92143
-0.296762 -4.84665
-0.34486 -4.71376
-0.596416 -4.69936
-0.601724 -4.61215
-0.414451 -4.52814
-0.44416 -4.31308
-0.751704 -4.24389
-0.60534 -4.121
-0.285092 -4.09162
-0.489969 -3.95961
-0.309857 -3.95109
-0.359277 -3.82793
-0.109857 -3.87095
0.0347652 -3.68191
0.00803089 -3.53906
0.0162592 -3.29404
0.198071 -3.55638
0.306609 -3.36607
0.269769 -3.09678
-0.0213642 -2.79108
0.288781 -2.81114
0.447922 -2.9602
0.496522 -2.58426
0.213243 -2.51804
0.326894 -2.2115
0.128798 -2.16452
0.0139456 -2.41856
0.248916 -1.78481
0.513214 -1.92683
0.382059 -1.58042
0.507585 -1.34914
0.62855 -0.956311
0.730559 -1.36972
0.632829 -1.63702
0.781633 -1.89541
0.701115 -2.32617
0.881437 -2.35555
1.04794 -2.10993
1.00255 -1.51482
0.858489 -0.893744
1.18622 -0.992237
1.02974 -0.558071
0.85116 -0.465326
0.813878 -0.209667
0.951106 -0.264503
0.956245 0.0615783
1.0832 0.408244
1.06529 0.773811
1.39972 0.533269
1.24239 0.167724
1.4368 0.228072
1.48518 -0.066472
1.66404 0.238387
1.87158 -0.0961794
1.66666 -0.420275
1.40085 -0.404399
1.49017 -0.768257
1.7774 -0.724022
1.75655 -1.11705
1.45693 -1.16554
1.24292 -0.580681
1.31948 -1.50828
1.57837 -1.45343
1.50179 -1.67338
1.73528 -1.79624
1.75081 -1.45618
1.94337 -1.45189
2.09499 -1.09997
1.97889 -0.827686
2.25558 -0.70453
1.99607 -0.488335
2.20201 -0.445464
2.17995 -0.201878
2.09025 0.0102839
1.99697 0.231213
2.28948 0.110479
2.22431 0.532593
1.8094 0.568139
1.61585 0.850544
1.34923 0.963401
1.59667 1.16732
1.35338 1.26344
1.12866 1.14537
0.930552 1.03414
0.942792 1.32845
1.20676 1.45676
1.03415 1.65196
0.871059 1.50968
0.813653 1.63149
0.943875 1.8827
0.7167 1.80503
0.844067 2.05937
0.612262 1.98438
0.74333 2.22
0.513321 2.14738
0.33261 2.08442
0.389202 2.26076
0.222034 2.25853
0.0662575 2.18279
0.14631 2.31081
0.99866 2.71648
0.876458 2.63057
1.00075 2.60589
0.790902 2.5206
0.735514 2.59809
0.633861 2.49105
0.525891 2.53812
0.502888 2.41066
0.632916 2.36049
0.341175 2.37979
0.875934 2.42633
1.00704 2.29938
1.10537 2.50256
1.24533 2.42328
1.19052 2.27442
1.07426 2.11489
1.25863 2.17948
1.36492 2.3283
1.4418 2.17701
1.22048 1.96034
1.51132 1.92986
1.74046 2.21275
1.8424 1.85871
2.03067 2.10905
2.21218 1.82374
2.04032 1.63899
1.8473 1.57094
2.03067 1.37777
2.30289 1.46607
2.24565 1.17974
2.56464 1.12423
2.33366 0.893695
1.95979 0.996675
2.60851 0.619784
2.50532 0.302327
2.76817 0.1966
2.56084 0.0272473
2.40493 -0.14014
2.59006 -0.269785
2.35795 -0.381546
2.48672 -0.538134
2.7048 -0.567794
2.51587 -0.793888
2.37583 -1.08102
2.57406 -1.05462
2.56216 -1.44002
2.23934 -1.42795
2.34971 -1.70973
2.08626 -1.81332
2.33055 -2.02816
2.07257 -2.24498
2.40652 -2.40073
2.51876 -2.12328
2.52435 -1.86174
2.6365 -2.03574
2.67449 -2.27619
2.72236 -2.0698
2.72217 -1.84988
2.8347 -2.12585
2.94766 -1.90238
2.81793 -1.5592
2.74263 -1.35005
2.72848 -1.13949
2.86574 -1.30881
2.87176 -1.0969
2.81576 -0.946327
2.69557 -0.864077
2.84929 -0.752659
2.93726 -0.53903
2.83244 -0.287909
3.06282 -0.284121
2.8984 -0.0631622
2.74206 -0.0710087
3.03053 0.0813755
2.92785 0.451554
3.19034 0.285118
3.27252 -0.124285
3.27651 -0.44811
3.16049 -0.683189
3.40764 -0.742114
3.33259 -1.06758
3.17642 -0.907426
3.13175 -1.07748
3.24871 -1.3155
3.1237 -1.32861
3.207 -1.51024
3.04907 -1.5675
2.99811 -1.20905
3.28945 -1.81759
3.3239 -1.54994
3.47933 -1.72889
3.38807 -1.40839
3.54887 -1.42819
3.5848 -1.0897
3.70702 -1.41406
3.70385 -1.62852
3.63538 -1.7369
3.79721 -1.9471
3.63702 -1.98022
3.51133 -2.2082
3.73457 -2.26558
3.68441 -2.66166
3.51666 -2.52138
3.41642 -2.43726
3.43349 -2.73614
3.29819 -2.47199
3.3036 -2.20288
3.15227 -2.28785
3.16784 -2.66448
3.06347 -2.40621
2.91214 -2.46654
2.9422 -2.86976
3.17648 -3.11858
2.94323 -3.15849
2.97145 -3.39935
2.80681 -3.28809
2.70015 -3.48105
2.84516 -3.62358
2.55385 -3.74983
2.88572 -3.82908
2.55476 -3.99944
2.32825 -3.96432
2.28412 -4.14898
2.48791 -4.19951
2.26508 -4.30449
2.40298 -4.35821
2.18407 -4.47868
2.03964 -4.33264
1.95906 -4.55014
2.05857 -4.70429
1.81822 -4.69107
1.90555 -4.74886
1.86813 -4.829
2.03566 -4.81913
2.01048 -4.89031
1.84451 -4.93453
1.94235 -4.9512
2.13441 -4.9254
2.12879 -4.91626
2.01405 -4.91869
2.21171 -4.90918
2.0558 -4.89664
2.29076 -4.85973
2.43853 -4.90955
2.325 -4.92693
2.58715 -4.94051
2.5163 -4.85861
2.2237 -4.83349
2.43654 -4.75293
2.29318 -4.70054
2.30202 -4.5863
2.50345 -4.63084
2.49125 -4.51654
2.36431 -4.47138
2.5177 -4.41714
2.67095 -4.28647
2.70437 -4.44049
2.88175 -4.31396
2.91746 -4.18472
2.78113 -4.08799
3.12932 -4.01084
3.22926 -3.68202
3.03697 -3.60634
3.17731 -3.44519
3.40083 -3.3624
3.39921 -3.05292
3.30425 -2.90346
3.61473 -3.09096
3.79287 -2.99144
3.944 -2.87861
3.88319 -2.50095
4.03281 -2.62238
3.99298 -2.26388
3.85949 -2.25297
3.95011 -1.78905
3.80238 -1.64906
3.82946 -1.4941
3.75648 -1.26904
3.90188 -1.37601
3.73306 -1.03566
3.58041 -0.798843
3.48265 -0.478492
3.69117 -0.734287
3.66059 -0.438178
3.48699 -0.166186
3.36082 0.0717035
3.49389 0.0828732
3.65612 -0.168899
3.65903 0.126657
3.45583 0.348655
3.35625 0.26791
3.27653 0.565437
3.05559 0.695543
3.13183 0.971795
2.90064 1.09387
2.9503 1.37717
2.71695 1.4772
2.74933 1.75628
2.50365 1.82174
2.4823 1.5844
2.61314 1.377
2.73122 1.23204
2.50159 1.40332
2.77449 1.06839
2.82403 0.836884
2.29983 2.10357
2.54438 2.02526
2.44391 2.26632
2.07546 2.40536
2.36855 2.51787
2.11559 2.67915
1.86799 2.6551
1.90554 2.80806
1.73821 2.77599
1.71677 2.87226
1.55314 2.79019
1.64269 2.66559
1.46932 2.67011
1.47697 2.51256
1.72788 2.48548
1.55315 2.35516
1.30906 2.59175
1.34858 2.72798
1.19 2.64434
1.17941 2.7522
1.38933 2.84405
3.11427 2.57055
3.21033 2.42113
3.05906 2.48326
3.10758 2.34403
2.8813 2.45626
2.96582 2.58909
2.83616 2.62747
2.71182 2.63522
2.58368 2.5799
2.6594 2.34738
2.34659 2.7123
2.54004 2.73983
2.35942 2.83819
2.12538 2.85933
2.72972 2.74902
2.88588 2.6863
3.00494 2.68464
1.87458 2.93421
1.55972 2.89635
2.96199 2.11813
2.72987 2.05132
3.01397 1.67268
3.22066 1.77112
3.28725 1.28443
3.13267 1.26457
3.24911 1.04054
3.29218 0.812572
3.36822 0.909264
3.41323 0.628249
3.53773 0.755174
3.42113 1.01617
3.48873 1.16693
3.37642 1.48143
3.51251 1.5085
3.62556 1.2552
3.65472 0.948579
3.72807 1.09817
3.77754 0.867119
3.83326 1.11448
3.74736 1.35212
3.84788 1.34127
3.83741 1.56406
3.73681 1.60405
3.63797 1.5203
3.6398 1.76741
3.76813 1.7898
3.6819 1.9666
3.78971 1.97907
3.71232 2.11264
3.6223 2.12
3.895 1.81723
3.96439 1.58294
3.96335 1.34871
3.90718 1.42231
3.91435 1.24505
3.9684 1.15367
4.03665 1.2321
4.02865 1.05776
4.09787 1.10608
4.28003 0.857275
4.36927 0.765934
4.33378 0.692167
4.44158 0.647103
4.48121 0.453689
4.56608 0.525437
4.50727 0.682891
4.42822 0.75496
4.68691 0.363248
4.79535 0.225044
5.50644 -3.03108
5.46634 -2.82129
5.46739 -3.10624
5.52522 -3.22187
5.5021 -3.46522
5.55403 -3.80262
5.48678 -3.71542
5.53054 -3.94166
5.57583 -4.02168
5.33446 -4.63292
5.37366 -4.68564
5.17775 -4.72553
5.08353 -4.63085
4.95639 -4.72082
4.75426 -4.75428
4.91758 -4.8346
4.63412 -4.83322
4.35052 -4.78633
4.46127 -4.86524
4.26565 -4.83681
4.076 -4.8118
4.07979 -4.87621
3.78197 -4.89467
3.59063 -4.89224
3.46408 -4.87134
3.39685 -4.87809
3.25237 -4.86559
3.06112 -4.89516
3.05722 -4.91614
2.8708 -4.9288
2.82163 -4.91089
2.66627 -4.91829
2.75356 -4.93307
2.77074 -4.94791
2.67578 -4.91242
2.82718 -4.88829
2.71584 -4.84239
2.67281 -4.7384
2.9008 -4.77547
2.88124 -4.66805
2.76666 -4.57706
2.61164 -4.5472
2.99184 -4.41924
2.98372 -4.56504
3.19333 -4.49705
3.28647 -4.29007
3.08408 -4.22943
3.23407 -4.14863
3.4112 -4.07669
3.42008 -3.84433
3.59569 -3.93153
3.65174 -4.09418
3.51899 -4.2341
3.68443 -4.24648
3.61522 -4.35694
3.79522 -4.35702
3.70773 -4.49355
3.92104 -4.51043
3.81377 -4.6566
4.06968 -4.64996
4.00939 -4.74872
3.80517 -4.76478
3.61297 -4.7275
3.62149 -4.83371
3.80973 -4.82297
3.75606 -4.86679
3.64923 -4.88664
3.70783 -4.90526
3.85861 -4.90999
3.90825 -4.86904
4.01575 -4.91091
3.93185 -4.90507
4.14974 -4.9269
4.19212 -4.94083
4.05264 -4.88256
4.17879 -4.85675
3.96247 -4.82022
4.19609 -4.74928
4.38829 -4.80497
4.3002 -4.63204
4.13294 -4.49486
4.28864 -4.45882
4.18642 -4.30965
3.99088 -4.33454
4.04073 -4.12395
3.83742 -4.17894
3.83512 -3.9085
4.07756 -3.90288
4.28208 -4.06258
4.2031 -3.72642
3.99501 -3.6594
4.11181 -3.46937
3.8903 -3.2992
3.8068 -3.61741
3.63638 -3.73475
3.64537 -3.46206
3.47451 -3.62403
4.14367 -3.16362
4.12143 -2.84121
4.26716 -2.92156
4.17451 -2.57358
4.37313 -2.63452
4.19915 -2.10171
4.42565 -2.25769
4.34035 -1.85024
4.18853 -1.71673
4.07074 -1.67613
4.0739 -1.37665
3.87311 -1.03275
4.01073 -1.00583
3.83261 -0.718066
3.9693 -0.716679
3.81335 -0.45015
3.84133 -0.235266
3.94781 -0.503242
4.02716 -0.448976
4.11471 -0.720886
4.18014 -0.63152
4.31825 -0.94478
4.2136 -0.930083
4.12816 -0.95775
4.27183 -1.13738
4.19814 -1.28091
4.34267 -1.40104
4.44625 -1.35442
4.46524 -1.70991
4.32016 -1.55616
4.49143 -2.0451
4.62936 -2.11293
4.56046 -2.31531
4.68502 -2.58673
4.53767 -2.58788
4.6193 -2.81885
4.5234 -2.89833
4.62863 -3.07594
4.53976 -3.17473
4.42031 -3.04866
4.46382 -3.39673
4.32404 -3.20882
4.28576 -3.46267
4.41734 -3.75778
4.57534 -3.64979
4.59383 -3.90674
4.47629 -4.03702
4.60513 -4.16429
4.46491 -4.25308
4.34049 -4.3244
4.45433 -4.48362
4.60288 -4.38431
4.62809 -4.56301
4.70269 -4.46727
4.77325 -4.57977
4.76534 -4.45411
4.73386 -4.3147
4.84228 -4.42994
4.85743 -4.21313
4.73678 -4.05579
4.87258 -3.95899
4.73516 -3.73806
4.89695 -3.65789
4.78123 -3.46465
4.6394 -3.39563
4.73638 -3.18486
4.69454 -2.91992
4.7975 -2.90255
4.78877 -2.6437
4.77761 -2.41118
4.86307 -2.69339
4.90952 -2.39634
4.75806 -2.08563
4.62688 -1.7048
4.81991 -1.859
4.66153 -1.47382
4.56687 -1.42768
4.52174 -1.22364
4.51156 -0.95004
4.3115 -0.663406
4.44555 -0.650678
4.26327 -0.421157
4.13984 -0.432771
4.10464 -0.252705
4.18683 -0.159521
3.98138 -0.0580862
3.98034 -0.235582
3.84576 -0.0425231
3.81336 0.149791
3.67387 0.397201
3.54249 0.442713
3.73293 0.607905
3.80371 0.331374
3.88757 0.393157
3.98474 0.132735
4.08841 0.243298
4.19419 0.025632
4.38476 -0.175045
4.40324 -0.408716
4.57652 -0.444909
4.55118 -0.621237
4.69483 -0.751862
4.61902 -0.863751
4.78401 -1.10939
4.67279 -1.11846
4.63565 -1.23693
4.79042 -1.44505
4.94392 -1.49984
4.90024 -1.18597
4.82376 -0.917107
4.92367 -1.05104
4.8591 -0.838938
4.76859 -0.578125
4.91984 -0.826037
4.84812 -0.514461
4.74236 -0.246246
4.572 -0.17737
4.61834 -0.0327785
4.46933 0.0932837
4.57466 0.15624
4.39032 0.30935
4.32276 0.215528
4.22389 0.356123
4.20922 0.252171
4.10732 0.383256
4.31991 0.0674901
3.97008 0.464479
4.06203 0.540499
3.94218 0.641925
3.85422 0.63061
3.89182 0.855834
4.02395 0.74413
3.97136 0.963117
3.91476 1.06554
4.04232 0.905082
4.09238 0.969102
4.16481 0.78678
4.17221 0.978233
4.22015 0.537613
4.14906 0.457107
4.30338 0.625938
4.64094 0.217335
4.71601 0.0332272
4.68486 -0.035393
4.76825 -0.14043
4.85002 -0.344164
4.84407 -0.175957
4.92433 -0.448342
4.93632 -0.632939
5.01118 -0.716836
4.97479 -0.441296
5.08815 -0.820049
5.07716 -0.636004
4.96047 -0.314424
4.87114 -0.114379
4.8945 -0.103566
4.77824 0.14162
4.98526 -0.262061
5.04145 -0.518438
4.99116 -0.372754
5.15101 -0.82874
5.15645 -0.951575
5.15895 -1.01036
5.2147 -1.17327
5.21913 -1.34069
5.16295 -1.17161
5.22915 -1.55629
5.14421 -1.29957
5.09763 -0.999882
5.04745 -1.00939
5.12112 -1.42509
5.18866 -1.60165
5.19712 -1.85865
5.08988 -1.55631
5.13617 -1.83045
5.05434 -1.63542
4.99896 -1.35497
5.07076 -1.9185
4.95999 -1.8491
5.02657 -1.97183
5.04659 -2.14683
4.95678 -2.13518
5.03516 -2.44532
5.0449 -2.75674
5.13895 -2.759
5.13606 -3.05187
5.22332 -3.05304
5.21531 -3.37034
5.29254 -3.29883
5.32872 -3.62129
5.22915 -3.66017
5.15191 -3.53691
5.15367 -3.7844
5.03623 -3.52815
5.10454 -3.29051
4.99481 -3.16643
4.87925 -3.27996
5.02681 -3.91425
4.90439 -2.98037
4.96602 -2.83898
5.0522 -3.02749
5.16599 -4.07952
5.06294 -4.20801
4.9597 -4.13501
4.9745 -4.35966
5.07339 -4.36698
5.07203 -4.49632
5.16381 -4.36152
5.16896 -4.54733
5.20354 -4.47163
5.25452 -4.41038
5.26316 -4.2305
5.27858 -3.93852
5.33513 -4.15794
5.3474 -4.39962
5.40363 -4.22099
5.40185 -3.97147
5.47834 -4.1673
5.47259 -3.94996
5.4281 -3.66591
5.3738 -3.35339
5.43025 -3.36768
5.37144 -3.03255
5.3005 -3.03025
5.28411 -2.63204
5.2246 -2.74132
5.19575 -2.45671
5.19753 -2.17482
5.12835 -2.23766
5.13125 -2.4692
5.2652 -2.26936
5.29693 -2.13769
5.24553 -1.83061
5.313 -1.95947
5.2745 -1.64549
5.32531 -1.88423
5.37025 -2.26397
5.36125 -2.3643
5.40863 -2.67243
5.37336 -2.60513
5.38426 -2.83952
5.4451 -3.05349
5.42283 -3.14544
5.45774 -3.33358
5.45437 -3.5393
5.46507 -3.48634
5.45366 -3.25423
5.4403 -2.97231
5.4407 -2.91991
5.43975 -2.75275
5.40192 -2.48342
5.4213 -2.6042
5.39161 -2.38335
5.35859 -2.18793
5.37003 -2.11296
5.31591 -1.95187
5.29926 -1.65843
5.26322 -1.45415
5.25362 -1.32557
5.21603 -1.12631
5.18041 -1.04
5.1247 -0.804165
5.16352 -0.953197
5.10467 -0.733404
5.06498 -0.594411
5.02565 -0.446465
5.0319 -0.459747
5.11434 -0.73942
5.44057 -2.24385
5.47318 -2.44756
5.45008 -2.55477
5.4182 -2.30887
5.39657 -2.07839
5.36504 -1.9666
5.33703 -1.86161
5.34683 -1.80426
5.29348 -1.63252
5.26978 -1.44711
5.24407 -1.38031
5.23479 -1.20896
5.20398 -1.11126
5.1317 -0.854321
5.21934 -1.1668
5.15812 -0.953103
5.07738 -0.631787
5.38914 -1.9004
5.3742 -1.94278
5.34966 -1.69274
5.30493 -1.59883
5.27624 -1.45413
5.33947 -2.76583
5.32467 -2.52172
5.52242 -4.14004
5.49722 -4.29119
5.4484 -4.3684
5.50479 -4.41847
5.41004 -4.54595
5.39224 -4.47078
5.34146 -4.54526
5.28784 -4.55133
5.26603 -4.62251
5.27972 -4.64704
5.21726 -4.73543
5.22823 -4.62965
5.20098 -4.67261
5.1415 -4.8115
5.10627 -4.86413
5.01884 -4.9064
4.98393 -4.96946
4.86265 -4.96623
4.8392 -5.00698
4.98655 -4.95573
4.77489 -4.92703
4.66922 -4.99864
4.67149 -4.99327
4.49889 -4.99642
4.52966 -4.9376
4.32747 -4.93532
4.3229 -4.98105
4.42465 -4.95876
4.33947 -4.89198
4.60652 -4.8962
4.66364 -4.85278
4.52631 -4.68751
4.68576 -4.70091
4.81273 -4.74343
4.88573 -4.85269
4.91497 -4.77039
5.013 -4.79814
4.93834 -4.61757
5.09958 -4.67296
4.98198 -4.89513
5.10848 -4.80727
5.23531 -4.7413
5.3475 -4.70867
5.31645 -4.69652
5.20099 -4.77164
5.22663 -4.78533
5.10246 -4.84291
5.43962 -4.64777
5.54637 -4.54717
5.48801 -4.66626
5.23573 -4.53597
5.55217 -4.41772
5.55131 -4.31372
5.02708 -1.20272
4.75652 0.0842982
4.65299 0.287766
4.59734 0.41381
4.23089 -1.55691
3.65052 -4.90387
3.53609 -4.90575
3.53906 -4.89308
3.35561 -4.88334
3.21163 -4.88475
3.17929 -4.88889
3.26979 -4.83712
3.15715 -4.8523
3.28542 -4.80028
3.16899 -4.78858
3.28287 -4.7158
3.10941 -4.7264
3.01615 -4.85094
3.05761 -4.64602
3.24424 -4.62178
3.38714 -4.53896
3.37011 -4.42103
3.52091 -4.45717
3.46194 -4.34898
3.57778 -4.59317
3.42864 -4.65664
3.44085 -4.76257
2.91119 -4.94424
3.04044 -4.92157
2.91632 -4.94104
3.07224 -4.9143
3.40978 -4.85481
3.41165 2.32137
3.52749 2.16316
3.43823 2.08922
3.57005 1.99441
3.49577 1.81725
3.57322 1.65177
3.38496 1.70701
3.3338 1.96477
3.15954 2.12961
3.28148 2.2238
3.03037 2.27461
1.86225 -4.93862
1.85436 -4.94034
1.67898 -4.96339
1.69518 -4.93836
1.48347 -4.97672
1.46918 -5.01097
1.27739 -5.02594
1.31031 -5.04035
1.13694 -5.0565
0.918588 -5.09632
1.05579 -5.05177
0.938648 -5.04777
0.809574 -5.0665
0.851022 -4.99069
0.619684 -5.03868
0.730406 -5.10283
0.638658 -4.93398
0.451528 -4.86153
0.217699 -4.91117
0.242243 -4.80034
-0.0354004 -4.84707
0.0245256 -4.712
-0.149608 -4.60149
0.0945644 -4.58564
-0.0734224 -4.44376
0.311728 -4.47827
0.217469 -4.282
-0.10087 -4.25292
0.082819 -4.0767
0.268026 -3.81559
0.451642 -4.07309
0.628462 -3.8075
0.459733 -3.56001
0.724174 -3.49295
0.520785 -3.24981
0.744071 -3.18523
0.61591 -2.9735
0.831407 -2.80806
0.982709 -3.33083
1.14217 -3.00724
1.07701 -2.58577
1.37529 -2.74999
1.22526 -2.39676
1.25192 -2.1316
1.19405 -1.84249
1.42473 -1.92983
1.43449 -2.33684
1.62884 -2.17181
1.76481 -2.56479
1.8223 -2.17108
1.92672 -2.0155
2.16824 -2.66398
1.991 -2.94776
2.36558 -3.03141
2.40195 -2.7075
2.6434 -2.69731
2.73159 -3.06371
2.60188 -3.28031
2.34444 -3.48326
2.00597 -3.30297
1.97084 -3.65732
1.71313 -3.51577
1.7057 -3.81696
1.50195 -3.71727
1.53732 -3.92764
1.37396 -3.92174
1.47244 -4.06535
1.64089 -4.08222
1.4839 -4.2064
1.33301 -4.14669
1.38209 -4.36722
1.59947 -4.31949
1.53641 -4.49103
1.75818 -4.47644
1.5911 -4.63831
1.36657 -4.58757
1.45207 -4.73474
1.63336 -4.79017
1.4325 -4.8514
1.23508 -4.74917
1.22457 -4.88848
1.03713 -4.8276
1.0398 -4.92251
0.858583 -4.88193
1.05425 -4.99712
1.19214 -4.96
1.2263 -5.02899
1.39289 -4.95474
1.43464 -5.02016
1.56633 -4.97735
1.64171 -4.90798
1.73445 -4.97935
1.61137 -5.00257
1.77186 -5.00007
0.874735 -4.78977
0.699402 -4.82222
0.780722 -4.70086
0.567144 -4.72959
0.409856 -4.76764
0.338067 -4.66566
0.666792 -4.55562
0.575644 -4.31376
0.876906 -4.38339
0.83333 -4.0915
1.12949 -4.27943
1.14623 -3.98163
0.934914 -3.73879
1.23641 -3.64525
1.23663 -3.32533
1.4513 -3.42326
1.36939 -3.13994
1.66217 -3.10809
1.0687 -4.45909
0.93714 -4.55486
1.13994 -4.59091
0.982941 -4.69617
0.849166 -4.62748
1.22073 -4.46473
1.82693 -4.21816
1.89634 -3.95469
2.08481 -4.08129
2.19127 -3.82099
2.99874 -2.20984
3.06395 -2.08554
3.13894 -1.97269
2.96174 -0.941816
3.08664 -0.856609
2.99696 -0.741152
1.79112 1.34275
1.54856 1.55215
1.29783 1.72231
1.17305 -0.221507
3.87076 -4.47981
4.1737 -4.47098
3.94269 -4.55091
3.0245 -4.38754
3.11162 -4.27446
3.21294 -4.33943
-0.370515 -5.04583
-1.11857 -3.17378
-0.953132 -2.53183
-1.08567 -2.46508
-0.666345 -2.19766
-0.57515 -1.47013
-0.346922 -1.2917
-0.551672 -1.09727
-0.545732 -0.783933
-0.411858 -0.441859
-0.198843 -0.159391
-0.341117 -0.0205081
-0.457552 0.0839081
-0.312633 0.308622
-0.283894 0.497998
-0.259258 0.646938
-0.319128 0.796129
-0.149604 0.87627
-0.138637 1.1718
0.0487185 1.06836
0.109536 1.41886
-0.0367041 1.53518
0.238774 1.32929
0.265223 1.09583
0.105148 0.828185
0.261602 0.777105
0.0518417 0.514438
-0.118921 0.633335
-0.160303 0.270717
-0.0146847 0.134092
-0.190232 0.0540159
0.214612 0.0402942
0.222119 0.420509
0.398723 0.672504
-1.92592 -2.19718
-1.94816 -2.11407
-1.9166 -1.91004
-1.92141 -1.64257
-1.92344 -1.48682
-1.89358 -1.37736
-1.92111 -1.21215
-1.9409 -1.43024
-1.94157 -1.1608
-1.90711 -0.83944
-1.94089 -0.88996
-1.92499 -0.775141
-1.92921 -0.745366
-1.95977 -0.981362
-1.98423 -1.15013
-1.83687 -0.621308
-1.86183 -1.01703
-1.77377 -0.830554
-1.81449 -1.29206
-1.8686 -1.65699
-1.82774 -1.68856
-1.88049 -2.03574
-1.8002 -1.98213
-1.75116 -1.48719
-1.69569 -1.70683
-1.64643 -1.22921
-1.71278 -1.05704
-1.63863 -0.938055
-1.58645 -0.871994
-1.56305 -1.12009
-1.58575 -1.47814
-1.63278 -1.90139
-1.72959 -2.15041
-1.57766 -2.05993
-1.81226 -2.40732
5.04145 -0.518438
