-2.00768 -1.63383
-1.99365 -1.29645
-1.98423 -1.15013
-1.92921 -0.745366
-1.44016 0.503158
-1.03231 1.14863
-0.708546 1.59345
-0.0716476 2.20722
0.525891 2.53812
0.99866 2.71648
1.38933 2.84405
1.55972 2.89635
1.87458 2.93421
2.35942 2.83819
3.00494 2.68464
3.71232 2.11264
3.895 1.81723
4.79535 0.225044
4.98526 -0.262061
5.15101 -0.82874
5.34966 -1.69274
5.38914 -1.9004
5.47318 -2.44756
5.52522 -3.22187
5.57583 -4.02168
5.54637 -4.54717
5.48801 -4.66626
4.98393 -4.96946
4.8392 -5.00698
0.378047 -5.15844
0.0399532 -5.1414
-0.0917997 -5.11807
-0.370515 -5.04583
-0.544455 -4.99559
-0.99955 -4.85729
-1.1625 -4.79884
-1.57191 -4.64114
-1.65045 -4.58367
-1.74875 -4.50036
-1.76987 -4.4745
-1.8416 -4.36167
-1.88181 -4.26535
-1.94036 -4.09199
-2.0695 -3.49739
