1.32071 -6.6569
-4.12189 -6.55767
-3.8721 -6.5275
-3.62041 -6.55283
-3.36338 -6.59651
-3.83308 -6.6287
-3.63918 -6.678
-4.05415 -6.72871
-3.77377 -6.76203
-4.19123 -6.86248
-4.4921 -6.80609
-4.33812 -6.69705
-4.60861 -6.72225
-4.81759 -6.7887
-4.80003 -6.67996
-4.58644 -6.64129
-4.36006 -6.5993
-5.1965 -6.70371
-5.37674 -6.72468
-7.0745 -6.84611
-7.25633 -6.19118
-7.23823 -6.33779
-7.15053 -6.58154
-7.07754 -6.76603
-7.0629 -6.92239
-6.95738 -7.1124
-6.88597 -7.13673
-6.83378 -7.19583
-6.99385 -7.06487
-6.91479 -7.12613
-7.03034 -6.99591
-6.86299 -7.02098
-6.7739 -7.16563
-6.74431 -7.23621
-6.61624 -7.22837
-6.57376 -7.25451
-6.68982 -7.24702
-6.59431 -7.24332
-6.80646 -7.11996
-6.55135 -7.1545
-6.34708 -7.22703
-6.32297 -7.1538
-6.17178 -7.18851
-6.18313 -7.13898
-5.97669 -7.13223
-6.05228 -7.10409
-6.2489 -7.09025
-6.05856 -7.03044
-6.27429 -7.03111
-6.27336 -6.92408
-6.37861 -7.00137
-6.40417 -6.96614
-5.99904 -6.83925
-6.13714 -6.88543
-5.90178 -6.8645
-5.98128 -6.94067
-5.73303 -6.91371
-5.70443 -6.77529
-5.86017 -6.79777
-5.54275 -6.76069
-5.51629 -6.86854
-5.31214 -6.82361
-5.07491 -6.76281
-5.13205 -6.72286
-5.00432 -6.71566
-5.00377 -6.69358
-5.07951 -6.8508
-5.2944 -6.91294
-5.12278 -6.93199
-5.22674 -6.9906
-5.51312 -6.98013
-5.78452 -7.00826
-5.62597 -7.04312
-5.79644 -7.08626
-5.41255 -7.06252
-5.66819 -7.1398
-5.93821 -7.16412
-5.77848 -7.19557
-5.84351 -7.21274
-6.10815 -7.23517
-5.86646 -7.28044
-6.11597 -7.27221
-6.35 -7.25841
-6.27197 -7.26872
-6.44003 -7.25095
-6.29027 -7.25377
-6.4622 -7.22528
-6.6005 -7.15823
-6.67207 -7.18305
-6.73783 -7.11733
-6.73087 -7.02288
-6.82559 -6.94235
-6.9034 -6.8621
-6.95276 -6.91976
-6.99868 -6.78866
-7.0587 -6.55139
-7.10571 -6.67616
-7.10677 -6.40472
-7.14233 -6.38593
-7.18659 -6.46695
-7.18184 -6.20127
-7.23733 -6.04327
-7.17499 -5.95159
-7.23794 -5.87976
-7.20764 -4.61778
-7.21672 -5.10865
-7.2286 -5.40323
-7.19283 -5.17342
-7.18532 -5.38514
-7.22128 -5.6488
-7.12015 -5.85796
-7.12015 -5.85796
-7.12015 -5.85796
-7.08885 -5.70592
-7.13109 -5.43197
-7.082 -5.39912
-7.09204 -5.08863
-7.14578 -5.15358
-7.16723 -5.031
-7.12201 -4.83262
-7.13933 -4.70683
-7.09434 -4.35189
-7.12779 -4.39266
-7.08515 -4.05349
-7.116 -4.1207
-7.06639 -3.75795
-7.09782 -3.90012
-7.06977 -3.66223
-7.09761 -3.76789
-7.15367 -4.19164
-7.15001 -3.96361
-7.20542 -4.20645
-7.1997 -4.3758
-7.21323 -4.33903
-7.19588 -4.057
-6.87437 -2.55342
-6.81454 -2.36429
-6.89896 -2.67218
-6.93921 -2.73698
-7.01232 -2.91407
-6.96035 -2.88219
-7.0643 -3.09461
-6.97644 -3.01964
-6.92749 -2.83177
-6.87912 -2.65253
-6.93285 -2.92019
-6.87773 -2.66816
-6.81863 -2.44901
-6.76818 -2.1575
-6.82772 -2.41642
-6.71439 -1.94185
-6.65753 -1.72887
-6.61617 -1.53914
-6.69619 -1.93825
-6.6789 -1.8481
-6.76752 -2.13465
-6.82772 -2.41642
-6.82772 -2.41643
-6.84661 -2.44116
-6.89618 -2.67836
-6.92862 -2.8977
-6.94222 -2.9138
-6.9927 -3.15159
-7.00132 -3.23279
-6.99803 -3.18945
-7.06471 -3.44987
-7.09033 -3.46288
-7.00393 -3.16103
-7.04064 -3.20206
-7.09873 -3.25713
-7.11359 -3.40396
-7.11477 -3.60088
-7.14122 -3.74348
-7.05033 -3.46694
-7.04666 -3.44452
-7.00205 -3.1826
-6.95334 -2.92673
-6.94447 -2.94771
-6.90431 -2.69342
-6.8503 -2.46333
-6.85038 -2.45678
-6.80605 -2.27341
-6.79555 -2.23779
-6.72075 -1.97586
-6.7228 -1.96772
-6.62983 -1.65123
-6.57176 -1.53761
-6.51422 -1.30451
-6.44049 -1.11673
-6.43922 -0.967665
-6.36187 -0.786802
-6.49505 -1.14921
-6.54601 -1.32682
-3.28568 2.55143
-3.49792 2.49388
-3.24035 2.40729
-3.06769 2.54379
-2.99361 2.44622
-2.98106 2.32154
-3.28878 2.2131
-3.11225 2.18154
-2.78302 2.19601
-2.97957 2.00731
-3.28515 2.03658
-3.17389 1.80959
-3.44337 1.82194
-3.31169 1.62493
-3.56744 1.55401
-3.31331 1.37838
-3.02985 1.5332
-3.05079 1.20483
-2.77498 1.30447
-2.844 1.14847
-2.90615 1.0258
-3.16305 0.896961
-2.83152 0.810066
-2.65337 1.053
-2.4702 0.746254
-2.33955 1.01321
-2.4473 1.27084
-2.61459 1.60433
-2.26856 1.44807
-2.03085 1.16423
-2.02222 1.4768
-2.20464 1.70606
-1.82546 1.6778
-1.77102 1.34127
-1.52135 1.50753
-1.47989 1.22058
-1.69236 1.07381
-1.82986 1.20359
-1.80604 0.798263
-1.55332 0.780966
-1.59227 0.549511
-1.87754 0.335378
-1.4538 0.217157
-1.58325 -0.0210367
-1.31385 -0.149811
-1.4583 -0.444877
-1.82919 -0.182036
-1.83254 -0.626309
-2.16327 -0.411781
-2.10609 -0.796175
-1.94826 -0.840918
-2.02455 -1.04392
-2.28941 -1.13356
-2.08623 -1.35896
-1.85339 -1.23912
-1.89438 -1.52093
-1.66297 -1.45548
-1.7139 -1.83225
-2.09637 -1.75374
-1.98491 -2.22609
-2.30096 -2.08805
-2.25369 -2.49909
-2.55734 -2.34691
-2.49936 -2.92639
-2.91256 -2.57521
-2.9607 -3.13992
-2.58646 -3.35243
-2.80311 -3.66007
-3.21467 -3.62864
-2.94872 -3.96678
-3.15075 -3.95709
-3.09571 -4.22117
-2.81011 -4.24014
-2.64905 -4.05309
-2.57923 -4.40559
-2.33949 -4.22453
-2.44716 -3.76321
-2.22723 -3.94791
-2.07448 -4.15361
-2.06694 -4.58582
-1.89819 -4.30512
-1.85221 -3.95782
-2.06627 -3.85962
-1.95775 -3.52509
-2.20426 -3.69529
-2.3037 -3.34272
-2.46983 -3.21829
-1.91174 -2.87243
-1.67026 -3.3037
-1.65325 -3.64907
-1.35094 -3.46771
-1.45872 -3.73643
-1.58791 -3.95472
-1.70066 -4.25002
-1.47021 -4.23646
-1.58956 -4.48984
-1.78549 -4.5522
-1.60635 -4.80517
-1.36077 -4.58172
-1.39993 -4.90202
-1.51895 -5.07637
-1.32877 -5.13775
-1.51688 -5.3399
-1.73609 -5.13934
-1.7446 -5.5028
-1.51328 -5.6931
-1.26411 -5.43868
-1.1895 -5.86223
-0.938045 -5.40505
-1.09747 -5.14576
-1.17307 -4.86757
-1.01703 -4.95899
-0.933035 -4.77363
-1.0601 -4.52465
-1.19984 -4.20985
-1.35444 -3.93527
-1.071 -3.79792
-1.31438 -3.72361
-1.01279 -3.4106
-1.13805 -3.15527
-1.43851 -3.03563
-1.08052 -2.785
-1.44693 -2.67111
-1.59204 -2.31332
-1.18985 -2.37907
-1.2763 -1.95098
-1.45341 -1.63127
-1.18491 -1.57434
-1.42425 -1.394
-1.23285 -1.20167
-1.58618 -1.17062
-1.51018 -0.858519
-1.80021 -0.949956
-1.15511 -0.854526
-1.00476 -0.55357
-0.828169 -0.981791
-0.924785 -1.16827
-0.600061 -1.37295
-0.883611 -1.4792
-0.57551 -1.78102
-0.89123 -1.84407
-0.6139 -2.19017
-0.944859 -2.15218
-0.840963 -2.45708
-0.584673 -2.5434
-0.745425 -2.74033
-0.506765 -2.84446
-0.35285 -2.51885
-0.223811 -2.95319
-0.0564458 -2.50754
-0.303408 -2.10739
-0.0757494 -1.94431
-0.339736 -1.73828
-0.295292 -1.5025
-0.517242 -0.996015
-0.0710602 -1.45642
-0.222673 -0.909417
-0.483838 -0.713175
-0.724721 -0.481309
-1.07328 -0.0391129
-0.779605 -0.152828
-0.915885 0.241771
-1.29776 0.499279
-1.09515 0.704028
-1.38862 0.90878
-1.20788 1.07529
-1.30488 1.35082
-1.06764 1.28402
-0.894171 0.883469
-0.793986 1.17343
-0.605226 0.821338
-0.608527 0.506005
-0.438894 0.554603
-0.393207 0.342151
-0.433298 0.202347
-0.612867 0.164216
-0.331243 -0.085924
-0.212384 0.0791734
-0.109352 -0.239487
0.0612559 -0.176593
0.0663259 -0.485695
-0.169025 -0.51328
0.0945532 -0.740389
0.0506177 -0.949962
0.247746 -0.985787
0.238304 -1.26781
0.0569646 -1.23817
0.219888 -1.5767
0.40309 -1.56562
0.41467 -1.91871
0.214361 -1.99737
0.459347 -2.3611
0.297943 -2.4128
0.138618 -2.31716
0.219657 -2.73191
0.395542 -2.66488
0.407348 -3.01556
0.22208 -3.22832
0.0368836 -3.00225
0.0698783 -3.26873
0.0815759 -3.51213
0.262558 -3.64008
0.0975881 -3.86491
0.269777 -3.96418
0.131548 -4.20593
0.391105 -4.26056
0.457399 -3.83247
0.605766 -4.11703
0.602379 -4.4119
0.474211 -4.69134
0.753209 -4.65458
0.658659 -4.93582
0.472765 -5.08302
0.228928 -4.9316
0.23072 -5.30654
0.506015 -5.4319
0.338877 -5.68581
0.0578797 -5.67058
-0.096303 -5.32056
0.0751207 -5.09767
-0.0769124 -4.87813
-0.503847 -5.17052
-0.335724 -5.59855
-0.71732 -5.76912
-0.860492 -5.03485
-0.669481 -4.73797
-0.816743 -4.50761
-0.558668 -4.2966
-0.874882 -4.19091
-0.67676 -4.0797
-0.765913 -3.90862
-0.706685 -3.56199
-0.549217 -3.90701
-0.343027 -3.57643
-0.458932 -3.21957
-0.797113 -3.09937
-0.266256 -3.27152
-0.095583 -3.33369
-0.102112 -3.73378
-0.310367 -3.991
-0.0843112 -4.09668
-0.272371 -4.299
-0.358804 -4.64105
-0.0789781 -4.44965
0.179553 -4.56792
-0.424661 -5.96105
-0.658836 -6.13277
-0.969437 -6.25201
-0.720667 -6.38757
-0.478361 -6.28926
-0.577353 -6.57249
-0.906967 -6.66502
-0.653868 -6.78594
-0.804425 -6.92287
-1.04127 -6.91317
-0.960821 -7.07867
-0.678894 -7.06931
-0.77263 -7.14644
-0.942296 -7.19814
-1.16141 -7.14875
-1.21035 -7.25781
-1.37357 -7.14253
-1.52005 -7.20775
-1.40911 -7.31558
-1.70211 -7.2719
-1.59402 -7.34526
-1.91211 -7.31702
-1.7758 -7.35359
-1.9905 -7.34018
-2.18063 -7.3148
-2.09601 -7.33716
-2.22687 -7.32431
-2.39752 -7.31071
-2.46803 -7.30962
-2.22342 -7.3214
-2.34472 -7.2933
-2.64919 -7.24673
-2.78963 -7.2796
-3.0154 -7.22533
-3.10724 -7.2626
-2.86488 -7.27612
-3.16829 -7.24886
-3.40729 -7.24783
-3.33433 -7.2378
-3.15718 -7.24352
-3.26241 -7.1852
-3.44668 -7.21917
-3.57844 -7.18713
-3.36372 -7.1102
-3.09245 -7.09644
-2.99101 -7.15915
-2.76024 -7.10558
-2.78431 -7.20148
-2.4523 -7.1953
-2.32636 -7.11711
-2.65735 -7.05769
-2.94531 -7.03706
-2.8212 -6.97758
-2.36814 -7.00816
-2.49178 -6.88954
-1.94987 -6.93614
-2.14823 -6.8118
-2.48493 -6.78975
-2.27583 -6.68542
-2.74547 -6.73776
-2.76172 -6.82939
-3.17615 -6.84881
-3.12871 -6.72972
-2.83247 -6.64462
-3.10291 -6.62253
-2.55477 -6.65376
-1.98785 -6.73488
-3.42113 -6.70343
-3.38233 -6.65293
-3.49435 -6.78053
-3.83612 -6.83699
-3.62643 -6.86422
-3.91314 -6.91013
-4.1753 -6.94659
-4.39251 -6.95696
-4.58972 -6.91402
-4.63955 -6.99144
-4.81947 -6.96252
-4.9893 -7.00655
-5.01009 -6.95379
-4.8466 -6.89294
-5.15093 -7.04
-5.37511 -7.0792
-5.22932 -7.07696
-5.01891 -7.05016
-4.92572 -7.0359
-4.75087 -7.04676
-4.8972 -7.10749
-5.18785 -7.15786
-4.99075 -7.21411
-5.30865 -7.25712
-5.47114 -7.23512
-5.60394 -7.27889
-5.68351 -7.26689
-5.76764 -7.28364
-5.935 -7.27197
-5.80827 -7.27739
-5.66046 -7.27942
-5.66562 -7.25751
-5.52361 -7.26918
-5.4314 -7.24928
-5.74043 -7.19687
-5.75295 -7.07091
-5.97747 -7.11122
-5.90391 -7.22629
-6.09874 -7.17317
-6.26016 -7.06787
-6.25591 -7.18795
-6.10434 -7.236
-6.36141 -7.2147
-6.41631 -7.14613
-6.11228 -7.25917
-5.96777 -7.26058
-6.54393 -7.00642
-6.38543 -6.90394
-6.57853 -6.76269
-6.76525 -6.84646
-6.72739 -6.63046
-6.84155 -6.52917
-6.94654 -6.62588
-6.94408 -6.42546
-7.01404 -6.34482
-7.08527 -6.22841
-7.05458 -6.02992
-7.13132 -6.17212
-6.95771 -6.19508
-7.00618 -5.83651
-7.02666 -5.51792
-6.95036 -5.64045
-6.96569 -5.27
-7.02632 -5.24974
-6.99943 -4.86642
-7.07616 -4.68859
-7.02519 -4.2956
-7.02851 -3.87999
-6.93682 -3.7259
-6.91103 -3.18677
-6.85779 -3.32418
-6.92431 -3.11383
-6.91662 -3.19859
-7.00077 -3.41483
-6.96939 -3.18531
-7.03542 -3.44223
-7.02677 -3.71796
-6.94006 -3.10439
-6.92101 -3.00372
-6.87936 -2.69982
-6.84261 -2.69225
-6.80799 -2.41054
-6.78545 -2.24048
-6.73819 -2.10985
-6.64705 -1.80926
-6.7228 -2.13252
-6.59042 -1.77079
-6.48354 -1.36763
-6.43386 -1.39416
-6.3227 -0.944519
-6.37873 -1.00103
-6.3534 -0.847138
-6.28635 -0.732135
-6.28008 -0.606569
-6.19679 -0.422415
-6.18759 -0.5726
-6.17486 -0.646231
-6.18323 -0.802529
-6.31277 -1.08977
-6.22414 -1.00827
-6.3364 -1.35606
-6.40287 -1.40469
-6.52157 -1.7839
-6.40507 -1.72448
-6.5666 -2.13089
-6.67636 -2.35992
-6.75601 -2.60741
-6.58832 -2.32517
-6.65748 -2.60886
-6.51929 -2.29157
-6.49023 -2.43881
-6.66223 -2.83632
-6.78099 -2.89675
-6.79177 -3.0758
-6.71218 -3.21437
-6.85212 -3.63081
-6.76305 -3.61934
-6.8342 -3.88377
-6.90892 -4.03817
-6.85474 -4.17566
-6.92831 -4.51566
-6.8069 -4.52802
-6.87001 -4.78934
-6.7884 -4.89337
-6.88026 -5.09638
-6.93978 -4.91273
-6.89041 -5.49367
-6.80247 -5.21675
-6.77011 -5.57502
-6.88975 -5.91613
-6.76134 -6.09372
-6.84297 -6.25765
-6.75653 -6.40859
-6.68264 -6.329
-6.6509 -6.53287
-6.57568 -6.39607
-6.62604 -6.14144
-6.48786 -6.20947
-6.52431 -5.9075
-6.64087 -5.75482
-6.50754 -5.47751
-6.63746 -5.32303
-6.72853 -5.21072
-6.6753 -4.90662
-6.73679 -5.02731
-6.6753 -4.90662
-6.74053 -4.68847
-6.68711 -4.42542
-6.75843 -4.20675
-6.64959 -3.98665
-6.76292 -3.91668
-6.6611 -3.66544
-6.62787 -3.36304
-6.53541 -3.42727
-6.48905 -3.13905
-6.56252 -3.0879
-6.51286 -2.79497
-6.45027 -2.90837
-6.34054 -2.64128
-6.33953 -2.37848
-6.31189 -2.07091
-6.40871 -2.09897
-6.26759 -1.6982
-6.44417 -1.99277
-6.3394 -1.68944
-6.25799 -1.38673
-6.11515 -1.19547
-6.14945 -1.04951
-6.20684 -1.10385
-6.11777 -0.800699
-6.03024 -0.805245
-5.93331 -0.4246
-6.05515 -0.528065
-5.95436 -0.255209
-6.07213 -0.406774
-5.98396 -0.156005
-6.08266 -0.283003
-6.00638 -0.0857501
-6.04094 -0.0863309
-6.11379 -0.248169
-5.90534 0.243973
-5.82675 0.391867
-5.76 0.537752
-5.79873 0.387475
-5.695 0.688403
-5.60721 0.826918
-5.50062 0.950219
-5.45937 0.787438
-5.58898 0.5194
-5.74873 0.329209
-5.69547 0.13257
-5.81265 0.0931911
-5.87273 0.139381
-5.92582 0.119494
-5.94741 0.0136481
-5.97464 0.0777609
-5.92349 -0.0168993
-5.89535 -0.0652165
-5.81233 -0.0851458
-5.8895 -0.184642
-5.76133 -0.23744
-5.61051 0.00229968
-5.49781 0.285128
-5.50401 0.024253
-5.62734 -0.251224
-5.46868 -0.12937
-5.56643 -0.36087
-5.68327 -0.551959
-5.78102 -0.53804
-5.80546 -0.769404
-5.93663 -0.865108
-5.88914 -0.569192
-6.00697 -1.17928
-6.10931 -1.43143
-6.00282 -1.37849
-6.1403 -1.73922
-5.97844 -1.63043
-5.86065 -1.27865
-5.89223 -1.05096
-5.71213 -0.877008
-5.72619 -1.22319
-5.83034 -1.54052
-5.70641 -1.43964
-5.73492 -1.72926
-5.96236 -1.92921
-6.09491 -1.92338
-6.17185 -2.26993
-6.03524 -2.34077
-6.20751 -2.62452
-6.0933 -2.72519
-6.25034 -2.88586
-6.22329 -3.01671
-6.37414 -3.16637
-6.35316 -2.89332
-6.27841 -3.25358
-6.43216 -3.5388
-6.57391 -3.69607
-6.54145 -3.85162
-6.42901 -3.86913
-6.56268 -4.14457
-6.44538 -4.22129
-6.27815 -3.90534
-6.23532 -3.48767
-6.07532 -3.56161
-6.0307 -3.23554
-6.10177 -3.04974
-5.88203 -2.90205
-5.95658 -2.73841
-5.87311 -2.41435
-5.82194 -2.61292
-5.696 -2.3871
-5.63721 -2.01164
-5.85274 -2.08794
-5.54417 -1.59194
-5.61999 -1.45929
-5.49324 -1.2812
-5.60364 -1.22422
-5.45101 -0.939733
-5.60434 -0.980296
-5.49292 -0.651689
-5.5839 -0.550949
-5.45587 -0.341427
-5.30879 -0.317823
-5.31213 -0.0587618
-5.34351 0.189305
-5.17058 0.225697
-5.18508 0.427512
-5.28583 0.519424
-5.42407 0.588161
-5.27261 0.819595
-5.34559 1.00962
-5.18757 1.12036
-5.10041 0.980217
-5.08733 0.718705
-4.91418 1.014
-5.02713 1.21851
-4.82499 1.33283
-4.97497 1.43857
-5.1418 1.40425
-5.05603 1.52431
-5.25271 1.29781
-5.33251 1.19313
-5.41646 1.09185
-4.59907 1.96764
-4.87326 1.71969
-4.96378 1.62678
-4.80318 1.67899
-4.84539 1.5282
-4.67191 1.56592
-4.69709 1.84366
-4.77915 1.78843
-4.64399 1.90848
-4.48773 2.02141
-4.02881 2.34892
-4.16348 2.26274
-3.94685 2.26369
-4.01837 2.15206
-3.81578 2.14459
-4.00226 2.01431
-4.15667 2.07002
-4.14862 1.91196
-4.33454 1.9225
-4.21908 1.67941
-4.47435 1.70576
-4.36508 2.06835
-4.26759 2.15981
-4.45053 1.51309
-4.28373 1.44801
-4.43048 1.30901
-4.28932 1.22201
-4.48812 1.01079
-4.57586 1.17249
-4.71703 0.926192
-4.65636 0.68451
-4.4614 0.725946
-4.63036 0.472297
-4.47671 0.429813
-4.70215 0.189093
-4.85461 0.335316
-4.9489 -0.11113
-4.73346 -0.106538
-4.89382 -0.441376
-5.11391 -0.4973
-5.0943 -0.742631
-4.94604 -0.799524
-5.10803 -0.966135
-5.04743 -1.16948
-5.22502 -1.15837
-5.21154 -0.949151
-5.3417 -1.08192
-5.37486 -1.36759
-5.23841 -1.40353
-5.39179 -1.66912
-5.1457 -1.6417
-5.40563 -1.97576
-5.55028 -2.2172
-5.4302 -2.27109
-5.57807 -2.43071
-5.69886 -2.63748
-5.50641 -2.64594
-5.71844 -2.87089
-5.8467 -3.21117
-5.63647 -3.00735
-5.6622 -3.36445
-5.91746 -3.61936
-6.12505 -3.94501
-5.98633 -3.95297
-6.16522 -4.35163
-5.91989 -4.15069
-6.08426 -4.56277
-6.27027 -4.83881
-6.34553 -4.61761
-6.47648 -5.00311
-6.37903 -5.23226
-6.36912 -5.62925
-6.26187 -5.20307
-6.17615 -5.4524
-6.19396 -5.93913
-6.04684 -5.62869
-6.00524 -5.92877
-5.95973 -6.24536
-5.82876 -6.04692
-5.73093 -6.31424
-5.76017 -6.50029
-5.95025 -6.56592
-5.6178 -6.73764
-5.82943 -6.8495
-6.07876 -6.71285
-6.20206 -6.50985
-6.25033 -6.67885
-6.1204 -6.90096
-6.388 -6.73376
-6.40426 -6.49086
-6.52829 -6.59261
-6.31835 -6.25087
-6.39466 -5.9984
-6.13998 -6.31284
-5.42593 -7.03146
-5.22476 -6.8188
-5.48329 -6.51615
-5.14627 -6.57313
-4.96865 -6.74084
-4.8575 -6.92015
-4.71427 -6.69233
-4.58155 -6.86443
-4.67424 -6.9972
-4.74868 -7.12346
-4.48641 -7.01085
-4.48465 -7.14258
-4.58798 -7.20013
-4.44622 -7.16522
-4.3162 -7.10543
-4.26864 -7.14131
-4.49096 -7.20832
-4.30779 -7.20035
-4.13939 -7.17526
-4.08792 -7.17878
-3.94738 -7.17164
-3.88935 -7.20506
-3.77496 -7.21111
-3.64429 -7.24958
-3.63243 -7.22163
-3.57456 -7.18183
-3.76406 -7.18148
-3.74422 -7.12266
-3.91092 -7.14226
-4.06194 -7.14776
-4.0281 -7.08643
-3.69684 -7.02953
-3.80697 -6.93609
-4.00488 -6.96423
-4.14653 -7.00826
-4.29385 -7.06911
-4.27373 -6.96986
-4.30584 -6.81227
-4.43985 -6.62765
-4.16652 -6.50666
-4.33483 -6.30712
-4.55278 -6.4766
-4.70527 -6.47269
-4.8883 -6.54877
-4.7933 -6.34416
-5.0018 -6.30266
-4.78122 -6.09916
-4.94661 -5.96219
-4.70251 -5.76753
-4.90208 -5.60588
-4.65459 -5.414
-4.84278 -5.18189
-4.36333 -5.07641
-4.72794 -4.67796
-4.97581 -4.94818
-5.1536 -5.16488
-5.17241 -4.81676
-5.43813 -5.11971
-5.35654 -5.4749
-5.11596 -5.50025
-5.28819 -5.73953
-5.12668 -5.83481
-5.325 -6.01732
-5.48591 -5.79858
-5.56223 -6.14621
-5.71296 -5.81328
-5.9023 -5.74705
-5.79393 -5.55565
-5.91307 -5.47786
-5.97936 -5.23567
-5.74827 -5.2342
-5.81615 -4.94619
-5.94509 -4.89969
-5.75983 -4.57698
-6.0031 -4.7272
-6.10014 -5.06194
-6.1587 -4.88405
-5.91053 -4.42881
-5.74203 -4.18701
-5.72607 -3.91682
-5.80358 -3.75936
-5.59217 -3.66123
-5.36446 -3.39084
-5.43985 -3.0022
-5.1528 -2.99569
-5.27213 -2.66752
-5.24893 -2.32416
-5.26289 -2.03415
-5.06404 -1.95821
-4.87588 -1.62214
-4.85829 -1.29197
-4.78862 -0.919829
-4.60942 -1.036
-4.52623 -0.664216
-4.70963 -0.544213
-4.38568 -0.156634
-4.67286 -0.270768
-4.59178 -0.106202
-4.53942 0.0987781
-4.29994 0.32776
-4.21322 0.749779
-4.07781 0.545539
-4.07745 0.269946
-3.85226 0.551607
-3.81903 0.304704
-3.96852 0.0283598
-4.09725 -0.241461
-4.25647 -0.498365
-3.98948 -0.429588
-4.11387 -0.694865
-4.36123 -0.835352
-4.19145 -0.9835
-3.98101 -0.85015
-3.99875 -1.11691
-3.73402 -0.888175
-3.78721 -1.25374
-3.56054 -1.07678
-3.55306 -1.37922
-3.29751 -1.09598
-3.4257 -0.827666
-3.18526 -0.810381
-3.2612 -0.617698
-3.52698 -0.548084
-3.85344 -0.621849
-3.74314 -0.388357
-3.8177 -0.173955
-3.49567 -0.21385
-3.54931 0.152471
-3.12807 -0.00430586
-3.20625 -0.362665
-2.86039 -0.250106
-3.00225 -0.584055
-2.5919 -0.538362
-2.95586 -0.973197
-2.58864 -1.03465
-2.80633 -1.33608
-3.04524 -1.29698
-3.1317 -1.14758
-3.20648 -1.27722
-3.33901 -1.36764
-3.18896 -1.53553
-2.95498 -1.57461
-3.04285 -1.828
-2.89405 -1.78485
-2.75896 -1.69033
-2.52376 -1.47862
-2.55432 -1.90564
-2.83046 -2.04749
-2.35605 -1.74711
-2.28051 -1.49368
-2.35025 -0.777529
-3.12391 -2.17159
-3.30427 -2.56047
-3.10533 -2.80322
-3.2401 -2.92959
-3.29858 -3.19838
-3.5226 -2.93724
-3.55113 -3.34758
-3.6404 -3.71514
-3.77773 -3.44445
-3.83548 -3.1421
-3.90367 -3.39333
-3.94494 -3.59582
-4.04305 -3.35804
-4.20763 -3.54753
-4.24272 -3.29646
-4.44623 -3.40125
-4.38373 -2.99787
-4.63827 -3.20572
-4.69166 -2.92907
-4.87652 -3.14221
-4.73949 -3.49535
-5.05359 -3.39393
-4.94744 -3.66917
-5.18565 -3.6802
-4.9916 -3.95225
-5.31687 -4.00581
-5.4092 -3.71756
-5.56047 -3.93239
-5.54294 -4.22181
-5.36925 -4.25354
-5.46419 -4.47315
-5.13009 -4.36786
-5.35436 -4.65615
-4.61066 -4.19767
-4.74542 -3.82027
-4.4302 -3.76928
-4.13556 -4.0749
-4.2302 -4.49605
-4.52002 -4.44675
-3.93765 -4.27992
-3.69689 -4.4655
-3.8876 -4.83062
-3.51303 -4.77718
-3.59691 -5.11106
-3.20706 -4.99254
-3.34162 -5.24489
-3.51477 -5.37883
-3.78599 -5.55446
-3.53899 -5.56363
-3.53506 -5.85067
-3.78712 -5.95224
-3.94047 -5.88944
-3.97062 -6.20966
-3.70292 -6.27273
-3.93123 -6.50618
-4.14584 -6.26917
-4.13524 -6.02231
-4.34498 -5.96888
-4.19842 -5.77052
-4.33231 -5.70404
-4.16033 -5.48745
-4.45395 -5.52961
-4.50995 -5.84622
-4.64425 -5.97142
-4.58323 -6.19418
-3.95878 -5.18734
-4.04114 -5.73395
-4.06003 -6.71009
-3.91965 -6.67004
-3.76258 -6.61721
-3.91945 -6.80303
-3.74476 -6.79288
-3.63432 -6.86392
-3.57995 -6.7388
-3.4123 -6.9006
-3.35963 -6.7012
-3.51708 -6.51524
-3.39179 -6.22554
-3.19585 -5.90579
-3.30756 -5.54367
-3.1414 -5.67357
-3.07166 -5.5431
-3.10168 -5.31477
-2.83891 -5.50186
-2.89557 -5.17448
-2.86015 -4.87423
-3.21918 -4.58221
-2.83702 -4.51619
-3.41188 -4.27041
-3.72391 -4.09685
-3.36791 -3.98553
-3.91267 -3.85943
-4.12476 -3.78052
-2.55877 -4.76518
-2.54138 -5.24562
-2.27117 -4.92649
-2.35228 -4.59053
-1.99707 -5.0281
-2.16178 -5.31033
-1.92495 -5.3253
-1.98809 -5.61294
-1.78909 -5.84969
-2.04774 -5.9481
-1.86208 -6.18236
-2.13009 -6.28506
-2.24077 -6.01276
-2.27452 -5.68925
-2.40029 -5.93993
-2.35207 -6.16296
-2.5888 -6.08519
-2.40245 -6.44226
-2.10974 -6.66362
-2.34754 -6.71199
-2.54055 -6.64554
-2.47091 -6.84957
-2.23337 -6.89719
-2.37059 -7.01668
-2.1314 -7.11242
-2.42132 -7.17178
-2.62102 -6.99266
-2.66477 -7.13656
-2.87143 -7.04106
-2.82618 -7.17739
-2.61251 -7.22569
-2.77876 -7.2491
-2.62468 -7.28352
-2.98759 -7.21087
-2.60863 -7.30015
-2.50571 -7.307
-2.39332 -7.27681
-2.17599 -7.25683
-2.24875 -7.29356
-3.05814 -7.11856
-3.2567 -7.16679
-3.38546 -7.21762
-3.50858 -7.11991
-3.39008 -7.10312
-3.4869 -7.03147
-3.6104 -6.95648
-3.29093 -7.0562
-3.13558 -6.98672
-3.17735 -6.83636
-2.99757 -6.91788
-2.98414 -6.78365
-3.15987 -6.68527
-3.26039 -6.50335
-3.0005 -6.5777
-3.08738 -6.28433
-2.75045 -6.41543
-2.89653 -6.04583
-2.98422 -5.74328
-2.76933 -5.82014
-2.56283 -5.71643
-2.74049 -6.75001
-2.83912 -6.9068
-1.94712 -7.23476
-1.8033 -7.12568
-1.96895 -6.94084
-1.74468 -6.97751
-1.78596 -6.75662
-1.88837 -6.48319
-1.70003 -6.54829
-1.72473 -6.36134
-1.5738 -6.10782
-1.57428 -6.41291
-1.34345 -6.32222
-1.22163 -6.58648
-1.49766 -6.65442
-1.34166 -6.74087
-1.39181 -6.86394
-1.20587 -6.80938
-1.26186 -7.01301
-1.42379 -6.97052
-1.44751 -7.03836
-1.56087 -6.91896
-1.5803 -7.07877
-1.83963 -4.83023
-4.11952 -6.88848
-5.39516 -4.84732
-5.58034 -4.8297
-5.60296 -5.50234
-4.91083 -2.79754
-5.07211 -2.60269
-4.85857 -2.47096
-4.99927 -2.25584
-4.70307 -2.13673
-4.82279 -1.88586
-4.57883 -1.77149
-4.68696 -1.61455
-4.65999 -1.36122
-4.48855 -1.46353
-4.42932 -1.15846
-4.24677 -1.29802
-4.33053 -1.62381
-4.42966 -1.95618
-4.18192 -1.82285
-4.05389 -1.48857
-4.01574 -1.73247
-4.00233 -2.01141
-4.26723 -2.15615
-4.12062 -2.3405
-3.96521 -2.30955
-4.00088 -2.68677
-4.34816 -2.53552
-4.55074 -2.73271
-4.56611 -2.52205
-4.72097 -2.6446
-4.67952 -2.40717
-4.50475 -2.28202
-4.10466 -3.10632
-3.75623 -2.82937
-3.64908 -2.55681
-3.49272 -2.36638
-3.62686 -2.206
-3.38931 -2.17398
-3.51637 -1.90853
-3.74929 -1.9625
-3.76828 -2.16441
-3.86431 -2.15772
-3.81782 -2.34488
-3.82608 -1.63802
-3.61885 -1.68999
-3.41872 -1.61472
-3.28039 -1.86316
-5.15735 -2.4589
-2.34049 -0.242156
-2.51759 -0.0762572
-2.2735 -0.051908
-2.27699 0.21386
-2.59555 0.243871
-2.44863 0.461023
-2.74548 0.511767
-2.22498 0.525593
-2.11682 0.777899
-2.09389 -0.02986
-2.88729 0.259418
-2.78589 0.0401297
-3.1607 0.312274
-2.96359 0.420762
-3.08254 0.580867
-3.35457 0.441824
-3.35963 0.658822
-3.5928 0.496813
-3.57647 0.860581
-3.9221 0.808957
-3.79494 1.09875
-4.00403 1.01869
-3.94905 1.27908
-4.14604 1.1201
-4.31526 0.973826
-4.12115 1.40907
-3.8916 1.62406
-4.02373 1.86027
-3.84528 1.94053
-3.67191 1.80871
-3.55827 2.03758
-3.55429 2.28699
-3.77707 2.2992
-3.69022 2.42289
-3.86837 2.38762
-3.75293 1.36162
-3.55808 1.23219
-3.33505 1.11522
-2.20719 -0.174221
-5.2832 -6.30998
-5.14313 -6.11159
-3.84547 -7.22381
-3.6098 -7.22474
-3.82345 -7.19672
-3.84654 -7.1404
-4.01401 -7.16527
-4.064 -7.20787
-4.22882 -7.19869
-4.11836 -7.10462
-4.38838 -7.16673
-4.46706 -7.07093
-4.63848 -7.1218
-4.58866 -7.022
-4.3401 -7.00301
-4.771 -7.01081
-4.50755 -7.20725
-4.6966 -7.17035
-4.80833 -7.16235
-4.82086 -7.20822
-4.87917 -7.23601
-5.04076 -7.27689
-4.80944 -7.25489
-4.80012 -7.2874
-5.04141 -7.24225
-5.06522 -7.04458
-4.71368 -7.25189
-4.54748 -7.26008
-4.58266 -7.24192
-4.36056 -7.22041
-4.32147 -7.2191
-4.19516 -7.21469
-4.04431 -7.21061
-4.20007 -7.20414
-4.71894 -7.2244
-3.97859 -6.99949
-3.69468 -7.07121
-3.5746 -6.95238
-3.35717 -7.02473
-3.17066 -6.95506
-2.90832 -6.8971
-3.10422 -7.00528
-3.17982 -7.05747
-6.49626 -4.61613
-6.31197 -4.27675
-6.58391 -4.51438
-6.62155 -4.7702
-6.6753 -4.90662
-5.25862 -0.799001
-5.30046 -0.582706
-5.16248 -0.298612
-5.11845 0.0159919
-5.02418 0.306842
-5.04614 0.476655
-4.92535 0.488368
-4.91151 0.714059
-4.80853 0.627017
-4.70674 1.18624
-4.61136 1.349
-6.20773 -2.07267
-6.83211 -2.86477
-6.83511 -2.78532
-6.78133 -2.56319
-6.74821 -2.40107
-6.67329 -2.16753
-7.05693 -4.00334
-5.64506 -7.2085
-5.42523 -7.15147
-1.69749 -6.77752
-1.40713 -6.81993
-1.45964 -6.92505
-1.5214 -7.04023
-1.96238 -7.07097
-1.69664 -7.12195
-1.42104 -7.15411
-1.10543 -7.08976
-0.988298 -7.23529
-0.740299 -7.09382
-0.493349 -7.2312
-0.431418 -7.09194
-0.168616 -7.14698
-0.289851 -7.07551
-0.0934889 -7.07004
-0.288332 -6.99701
-0.466823 -7.03749
-0.613077 -6.98425
-0.575693 -6.89403
-0.833733 -6.92802
-0.841667 -6.86479
-0.324987 -6.9298
-1.12009 -6.84151
-1.05777 -6.99866
-0.803443 -6.98656
-0.715703 -7.0245
-0.906491 -7.03657
-0.0921624 -6.97323
0.14259 -6.97942
0.379253 -6.96207
0.319225 -7.06606
0.53436 -7.06712
0.662637 -7.01784
0.787157 -7.07022
0.878126 -7.02606
1.04747 -7.06503
1.0568 -6.98738
0.83364 -6.97171
0.983688 -6.91526
0.838568 -6.87537
1.06396 -6.82216
1.11466 -6.89748
1.23434 -6.84066
1.27177 -6.74849
1.13652 -6.72269
1.16908 -6.66042
0.863481 -6.75606
1.01551 -6.69516
0.718014 -6.83259
0.559562 -6.93217
1.46539 -6.66528
1.4036 -6.78806
1.60255 -6.68316
1.54826 -6.81003
1.73553 -6.685
1.65618 -6.82921
1.80799 -6.73706
1.66527 -6.92609
1.50515 -6.94473
1.47439 -7.06431
1.28729 -7.04549
1.22881 -7.11524
0.950167 -7.1323
1.0917 -7.19233
0.803526 -7.15757
0.650805 -7.13275
0.571474 -7.13695
0.509154 -7.13916
0.401954 -7.11764
0.400198 -7.16258
0.264074 -7.15212
0.136388 -7.11946
0.0938997 -7.18518
-0.105098 -7.25245
0.145705 -7.22883
0.289538 -7.19636
0.303127 -7.19955
0.418596 -7.16346
0.394877 -7.15524
0.224731 -7.21281
0.270958 -7.25271
0.0143433 -7.30068
0.0358715 -7.33519
-0.215772 -7.33621
-0.116181 -7.38435
-0.425645 -7.35269
-0.38383 -7.36599
-0.610983 -7.36058
-0.652648 -7.36868
-0.859327 -7.39558
-0.703087 -7.36655
-1.04167 -7.36883
-0.761119 -7.31167
-0.489258 -7.30551
-0.514149 -7.29087
-0.301707 -7.30586
-1.10826 -7.29778
-1.32766 -7.24735
-1.29494 -7.29087
-1.50036 -7.30794
-1.2668 -7.34225
-1.4135 -7.34972
-1.76522 -7.3367
-1.76677 -7.2926
-1.93887 -7.28651
-2.07155 -7.30909
-1.9809 -7.34213
-1.68374 -7.35626
-1.48318 -7.35817
-1.16916 -7.38547
-1.24378 -7.37228
-0.941469 -7.38792
-0.926476 -7.34582
-1.13587 -7.34047
-0.869446 -7.27235
-0.592156 -7.30223
-0.741778 -7.3315
-0.554786 -7.34263
-0.443236 -7.35168
-0.341353 -7.3408
-0.280165 -7.38993
-0.146954 -7.38438
-0.101935 -7.36443
0.112865 -7.36973
0.113988 -7.34411
-0.140188 -7.32646
-0.345038 -7.31798
-0.358502 -7.26386
-0.614554 -7.25727
-0.647669 -7.20209
-0.355204 -7.11703
-0.61317 -7.14192
-0.533501 -6.94342
-0.287388 -6.90889
-0.412595 -6.75063
-0.138162 -6.71358
-0.293174 -6.49103
0.0358987 -6.37597
-0.215503 -6.16398
-0.170441 -5.82866
-0.0107162 -6.00955
-0.131382 -5.59252
0.202027 -6.00577
0.299479 -6.26359
0.451613 -6.00604
0.549618 -5.73642
0.587106 -5.90844
0.65134 -6.0679
0.490423 -6.34324
0.675974 -6.34504
0.577579 -6.48883
0.469556 -6.61051
0.28482 -6.53512
0.290364 -6.80875
0.495529 -6.78506
0.43349 -6.93274
0.259188 -7.03481
-0.0092907 -6.9438
0.0966513 -6.69106
0.0275252 -7.14456
0.285701 -7.19165
0.0645432 -7.28607
-0.135343 -7.23253
-0.124943 -7.28138
0.310807 -7.30699
0.35238 -7.35628
0.48395 -7.31205
0.492501 -7.22947
0.622947 -7.27095
0.710747 -7.14146
0.511268 -7.07184
0.759727 -6.9623
0.618171 -6.86787
0.839779 -6.74196
0.679862 -6.60279
0.920049 -6.50445
0.841185 -6.3532
0.803135 -6.15498
0.98648 -6.12105
0.834508 -5.84924
1.06291 -5.75
0.910788 -5.42597
0.702318 -5.58041
0.671444 -5.82744
0.693089 -5.23995
0.853441 -5.01145
1.04857 -5.12565
0.999812 -4.68785
0.868011 -4.50255
0.767514 -4.31521
0.923485 -4.32928
0.845281 -4.10993
0.741613 -4.03895
0.811336 -3.8153
0.651553 -3.82488
0.694767 -3.57105
0.812975 -3.40691
0.600451 -3.25487
0.568615 -3.57837
0.424842 -3.4217
0.550751 -2.80848
0.70545 -3.01064
0.695071 -2.58058
0.583084 -2.17474
0.687452 -2.28221
0.802598 -2.31388
0.885849 -2.70736
0.862441 -3.03208
1.03482 -3.04797
1.0315 -3.47375
0.943555 -3.7289
1.07687 -3.92065
0.953237 -4.03503
1.0725 -4.29265
1.20434 -4.5666
1.22113 -4.19199
1.33138 -4.44124
1.37563 -4.1078
1.21285 -3.799
1.32581 -3.68421
1.18764 -3.41354
1.29504 -3.39282
1.1915 -3.08858
1.03402 -2.58975
1.25178 -2.8422
1.34638 -3.23513
1.42199 -3.02551
1.50518 -3.49873
1.3896 -3.53366
1.46936 -3.83997
1.63672 -3.94987
1.65832 -3.61497
1.57761 -3.24797
1.70605 -3.38424
1.774 -3.694
1.73748 -3.88901
1.8379 -4.0013
1.86219 -3.77248
1.80997 -3.50067
1.87876 -3.6043
1.9574 -3.88227
1.89654 -3.9661
1.94615 -4.21938
1.87068 -4.3075
1.9652 -4.64871
1.81892 -4.50753
1.85561 -4.81362
1.74186 -4.74568
1.79429 -5.10085
1.65194 -5.03286
1.70075 -5.31132
1.57326 -5.3738
1.70589 -5.61169
1.56203 -5.6927
1.44674 -5.57569
1.4417 -5.90493
1.62969 -5.90177
1.56551 -6.16499
1.349 -6.21522
1.21259 -6.00593
1.2735 -5.63889
1.12226 -5.41652
1.24778 -5.31096
1.1588 -5.21271
1.20114 -4.98166
1.35128 -5.13989
1.35066 -4.78144
1.49872 -4.98511
1.46398 -4.5405
1.60783 -4.65463
1.55137 -4.24739
1.69338 -4.37823
1.76825 -4.17118
1.44647 -5.31323
1.35767 -5.41176
1.11621 -6.32859
1.27248 -6.45303
1.06566 -6.59864
1.22873 -6.66884
0.999542 -6.83901
1.18125 -6.84367
1.01601 -6.96371
0.877688 -7.00904
0.921948 -7.10288
1.11786 -7.00382
0.955993 -7.15618
0.783772 -7.23913
0.821708 -7.27722
0.992443 -7.2126
1.12948 -7.1008
1.15117 -7.15516
1.01239 -7.24556
0.83848 -7.29168
0.945335 -7.25936
0.762621 -7.26362
0.618571 -7.30905
0.705386 -7.33452
0.605802 -7.32292
0.595489 -7.34224
0.424462 -7.34835
0.420006 -7.29345
0.557892 -7.19309
0.19915 -7.35267
1.12458 -7.23007
1.25737 -7.18547
1.24142 -7.15338
1.31715 -7.08942
1.25944 -7.06105
1.42189 -6.98427
1.28431 -6.98473
1.3322 -6.86608
1.38959 -6.70742
1.54298 -6.73967
1.57009 -6.56709
1.42623 -6.53059
1.58801 -6.38819
1.44138 -6.35457
1.72104 -6.23775
1.72292 -6.06831
1.84382 -6.0793
1.78915 -5.87696
1.89107 -5.62017
1.79432 -5.40016
1.8731 -5.31909
1.94175 -5.07808
1.95346 -5.37628
2.05305 -5.2684
2.02454 -5.00094
2.08935 -4.89811
2.08674 -5.0996
2.15841 -5.21002
2.18403 -4.99588
2.15572 -4.69588
2.06525 -4.59882
2.06573 -4.31209
2.009 -4.44254
2.15862 -4.45585
2.22714 -4.60815
2.24562 -4.88764
2.3027 -4.80913
2.31026 -5.0845
2.24684 -5.13915
2.29827 -5.28216
2.38786 -5.30249
2.30801 -5.5081
2.24441 -5.37748
2.22759 -5.63055
2.26809 -5.81313
2.3748 -5.64276
2.35765 -5.81581
2.26444 -5.95115
2.29727 -5.96685
2.22758 -6.07356
2.18152 -6.08879
2.18181 -6.19403
2.19546 -6.16548
2.24362 -6.07159
2.19446 -6.18672
2.14094 -6.30194
2.14476 -6.30489
1.94063 -6.57502
1.85894 -6.63418
2.37855 -5.47055
2.37024 -5.09045
2.37926 -4.873
2.32975 -4.65676
2.26045 -4.47104
2.33731 -4.46777
2.23457 -4.20689
2.2119 -4.21945
2.19275 -4.3372
2.14903 -4.03985
2.13126 -4.23443
2.06682 -3.97285
1.99842 -3.66244
1.92931 -3.56085
1.94177 -3.33997
1.84602 -3.31431
1.83319 -2.94634
1.74985 -2.99806
1.75174 -3.24029
1.63641 -2.98804
1.67389 -2.76499
1.6 -2.65503
1.50731 -2.62412
1.51557 -2.93272
1.42318 -2.72888
1.31567 -2.63267
1.35437 -2.3774
1.24051 -2.32846
1.17617 -2.45012
1.14095 -2.14575
1.03158 -2.14666
0.897641 -2.13531
0.725194 -1.8676
0.672673 -2.09022
0.559891 -1.85188
0.562422 -1.52469
0.40628 -1.25283
0.542218 -1.22876
0.711882 -1.41374
0.595719 -1.01378
0.412776 -0.948205
0.472981 -0.730938
0.353614 -0.686997
0.242061 -0.726958
0.23635 -0.488362
0.367599 -0.538178
0.28931 -0.29477
0.157822 0.0755048
-0.0558186 0.148074
-0.0678532 0.405893
-0.248347 0.370428
-0.326613 0.707822
-0.0829506 0.722893
-0.295272 1.00143
-0.531141 1.07027
-0.454763 1.29779
-0.687042 1.38666
-0.5959 1.57723
-0.78867 1.62501
-0.773695 1.83473
-0.92816 1.74543
-0.945316 1.52349
-1.08491 1.74966
-1.03743 1.92147
-1.26369 1.88212
-1.24246 1.59805
-1.51093 1.78855
-1.46888 2.0093
-1.75614 1.97322
-1.99952 1.87102
-2.01099 2.01943
-2.20311 1.94287
-2.46872 1.9039
-2.7471 1.87642
-2.9212 1.77236
-2.68228 2.06274
-2.43651 2.09083
-2.51954 2.18453
-2.56725 2.26416
-2.63651 2.36059
-2.32999 2.32032
-2.35969 2.50516
-2.61126 2.5175
-2.81708 2.43297
-2.85273 2.53879
-2.09944 2.51392
-1.84613 2.55781
0.146607 1.97622
0.267817 1.76721
0.398477 1.56017
0.222394 1.62316
0.0660207 1.84001
0.032495 1.66774
0.216016 1.48674
0.140158 1.42525
0.31257 1.29038
0.263806 1.16123
0.4319 1.0646
0.41447 0.906921
0.548909 0.869977
0.54752 0.671133
0.680297 0.598427
0.646144 0.498318
0.733339 0.398212
0.700082 0.303492
0.588784 0.421269
0.676715 0.124119
0.52849 0.242942
0.648036 -0.127639
0.801455 -0.18251
0.798373 -0.448762
0.670727 -0.452226
0.555687 -0.223822
0.549857 -0.407611
0.407908 -0.155348
0.475135 0.0505887
0.300177 0.19996
0.111635 0.416557
0.236672 0.462325
0.106451 0.672104
-0.00962806 0.87783
-0.138056 0.983236
-0.057996 1.10292
-0.244073 1.2143
-0.149258 1.38523
-0.365133 1.4949
-0.269214 1.66169
-0.502932 1.75896
-0.386748 1.89356
-0.637606 1.99253
-0.928744 2.05211
-0.828694 2.2016
-1.06914 2.23161
-1.02636 2.47082
-1.32818 2.31373
-1.2411 2.08907
-1.59246 2.16776
-1.60058 2.34336
-1.44155 2.51697
-1.80193 2.41863
-1.84094 2.27967
-2.0349 2.35195
-2.10456 2.23274
-2.31695 2.18414
-2.19357 2.10859
-2.33116 2.0164
-1.9129 2.15708
-1.79683 2.499
-1.6079 2.59263
-1.23782 2.51058
-0.810829 2.44479
-0.72328 2.29494
-0.559109 2.29958
-0.403296 2.36807
-0.601881 2.43867
-0.197258 2.2855
0.000909805 2.16016
-0.0825498 2.06603
-0.334451 2.18015
-0.173233 1.94773
-0.397689 2.08569
-0.522337 2.20099
-0.593988 2.13945
-0.455647 2.05323
-0.308768 1.98333
-0.187685 1.80281
-0.0554376 1.54508
0.0746958 1.21865
0.106999 0.912312
0.259916 0.924078
0.253702 0.659669
0.42147 0.606646
0.369448 0.369063
0.456578 -0.477263
0.623543 -0.707187
0.820952 -0.763713
0.769953 -1.07396
0.932307 -1.14172
0.994995 -0.887415
0.887935 -0.65377
0.933728 -0.505702
1.08774 -0.763339
1.17514 -1.16282
1.07463 -1.28924
1.21126 -1.51935
1.13176 -1.634
1.23983 -1.80196
1.34135 -1.8301
1.29353 -1.48197
1.42387 -1.665
1.299 -1.30266
1.23431 -0.992484
1.39564 -1.26122
1.27905 -0.894644
1.17507 -0.658448
1.25281 -0.665382
1.10018 -0.333863
1.2258 -0.432823
1.13352 -0.21045
1.00429 -0.0195344
0.944953 -0.109547
0.844456 0.20119
0.803129 0.0588763
0.770478 0.25169
0.799259 0.408745
0.908651 0.266387
0.791925 0.563307
0.662132 0.764881
0.713033 0.828344
0.57454 0.963827
0.619018 1.06414
0.468543 1.1896
0.538583 1.35172
0.356874 1.41554
0.673077 1.14126
0.772106 0.917229
0.871089 0.702154
0.966495 0.482474
0.942107 0.387259
1.05041 0.254875
1.06188 0.0548642
1.18358 0.0513323
1.25736 -0.326904
1.2927 -0.140214
1.35593 -0.366621
1.397 -0.525819
1.40244 -0.69021
1.33541 -0.648023
1.46509 -0.89514
1.38506 -0.883783
1.34803 -0.961299
1.47027 -1.16952
1.55443 -1.52525
1.52509 -1.67534
1.63768 -1.88819
1.59503 -2.06515
1.49879 -2.10648
1.62466 -2.45093
1.54081 -2.41573
1.43231 -2.23263
1.31708 -2.04679
1.21126 -2.01434
1.69392 -2.42059
1.7313 -2.70281
1.77333 -2.59781
1.73673 -2.25685
1.84159 -2.63042
1.92744 -2.98967
1.90969 -2.61087
1.8315 -2.32554
1.89347 -2.32115
1.80302 -2.05525
1.75803 -2.08787
1.71066 -2.00987
1.68617 -1.80758
1.74587 -1.75283
1.60836 -1.3955
1.68958 -1.45622
1.56151 -1.15039
1.48687 -1.08766
1.54179 -1.02685
1.54414 -0.975375
1.62259 -1.22388
1.691 -1.25566
1.73764 -1.46896
1.82683 -1.75811
1.85702 -1.65435
1.89703 -1.8629
1.92601 -2.0859
1.9584 -2.31632
1.99735 -2.54686
2.03674 -2.82865
2.02489 -2.87529
2.08123 -3.03077
2.05631 -3.26763
2.11691 -3.4443
2.11789 -3.64337
2.14399 -3.71736
2.16346 -3.8747
2.18957 -4.05256
2.18383 -3.92803
2.2266 -4.02697
2.16466 -3.69469
2.23516 -3.95001
2.26599 -4.10711
2.3045 -4.27844
2.20318 -3.80971
2.15131 -3.54849
2.14495 -3.37978
2.11346 -3.2661
2.11696 -3.20566
1.79999 -1.25404
1.83932 -1.44984
1.78618 -1.3462
1.72029 -1.12288
1.6203 -0.980099
1.65936 -0.973198
1.59869 -0.813444
1.50013 -0.737745
1.52701 -0.659203
1.45562 -0.506382
1.39134 -0.328077
2.36919 -4.66999
2.06898 -3.68756
2.06622 -3.48298
2.01124 -3.33472
2.00603 -3.51853
2.0053 -3.05662
1.96208 -2.82309
1.96987 -2.57928
1.86533 -2.04642
0.904439 -0.22415
1.0307 -0.419298
1.04068 -1.79666
1.01592 -1.44777
0.893203 -1.43609
0.885552 -1.79064
1.94539 -6.62525
1.81531 -6.82908
1.94241 -6.66181
2.1003 -6.40505
2.0659 -6.46067
1.95952 -6.60503
1.85669 -6.76398
1.84093 -6.72365
1.95691 -6.53976
1.8661 -6.63279
1.92919 -6.5159
1.8366 -6.58056
1.73895 -6.76633
1.71018 -6.67354
1.80847 -6.49262
1.68027 -6.58314
1.72027 -6.42912
1.88005 -6.26862
1.94219 -6.38375
2.02982 -6.16223
1.96701 -6.04072
1.90048 -5.89826
2.01081 -5.81585
2.03648 -5.56468
2.12309 -5.74323
2.09763 -5.95961
2.18501 -5.83501
2.14425 -6.01844
2.07794 -6.24358
2.10078 -6.32301
2.00214 -6.4057
2.05336 -6.451
2.15905 -5.49588
1.58365 -6.84209
1.44306 -6.89286
1.58089 -6.94268
1.70952 -6.90785
1.53041 -7.04495
1.44972 -7.04457
1.36817 -7.11018
1.42144 -7.13436
1.59315 -7.04047
1.44952 -7.1261
1.29074 -7.15992
1.63828 -7.03165
1.77714 -6.88589
2.03193 -6.50152
0.96517 -6.33185
-2.14543 -7.26406
-2.08583 -7.18915
-1.93401 -7.27895
-1.70569 -7.25034
-1.9111 -7.14275
-1.68058 -7.16742
1.38225 -6.90024
1.23252 -6.92464
1.31413 -6.86383
-0.499141 -0.43696
-0.453981 -0.189471
-0.659111 -0.0740504
-0.833844 0.512211
-6.55999 -1.39391
-7.16648 -3.90622
-7.21008 -4.47052
-7.19418 -4.77227
-7.19247 -4.93148
-7.16188 -4.69526
-7.15721 -4.43292
-7.17363 -4.94071
-6.52307 -7.00499
-6.63001 -7.04539
-6.72429 -7.08559
-6.43439 -7.09765
-6.41539 -7.05225
-4.17443 -6.61969
-4.10136 -6.67127
