-2.33622 -4.81796
-2.616 -4.97601
-3.14336 -5.23028
-3.32139 -5.34264
-3.1167 -5.40271
-3.35139 -5.54165
-3.1274 -5.57658
-3.30888 -5.67945
-3.15569 -5.67964
-3.26453 -5.73968
-3.142 -5.75616
-2.99856 -5.6359
-2.93809 -5.73384
-2.79435 -5.56181
-2.7759 -5.68325
-2.69711 -5.55512
-2.63619 -5.41304
-2.61438 -5.46002
-2.53499 -5.28189
-2.53686 -5.19377
-2.43151 -5.07461
-2.4611 -5.19094
-2.36638 -4.99246
-2.46005 -5.24457
-2.4008 -5.14018
-2.47481 -5.33245
-2.54706 -5.42946
-2.57772 -5.5291
-2.61771 -5.57063
-2.6705 -5.68231
-2.67842 -5.66291
-2.60773 -5.5252
-2.68428 -5.60688
-2.5375 -5.35579
-2.75408 -5.719
-2.87358 -5.79473
-2.77191 -5.796
-2.96067 -5.88429
-3.1148 -5.85357
-3.13981 -5.92008
-3.08799 -5.93239
-2.96484 -5.91875
-3.12838 -5.94736
-2.98977 -5.9059
-3.17046 -5.93047
-3.03152 -5.85185
-3.24619 -5.89185
-3.27884 -5.82331
-3.45123 -5.86303
-3.37128 -5.90651
-3.56752 -5.9055
-3.64052 -5.90129
-3.722 -5.94797
-3.83884 -5.96911
-3.84694 -6.02012
-3.6875 -5.96395
-3.79614 -6.03831
-3.65449 -5.98303
-3.83812 -6.07741
-3.96252 -6.08735
-4.04709 -6.11145
-3.99192 -6.11124
-4.22444 -6.14189
-4.19133 -6.08921
-4.47208 -6.16059
-4.48651 -6.11152
-4.3747 -6.05492
-4.68578 -6.03243
-4.36328 -5.9986
-4.14933 -6.00829
-4.07577 -5.92916
-3.98401 -5.95811
-3.80025 -5.90677
-3.89824 -5.97933
-3.56437 -5.90477
-3.47878 -5.79969
-3.31351 -5.83018
-3.34209 -5.89752
-3.47302 -5.91459
-3.30045 -5.92912
-3.50451 -5.95105
-3.67845 -5.98092
-3.73468 -6.04031
-3.90176 -6.03799
-3.55838 -5.96836
-3.30224 -5.95195
-3.45903 -5.94435
-3.31678 -5.93582
-3.50694 -5.93073
-3.6942 -6.02084
-3.29002 -5.7804
-3.80219 -5.82504
-3.55145 -5.70866
-3.8364 -5.73255
-4.098 -5.84143
-4.15956 -5.75543
-3.9947 -5.64607
-3.73894 -5.61876
-3.59283 -5.62227
-3.55843 -5.49157
-3.79783 -5.54464
-3.70312 -5.42288
-9.75369 -5.52621
-8.93536 -5.43133
-9.28705 -5.43097
-9.15694 -5.49756
-9.29905 -5.49851
-9.17521 -5.59489
-9.30378 -5.61056
-9.38938 -5.49505
-9.49398 -5.51881
-9.39487 -5.66924
-9.58671 -5.64012
-9.37398 -5.76135
-9.53008 -5.77066
-9.66982 -5.69668
-9.72822 -5.61444
-9.77403 -5.63222
-9.82489 -5.5331
-9.86288 -5.48576
-9.80004 -5.64245
-9.87943 -5.50162
-9.93425 -5.35662
-9.92167 -5.29578
-9.9699 -5.11138
-9.93395 -5.03348
-9.9293 -4.93166
-9.95969 -4.82309
-9.96218 -4.71996
-9.95611 -4.31999
-9.92964 -3.85504
-9.61309 -1.74002
-9.46689 -1.60847
-9.39187 -1.38386
-9.31374 -1.11524
-8.17668 1.01826
-9.27324 -0.877208
-9.20376 -0.602676
-9.10779 -0.534593
-9.14443 -0.661329
-9.00873 -0.486561
-8.97777 -0.593272
-9.1265 -0.8126
-8.97525 -0.693452
-9.06336 -0.916565
-8.86395 -0.64291
-8.94788 -0.903721
-9.09388 -1.09177
-9.1733 -1.12329
-9.24909 -1.33667
-9.05691 -1.15439
-9.12 -1.4525
-9.3813 -1.76811
-9.60714 -1.92478
-9.54483 -2.09598
-9.42952 -2.09812
-9.54957 -2.32143
-9.61528 -2.28118
-9.64197 -2.43661
-9.66635 -2.3403
-9.70621 -2.41017
-9.67835 -2.23893
-9.71596 -2.56661
-9.75572 -2.68323
-9.70844 -2.76574
-9.67954 -2.59724
-9.66184 -2.66784
-9.6748 -2.83159
-9.75105 -3.06719
-9.66799 -2.89849
-9.62974 -2.71759
-9.54935 -2.62771
-9.58487 -2.54159
-9.61906 -2.51526
-9.51696 -2.39928
-9.46909 -2.26588
-9.42395 -2.28502
-9.28871 -1.91069
-9.28687 -2.17881
-9.09238 -1.7658
-8.88995 -1.2961
-8.8744 -0.989529
-8.61984 -0.815576
-8.68919 -0.721627
-8.73171 -0.640309
-8.54104 -0.450491
-8.59651 -0.355826
-8.44876 -0.135925
-8.59161 -0.181517
-8.7036 -0.428182
-8.73528 -0.343806
-8.78819 -0.461697
-8.86197 -0.507053
-8.83862 -0.374411
-8.70214 -0.19842
-8.7729 -0.172463
-8.59144 -0.0160429
-8.67267 0.0372362
-8.84142 -0.127176
-8.87541 -0.226925
-8.93206 -0.336816
-8.61139 0.205232
-8.54043 0.405273
-8.50806 0.34438
-8.47631 0.249953
-8.3996 0.473739
-8.32246 0.460547
-8.24005 0.671505
-8.36124 0.645864
-8.23032 0.836524
-8.09522 0.945398
-8.05025 1.16539
-7.95717 1.14916
-7.9079 1.34245
-7.80918 1.55793
-4.53838 1.69235
-4.42116 1.56337
-4.59024 1.56872
-4.73933 1.70126
-4.79624 1.57489
-4.6231 1.38698
-4.46939 1.45485
-4.40766 1.27354
-4.53717 1.09209
-4.75224 1.21155
-4.67614 0.844091
-4.90525 1.0673
-4.96746 1.32949
-5.09853 1.1992
-5.22868 1.4007
-5.34184 1.17591
-5.10668 0.917358
-5.39532 0.886431
-5.22159 0.620883
-5.43242 0.644351
-5.66537 0.745619
-5.5494 0.514185
-5.36606 0.362905
-5.5829 0.268542
-5.71653 0.466636
-5.81375 0.168075
-5.6097 -0.0802881
-5.84803 -0.251003
-6.14321 -0.0344722
-6.04448 -0.582643
-6.31526 -0.618707
-6.1818 -1.04608
-6.33324 -1.0319
-6.48559 -1.08079
-6.35586 -1.41818
-6.62553 -1.61715
-6.67114 -1.26074
-6.62342 -0.972036
-6.81121 -1.09828
-6.84901 -1.54604
-7.06587 -1.41755
-7.0753 -1.84669
-6.87881 -2.01953
-7.12461 -2.2867
-6.95697 -2.34258
-6.96791 -2.69053
-7.32634 -2.66329
-7.3624 -2.35488
-7.30166 -2.05379
-7.55982 -2.2509
-7.49842 -2.50122
-7.62527 -2.49451
-7.61377 -2.75306
-7.4671 -2.99297
-7.68919 -3.16701
-7.43974 -3.34135
-7.69805 -3.63326
-7.95698 -3.3853
-8.03874 -3.78407
-8.19068 -3.56283
-8.34532 -3.88578
-8.40603 -3.47073
-8.1567 -3.27134
-8.25436 -3.04147
-7.93006 -2.89903
-8.12689 -2.67384
-7.86054 -2.35652
-8.10966 -2.40204
-8.04307 -2.11412
-8.24513 -2.33269
-8.25433 -2.57118
-8.43868 -2.65695
-8.40093 -2.2635
-8.2069 -2.02572
-8.3194 -2.0108
-8.43004 -1.9961
-8.54889 -2.28634
-8.6157 -2.17503
-8.68073 -2.44611
-8.80624 -2.41064
-8.67997 -2.07133
-8.78259 -2.10446
-8.65704 -1.82853
-8.84078 -1.91904
-8.92019 -2.31352
-9.01729 -2.27556
-9.00817 -2.04664
-9.12352 -2.3173
-9.15204 -2.15942
-9.25288 -2.55814
-9.14883 -2.55608
-9.2845 -2.92494
-9.36346 -2.8336
-9.42383 -3.06106
-9.43259 -3.30499
-9.30139 -3.29559
-9.42442 -3.60911
-9.2922 -3.59906
-9.17005 -3.30492
-9.14087 -3.58845
-9.057 -3.30886
-8.99987 -3.43142
-9.01229 -3.67904
-9.13842 -3.85537
-9.04844 -3.94619
-9.1869 -4.13925
-9.00441 -4.17688
-9.14588 -4.47558
-8.91788 -4.45728
-9.0357 -4.72986
-8.80637 -4.70655
-8.64741 -4.43521
-8.78453 -4.15612
-8.56902 -4.12781
-8.37963 -4.2629
-8.4065 -4.52711
-8.09738 -4.44258
-8.30587 -4.74669
-8.56514 -4.71334
-8.49008 -4.93699
-8.23757 -5.03839
-8.02467 -4.77939
-7.95961 -4.99244
-8.023 -5.18715
-7.80034 -5.10166
-7.87267 -5.27629
-7.66794 -5.25181
-7.82401 -5.41024
-8.07129 -5.41648
-7.93052 -5.54378
-7.75616 -5.55363
-7.6638 -5.40608
-7.57202 -5.49037
-7.62386 -5.62516
-7.76751 -5.69292
-7.69776 -5.75631
-7.86561 -5.78438
-7.94809 -5.68336
-8.07146 -5.82066
-7.89857 -5.8745
-8.22923 -5.90277
-8.0262 -5.92154
-7.78816 -5.89312
-7.9105 -5.89636
-8.0998 -5.95015
-7.96547 -5.88204
-8.13667 -5.94365
-8.31945 -5.99724
-8.2272 -5.9414
-8.07948 -5.90815
-8.07694 -5.89469
-7.9917 -5.87985
-7.84997 -5.88153
-7.95844 -5.86744
-8.1596 -5.84654
-7.98326 -5.8108
-7.72501 -5.83805
-7.8302 -5.74969
-7.50821 -5.76998
-7.37407 -5.85155
-7.13351 -5.80569
-6.97279 -5.93914
-6.86515 -5.85425
-6.87215 -5.78067
-7.002 -5.69688
-6.67178 -5.74876
-6.85178 -5.66054
-7.10233 -5.6053
-6.81729 -5.59864
-6.64096 -5.67289
-6.4902 -5.64139
-6.33494 -5.75685
-6.34326 -5.85466
-6.55015 -5.80192
-6.66633 -5.79204
-6.47363 -5.8288
-6.51069 -5.83218
-6.62112 -5.83187
-6.66614 -5.86462
-6.3685 -5.93109
-6.60658 -5.96927
-6.77048 -5.99062
-6.52228 -6.00341
-6.33603 -6.00662
-6.27446 -6.00657
-6.15192 -6.04005
-6.01366 -6.02228
-5.96823 -6.05243
-6.14458 -6.02477
-6.00919 -6.04521
-6.13754 -6.02194
-5.89793 -6.02427
-6.11947 -5.97103
-6.25252 -5.90093
-5.93348 -5.97067
-5.98874 -5.93064
-6.02226 -5.86873
-5.69582 -5.94104
-5.7121 -5.86974
-5.99528 -5.81217
-6.12572 -5.72917
-5.75098 -5.78886
-5.93912 -5.69989
-5.66464 -5.72318
-5.78098 -5.63198
-5.48426 -5.69758
-5.54918 -5.60408
-5.32955 -5.66278
-5.358 -5.57812
-5.08674 -5.7007
-5.25895 -5.73444
-5.0542 -5.83483
-5.42452 -5.7757
-5.41118 -5.84621
-5.1793 -5.89278
-5.02615 -5.89645
-4.83929 -5.91508
-5.07851 -5.93834
-4.93855 -5.97691
-5.16621 -5.98595
-4.99067 -6.02898
-4.95895 -6.08838
-4.73253 -6.13918
-4.98303 -6.12434
-5.16087 -6.10788
-5.247 -6.05126
-5.43533 -6.0878
-5.63684 -6.0223
-5.42377 -5.99777
-5.37762 -5.92782
-5.70923 -6.04191
-5.64462 -6.0675
-5.76085 -6.05183
-5.61254 -6.08225
-5.46174 -6.09172
-5.19966 -6.11275
-5.42863 -6.08616
-5.25777 -6.08768
-5.43736 -6.08006
-5.3267 -6.04286
-5.56389 -6.0483
-5.60205 -6.07262
-5.78599 -6.05
-5.70811 -6.00055
-5.50095 -6.0017
-5.65381 -5.95231
-5.47016 -5.91548
-5.7057 -5.87177
-5.86945 -5.95792
-5.96934 -5.86392
-6.17521 -5.95654
-6.19721 -5.84258
-6.45933 -5.86567
-6.45989 -5.98484
-6.62653 -5.93259
-6.70479 -5.98124
-6.7677 -5.91473
-6.89331 -5.92408
-6.90412 -5.95448
-6.93505 -5.96825
-7.08807 -5.91474
-7.32841 -5.87101
-7.2489 -5.85825
-7.39405 -5.83551
-7.67005 -5.90136
-7.58601 -5.90404
-7.57381 -5.84018
-7.69661 -5.83907
-7.56245 -5.76988
-7.51094 -5.68574
-7.36149 -5.76107
-7.35709 -5.65503
-7.46649 -5.57217
-7.30765 -5.55321
-7.41221 -5.44954
-7.51953 -5.3506
-7.35163 -5.33061
-7.44255 -5.20757
-7.56284 -5.05232
-7.27522 -5.07276
-7.43644 -4.84442
-7.73684 -4.85326
-7.57542 -4.64443
-7.8111 -4.57999
-7.83896 -4.37687
-7.843 -4.1062
-8.1482 -4.10342
-7.5917 -4.37082
-7.44398 -3.98718
-7.42375 -3.64242
-7.17446 -3.70564
-7.02976 -4.11996
-7.30253 -4.29694
-7.11801 -4.40169
-6.86892 -4.44312
-7.06211 -4.53975
-7.28097 -4.58501
-6.94714 -4.71536
-7.15564 -4.8689
-6.93182 -4.92861
-7.00664 -5.05771
-7.00699 -5.26463
-7.25823 -5.23042
-7.19025 -5.3361
-7.24364 -5.43456
-7.04323 -5.43385
-7.12699 -5.5441
-6.92752 -5.57019
-6.76001 -5.49199
-6.67606 -5.32955
-6.81889 -5.17171
-6.59386 -5.15199
-6.44554 -5.3319
-6.43728 -5.50593
-6.23614 -5.39861
-6.31219 -5.20725
-6.03771 -5.24941
-6.1766 -5.03759
-6.43073 -5.01666
-6.68808 -4.9252
-6.81058 -5.04911
-6.50624 -4.87578
-6.58881 -4.68434
-6.54976 -4.36253
-6.77265 -4.245
-6.6338 -4.02916
-6.87292 -3.80428
-6.62121 -3.68302
-6.88399 -3.45724
-6.5172 -3.38059
-6.75714 -3.07495
-6.44041 -2.94513
-6.68415 -2.77653
-6.70139 -2.47884
-6.84136 -2.33776
-6.67045 -2.1072
-6.46916 -1.86114
-6.47509 -2.25322
-6.19247 -1.85284
-6.19652 -1.42051
-6.04381 -1.34631
-5.97437 -0.953953
-5.78402 -1.1507
-5.79739 -0.679037
-5.65318 -0.86232
-5.44891 -1.01446
-5.63381 -1.58802
-5.34075 -1.47921
-5.45221 -1.8885
-5.6572 -2.01628
-5.83359 -1.95314
-5.79881 -2.30631
-6.00965 -2.20783
-5.98791 -1.92458
-6.25589 -2.49922
-5.98107 -2.60588
-6.15297 -2.8801
-6.51875 -2.61104
-6.16913 -3.27229
-5.9182 -2.97703
-5.81573 -3.35033
-6.04617 -3.72717
-6.30637 -3.56296
-6.44863 -3.60958
-6.37438 -3.7994
-6.23144 -4.1559
-5.82001 -4.15129
-5.65098 -3.74179
-5.43374 -4.10682
-5.60207 -4.36434
-5.79176 -4.49983
-5.54731 -4.63652
-5.81841 -4.77144
-5.62673 -4.97429
-5.91788 -5.0148
-5.79733 -5.18339
-5.80977 -5.39575
-6.03338 -5.45056
-5.93272 -5.58449
-6.16785 -5.57167
-6.08923 -5.73
-6.2982 -5.66572
-6.51823 -5.68563
-6.30749 -5.77375
-6.64615 -5.76506
-6.75244 -5.83268
-6.78593 -5.74139
-6.90938 -5.73588
-6.87862 -5.67377
-6.74656 -5.65682
-7.01946 -5.64702
-7.05344 -5.71484
-6.97553 -5.80183
-7.16289 -5.75779
-7.19555 -5.65935
-7.27931 -5.7204
-7.19789 -5.8036
-7.20023 -5.8496
-7.05823 -5.85649
-7.02718 -5.89895
-6.89133 -5.8768
-5.76812 -5.72779
-5.70991 -5.56153
-5.47364 -5.62438
-5.54266 -5.43482
-5.58629 -5.23251
-5.33957 -5.27805
-5.37227 -5.08923
-5.32159 -4.84446
-5.0844 -5.03287
-5.02781 -4.75784
-5.23747 -4.5798
-5.39438 -4.40164
-5.10763 -4.30776
-5.08672 -3.98498
-5.30748 -3.73285
-5.03815 -3.72491
-5.12775 -3.44464
-5.45188 -3.321
-5.15029 -3.01749
-5.41499 -2.86794
-5.65367 -2.98952
-5.56081 -2.68733
-5.74621 -2.66374
-5.56021 -2.32984
-5.41238 -2.53683
-5.28048 -2.19016
-5.23306 -1.78019
-4.99389 -1.91007
-5.0893 -1.4986
-5.17637 -1.18058
-4.93209 -1.20195
-5.07268 -0.783113
-4.73244 -0.947339
-4.7765 -0.481922
-5.10634 -0.222523
-5.34934 -0.521403
-5.3811 -0.164459
-5.27338 0.0714345
-5.09051 0.254142
-5.4408 0.0974086
-4.9806 0.562292
-4.90176 0.315735
-4.82577 -0.000521451
-4.72432 0.398973
-4.55368 -0.0678104
-4.64548 -0.27622
-4.48623 -0.417726
-4.59477 -0.471533
-4.48571 -0.759227
-4.32705 -0.626487
-4.33118 -0.358655
-4.1073 -0.743783
-4.1639 -0.265558
-4.37367 -0.0699092
-4.49791 0.183548
-4.31999 0.151645
-4.50364 0.472458
-4.87323 0.77671
-4.4354 0.748689
-4.34106 0.449593
-4.20136 0.567469
-4.31412 0.969205
-4.07745 0.823575
-4.17837 1.193
-4.31673 1.42468
-4.13519 1.4517
-4.28579 1.54816
-3.99516 1.28069
-3.68339 0.990127
-3.73514 1.12172
-3.81472 1.07514
-3.75742 0.885003
-3.61361 0.831972
-3.56143 0.922647
-3.49078 0.777977
-3.32737 0.593106
-3.42416 0.653376
-3.52199 0.668862
-3.39105 0.49855
-3.56074 0.497772
-3.38933 0.280433
-3.24196 0.296103
-3.24 0.0430628
-3.15288 0.125617
-3.26749 0.465102
-2.65753 -0.518608
-2.57881 -0.688364
-2.63004 -0.693918
-2.68829 -0.625173
-2.62913 -0.841056
-2.56093 -0.859087
-2.52861 -1.09042
-2.57887 -1.17033
-2.67664 -0.870836
-2.73246 -0.660118
-2.78655 -0.703968
-2.71163 -1.06512
-2.8807 -0.76462
-2.80451 -1.11146
-2.71302 -1.50105
-2.84685 -1.30394
-2.90774 -0.975924
-2.97607 -1.03249
-2.90439 -1.41672
-3.01967 -1.27079
-2.93293 -1.67519
-2.78658 -1.83177
-2.86917 -2.02641
-2.78652 -2.34573
-2.87591 -2.30721
-2.96584 -1.99483
-2.97161 -2.47545
-3.08899 -1.9697
-3.08168 -1.54348
-3.2056 -1.61933
-3.2304 -1.91243
-3.28132 -1.64275
-3.37815 -1.6424
-3.35684 -1.95682
-3.25985 -2.26456
-3.4716 -2.15869
-3.29616 -2.62026
-3.45428 -2.66241
-3.31388 -2.9944
-3.46099 -3.03599
-3.6064 -2.7539
-3.59238 -3.04597
-3.74796 -2.88044
-3.68422 -3.177
-3.90878 -3.11194
-3.73188 -3.46118
-4.01974 -3.52908
-4.15409 -3.19392
-4.15769 -2.86547
-4.40263 -3.02715
-4.34495 -3.4231
-4.64906 -3.28484
-4.58283 -3.604
-4.85063 -3.53779
-4.7583 -3.84852
-4.31305 -3.86837
-4.59508 -4.0201
-4.80603 -4.13306
-4.4961 -4.20209
-4.74686 -4.39892
-4.97065 -4.54304
-4.69798 -4.68098
-4.37923 -4.51614
-4.39591 -4.76241
-4.55126 -4.91768
-4.81932 -4.89508
-4.74544 -5.10928
-4.97045 -5.22073
-5.15625 -5.20658
-5.24278 -5.15053
-5.13044 -5.33872
-5.30323 -5.46584
-5.07921 -5.48534
-5.23655 -5.58485
-5.24276 -5.70127
-5.47985 -5.79484
-5.19835 -5.83553
-5.26495 -5.96954
-4.98845 -5.90667
-5.10169 -6.01085
-5.1397 -6.05487
-4.99868 -6.03844
-4.88818 -6.00141
-4.84948 -6.05745
-5.00446 -6.08703
-4.70135 -6.10771
-4.87968 -6.12305
-4.67192 -6.13961
-4.57054 -6.14723
-4.43627 -6.12657
-4.53411 -6.08653
-4.64941 -6.03571
-4.33614 -6.05244
-4.49294 -5.95598
-4.71975 -5.93476
-4.51036 -5.83251
-4.77881 -5.83855
-4.72574 -5.72334
-4.4513 -5.7037
-4.60534 -5.63132
-4.79641 -5.5291
-4.99653 -5.69789
-5.07144 -5.60301
-4.92113 -5.3739
-4.76461 -5.37715
-4.78887 -5.28434
-4.56514 -5.32261
-4.45695 -5.10728
-4.24758 -5.21464
-4.3012 -5.38037
-4.44516 -5.52986
-4.20164 -5.47668
-4.07089 -5.34414
-3.98511 -5.49694
-3.80623 -5.34799
-3.91664 -5.13425
-4.22285 -4.96336
-3.89481 -4.82856
-4.17345 -4.7295
-4.02291 -4.55446
-4.15449 -4.26258
-3.94165 -4.04246
-4.00165 -3.81474
-3.79772 -3.7946
-3.63619 -4.11928
-3.56042 -3.75435
-3.52167 -3.36557
-3.36955 -3.68517
-3.39295 -4.04136
-3.26569 -3.90029
-3.22072 -4.13081
-3.29735 -4.33002
-3.14561 -4.37152
-3.23542 -4.59741
-3.08284 -4.59545
-3.11667 -4.8518
-3.27617 -4.82494
-3.40632 -4.67945
-3.42417 -4.90578
-3.60793 -4.75375
-3.57339 -4.4778
-3.77536 -4.60108
-3.83638 -4.35244
-3.44711 -4.29964
-3.38408 -4.485
-3.63762 -4.99545
-3.44934 -5.09578
-3.61657 -5.20667
-3.38269 -5.28343
-3.5851 -5.36976
-3.71925 -5.50725
-3.46352 -5.48655
-3.60222 -5.64055
-3.34648 -5.61002
-3.45735 -5.74379
-3.21339 -5.68977
-3.02111 -5.7186
-3.06606 -5.54783
-3.19951 -5.58826
-3.22762 -5.46001
-3.06253 -5.34358
-3.18984 -5.26299
-3.25996 -5.05715
-3.08325 -5.13081
-2.97668 -4.99042
-2.97754 -4.71777
-2.86966 -4.85594
-2.86821 -4.57414
-2.98463 -4.39481
-2.85364 -4.29604
-2.93846 -3.99763
-3.08063 -4.12668
-3.07524 -3.84406
-3.16589 -3.94206
-3.19733 -3.6364
-3.08609 -3.63133
-3.09039 -3.34979
-3.21367 -3.27152
-3.17591 -2.96937
-3.33514 -3.34287
-3.03643 -2.91125
-3.14728 -2.61378
-3.06176 -2.57738
-3.11423 -2.30234
-2.90054 -3.03837
-2.82414 -2.71026
-2.78437 -3.23576
-2.87326 -3.56159
-2.97434 -3.3097
-3.00123 -3.63134
-2.75938 -4.02801
-2.77254 -3.60779
-2.70297 -3.6787
-2.66894 -3.92982
-2.6241 -4.14213
-2.62006 -3.80087
-2.52466 -3.91706
-2.57006 -3.56202
-2.64039 -3.46177
-2.69748 -3.32929
-2.74415 -3.47398
-2.69063 -2.86555
-2.65237 -3.20469
-2.58056 -3.12514
-2.61705 -2.62933
-2.70859 -2.349
-2.64687 -2.08152
-2.62792 -1.74602
-2.61199 -1.44622
-2.57555 -1.7159
-2.56184 -2.03043
-2.5233 -1.87642
-2.52287 -1.56355
-2.44899 -1.84276
-2.45144 -1.43384
-2.37981 -1.75126
-2.38317 -2.2355
-2.4674 -2.29218
-2.41701 -2.63241
-2.35393 -2.69579
-2.37404 -2.9871
-2.44197 -2.96085
-2.37319 -3.26296
-2.41139 -3.53282
-2.49436 -3.43071
-2.43246 -3.86473
-2.45377 -4.20226
-2.52225 -4.30744
-2.45601 -4.52885
-2.53782 -4.54723
-2.52518 -4.77868
-2.44618 -4.79675
-2.54236 -5.02801
-2.44368 -4.98736
-2.53152 -5.21031
-2.60825 -5.27232
-2.62567 -5.13622
-2.59546 -4.98123
-2.67091 -5.07653
-2.67645 -5.29341
-2.7348 -5.27538
-2.72833 -5.44391
-2.67396 -5.49263
-2.81767 -5.62765
-2.81377 -5.43367
-2.91953 -5.55523
-2.93178 -5.74697
-2.8517 -5.77477
-2.84591 -5.83283
-2.7321 -5.68755
-2.73031 -5.77005
-2.84128 -5.87689
-2.74355 -5.79511
-2.85141 -5.86738
-2.65801 -5.67291
-2.65743 -5.63675
-2.59389 -5.55869
-2.58109 -5.49862
-2.6568 -5.55676
-2.59045 -5.41135
-2.52545 -5.3483
-2.44709 -5.16024
-2.50811 -5.38764
-2.4337 -5.18854
-2.405 -5.03733
-2.39351 -4.88801
-2.40334 -4.78392
-2.35385 -4.58487
-2.39803 -4.6257
-2.38618 -4.39166
-2.34343 -4.22676
-2.39446 -4.12857
-2.37791 -3.90218
-2.32816 -3.87926
-2.37665 -3.72029
-2.35812 -3.54496
-2.31984 -3.66801
-2.30275 -3.44513
-2.32104 -3.26806
-2.28136 -3.08439
-2.23087 -3.4431
-2.26815 -3.64489
-2.2042 -3.67857
-2.23768 -3.8151
-2.19631 -3.92848
-2.23864 -4.32245
-2.24162 -4.2559
-2.26566 -4.40631
-2.22942 -4.39152
-2.26822 -4.50283
-2.30879 -4.57776
-2.29904 -4.73126
-2.33756 -4.81038
-2.3485 -4.91631
-2.3647 -5.02163
-2.38955 -5.00678
-2.3002 -4.73502
-2.26297 -4.53843
-2.38227 -4.89395
-2.35404 -4.69275
-2.32477 -4.49875
-2.33302 -4.55993
-2.34035 -4.44139
-2.32768 -4.31449
-2.30809 -4.12628
-2.28576 -4.20442
-2.29844 -4.37799
-2.24862 -4.14121
-2.25656 -4.00389
-2.29648 -3.80654
-2.22107 -3.24422
-2.15535 -3.18823
-2.21446 -3.07389
-2.23629 -2.8025
-2.29773 -2.7433
-2.31879 -2.49533
-2.29602 -2.62192
-2.27206 -2.44158
-2.31982 -2.25139
-2.30401 -1.96898
-2.34473 -1.46684
-2.30997 -1.34207
-2.38146 -1.23242
-2.29055 -1.20612
-2.17732 -3.00131
-2.23446 -1.34455
-2.92355 -5.36418
-2.80625 -5.22928
-2.88403 -5.11855
-2.78635 -4.98183
-2.77739 -4.69863
-2.69005 -4.84362
-2.67799 -4.47156
-2.76952 -4.42217
-2.59873 -4.66263
-2.61248 -4.87155
-2.7432 -5.09049
-2.58197 -4.43462
-2.97722 -5.20265
-2.51394 -2.9786
-2.56527 -2.81877
-2.54299 -2.53991
-3.61566 -5.8585
-3.7525 -5.78135
-3.92461 -5.89682
-4.01776 -5.82198
-4.23291 -5.91103
-4.25265 -5.77024
-4.40576 -5.7712
-4.2099 -5.61732
-3.93009 -5.67123
-4.08167 -5.99243
-4.04369 -6.06244
-4.18095 -6.11361
-4.94038 -5.79899
-4.91283 -3.23869
-4.77999 -3.11868
-4.87483 -2.94923
-4.98064 -2.63981
-5.22245 -2.59765
-5.0608 -2.31792
-4.81541 -2.28834
-4.61775 -1.8398
-4.8589 -1.54641
-4.67787 -1.35638
-4.47713 -1.50525
-4.48258 -1.18579
-4.28013 -1.1451
-4.29702 -1.46286
-4.12905 -1.4404
-4.11672 -1.81041
-4.35132 -1.73161
-4.29938 -2.08332
-4.50626 -2.39467
-4.21305 -2.49302
-4.35763 -2.70167
-3.96574 -2.68529
-4.03313 -2.27365
-3.79896 -2.50689
-3.8588 -2.09249
-3.91603 -1.61388
-3.70432 -1.97001
-3.64021 -2.36337
-3.66884 -1.58702
-3.47634 -1.77712
-3.52086 -1.509
-3.61944 -1.23436
-3.75383 -1.17727
-3.89471 -1.19987
-4.08871 -1.17052
-4.25076 -0.88518
-3.87217 -0.888345
-3.96917 -0.567678
-3.79326 -0.672247
-3.92969 -0.270767
-4.12481 0.00984272
-4.20461 0.269189
-4.00899 0.169469
-3.96867 0.478589
-3.82964 0.234326
-3.84378 0.426215
-3.8044 0.62864
-3.94408 1.02374
-3.65291 0.712183
-3.65429 0.367389
-3.52664 0.256625
-3.61894 0.075986
-3.75446 0.348297
-3.77683 -0.0953977
-3.58382 -0.306928
-3.69787 -0.4672
-3.54553 -0.589973
-3.58162 -0.883297
-3.72411 -0.969018
-3.4664 -1.29118
-3.39489 -1.09776
-3.43165 -0.796492
-3.31222 -0.985103
-3.24194 -1.27453
-3.32513 -1.42007
-3.18126 -1.05806
-3.31595 -0.751572
-3.20387 -0.696098
-3.32696 -0.500477
-3.43777 -0.52532
-3.43287 -0.250465
-3.24226 -0.315611
-3.4067 0.0250964
-3.15596 -0.172131
-3.09713 -0.405894
-3.09279 -0.670633
-2.99306 -0.702093
-3.09822 -0.939632
-2.99566 -0.434636
-3.07473 -0.224077
-3.00022 -0.161042
-3.11743 -0.0403479
-3.07276 0.0463368
-2.74556 -0.281794
-2.89767 -0.190069
-2.82705 -0.364778
-2.89359 -0.434458
-2.81001 -0.516314
-2.75282 -0.479286
-4.53073 -2.75031
-4.6632 -2.96941
-4.73059 -2.66244
-3.90318 1.19632
-3.92635 1.27887
-3.82456 1.18662
-5.51791 -0.352019
-5.67158 -0.391919
-5.57494 -0.630301
-6.07049 -4.82157
-6.32924 -4.84389
-6.24075 -4.56666
-5.97619 -4.62309
-6.00345 -4.40946
-5.91418 -1.64185
-7.01712 -3.13416
-7.24168 -3.03683
-7.18907 -3.37173
-7.31715 -3.52175
-5.84777 -6.01061
-5.77027 -6.06582
-5.88311 -6.05242
-4.56592 -5.9533
-4.64214 -5.88238
-4.35174 -5.92583
-4.38873 -5.83753
-4.70904 -5.77963
-4.41183 -5.74507
-4.26752 -5.6823
-4.55182 -5.64666
-4.24751 -5.5224
-3.97725 -5.543
-3.92698 -5.44338
-5.06517 -5.29061
-4.75212 -5.39998
-4.42882 -5.3731
-4.28693 -5.43058
-4.36017 -5.45679
-4.4705 -5.47078
-4.56955 -5.52758
-4.82288 -5.55142
-5.10051 -5.42131
-5.11237 -5.55916
-5.49079 -5.41903
-7.55554 -5.01672
-7.37997 -5.15151
-7.06316 -5.21597
-5.99881 -5.4442
-5.75184 -5.4285
-5.64792 -5.50309
-5.78624 -5.55146
-6.00331 -5.54238
-6.35921 -5.4784
-6.12601 -5.60519
-6.46663 -5.55948
-6.8029 -5.44165
-6.69151 -5.37046
-7.08723 -5.30789
-7.08565 -5.39455
-7.33335 -5.39449
-7.5027 -5.31034
-7.74128 -5.2464
-7.74827 -5.10587
-8.20899 -5.39749
-7.99887 -5.32426
-7.93818 -5.44334
-7.76897 -5.35854
-7.65253 -5.42389
-7.81448 -5.54419
-8.1785 -5.51226
-8.22201 -5.64552
-8.45267 -5.55436
-8.51517 -5.64855
-8.70239 -5.59111
-8.6336 -5.47897
-8.42221 -5.44414
-8.96636 -5.61765
-8.70519 -5.71074
-8.92972 -5.74393
-9.11804 -5.67866
-9.18252 -5.7384
-8.93512 -5.82834
-9.1605 -5.8323
-9.32821 -5.84049
-9.1266 -5.87774
-8.94852 -5.88261
-8.96535 -5.91278
-9.17317 -5.8862
-8.98303 -5.9135
-8.76456 -5.954
-8.74416 -5.93706
-8.56743 -5.98431
-8.46916 -5.93702
-8.69947 -5.88431
-8.41474 -5.87268
-8.62957 -5.80285
-8.20585 -5.77224
-8.27231 -5.916
-8.46225 -5.73262
-7.88852 -5.68176
-7.63399 -5.70538
-7.58808 -5.63388
-7.48188 -5.55174
-7.52673 -5.47693
-7.31684 -5.48067
-7.07908 -5.46496
-7.16937 -5.51845
-7.26592 -5.54647
-7.14179 -5.5562
-7.3586 -5.59783
-7.3349 -5.67777
-7.0193 -5.54537
-6.78302 -5.52907
-8.51069 -5.98286
-8.25761 -5.98763
-8.40322 -5.96886
-8.55863 -5.96726
-8.72895 -5.95942
-8.68971 -5.94664
-8.8593 -5.92281
-8.90892 -5.93536
-8.96987 -5.91807
-9.07648 -5.91979
-9.13159 -5.89549
-9.25996 -5.90495
-9.35283 -5.87128
-9.50552 -5.84078
-9.67169 -5.75032
-9.61961 -5.82207
-9.72399 -5.73513
-9.79753 -5.65117
-9.72076 -5.74535
-9.75853 -5.67464
-9.83644 -5.52847
-9.75813 -5.61774
-9.81441 -5.49156
-9.87209 -5.40516
-9.89021 -5.31547
-9.91146 -5.19158
-9.90388 -5.05727
-9.86225 -5.132
-9.84044 -5.35142
-9.77115 -5.22173
-9.82714 -4.94149
-9.87323 -4.97608
-9.89577 -4.78445
-9.81973 -4.70542
-9.86251 -4.53219
-9.93212 -4.59105
-9.81937 -4.26568
-9.84426 -3.96657
-9.77263 -4.02561
-9.73239 -4.10937
-9.74067 -4.38253
-9.63831 -4.17301
-9.62185 -4.50415
-9.55108 -4.21897
-9.49034 -4.38442
-9.53471 -4.57887
-9.46136 -4.64862
-9.39998 -4.4428
-9.36173 -4.57801
-9.35782 -4.76754
-9.47014 -4.98861
-9.30188 -4.97791
-9.35294 -5.2214
-9.48336 -5.24709
-9.42818 -5.40126
-9.29854 -5.40523
-9.34144 -5.54477
-9.47605 -5.54344
-9.36644 -5.67273
-9.51316 -5.67632
-9.37038 -5.79261
-9.52596 -5.7831
-9.36922 -5.857
-9.17119 -5.85777
-9.23927 -5.90909
-9.04404 -5.90168
-9.20401 -5.90978
-9.37357 -5.89619
-9.45079 -5.88545
-9.52886 -5.85824
-9.65382 -5.76978
-9.49817 -5.84749
-9.65855 -5.63573
-9.7634 -5.51999
-9.72814 -5.45187
-9.60805 -5.52214
-9.67572 -5.37184
-9.65283 -5.20652
-9.72322 -4.99457
-9.60925 -5.00393
-9.65811 -4.80476
-9.75249 -4.70161
-9.56519 -4.76383
-9.56001 -5.17865
-9.56321 -5.36922
-8.98065 -5.87739
-8.8473 -5.90145
-8.85451 -5.86229
-8.99028 -5.82397
-8.78079 -5.82229
-8.97067 -5.75031
-9.17302 -5.75215
-9.05619 -5.65351
-9.2315 -5.63817
-9.15685 -5.51312
-8.92341 -5.56101
-8.99898 -5.41554
-9.16009 -5.30548
-8.90761 -5.24331
-9.07972 -5.12731
-9.21539 -5.12367
-9.13893 -4.95583
-9.22009 -4.75997
-8.91348 -4.97276
-8.66159 -5.10532
-8.67416 -5.30021
-8.44469 -5.24564
-8.53625 -5.43633
-8.79039 -5.43478
-8.63828 -5.60702
-8.32589 -5.56608
-8.42252 -5.70415
-8.19614 -5.70728
-8.3434 -5.81706
-8.59392 -5.75987
-8.5453 -5.86072
-8.39492 -5.88565
-8.49321 -5.93166
-8.69596 -5.89551
-8.8312 -5.69267
-8.09156 -5.59619
-8.31897 -5.39622
-8.21664 -5.26379
-8.45709 -5.09122
-8.69378 -4.89233
-9.28313 -4.60364
-9.29724 -4.40756
-9.36165 -4.18054
-9.26056 -3.88065
-9.39478 -3.88629
-9.47031 -4.11857
-9.53325 -3.9298
-9.55332 -3.61642
-9.64612 -3.89888
-9.68574 -3.65831
-9.73025 -3.90832
-9.75471 -3.85169
-9.76713 -3.67462
-9.85121 -3.78006
-9.83709 -3.6295
-9.85919 -3.45177
-9.8504 -3.18685
-9.84515 -2.98424
-9.77868 -2.85438
-9.76456 -3.38888
-9.69103 -3.14848
-9.68093 -3.36189
-9.59593 -2.97608
-9.55954 -3.27753
-9.46269 -2.90827
-9.43101 -2.58051
-9.36656 -2.66763
-9.3026 -2.42877
-9.80276 -4.52502
-8.84347 -5.93556
-6.23008 -5.65589
-4.8526 -5.65784
-6.2495 -5.9983
-8.61914 -3.8443
-8.86214 -3.82552
-8.66022 -3.53395
-8.82276 -3.35657
-8.52315 -3.12032
-8.67764 -2.93416
-8.59792 -2.56506
-8.81192 -2.79513
-8.81855 -3.0726
-8.92739 -3.17029
-9.01169 -3.0013
-8.91313 -2.72244
-9.00462 -2.67227
-9.15715 -2.99476
-9.1321 -2.73608
-9.04984 -2.51164
-8.32702 -2.81186
-9.01341 -1.85525
-8.90458 -1.56528
-8.91128 -1.77696
-8.7632 -1.53544
-8.71606 -1.22191
-8.5774 -1.2349
-8.5084 -0.920053
-8.35361 -0.52988
-8.41071 -0.41091
-8.24975 -0.173121
-8.32001 -0.0947891
-8.15234 0.150902
-8.21897 0.203321
-8.30989 0.12712
-8.41877 0.0990216
-8.30747 0.276684
-8.37022 0.321627
-8.28883 0.413181
-8.20652 0.532703
-8.21949 0.367531
-8.15024 0.514695
-8.08382 0.675823
-8.13137 0.409882
-8.03047 0.467394
-7.93872 0.736993
-7.93614 0.965083
-7.75708 0.926588
-7.79092 1.2288
-7.60359 1.28384
-7.67486 1.37193
-7.69821 1.46673
-7.57757 1.44849
-7.50715 1.58356
-7.60202 1.68261
-7.08874 1.94551
-6.91242 2.07092
-6.73466 2.02251
-6.83749 1.90998
-7.00573 1.81585
-7.23281 1.78054
-7.16401 1.6715
-6.89348 1.70282
-7.09762 1.51319
-7.38394 1.48881
-7.29909 1.35285
-7.16932 1.22424
-7.39433 1.14937
-7.44723 1.291
-7.56143 1.0974
-7.53796 0.901706
-7.6373 0.942032
-7.67219 0.769566
-7.77461 0.614055
-7.69141 0.484527
-7.60602 0.699054
-7.51936 0.631183
-7.61933 0.32372
-7.78674 0.0602165
-7.62179 0.101371
-7.72239 -0.263208
-7.49334 0.05685
-7.51273 -0.257665
-7.69527 -0.534405
-7.52913 -0.602531
-7.74944 -0.801692
-7.65348 -0.889804
-7.7872 -1.02471
-7.95351 -1.04114
-7.8786 -1.28346
-7.68662 -1.12072
-7.75055 -1.41048
-7.5319 -1.24312
-7.49671 -0.900143
-7.28539 -0.984277
-7.26139 -0.582195
-7.28877 -0.238069
-7.03991 -0.205572
-7.02705 0.149649
-7.29654 0.0775481
-7.09346 0.423241
-7.3028 0.364553
-7.46064 0.381026
-7.30743 0.540534
-7.32926 0.69799
-7.35696 0.934916
-7.19049 0.952594
-6.97321 1.12632
-6.86503 1.42798
-6.7333 1.29466
-6.76075 1.04974
-7.11185 0.741481
-6.86399 0.718624
-6.89204 0.476662
-6.68279 0.664688
-6.59648 0.917362
-6.46981 0.811571
-6.50073 0.589108
-6.74203 0.399355
-6.55955 0.336876
-6.31274 0.408274
-6.2376 0.780379
-5.97634 0.523444
-5.95701 0.927449
-6.14765 1.0188
-6.32965 1.01312
-6.09235 1.24739
-6.45039 1.16512
-6.36719 1.35067
-6.25512 1.43985
-6.49774 1.48385
-6.56207 1.29051
-6.09382 1.58433
-6.43227 1.66935
-6.29225 1.78674
-6.60787 1.76977
-6.69623 1.62553
-6.78106 1.83171
-6.54522 1.90589
-6.89048 1.58819
-6.16223 1.91862
-6.38353 2.03608
-6.03574 2.02656
-5.74113 2.04095
-5.29393 1.88033
-5.0042 1.74414
-5.26775 1.74105
-5.05267 1.56024
-5.37326 1.60471
-5.62666 1.42017
-5.68088 1.67396
-5.66853 1.09455
-5.93741 1.79227
-5.66376 1.80802
-5.78849 1.91799
-5.49244 1.84887
-5.47981 1.74674
-5.54074 1.94934
-4.82906 1.42834
-6.48497 0.0776804
-6.39555 -0.211145
-6.59073 -0.219068
-6.47834 -0.421091
-6.61213 -0.492991
-6.52157 -0.705593
-6.67675 -0.76245
-6.73899 -0.591011
-6.72796 -0.404532
-6.89451 -0.582081
-6.82395 -0.791441
-7.02405 -0.9689
-7.10299 -0.707569
-7.20401 -1.22928
-7.29906 -1.50316
-7.36119 -1.29187
-7.48889 -1.51607
-7.45608 -1.83157
-7.64616 -1.73842
-7.6403 -1.50715
-7.77237 -1.64877
-7.97947 -1.69644
-7.8317 -1.92261
-8.23302 -1.79188
-8.10167 -1.44146
-8.33222 -1.63776
-8.53356 -1.86604
-8.46012 -1.53278
-8.6088 -1.52123
-8.47307 -1.3911
-8.45573 -1.23509
-8.41011 -0.985158
-8.27874 -1.00366
-8.2709 -0.785147
-8.34168 -0.741605
-8.1727 -0.491486
-8.14891 -0.180587
-7.99437 -0.0869311
-8.02936 0.180545
-7.86396 0.304519
-7.89565 0.552208
-8.13593 7.12574e-05
-7.96415 -0.409647
-8.14341 -0.701208
-8.04385 -0.809129
-8.22593 -1.24319
-8.37917 -1.27896
-7.85258 -0.712926
-7.87593 -0.548252
-7.78926 -0.521726
-7.67455 -2.0172
-7.69988 -2.41169
-7.74796 -2.5743
-7.23515 -1.7326
-7.02975 -0.456078
-6.8175 -0.241597
-6.76485 0.0865191
-6.66258 -0.0466986
-7.34751 1.65803
-7.4165 1.72703
-7.31954 1.83457
-9.80378 -2.16607
-9.75874 -1.89106
-2.43534 -4.92193
-2.53777 -5.02701
-2.61131 -5.16905
-2.75868 -5.19046
-2.69106 -5.34751
-2.9094 -5.43836
-2.95581 -5.25766
-2.29602 -2.62192
