-9.4326 4.3905
-9.33916 4.6245
-9.24099 4.8543
-9.01895 5.30355
-8.27149 6.72336
-8.18488 6.88401
-8.07521 7.05961
-7.84109 7.41524
-7.72271 7.57116
-7.64154 7.65502
-7.3769 7.89164
-7.09781 8.03259
-6.63812 8.22436
-5.79022 8.32431
-5.57916 8.32614
-5.37082 8.32742
-4.93479 8.31235
-4.72249 8.26305
-4.51512 8.19922
-4.25499 8.08911
-4.00177 7.97255
-3.7879 7.78931
-3.39065 7.42495
-3.2113 7.24077
-3.04921 7.04641
-2.94451 6.85724
-2.85705 6.64362
-2.77613 6.44218
-2.54838 5.73645
-2.30729 4.80053
-2.27372 4.64849
-2.23699 4.47526
-2.20446 4.30373
-2.17659 3.99108
-2.1546 3.66233
-2.14178 3.24178
-2.15754 3.11299
-2.21123 2.67844
-2.25381 2.47696
-2.37691 2.14615
-2.48831 1.94139
-2.6956 1.6213
-2.79921 1.47358
-2.93819 1.27741
-3.103 1.09573
-3.26826 0.950382
-3.50972 0.742211
-3.73356 0.573559
-3.91666 0.455779
-4.18617 0.314757
-4.42702 0.211182
-4.69635 0.0975305
-4.74929 0.0774803
-4.89668 0.0246856
-5.11505 -0.0478116
-5.33341 -0.105515
-5.56781 -0.11247
-5.73218 -0.0931855
-6.11149 -0.0272768
-9.47593 0.612017
-9.59106 0.681563
-9.61339 0.700537
-9.67696 0.82916
-9.74261 0.986007
-9.79061 1.11846
-9.86468 1.42579
-10.0574 2.50017
-10.0615 2.56594
-9.94465 2.99281
-9.75674 3.52174
