8.39024 -1.88908
8.47749 -1.9712
8.49118 -2.11976
8.29658 -1.89557
8.28342 -1.74523
8.1704 -1.70046
8.16897 -1.61108
8.05581 -1.49474
8.05303 -1.59026
7.93618 -1.49886
7.94067 -1.40062
7.84157 -1.4211
7.82717 -1.3231
7.7146 -1.25328
7.59338 -1.18758
7.75806 -1.42351
7.5305 -1.32004
7.74876 -1.67668
7.87946 -1.62902
7.88911 -1.53435
8.02238 -1.70492
7.97943 -1.85134
8.12762 -1.96711
8.14499 -1.85206
8.12991 -1.73967
8.21995 -1.87167
8.24068 -2.04435
8.28635 -2.0171
8.33575 -2.09888
8.32279 -2.17994
8.39363 -2.33501
8.4939 -2.37518
8.54869 -2.64726
8.60996 -2.91841
8.67784 -3.17607
8.61324 -3.31175
8.52602 -3.10727
8.52309 -3.4081
8.49724 -3.23819
8.49165 -2.93163
8.45767 -3.12944
8.40499 -2.88258
8.41291 -2.58702
8.33052 -2.55194
8.34334 -2.3949
8.36344 -2.34529
8.30233 -2.24289
8.24012 -2.25527
8.09826 -2.15154
8.20387 -2.45302
8.27945 -2.74749
8.163 -2.6649
8.06766 -2.36401
8.00642 -2.60565
7.94892 -2.30442
7.92735 -2.05328
7.75706 -1.92681
7.56516 -1.76243
7.51114 -1.502
7.34516 -1.49245
7.2883 -1.73401
7.53376 -1.97114
7.40714 -2.09353
7.12824 -1.9533
7.02644 -1.67874
6.80886 -1.7278
6.94497 -2.07028
7.11969 -2.14656
7.1087 -2.33586
7.26945 -2.24719
7.32803 -2.57023
7.48311 -2.40788
7.6678 -2.27906
7.64453 -2.57348
7.52851 -2.68907
7.67756 -2.83252
7.55553 -2.91105
7.64551 -3.11185
7.4425 -3.08576
7.56818 -3.40556
7.36429 -3.43143
7.49279 -3.68831
7.31556 -3.81693
7.52628 -4.05844
7.66915 -3.72658
7.75125 -4.09257
7.89426 -3.73929
7.9455 -4.1601
8.07827 -3.96603
8.13574 -4.36373
8.21565 -4.16364
8.32735 -4.48744
8.29321 -4.78004
8.11318 -4.6234
8.00106 -4.4364
7.99338 -4.67605
8.16508 -4.91139
8.02601 -4.98149
8.215 -5.2655
8.06529 -5.26517
8.17233 -5.41444
8.12932 -5.55484
8.27421 -5.57061
8.27928 -5.79053
8.42797 -5.84465
8.40252 -5.53871
8.38087 -5.19091
8.54899 -5.5436
8.56952 -5.27306
8.4381 -5.03089
8.4993 -4.88431
8.66868 -5.1881
8.65931 -4.96241
8.55239 -4.7796
8.46934 -4.57063
8.5889 -4.68731
8.49791 -4.39387
8.3519 -4.18325
8.43572 -4.0793
8.34181 -3.7536
8.21428 -3.84148
8.21403 -3.43373
8.07658 -3.58027
8.08989 -3.22898
8.17201 -3.18002
8.24113 -3.13754
8.32625 -3.35444
8.31868 -3.03984
8.40637 -3.22335
8.23769 -2.90157
8.42214 -3.55284
8.4732 -3.39584
8.49061 -3.76015
8.51002 -3.49237
8.52453 -3.67688
8.58569 -3.59191
8.56614 -3.84543
8.54909 -3.94654
8.61468 -4.05752
8.67275 -3.95904
8.65895 -3.7507
8.72894 -3.90424
8.72252 -3.65218
8.66161 -3.5471
8.74475 -3.4161
8.8134 -3.63635
9.10652 -4.62358
9.11563 -4.77583
9.10134 -4.78328
9.10469 -4.71789
9.11021 -4.79165
9.10887 -4.68921
9.09064 -4.50137
8.98462 -4.1592
8.93613 -4.00143
8.8763 -3.83636
8.81386 -3.97978
8.77959 -4.09331
8.84212 -4.21098
8.76384 -4.24172
8.83573 -4.42734
8.94558 -4.38003
8.92574 -4.62867
9.00011 -4.64776
8.99798 -4.43677
9.024 -4.25159
9.04805 -4.32972
9.06135 -4.39621
9.04292 -4.68192
9.03249 -4.73729
9.08162 -4.76291
9.076 -4.99591
9.10665 -4.89022
9.12563 -5.10066
9.14544 -5.06302
9.12806 -4.91523
9.11573 -4.79077
9.13989 -5.01579
9.15553 -5.12138
9.16961 -5.27142
9.18971 -5.26718
9.18515 -4.95217
9.18726 -5.10371
9.20841 -5.25493
9.22321 -5.45769
9.23252 -5.89672
9.22897 -5.67123
9.24626 -5.80399
9.23013 -5.55499
9.21796 -5.59404
9.2488 -5.97678
9.2565 -6.14138
9.26147 -6.29788
9.25045 -6.44268
9.21782 -6.30633
9.2492 -6.12221
9.22651 -6.10006
9.20969 -6.26812
9.2165 -6.4371
8.71036 -7.49324
8.52262 -7.59194
8.11383 -7.69791
8.31922 -7.65217
8.38621 -7.76406
8.51274 -7.76593
8.44151 -7.88212
8.59631 -7.86766
8.61738 -7.72121
8.71641 -7.74974
8.70791 -7.94969
8.52015 -7.99956
8.59708 -8.11651
8.7564 -8.03397
8.85142 -7.90751
8.83393 -8.02237
8.92866 -7.93607
8.97365 -7.80633
8.98805 -7.85986
9.05781 -7.72016
9.06139 -7.74468
8.97441 -7.91079
9.04803 -7.72719
8.96202 -7.83573
9.03819 -7.63855
9.07271 -7.57562
9.07867 -7.57417
9.12084 -7.38777
9.0781 -7.49669
9.1019 -7.37372
9.13122 -7.2476
9.1039 -7.2298
9.04539 -7.46342
9.0419 -7.29583
9.06853 -7.09056
9.11934 -7.03777
9.1321 -6.88941
9.17887 -6.91452
9.16622 -7.08742
9.20795 -6.92787
9.17774 -7.1292
9.22715 -6.88618
9.18121 -7.04925
9.21519 -6.84025
9.21545 -6.98051
9.22944 -6.80812
9.22014 -6.94837
9.23616 -6.81336
9.22152 -6.89196
9.22772 -6.75066
9.2292 -6.59921
9.24649 -6.66593
9.23717 -6.53309
9.24007 -6.59395
8.92457 -7.34788
9.02155 -7.27388
8.98444 -7.44969
9.0952 -7.39778
9.03684 -7.60941
9.13522 -7.47759
9.16172 -7.26194
9.16218 -7.34714
9.17587 -7.26646
9.17645 -7.29839
9.18486 -7.13374
9.17962 -7.17472
9.13571 -7.39127
9.16025 -7.23793
9.13826 -7.42647
9.10431 -7.57378
9.0904 -7.60732
9.20129 -7.0596
9.17815 -6.99578
9.1586 -7.1083
9.11216 -7.19783
9.12405 -7.25829
8.92494 -7.5799
8.89412 -7.48003
8.87464 -7.55835
8.82964 -7.52073
8.82055 -7.42133
8.84389 -7.64621
8.82161 -7.81886
8.91143 -7.73349
9.23165 -6.6717
9.25133 -6.46011
9.25881 -6.17484
9.28064 -6.36428
9.26701 -6.19575
9.2529 -6.36235
9.24079 -6.28024
9.24862 -6.57353
9.23467 -6.47005
9.23295 -6.71007
9.17647 -6.57006
9.17164 -6.38684
9.20184 -6.21602
9.14968 -6.21385
9.16539 -6.01915
9.20666 -5.96029
9.17166 -5.83226
9.198 -5.72826
9.15733 -5.62696
9.18456 -5.50061
9.23559 -5.63369
9.22175 -5.43418
9.1859 -5.3427
9.1908 -5.55674
9.19066 -5.44091
9.18655 -5.43717
9.20417 -5.60859
9.22907 -5.85346
9.21761 -5.7694
9.24874 -5.99548
9.26246 -5.96871
9.2313 -5.81941
9.22917 -6.11239
9.17169 -5.28403
9.11841 -5.32541
9.11587 -5.55928
9.12621 -5.81306
9.06631 -5.64307
9.06281 -5.38947
9.04012 -5.41894
9.02497 -5.21127
9.04676 -5.17661
9.01302 -4.97924
9.01684 -5.10252
8.98107 -4.85854
9.03891 -4.77575
9.00181 -4.79802
9.00232 -4.88634
9.00132 -4.80388
8.99217 -4.763
9.0321 -4.91965
8.96335 -4.79751
8.88514 -4.75963
8.97804 -4.89217
8.93131 -4.9317
8.81901 -4.77951
8.76752 -4.63758
8.71405 -4.6701
8.82171 -4.85719
8.73341 -4.84868
8.61232 -4.55558
8.60171 -4.42864
8.53438 -4.27349
8.54623 -4.13812
8.48686 -4.02063
8.43878 -3.83465
8.58539 -4.15518
8.61285 -4.33419
8.66145 -4.23922
8.69983 -4.12651
8.72523 -4.44049
8.74087 -4.07479
8.66141 -4.52066
8.81782 -4.59129
8.80926 -5.15965
8.88357 -5.03887
8.93623 -5.28497
8.98279 -5.1623
9.02759 -5.06135
9.05208 -5.28325
9.05943 -5.18337
9.01569 -5.05838
9.03647 -5.19612
9.04358 -5.29747
9.0526 -5.36174
9.04642 -5.5154
9.07242 -5.48296
9.04582 -5.59919
9.0623 -5.68341
9.11249 -5.58998
9.09994 -5.8225
9.05119 -5.88589
9.03505 -5.71422
9.03952 -6.01964
9.07661 -5.94646
9.06975 -6.2066
9.11391 -6.16669
9.13097 -6.39718
9.11993 -6.03809
9.14009 -6.41712
9.13338 -6.51556
9.13772 -6.61119
9.18633 -6.76104
9.17867 -6.74076
9.16356 -6.59018
9.182 -6.65395
9.20417 -6.5498
9.18392 -6.36759
9.20103 -6.50115
9.20452 -6.70607
9.15666 -6.71394
9.12671 -6.8159
9.06863 -6.94097
9.06874 -6.84029
8.99809 -6.95676
8.99117 -7.09098
9.01676 -7.18564
8.96872 -7.29283
8.98256 -7.51381
8.91648 -7.48596
8.86894 -7.32499
8.90527 -7.17109
8.81574 -7.18818
8.86452 -7.11215
8.80095 -7.05205
8.69617 -7.17593
8.75673 -7.3303
8.60271 -7.29196
8.52616 -7.14317
8.65658 -7.08085
8.58369 -7.05641
8.47266 -7.01204
8.22424 -7.142
8.40723 -7.29475
8.19523 -7.33873
7.97171 -7.34246
7.88122 -7.19314
8.10539 -7.0276
7.90621 -7.13126
7.71786 -7.24872
7.82215 -7.1524
7.67534 -7.25125
7.54692 -7.36562
7.51246 -7.39147
7.36675 -7.51703
7.34786 -7.53715
7.495 -7.46617
7.32356 -7.66397
7.53604 -7.60326
7.70833 -7.39578
7.78383 -7.55113
7.59673 -7.72846
7.39198 -7.82263
7.52544 -7.8802
7.40248 -7.93795
7.47681 -8.00993
7.28264 -8.0121
7.32369 -8.13933
7.54629 -8.0836
7.63331 -8.01759
7.71781 -8.06352
7.67952 -8.11965
7.81311 -8.0877
7.85008 -8.14994
7.94483 -8.08316
7.88673 -8.03831
8.10041 -8.01545
8.06131 -8.11227
8.27728 -8.0618
8.31886 -7.97661
8.46614 -8.01911
8.47686 -7.87487
8.21305 -7.87138
8.38047 -7.74167
8.55051 -7.73827
8.49546 -7.59968
8.65035 -7.64674
8.65899 -7.78293
8.75888 -7.65645
8.77472 -7.79156
8.8547 -7.64467
8.86251 -7.77566
8.91897 -7.63413
8.9261 -7.73059
8.99704 -7.6796
8.9274 -7.83812
8.84667 -7.9719
8.85595 -8.02066
8.75213 -8.12177
8.72921 -8.07952
8.84118 -7.91154
8.71983 -8.01734
8.77601 -7.89173
8.65452 -7.941
8.56629 -8.08918
8.65706 -8.10986
8.5483 -8.16825
8.66782 -8.17274
8.58576 -8.21585
8.73325 -8.14816
8.58841 -8.24698
8.73058 -8.1665
8.64943 -8.19528
8.79792 -8.10898
8.84676 -8.07477
8.90289 -7.99379
8.73537 -8.10377
8.47497 -8.20714
8.42899 -8.16041
8.38654 -8.09507
8.31389 -8.14909
8.30833 -8.19329
8.15363 -8.14946
8.22854 -8.10635
8.02532 -8.10039
8.20394 -8.05819
8.32415 -7.99856
8.30354 -7.87541
8.15205 -7.9217
8.21191 -7.79478
7.99411 -7.83357
7.90695 -7.72715
7.69831 -7.73958
7.65324 -7.84546
7.48659 -7.75034
7.27302 -7.76166
5.34392 -7.81892
5.51181 -7.88138
5.41008 -7.87308
5.67474 -7.92292
5.35274 -7.95565
5.1715 -7.7557
5.04749 -7.94562
4.81604 -7.83171
4.75925 -7.68681
4.99626 -7.69226
4.82082 -7.62033
4.64412 -7.55248
4.49112 -7.58916
4.48352 -7.51204
3.99798 -7.51849
4.1594 -7.49738
4.00648 -7.58021
3.83473 -7.52349
3.83056 -7.66531
3.99577 -7.64342
4.16605 -7.59227
4.07693 -7.69429
3.90777 -7.70741
3.93588 -7.75075
4.04004 -7.80357
3.90168 -7.79998
3.89498 -7.84803
4.01083 -7.89925
4.2271 -7.89138
4.19405 -7.98973
4.00772 -7.96797
4.07826 -8.02356
4.23371 -8.05981
4.41992 -8.08839
4.3575 -8.1332
4.59843 -8.18958
4.73436 -8.14248
4.85345 -8.2744
5.03603 -8.2651
5.02472 -8.18284
5.25309 -8.25775
5.24305 -8.10137
4.91444 -8.06091
4.78988 -7.94815
4.65148 -8.0141
4.5228 -7.87273
4.61135 -7.75233
4.42042 -7.72322
4.52988 -7.67299
4.36546 -7.62129
4.33062 -7.49618
4.253 -7.67988
4.23657 -7.77472
4.44209 -8.00418
5.53422 -8.22167
5.46096 -8.35463
5.79369 -8.3418
5.64265 -8.40869
5.84436 -8.43459
5.94976 -8.41437
6.08897 -8.47376
5.85975 -8.46839
5.72123 -8.44183
5.67982 -8.43522
5.82995 -8.42305
5.9942 -8.47957
6.03706 -8.40593
5.79089 -8.3148
5.623 -8.36203
5.51195 -8.26232
5.66566 -8.18177
5.86163 -8.21108
5.77568 -8.06796
5.95866 -8.14596
5.95436 -8.04836
6.11857 -8.15213
6.1185 -8.06254
5.97007 -7.98538
5.78367 -7.94401
5.90535 -7.89547
5.68607 -7.81767
5.97631 -7.7885
5.74287 -7.62679
5.41515 -7.67369
5.40364 -7.87926
5.10236 -7.78203
5.18336 -7.95365
4.95905 -7.96526
5.10229 -8.09582
4.82302 -8.08644
4.72213 -7.98258
4.5704 -8.0449
4.61555 -7.98995
4.56618 -7.90698
4.33659 -7.94449
4.33738 -7.76849
4.06353 -7.8321
4.13694 -7.65564
3.88185 -7.61905
3.76073 -7.82394
3.90503 -7.95521
3.68157 -7.93953
3.73585 -8.00139
3.93274 -8.01234
3.90229 -8.03183
4.06516 -8.07127
4.02521 -8.07527
4.15888 -8.1245
4.07958 -8.08127
4.23023 -8.12871
4.29168 -8.16452
4.36494 -8.18269
4.44462 -8.22274
4.54306 -8.22602
4.64454 -8.27537
4.59545 -8.26698
4.76987 -8.31686
4.71556 -8.26106
4.93478 -8.31456
4.92915 -8.21448
5.12751 -8.29999
5.15624 -8.21396
5.31172 -8.15024
5.31703 -8.24915
5.47714 -8.15888
5.30589 -8.33478
5.44129 -8.33879
5.31193 -8.38999
5.47417 -8.39159
5.33494 -8.4034
5.36367 -8.41468
5.55954 -8.42938
5.44944 -8.39981
5.32974 -8.40118
5.30014 -8.37493
5.23603 -8.32885
5.10087 -8.34217
5.18174 -8.39195
4.97328 -8.33813
4.82627 -8.29653
4.70553 -8.2611
4.73067 -8.28795
4.86669 -8.3317
4.82519 -8.32183
4.99772 -8.36677
4.97007 -8.35296
5.18209 -8.41151
5.13565 -8.36928
5.46984 -8.06323
5.33105 -8.02944
5.48401 -7.97686
5.59515 -7.91618
5.61709 -7.99362
5.59322 -8.07363
4.66161 -8.16832
4.4626 -8.19388
4.50863 -8.12824
4.36667 -8.07744
4.21454 -8.10517
4.2831 -8.17114
4.1757 -8.12758
4.05296 -8.02295
4.15012 -7.99594
4.15668 -8.07926
3.99686 -8.04046
3.92408 -7.99677
3.83758 -8.01343
3.92675 -8.04042
3.72678 -8.01852
3.68472 -7.99332
3.5052 -8.00639
3.56393 -8.02402
3.43853 -8.02304
3.34112 -8.03926
3.36482 -8.0215
3.21098 -8.04695
3.16201 -7.96625
3.08948 -8.01759
2.99168 -7.94684
2.99782 -7.99525
3.11544 -8.06978
3.03317 -8.04908
3.11034 -8.08252
3.11527 -8.10043
3.18582 -8.11756
3.26259 -8.11158
3.16724 -8.06663
3.38285 -8.0522
3.29393 -8.0264
3.21412 -8.00358
3.32403 -7.95273
3.41882 -7.97676
3.47288 -7.88708
3.55233 -7.90312
3.60618 -7.82963
3.68309 -7.83398
3.74307 -7.76757
3.59835 -7.75714
3.70378 -7.64985
3.58159 -7.63054
3.68688 -7.50017
3.54525 -7.465
3.41188 -7.42109
3.09461 -7.11155
3.18414 -7.26963
3.04045 -7.252
3.13462 -7.36931
3.28638 -7.40248
3.16559 -7.4811
3.02588 -7.41672
3.07953 -7.57155
3.2386 -7.56612
3.3341 -7.48133
3.36269 -7.54155
3.33691 -7.64997
3.47722 -7.61672
3.44768 -7.72134
3.3062 -7.78921
3.37847 -7.84691
3.2134 -7.91203
3.15418 -7.78408
3.08378 -7.9069
2.9912 -7.8324
2.99739 -7.69186
3.16047 -7.65549
2.95798 -7.53858
2.86427 -7.57826
2.86185 -7.38459
2.93676 -7.29704
2.85955 -7.23225
2.91656 -7.16724
2.97839 -7.08241
2.86266 -7.02153
2.9144 -6.95448
2.77821 -6.84012
2.90963 -6.92222
3.00202 -7.01025
2.65387 -6.75928
2.53582 -6.67249
2.6016 -6.85049
2.74134 -6.94522
2.69313 -7.03983
2.80572 -7.10236
2.76683 -7.20459
2.66437 -7.15686
2.58887 -6.97959
2.56667 -7.1517
2.4824 -6.93309
2.48142 -6.79772
2.40415 -6.75255
2.40204 -6.67625
2.33173 -6.58907
2.36827 -6.55575
2.4226 -6.6695
2.45372 -6.56453
2.48783 -6.71517
2.28156 -6.06469
2.25338 -5.68419
2.25465 -5.80524
2.2658 -5.93183
2.27141 -5.89561
2.29202 -6.04982
2.2898 -6.20818
2.30375 -6.32282
2.30488 -6.19981
2.31885 -6.41657
2.33594 -6.63661
2.33595 -6.33325
2.30418 -6.41009
2.34434 -6.67964
2.37871 -6.88723
2.38779 -6.86503
2.46058 -7.07897
2.43636 -7.11198
2.35913 -6.93217
2.46201 -7.1925
2.50899 -7.28991
2.52735 -7.27411
2.57399 -7.41804
2.61615 -7.44544
2.57604 -7.31608
2.64882 -7.47558
2.68869 -7.56652
2.72093 -7.57776
2.66144 -7.44145
2.70788 -7.51479
2.69636 -7.42123
2.77176 -7.58215
2.77063 -7.46562
2.87731 -7.72661
2.79761 -7.72232
2.73816 -7.70221
2.82111 -7.80712
2.89314 -7.83187
2.87886 -7.88561
2.79908 -7.81925
2.9142 -7.94988
2.8366 -7.91349
2.74113 -7.76948
2.67499 -7.61204
2.67252 -7.64777
2.5811 -7.45038
2.63971 -7.57124
2.55153 -7.39843
2.49319 -7.30499
2.4191 -7.11765
2.36952 -6.92339
2.3954 -6.82119
2.35399 -6.69378
2.34865 -6.73594
2.31303 -6.41488
2.34515 -6.51648
2.3009 -6.20952
2.28638 -6.08443
2.27628 -6.06874
2.26714 -5.87612
2.27336 -5.82271
2.26144 -5.55177
2.29207 -5.85202
2.27462 -5.4392
2.29416 -5.33266
2.37332 -5.18707
2.32887 -5.44089
2.32242 -5.71718
2.37171 -5.53746
2.39425 -5.7747
2.41852 -5.56916
2.47729 -5.34557
2.40213 -4.98816
2.53734 -5.17125
2.56108 -5.52721
2.48575 -5.65205
2.55774 -5.90131
2.67912 -5.75422
2.67913 -5.33299
2.77263 -5.54865
2.83043 -5.79334
2.8111 -6.10999
2.91601 -6.03018
2.89901 -6.22714
2.85711 -6.44871
2.73819 -6.39981
2.75928 -6.70335
2.88277 -6.72506
2.83784 -6.95955
2.71999 -6.99765
2.6609 -6.77673
2.66657 -6.5282
2.60028 -6.6599
2.59155 -6.38822
2.53592 -6.51896
2.52004 -6.22984
2.47581 -6.49594
2.52762 -6.74899
2.44593 -6.80103
2.53948 -6.99485
2.47698 -7.05203
2.57536 -7.19221
2.5369 -7.30631
2.68345 -7.39095
2.67025 -7.51681
2.60381 -7.45839
2.71282 -7.64634
2.75056 -7.63228
2.79486 -7.74457
2.78178 -7.77224
2.76476 -7.78094
2.86376 -7.87707
2.89348 -7.96883
2.98657 -8.03761
2.89323 -7.82839
3.00862 -7.85928
2.88744 -7.72399
2.83776 -7.73989
2.76444 -7.62792
2.81816 -7.54945
2.82077 -7.36595
2.71297 -7.29784
2.64618 -7.15727
2.7412 -7.20947
2.60328 -6.90919
2.81268 -7.1587
2.94546 -7.18325
2.98164 -7.41958
2.9375 -7.57785
3.10721 -7.56624
3.09894 -7.318
3.2616 -7.37629
3.31767 -7.60818
3.18935 -7.75677
3.34905 -7.80281
3.22551 -7.878
3.11508 -7.86096
3.03534 -7.7435
3.35156 -7.93077
3.52823 -7.87049
3.56418 -7.66141
3.52674 -7.98509
3.67351 -8.0106
3.48913 -7.34961
3.71227 -7.4393
3.93457 -7.34269
4.08962 -7.49605
4.19616 -7.29201
4.35245 -7.5325
4.48232 -7.27839
4.32448 -7.07765
4.0438 -7.01135
4.34009 -6.78365
4.03486 -6.62854
3.78928 -6.79416
3.74374 -7.15797
3.54508 -6.95719
3.58704 -6.59001
3.47772 -6.761
3.39556 -6.885
3.37065 -6.62015
3.2558 -6.9255
3.35727 -7.12678
3.21214 -7.18061
3.10308 -7.07036
2.99475 -6.87345
3.13414 -6.85386
3.10021 -6.66039
2.97666 -6.58817
3.08221 -6.43359
2.97776 -6.35559
3.04604 -6.26095
2.97065 -6.18795
3.05509 -6.07232
2.98371 -5.77819
3.16728 -5.87554
3.20214 -6.09353
3.1511 -6.26699
3.32427 -6.27131
3.21667 -6.48572
3.21371 -6.71
3.48272 -6.36179
3.47514 -6.14046
3.34256 -5.99591
3.56364 -5.90312
3.33502 -5.73346
3.1328 -5.56629
3.31013 -5.43999
3.48488 -5.60631
3.50731 -5.34955
3.69676 -5.58889
3.73239 -5.30458
3.93053 -5.43974
3.89124 -5.66667
3.78443 -5.82133
3.96695 -5.85372
4.09173 -5.63027
4.2046 -5.87166
4.35552 -5.62002
4.4934 -5.91697
4.6373 -5.63329
4.75619 -5.85609
4.735 -6.0959
4.5505 -6.1963
4.73633 -6.33363
4.532 -6.48233
4.95467 -6.62351
4.66882 -6.79417
4.95389 -7.05223
5.29523 -6.93928
5.35609 -7.23933
5.07602 -7.45793
4.75736 -7.25943
4.6874 -7.48268
4.58599 -7.03738
4.85534 -7.65972
4.59914 -7.70677
4.80183 -7.84215
5.47035 -7.47628
5.76459 -7.36537
5.58478 -7.11448
5.91805 -7.10214
6.12722 -7.34667
6.15401 -7.60152
6.45633 -7.43964
6.43675 -7.60259
6.47753 -7.72376
6.64772 -7.60033
6.65225 -7.71292
6.66793 -7.79623
6.49955 -7.8716
6.6832 -7.91009
6.52691 -7.99642
6.35268 -7.9424
6.26442 -7.81948
6.128 -7.94629
6.33489 -8.08023
6.21599 -8.13412
6.29273 -8.19201
6.21944 -8.26474
6.06693 -8.20774
6.02635 -8.28854
6.22262 -8.35561
6.40189 -8.34605
6.40153 -8.40639
6.61238 -8.34628
6.53586 -8.28072
6.68799 -8.25146
6.7343 -8.25517
6.77515 -8.17896
6.77912 -8.19972
6.7898 -8.24198
6.85416 -8.11964
6.96371 -8.16738
7.00129 -8.01553
7.04848 -8.10248
7.13491 -8.14093
7.12088 -8.04173
7.17655 -7.88394
7.1612 -7.73235
7.25445 -7.64011
7.22822 -7.64657
7.07456 -7.78159
7.18437 -7.66916
6.97586 -7.86273
7.087 -7.71413
7.04459 -7.72022
6.86441 -7.81095
6.81556 -7.93372
6.81706 -8.02138
6.87022 -8.01675
6.77621 -8.13364
6.70316 -8.10182
6.69151 -8.01464
6.56362 -8.10053
6.62665 -8.18632
6.4637 -8.19304
6.38326 -8.27221
6.82876 -8.07859
6.93503 -7.9579
6.99229 -7.64947
6.7979 -7.68918
6.93194 -7.51277
6.75036 -7.43288
6.69861 -7.25247
6.34321 -7.15713
6.65567 -7.012
6.95366 -7.10402
6.9739 -7.30719
7.2686 -7.11751
7.17802 -7.34647
7.14658 -7.50068
7.3313 -7.35369
7.27855 -7.47205
7.14761 -7.59668
7.23625 -7.54621
7.17601 -7.6259
7.36054 -7.48229
7.46345 -7.32865
7.59982 -7.28957
7.69219 -7.17196
7.52737 -7.211
7.38693 -7.22203
7.61941 -7.05718
7.51579 -6.89675
7.30378 -6.91078
7.131 -6.96678
7.14118 -6.73442
6.90703 -6.88326
6.88198 -6.69487
6.59067 -6.68822
6.37193 -6.90241
6.11032 -6.6547
6.12674 -6.94084
5.87718 -6.83379
5.60498 -6.87624
5.62746 -6.53814
5.33822 -6.68043
5.22579 -6.39043
4.95176 -6.27305
5.12757 -6.17668
5.38391 -6.01225
4.98059 -6.01184
4.97298 -5.66871
5.28249 -5.54379
5.0364 -5.23757
4.77119 -5.40139
4.51558 -5.36656
4.69892 -5.12049
4.43682 -5.12488
4.213 -5.32532
4.2284 -4.98856
3.93381 -5.11204
4.03779 -4.83966
3.83482 -4.81407
3.61324 -5.01758
3.64858 -4.70977
3.48608 -4.74113
3.41504 -4.91755
3.31624 -4.69824
3.28703 -4.96633
3.4055 -5.13082
3.27624 -5.19784
3.15874 -5.03765
3.15043 -5.28282
3.0507 -5.11603
3.00976 -5.31257
2.94093 -5.06822
2.89378 -5.23058
2.81612 -5.06015
2.80803 -5.3132
2.9128 -5.38944
2.88503 -5.55716
2.99177 -5.52148
2.70347 -5.07672
2.57904 -5.04712
2.43595 -4.74758
2.60864 -4.85096
2.58326 -4.60955
2.47148 -4.52651
2.83676 -2.47319
2.93037 -2.3093
2.99796 -2.49486
2.89552 -2.61224
3.01819 -2.68924
3.08349 -2.5806
3.15385 -2.48642
3.09549 -2.31135
3.26477 -2.34307
3.22123 -2.15363
3.44865 -2.20604
3.4133 -1.9685
3.63155 -2.01192
3.59026 -1.75846
3.75518 -1.78988
3.71122 -1.60029
3.61363 -1.42923
3.40372 -1.74397
3.3986 -1.62827
3.23405 -1.74835
3.34526 -1.58994
3.14732 -1.92256
3.05006 -2.12388
3.70838 -1.19054
3.65963 -1.31654
3.51921 -1.50675
3.73771 -1.44796
3.84558 -1.31687
3.86573 -1.57106
4.07131 -1.39702
4.02867 -1.62422
3.93834 -1.81953
4.10727 -1.75788
4.22 -1.61361
4.20667 -1.79781
4.34706 -1.87617
4.485 -1.56629
4.59206 -1.86591
4.74301 -1.66797
4.67983 -1.37917
4.91074 -1.48634
4.84871 -1.22446
5.11455 -1.34616
4.9938 -1.06439
5.25161 -1.15029
5.35507 -1.38366
5.33843 -1.60488
5.58818 -1.62948
5.50785 -1.26743
5.73063 -1.46915
5.67717 -1.25787
5.81013 -1.35526
5.77744 -1.21064
5.97689 -1.32863
5.95655 -1.56474
6.18658 -1.5894
6.18293 -1.9098
6.39536 -1.81906
6.4504 -1.5911
6.6587 -1.93917
6.51717 -2.12107
6.84234 -2.35018
6.6368 -2.40368
6.77756 -2.60775
6.63141 -2.6166
6.81007 -2.95956
6.94658 -2.725
7.15313 -3.06685
7.11864 -2.64727
7.30477 -2.83948
7.43944 -2.8224
6.99451 -3.32505
7.17241 -3.51341
6.99297 -3.67247
7.15832 -3.75266
7.12524 -3.98552
7.32944 -4.25208
7.07335 -4.38007
6.85865 -3.99821
6.75018 -4.36392
6.95525 -4.62468
7.16437 -4.77234
7.32634 -4.62884
7.38313 -4.98062
7.55555 -4.84662
7.59085 -5.23558
7.77575 -5.20065
7.75967 -5.47391
7.63715 -5.61876
7.84134 -5.70979
7.83681 -5.91456
7.9878 -5.91524
7.9492 -5.5875
8.16745 -5.90039
7.96364 -5.3346
7.8958 -5.06122
7.73666 -4.86554
7.84989 -4.74175
7.64914 -4.48286
7.46688 -4.51484
7.48774 -4.33345
7.86113 -4.42154
8.12975 -6.15626
8.27371 -6.173
8.24351 -6.35851
8.42055 -6.32512
8.36124 -6.04149
8.53963 -6.13592
8.54432 -5.96106
8.6296 -6.02153
8.71291 -6.24265
8.71936 -6.0637
8.81534 -6.09397
8.85946 -6.3738
8.94561 -6.28358
8.93185 -5.97955
8.78127 -5.77589
8.85237 -5.63405
8.72509 -5.47163
8.78802 -5.34841
8.73283 -5.16827
8.89597 -5.45116
8.96984 -5.74743
8.98863 -5.52193
9.01077 -5.38105
9.02654 -5.53406
9.05131 -5.50278
9.09836 -5.42874
9.09722 -5.64682
9.08824 -5.46261
9.06395 -5.34282
9.05806 -5.73247
9.08635 -5.7965
9.11056 -5.95975
9.13342 -6.04268
9.08246 -5.96751
9.09262 -6.09378
9.16893 -6.24774
9.17908 -6.22644
9.10621 -6.22965
9.13364 -6.15117
9.13744 -6.30166
9.11029 -6.41421
9.12584 -6.60965
9.02964 -6.47789
9.033 -6.24067
9.09801 -6.26781
9.07305 -6.14563
9.01923 -6.00664
9.06893 -5.98754
9.1018 -6.14988
9.0276 -5.87572
8.95294 -6.44526
8.92461 -6.58132
9.03375 -6.66488
8.92076 -6.76783
9.04861 -6.75983
8.97716 -6.8701
8.95452 -6.82638
8.83618 -6.89773
8.68279 -6.83896
8.78792 -6.70812
8.60603 -6.76573
8.61286 -6.63181
8.76755 -6.50717
8.60065 -6.40842
8.49893 -6.51774
8.34834 -6.52109
8.45124 -6.62928
8.2789 -6.67599
8.44048 -6.7492
8.16162 -6.84152
8.4121 -6.84875
8.19233 -6.90794
8.24371 -6.93863
8.47894 -6.90137
8.35118 -6.95709
8.03296 -7.02806
7.97448 -7.07867
7.91838 -7.05327
7.80432 -7.05024
7.66278 -7.12146
7.8923 -6.94807
7.83543 -6.82678
8.01409 -6.95651
8.07749 -6.71432
7.90056 -6.60409
7.61295 -6.633
7.3939 -6.75865
7.337 -6.53367
7.11347 -6.46412
6.92638 -6.52015
6.91512 -6.23318
6.64743 -6.34418
6.77528 -6.57413
6.28271 -6.34269
6.37293 -6.06509
6.07702 -6.00519
5.87533 -6.25412
5.77685 -5.91684
5.63031 -5.57452
5.9292 -5.72878
5.94722 -5.43961
5.71003 -5.14861
5.39822 -5.23363
5.48689 -4.98243
5.24697 -4.91659
4.88737 -4.75912
4.51857 -4.81494
4.67351 -4.64951
4.7083 -4.42852
4.95358 -4.33309
5.20448 -4.5503
5.20426 -4.15637
5.47829 -4.39061
5.45005 -4.72783
5.63943 -4.64871
5.63093 -4.86667
5.86931 -4.8199
6.01932 -5.14091
6.24448 -4.96157
6.18835 -5.16561
6.31788 -5.24029
6.55667 -5.27244
6.42866 -5.50887
6.185 -5.35823
6.22102 -5.71386
6.60427 -5.90465
6.67105 -5.60594
6.93274 -5.85708
6.80854 -5.50573
7.03146 -5.56946
7.24573 -5.91686
7.18553 -6.22813
7.49629 -6.27444
7.50722 -5.87527
7.75422 -6.18185
7.75165 -6.43635
7.94197 -6.39343
8.13466 -6.5298
8.09186 -6.33787
7.9514 -6.15636
7.82775 -6.06611
7.72356 -5.94636
7.36716 -5.46653
7.25417 -5.62326
7.08812 -5.27223
6.82502 -5.24571
6.85932 -4.99917
6.59117 -4.90594
6.78229 -4.71778
6.53437 -4.54688
6.34712 -4.66979
6.08932 -4.55395
6.29219 -4.41358
6.13906 -4.34118
5.98675 -4.25388
5.77271 -4.42915
5.75708 -4.0956
5.6177 -4.22705
5.47668 -3.97808
5.73288 -3.7105
5.97968 -3.94842
5.99249 -3.65889
6.22131 -3.80612
6.1506 -3.50976
6.3645 -3.53691
6.47313 -3.79579
6.3891 -4.00792
6.59827 -4.04187
6.66325 -3.81672
6.78732 -3.68982
6.80247 -3.3948
6.59609 -3.52786
6.60333 -3.16187
6.43275 -3.26038
6.23218 -3.2522
6.30923 -3.0327
6.4441 -3.01733
6.344 -2.83115
6.50534 -2.7812
6.26513 -2.54855
6.16914 -2.78505
6.05151 -2.4318
5.92297 -2.61641
6.04728 -3.02341
6.19712 -3.02704
6.07607 -3.3066
5.91144 -3.24975
6.00405 -3.45133
5.86461 -3.47901
5.67494 -3.28001
5.3984 -3.48711
5.4371 -3.0801
5.59919 -3.00156
5.76776 -2.90977
5.50164 -2.7274
5.669 -2.46711
5.78713 -2.11965
5.52006 -2.12399
5.46642 -2.37755
5.30797 -2.15672
5.28291 -2.47331
5.09471 -2.24408
5.04272 -2.57118
4.94335 -2.32962
4.7786 -2.47904
4.88527 -2.7974
5.04871 -2.90148
5.2523 -2.81503
5.18784 -3.15034
4.88316 -3.19159
5.12051 -3.4308
4.96861 -3.57879
5.17788 -3.75978
4.93025 -3.92919
4.74377 -3.6028
4.68492 -3.93414
4.77998 -4.1581
4.61962 -4.16867
4.46228 -4.31939
4.55332 -4.56249
4.39308 -4.55864
4.22806 -4.69336
4.20458 -4.35201
3.97392 -4.5668
3.96449 -4.22607
3.78691 -4.3977
3.77331 -4.60649
3.66189 -4.5082
3.5311 -4.51294
3.61524 -4.27248
3.40813 -4.27106
3.40193 -4.53672
3.29145 -4.4258
3.17202 -4.4926
3.16082 -4.77877
3.03549 -4.597
3.01736 -4.86878
2.93457 -4.6667
2.85866 -4.82244
2.85923 -4.61109
2.77423 -4.65692
2.72815 -4.85649
2.67323 -4.69662
2.69888 -4.51095
2.61792 -4.30367
2.73526 -4.35128
2.80375 -4.48033
2.82266 -4.32561
2.91608 -4.45738
2.90732 -4.21582
2.73845 -4.15049
2.89373 -3.94527
3.01909 -4.09439
3.03484 -4.32781
3.20117 -4.11325
3.04946 -3.8651
3.16661 -3.76405
3.30724 -3.78218
3.38193 -3.9858
3.52446 -4.0079
3.46813 -3.74068
3.62129 -3.76824
3.69775 -3.98267
3.76482 -3.74413
3.899 -3.90782
3.9129 -3.54813
4.0383 -3.72185
4.1492 -3.93799
3.78612 -4.16319
4.17352 -3.48427
4.37165 -3.72015
4.30686 -3.94585
4.30769 -4.1156
4.46552 -3.99683
4.56143 -3.75908
4.54848 -3.55341
4.43334 -3.38276
4.64154 -3.3183
4.68373 -3.11345
4.53168 -3.1082
4.66941 -2.86816
4.39164 -2.85634
4.3223 -3.14988
4.14051 -3.13391
4.01157 -3.30576
3.89499 -3.32029
3.82695 -3.41076
3.69974 -3.49272
3.79613 -3.28222
3.63276 -3.12895
3.50724 -3.44449
3.57389 -3.61404
3.38231 -3.57475
3.24137 -3.51624
3.37424 -3.39556
3.29141 -3.28584
3.1584 -3.30672
3.06039 -3.55226
3.04309 -3.32185
2.95448 -3.41997
2.91973 -3.5588
2.95253 -3.72058
2.84178 -3.68737
2.72266 -3.87525
2.72583 -3.60974
2.61267 -3.81495
2.61691 -4.04172
2.54646 -4.07479
2.46166 -4.32207
2.45566 -4.11846
2.46828 -3.91563
2.67519 -2.97539
2.64716 -2.82029
2.69402 -2.71818
2.74693 -2.63571
2.7455 -2.81602
2.87047 -2.76913
2.81562 -2.97514
2.69609 -3.13374
2.81254 -3.1814
2.9547 -3.07108
2.94823 -3.26046
3.07857 -3.14701
3.08321 -2.97531
3.23308 -3.06305
3.13462 -2.83104
3.28135 -2.85325
3.17907 -2.65017
3.33043 -2.71714
3.297 -2.53804
3.45197 -2.67352
3.43724 -2.9064
3.58089 -2.83848
3.63537 -2.63593
3.45319 -2.43042
3.69791 -2.38116
3.54105 -2.3092
3.61109 -2.22179
3.77263 -2.15603
3.99322 -2.26549
3.92955 -2.03926
4.11763 -1.96058
3.79796 -1.97444
4.25329 -2.16273
4.51819 -2.21203
4.25023 -2.50735
4.52786 -2.57886
4.84531 -2.04983
4.15484 -2.85936
4.26241 -2.99127
3.91426 -3.06317
3.90947 -2.64836
3.73535 -2.86073
3.41002 -3.1702
3.3465 -2.99379
2.97958 -2.88508
2.82746 -3.41338
2.66938 -3.24591
2.72174 -3.42923
2.64888 -3.33293
2.65305 -3.61022
2.57761 -3.55653
2.53703 -3.73902
2.60277 -3.44057
5.11374 -1.93926
4.95082 -1.7447
5.12708 -1.64834
5.32583 -1.87009
5.51508 -1.8516
5.90791 -1.81194
6.09201 -2.14703
6.05682 -1.94262
6.40531 -2.35265
6.45967 -4.25166
6.20636 -4.14616
7.01406 -4.90993
7.24242 -5.11148
7.44503 -5.28526
8.08821 -6.97178
8.28769 -7.01453
8.49086 -6.93801
8.63568 -6.93686
8.65666 -7.01475
8.74578 -6.97715
8.91463 -6.9633
8.91955 -7.05547
8.66634 -5.58763
8.67832 -5.84858
8.54394 -5.80101
6.59364 -1.39388
6.85183 -1.51507
6.79607 -1.30674
7.02934 -1.4897
6.98574 -1.27073
7.17932 -1.45514
7.14392 -1.26927
7.3312 -1.2853
7.1366 -1.08552
6.96647 -1.1004
7.03416 -1.2134
6.73473 -1.06948
6.7866 -0.925633
6.58811 -0.83394
6.4516 -0.929952
6.32361 -0.712706
6.50451 -0.616491
6.279 -0.487641
6.0764 -0.585731
6.14217 -0.715263
6.21096 -0.83214
5.95055 -0.744136
6.08686 -0.907309
6.29636 -1.00489
6.54317 -1.13744
6.37557 -1.19388
6.34198 -1.33553
6.11824 -1.14454
6.20602 -1.39052
5.86439 -1.12094
5.87392 -0.93708
5.63071 -1.04356
5.63561 -0.77074
5.40614 -0.860776
5.38863 -1.03585
5.21356 -0.947367
5.23732 -0.777872
5.00346 -0.802333
4.73269 -0.903584
4.80064 -1.08531
4.62728 -1.14971
4.43911 -0.998313
4.4058 -1.166
4.49126 -1.30047
4.30986 -1.35038
4.22545 -1.15161
4.03366 -1.15609
4.21472 -0.98425
4.00757 -0.961041
3.87402 -1.13929
3.79179 -1.07287
5.57411 -0.200501
5.41944 -0.250018
5.65032 -0.351143
5.37588 -0.402907
5.56088 -0.456146
5.36812 -0.53531
5.16362 -0.517909
5.19921 -0.434639
5.27282 -0.29963
5.05283 -0.563884
4.93666 -0.611207
4.81374 -0.659766
4.67797 -0.692066
4.41268 -0.675901
4.54051 -0.708485
4.52421 -0.800276
4.36325 -0.85009
4.22399 -0.790863
4.31422 -0.616505
4.14564 -0.652363
4.07459 -0.757969
4.22298 -0.62228
3.96952 -0.83839
3.88084 -0.947194
5.10268 -0.678653
5.28128 -0.652267
5.50881 -0.646414
5.6314 -0.55039
5.71667 -0.654291
5.85049 -0.578036
5.77942 -0.464626
5.93766 -0.501056
6.04256 -0.384997
5.80633 -0.289887
6.72532 -0.739573
6.93738 -0.849483
7.13194 -0.949218
7.3053 -1.03924
7.45881 -1.11764
5.4145 -0.73946
3.36905 -5.28765
7.0478 -7.86582
7.05826 -8.22605
7.17068 -8.19403
7.18026 -8.23962
7.01483 -8.28868
7.15399 -8.2849
6.94632 -8.34098
7.09446 -8.34118
6.85493 -8.38719
6.85672 -8.38539
7.1043 -8.33353
7.36626 -8.27135
7.34792 -8.24913
7.62389 -8.22358
7.73892 -8.26459
7.46583 -8.28877
7.64831 -8.27871
7.52062 -8.28425
7.69377 -8.2591
7.82833 -8.26854
7.86458 -8.23642
8.06078 -8.26285
8.10195 -8.22012
8.30649 -8.25368
8.49478 -8.24614
8.40774 -8.27169
8.23263 -8.26203
8.39027 -8.26893
8.11053 -8.24957
8.09789 -8.25159
7.96724 -8.27153
7.91335 -8.22653
8.16008 -8.22225
8.36051 -8.24417
8.33937 -8.18989
8.19729 -8.14896
8.01541 -8.20302
7.96265 -8.17816
7.83166 -8.21442
7.68709 -8.20692
7.52033 -8.19501
7.67 -8.17102
7.79892 -8.19994
7.50286 -8.15349
7.33736 -8.21238
8.40788 -8.14348
8.33232 -8.10799
8.42167 -8.09692
7.88167 -8.18421
7.6128 -8.23734
7.60055 -8.17393
7.78765 -8.13165
7.58529 -8.09258
7.82523 -8.0468
8.04217 -8.0415
7.93495 -7.95778
8.15057 -8.00977
7.73685 -7.95877
7.53423 -7.98294
7.31273 -7.90339
7.31151 -7.9776
7.08599 -7.96691
7.029 -7.85944
7.06168 -7.78381
6.86016 -7.8221
6.67701 -7.8686
5.82943 -7.95422
6.37269 -7.95327
5.97427 -7.97648
5.57406 -8.08298
5.79187 -8.10031
5.93327 -8.1077
6.0483 -8.08903
6.03706 -8.16285
6.19424 -8.13788
6.10972 -7.98733
6.23536 -8.08288
6.40226 -8.17361
6.24016 -7.98007
6.5919 -8.14085
6.73218 -8.09126
6.82831 -8.14927
6.96452 -8.12655
7.01704 -8.06413
7.18139 -8.13984
7.31681 -8.04768
7.40318 -8.13935
7.33079 -8.20958
7.06732 -8.175
7.13616 -8.22517
7.26585 -8.25137
7.40609 -8.25177
7.30696 -8.28052
7.1679 -8.25744
7.11266 -8.27856
7.03276 -8.23627
6.97716 -8.19326
6.82914 -8.24263
6.63075 -8.20784
6.51295 -8.28507
6.24832 -8.2082
6.28527 -8.33041
6.03905 -8.25677
5.81373 -8.18206
6.06601 -8.37519
6.23987 -8.42104
6.39198 -8.40554
6.49182 -8.36844
6.57453 -8.40712
6.37417 -8.45884
6.52376 -8.43105
6.66515 -8.4133
6.49486 -8.43555
6.70128 -8.37767
6.53019 -8.41609
6.3851 -8.45787
6.30152 -8.49186
6.1727 -8.48065
6.24208 -8.42679
6.5552 -8.38605
6.72765 -8.31751
6.85775 -8.32844
6.89691 -8.26583
6.706 -8.33084
6.97245 -8.3037
6.98489 -8.26491
7.22349 -8.30735
6.78616 -7.9916
6.83744 -7.92145
6.51568 -7.91434
6.78132 -7.87803
6.53689 -7.98683
6.41516 -7.95869
5.66236 -8.14694
5.97499 -8.22211
4.23982 -6.46907
4.29493 -6.17835
4.03884 -6.29676
3.8131 -6.42775
3.82514 -6.08543
3.62016 -6.24819
4.06297 -6.04929
2.39385 -6.55932
2.35263 -6.30612
2.41761 -6.30201
2.37693 -6.1317
2.34292 -6.03043
2.37827 -5.9378
2.41264 -6.0446
2.46181 -5.91102
2.46565 -6.20172
2.59061 -6.17047
2.66275 -6.17718
2.2803 -6.01805
2.28927 -6.19501
3.0239 -8.01574
2.98217 -7.93122
3.1094 -7.98474
2.72741 -7.31908
2.65054 -7.27215
2.63015 -7.31852
2.38781 -6.45125
3.81645 -7.77864
3.73787 -7.83986
3.83921 -7.79131
3.77694 -7.84546
3.64485 -7.89954
3.63008 -7.89056
3.52361 -7.96348
3.5581 -7.95332
3.64154 -7.91192
3.50678 -7.99276
3.48718 -7.99461
3.38547 -8.06688
3.45155 -8.01565
3.55634 -7.96638
3.62399 -7.93597
3.68921 -7.95025
3.57022 -7.99053
3.79439 -7.97236
3.86247 -7.93568
3.76448 -7.89551
3.88025 -7.89172
3.33643 -8.06486
3.38404 -8.05938
3.22787 -8.08965
8.81604 -7.49155
8.72498 -7.53681
8.75231 -7.4473
8.67443 -7.42721
8.62961 -7.53181
8.53687 -7.43414
8.31203 -7.47052
8.30926 -7.61826
8.1552 -7.58079
8.1551 -7.72123
8.03829 -7.6521
7.90445 -7.77487
8.06043 -7.83066
7.95352 -7.93128
7.69743 -7.9236
7.77082 -7.99552
7.68037 -7.80184
7.76445 -7.6946
7.92558 -7.61893
8.05485 -7.48908
8.04235 -7.57889
7.65279 -7.31729
8.13601 -2.94586
7.97581 -2.96046
7.81906 -2.66463
7.81282 -3.04179
7.93963 -3.31697
7.76229 -3.38702
7.86509 -2.39289
7.81845 -2.15374
7.68086 -2.01158
