5.44326 -9.94415
5.42296 -10.1957
5.45234 -10.0798
5.47287 -9.84855
5.45256 -9.72323
5.47268 -9.60985
5.4779 -9.7787
5.49579 -9.54656
5.48879 -9.73677
5.50603 -9.52247
5.49108 -9.85398
5.48685 -9.6257
5.5 -9.34894
5.51894 -9.24213
5.50919 -9.10669
5.49302 -9.15793
5.50202 -8.82743
5.52748 -8.96452
5.52952 -8.61054
5.51939 -8.43598
5.41925 -7.2567
5.37847 -7.42686
5.46215 -7.85405
5.47181 -8.24415
5.4579 -8.61125
5.42872 -8.4948
5.38666 -8.26125
5.43527 -7.99216
5.37342 -7.92953
5.37233 -7.68181
5.32876 -7.68162
5.30162 -7.46885
5.25745 -7.5058
5.24153 -7.28197
5.20897 -7.29955
5.19538 -7.1075
5.15862 -7.32989
5.08105 -6.91691
5.05 -7.1492
5.07912 -7.44639
5.14203 -7.61628
5.21918 -7.68376
5.30615 -7.82235
5.25305 -7.99919
5.32087 -8.13624
5.25311 -8.38653
5.34952 -8.43036
5.38692 -8.62358
5.3145 -8.75268
5.36391 -9.03493
5.42209 -8.78755
5.42576 -9.07655
5.46387 -8.95138
5.45267 -9.3123
5.49089 -9.42221
5.47281 -9.6489
5.48255 -9.91356
5.45831 -9.97294
5.46761 -10.2394
5.49221 -10.0923
5.46877 -10.3245
5.48676 -10.0866
5.49875 -9.94017
5.47035 -10.1824
5.47993 -9.96823
5.40916 -10.3495
5.42 -10.4967
5.41417 -10.5973
5.42167 -10.5271
5.38245 -10.8141
5.38673 -10.6888
5.41586 -10.4743
5.41687 -10.3317
5.3886 -10.5742
5.33525 -10.5646
5.36861 -10.3236
5.32091 -10.4145
5.3494 -10.1462
5.41805 -10.1377
5.407 -9.88247
5.3484 -9.79463
5.27603 -10.0769
5.29085 -9.84918
5.27871 -9.5629
5.36964 -9.43075
5.3116 -9.26696
5.23596 -9.28066
5.29708 -9.06225
5.22588 -9.00943
5.23271 -8.74975
5.15477 -8.63234
5.14748 -8.28863
5.04299 -8.4995
5.06631 -8.06762
4.93519 -8.1353
4.99158 -7.67199
4.87601 -7.70477
4.86775 -7.37484
4.77493 -7.47443
4.77586 -7.18558
4.68161 -7.1973
4.65539 -7.50953
4.61248 -7.22582
4.54001 -7.2725
4.53327 -7.6317
4.65832 -7.88479
4.56168 -7.9461
4.63378 -8.14874
4.54468 -8.20157
4.65929 -8.47575
4.51562 -8.57812
4.6352 -8.84098
4.74293 -8.78262
4.71103 -9.05905
4.80381 -9.00407
4.77355 -9.22679
4.84644 -9.2164
4.89575 -8.94555
4.9566 -9.225
4.96964 -8.83986
5.05694 -8.90755
4.92432 -8.60568
5.07177 -9.26134
5.14991 -8.97051
5.16383 -9.2711
5.10029 -9.56842
5.1856 -9.54957
5.14789 -9.83051
5.22587 -9.80391
5.18112 -10.0193
5.22931 -10.0072
5.2077 -10.2676
5.2592 -10.3657
5.20345 -10.6127
5.27353 -10.6273
5.2183 -10.8989
5.2677 -10.8594
5.34676 -10.7896
5.26888 -11.092
5.36979 -10.9538
5.30022 -11.2258
5.3557 -11.1142
5.36361 -11.0237
5.39027 -10.8016
5.34365 -11.0942
5.36597 -10.8776
5.37494 -10.6728
5.3747 -10.5195
5.35856 -10.5698
5.3646 -10.4133
5.34287 -10.6887
-2.10607 -6.99592
-2.13454 -7.23522
-2.18191 -7.49578
-2.26041 -7.40004
-2.23495 -7.17099
-2.36034 -7.31198
-2.34512 -7.1357
-2.49264 -7.27153
-2.24704 -7.02627
-2.64256 -7.43729
-2.67536 -7.61105
-2.56105 -7.59807
-2.48502 -7.42315
-2.41275 -7.53651
-2.51731 -7.80798
-2.33712 -7.73173
-2.5129 -8.17347
-2.31496 -8.04194
-2.21599 -7.74428
-2.328 -8.26958
-2.38387 -8.46781
-2.42025 -8.36334
-2.47022 -8.60873
-2.58263 -8.65679
-2.66032 -8.49542
-2.70766 -8.29707
-2.63284 -8.03192
-2.77856 -8.09135
-2.68043 -7.81462
-2.85449 -7.89951
-2.77785 -7.69963
-2.87608 -7.75819
-2.8698 -7.60626
-2.9643 -7.7609
-3.00784 -7.61675
-3.0919 -7.2272
-3.09745 -7.27054
-3.09087 -7.43327
-3.09156 -7.6082
-3.10958 -7.58214
-3.12526 -7.77551
-3.09019 -7.83308
-3.14947 -8.02065
-3.13944 -7.84157
-3.16926 -8.02955
-3.18948 -8.2319
-3.16732 -8.29743
-3.22038 -8.52215
-3.15261 -8.53735
-3.13686 -8.3219
-3.11277 -8.12256
-3.08807 -8.30723
-3.02326 -8.12857
-3.01777 -8.28397
-2.93455 -8.12701
-2.89595 -8.3938
-3.03108 -8.42785
-3.03237 -8.58361
-2.96385 -8.74036
-2.80177 -8.60803
-2.87065 -8.96401
-3.04819 -9.06594
-2.98547 -9.2579
-2.88707 -9.31807
-2.74138 -8.99341
-2.75339 -9.23409
-2.64498 -9.03396
-2.72403 -9.33292
-2.59566 -9.11997
-2.63094 -9.34138
-2.72492 -9.52194
-2.78453 -9.72205
-2.84011 -9.90429
-2.91452 -10.0307
-2.86665 -9.82451
-2.94666 -9.94019
-2.87213 -9.72493
-2.80684 -9.605
-2.83473 -9.49285
-2.96184 -9.7509
-3.02941 -9.52851
-3.0737 -9.78503
-3.09415 -10.046
-3.03327 -10.1483
-3.12751 -10.3095
-3.10947 -10.4159
-3.06755 -10.3968
-2.98645 -10.157
0.078269 -12.2267
-0.194678 -12.3116
-0.373765 -12.2661
-0.348534 -12.4651
-0.589101 -12.404
-1.01917 -12.4487
-2.77876 -12.0831
-2.97324 -12.0546
-3.06088 -11.8551
-3.20103 -10.9004
-3.15097 -10.6272
-3.20356 -10.7433
-3.18477 -10.5837
-3.24687 -10.8448
-3.29409 -10.6992
-3.20126 -10.41
-3.12605 -10.242
-3.17288 -10.1739
-3.13203 -9.92171
-3.14553 -9.66167
-3.15844 -9.45802
-3.09619 -9.38026
-3.14615 -9.26297
-3.17419 -9.02979
-3.09002 -8.80079
-3.19601 -8.82284
-3.23797 -8.73932
-3.26408 -8.99011
-3.2548 -8.81894
-3.25825 -8.49058
-3.28183 -8.8292
-3.2935 -9.03239
-3.28564 -9.10874
-3.32423 -9.31482
-3.3085 -9.29147
-3.30384 -9.50747
-3.27517 -9.3216
-3.21686 -9.39133
-3.23475 -9.20229
-3.29036 -9.18719
-3.36237 -9.66365
-3.3714 -9.49792
-3.31395 -9.08414
-3.32077 -9.10783
-3.27437 -8.7085
-3.29156 -8.73474
-3.24923 -8.3887
-3.23978 -8.31457
-3.18524 -8.02303
-3.21601 -7.97572
-3.15894 -7.68399
-3.12964 -7.62548
-3.11487 -7.41402
-3.09744 -7.3904
-3.09802 -7.26401
-3.10737 -7.1363
-3.09419 -7.131
-3.13762 -6.88357
-3.12928 -6.95224
-3.12438 -7.03267
-3.09377 -7.02393
-3.07058 -6.85322
-3.05488 -6.6876
-3.02714 -6.51693
-3.01668 -6.62123
-3.04598 -6.81317
-3.06341 -6.85319
-3.07376 -6.99535
-3.07984 -7.05809
-3.12771 -7.20363
-3.16962 -7.50033
-3.08094 -7.29472
-3.13632 -7.62559
-3.17621 -7.80655
-3.16366 -7.87561
-3.13408 -7.79407
-3.17141 -8.08263
-3.19386 -8.0616
-3.2296 -8.3427
-3.21825 -8.39118
-3.17179 -8.21313
-3.19256 -8.46298
-3.14851 -8.32364
-3.13639 -8.49703
-3.11016 -8.16224
-3.07338 -8.16839
-3.06209 -7.9472
-3.10779 -7.89684
-3.03112 -7.63112
-3.07254 -7.51039
-2.99385 -7.21459
-3.03062 -7.17582
-3.03889 -6.96472
-2.98771 -6.96364
-2.95415 -6.64562
-3.01921 -6.76147
-2.98354 -6.57627
-2.97691 -6.47124
-2.94453 -6.46073
-2.89357 -6.29912
-2.80409 -6.18608
-2.8543 -6.39756
-2.86534 -6.63043
-2.92716 -6.87578
-2.85315 -6.81024
-2.89857 -7.04565
-2.93666 -7.3591
-2.85295 -7.16963
-2.814 -6.84617
-2.76122 -6.97916
-2.79797 -7.28353
-2.87692 -7.47213
-2.82919 -7.60188
-2.91537 -7.76785
-2.8618 -7.87568
-2.76368 -7.77282
-2.8436 -8.12691
-2.93885 -8.10995
-2.90849 -8.29154
-2.96677 -8.44765
-2.87927 -8.50864
-2.96557 -8.74677
-3.04098 -8.73021
-3.02181 -8.99355
-3.09067 -9.08357
-3.052 -9.35326
-3.12543 -9.38673
-3.11537 -9.63842
-3.16376 -9.60137
-3.17778 -9.29427
-3.22348 -9.76869
-3.17216 -9.92855
-3.25297 -10.2032
-3.17744 -10.3323
-3.26951 -10.628
-3.21002 -10.6079
-3.2368 -10.8487
-3.29979 -11.075
-3.24031 -11.1828
-3.28539 -11.3698
-3.32146 -11.3965
-3.29528 -11.6501
-3.24354 -11.483
-3.23507 -11.7806
-3.30529 -11.9712
-3.34347 -11.8222
-3.37529 -11.9804
-3.38057 -11.6328
-3.43502 -11.8505
-3.38247 -12.1449
-3.44348 -12.0829
-3.40429 -12.3276
-3.43266 -12.114
-3.41962 -11.9017
-3.44646 -11.9172
-3.43161 -12.1243
-3.42507 -12.1748
-3.41116 -12.283
-3.37548 -12.4361
-3.40129 -12.379
-3.40619 -12.2474
-3.34054 -12.4369
-3.32299 -12.5868
-3.30636 -12.6123
-3.29363 -12.5474
-3.25077 -12.7377
-3.26984 -12.7384
-3.22212 -12.9267
-3.26582 -12.8213
-3.31512 -12.6826
-3.36274 -12.495
-3.33942 -12.6616
-3.27425 -12.8163
-3.25102 -12.9178
-3.19704 -12.9695
-3.16446 -13.093
-3.14768 -13.0877
-3.23106 -12.9144
-3.14491 -13.025
-3.22838 -12.7887
-3.30547 -12.6969
-3.28395 -12.5445
-3.34681 -12.507
-3.34587 -12.3527
-3.35781 -12.5477
-3.32883 -12.3337
-3.35829 -12.2055
-3.34253 -12.1525
-3.29656 -12.2085
-3.23488 -12.096
-3.2359 -12.4248
-3.16238 -12.2397
-3.1211 -11.8575
-3.16802 -11.5224
-3.10844 -11.3753
-3.14082 -11.2585
-3.20054 -11.2947
-3.15521 -10.961
-3.10215 -11.0857
-3.05823 -10.7682
-3.0902 -10.5883
-3.16154 -10.6042
-3.08614 -10.2628
-3.12218 -10.0744
-3.07609 -9.96979
-3.00552 -9.9276
-2.99956 -10.3343
-2.92143 -9.98085
-2.89756 -10.2109
-2.86938 -9.97985
-2.81756 -9.99639
-2.85519 -9.73381
-2.76632 -9.7164
-2.77647 -9.42258
-2.88597 -9.36166
-2.93107 -9.70546
-2.99114 -9.53449
-2.969 -9.17665
-3.05867 -9.71285
-2.88817 -8.9246
-2.9619 -8.9489
-2.78286 -9.08014
-2.77172 -8.72185
-2.74344 -8.34965
-2.72385 -8.00005
-2.62975 -8.08388
-2.61465 -8.40877
-2.68662 -8.60776
-2.61891 -8.67814
-2.50888 -8.57105
-2.49116 -8.16092
-2.42186 -8.36264
-2.38665 -8.54322
-2.44037 -8.94117
-2.31167 -8.74949
-2.31798 -9.13182
-2.43064 -9.37185
-2.55528 -9.32756
-2.51755 -9.75238
-2.61653 -9.71492
-2.62632 -10.0685
-2.54848 -10.122
-2.47025 -10.0049
-2.5083 -10.3229
-2.62752 -10.4768
-2.55963 -10.73
-2.66726 -10.882
-2.63646 -11.1394
-2.76027 -11.2449
-2.69224 -11.5008
-2.79619 -11.6672
-2.71363 -11.8415
-2.814 -12.0041
-2.72365 -12.1073
-2.61357 -11.9977
-2.6429 -12.3191
-2.78389 -12.2785
-2.73971 -12.5129
-2.62166 -12.5678
-2.53 -12.483
-2.49397 -12.7503
-2.6818 -12.7301
-2.60518 -12.9531
-2.73993 -12.8451
-2.74344 -12.9851
-2.81475 -12.8557
-2.8494 -12.9512
-2.77806 -13.1221
-2.88982 -13.0512
-2.95695 -12.8574
-2.98908 -13.0428
-2.83582 -13.2345
-2.913 -13.255
-3.0294 -13.1565
-2.95894 -13.3202
-3.05611 -13.2057
-2.98672 -13.34
-3.05942 -13.2332
-2.96486 -13.4066
-2.88119 -13.4706
-2.84617 -13.5429
-2.74807 -13.6101
-2.75801 -13.6494
-2.87052 -13.5334
-2.7327 -13.6068
-2.62361 -13.7212
-2.54826 -13.6523
-2.4469 -13.7592
-2.37429 -13.7052
-2.40914 -13.6291
-2.51295 -13.5402
-2.32037 -13.5446
-2.25353 -13.6573
-2.07329 -13.5918
-2.05188 -13.699
-1.85384 -13.6395
-1.82253 -13.5478
-1.61491 -13.5673
-1.63102 -13.6459
-1.55088 -13.5974
-1.37183 -13.5511
-1.41304 -13.4849
-1.57661 -13.4753
-1.2662 -13.3842
-1.20542 -13.4599
-0.955824 -13.3669
-1.0103 -13.461
-0.619981 -13.3543
-0.720591 -13.2868
-0.483095 -13.2312
-0.65065 -13.1809
-0.949116 -13.2725
-0.856143 -13.133
-1.05024 -13.2114
-1.24543 -13.2898
-1.24076 -13.2
-1.05463 -13.1442
-1.20085 -13.1206
-1.02495 -13.0638
-1.28499 -13.0311
-1.04887 -12.9182
-0.802976 -12.9996
-0.600364 -13.0587
-0.573408 -12.9186
-0.385841 -12.989
-0.32079 -12.8555
-0.481081 -12.7937
-0.357606 -12.7312
-0.198376 -12.7135
-0.0673985 -12.8482
-0.0240817 -12.6712
-0.121208 -12.5143
-0.306707 -12.6193
-0.498968 -12.6399
0.128934 -12.5357
0.147764 -12.7148
0.315996 -12.6063
0.377385 -12.4064
0.55974 -12.5949
1.35897 -12.6229
1.64602 -12.6527
1.36659 -12.7563
1.597 -12.8098
1.79115 -12.7634
1.92274 -12.6749
2.00834 -12.7803
1.83328 -12.858
2.17231 -12.8694
1.86008 -12.9431
2.13918 -12.9656
2.46122 -12.925
2.35885 -13.0098
2.73247 -12.9632
2.61199 -13.038
2.92161 -13.0049
2.76466 -13.0754
3.03372 -13.0632
2.8328 -13.1131
2.88354 -13.1465
3.26365 -13.0827
3.29785 -13.0147
3.49104 -13.0132
3.4583 -12.95
3.18461 -12.9955
3.14418 -12.9163
3.48208 -12.856
3.74287 -12.8654
3.78111 -12.9618
3.96367 -12.8794
4.17699 -12.8539
4.06618 -12.9317
4.27265 -12.9388
4.15569 -13.0027
3.98822 -12.993
4.02256 -13.0321
3.85398 -13.0156
3.59966 -13.0594
3.82903 -13.0585
3.55299 -13.1075
3.66264 -13.0914
3.83901 -13.0807
3.77152 -13.0967
3.90833 -13.1051
3.9805 -13.0882
4.03208 -13.1385
3.88018 -13.1491
4.02715 -13.1913
3.8175 -13.2226
4.02749 -13.2179
4.18572 -13.2098
4.05036 -13.2389
4.27887 -13.2154
4.37208 -13.1957
4.42557 -13.1688
4.52201 -13.1091
4.52043 -13.0863
4.37895 -13.1693
4.51323 -13.0641
4.61686 -13.0233
4.63202 -12.9473
4.70625 -12.9457
4.65954 -12.9925
4.7963 -12.831
4.73811 -12.8314
4.85051 -12.6879
4.77027 -12.7037
4.69538 -12.8348
4.69016 -12.7441
4.74421 -12.66
4.80688 -12.5605
4.70464 -12.5941
4.81179 -12.3796
4.87674 -12.4084
4.88028 -12.3116
4.93042 -12.2435
4.90418 -12.1817
4.98924 -11.9929
4.99356 -12.1463
5.04143 -11.9501
5.0825 -11.738
5.01122 -11.6592
5.09327 -11.5583
5.08792 -11.4371
5.14943 -11.3898
5.1361 -11.1892
5.04101 -11.3724
5.05258 -11.1396
4.98861 -11.3057
4.94841 -11.1676
5.03495 -10.8884
4.93156 -10.8755
5.00213 -10.6705
5.11991 -10.5653
5.0158 -10.4134
5.10758 -10.1595
5.00488 -10.104
5.05975 -9.8666
4.99181 -9.88209
4.99132 -9.6183
4.92119 -9.90577
4.8907 -9.5641
4.86982 -9.3786
4.79867 -9.45022
4.8002 -9.74578
4.70947 -9.59175
4.69396 -9.8718
4.81116 -10.0255
4.87858 -10.3457
4.72622 -10.2155
4.7631 -10.4352
4.6762 -10.491
4.61393 -10.2541
4.57507 -10.4264
4.52743 -10.269
4.52326 -10.0338
4.44867 -10.1473
4.40905 -9.88769
4.31705 -10.0644
4.45642 -10.4394
4.27994 -10.4517
4.3936 -10.7012
4.49357 -10.7323
4.44447 -10.9407
4.26919 -10.8697
4.36937 -11.1988
4.18206 -11.2713
4.31394 -11.4851
4.43887 -11.3941
4.53605 -11.188
4.52461 -11.4442
4.65891 -11.3843
4.69983 -11.0082
4.57639 -10.8869
4.66794 -10.7474
4.5804 -10.6325
4.775 -10.6698
4.82789 -10.9337
4.87315 -10.6867
4.93696 -10.6001
4.86088 -11.1619
4.78003 -11.176
4.77761 -11.3502
4.86618 -11.4393
4.93432 -11.3506
4.96065 -11.477
4.89777 -11.6944
4.91457 -11.9415
4.82374 -11.9133
4.81133 -11.6959
4.72531 -11.8302
4.70104 -12.1154
4.82229 -12.1498
4.7211 -12.3249
4.60826 -12.3654
4.52184 -12.2251
4.46895 -12.4764
4.35806 -12.402
4.38529 -12.1995
4.47551 -12.0356
4.34003 -11.98
4.51088 -11.8194
4.60121 -11.9556
4.63666 -11.6972
4.74547 -11.5715
4.55805 -11.6006
4.42727 -11.6428
4.27132 -11.7679
4.23095 -11.9411
4.11973 -11.9254
4.17945 -12.0859
3.99071 -12.2267
4.19211 -12.3298
3.91976 -12.5544
4.09421 -12.5751
4.22626 -12.5342
4.31901 -12.6051
4.14135 -12.7121
4.26981 -12.7685
4.42895 -12.6925
4.29676 -12.8812
4.48927 -12.8501
4.57392 -12.6597
4.55209 -12.5433
4.64764 -12.4898
4.72505 -12.4497
4.61547 -12.7529
4.6051 -12.8631
4.50084 -12.9894
4.32898 -13.0018
4.3605 -13.0907
4.17199 -13.1078
4.22104 -13.1696
4.17925 -13.2167
4.09983 -13.2078
4.06115 -13.1643
3.99336 -13.2217
3.91864 -13.1955
3.84264 -13.2401
3.9717 -13.2384
3.72548 -13.262
3.82704 -13.2537
3.52631 -13.2579
3.47452 -13.1967
3.68479 -13.151
3.5336 -13.1447
3.6279 -13.1207
3.48895 -13.1289
3.51215 -13.1229
3.33271 -13.1646
3.3382 -13.1191
3.12101 -13.1935
3.11935 -13.1459
2.94389 -13.1931
2.65843 -13.2436
2.53558 -13.2049
2.21794 -13.2748
2.28616 -13.2159
2.60068 -13.1491
2.30597 -13.151
1.98582 -13.2082
2.07091 -13.1252
1.78763 -13.1671
1.90352 -13.0997
1.66274 -13.1007
1.90103 -13.0378
2.11123 -13.0612
2.12122 -13.0163
2.33423 -13.0881
1.53239 -13.0102
1.42417 -13.1082
1.23156 -13.0806
1.19179 -12.9889
1.35434 -12.8893
1.08241 -12.91
1.08033 -12.8172
1.16113 -12.6942
0.870946 -12.8118
0.693008 -12.8323
0.571231 -12.762
0.404423 -12.8906
0.359491 -12.7411
0.183763 -12.8358
0.0951843 -12.96
-0.178946 -13.0315
-0.231948 -12.9374
-0.416008 -13.113
-0.248477 -13.162
0.00145388 -13.1016
-0.145439 -13.17
-0.0477862 -13.2192
0.278037 -13.1217
0.17304 -13.2368
0.425421 -13.1814
0.680982 -13.0854
0.488099 -13.0008
0.714307 -12.9824
0.921519 -12.9842
0.854411 -12.8917
0.627955 -12.9218
1.00286 -13.0612
0.950069 -13.154
0.647791 -13.1713
0.718025 -13.2323
0.932532 -13.2137
1.10029 -13.2174
1.23542 -13.1464
1.42096 -13.1967
1.05401 -13.2899
0.925954 -13.2549
0.79554 -13.2869
0.554337 -13.3095
0.455973 -13.2781
0.291344 -13.3286
0.285529 -13.275
0.469718 -13.2227
0.329472 -13.2268
0.0467157 -13.3313
-0.0623379 -13.2993
-0.189199 -13.359
-0.277793 -13.3202
-0.297759 -13.2429
-0.449364 -13.4163
-0.79569 -13.4834
-0.646348 -13.508
-0.406272 -13.4454
-0.19123 -13.4131
-0.199949 -13.4514
0.0736914 -13.3983
0.156902 -13.4481
0.381059 -13.3723
0.540728 -13.4146
0.717512 -13.3315
0.989458 -13.349
1.38087 -13.2812
1.38745 -13.3403
1.72903 -13.2682
1.66634 -13.2265
2.03125 -13.2525
1.91459 -13.2829
1.70905 -13.3093
1.8711 -13.3312
2.03907 -13.3707
2.37909 -13.33
2.19296 -13.3909
2.45626 -13.3551
2.71146 -13.2891
2.89777 -13.2222
3.03778 -13.237
2.92267 -13.2818
3.2386 -13.2249
3.36364 -13.1665
3.41144 -13.1637
3.13008 -13.2689
2.80121 -13.3014
2.63432 -13.3279
2.58082 -13.3545
2.37475 -13.3839
2.35255 -13.4167
2.0744 -13.4466
1.86441 -13.4303
1.73303 -13.5106
1.45047 -13.475
1.71206 -13.3887
1.42453 -13.405
1.62349 -13.3561
1.16135 -13.3931
1.05502 -13.3868
0.934031 -13.4119
0.789772 -13.4153
0.708045 -13.4301
0.523203 -13.4389
0.258437 -13.4752
0.360168 -13.4584
0.0874276 -13.4946
-0.0882463 -13.4925
-0.132538 -13.5007
-0.365422 -13.5421
-0.396197 -13.515
-0.505764 -13.5209
-0.604973 -13.5648
-0.772622 -13.5738
-0.923375 -13.5545
-1.01427 -13.601
-1.16838 -13.6003
-1.11104 -13.5544
-1.37002 -13.6153
-1.53794 -13.6928
-1.36071 -13.6209
-1.19782 -13.6012
-1.32965 -13.6544
-1.49693 -13.6933
-1.54718 -13.7179
-1.68951 -13.7365
-1.68958 -13.7695
-1.88539 -13.7919
-1.9044 -13.7286
-2.11271 -13.7722
-2.22973 -13.7308
-2.29755 -13.7604
-2.271 -13.7951
-2.07879 -13.8065
-2.23243 -13.815
-2.3953 -13.7995
-2.52331 -13.7526
-2.48624 -13.7672
-2.34765 -13.8021
-2.37237 -13.7479
-2.21284 -13.8021
-2.2065 -13.7667
-2.03648 -13.785
-2.12913 -13.7461
-2.27417 -13.7096
-2.14672 -13.693
-2.31985 -13.6311
-2.46018 -13.6327
-2.58345 -13.6629
-2.61761 -13.5685
-2.73462 -13.5333
-2.63602 -13.7167
-2.72041 -13.4344
-2.84211 -13.4018
-2.82838 -13.339
-2.67024 -13.3179
-2.64029 -13.1509
-2.51131 -13.3117
-2.53467 -13.4213
-2.39715 -13.448
-2.46188 -13.5318
-2.59404 -13.4503
-2.56978 -13.524
-2.32377 -13.5455
-2.2224 -13.6004
-2.2139 -13.5167
-2.11163 -13.6105
-1.97843 -13.674
-1.99839 -13.5689
-1.81645 -13.6301
-1.81011 -13.7022
-1.64719 -13.6635
-1.65155 -13.7246
-1.47623 -13.6808
-1.49135 -13.6235
-1.64222 -13.5696
-1.39528 -13.5346
-1.54688 -13.4293
-1.77188 -13.4602
-1.74362 -13.2913
-1.94163 -13.3577
-1.95788 -13.2068
-2.14705 -13.2291
-2.08449 -12.9647
-2.26705 -13.0636
-2.32049 -12.9136
-2.42255 -13.0092
-2.33171 -13.1653
-2.47725 -13.1603
-2.31662 -13.334
-2.09421 -13.426
-1.92753 -13.479
-1.83064 -13.5457
-2.29859 -12.7337
-2.40844 -12.5237
-2.28579 -12.5396
-2.1421 -12.6322
-1.90976 -12.6881
-1.78837 -12.9476
-1.85449 -13.1248
-1.67466 -13.1286
-1.51608 -12.9625
-1.64031 -12.7095
-1.46399 -12.7502
-1.30701 -12.8142
-1.26303 -13.0474
-1.12817 -12.9138
-1.06751 -13.0518
-0.945864 -12.8996
-0.903968 -13.1078
-1.13397 -13.2201
-0.925734 -13.2721
-1.07902 -13.3609
-0.954375 -13.3873
-0.814565 -13.3311
-0.861945 -13.4334
-1.12122 -13.491
-0.983118 -13.5292
-1.1369 -13.5644
-1.13647 -13.6148
-1.29403 -13.6084
-1.2947 -13.6698
-1.10742 -13.6701
-0.983568 -13.5833
-0.86121 -13.5976
-0.795072 -13.5117
-0.639527 -13.5305
-0.535944 -13.4611
-0.41003 -13.4943
-0.267655 -13.4314
-0.188677 -13.4618
-0.0503826 -13.4326
0.0144935 -13.4607
0.1918 -13.4564
-0.00257015 -13.3727
0.355447 -13.44
0.257174 -13.3584
0.0560598 -13.3035
-0.148093 -13.219
-0.401161 -13.3834
-0.47608 -13.2518
-0.654776 -13.3358
-0.701488 -13.1946
-0.46047 -13.0903
-0.695328 -12.9372
-0.468868 -12.8961
-0.5769 -12.6656
-0.826802 -12.6364
-1.09233 -12.683
-1.00103 -12.3047
-1.37216 -12.4616
-1.21021 -11.8763
-1.51339 -12.11
-1.7314 -12.3767
-2.00551 -12.4095
-1.89403 -12.1737
-2.08019 -12.1164
-2.19854 -12.385
-2.27371 -12.1575
-2.33448 -12.3738
-2.4588 -12.199
-2.32959 -11.8745
-2.48221 -11.7416
-2.61129 -11.6737
-2.53948 -11.4934
-2.59252 -11.3767
-2.5274 -11.3194
-2.52228 -11.07
-2.43215 -11.3063
-2.39803 -10.8797
-2.46693 -10.7328
-2.4602 -10.4836
-2.37937 -10.5149
-2.39049 -10.1494
-2.25048 -10.2417
-2.27015 -9.81356
-2.38937 -9.7016
-2.28167 -9.45379
-2.35434 -9.40864
-2.18123 -9.17738
-2.20001 -8.84483
-2.06139 -8.89003
-2.03681 -9.23704
-2.16133 -9.51702
-2.0306 -9.57981
-2.14083 -9.85989
-2.03177 -9.85789
-2.08434 -10.1805
-2.17492 -10.5656
-2.05234 -10.4799
-2.07117 -10.8269
-1.93968 -10.5318
-1.9237 -10.8025
-1.96422 -11.0863
-2.13163 -11.2298
-2.00147 -11.431
-1.80696 -11.2341
-1.83655 -11.5748
-2.0394 -11.7708
-2.19155 -11.6022
-2.19057 -11.9179
-2.34328 -11.5422
-2.25791 -11.3522
-2.26616 -11.0185
-2.33069 -11.3123
-1.88318 -11.9022
-1.68047 -11.7118
-1.71078 -12.0184
-1.50746 -11.8078
-1.53424 -11.602
-1.56086 -11.3521
-1.36731 -11.5474
-1.2231 -11.2097
-1.15361 -11.467
-0.931547 -11.4597
-1.05598 -11.2879
-0.935995 -11.0494
-1.12582 -10.8674
-1.37229 -10.934
-1.18789 -10.5299
-1.47977 -10.6415
-1.62466 -10.9732
-1.67364 -10.7152
-1.80653 -10.9128
-1.79866 -10.6002
-1.6094 -10.3977
-1.78673 -10.1641
-1.96686 -10.2724
-1.94214 -9.98561
-1.81143 -9.73405
-1.9373 -9.69602
-1.84538 -9.32824
-1.65681 -9.45162
-1.63545 -9.13946
-1.69102 -8.85546
-1.90024 -8.92961
-1.79177 -8.64787
-1.92565 -8.60276
-2.0826 -8.52895
-1.92334 -8.26767
-2.0405 -8.21785
-2.17501 -8.27531
-2.05893 -7.97133
-2.18162 -7.96348
-2.32671 -8.16638
-2.28182 -8.46435
-2.2146 -8.576
-2.23867 -7.73374
-2.38335 -7.78639
-2.52744 -7.72222
-2.39469 -7.44317
-2.46197 -7.12566
-2.6453 -7.56082
-2.64509 -7.83956
-2.69901 -7.7997
-2.72782 -7.41521
-2.6135 -7.20328
-2.67559 -7.02119
-2.53642 -6.85357
-2.56867 -6.58459
-2.66826 -6.77584
-2.64188 -6.52226
-2.71987 -6.73639
-2.7324 -6.5348
-2.64342 -6.28428
-2.72345 -6.27302
-2.79587 -6.44537
-2.80865 -6.65042
-2.77419 -6.23383
-2.70577 -6.09179
-2.74031 -6.06595
-2.68589 -5.91962
-2.68631 -5.99541
-2.61009 -5.94693
-2.64822 -6.12435
-2.5865 -6.08953
-2.51945 -5.94074
-2.49839 -5.73951
-2.59514 -5.78413
-2.53783 -5.67947
-2.46708 -5.54464
-2.23042 -5.35182
-2.36854 -5.60137
-2.26829 -5.55454
-2.33121 -5.74617
-2.42333 -5.78115
-2.43389 -5.9697
-2.31043 -6.00439
-2.23453 -5.67454
-2.11454 -5.66809
-2.16475 -6.03033
-2.30762 -6.37466
-2.1823 -6.41884
-2.34009 -6.68059
-2.42079 -6.69894
-2.43793 -6.45391
-2.2932 -6.81405
-2.29524 -7.11194
-2.15567 -6.74172
-2.16506 -7.08293
-2.27475 -7.43058
-2.14326 -7.37125
-2.06125 -7.06463
-2.02761 -6.75204
-1.94164 -6.87861
-1.85088 -6.46667
-1.99009 -6.30423
-2.04075 -6.04897
-1.88253 -5.79423
-1.78783 -6.00584
-1.72559 -5.65992
-1.75042 -5.41422
-1.91559 -5.45105
-2.01094 -5.78381
-2.05997 -5.34185
-2.17156 -5.50059
-2.02483 -5.09023
-1.98823 -4.88907
-1.81364 -4.6147
-1.64918 -4.33715
-1.5137 -4.10148
-1.50171 -4.20651
-1.56722 -4.37525
-1.41493 -4.2278
-1.48887 -4.47006
-1.31622 -4.27168
-1.36311 -4.48437
-1.48715 -4.73071
-1.29574 -4.68278
-1.23096 -4.3675
-1.04451 -4.38367
-1.13229 -4.85855
-1.35075 -5.08875
-1.22859 -5.19001
-1.34607 -5.35835
-1.23598 -5.45226
-1.03931 -5.14952
-1.06906 -5.50934
-0.845021 -5.32415
-0.900345 -5.75382
-1.25666 -5.82801
-1.15859 -6.19314
-0.871882 -6.15132
-0.679145 -5.91203
-0.561836 -6.14477
-0.386566 -5.85404
-0.223438 -6.09311
0.0481753 -5.81971
0.0278354 -6.06832
0.353611 -6.12905
0.530553 -5.71274
0.308723 -5.38286
-0.226151 -5.50007
0.0363383 -5.10371
-0.327999 -5.21
-0.590077 -5.42761
-0.575929 -5.68786
-0.553976 -5.0626
-0.803828 -4.99549
-0.591017 -4.74053
-0.390772 -4.7708
-0.224522 -4.9203
-0.157043 -4.6048
-0.363909 -4.51132
-0.151641 -4.33742
-0.299343 -4.25477
-0.54643 -4.37713
-0.809105 -4.70384
-0.794637 -4.36355
-0.958374 -4.63427
-0.827049 -4.11496
-0.948228 -4.03947
-1.13694 -4.10873
-0.955007 -3.81645
-1.18724 -3.92296
-1.28019 -4.09661
-1.37002 -4.04411
-1.30264 -3.86234
-1.41684 -3.97049
-1.09745 -3.70433
-0.897242 -3.60365
-0.67448 -3.58151
-0.788211 -3.42934
-0.582609 -3.37587
-0.415919 -3.38771
-0.405737 -3.24378
-0.17239 -3.22554
-0.176814 -3.06232
0.0898614 -3.05979
0.108508 -2.94645
0.337733 -2.89147
0.242214 -2.84135
0.433321 -2.74989
0.582073 -2.77211
0.533804 -2.88637
0.757265 -2.79947
0.753094 -2.69395
0.92734 -2.67381
1.02987 -2.78571
0.847606 -2.87797
0.983782 -2.91014
0.836813 -2.9837
0.635455 -2.97665
0.710691 -3.16109
1.00862 -3.06756
0.918572 -3.31697
1.10408 -3.19633
1.2962 -3.13792
1.20212 -2.91286
1.55899 -2.92986
1.61849 -3.2548
1.41106 -3.40759
1.64248 -3.58432
1.44714 -3.66892
1.27551 -3.5751
1.2928 -3.9034
1.60115 -3.95645
1.44702 -4.15339
1.61104 -4.41137
1.25346 -4.3732
1.42572 -4.72895
1.06146 -4.90869
1.42221 -5.05082
1.71572 -4.89945
1.61925 -5.31297
1.94266 -5.25773
2.02003 -4.9292
2.2068 -5.1868
2.21368 -4.91655
2.42552 -5.0374
2.30845 -4.71446
2.58267 -4.71879
2.66225 -5.09489
2.58473 -5.29181
2.79589 -5.3689
2.61472 -5.60321
2.94097 -5.70095
3.02307 -5.4514
3.2438 -5.75123
3.17926 -5.354
3.43248 -5.58675
3.51311 -5.94076
3.40039 -6.16405
3.63329 -6.29131
3.7041 -6.00235
3.83774 -6.43186
3.87426 -6.12243
4.00286 -6.41141
3.99882 -6.74798
3.86372 -6.76159
3.96103 -7.02729
3.75332 -6.95406
3.9073 -7.22922
4.04251 -7.34849
3.9265 -7.51382
3.80075 -7.29186
3.74322 -7.54394
3.71792 -7.32469
3.58298 -7.28672
3.50852 -7.58754
3.6732 -7.89158
3.40196 -7.90576
3.60021 -8.1327
3.80069 -8.2829
3.61931 -8.41389
3.45581 -8.20976
3.41532 -8.46978
3.59493 -8.74383
3.36725 -8.83514
3.57334 -9.03851
3.44482 -9.24603
3.16925 -9.18505
3.33502 -9.2926
3.3604 -9.46556
3.13333 -9.68303
3.44824 -9.81549
3.41303 -10.2392
3.71615 -10.0739
3.68852 -10.647
3.48676 -10.6671
3.24798 -10.5919
3.43372 -10.9345
3.17254 -10.9878
3.42682 -11.2684
3.60726 -11.1612
3.60132 -10.8996
3.73885 -11.0431
3.88212 -10.955
3.91094 -10.5685
4.06369 -10.9168
3.98826 -11.2455
3.84984 -11.2253
3.85176 -11.5373
4.04539 -11.4977
4.16143 -11.6227
4.00126 -11.7646
3.9569 -12.0164
3.83202 -11.916
3.65355 -11.7895
3.63114 -11.4608
3.43238 -11.6194
3.22589 -11.3879
3.14746 -11.7354
3.44235 -11.9852
3.18051 -12.2102
3.49999 -12.338
3.2228 -12.5912
3.01886 -12.4756
2.91101 -12.7166
3.04976 -12.8264
2.76515 -12.9222
2.73873 -12.8206
2.68884 -12.7102
2.80425 -12.523
2.60831 -12.5593
2.64301 -12.3409
2.43044 -12.4703
2.46268 -12.6959
2.16471 -12.6492
2.34343 -12.8458
2.16701 -12.9264
2.41029 -13.01
2.56461 -12.8521
2.65749 -13.1092
2.9788 -12.993
2.89524 -13.1229
2.71553 -13.1957
2.93013 -13.1976
3.15288 -13.0571
3.2678 -13.1126
3.14342 -13.2005
3.35952 -13.1521
3.16534 -13.2701
3.47697 -13.1908
3.5908 -13.093
3.71297 -13.1218
3.63032 -13.2095
3.90839 -13.1365
3.74886 -13.2206
3.51658 -13.2687
3.62903 -13.2678
3.38717 -13.2822
3.50171 -13.2913
3.20208 -13.3097
3.16399 -13.3054
2.90735 -13.3528
2.78288 -13.3592
2.53033 -13.4075
2.21638 -13.4568
1.95731 -13.5114
2.0074 -13.4988
2.26793 -13.451
1.93545 -13.488
1.70043 -13.5269
1.63366 -13.5027
1.35977 -13.5172
1.40009 -13.5306
1.63829 -13.5404
1.41316 -13.5152
1.1532 -13.5043
1.12359 -13.4863
1.14576 -13.4564
1.19024 -13.4243
0.994877 -13.4377
0.96432 -13.4081
0.820168 -13.4372
0.610679 -13.4698
0.439784 -13.4569
0.242131 -13.4947
0.0682402 -13.5054
0.0163517 -13.5284
-0.141298 -13.5183
-0.317908 -13.531
-0.310268 -13.5421
-0.156959 -13.5274
-0.270946 -13.5391
-0.0632038 -13.5255
-0.183048 -13.5206
0.0471411 -13.5162
-0.119407 -13.5098
0.185716 -13.4884
0.302704 -13.496
0.35565 -13.5188
0.61015 -13.5161
0.477462 -13.4921
0.714851 -13.4859
0.612817 -13.4691
0.887528 -13.4747
0.977675 -13.4923
1.19914 -13.4954
1.1555 -13.4234
1.35722 -13.4537
1.39868 -13.3828
1.5734 -13.4317
1.47206 -13.4916
1.73878 -13.4651
1.86555 -13.3916
2.00476 -13.4507
2.24496 -13.4312
2.27556 -13.3732
2.53885 -13.3806
2.68878 -13.3262
2.83948 -13.3403
2.95881 -13.2657
2.94379 -13.331
3.16436 -13.2975
3.37927 -13.267
3.27976 -13.2989
3.03437 -13.3302
2.73037 -13.3862
2.70843 -13.3702
2.49195 -13.4019
2.49851 -13.4109
2.56742 -13.2795
2.29073 -13.2915
2.05251 -13.336
1.82651 -13.3005
1.64194 -13.3633
1.56799 -13.2733
1.33287 -13.3047
1.15729 -13.363
1.15737 -13.2977
0.955097 -13.3222
0.930698 -13.3921
0.797404 -13.3536
0.617162 -13.3882
0.681121 -13.2983
0.400625 -13.3038
0.142598 -13.2692
0.250506 -13.1943
0.0682893 -13.1873
0.0548577 -13.0227
-0.258041 -12.9846
-0.147858 -12.85
-0.340612 -12.7377
-0.176816 -12.683
-0.26836 -12.5173
-0.444127 -12.4461
-0.675089 -12.2745
-0.466793 -12.1468
-0.566725 -11.8212
-0.844532 -11.8756
-0.703266 -11.551
-0.657106 -11.1837
-0.536453 -11.4581
-0.352168 -11.1873
-0.488663 -10.8731
-0.683548 -10.7669
-0.915386 -10.6325
-0.672197 -10.3731
-0.912579 -10.2361
-1.13003 -10.1532
-1.36263 -10.2652
-1.21964 -9.89318
-1.49612 -9.95442
-1.29645 -9.62775
-1.47225 -9.53871
-1.65503 -9.77195
-1.46418 -9.19341
-1.19972 -9.237
-1.27681 -8.92947
-1.47129 -8.87387
-1.22448 -8.59864
-1.46066 -8.53245
-1.6516 -8.52015
-1.5104 -8.22916
-1.74829 -8.31611
-1.6049 -8.01634
-1.76211 -7.8867
-1.94489 -8.01326
-1.91 -7.6884
-2.07061 -7.62667
-1.91415 -7.36967
-2.00421 -7.2305
-1.87032 -7.0361
-1.82444 -6.73913
-1.74269 -6.83788
-1.77173 -7.16787
-1.67634 -6.93369
-1.58947 -7.08388
-1.74635 -7.46423
-1.58474 -7.49591
-1.36319 -7.17891
-1.34823 -6.67198
-1.58555 -6.65486
-1.41305 -6.26944
-1.58036 -6.30668
-1.70969 -6.5165
-1.6704 -6.15869
-1.60211 -5.74046
-1.49396 -5.98312
-1.41154 -5.62889
-1.47261 -5.4011
-1.61066 -5.40395
-1.50333 -5.17717
-1.6111 -5.06872
-1.77045 -5.17881
-1.7013 -4.94059
-1.8692 -5.08385
-1.735 -4.82848
-1.84214 -4.84605
-1.66763 -4.60876
-1.67347 -4.47527
-1.60868 -4.72339
-1.60302 -4.85037
-1.45307 -4.94134
-1.05691 -6.50662
-1.17482 -6.8453
-0.938955 -6.77002
-1.09185 -7.11067
-1.23784 -7.46458
-0.967978 -7.37602
-1.12395 -7.69617
-0.838306 -7.66159
-1.13776 -8.11815
-1.38603 -7.84264
-0.795135 -7.92931
-0.816374 -8.15352
-0.551433 -7.98503
-0.572599 -8.35553
-0.956566 -8.39508
-0.961081 -8.76305
-0.600361 -8.76103
-0.812949 -9.1184
-1.04143 -9.52918
-0.730498 -9.49781
-0.946383 -9.86196
-0.627517 -9.9254
-0.415294 -9.50169
-0.525819 -9.16369
-0.226039 -9.1431
-0.0951757 -9.49693
-0.269378 -9.91061
0.101727 -9.92391
-0.123227 -10.0986
-0.0499344 -10.2637
0.134356 -10.4089
-0.0802326 -10.5837
-0.252036 -10.3238
-0.297714 -10.7326
-0.130882 -10.9236
-0.0461121 -11.2618
-0.227918 -11.5591
-0.406423 -11.5818
-0.323481 -11.9047
-0.150202 -11.8239
-0.0381093 -11.627
-0.0222974 -11.8898
-0.095221 -12.1664
0.112168 -12.0762
0.0459151 -12.224
0.126054 -12.4141
0.363885 -12.2181
0.358417 -12.5287
0.321597 -12.7811
0.447833 -12.6515
0.578096 -12.7187
0.52214 -12.4901
0.767699 -12.4865
0.594961 -12.2419
0.535488 -11.8849
0.276498 -11.8386
0.387392 -11.5893
0.171683 -11.497
0.396369 -11.2117
0.162093 -11.2061
0.095706 -11.781
0.144928 -10.8722
0.424086 -10.8174
0.33533 -10.5697
0.382577 -10.2282
0.598869 -10.5097
0.669256 -10.0798
0.464076 -9.84923
0.336073 -9.63454
0.18624 -9.45618
0.395247 -9.40738
0.332211 -9.17262
0.0711145 -9.14966
0.248613 -8.92685
-0.0109348 -8.8026
-0.372243 -8.88189
-0.266496 -8.5679
-0.582187 -8.96443
0.114524 -8.42423
-0.138159 -8.26352
-0.216545 -8.01181
0.256636 -8.00006
0.0135512 -7.75417
-0.285821 -7.74228
-0.568194 -7.72473
-0.345971 -7.53239
-0.544816 -7.48921
-0.655373 -7.28197
-0.288859 -7.23751
-0.446382 -6.89627
-0.803388 -7.02328
-0.672109 -6.71533
-0.758148 -6.4496
-0.364486 -6.462
-0.214967 -6.68808
-0.084702 -6.87671
0.0569043 -6.52686
0.28941 -6.80582
0.103175 -7.1172
-0.022934 -7.45989
0.299654 -7.28082
0.331307 -7.56424
0.649868 -7.23636
0.76471 -7.67258
0.65927 -8.04371
0.891055 -7.97248
0.85931 -8.26892
0.488597 -8.32996
0.661212 -8.6282
0.339933 -8.65726
0.490813 -8.91747
0.730685 -8.93616
0.58416 -9.23342
0.868963 -9.2193
0.695086 -9.41463
0.755464 -9.65482
1.12004 -9.52581
1.16272 -9.0356
1.00177 -8.69765
1.4696 -8.62546
1.23781 -8.17341
1.02901 -8.05971
1.10836 -7.8361
1.49201 -7.69202
1.19782 -7.4669
0.972649 -7.29166
1.25234 -7.07524
0.955421 -7.04015
0.759641 -6.78618
0.423965 -7.0413
0.483799 -6.49785
0.95419 -6.26162
-0.0348248 -6.25125
0.782603 -5.91457
1.1445 -5.81582
1.44225 -6.01909
1.44187 -6.36262
1.18521 -6.60536
1.46765 -6.62703
1.33227 -6.79673
1.10572 -6.85122
1.59997 -6.87627
1.54346 -7.2628
1.85501 -7.09614
1.80656 -7.41237
1.83222 -7.68442
1.6835 -8.0432
2.1279 -7.81103
1.94424 -8.30315
1.82409 -8.70446
1.5894 -8.98504
1.83062 -9.07899
1.53048 -9.45994
1.36466 -9.11995
1.29644 -9.8012
1.09796 -9.98904
0.90959 -9.91031
0.899064 -10.2767
1.09351 -10.2412
1.29011 -10.1612
1.10003 -10.5287
1.43099 -10.5242
1.56906 -10.1706
1.47648 -9.88637
1.73291 -9.85905
1.92202 -9.49082
2.12507 -10.0069
1.80865 -10.1933
1.92546 -10.5311
1.68352 -10.4216
1.66108 -10.7044
1.46814 -10.8307
1.59946 -10.9819
1.8204 -10.9714
1.62147 -11.3185
1.39764 -11.1075
1.32674 -11.4587
1.50312 -11.6606
1.26855 -11.8741
1.06159 -11.5812
1.13793 -11.2199
0.915695 -11.3457
0.933793 -10.9729
0.701701 -11.2748
0.786252 -11.6606
0.559562 -11.523
0.786415 -12.0828
0.986733 -11.9003
1.06719 -12.2793
1.01971 -12.6717
0.804504 -12.8232
1.02738 -12.9369
0.835179 -13.0558
1.05503 -13.13
0.874629 -13.2246
1.06492 -13.2513
1.26376 -13.2008
1.24966 -13.0172
1.53211 -13.0697
1.42754 -13.2265
1.82154 -13.1573
1.88606 -12.9176
1.63598 -12.8184
1.40491 -12.8336
1.54209 -12.5763
1.26994 -12.5874
1.19485 -12.826
1.40501 -12.2689
1.56841 -11.9506
1.7264 -12.2531
1.78114 -11.9373
1.72789 -11.6734
1.90828 -11.7537
1.94516 -11.3843
2.10438 -11.7155
1.95274 -12.0101
2.17442 -12.0314
2.01271 -12.3214
1.82356 -12.6062
2.2644 -12.2986
2.37533 -12.0541
2.35933 -11.7486
2.64029 -11.956
2.61887 -11.4124
2.27174 -11.3333
2.47857 -10.853
2.117 -10.9291
2.22022 -10.5261
2.4458 -10.3386
2.46846 -9.99687
2.41273 -9.69187
2.20991 -9.51473
2.45432 -9.34018
2.16629 -9.11819
2.03625 -8.81916
2.26744 -8.77734
2.16165 -8.5392
2.51158 -8.59237
2.44361 -8.18122
2.87712 -8.41881
2.84518 -8.03604
2.64121 -7.67736
2.31052 -7.34719
2.02905 -7.49842
2.03791 -7.26868
2.14631 -7.02165
1.94198 -6.78444
2.20829 -6.74131
2.06013 -6.47774
1.73025 -6.54182
1.81006 -6.17311
2.23554 -6.12117
2.38618 -6.53101
2.65059 -6.2932
2.6653 -6.652
2.47151 -6.92423
2.87367 -6.95514
2.66894 -7.25571
3.00726 -7.37996
3.16249 -7.09192
3.15389 -6.80698
2.92141 -6.58552
3.15025 -6.54506
2.99404 -6.29787
2.80943 -5.97377
2.50834 -5.92082
2.22184 -5.61327
1.97435 -5.87198
1.84073 -5.59714
1.72603 -5.86076
1.51033 -5.6664
1.2187 -5.39825
0.900478 -5.64451
0.786317 -5.35945
0.638722 -5.06907
0.367146 -5.06759
0.520173 -4.87146
0.738445 -4.77848
0.501233 -4.54615
0.309189 -4.86877
0.0970445 -4.73384
0.127933 -4.36518
0.512051 -4.02336
-0.0493069 -3.98801
0.308215 -3.66752
0.0385318 -3.64459
-0.262273 -3.69667
-0.313626 -3.93067
-0.55889 -4.00533
-0.542688 -3.72073
-0.753973 -3.86335
-0.423764 -3.54612
-0.198907 -3.41259
0.0148244 -3.45458
0.101138 -3.23176
0.235083 -3.33211
0.206812 -3.48299
0.462388 -3.37769
0.413421 -3.17305
0.695766 -3.34187
0.679722 -3.58121
1.02124 -3.64099
1.17465 -3.35404
0.798936 -3.8092
0.940599 -4.06138
0.727882 -4.27017
0.887817 -4.48616
0.351965 -3.02826
-0.357302 -4.09974
2.41234 -5.34779
3.1216 -6.04408
3.27149 -6.37913
3.53927 -6.56261
3.35469 -6.68696
3.54555 -6.85267
3.60879 -7.05561
3.4015 -7.01064
3.70273 -7.18179
3.32925 -7.32149
3.73644 -6.60756
3.26861 -7.59377
3.06403 -7.78911
3.18568 -8.1793
3.19679 -8.51031
3.0965 -8.73758
2.83517 -8.84385
2.8277 -9.31415
2.50774 -8.97082
2.62411 -9.56162
2.82134 -9.73166
2.61595 -9.81868
2.76382 -10.1809
2.95599 -9.93072
3.09216 -10.1737
3.00871 -10.4683
3.0725 -10.6932
2.84303 -10.7493
2.91575 -11.2995
2.70873 -11.0695
2.62912 -10.5233
2.78537 -11.4405
2.83959 -11.6324
2.94597 -11.9656
2.88244 -12.2527
2.46564 -12.2265
3.0504 -9.37594
2.09994 -13.0928
2.05912 -13.2405
2.32763 -13.1784
2.50961 -13.2233
0.642689 -13.1571
0.472309 -13.2213
0.389065 -13.0759
0.00784254 -12.7274
0.596818 -12.9558
0.645616 -10.9093
0.83317 -10.6452
1.24007 -10.8617
0.540801 -9.538
-0.106389 -12.4949
-0.200549 -12.3714
-0.306779 -12.2677
-0.471557 -10.5383
-0.457 -10.2009
-1.43735 -7.55745
-1.56418 -7.76767
-1.83964 -7.4288
1.16002 -13.4986
0.919176 -13.4943
0.933848 -13.4878
0.70793 -13.5109
0.432894 -13.4915
0.6045 -13.4937
0.695004 -13.496
0.809293 -13.4989
0.98566 -13.4772
0.894159 -13.4605
0.163239 -13.5135
-0.302598 -13.5004
-0.398115 -13.5517
-0.511973 -13.5484
-0.615619 -13.5949
-0.499689 -13.5728
-0.76526 -13.6541
-0.625382 -13.6069
-0.452594 -13.56
-0.478101 -13.546
-0.554723 -13.5943
-0.568314 -13.5911
-0.717953 -13.641
-0.751756 -13.639
-0.909616 -13.6636
-0.914492 -13.6422
-1.08379 -13.636
-1.08328 -13.6817
-1.28424 -13.7079
-1.51596 -13.7399
-1.45396 -13.7442
-1.3251 -13.7086
-1.16431 -13.7006
-0.9739 -13.68
-1.10237 -13.7026
-0.964423 -13.7001
-0.788368 -13.6309
-0.691037 -13.5775
-0.85259 -13.6818
-1.55064 -13.7486
-1.61133 -13.7612
-1.71246 -13.7769
-1.75485 -13.7698
-1.70321 -13.7827
-1.87999 -13.7938
-1.79284 -13.7913
-2.05351 -13.8085
-1.87232 -13.7839
-1.79887 -13.7642
-1.98238 -13.7348
-1.40943 -13.7099
3.88918 -13.0663
3.77081 -13.0491
3.92983 -12.9777
3.71956 -12.9756
3.49036 -13.0678
3.48458 -12.9509
3.78656 -12.8037
3.62712 -12.7136
3.2985 -12.8356
3.48884 -12.6023
3.72601 -12.434
3.68544 -12.2838
3.66492 -12.1044
3.81543 -12.1792
3.98328 -12.7102
3.95048 -12.8488
4.12294 -12.8823
4.09773 -13.0143
3.74551 -11.2983
4.10658 -10.5258
3.96037 -10.2105
3.91499 -9.77105
3.74841 -9.64545
3.57273 -9.60292
3.66045 -9.33225
3.82904 -9.39897
3.73811 -9.05328
3.92009 -9.10907
3.78184 -8.70272
3.95605 -8.65917
3.98571 -8.31602
3.92196 -7.92263
4.12128 -8.178
4.10241 -8.57154
4.2317 -8.5141
4.20458 -8.79879
4.3214 -8.83746
4.24107 -9.08229
4.10077 -9.01285
4.19735 -9.39377
4.05734 -9.50483
4.19908 -9.74215
4.12178 -10.0477
4.30199 -9.67619
3.93619 -9.44951
4.30496 -9.36216
4.3933 -9.59376
4.47441 -9.77693
4.49734 -9.53175
4.39764 -9.31702
4.47917 -9.24777
4.41471 -9.05187
4.33238 -9.12534
4.43948 -8.79789
4.36882 -8.52008
4.40602 -8.2011
4.26975 -8.20845
4.28183 -7.85363
4.19836 -7.99711
4.10532 -7.75431
4.19125 -7.47416
4.14728 -7.08608
4.24796 -7.30283
4.33016 -7.50739
4.30443 -7.14814
4.42751 -7.35636
4.42414 -7.5855
4.44369 -7.84674
4.42209 -6.99148
4.30486 -6.88074
4.23235 -6.90365
4.12957 -6.70887
4.23662 -6.66628
4.14078 -6.38011
3.9975 -5.98988
4.16096 -6.0418
4.25587 -6.39475
4.2885 -6.14561
4.36075 -6.41894
4.33656 -6.67812
4.42811 -6.69464
4.5609 -6.90872
4.48403 -6.47635
4.59598 -6.55883
4.52179 -6.19267
4.39712 -6.11498
4.40179 -5.74525
4.24947 -5.74466
4.26563 -5.41586
4.3562 -5.35671
4.46326 -5.53681
4.41564 -5.28172
4.48777 -5.35434
4.41757 -5.15802
4.47851 -5.23258
4.44936 -5.11736
4.40198 -4.97681
4.33621 -5.06522
4.28818 -4.77321
4.17217 -4.89023
4.14934 -4.62814
4.00954 -4.62912
4.05377 -4.95555
4.16574 -5.15466
4.09436 -5.20636
4.17624 -5.38276
4.10711 -5.43188
4.10468 -5.70202
4.07273 -5.86454
4.00151 -5.67764
3.90398 -5.61071
3.79175 -5.70928
3.75635 -5.21107
3.61033 -5.31862
3.61785 -5.63785
3.48078 -5.35528
3.31031 -5.21057
3.38781 -4.97718
3.20983 -4.93031
3.1058 -5.03108
2.90227 -5.07542
2.97348 -4.88705
2.85258 -4.73137
2.73834 -4.45678
2.40969 -4.19621
2.3602 -4.5072
2.15106 -4.42726
2.08539 -4.0906
1.87263 -4.21394
1.91664 -4.59607
2.12001 -4.71558
1.87296 -3.84452
1.92117 -3.47532
2.13484 -3.81419
2.19989 -3.54301
2.35427 -3.7892
2.54892 -3.89796
2.73063 -4.15569
2.75494 -3.88763
2.95534 -4.12026
2.9408 -3.81669
3.16691 -4.06748
3.13673 -3.81032
3.30314 -3.92618
3.34236 -4.14608
3.30727 -4.32059
3.46151 -4.37937
3.50092 -4.10329
3.6428 -4.41697
3.65951 -4.17812
3.76932 -4.33258
3.77861 -4.54821
3.76456 -4.7913
3.91115 -4.79692
3.86782 -4.50716
3.90566 -4.35723
3.79593 -4.16219
3.97424 -4.22867
4.05222 -4.43504
4.1365 -4.35194
4.20561 -4.53481
4.2722 -4.49353
4.32194 -4.65797
4.37862 -4.81585
4.49171 -4.95897
4.59342 -5.10716
4.54665 -5.1447
4.63017 -5.22875
4.63567 -5.3425
4.54201 -5.21916
4.61279 -5.37243
4.56242 -5.36772
4.60399 -5.49518
4.65553 -5.51815
4.65019 -5.62425
4.58404 -5.62122
4.68373 -5.77631
4.74078 -5.73636
4.78153 -5.96127
4.86346 -5.96098
4.8926 -6.19107
4.92992 -6.17644
5.03547 -6.49225
5.00465 -6.27631
4.91681 -6.00836
4.98422 -6.12951
4.94904 -5.96425
4.98858 -6.03157
4.96479 -5.8938
4.89726 -5.83116
4.91106 -5.73868
4.83527 -5.66259
4.68638 -5.32158
4.72251 -5.42015
4.73866 -5.56112
4.83412 -5.78345
4.25413 -4.33491
4.07369 -4.18114
4.00927 -4.01643
3.87127 -4.0251
3.70705 -3.78681
3.65654 -3.99224
3.46272 -3.83065
3.24881 -3.69638
3.40621 -3.56819
3.1616 -3.52191
3.03346 -3.61815
2.93807 -3.38643
2.79599 -3.56285
2.69652 -3.38487
2.60446 -3.46154
2.59192 -3.65882
2.76806 -3.72249
2.47292 -3.46654
2.39362 -3.58591
2.46792 -3.72918
2.32633 -3.37993
2.12689 -3.2808
2.32175 -3.19627
2.1624 -3.09403
1.90891 -3.10234
2.15642 -2.93562
1.89149 -2.86297
1.70806 -2.75495
1.53573 -2.76889
1.34174 -2.75388
1.54556 -2.67419
1.37652 -2.62309
1.16499 -2.64592
1.30149 -2.51329
1.02956 -2.55859
0.840898 -2.60765
0.657637 -2.65062
0.032774 -2.88486
-0.445415 -3.15571
-0.605148 -3.27152
1.5547 -2.42974
1.54294 -2.5569
1.71647 -2.50179
1.78031 -2.61594
2.07553 -2.61025
2.35578 -2.62301
2.59457 -2.6701
2.44922 -2.73282
2.69858 -2.77143
2.5514 -2.83446
2.7866 -2.88032
2.65703 -2.92512
2.87705 -2.99598
2.66037 -3.0387
2.96888 -3.12072
3.17478 -3.09165
3.15485 -3.18146
3.34176 -3.26569
3.60233 -3.36031
3.50311 -3.4374
3.31664 -3.38125
3.18305 -3.41501
3.10623 -3.26898
2.8157 -3.19253
2.69082 -3.27042
2.54893 -3.15948
2.50957 -3.31279
2.36767 -3.04127
2.44122 -2.92118
2.30956 -2.81468
2.0976 -2.80091
2.20381 -2.71177
1.95652 -2.72045
3.62404 -3.58485
3.78985 -3.66969
3.92628 -3.84379
3.69398 -3.51438
3.27791 -2.96535
3.18862 -2.99946
3.01527 -2.95155
3.11317 -2.91828
2.93839 -2.83946
5.3958 -7.18445
5.35735 -6.94456
5.34177 -7.03029
5.27629 -6.91412
5.29807 -6.88042
5.25961 -6.71739
5.31123 -6.79481
5.35699 -6.76691
5.29352 -6.6586
5.09909 -6.13408
5.22665 -6.508
5.18921 -6.55704
5.15132 -6.36624
5.11787 -6.34595
5.14063 -6.5229
5.19304 -6.76114
5.26345 -7.09344
5.3149 -7.39171
5.26706 -7.26268
5.22778 -7.06369
5.17077 -6.82845
5.14926 -6.81664
5.10482 -6.56711
4.97863 -6.69034
4.89697 -6.43809
4.87643 -6.75822
4.71398 -6.39073
4.78716 -6.74456
4.83223 -7.01243
4.70967 -6.85363
4.95616 -7.18332
4.97909 -6.92695
4.77962 -6.18373
4.69219 -5.96359
4.56893 -5.90005
5.13721 -6.56793
5.04621 -6.37142
5.04253 -6.20957
5.01979 -6.02886
5.02175 -5.94166
4.477 -5.06873
3.89451 -5.12533
4.01246 -5.1456
4.0079 -5.41864
3.9179 -5.41241
3.59593 -4.72879
3.55434 -4.97627
3.39834 -4.63625
3.28826 -4.67996
3.17672 -4.69433
3.17986 -4.41598
2.9566 -4.44227
3.0262 -4.74676
2.88849 -4.57981
3.58327 -5.80015
4.24921 -5.16357
4.52638 -8.99641
4.58081 -9.33556
4.629 -9.12016
4.6969 -9.33386
4.64815 -9.47623
4.61367 -9.61107
4.57047 -9.81743
4.63023 -10.0451
-0.976077 -4.86522
-0.914716 -4.93992
-2.45095 -6.24106
-2.54438 -6.22328
-2.29718 -10.642
-0.682553 -13.4358
-0.834159 -13.4756
-1.28464 -13.3916
-1.4511 -13.2289
-1.85399 -13.6951
-1.76082 -13.7131
-1.66402 -13.7042
0.250125 -13.0165
1.63035 -12.9089
2.52987 -13.0972
5.14198 -10.8894
5.22827 -11.1698
5.18546 -11.4261
5.21642 -11.3122
5.22694 -11.3668
5.1943 -11.5249
5.18226 -11.6305
5.25073 -11.4541
5.22949 -11.6028
5.32045 -11.2821
5.26164 -11.4304
5.35752 -10.7672
5.03138 -12.2002
4.94328 -12.4441
4.88213 -12.5538
4.90227 -12.5151
4.91386 -12.5077
4.89625 -12.5353
4.8991 -12.5251
4.92902 -12.4869
4.88095 -12.5457
4.87979 -12.62
4.8175 -12.7094
4.8352 -12.7432
4.89137 -12.6156
4.75523 -12.8753
4.71309 -12.8732
4.72258 -12.7903
4.79809 -12.6428
4.58219 -12.8125
4.39771 -12.85
4.45764 -12.9455
4.60668 -12.931
4.66007 -12.8162
4.46396 -13.0393
4.54759 -13.0529
4.62919 -13.003
4.52593 -13.0983
4.42371 -13.1474
4.4438 -13.1004
4.32571 -13.1564
4.32976 -13.0831
4.32261 -13.0162
4.18497 -13.0435
4.16404 -13.1115
4.04802 -13.0634
4.18215 -13.1748
4.30944 -13.196
2.43637 -12.7171
2.1679 -12.6729
2.22746 -12.7793
2.3935 -12.8028
2.50676 -12.8534
4.97953 -12.3706
4.92873 -12.4805
4.99364 -12.2236
5.0358 -12.1478
5.11183 -11.9515
5.08245 -11.9696
5.15435 -11.8088
5.13595 -11.8031
5.10785 -11.7865
5.03798 -12.0254
4.95198 -12.3576
4.88687 -12.5497
5.15046 -11.6094
5.1352 -11.5476
-0.660631 -12.7817
-0.738705 -12.6275
-0.89007 -12.7817
-0.960496 -12.6297
-0.822807 -12.4813
-1.14672 -12.6037
-1.14389 -12.7587
-1.45415 -12.8619
-2.44971 -12.471
-2.63618 -12.331
-2.74431 -12.367
-2.88419 -12.2929
-2.7803 -12.5556
-2.62303 -12.5362
-2.62036 -12.7135
-2.44834 -12.7229
-2.51964 -12.8998
-2.26579 -12.9705
-1.97206 -12.9489
-1.72347 -12.9571
-1.76375 -13.0839
-2.02387 -13.1259
-1.79072 -13.2407
-1.47151 -13.145
-1.54303 -13.0256
-1.49709 -13.2716
-1.71551 -13.3493
-1.5167 -13.3706
-1.77048 -13.4515
-1.95658 -13.3809
-1.96891 -13.5029
-2.14579 -13.4701
-2.17641 -13.3359
-2.04695 -13.2675
-2.21994 -13.1911
-2.42849 -13.128
-2.32346 -13.28
-2.44834 -13.2915
-2.55773 -13.184
-2.61839 -13.0234
-2.7059 -12.8086
-2.78398 -12.9411
-2.89566 -12.6945
-2.9573 -12.4382
-3.05457 -12.5234
-3.0802 -12.3424
-3.03007 -12.2308
-3.11039 -12.0427
-3.13488 -12.2092
-3.21759 -12.0881
-3.19441 -11.798
-3.32548 -11.9426
-3.30775 -11.7404
-3.29435 -11.1244
-3.30648 -10.9666
-3.35744 -11.1752
-3.3652 -11.3844
-3.41075 -11.4041
-3.40946 -11.5893
-3.34626 -11.5802
-3.392 -11.7636
-3.43606 -11.7572
-3.44578 -11.5903
-3.4752 -11.7037
-3.46173 -11.4459
-3.42251 -11.1701
-3.46145 -11.2678
-3.45299 -11.069
-3.41546 -10.8198
-3.3655 -10.9301
-3.36659 -10.6682
-3.28465 -10.4364
-3.35333 -10.4208
-3.27877 -10.2011
-3.36892 -10.2024
-3.37423 -9.96313
-3.40809 -9.89068
-3.40367 -10.2108
-3.39309 -10.3914
-3.40895 -10.5129
-3.38789 -10.5967
-3.43463 -10.6392
-3.42347 -10.3918
-3.43396 -10.5559
-3.44382 -10.4545
-3.45216 -10.2486
-3.42336 -10.1238
-3.40734 -9.90392
-3.38749 -9.52024
-3.41644 -9.89933
-3.44351 -10.1493
-3.43478 -10.1155
-3.44324 -10.2622
-3.45828 -10.4905
-3.46249 -10.4048
-3.44973 -10.6266
-3.46705 -10.8895
-3.45211 -10.8513
-3.47213 -11.1607
-3.4818 -11.1918
-3.46988 -11.4594
-3.47668 -11.3604
-3.47255 -11.0651
-3.46684 -11.3034
-3.47285 -11.4948
-3.45394 -11.6187
-3.47446 -11.7371
-3.45602 -11.7217
-3.46265 -11.6851
-3.45893 -11.4484
-3.44806 -11.9247
-3.44507 -11.9407
-3.43507 -12.0804
-3.4146 -12.1226
-3.359 -12.2925
-3.37167 -12.0624
-3.30786 -12.1952
-3.27007 -12.437
-3.18587 -12.3447
-3.14965 -12.6312
-3.23483 -12.6118
-3.19004 -12.7412
-3.10508 -12.8644
-3.1911 -12.886
-3.0463 -13.0823
-3.13518 -13.0533
-3.04863 -13.1979
-2.93288 -13.2918
-2.88636 -13.1852
-2.80404 -13.3709
-2.83763 -13.4663
-2.68243 -13.5028
-2.71213 -13.4036
-2.7374 -13.2811
-2.61892 -13.4179
-2.58876 -13.2979
-2.47358 -13.4301
-2.31953 -13.4051
-2.68911 -13.1388
-2.83554 -13.0723
-2.92728 -12.8722
-2.9773 -12.9879
-3.04895 -12.8198
-3.01846 -12.7069
-2.96854 -13.3775
-3.09567 -13.2307
-3.15732 -13.1097
-3.2004 -13.0317
-3.23486 -12.7053
-3.38684 -11.894
-3.44049 -11.1016
-3.37364 -11.1951
-3.40468 -10.8274
-3.43998 -10.4882
-3.32913 -10.4537
-3.36951 -10.0776
-3.43541 -10.1547
-3.39487 -9.82154
-3.38264 -9.61274
-3.35155 -9.46812
-3.35284 -9.32404
-3.34526 -9.27649
-3.32989 -9.12294
-3.31188 -8.86605
-3.31789 -9.00573
-3.3275 -9.20922
-3.31059 -9.03001
-3.28941 -8.83297
-3.2789 -8.60972
-3.23985 -8.61866
-3.23824 -8.26306
-3.24524 -8.31753
-3.29367 -8.58558
-3.20937 -8.07836
-3.19204 -7.75194
-3.17534 -7.63587
-3.15084 -7.39435
-3.20341 -7.96953
-3.14747 -7.42266
-3.13351 -7.46399
-3.10739 -7.22874
-3.12699 -7.39219
-3.10753 -7.25208
-3.12097 -7.0959
-3.10827 -7.13004
-3.13591 -6.98828
-3.11543 -7.18983
-3.07779 -6.99759
-3.09846 -7.14426
-3.26101 -8.88516
-3.22957 -8.62482
-3.21571 -8.7575
-3.24209 -9.11089
-3.29033 -9.18694
-3.26978 -9.38544
-3.30934 -9.67825
-3.24098 -9.43869
-3.28548 -9.81674
-3.29874 -10.0711
-3.18626 -8.98191
-3.11274 -8.81395
-3.04606 -8.37292
-3.34595 -10.8425
-3.46528 -10.92
-3.45754 -10.7877
-3.4564 -10.8348
-3.44181 -10.6876
-3.44612 -10.5971
-3.4589 -10.9585
-0.789249 -12.887
-3.07946 -13.0116
-3.14506 -12.8981
-3.09984 -12.9053
-3.17353 -12.7199
-3.23175 -12.6295
-3.13335 -12.5137
-3.0729 -12.7949
-3.02926 -12.6579
-3.02153 -12.4224
-3.10786 -12.2444
-3.03229 -12.104
-3.00803 -11.8076
-3.01419 -11.4211
-2.939 -11.5525
-2.90649 -11.8321
-2.97266 -12.0015
-2.92051 -12.2105
-2.8433 -12.4419
-2.9198 -12.491
-2.83141 -12.6767
-2.95116 -12.6613
-2.88842 -12.8078
-2.85886 -11.4973
-2.88318 -11.1535
-2.74695 -10.8144
-2.82199 -10.7188
-2.90901 -10.8329
-2.95392 -11.1124
-3.01783 -11.031
-2.94876 -10.5942
-2.83424 -10.3876
-2.72966 -10.404
-2.72621 -9.96433
-2.68172 -9.49228
-2.63128 -9.15855
-2.70878 -9.20107
-2.679 -8.90084
-2.5716 -8.92286
-3.11347 -9.86507
-2.9983 -7.9374
-2.95146 -7.63036
-2.49159 -9.03407
-2.42823 -8.71547
-2.52802 -8.86081
-2.73037 -8.74461
-2.96812 -7.98616
-2.95964 -7.85679
-3.02578 -7.94324
4.83421 -8.72686
4.8484 -8.44953
4.76962 -8.53537
4.76088 -8.21526
4.78272 -7.82863
5.10107 -7.77915
5.13255 -8.02283
5.18803 -7.86683
5.19572 -8.1116
5.4057 -9.34351
5.39941 -9.61201
5.43924 -9.62817
5.43696 -9.66961
5.47865 -9.45566
5.49298 -9.35009
5.47044 -9.30353
5.50181 -9.10347
5.50257 -8.98297
5.52695 -9.24791
5.36979 -10.9538
-3.15261 -8.53735
