-5.56164 -1.05426
-5.43287 -0.448971
-5.31999 -0.0865608
-5.17728 0.264664
-4.39798 1.7936
-3.92976 2.40218
-3.80761 2.5511
-3.40209 2.69516
-3.23847 2.67765
-3.08024 2.64602
-2.41498 2.51277
-2.09624 2.42433
-1.92628 2.35908
-1.74944 2.28555
-1.2322 1.8583
-0.284302 0.477589
0.289497 -0.535593
0.480701 -0.933712
0.558261 -1.21825
0.619691 -1.73009
0.63419 -1.91854
0.657364 -2.27444
0.622571 -2.75851
0.084465 -4.17789
0.0359354 -4.29743
-0.145912 -4.64759
-0.426563 -5.10118
-0.53406 -5.25134
-0.666015 -5.40209
-0.829622 -5.53695
-1.12966 -5.73793
-1.29705 -5.80738
-1.99378 -6.02679
-5.00302 -6.23522
-5.13535 -6.20518
-5.20434 -6.18255
-5.33781 -6.13809
-5.48557 -6.0694
-5.66487 -5.90723
-5.69972 -5.86188
-5.77221 -5.76546
-5.77572 -5.76001
-5.83676 -5.66206
-5.92718 -5.50992
-6.00134 -5.38407
-6.09011 -5.09818
-6.11029 -4.98706
-6.17154 -4.40316
-6.18502 -4.23254
