-3.53264 3.09089
-3.44073 3.69342
-3.38684 3.9777
-3.20405 4.53697
-3.12844 4.72222
-2.93728 5.12806
-2.1089 6.78687
-1.74202 7.28679
-1.44544 7.67208
-1.25512 7.86941
-0.727196 8.17461
-0.557939 8.2444
0.279928 8.46751
1.47188 8.52707
1.97864 8.38197
2.53153 8.06231
3.03848 7.73998
3.83873 6.73539
3.98569 6.39856
4.0587 6.01429
4.63713 2.91877
4.64539 2.67768
4.49796 1.60649
4.47857 1.4774
4.27456 1.08845
4.19607 0.944616
4.10833 0.786519
3.90397 0.43647
3.83404 0.317467
3.73757 0.171416
3.69454 0.114177
3.49829 -0.128525
3.37172 -0.2842
3.32192 -0.329175
3.18907 -0.412324
1.7912 -1.15332
1.65413 -1.21911
1.5771 -1.22318
1.47363 -1.2143
-0.744124 -0.342826
-0.927898 -0.26899
-1.4682 0.0574431
-1.67086 0.191236
-1.88495 0.336618
-2.45164 0.732272
-2.61693 0.875988
-2.81162 1.06692
-2.91327 1.17488
-3.03435 1.30861
-3.12137 1.4294
-3.22041 1.59867
-3.27114 1.69091
-3.32886 1.86123
-3.39398 2.05779
-3.46631 2.30609
-3.49728 2.45758
-3.50647 2.51863
-3.52099 2.7151
