-1.86842 -0.41664
-1.74875 0.203648
-1.69411 0.47331
-1.62267 0.691415
-1.20976 1.54895
-0.956913 2.06008
-0.440919 2.48975
0.314028 2.98227
0.551125 3.12079
3.07032 2.46919
3.87988 2.0278
4.03982 1.88337
5.60596 -0.109328
5.92999 -0.790169
5.9702 -1.04939
6.01203 -1.8854
6.03828 -2.87817
5.9103 -5.11288
5.08303 -6.20839
4.88452 -6.19942
2.39414 -6.01914
-0.303092 -5.66505
-0.519099 -5.60546
-0.681652 -5.55834
-1.14915 -5.14731
-1.65062 -4.46683
-1.76239 -4.3061
-1.99258 -3.15433
-1.99499 -2.17765
