14.6439 -3.22528
14.6851 -3.08372
14.6337 -2.45062
14.5485 -2.22238
14.6035 -2.44871
14.6648 -2.61741
14.6797 -2.88366
14.6432 -2.94996
14.6679 -2.99569
14.6551 -3.09595
14.6325 -3.09911
14.6318 -3.2246
14.6347 -3.3699
14.6289 -3.35809
14.6257 -3.50613
14.2927 -3.93499
8.96566 -3.69722
9.08993 -3.74384
9.95208 -4.08339
10.0933 -4.05022
10.3493 -4.08912
10.494 -4.14303
10.5672 -4.21535
11.0683 -4.12305
11.1865 -4.21566
11.3683 -4.1895
11.5385 -4.25024
11.572 -4.34846
11.8369 -4.45125
12.394 -4.45141
13.6504 -4.25179
13.5379 -4.3092
13.4219 -4.33258
12.86 -4.39056
12.6775 -4.44634
12.5759 -4.37683
12.3541 -4.38827
12.152 -4.40571
12.3108 -4.32872
11.9849 -4.35283
11.7516 -4.3804
11.7846 -4.28538
12.1205 -4.23542
11.9026 -4.18412
12.1293 -4.1102
12.3813 -4.15318
12.4171 -4.23647
12.6855 -4.1805
12.6132 -4.04272
12.8992 -4.09896
13.0181 -4.17092
12.8332 -4.24513
12.9935 -4.25615
12.826 -4.31618
13.0509 -4.317
13.1932 -4.22521
13.2885 -4.30179
13.4239 -4.19518
13.4986 -4.26056
13.6445 -4.15828
13.7934 -4.18167
13.8563 -4.06329
13.9232 -4.13361
14.024 -4.1347
14.0175 -4.03902
14.1424 -4.00332
14.1514 -4.08883
14.22 -3.86254
14.1113 -3.91592
14.1695 -3.77658
14.0798 -3.83238
13.9942 -3.93659
13.8541 -3.91582
13.6917 -4.0205
13.6558 -3.86311
13.5073 -3.99783
13.533 -4.09346
13.3146 -4.10893
13.2821 -3.98782
13.12 -4.0743
13.0025 -3.99242
13.1923 -3.86557
12.8315 -3.89222
12.4312 -3.89715
12.3099 -4.0283
12.0648 -3.97845
11.8504 -4.08692
11.7768 -3.96462
11.6213 -4.06065
11.6911 -4.1784
11.4205 -4.06413
11.2396 -4.09647
11.2886 -3.95793
11.1178 -3.9939
10.9439 -4.01843
10.9947 -3.87785
10.7722 -3.90573
10.6137 -4.00095
10.6238 -4.11048
10.5059 -4.06842
10.4373 -3.98105
10.2447 -3.94337
10.3741 -3.87391
10.2412 -3.82061
10.0063 -3.82279
9.82995 -3.96773
9.71034 -3.77887
9.57639 -3.86564
9.47946 -3.6801
9.39429 -3.78193
9.2495 -3.76735
9.28843 -3.6405
9.12184 -3.57591
9.00787 -3.59883
8.96878 -3.41153
8.90251 -3.53234
8.85487 -3.6448
8.79036 -3.48111
8.56408 -3.00239
8.61814 -3.27156
8.64642 -3.14104
8.57493 -2.7699
8.68712 -2.92379
8.73525 -3.16693
8.73148 -3.31742
8.82912 -3.30368
8.77271 -3.08294
8.86003 -3.07944
8.76917 -2.88715
8.70314 -2.72383
8.62727 -2.62483
8.6818 -2.48314
8.59076 -2.33936
8.55699 -2.47372
8.49884 -2.17108
8.50558 -2.47096
8.50722 -2.70274
8.45878 -2.48526
8.48602 -2.78961
8.4082 -2.50464
8.35098 -2.28589
8.34074 -1.61349
8.32503 -1.75632
8.38265 -1.73381
8.44651 -1.58234
8.33938 -1.46131
8.37605 -1.29139
8.4882 -1.20771
8.57677 -1.45753
8.56864 -1.76873
8.66836 -1.6829
8.70843 -1.36898
8.76243 -1.63662
8.83102 -1.44229
8.86055 -1.7746
8.75296 -1.88429
8.81632 -2.08245
8.72774 -2.12948
8.77455 -2.27094
8.71807 -2.31704
8.65195 -2.21888
8.76242 -2.44879
8.76062 -2.65972
8.82213 -2.57268
8.85556 -2.79718
8.91928 -2.57768
8.95338 -2.77337
8.95497 -2.97032
9.02929 -2.86024
9.10266 -3.06834
9.14106 -2.82803
9.06177 -2.62129
9.27799 -2.62085
9.32139 -2.92886
9.62288 -2.67159
9.56703 -3.05759
9.80631 -2.94217
9.80657 -3.17429
9.61 -3.31687
9.80944 -3.35315
10.0443 -3.31251
9.89538 -3.43861
9.74041 -3.50353
10.0288 -3.56645
9.80959 -3.66825
10.1911 -3.71327
10.2957 -3.6005
10.4311 -3.73532
10.527 -3.55552
10.6501 -3.66663
10.6533 -3.77857
10.546 -3.8797
10.8542 -3.72737
10.7796 -3.55466
10.9949 -3.59684
11.088 -3.74454
11.1966 -3.60844
11.2799 -3.79689
11.4148 -3.68653
11.5317 -3.87718
11.5597 -3.71916
11.7327 -3.70914
11.7578 -3.85326
11.91 -3.88496
11.8982 -3.7891
12.1266 -3.80791
12.3999 -3.75157
12.259 -3.67773
12.0347 -3.63479
12.294 -3.54903
12.2033 -3.39409
11.8469 -3.44344
11.5746 -3.57328
11.5523 -3.31908
11.3621 -3.48876
11.2897 -3.27754
11.1304 -3.40474
11.0705 -3.18942
10.9146 -3.28526
10.936 -3.45127
11.0738 -3.51284
10.6681 -3.37064
10.3294 -3.42855
10.4106 -3.17514
10.073 -3.04001
10.3513 -2.88577
10.0186 -2.7587
10.3026 -2.58634
9.96507 -2.42815
9.69496 -2.29295
9.43264 -2.32083
9.59244 -2.00546
9.9218 -2.02556
9.7406 -1.73932
9.96017 -1.65537
10.2696 -1.82483
10.2679 -2.24616
10.5684 -2.16684
10.5648 -2.46606
10.7712 -2.42061
10.789 -2.63612
10.6164 -2.75074
10.942 -2.91367
10.6645 -3.00579
10.8782 -3.11869
10.7207 -3.18825
11.1924 -3.08184
11.2006 -2.86137
10.9808 -2.60606
11.2175 -2.53433
10.8919 -2.22314
11.166 -2.15258
11.3765 -2.38009
11.458 -2.60712
11.5965 -2.43836
11.6686 -2.75964
11.4249 -2.83771
11.6046 -3.0496
11.3842 -3.0916
11.8086 -3.17625
11.7932 -2.97061
12.0044 -2.96731
12.0963 -3.18003
12.2783 -2.92294
12.5023 -3.08732
12.5353 -3.38938
12.7218 -3.20661
12.8795 -3.33781
12.6971 -3.47669
12.5279 -3.59821
12.884 -3.54907
12.7221 -3.73952
13.0106 -3.67365
13.0025 -3.77649
13.2273 -3.71207
13.2014 -3.57153
13.4379 -3.61799
13.4546 -3.77481
13.6568 -3.65091
13.5642 -3.54476
13.6564 -3.43826
13.8585 -3.53426
13.8473 -3.74849
13.9764 -3.66649
13.9881 -3.80814
14.0957 -3.68748
14.036 -3.5156
14.141 -3.53974
14.2098 -3.61585
14.2684 -3.70965
14.3189 -3.4995
14.3431 -3.67002
14.4128 -3.39572
14.3629 -3.25875
14.2728 -3.2782
14.2108 -3.43926
14.1681 -3.25819
14.115 -3.40649
14.0591 -3.267
14.0451 -3.38743
13.9487 -3.33821
13.7979 -3.33737
13.8196 -3.1578
13.6488 -3.19987
13.683 -2.97073
13.5256 -3.00597
13.4401 -3.16552
13.5236 -3.31292
13.3657 -3.31043
13.1935 -3.21107
13.1668 -3.40769
13.4306 -3.4579
12.9556 -3.08399
13.2822 -2.94735
13.0118 -2.79911
12.7901 -2.95751
12.7461 -3.09087
12.6982 -2.70307
12.4782 -2.86313
12.431 -2.71942
12.1826 -2.65669
12.4992 -2.42704
12.2413 -2.21231
11.9033 -2.47634
11.9072 -2.78612
11.9656 -2.15789
11.7286 -2.20849
11.4508 -2.11604
11.6221 -2.01794
11.492 -1.74918
11.1758 -1.81299
10.8994 -1.83565
10.9165 -1.50437
10.6519 -1.50427
10.6152 -1.84225
10.4168 -1.53542
10.1344 -1.34672
10.405 -1.19253
10.1963 -0.976194
9.94002 -0.928891
9.75946 -1.35693
9.66279 -0.989312
9.42115 -1.20532
9.50893 -1.65445
9.2693 -1.61439
9.33778 -1.98258
9.10855 -1.94842
9.08638 -1.53455
8.98478 -1.76987
8.93433 -2.04676
9.00058 -2.31592
8.85713 -2.33918
9.194 -2.3091
8.94439 -1.50743
9.01527 -1.2926
8.92219 -1.20208
8.80417 -1.14116
8.89824 -0.860511
9.05137 -0.970102
8.99276 -0.721221
9.10475 -0.618412
9.18832 -0.795204
9.2092 -1.05842
9.10645 -1.23794
9.21045 -1.33323
9.33943 -0.821766
9.51246 -0.833285
9.48991 -0.536844
9.27987 -0.535975
9.42285 -0.225447
9.1853 -0.257548
8.95797 -0.45747
9.04074 -0.118748
8.87781 -0.101038
8.79409 -0.36532
8.79375 -0.655846
8.70348 -0.548812
8.67313 -0.836576
8.55788 -0.635764
8.53837 -0.94323
8.60669 -1.144
8.71083 -1.07646
8.77711 -0.907893
8.47187 -1.01323
8.41133 -1.06822
8.45383 -0.86537
8.33361 -0.924755
8.28294 -0.728316
8.33662 -0.461082
8.43244 -0.18177
8.49485 -0.367292
8.57423 -0.0254129
8.66158 -0.295336
8.72845 -0.00146547
8.66706 0.11578
8.71171 0.196282
8.83285 0.220301
9.02773 0.180881
8.95753 0.438157
9.10393 0.451914
9.07589 0.714319
9.22647 0.595577
9.24004 0.341418
9.36631 0.603596
9.33164 0.877353
9.58061 0.768585
9.45339 0.428236
9.61449 0.47956
9.54203 0.271304
9.73045 0.270035
9.55094 0.0499127
9.36163 0.0958439
9.69687 -0.205955
10.014 0.0499329
9.95191 0.550714
10.2107 0.44099
10.3444 -0.0548728
10.1785 -0.280369
10.3682 -0.679379
10.0041 -0.483801
10.1263 -0.758306
9.71035 -0.652738
10.6947 -0.40456
10.5653 0.0569925
10.8029 0.0324956
11.0291 -0.426936
11.0762 -0.891982
11.3356 -0.76684
11.506 -1.15762
11.2974 -1.34453
11.5851 -1.47947
11.8158 -1.67072
11.7986 -1.95924
12.0963 -1.86623
12.0602 -1.48004
12.2915 -1.62875
12.3635 -1.85706
12.585 -1.98171
12.5047 -1.5701
12.7482 -1.59267
12.8392 -1.95245
12.7896 -2.27764
13.0139 -2.14842
13.0062 -2.47845
13.2407 -2.61595
13.1791 -2.33961
13.356 -2.38072
13.495 -2.73313
13.5642 -2.43181
13.7064 -2.74316
13.8338 -2.95559
13.8588 -2.77002
13.9497 -2.94092
14.001 -2.76654
14.0761 -3.05193
13.9526 -3.12355
14.1256 -2.90148
14.2101 -3.0567
14.1893 -2.85474
14.2758 -2.88574
14.3083 -3.11229
14.3687 -3.04183
14.4609 -3.18086
14.4188 -2.95757
14.4734 -2.9611
14.4101 -2.7541
14.496 -2.84413
14.4339 -2.58816
14.5154 -2.69532
14.4356 -2.41492
14.5068 -2.51946
14.4311 -2.2824
14.3359 -2.06233
14.3876 -2.08842
14.4655 -2.25783
14.3958 -1.96628
14.4531 -2.10754
14.3791 -1.8374
14.4877 -2.1282
14.3984 -1.84446
14.4646 -2.0382
14.3969 -1.76688
14.3666 -1.69016
14.3328 -1.58725
14.3356 -1.55205
14.3986 -1.72919
14.3665 -1.60836
14.3317 -1.48337
14.3378 -1.44186
14.2871 -1.3595
14.2684 -1.18988
14.3449 -1.30788
14.4656 -1.94217
14.5286 -2.27487
14.2419 -0.980932
14.3023 -1.11606
14.208 -0.97103
14.2231 -1.15436
14.1681 -0.941314
14.1937 -1.13035
14.2575 -1.37061
14.2025 -1.27101
14.3118 -1.58822
14.2679 -1.54568
14.3117 -1.6725
14.2049 -1.37286
14.2316 -1.53193
14.308 -1.813
14.204 -1.55002
14.2621 -1.80264
14.2548 -1.87217
14.2245 -1.90118
14.337 -2.26593
14.2472 -2.08614
14.1558 -1.89771
14.2581 -2.25786
14.1178 -2.06898
14.2287 -2.38228
14.3146 -2.56053
14.2582 -2.61724
14.3483 -2.81048
14.3582 -2.49386
14.1756 -2.65051
14.1499 -2.37037
14.0726 -2.42349
14.1072 -2.60209
14.114 -2.7321
14.0339 -2.55827
13.9235 -2.49377
13.874 -2.61032
13.8026 -2.41054
13.7514 -2.55731
13.6665 -2.31054
13.5321 -2.16451
13.3714 -2.06734
13.434 -1.86589
13.3083 -1.80917
13.1596 -1.70017
13.1905 -2.07203
12.9868 -1.79767
12.9054 -1.36102
12.7342 -1.25159
12.6042 -1.29418
12.6214 -1.01273
12.757 -1.0531
12.6573 -0.722358
12.8499 -0.968139
13.0701 -1.22164
12.9227 -0.852609
13.037 -0.857891
13.1961 -1.12557
13.2396 -1.37354
13.3415 -1.37949
13.329 -1.11405
13.4747 -1.44572
13.478 -1.21154
13.6088 -1.51932
13.5993 -1.26747
13.7274 -1.60146
13.7341 -1.36769
13.8376 -1.71733
13.878 -1.62674
13.9875 -2.03208
13.842 -1.91479
13.938 -2.2602
13.7899 -2.03873
13.8412 -2.28019
13.7073 -2.13217
13.6257 -1.7922
13.5702 -1.91844
13.59 -2.09056
13.4688 -1.66596
13.3476 -1.57393
13.2599 -1.59084
13.7247 -1.78038
13.9896 -1.79256
13.9082 -1.49655
13.8027 -1.30854
13.8243 -1.13935
13.9458 -1.3585
14.0309 -1.69906
14.0473 -1.56091
14.1287 -1.68548
14.0737 -1.48185
14.1376 -1.5979
14.0717 -1.35155
13.9825 -1.23431
14.015 -1.06609
13.9136 -0.827611
13.8762 -1.00038
13.819 -0.665112
13.7692 -0.76638
13.7325 -0.903482
13.7665 -1.10979
13.7091 -1.06275
13.5827 -0.943994
13.6236 -0.738784
13.4915 -0.549006
13.4158 -0.66412
13.4673 -0.964719
13.3279 -0.749165
13.3757 -0.973707
13.2737 -0.853291
13.1669 -0.843643
13.1708 -0.599569
12.9987 -0.538643
12.882 -0.599543
12.7888 -0.266892
12.9148 -0.216973
13.0435 -0.388678
13.0154 -0.197596
13.1243 -0.36736
13.2552 -0.452324
13.1312 -0.171801
13.2447 -0.263131
13.3453 -0.342536
13.2301 -0.0779781
13.3331 -0.162338
13.3223 0.00160897
13.1901 0.212433
13.1017 0.138969
13.1337 -0.0239662
13.0607 0.0414604
12.9819 0.0209605
12.8994 -0.0128104
12.8414 0.236709
12.7481 0.128543
12.6765 0.515723
12.5456 0.514255
12.5672 0.136616
12.6403 -0.329135
12.4509 -0.00331432
12.4429 -0.347694
12.7868 -0.649098
12.7723 -0.458067
12.4744 -0.733183
12.2931 -0.482774
12.3122 -0.78633
12.4549 -1.06926
12.2537 -1.03276
12.3289 -1.33354
12.1244 -1.20474
11.8515 -1.15662
11.7764 -1.406
11.5979 -0.955158
11.7635 -0.821389
12.0364 -0.963644
11.9783 -0.683899
12.1628 -0.814022
12.1444 -0.576916
11.9398 -0.397079
11.7379 -0.494778
11.7536 -0.234494
11.5728 -0.236093
11.5392 -0.432916
11.5662 -0.621913
11.4295 -0.488606
11.4144 -0.628965
11.2658 -0.409674
11.531 -0.777639
11.4034 -0.287783
11.2532 -0.119746
11.0709 -0.0814696
11.183 0.189386
10.9662 0.243274
10.7786 0.490637
10.6155 0.313107
10.5633 0.566591
10.4374 0.357623
10.4026 0.722805
10.1629 0.910056
10.455 1.07273
10.6537 0.850162
10.7205 1.15068
10.8507 0.982874
10.8745 0.771792
11.0777 0.871683
11.0542 0.528331
11.3198 0.571369
11.2284 0.411866
11.3764 0.274436
11.3968 -0.0150929
11.6126 0.0439257
11.5416 0.350922
11.7666 0.207708
11.8708 -0.102318
12.0032 0.0254107
12.0911 -0.28376
12.219 -0.154098
12.1056 0.187462
11.8944 0.313975
11.9195 0.568539
11.6254 0.58225
11.6944 0.765673
11.4862 0.965234
11.3407 0.838993
11.1714 1.10188
10.9414 1.11997
10.8949 1.34447
10.5587 1.3585
10.6577 1.59389
10.3793 1.54878
10.2857 1.28432
10.1785 1.45082
10.0352 1.23121
9.86355 0.918963
9.74701 0.609867
9.74315 1.1064
9.55891 1.07359
9.6998 1.34441
9.888 1.32387
9.87952 1.15613
10.0401 1.45948
9.93781 1.5763
10.1816 1.63511
10.1297 1.82127
10.4606 1.83603
10.2689 1.98704
10.4346 2.05329
10.6287 2.02746
10.7828 1.90599
10.7549 1.75421
10.9602 1.76411
11.0187 1.88876
11.1508 1.75634
11.3007 1.87927
10.92 2.08388
11.1872 2.13156
11.3871 2.10594
11.5461 1.95462
11.5426 2.10635
11.7114 2.03298
11.6032 2.19486
11.7579 2.23337
11.8964 2.04233
11.8974 1.84516
12.016 1.88176
12.0624 2.00991
12.1766 1.76497
12.0644 1.69066
12.2063 1.54311
12.3149 1.51632
12.3505 1.21638
12.4953 1.31153
12.6221 0.876139
12.5105 0.810502
12.786 0.519044
12.8351 0.700095
12.9504 0.289518
13.0324 0.435409
12.9547 0.787382
12.7917 0.99478
12.6791 1.03271
12.6486 1.26854
12.5053 1.53344
12.3557 1.66267
12.4251 1.80587
12.6137 1.53209
12.5715 1.79568
12.7372 1.52129
12.7064 1.75735
12.8466 1.51095
12.8376 1.70083
12.9464 1.47211
12.9341 1.59429
13.0543 1.45358
12.9433 1.68914
13.0825 1.54634
13.2277 1.31873
13.2063 1.1996
13.3604 1.04746
13.4192 1.08387
13.4172 1.02482
13.4729 0.902336
13.436 0.888335
13.5201 0.69722
13.4088 0.851691
13.4869 0.616922
13.3582 0.78436
13.4769 0.430648
13.3404 0.625501
13.3711 0.379111
13.5247 0.0980655
13.6153 0.0942981
13.6193 -0.085476
13.7275 -0.30499
13.6082 -0.248608
13.7104 -0.492616
13.7551 -0.556872
13.6687 -0.586838
13.8384 -0.531331
13.8264 -0.312168
13.8905 -0.561718
13.9595 -0.748852
13.9036 -0.401078
13.9968 -0.676931
14.0535 -0.99555
14.1007 -1.27973
14.1488 -1.2768
14.1436 -1.48977
14.2018 -1.70158
14.0929 -0.987996
14.1316 -0.963938
14.0745 -0.765475
14.0928 -0.743794
14.0145 -0.527786
14.0724 -0.566167
14.0252 -0.375197
14.0871 -0.468469
14.1443 -0.726708
14.0401 -0.277545
13.969 -0.131305
13.9608 -0.288783
13.9159 -0.0851883
13.9407 -0.330611
14.0227 -0.648326
13.8491 0.0292136
13.841 -0.100397
13.8112 -0.138337
13.72 0.0248887
13.7723 0.0670342
13.6732 0.364863
13.5987 0.353623
13.5702 0.519315
13.6023 0.655705
13.6974 0.467639
13.6828 0.61274
13.762 0.404127
13.7606 0.271607
13.8238 0.204659
13.872 0.0698354
13.8955 0.12155
13.6769 0.76248
13.5583 0.992403
13.5658 0.8385
13.4505 1.17538
13.328 1.31095
13.4049 1.32938
13.3057 1.42172
13.1978 1.50945
13.3095 1.52695
13.1475 1.69343
13.0375 1.70164
13.004 1.85197
12.8969 1.86337
12.8204 1.85321
12.75 2.01032
12.8634 2.00814
12.7331 2.12279
12.7985 2.16613
12.6018 2.23317
12.6334 2.14136
12.4657 2.19511
12.6209 2.0685
12.7108 1.91516
12.5769 1.98551
12.4023 2.04038
12.2348 2.23397
12.256 2.0941
12.1214 2.14577
12.2388 1.94569
12.3223 1.99387
11.9526 2.19104
12.0389 2.30142
11.884 2.32931
11.7434 2.41171
11.5375 2.33842
11.5634 2.49843
11.3653 2.44971
11.2837 2.29346
11.1979 2.42617
11.0816 2.36147
11.058 2.25035
10.8419 2.32076
10.5867 2.17467
10.4691 2.34023
10.2644 2.12939
10.1042 2.22686
9.92589 2.00108
9.69083 1.79137
9.63274 1.6177
9.59934 1.4526
9.45262 1.23667
9.4779 1.45251
9.30027 1.32432
9.23544 1.08454
9.17714 0.913008
9.07531 0.958746
8.93407 0.828542
8.88353 0.62046
8.79297 0.732797
8.74608 0.550738
8.82734 0.441239
8.72174 0.359955
8.63584 0.460963
8.62248 0.246143
8.53618 0.363355
8.50976 0.179567
8.46292 0.0218214
8.41599 0.135099
8.44926 0.273936
8.3674 -0.0411723
8.85942 1.0494
8.83351 0.905789
8.71032 0.82948
8.66187 0.650386
8.95915 1.02163
8.97272 1.21004
9.11294 1.16605
9.17339 1.37966
9.42993 1.5979
9.23546 1.565
9.05448 1.41923
9.40038 1.72257
9.46312 1.87672
13.2447 1.71908
13.1232 1.83444
12.993 1.98632
12.5675 2.34845
12.2969 2.48542
12.3973 2.35322
12.1767 2.43665
12.2749 2.3367
12.1304 2.36867
11.9607 2.43619
12.0214 2.54823
11.7799 2.54265
11.8221 2.65381
11.5915 2.62285
11.3861 2.56887
11.2314 2.51114
11.0362 2.47609
10.7695 2.48531
10.5213 2.51836
10.2282 2.40095
9.93906 2.2595
9.85385 2.1008
9.68356 2.07191
9.63108 1.8853
11.47 2.21625
13.7806 0.134034
14.1972 -0.846965
13.5441 -0.393231
13.4432 -0.0135881
13.4151 -0.239567
13.2862 0.274505
13.2301 0.547952
13.1356 0.525207
13.0764 0.908852
12.8167 1.18979
12.8916 1.2813
12.9956 1.25705
13.1257 1.06943
13.2356 0.853217
13.2265 1.03947
13.317 1.00119
13.0886 1.25924
13.2542 0.662917
12.3646 0.8808
12.3971 0.568143
12.2336 0.876584
12.1518 1.21716
12.0759 1.07837
11.9422 1.32812
11.9224 1.09495
12.119 0.81831
12.0023 0.87289
12.0525 0.677463
11.8809 0.898985
12.1132 0.455694
12.221 0.474428
12.208 0.2666
12.1003 0.355218
12.3033 0.014668
12.3235 0.206325
12.3794 0.331013
12.2768 0.61829
11.7015 0.932249
11.6323 1.24497
11.5325 1.12829
11.2713 1.33633
11.347 1.5779
11.1353 1.61633
10.9437 1.58463
11.5699 1.57562
11.7705 1.37203
11.7645 1.57459
11.958 1.57002
11.7446 1.79658
11.5867 1.76213
12.1449 1.46216
12.4886 -1.31253
14.5589 -2.47114
14.4973 -2.29887
14.5341 -2.4552
14.5714 -2.66595
14.6081 -2.78359
14.6038 -2.93901
14.6221 -3.0213
14.6196 -3.14109
14.622 -3.20454
14.6135 -3.23761
14.6194 -3.34119
14.6186 -3.49037
14.5427 -3.63414
14.5241 -3.57208
14.5488 -3.45077
14.5073 -3.48783
14.5313 -3.3276
14.5814 -3.33924
14.568 -3.20074
14.6097 -3.17644
14.5657 -2.98207
14.5571 -2.77177
14.5383 -3.1512
14.5137 -3.03153
14.4756 -3.4379
14.61 -3.35057
14.6198 -3.2533
14.4728 -3.6241
14.3796 -3.74045
14.4346 -3.79745
14.3034 -3.78929
14.4957 -3.70128
11.1652 -1.52613
10.9726 -1.2163
10.6737 -1.15798
10.7486 -0.870181
9.16757 0.0447059
8.76789 -0.183014
8.40877 -0.659029
13.4388 -3.89709
11.1575 -3.87666
9.63352 -3.63291
9.50482 -3.49732
9.34844 -3.52084
9.21814 -3.48202
9.32705 -3.28432
9.10053 -3.34692
8.96899 -3.19801
8.9038 -3.25677
8.65598 -1.96082
8.5737 -2.05574
8.50406 -1.88337
8.43285 -1.87534
8.40846 -2.07061
8.45084 -2.27424
8.40116 -2.25963
8.3472 -2.06843
8.28978 -2.10318
8.28529 -1.90909
8.36883 -1.88627
12.6095 -4.28869
11.4205 -4.06413
10.1042 2.22686
14.6194 -3.34119
14.4756 -3.4379
14.4346 -3.79745
