5.5647 2.18315
5.64759 2.3408
5.75966 2.48549
6.07696 2.82803
6.77844 3.3827
6.91742 3.46656
7.06038 3.55168
7.23372 3.60971
7.42361 3.6662
7.62122 3.68954
8.20748 3.70065
8.40355 3.6962
8.60596 3.68854
8.80007 3.64265
9.46326 3.39007
9.68534 3.30422
10.0968 3.00546
10.269 2.87904
10.7828 2.39447
10.8192 2.33054
11.4794 0.595077
11.5224 0.469294
11.6354 -0.0612394
11.6977 -0.426138
11.7475 -1.00447
11.7588 -1.2065
11.7582 -1.4075
11.7387 -1.51152
11.2137 -2.93134
11.1406 -3.09804
11.0278 -3.25053
10.9002 -3.39219
10.7529 -3.53246
10.5889 -3.67107
10.4243 -3.79414
10.2482 -3.87753
9.88174 -3.96537
7.51842 -4.21107
7.37638 -4.21606
6.55527 -4.02228
6.26449 -3.89268
5.01502 -3.33242
4.89733 -3.24445
4.59755 -2.88616
4.51283 -2.73862
4.35409 -2.35569
4.32274 -2.23034
4.19695 -1.68157
4.17487 -1.46886
4.17923 -1.31677
4.19733 -0.846819
4.21971 -0.626844
