-2.80452 -1.28874
-2.77192 -1.47357
-2.79826 -1.35005
-2.75034 -1.57474
-2.7877 -1.42979
-2.76118 -1.61211
-2.71834 -1.74849
-2.70975 -1.82122
-2.69084 -1.81739
-2.66364 -1.90564
-2.61397 -1.97936
-2.21001 -2.53549
-2.04562 -2.88453
-1.90942 -2.92501
-1.74124 -3.02272
-2.7316 -1.6464
2.94936 -3.07177
3.12488 -2.9501
3.56011 -2.44842
3.96015 -2.01719
4.01777 -2.08618
4.40001 -1.28912
4.45614 -1.22077
4.45836 -1.14221
4.52936 -1.06523
4.48939 -1.01207
4.59131 -0.83828
4.58477 -0.976197
4.56111 -1.11468
4.62219 -1.01699
4.71817 -0.518091
4.70603 -0.718147
4.63471 -0.55548
4.55675 -0.691976
4.60255 -0.45394
4.63181 -0.322386
4.69205 -0.345662
4.67078 -0.186196
4.62664 -0.127302
4.60389 0.0594406
4.57832 -0.0776771
4.58935 -0.263151
4.52337 -0.168349
4.54944 -0.436299
4.48279 -0.417221
4.46856 -0.639623
4.43421 -0.906337
4.39304 -1.14439
4.31384 -1.38345
4.32348 -1.50984
4.25367 -1.61092
4.27979 -1.7012
4.1915 -1.80076
4.21389 -1.9154
4.28003 -1.82953
4.08811 -2.03447
4.09345 -1.86175
4.20823 -1.61234
4.12596 -1.6057
4.2473 -1.32928
4.35516 -1.10989
4.30254 -1.01078
4.38776 -0.835219
4.33896 -0.771974
4.40535 -0.559588
4.33366 -0.606483
4.25842 -0.832377
4.27879 -0.503327
4.17055 -0.690054
4.15677 -1.06479
4.22774 -1.13163
4.1456 -1.35139
4.07341 -1.28787
4.01642 -1.59326
4.03119 -1.79726
3.96429 -1.85123
3.8578 -1.99803
3.91294 -1.78863
3.82492 -1.846
3.71499 -2.03005
3.7538 -2.16745
3.63302 -2.25089
3.53846 -2.17888
3.50288 -2.36359
3.38776 -2.54881
3.38789 -2.38403
3.27027 -2.54212
3.23236 -2.43882
3.35969 -2.19873
3.50643 -2.02159
3.62014 -1.96897
3.58544 -1.8207
3.41904 -1.9185
3.50661 -1.66135
3.66805 -1.53489
3.73514 -1.76879
3.7917 -1.52269
3.77743 -1.31004
3.87376 -1.34881
3.88325 -1.61163
3.9813 -1.34467
3.9446 -1.13667
4.05324 -1.0069
3.94525 -0.816173
4.06849 -0.607387
3.98659 -0.364636
4.07825 -0.327897
4.05562 -0.127993
4.1225 -0.130975
4.14373 -0.380936
4.20156 -0.120504
4.22073 -0.369473
4.29829 -0.148768
4.23475 0.222141
4.33486 0.130204
4.3123 0.343758
4.40324 0.261039
4.41646 -0.0649632
4.47671 0.0864106
4.47817 0.27898
4.42692 0.49077
4.48809 0.414199
4.48101 0.547271
4.53481 0.30906
4.42623 0.689432
4.35677 0.914177
4.34611 0.722796
4.33925 0.526462
4.25795 0.765015
4.24611 0.546341
4.18698 0.780516
4.13264 0.604542
4.13428 0.282398
4.1638 0.0747497
4.0865 0.0988375
4.04488 0.381388
3.96128 0.0923836
3.9399 0.469193
3.99215 0.705379
4.02846 0.944363
4.11242 0.910885
4.03765 1.15315
3.94261 1.20617
3.9004 1.03263
3.79917 1.39627
3.741 1.1275
3.83846 0.751715
3.65156 0.887211
3.73434 0.598314
3.83706 0.389776
3.71015 0.326179
3.81706 0.0701307
3.88907 -0.189449
3.8447 -0.53305
3.79389 -0.208162
3.68347 -0.386944
3.69563 -0.848316
3.82645 -0.8848
3.77276 -1.08157
3.67979 -1.22026
3.85924 -1.10598
3.58036 -1.11792
3.54847 -1.38584
3.42435 -1.20418
3.40508 -1.52607
3.38324 -1.73838
3.26965 -1.68312
3.29049 -1.86288
3.2319 -2.06231
3.13009 -2.32802
3.02219 -2.1456
3.11389 -1.87524
2.89219 -2.00161
2.9073 -1.70164
3.13192 -1.62357
3.26242 -1.4314
3.06894 -1.39459
3.22353 -1.10417
3.00866 -1.09832
3.11649 -0.871525
3.26096 -0.760021
3.38019 -0.916768
3.43053 -0.584773
3.52225 -0.888868
3.58728 -0.62351
3.54972 -0.396298
3.46575 -0.289307
3.54625 -0.098524
3.69259 -0.0018115
3.57071 0.257482
3.58201 0.608215
3.4487 0.48063
3.39543 0.187268
3.29047 0.495889
3.36421 0.824258
3.17928 0.709905
3.10935 0.951212
3.20819 1.14427
3.35537 1.1217
3.49169 1.06556
3.40299 1.26729
3.49687 1.33937
3.60673 1.18149
3.52997 0.846721
3.61145 1.45786
3.46747 1.56022
3.48592 1.75857
3.64974 1.73981
3.51488 1.97709
3.62477 1.92999
3.62826 2.05233
3.40683 2.24189
3.30502 1.99215
3.25466 2.25512
3.22349 2.48651
3.38893 2.44007
3.38347 2.61351
3.23254 2.77529
3.33554 2.79338
3.44257 2.77064
3.52904 2.56981
3.59638 2.63241
3.65612 2.43571
3.56234 2.34057
3.73541 2.24089
3.78796 2.01108
3.87461 2.08042
3.79428 2.30473
3.94764 2.17816
4.02528 1.92125
4.3692 1.1288
4.23396 1.18163
4.26132 0.956304
4.19219 1.11745
4.15574 1.04111
4.11717 1.29835
4.04436 1.32101
3.92013 1.45005
3.94779 1.62647
3.83225 1.70453
3.78205 1.86504
3.71786 1.84589
3.97307 1.8022
4.10098 1.49083
4.12537 1.65945
4.24446 1.38923
3.79033 1.64913
0.391577 3.88255
0.170913 3.90137
0.216761 3.84721
0.206451 3.7506
0.105353 3.82719
-0.052803 3.74303
0.00865078 3.55098
0.276195 3.61423
0.207478 3.45454
0.424788 3.51502
0.494444 3.7154
0.661277 3.56238
0.784364 3.74353
0.857396 3.60084
0.992908 3.70731
0.990772 3.54534
0.809552 3.37886
0.977899 3.42714
0.985037 3.28663
1.09773 3.44698
1.15752 3.27099
1.28298 3.45009
1.32598 3.24554
1.21925 3.09845
1.41563 2.98734
1.18567 2.91687
1.25734 2.6456
1.54363 2.6293
1.6602 2.86026
1.74041 2.64237
1.75297 2.4203
1.59093 2.42243
1.64571 2.2338
1.44942 2.4194
1.39074 2.18514
1.66938 1.96717
1.82346 2.04107
1.85222 2.19765
2.04695 2.02181
1.90093 1.81339
2.14463 1.6834
2.30578 1.87441
2.43515 1.50109
2.21934 1.42643
1.9669 1.4578
2.20281 1.19785
2.36167 1.25543
2.40671 1.0085
2.56814 1.11096
2.68363 1.26977
2.72415 1.07779
2.77866 0.890523
2.62167 0.781313
2.86949 0.544701
2.66867 0.42901
2.85205 0.18925
3.03566 0.238882
3.10219 0.504458
3.21482 0.244363
3.14933 0.0261568
3.28926 -0.0241641
3.18155 -0.252234
3.34657 -0.287673
3.27184 -0.492724
3.11332 -0.566798
3.05745 -0.33982
2.91633 -0.439819
2.95924 -0.792117
2.7865 -0.718468
2.7983 -1.02842
2.83623 -1.36437
2.59227 -1.27171
2.58296 -1.64406
2.65257 -1.97486
2.32592 -1.94072
2.34624 -1.71225
2.3535 -1.49619
2.11606 -1.73894
2.10417 -1.3762
1.85485 -1.60718
1.87833 -1.34255
1.99181 -1.15246
2.17977 -1.04758
2.01996 -0.843882
2.22933 -0.781232
2.35524 -0.896516
2.36263 -1.17319
2.57327 -0.875966
2.39929 -0.555807
2.66269 -0.42357
2.47868 -0.148636
2.6397 -0.0684736
2.51971 0.229958
2.70238 0.131737
2.80085 -0.120167
3.0027 -0.0986491
2.41796 0.678672
2.34783 0.429868
2.33493 0.141441
2.19888 0.406653
2.14103 0.114463
2.27235 -0.198089
2.06498 -0.208765
2.16407 -0.518346
1.94517 -0.508798
1.81389 -0.76935
1.69843 -0.502113
1.60526 -0.902379
1.78973 -1.09848
1.5652 -1.212
1.34599 -1.13928
1.43933 -1.47083
1.67624 -1.42535
1.56485 -1.76338
1.81187 -1.9177
1.55326 -2.12978
1.78589 -2.15621
2.01362 -2.05105
2.15041 -2.21088
2.40396 -2.2161
2.21483 -2.3228
2.26844 -2.44551
2.52346 -2.3841
2.65597 -2.20386
2.71634 -2.34314
2.82977 -2.19759
2.7644 -2.09472
2.8898 -2.38131
2.63605 -2.52992
2.837 -2.59108
2.61836 -2.72347
2.80456 -2.72244
2.64794 -2.89045
2.9123 -2.77602
2.96983 -2.62613
3.11863 -2.63644
3.10731 -2.51578
3.0055 -2.50065
3.04471 -2.8093
3.21805 -2.68523
3.16161 -2.82741
2.98138 -2.95391
2.82851 -2.94216
2.75365 -3.10356
2.56449 -3.0798
2.46887 -3.22547
2.25864 -3.21964
2.20988 -3.33392
0.275493 -3.97465
0.47578 -3.9559
0.684581 -3.91838
0.855145 -3.89996
1.05891 -3.80594
1.28506 -3.72737
1.51098 -3.63446
1.67874 -3.5875
1.72445 -3.5266
1.60884 -3.52212
1.78863 -3.45004
1.72896 -3.40163
1.96586 -3.324
1.90719 -3.4284
2.07794 -3.34531
2.11919 -3.1866
1.86839 -3.24457
2.10957 -3.06613
2.35865 -3.06271
2.3548 -2.89406
2.09896 -2.94514
2.19696 -2.83583
1.99847 -2.87445
2.12958 -2.7398
2.37465 -2.69583
2.2443 -2.60973
2.02516 -2.61605
2.41823 -2.53941
2.05217 -2.40732
1.77933 -2.53712
1.77326 -2.76993
1.50274 -2.75968
1.58102 -2.98354
1.8203 -2.89467
1.8328 -3.06355
1.94254 -2.77785
1.52936 -3.21056
1.66478 -3.26485
1.64553 -3.36819
1.52554 -3.49016
1.45942 -3.40429
1.32756 -3.56989
1.40702 -3.61448
1.20549 -3.69447
1.04109 -3.74613
0.88536 -3.82961
0.942445 -3.72315
0.74338 -3.81032
0.542892 -3.88702
0.59963 -3.77
0.390069 -3.83635
0.380871 -3.9183
0.225282 -3.89172
0.114094 -3.93634
0.00564671 -3.85566
-1.17329 -3.24272
-1.45655 -3.1549
-1.35879 -3.06313
-1.64389 -2.94235
-1.84065 -2.89407
-1.85237 -2.78369
-1.99624 -2.79697
-1.98691 -2.67186
-2.09504 -2.65193
-2.0679 -2.49825
-2.20529 -2.35879
-2.29597 -2.35993
-2.2867 -2.16303
-2.36386 -2.23961
-2.43786 -2.11754
-2.50972 -2.00123
-2.64561 -1.66312
-2.65463 -1.7488
-2.68459 -1.78533
-2.71476 -1.58306
-2.71439 -1.68589
-2.77686 -1.42422
-2.75398 -1.31631
-2.80319 -1.14015
-2.81287 -1.21012
-2.81198 -0.948012
-2.81835 -1.03955
-2.8197 -1.15501
-2.80086 -0.928256
-2.75429 -0.770644
-2.76526 -0.583855
-2.70763 -0.561046
-2.7175 -0.337344
-2.67324 -0.344378
-2.64985 -0.0493999
-2.6108 -0.203839
-2.67922 -0.563481
-2.59654 -0.524592
-2.53481 -0.165144
-2.49613 -0.377371
-2.46443 -0.0939509
-2.40802 -0.120816
-2.40864 -0.364613
-2.48141 -0.638714
-2.36591 -0.606136
-2.31585 -0.313257
-2.25313 -0.342662
-2.24651 -0.530747
-2.17785 -0.332294
-2.14153 -0.451578
-2.09676 -0.235949
-2.005 -0.302625
-2.01377 -0.0143831
-2.14267 -0.102354
-2.05114 0.159028
-2.15192 0.181407
-2.23953 -0.134156
-2.30756 -0.0529455
-2.23018 0.30925
-2.33532 0.160825
-2.40128 0.0788691
-2.35585 0.337086
-2.44864 0.154293
-2.39173 0.513478
-2.48103 0.359283
-2.51688 0.0646955
-2.55295 0.178768
-2.57826 0.178776
-2.51612 0.473345
-2.56174 0.405609
-2.60636 0.273102
-2.64805 0.193967
-2.70655 0.0033201
-2.70537 -0.154689
-2.74755 -0.124492
-2.753 -0.270479
-2.76821 -0.414456
-2.79514 -0.383884
-2.80377 -0.520243
-2.70923 0.258721
-2.66207 0.361729
-2.70899 0.16242
-2.6059 0.437064
-2.59665 0.662602
-2.54786 0.665264
-2.55498 0.475595
-2.51843 0.61758
-2.47254 0.864214
-2.50332 0.928256
-2.45246 1.02796
-2.41638 1.17563
-2.4858 1.16954
-2.54508 0.922869
-2.58611 0.835292
-2.3757 1.39803
-1.92431 2.36176
-1.95651 2.15073
-1.85263 2.21553
-1.80173 2.47582
-1.52913 2.78802
-1.61046 2.61319
-1.50888 2.65562
-1.39199 2.8294
-1.41892 2.66827
-1.49656 2.51179
-1.38422 2.53721
-1.47029 2.36841
-1.39992 2.38365
-1.43473 2.21177
-1.32026 2.3954
-1.28114 2.16366
-1.45231 1.90505
-1.55447 2.01088
-1.57973 1.80479
-1.65932 1.82838
-1.66665 1.6146
-1.56214 1.63672
-1.65872 1.45031
-1.7952 1.31524
-1.68459 1.26152
-1.56872 1.3967
-1.6207 1.09756
-1.4477 1.27751
-1.43371 1.61438
-1.23299 1.56351
-1.2578 1.17999
-1.42238 0.944246
-1.51918 1.05502
-1.57667 0.846113
-1.5018 0.661593
-1.38173 0.663173
-1.46653 0.310878
-1.25918 0.480804
-1.27339 0.141986
-1.12758 0.258116
-1.05165 0.588133
-0.915226 0.0230602
-1.13427 -0.0113305
-1.11936 -0.4038
-1.2493 -0.14909
-1.3132 -0.393208
-1.29873 -0.751785
-1.0716 -0.961599
-1.27939 -1.11222
-1.52093 -1.06805
-1.35604 -1.42288
-1.15239 -1.31652
-1.12945 -1.61424
-0.929389 -1.41453
-0.912284 -1.8189
-0.641047 -1.69413
-0.648439 -2.11094
-0.440641 -1.99451
-0.378775 -1.78041
-0.210377 -2.03015
-0.360802 -2.23334
-0.169801 -2.29243
-0.268536 -2.45477
-0.0641222 -2.45112
0.0203123 -2.18894
0.112362 -2.39973
0.251287 -2.22106
0.278679 -2.45647
0.0746803 -2.62056
0.299846 -2.66526
0.475264 -2.51402
0.486405 -2.68295
0.68679 -2.57972
0.606515 -2.78226
0.369556 -2.85827
0.560751 -2.95452
0.352815 -3.03787
0.176023 -3.01869
0.230481 -3.1743
0.458241 -3.15561
0.296626 -3.31574
0.474714 -3.30686
0.375372 -3.43647
0.608808 -3.38797
0.651033 -3.21194
0.821728 -3.25662
0.796204 -3.39054
0.942085 -3.31276
0.897282 -3.45611
1.12756 -3.29797
1.03174 -3.54851
1.29824 -3.37042
1.36445 -3.18029
1.24675 -3.50915
1.2738 -3.02542
1.02739 -3.16081
1.08331 -2.99411
1.21522 -2.82453
1.32579 -2.59196
1.54153 -2.52955
1.44539 -2.39206
1.66467 -2.34562
1.90294 -2.29064
1.28159 -2.27195
1.3067 -2.44095
1.16658 -2.48132
1.04169 -2.32286
0.941647 -2.53723
0.819775 -2.36922
0.631523 -2.39193
0.699619 -2.19715
0.476539 -2.26606
0.590274 -2.03499
0.413 -1.99711
0.204576 -1.95326
0.355329 -1.70579
0.16 -1.67791
-0.00243187 -1.84685
-0.189553 -1.70687
-0.0394564 -1.40819
-0.212064 -1.48592
-0.338473 -1.54858
-0.485897 -1.55725
-0.474064 -1.27419
-0.312804 -1.36251
-0.346793 -1.12161
-0.536921 -0.831692
-0.689443 -1.03906
-0.60795 -1.39178
-0.747091 -1.33231
-0.862576 -1.08054
-0.86811 -0.646095
-0.703053 -0.718703
-0.690392 -0.394907
-0.715517 -0.054018
-0.552536 -0.119277
-0.484707 -0.500023
-0.272537 -0.397904
-0.33143 -0.810713
-0.110746 -0.919754
-0.206395 -1.11885
-0.218891 -1.31099
0.106066 -1.09122
0.064168 -0.676116
0.343529 -1.00719
0.243345 -1.39422
0.487021 -1.40192
0.595201 -1.73854
0.690032 -1.42651
0.853781 -1.60135
0.842798 -1.27242
1.05325 -1.30503
1.04743 -1.60654
0.999214 -1.86316
1.14282 -1.72651
1.1759 -1.88782
1.12146 -2.08822
1.33096 -1.98874
1.30647 -1.73157
0.907885 -2.13812
0.772198 -1.93763
1.21689 -1.50286
1.13972 -0.881549
0.954677 -1.09265
0.90132 -0.890638
0.841546 -1.08965
0.674084 -1.06544
0.762103 -0.658205
0.514477 -0.713601
0.294308 -0.641161
0.395825 -0.40935
0.1542 -0.359787
-0.064332 -0.288619
-0.223296 0.0327169
-0.416367 0.0580119
-0.358909 0.232465
-0.265954 0.417524
-0.102296 0.228202
-0.0436554 0.520664
0.0932989 0.225367
0.00810432 -0.0420069
0.276242 -0.0707272
0.32554 0.244075
0.484211 0.0697074
0.563925 0.298892
0.749884 0.0844446
0.552384 -0.17906
0.830091 -0.275913
0.610593 -0.451025
1.03367 -0.527673
1.07979 -0.210214
1.23366 -0.290251
1.26738 0.0107926
1.49314 -0.238115
1.26816 -0.519296
1.42605 -0.69182
1.70928 -0.22599
1.86141 -0.219592
1.75199 0.0272475
1.95198 0.0681261
1.87018 0.220783
1.77314 0.311843
1.54605 0.232544
1.69297 0.601325
1.96996 0.451769
1.85866 0.806546
2.06089 0.850612
2.12038 0.603768
2.23368 0.651075
2.23336 0.8526
2.16271 1.02342
2.04575 1.14969
1.84305 1.13222
1.62167 1.47338
1.60753 1.15038
1.34281 1.27752
1.47578 0.873944
1.70386 0.925866
1.47089 0.539423
1.27796 0.627068
1.31247 0.340091
1.11185 0.41601
1.14375 0.201822
0.976586 0.231878
1.01291 0.00838244
0.837745 0.454427
1.07219 0.638677
0.925392 0.755686
0.677359 0.714495
0.600016 0.50259
0.426888 0.473104
0.524114 0.59819
0.416818 0.721057
0.196625 0.513807
0.193874 0.802594
0.0700312 0.667653
0.00383091 0.858656
-0.188367 0.762554
-0.12083 1.01561
-0.262175 1.02185
-0.369031 0.737204
-0.484658 0.402251
-0.519189 0.747369
-0.652371 0.610541
-0.676806 0.229075
-0.826662 0.529199
-0.754585 0.806982
-0.900953 0.878318
-1.0796 1.0174
-1.24455 0.828636
-1.07994 1.35194
-0.919236 1.20318
-0.914626 1.48469
-0.760048 1.35546
-0.765768 1.58413
-0.586111 1.5293
-0.678293 1.74502
-0.888388 1.77083
-0.677862 1.99228
-0.880054 2.05701
-1.0334 1.92694
-1.07764 1.7423
-1.16142 1.82805
-1.04595 1.59191
-1.29087 1.85573
-1.14888 2.0299
-1.08777 2.27369
-1.01435 2.12225
-0.890374 2.31863
-0.748406 2.20535
-0.695866 2.40751
-0.572227 2.25929
-0.479544 2.07575
-0.381065 2.2591
-0.283242 2.05265
-0.477602 1.82834
-0.285416 1.80967
-0.371274 1.58943
-0.160445 1.66685
-0.274199 1.33636
-0.0674143 1.43632
-0.143728 1.20813
0.0327301 1.20697
0.117373 1.48791
0.326075 1.36954
0.278047 1.71231
0.431869 1.62228
0.59648 1.55058
0.552993 1.81791
0.765947 1.70538
0.814467 1.90934
0.99105 1.70952
0.867102 1.4748
1.11806 1.49334
1.27775 1.68227
1.04352 1.25668
1.1537 0.930206
0.848317 1.02452
0.857875 1.26332
0.637785 1.24616
0.590885 0.949655
0.382399 1.02464
0.175004 1.05388
1.04884 1.92553
1.24204 1.99609
1.49881 1.83862
1.1464 2.21333
1.04528 2.12131
0.90487 2.35901
0.887143 2.09712
0.634053 2.14433
0.565717 2.51347
0.405432 2.25533
0.366765 2.0126
0.145082 1.94676
0.0457916 1.69058
-0.0250187 1.88394
-0.149401 1.91956
-0.00157547 2.20089
-0.211249 2.29563
-0.0946817 2.51969
0.126351 2.61295
0.277339 2.42476
0.230453 2.17039
0.388393 2.78182
0.609074 2.82302
0.828872 2.77472
0.707143 2.94635
0.82425 3.09168
1.0303 3.03887
1.05525 2.79666
1.02812 2.59739
1.16448 2.40241
1.30835 2.41332
0.603684 3.07464
0.537853 3.33699
0.373338 3.09305
0.214764 2.89219
0.183387 3.09273
0.0126581 2.84615
0.0309057 3.08945
-0.162683 2.98145
-0.190197 2.70156
-0.288229 2.47512
-0.401275 2.68793
-0.442423 2.42527
-0.548844 2.47266
-0.605746 2.60345
-0.77491 2.6038
-0.591533 2.86427
-0.840096 2.85727
-0.98909 2.56274
-1.01415 2.77904
-1.114 2.64746
-1.17747 2.44513
-1.24408 2.60736
-1.30624 2.74635
-1.14426 2.82899
-1.24668 2.95344
-1.27416 3.08845
-1.36571 3.14973
-1.21105 3.24344
-1.16228 3.19001
-1.08478 3.28414
-1.05834 3.19794
-1.16893 3.10344
-1.09095 3.04491
-0.937987 3.16007
-0.977083 2.96614
-0.84414 3.08134
-0.682393 3.10281
-0.76751 3.25488
-0.584013 3.32075
-0.466748 3.17777
-0.364894 3.00578
-0.192634 3.28566
-0.0265331 3.21023
0.0318756 3.37038
0.131453 3.26763
0.316969 3.31017
-0.198092 3.47589
-0.382336 3.42303
-0.23261 3.59473
-0.479343 3.57851
-0.528582 3.45188
-0.662634 3.44147
-0.632126 3.54967
-0.740037 3.51393
-0.897185 3.35732
-0.856799 3.55269
-1.0777 3.40102
-0.152302 3.83153
-0.000994682 3.866
-0.279489 3.7323
-0.448708 3.73728
-0.636086 3.64124
1.73822 1.7124
-0.445752 1.05152
-0.45532 1.34925
-0.605382 1.21815
-0.624236 0.920474
-0.762899 1.06889
-0.542293 0.150611
2.28293 0.968775
0.829527 -2.75108
1.0833 -2.68137
0.983252 -2.87939
0.772149 -2.92779
0.864523 -3.07231
0.664957 -3.06217
0.696874 -2.85321
1.13397 -3.64787
0.817136 -3.70137
0.763259 -3.61455
0.5368 -3.65846
0.406617 -3.75169
0.32273 -3.66999
0.198857 -3.77475
0.113596 -3.64792
-0.0579233 -3.72035
-0.270946 -3.67298
-0.342999 -3.72128
-0.474106 -3.58248
-0.550724 -3.63593
-0.668381 -3.50148
-0.899304 -3.3463
-0.666275 -3.37851
-0.92054 -3.22514
-1.11711 -3.15631
-1.05198 -3.06523
-1.24965 -3.01401
-1.44404 -2.89836
-1.20629 -2.89988
-1.41573 -2.7038
-1.6766 -2.75658
-1.70102 -2.55856
-1.87978 -2.61535
-1.91745 -2.41041
-2.1186 -2.22164
-1.92148 -2.18352
-1.72769 -2.35567
-1.70497 -2.15513
-1.53449 -2.31197
-1.49326 -2.48374
-1.29451 -2.39111
-1.22264 -2.57522
-1.05516 -2.7676
-1.04207 -2.62339
-0.882142 -2.67761
-0.787858 -2.86247
-0.907818 -2.89149
-0.813111 -2.97249
-0.953574 -2.9716
-0.77364 -3.07691
-0.837052 -3.15868
-0.643845 -3.21838
-0.469911 -3.36222
-0.377796 -3.51963
-0.346251 -3.43881
-0.236098 -3.4995
-0.304955 -3.31529
-0.0976706 -3.42651
-0.0970802 -3.23509
-0.24946 -3.09555
-0.432483 -3.11068
-0.493938 -3.22449
-0.638898 -3.06198
-0.552611 -2.9295
-0.663394 -2.74814
-0.464057 -2.79805
-0.380969 -2.96737
-0.250393 -2.862
-0.416487 -2.61264
-0.599499 -2.63795
-0.748096 -2.41813
-0.773478 -2.59836
-1.00268 -2.50963
-1.08746 -2.31759
-1.38928 -2.13945
-1.01791 -2.10394
-1.2642 -1.96012
-1.47825 -1.86537
-1.6787 -1.93679
-1.89673 -1.96272
-1.8601 -1.72127
-2.029 -1.7781
-2.08399 -1.97482
-2.17105 -1.74212
-2.24141 -1.95052
-2.32427 -1.98785
-2.38264 -2.00184
-2.33727 -1.83823
-2.41537 -1.74684
-2.46785 -1.8939
-2.49877 -1.62712
-2.53162 -1.81796
-2.58621 -1.64769
-2.55937 -1.3998
-2.62764 -1.43563
-2.6558 -1.41632
-2.68355 -1.5191
-2.69977 -1.3321
-2.71493 -1.15811
-2.75574 -0.998102
-2.67888 -0.896071
-2.67131 -1.19567
-2.64451 -1.0328
-2.63213 -1.25801
-2.58287 -1.13877
-2.59509 -0.846488
-2.64729 -0.787907
-2.54712 -0.66177
-2.53725 -0.87621
-2.48082 -0.882239
-2.53611 -1.01898
-2.5042 -1.13812
-2.46701 -1.33834
-2.45282 -1.15837
-2.36135 -1.17337
-2.40239 -1.48358
-2.30151 -1.37869
-2.34459 -1.61933
-2.23319 -1.54598
-2.27545 -1.73522
-2.04504 -1.48068
-2.18873 -1.33438
-2.08711 -1.14867
-2.22595 -1.11725
-2.10362 -0.881115
-1.98607 -0.919197
-1.91616 -1.14234
-1.83336 -0.805368
-1.74351 -1.04933
-1.74302 -1.40878
-1.54548 -1.39224
-1.5266 -1.60762
-1.6696 -1.72071
-1.3152 -1.74114
-1.66198 -0.770009
-1.48703 -0.573531
-1.69924 -0.330376
-1.94934 -0.59249
-1.8765 -0.28678
-2.10752 -0.630931
-2.2098 -0.875484
-2.22361 -0.690978
-2.30597 -0.912177
-2.28128 -1.02105
-2.41296 -0.951557
-2.31606 -0.742517
-1.83495 0.0588033
-1.64775 0.11116
-1.5635 -0.000990629
-1.65825 0.470385
-1.43236 -0.132599
-1.8135 0.461432
-1.94255 0.298286
-1.89336 0.667523
-2.03301 0.413276
-2.02608 0.710883
-2.08978 0.440843
-2.1367 0.459962
-2.1595 0.674453
-2.26949 0.478898
-2.22355 0.76375
-2.30589 0.653913
-2.23406 0.994283
-2.33138 0.80461
-2.41641 0.731355
-2.30995 1.07688
-2.38387 1.00236
-2.44814 0.808812
-2.39119 1.11898
-2.33014 1.21014
-2.28117 1.39617
-2.25278 1.3799
-2.21068 1.31922
-2.12602 1.28348
-2.14117 1.00504
-2.03512 1.2876
-2.03033 1.55049
-2.10702 1.50377
-2.05254 1.7472
-1.90194 1.87367
-1.92442 1.56404
-1.77662 1.81499
-1.72629 2.17711
-1.63865 2.06647
-1.7512 1.62577
-1.83703 1.52728
-1.92856 1.29491
-1.93877 1.05927
-2.03776 1.00598
-1.88907 0.957108
-1.7716 1.01785
-1.72674 0.768506
-1.57842 2.30872
-1.5344 2.20128
-1.60653 2.46083
-1.7132 2.43041
-1.70247 2.60409
-1.95718 1.99351
-2.05033 1.94083
-2.02618 2.10394
-2.10286 1.97836
-2.14613 1.79383
-2.1108 1.73937
-2.19704 1.5988
-2.14758 1.583
-2.10013 1.70172
-2.25077 1.61489
-2.33227 1.39316
-2.28254 1.60274
-2.19881 1.81838
-2.7093 -0.762904
-1.12279 -1.86617
-0.477029 -2.38165
-0.163375 -2.65094
-0.0546694 -2.81053
-0.0442915 -3.01166
0.131962 -2.83742
0.0632753 -3.1577
0.0864944 -3.33229
0.0718412 -3.51162
0.206121 -3.43998
0.249793 -3.55397
0.45897 -3.54992
-0.0724831 -3.58501
-0.205201 -3.61586
0.679483 -3.51955
2.02431 -3.41513
1.86038 -3.50074
3.41087 -0.0970474
2.99201 0.775507
2.87533 1.06632
3.00441 1.22894
2.82901 1.32025
2.90811 1.51448
3.10651 1.43618
3.01362 1.748
3.22165 1.67282
3.27898 1.34808
3.37391 1.48418
3.36911 1.70483
3.11467 1.95551
3.13052 2.22026
2.93246 2.09261
2.81607 1.80095
2.67897 2.06525
2.80035 2.34992
2.99225 2.43732
2.81387 2.65148
3.04671 2.737
2.85915 2.99954
3.1191 2.9657
3.2941 2.93421
3.19642 3.08859
3.31707 3.08379
3.18647 3.23932
3.30901 3.29419
3.84507 2.38386
3.67876 2.67813
3.72966 2.49777
3.54457 2.81309
3.4213 2.94546
3.20337 3.37744
3.05636 3.39493
2.9769 3.29944
3.04438 3.14581
2.88188 3.21186
2.70663 3.23369
2.58923 3.11168
2.58774 2.85552
2.30089 3.1064
2.35942 2.77384
2.54854 2.46177
2.32003 2.54967
2.3155 2.32998
2.43747 2.10913
2.53851 1.82133
2.67853 1.81505
2.69398 1.5729
2.23323 2.12546
2.16452 2.27601
2.11355 2.17492
2.0009 2.29802
2.13998 2.48044
1.9213 2.54514
2.03021 2.67554
1.86157 2.76889
2.0144 2.86707
1.8273 3.02465
1.63127 3.09738
1.73053 3.20254
1.93756 3.27899
2.00764 3.0507
2.10111 3.10385
2.16347 2.93962
2.17903 2.71351
2.18692 3.41676
1.9782 3.57464
1.78403 3.55183
1.56464 3.36983
1.62742 3.72636
1.37199 3.66026
1.1581 3.61947
1.16222 3.8099
0.945109 3.83621
1.02981 3.91744
1.17793 3.94639
1.4053 3.88894
0.834982 3.92829
0.614675 3.95644
0.661798 3.85382
0.814566 3.84929
2.1663 3.8659
2.24466 3.77829
2.40166 3.83569
2.39112 3.7547
2.52137 3.78584
2.52274 3.64038
2.60985 3.68574
2.7211 3.64697
2.64565 3.60845
2.71389 3.57443
2.81758 3.54787
2.68629 3.50246
2.8847 3.43188
2.79675 3.34487
2.62747 3.38352
2.46109 3.32813
2.49101 3.50278
2.32479 3.51253
2.15782 3.64553
2.34882 3.64266
2.08914 3.80596
1.99251 3.73582
1.84015 3.73029
1.93556 3.86175
1.77264 3.85189
1.6514 3.92702
1.82708 3.96499
1.97969 3.97573
2.07273 3.90901
4.38522 -1.5454
4.43147 -1.50024
4.44655 -1.428
4.49911 -1.3839
4.50486 -1.31342
4.55528 -1.26213
4.59834 -1.14444
4.5491 -1.21233
4.50907 -1.24276
4.45793 -1.35609
4.4602 -1.2927
4.51211 -1.18385
4.47235 -1.47753
4.58535 0.216359
4.53965 0.101968
4.44811 -0.309184
4.36312 -0.359572
-2.5042 -1.13812
