3.5867 -9.342
3.57316 -9.43074
3.43204 -9.63423
3.49655 -9.53141
3.39914 -9.61441
3.42217 -9.54493
3.33178 -9.62491
3.35528 -9.54095
3.26085 -9.58164
3.32106 -9.44332
3.43303 -9.4397
3.41806 -9.29554
3.46891 -9.34982
3.51789 -9.2572
3.51801 -9.35622
3.59653 -9.23796
3.57907 -9.10242
3.62657 -9.03509
3.6064 -8.98148
3.55217 -8.95051
3.59763 -8.84476
3.64481 -8.93785
3.6586 -8.7688
3.59733 -8.68889
3.66394 -8.5782
3.56434 -8.52198
3.59957 -8.39272
3.61716 -8.19294
3.51069 -8.25542
3.52029 -7.9289
3.60831 -7.99499
3.60368 -7.79129
3.21836 -4.13091
3.27129 -4.2851
3.33438 -4.43182
3.54169 -4.91714
3.4527 -4.72452
3.40787 -4.66322
3.45009 -4.94646
3.48238 -5.22312
3.48637 -5.64983
3.44932 -5.78434
3.43582 -5.94988
3.41995 -6.07994
3.42149 -6.17328
3.61535 -7.04256
3.55917 -6.98988
3.53511 -7.16168
3.60454 -7.16879
3.63532 -7.40231
3.58465 -7.57136
3.51395 -7.61674
3.5392 -7.39841
3.44046 -7.34774
3.38476 -7.6259
3.3945 -7.97382
3.25538 -7.70977
3.29822 -8.0185
3.38538 -8.25471
3.48023 -8.46599
3.52535 -8.71005
3.37118 -8.55128
3.45593 -8.89048
3.49055 -9.11032
3.38426 -9.09088
3.27869 -9.26491
3.28388 -9.04587
3.33633 -8.85297
3.21711 -8.83952
3.26153 -8.62676
3.14863 -8.53225
3.21942 -8.32568
3.2881 -8.21699
3.17717 -7.90881
3.06318 -8.10275
3.05991 -7.76101
3.0845 -7.50451
2.99457 -7.55839
2.93451 -7.24134
3.04758 -7.0635
3.16186 -7.38739
3.17022 -7.00597
3.26152 -7.37864
3.27254 -7.13152
3.33883 -7.34077
3.35452 -7.13843
3.4352 -7.08639
3.36114 -6.91177
3.44238 -6.92593
3.40392 -6.81985
3.45715 -6.80787
3.49748 -6.97494
3.5248 -6.87282
3.50788 -6.73393
3.55566 -6.80698
3.54664 -6.73845
3.45934 -6.6144
3.43118 -6.62729
3.42573 -6.52495
3.39811 -6.33256
3.4081 -6.26035
3.40999 -6.17045
3.396 -6.21518
3.41072 -6.26421
3.40741 -6.10451
3.38876 -6.09166
3.38225 -6.32461
3.3471 -6.05986
3.33215 -6.28037
3.34076 -6.53287
3.3069 -6.46712
3.32246 -6.66521
3.36015 -6.73093
3.38942 -6.68054
3.38491 -6.53293
3.39668 -6.4685
3.29909 -6.91836
3.25974 -6.66478
3.24243 -6.89829
3.19062 -6.69538
3.12665 -6.64376
3.05906 -6.75485
3.05888 -6.51243
3.10525 -6.31759
3.15493 -6.51782
3.19885 -6.37716
3.14061 -5.95543
3.04016 -5.91458
2.98413 -6.2472
2.91705 -5.78612
2.98482 -5.59715
3.07667 -5.54303
2.96814 -5.2363
3.06789 -5.12729
2.96469 -4.82131
3.0678 -4.80812
2.99118 -4.57767
3.0677 -4.50006
2.95256 -4.30321
3.00816 -4.15169
3.12252 -4.31319
3.15513 -4.58232
3.22494 -4.53556
3.23238 -4.78497
3.14978 -4.79527
3.22398 -5.09049
3.13524 -5.02682
3.15374 -5.31367
3.2418 -5.47799
3.3114 -5.27864
3.30803 -5.5728
3.35133 -5.44562
3.33826 -5.6613
3.37249 -5.59634
3.35801 -5.81104
3.4113 -5.66476
3.43195 -5.45327
3.44648 -5.63519
3.41385 -5.87124
3.44326 -5.75703
3.45266 -5.50841
3.48356 -5.46683
3.39696 -5.16296
3.36502 -5.95034
3.2994 -5.92183
3.26229 -5.68977
3.22375 -5.79222
3.22723 -6.08416
3.29215 -6.35595
3.17003 -5.61737
3.33328 -4.98178
3.38463 -4.86847
3.41298 -4.75664
3.37278 -4.58754
3.35285 -4.49143
3.39914 -4.57553
3.30127 -4.3886
3.26806 -4.39996
3.3389 -4.64156
3.31252 -4.75559
3.18655 -4.30413
3.19232 -4.16808
3.23965 -4.22362
3.18047 -4.05715
3.20678 -4.11066
3.15366 -3.90193
3.10528 -3.95344
3.02614 -3.65416
3.0127 -3.79482
3.0709 -4.01945
3.13042 -4.1435
2.94197 -3.849
2.87729 -3.96538
2.83371 -3.64128
2.9123 -3.55413
2.78803 -3.36852
2.8459 -3.231
2.92769 -3.40095
2.90745 -3.20985
3.01354 -3.37951
3.08306 -3.64386
3.12917 -3.74155
3.18238 -3.81801
2.82915 -2.92596
2.84195 -3.07101
2.78663 -2.97033
2.74285 -3.09414
2.6672 -2.77816
2.75195 -2.77301
2.69264 -2.52502
2.58247 -2.46152
2.61092 -2.31627
2.60617 -2.15969
2.48854 -2.17906
2.54792 -1.93999
2.41574 -1.74797
2.40055 -1.88725
2.30708 -1.69204
2.26456 -1.79019
2.35679 -2.00843
2.35375 -2.29112
2.49006 -2.42624
2.56339 -2.61727
2.46987 -2.64711
2.57559 -2.84271
2.51792 -2.91357
2.59843 -3.13205
2.51434 -3.09465
2.57998 -3.4266
2.67464 -3.38784
2.69846 -3.24186
2.65425 -3.01312
2.74925 -3.46236
2.74348 -3.67742
2.6891 -3.8708
2.79553 -3.98423
2.78938 -4.23289
2.86355 -4.18555
2.89929 -4.45389
2.85196 -4.60321
2.88441 -4.91704
2.79015 -4.75256
2.82544 -5.14019
2.91173 -5.46057
2.83926 -5.4901
2.7604 -5.66575
2.85853 -6.0517
2.74209 -6.01717
2.82882 -6.23641
2.89912 -6.3059
2.86557 -6.48681
2.94497 -6.46632
3.00608 -6.54597
2.9688 -6.69827
2.8827 -6.82496
2.76625 -6.54865
2.75234 -6.29159
2.65904 -6.38831
2.59827 -6.04897
2.63571 -5.7704
2.45515 -5.61899
2.59112 -5.45138
2.4089 -5.16529
2.55712 -5.09699
2.4427 -4.87795
2.51769 -4.69241
2.36663 -4.59225
2.39441 -4.31164
2.51318 -4.34255
2.62937 -4.6158
2.60699 -4.24463
2.70008 -4.57555
2.72533 -4.82568
2.73481 -4.4214
2.67217 -5.01315
2.76036 -5.33926
2.67228 -5.32661
2.67806 -4.11188
2.55722 -3.78819
2.38391 -3.88408
2.4158 -3.48638
2.49851 -3.49597
2.44048 -3.26281
2.46589 -3.11212
2.34452 -2.88503
2.44135 -2.87839
2.37149 -2.62241
2.2413 -2.44786
2.19483 -2.12993
2.22504 -1.94463
2.04941 -1.85099
2.10293 -1.65006
2.1871 -1.58581
2.04978 -1.43238
2.15 -1.41943
2.24648 -1.54591
2.32184 -1.59298
2.24181 -1.44379
0.905061 0.0843758
1.12895 -0.0693268
1.01235 -0.134258
1.28711 -0.272205
1.32004 -0.127718
1.4696 -0.318411
1.56621 -0.422121
1.66048 -0.51357
1.78769 -0.633765
1.83856 -0.771191
1.9815 -0.959919
1.78206 -0.86654
1.92228 -1.0345
1.83457 -1.05816
2.00628 -1.22014
1.99504 -1.09442
2.08361 -1.16544
2.14757 -1.30952
1.88084 -1.27632
1.98911 -1.46688
1.9395 -1.52513
1.74419 -1.31254
1.84324 -1.64057
1.91675 -1.96436
2.07958 -2.16146
1.99832 -2.19659
2.103 -2.40284
2.20377 -2.70059
2.26276 -2.91944
2.31882 -3.14343
2.17109 -2.95294
2.24899 -3.35366
2.05903 -3.13959
2.12616 -3.54201
2.19489 -3.89009
2.2877 -4.09514
2.28303 -4.32838
2.165 -4.14452
2.18201 -4.55839
2.33626 -4.82945
2.25515 -4.94406
2.20881 -5.27981
2.10907 -4.87343
1.98606 -5.00227
1.95497 -5.31975
2.16218 -5.64524
2.30444 -5.62623
2.37226 -5.93016
2.16489 -6.00499
2.34992 -6.24505
2.51526 -6.29976
2.45911 -6.60584
2.62696 -6.58112
2.69861 -6.56236
2.74155 -6.73431
2.66277 -6.91657
2.80418 -6.98524
2.79377 -7.22761
2.8928 -7.55629
2.76525 -7.46683
2.80807 -7.8105
2.93655 -7.88168
2.91051 -8.21467
2.98652 -7.76269
3.03307 -8.46274
3.0778 -8.81771
2.92592 -8.65265
2.94448 -8.94867
3.03014 -9.12916
3.17402 -9.11813
3.08484 -9.33079
3.18292 -9.30723
3.17625 -9.45781
2.98052 -9.56114
3.13246 -9.64676
3.21468 -9.68345
2.62617 -9.70555
2.81859 -9.64353
2.78617 -9.51777
2.93362 -9.34204
2.78869 -9.30294
2.89733 -9.14782
2.74103 -8.96003
2.61173 -9.32937
2.70078 -9.43447
2.59212 -9.53801
2.35657 -9.47825
2.40422 -9.66929
2.18029 -9.65388
1.93136 -9.68938
-0.500051 -9.77173
-0.201138 -9.72617
0.0327539 -9.7689
-0.0284786 -9.68916
-0.0948157 -9.59239
-0.39784 -9.65189
-0.366479 -9.48801
-0.0106263 -9.38714
-0.384612 -9.24414
-0.723643 -9.44003
-0.912362 -9.23174
-1.15358 -9.42767
-1.47587 -9.21495
-1.57693 -9.44827
-1.94592 -9.31559
-2.01127 -9.04781
-1.56848 -8.95918
-1.8574 -8.75771
-2.37283 -8.79653
-2.11485 -8.45277
-2.61912 -8.49793
-2.47964 -8.25356
-2.86524 -8.21332
-2.54303 -7.97182
-2.13508 -8.07721
-2.19227 -7.69527
-2.6161 -7.64379
-2.32862 -7.33803
-2.06208 -7.43173
-1.91715 -7.19282
-1.7073 -7.48186
-1.40102 -7.06623
-1.73663 -6.79216
-1.19237 -6.6953
-1.35806 -6.37755
-1.84347 -6.42622
-2.17205 -6.73827
-2.20104 -6.46263
-2.5318 -6.6537
-2.37793 -6.28554
-2.01117 -6.15604
-2.24854 -5.90638
-1.84479 -5.8103
-2.02699 -5.54175
-2.32347 -5.59082
-2.24646 -5.21374
-2.49771 -5.47323
-2.56196 -5.25293
-2.51374 -4.94151
-2.78315 -5.12975
-2.7645 -4.62032
-3.0309 -4.99729
-3.08707 -4.56072
-2.93167 -4.25046
-3.12944 -4.10142
-2.88585 -3.8218
-2.70015 -4.11631
-2.62744 -3.75631
-2.40624 -3.89536
-2.46022 -4.30393
-2.4451 -4.62446
-2.17297 -4.43584
-2.13388 -4.0744
-1.89272 -4.22963
-1.73662 -3.89316
-2.0243 -3.65392
-1.49126 -3.41147
-1.92958 -3.21905
-2.36744 -3.43032
-2.18834 -3.01171
-2.59734 -2.99392
-2.14373 -2.62076
-1.84128 -2.82065
-1.60198 -2.37243
-1.97955 -2.25768
-1.7411 -1.97593
-2.07766 -2.04489
-1.90853 -1.81991
-1.63924 -1.67712
-1.52838 -1.79462
-1.40748 -1.94677
-1.32022 -1.60365
-1.07958 -1.79257
-1.02401 -1.50203
-0.846289 -1.60648
-0.800442 -1.30279
-1.07907 -1.23969
-0.734389 -0.904718
-0.563953 -1.13617
-0.574081 -1.46957
-0.360318 -1.20403
-0.361642 -0.860076
-0.134874 -1.02647
-0.142149 -0.77612
-0.144234 -0.505769
-0.467081 -0.583913
-0.762943 -0.463092
-0.36922 -0.290942
-0.530479 -0.0995733
-0.225656 -0.0196551
-0.128766 -0.202802
0.0427608 -0.261421
0.0168018 -0.0656564
0.272387 -0.171351
0.153807 0.0671814
0.383294 0.0218364
0.44668 -0.111875
0.623703 -0.0999419
0.51483 -0.241463
0.707007 -0.308981
0.808213 -0.2327
0.900743 -0.417354
0.974587 -0.290688
0.834799 -0.138626
1.18708 -0.37824
1.12106 -0.53416
1.36073 -0.652486
1.38021 -0.479629
1.56176 -0.684634
1.53527 -0.82445
1.67409 -0.918747
1.63172 -1.03768
1.46498 -0.893599
1.52743 -1.13464
1.74669 -1.17047
1.75458 -1.07924
1.63118 -1.46175
1.39509 -1.28263
1.53144 -1.65686
1.73457 -1.77735
1.66582 -1.96215
1.47852 -1.94773
1.64046 -2.18155
1.508 -2.32649
1.72364 -2.47753
1.8032 -2.23331
1.91406 -2.553
1.86052 -2.86725
2.01648 -2.81977
1.92743 -3.18448
2.0129 -3.31842
1.93435 -3.44548
1.99105 -3.84507
1.7941 -3.61662
1.8305 -3.85401
1.84451 -4.0958
2.01722 -4.23665
1.89081 -4.56732
1.64101 -4.21677
1.57583 -4.59854
1.76247 -4.96075
1.48788 -4.94573
1.66986 -5.33071
1.92816 -5.68746
1.66554 -5.70759
1.90573 -6.1261
2.2088 -6.39645
2.03484 -6.66997
2.2984 -6.75856
2.49512 -7.07796
2.67775 -7.23866
2.6335 -7.54406
2.4051 -7.45574
2.50761 -7.86273
2.67711 -7.92158
2.76947 -8.13781
2.61012 -8.26949
2.78009 -8.4811
2.64511 -8.64397
2.53406 -8.86607
2.42256 -9.16799
2.31016 -8.89533
2.45789 -8.59348
2.21 -8.60396
2.31046 -8.20659
2.30539 -7.76379
2.04738 -7.83827
2.16131 -7.42811
1.84285 -7.35944
2.02479 -7.07635
1.77534 -6.86918
2.24938 -7.07272
1.70221 -6.42721
1.43838 -6.64344
1.53879 -7.07243
1.29656 -6.91943
1.08668 -6.67929
1.16123 -6.31767
0.744355 -6.37991
0.934073 -5.99206
0.586332 -5.97325
0.755162 -5.68994
0.404366 -5.59759
0.782295 -5.2637
1.04553 -5.64705
1.1343 -5.3475
1.09952 -4.97838
1.36842 -5.23375
1.30126 -4.9415
1.25159 -4.60693
1.02214 -4.67314
0.91222 -4.32244
0.819554 -4.77042
0.523144 -4.47218
0.552744 -4.90676
0.401788 -5.18727
0.189645 -4.83489
0.046895 -5.34578
-0.0432673 -5.79135
0.260005 -5.96218
-0.0435662 -6.23566
0.366998 -6.24517
0.22962 -6.70533
0.757484 -6.78806
0.604465 -7.13863
1.03638 -7.06462
0.904723 -7.44383
1.19857 -7.3622
1.32288 -7.17548
1.49406 -7.50327
1.76262 -7.73136
1.59229 -7.84394
1.7767 -8.0955
2.05168 -8.23105
1.87881 -8.53566
2.1336 -8.40824
2.02558 -8.88255
1.65357 -8.93311
1.88995 -9.072
2.09066 -9.15881
1.7225 -9.24975
1.96584 -9.36362
2.18235 -9.35465
2.01886 -9.52477
1.76219 -9.45564
1.70245 -9.60945
1.36297 -9.4821
1.08271 -9.65266
0.849305 -9.72102
0.796047 -9.61811
1.04035 -9.54065
0.892998 -9.38661
1.24027 -9.18538
0.981036 -9.22535
0.786963 -9.08699
1.2157 -8.8625
0.8834 -8.7572
1.17128 -8.52505
1.50071 -8.65294
1.52633 -8.35956
1.27668 -8.23583
1.47289 -8.06092
1.1995 -7.98155
1.39665 -7.81157
1.18058 -7.65917
0.831582 -7.87079
0.971586 -8.23369
0.534563 -8.24396
0.755294 -8.51307
0.458116 -8.51217
0.454268 -8.76433
0.0523772 -8.5094
0.0270634 -8.83647
0.156479 -9.09956
0.416252 -9.34256
0.471819 -9.56386
0.187177 -9.51051
0.146697 -9.64845
0.317193 -9.72101
0.478498 -9.76623
0.668431 -9.72173
0.544041 -9.68031
-0.225867 -9.0001
-0.3331 -8.78866
-0.626368 -9.01487
-0.792583 -8.77252
-1.11981 -8.9956
-1.31799 -8.7203
-0.892882 -8.51141
-1.29164 -8.45433
-1.64173 -8.52334
-1.53861 -8.18445
-1.0239 -8.28472
-0.930869 -8.00745
-1.2818 -7.73727
-1.79078 -7.84684
-1.17377 -7.3755
-0.986645 -7.5418
-0.778604 -7.68482
-0.701472 -7.35524
-0.297888 -7.56392
-0.285018 -7.23921
0.116993 -7.26362
0.0991349 -7.62607
0.478551 -7.58606
0.226083 -7.82827
0.455956 -7.92894
0.130174 -8.10644
-0.459722 -8.22636
-0.119998 -7.87386
-0.506537 -7.87577
-0.478229 -8.56779
-0.121817 -6.99857
-0.487527 -7.02098
-0.249648 -6.78961
-0.683469 -6.7102
-0.921009 -7.06152
-1.05909 -6.87426
-0.859277 -6.36542
-0.45701 -6.37857
-0.233745 -6.55568
-0.471571 -6.0555
-0.952248 -5.99677
-1.5086 -5.96996
-1.0161 -5.60817
-1.38108 -5.58104
-1.1069 -5.25594
-0.670877 -5.22646
-0.776348 -4.91221
-0.451221 -4.89668
-0.482907 -4.57369
-0.149106 -4.68945
-0.0687823 -4.20417
0.0640745 -4.54373
-0.241242 -5.09409
0.21995 -4.44609
0.313094 -4.16852
0.234569 -3.86803
0.574107 -3.84557
0.2569 -3.39355
0.0173926 -3.7163
-0.0678391 -3.43466
-0.0589347 -3.10307
-0.271723 -3.28168
-0.375121 -2.96016
-0.578839 -3.24256
-0.364827 -3.67099
-0.760484 -3.53279
-0.712832 -3.81338
-0.632994 -4.15918
-0.959546 -3.98623
-0.942321 -3.73313
-1.27942 -3.83158
-1.07784 -3.54169
-0.9873 -3.23736
-1.27315 -2.94666
-0.798106 -2.801
-1.23055 -2.53678
-0.90672 -2.4221
-0.638851 -2.45907
-0.723221 -2.12946
-0.340738 -2.31244
-0.452355 -2.64584
-0.161226 -2.71363
0.0294495 -2.42788
-0.0719318 -2.00849
0.229141 -2.1564
0.140533 -1.77309
-0.111688 -1.59275
0.0938778 -1.48994
-0.0174847 -1.28745
0.170757 -1.27409
0.280063 -1.53058
0.342269 -1.28958
0.254977 -1.03845
0.0683317 -1.0656
0.0690069 -0.786961
-0.191813 -1.31128
0.395337 -0.770828
0.179453 -0.466257
0.433156 -0.435674
0.633616 -0.650685
0.613553 -0.417993
0.789136 -0.535414
0.867935 -0.824754
1.01476 -0.693959
1.28629 -0.881138
1.11931 -1.06961
1.26291 -1.54836
1.04923 -1.29137
1.00367 -1.58502
1.24375 -2.05308
0.949432 -2.05751
1.14098 -2.36364
1.33125 -2.57317
1.60331 -2.74927
1.43549 -3.07189
1.74004 -3.19912
1.57086 -3.51191
1.68586 -3.86256
1.43226 -3.87566
1.41814 -4.28316
1.19716 -4.09573
1.20032 -3.69321
1.32843 -3.43358
1.06488 -3.27675
1.26229 -3.16585
1.18055 -2.86994
0.976527 -2.875
1.00069 -2.53485
1.16534 -2.58997
0.780009 -2.67299
0.828261 -3.02508
0.530548 -2.94635
0.757459 -3.37499
0.958451 -3.76858
0.541187 -3.38846
0.161509 -2.84995
0.306448 -2.5418
0.533874 -2.34795
0.398605 -1.87783
0.664782 -1.95082
0.516263 -1.52604
0.772602 -1.62313
0.789254 -2.31282
0.6653 -1.31477
0.814805 -1.34622
0.90664 -1.24907
0.713844 -1.02892
0.935413 -1.07329
0.481009 -1.14598
-0.329336 -1.47824
-0.408348 -1.82456
-0.723488 -1.79141
-0.914642 -1.93426
-0.888651 -1.78317
-1.15303 -2.18373
-1.51842 -2.73084
-1.61582 -3.01742
-1.23567 -4.12849
-1.04482 -4.29234
-1.38049 -4.38075
-1.21112 -4.53166
-0.920584 -4.59559
-1.2866 -4.78061
-1.09661 -4.93529
-1.42666 -5.13292
-1.39307 -5.37269
-1.648 -5.48961
-1.60067 -5.72638
-1.82661 -5.2
-1.62873 -4.87032
-1.94837 -4.92717
-1.79149 -4.55307
-1.45978 -4.62302
-1.55639 -4.16607
-2.20269 -4.78776
-0.476337 -5.58592
1.37008 -5.62512
1.51988 -5.4718
1.56482 -6.01763
1.25865 -5.97379
1.43582 -6.27091
2.07057 -2.62169
1.96626 -2.35127
1.89953 -2.14476
1.80679 -2.00965
1.69187 -0.656231
1.51684 -0.470942
0.768506 0.0120765
0.539182 0.111016
0.685901 0.155337
0.507377 0.25469
0.345747 0.350725
0.1363 0.400879
0.252874 0.227833
-0.095016 0.313299
0.0216179 0.192405
-0.0382342 0.0837251
-0.183012 0.171627
-0.386909 0.0968728
-0.395096 0.244699
-0.40597 0.398971
-0.116113 0.458928
-0.720889 0.416411
-0.689888 0.279331
-1.01905 0.306846
-0.980597 0.108123
-0.63751 0.106308
-0.870068 -0.126508
-1.11794 -0.0913663
-1.29573 -0.0174984
-1.27075 0.155841
-1.51357 0.0195139
-1.5293 0.164356
-1.70828 0.0179024
-2.08772 -0.156711
-1.89512 -0.103842
-1.75644 -0.132473
-2.05245 -0.291584
-1.86934 -0.286347
-1.72353 -0.213822
-1.55857 -0.143887
-1.72023 -0.349751
-1.37564 -0.250811
-1.59729 -0.526091
-1.28332 -0.487826
-1.11929 -0.249033
-1.01156 -0.36345
-1.08356 -0.577047
-1.12739 -0.884546
-1.30596 -0.743555
-1.52146 -1.01423
-1.48063 -1.32188
-1.86056 -1.59254
-1.83484 -1.32442
-2.09762 -1.57574
-2.21384 -1.86093
-2.35173 -1.7148
-2.21037 -1.42414
-2.67283 -1.79023
-2.53339 -1.93987
-2.84205 -2.16927
-2.52867 -2.18647
-2.2843 -2.09759
-2.30263 -2.32782
-2.61164 -2.54398
-2.42483 -2.61129
-2.90342 -2.75373
-2.84442 -2.43655
-3.1047 -2.624
-2.99479 -2.39046
-3.11546 -2.37634
-3.31876 -2.61944
-3.32687 -3.01544
-3.11203 -2.86662
-3.04584 -3.14345
-3.28011 -3.42937
-3.10912 -3.62817
-2.88173 -3.4087
-2.68834 -3.48359
-3.35468 -3.90793
-3.32207 -4.44931
-3.52348 -4.32914
-3.52079 -4.86893
-3.26894 -4.9282
-3.41387 -5.40041
-3.19803 -5.27739
-3.01876 -5.45376
-3.22321 -5.59724
-3.11428 -5.71548
-2.98096 -5.94686
-2.74436 -5.50887
-2.58675 -5.80845
-2.7454 -6.1164
-2.53467 -6.10388
-2.67537 -6.36375
-2.90135 -6.32879
-2.88212 -6.64546
-2.8156 -6.98644
-2.47594 -7.01726
-2.72768 -7.32181
-2.14819 -7.02208
-3.05682 -7.28452
-2.93587 -7.61129
-2.82791 -7.87786
-3.0773 -7.89826
-3.21233 -8.16936
-3.1298 -8.47167
-2.88532 -8.48894
-2.85575 -8.73383
-3.27641 -8.81343
-2.9624 -9.0228
-2.62993 -9.00148
-2.36784 -9.02083
-2.37666 -9.2111
-2.73145 -9.19138
-2.61054 -9.42888
-2.23793 -9.40617
-1.95241 -9.50216
-2.2608 -9.53092
-2.03836 -9.64991
-1.62799 -9.61239
-1.30762 -9.5723
-1.25432 -9.70251
-0.932665 -9.61683
-0.998321 -9.71167
-0.803792 -9.7355
-0.643553 -9.68297
-0.608994 -9.58391
-1.64906 -9.75446
-2.79489 -9.7449
-2.57843 -9.73626
-2.75851 -9.62884
-2.4336 -9.62282
-2.98756 -9.49726
-3.01244 -9.27327
-3.24556 -9.40354
-3.30873 -9.22066
-3.19611 -9.08194
-3.39325 -9.04427
-3.56077 -9.15385
-3.43507 -9.31634
-3.62913 -9.33183
-3.78734 -9.15566
-3.74037 -9.03273
-3.90944 -9.00337
-3.82137 -8.89511
-3.60993 -8.90676
-3.86155 -8.6558
-3.97987 -8.84464
-4.15709 -8.67997
-4.11871 -8.94182
-4.2931 -8.79916
-4.39245 -8.60645
-4.29071 -8.44731
-4.475 -8.34733
-4.59921 -8.52237
-4.65745 -8.25742
-4.72737 -8.3857
-4.81844 -8.18631
-4.79412 -8.41163
-4.71727 -8.51944
-4.78712 -8.56996
-4.64663 -8.67612
-4.46486 -8.78451
-4.57929 -8.86168
-4.40174 -9.02519
-4.29298 -8.94576
-4.1456 -9.12978
-3.97717 -9.10785
-3.89115 -9.25721
-4.02654 -9.33282
-3.76023 -9.44185
-3.92675 -9.46232
-3.50916 -9.48572
-3.33672 -9.58312
-3.07422 -9.66166
-2.32393 -0.366482
-2.33451 -0.534707
-2.07478 -0.548075
-2.35954 -0.713001
-2.30728 -0.825702
-2.10696 -0.879045
-1.857 -0.600816
-1.80341 -0.762168
-1.58251 -0.776785
-1.78308 -0.888837
-1.85439 -1.0661
-2.14583 -1.13396
-1.93473 -0.942287
-2.29819 -1.13182
-2.4803 -1.38351
-2.4704 -1.11351
-2.73911 -1.4323
-2.79387 -1.64595
-3.03102 -1.90658
-3.05766 -2.1358
-3.3157 -2.21783
-3.23436 -1.94821
-2.9961 -1.69337
-3.18383 -1.71561
-2.93899 -1.48223
-2.72503 -1.25194
-2.90431 -1.28846
-2.71092 -1.1018
-2.60166 -1.09794
-2.52339 -0.936144
-2.68686 -0.965568
-2.85827 -1.11535
-2.78972 -0.948507
-2.57397 -0.777154
-2.75099 -0.803385
-2.58677 -0.60592
-2.87633 -0.772449
-3.0991 -1.08682
-2.92268 -0.949878
-2.99282 -1.09789
-3.15871 -1.22657
-3.09659 -1.31663
-3.08064 -1.50384
-3.20006 -1.52113
-3.22488 -1.64632
-3.36216 -1.80588
-3.36501 -1.94326
-3.53896 -2.06134
-3.46362 -2.16742
-3.66217 -2.37034
-3.56592 -2.45874
-3.46686 -2.54657
-3.26892 -2.37541
-3.52782 -2.86413
-3.69246 -2.8152
-3.70228 -3.08083
-3.5928 -3.21414
-3.49929 -3.53679
-3.67429 -3.53209
-3.67225 -3.83554
-3.5466 -3.95384
-3.67536 -4.20735
-3.6903 -4.61128
-3.83057 -4.4495
-3.83797 -4.8171
-3.72831 -4.98814
-3.66577 -5.35806
-3.90625 -5.25509
-3.80755 -5.71427
-3.60833 -5.88026
-3.37402 -5.85267
-3.47902 -6.17329
-3.28545 -6.16602
-3.48063 -6.58221
-3.15798 -6.53255
-3.37426 -7.06154
-3.10283 -6.95126
-3.21652 -7.1603
-3.26857 -7.32793
-3.19767 -7.59177
-3.4258 -7.52515
-3.32962 -7.86997
-3.52072 -7.83308
-3.48684 -8.15843
-3.3168 -8.33194
-3.41828 -8.48407
-3.69038 -8.385
-3.57886 -8.66401
-3.90714 -8.37551
-3.87484 -8.11448
-3.99198 -8.27222
-4.07837 -8.15956
-4.09475 -7.8044
-4.28315 -8.15444
-4.08761 -8.40139
-4.34525 -7.8185
-4.24074 -7.57085
-4.37351 -7.55986
-4.26647 -7.30238
-4.07816 -7.31525
-4.1547 -7.0069
-4.31152 -6.95309
-4.11863 -6.57522
-3.96965 -6.84256
-3.86847 -6.25665
-4.05293 -6.15996
-3.9955 -5.76918
-4.12958 -5.93365
-4.16252 -5.57649
-4.26333 -5.91562
-4.18547 -6.2249
-4.29489 -6.2229
-4.28818 -6.52191
-4.39599 -6.38313
-4.43032 -6.74573
-4.48819 -7.11817
-4.41334 -7.33721
-4.56049 -7.48045
-4.46273 -7.53823
-4.49367 -7.71588
-4.63991 -7.78333
-4.53203 -8.02686
-4.71912 -8.01509
-4.75791 -7.82044
-4.81597 -7.94129
-4.92913 -7.8918
-4.95899 -8.15595
-4.85923 -8.35998
-4.90084 -8.44382
-4.83269 -8.60765
-4.76608 -8.7268
-4.86085 -8.65942
-4.74519 -8.8606
-4.83527 -8.82924
-4.71619 -9.02204
-4.57932 -9.15112
-4.62664 -9.01623
-4.46636 -9.14809
-4.54906 -8.99209
-4.2597 -9.23545
-4.34016 -9.31117
-4.13701 -9.40606
-4.97097 -8.57292
-5.05006 -8.30521
-5.13029 -8.08207
-5.0968 -8.18518
-5.14415 -7.99591
-5.03292 -8.36722
-5.21031 -7.7873
-5.2496 -7.64248
-5.28948 -7.43474
-5.25344 -7.51879
-5.22879 -7.71343
-5.21502 -7.60541
-5.1663 -7.7495
-5.15654 -7.96411
-5.07994 -8.00872
-5.08117 -7.86223
-5.0255 -8.17128
-5.01488 -8.06003
-4.98784 -8.26369
-5.01475 -7.81963
-4.97826 -8.43997
-5.10452 -7.54877
-5.12957 -7.65421
-5.20941 -7.47436
-5.16144 -7.25883
-5.25415 -7.21338
-5.27183 -7.29919
-5.28572 -7.05661
-5.23254 -7.00175
-5.29281 -6.82421
-5.23958 -6.77386
-5.17892 -6.84892
-5.13882 -7.0386
-5.11421 -6.80558
-5.05568 -7.00729
-5.08216 -7.27017
-5.00446 -7.21906
-5.03975 -7.50239
-4.94764 -7.4254
-4.97207 -7.66906
-4.91628 -7.65613
-4.85414 -7.49172
-4.83951 -7.73858
-4.72762 -7.55513
-4.7634 -7.25625
-4.86363 -7.23058
-4.77692 -7.08753
-4.68631 -6.87624
-4.63757 -7.21292
-4.55816 -6.90905
-4.53306 -6.5436
-4.64548 -6.47155
-4.75457 -6.51164
-4.81685 -6.92782
-4.84034 -6.70185
-4.87601 -6.89815
-4.91376 -7.1176
-4.95726 -6.92409
-4.90243 -6.759
-4.94019 -6.6682
-5.00702 -6.71321
-4.97163 -6.56157
-4.94133 -6.43964
-4.88625 -6.56235
-4.84523 -6.26346
-4.83301 -6.51177
-4.73237 -6.07403
-4.79735 -5.88838
-4.89462 -5.92179
-4.93684 -6.18713
-5.00044 -5.91896
-4.99309 -6.39015
-5.09894 -6.30454
-5.09087 -6.56874
-5.18378 -6.59813
-5.21809 -6.27433
-5.25434 -6.58434
-5.2746 -6.37325
-5.30478 -6.65185
-5.32966 -6.88101
-5.34417 -6.51968
-5.30846 -6.36356
-5.28321 -6.1939
-5.30508 -7.15535
-4.40462 -2.8949
-4.3256 -2.79146
-4.10957 -2.42849
-4.04894 -2.33938
-4.12636 -2.57363
-4.02207 -2.42958
-4.16237 -2.75021
-4.01247 -2.54282
-4.13548 -2.83402
-4.03512 -2.7047
-3.93775 -2.55694
-3.8731 -2.33707
-3.75734 -2.28676
-3.7723 -2.08045
-3.90434 -2.25801
-3.84329 -2.03279
-3.73078 -1.88029
-3.62208 -1.83498
-3.63924 -1.61613
-3.44931 -1.6235
-3.44212 -1.47664
-3.28758 -1.29385
-3.25747 -1.36048
-3.3481 -1.38974
-3.35245 -1.46817
-3.28214 -1.48581
-3.33543 -1.64815
-3.49778 -1.82522
-3.81073 -1.90736
-3.88178 -1.98858
-3.94462 -2.17141
-3.64216 -2.01152
-3.8555 -2.61373
-3.747 -2.63844
-3.92392 -2.94678
-3.8909 -3.21956
-4.0559 -3.26496
-4.13715 -3.2165
-4.07441 -2.89933
-4.24596 -3.25693
-4.23965 -3.12461
-4.25579 -3.02685
-4.40844 -3.35976
-4.33442 -3.37687
-4.48087 -3.64281
-4.3527 -3.47861
-4.39757 -3.64907
-4.28656 -3.47489
-4.37451 -3.77909
-4.19461 -3.4896
-4.23342 -3.73016
-4.07934 -3.50984
-4.12769 -3.7931
-3.96482 -3.63339
-3.78021 -3.3893
-3.82955 -3.78178
-3.95723 -3.88525
-3.97327 -4.2144
-3.79722 -4.08852
-4.02002 -4.76693
-4.10235 -4.52648
-4.17299 -4.31789
-4.06592 -3.96646
-4.18321 -4.03613
-4.25999 -3.95233
-4.29672 -4.20315
-4.35862 -4.10255
-4.4343 -4.36823
-4.34371 -4.51662
-4.22396 -4.83438
-4.39071 -4.81469
-4.35395 -4.9704
-4.34585 -5.17501
-4.24273 -5.25757
-4.10983 -5.14782
-4.04478 -5.44241
-4.12749 -4.91216
-4.3298 -5.55897
-4.43202 -5.38178
-4.43698 -5.0843
-4.56978 -5.31389
-4.4684 -5.79207
-4.62484 -5.83738
-4.55966 -6.17912
-4.65683 -6.2182
-4.72266 -5.72414
-4.66031 -5.56079
-4.70834 -5.3817
-4.79455 -5.6057
-4.84315 -5.73978
-4.89392 -5.54755
-4.80149 -5.36481
-4.82804 -5.1699
-4.93783 -5.19797
-4.97848 -5.49581
-5.07083 -5.54365
-5.09654 -5.85047
-5.11556 -6.0655
-5.17435 -5.99065
-5.22498 -6.02548
-5.15176 -5.77242
-5.18057 -5.69561
-5.13903 -5.58941
-5.12973 -5.38972
-5.03976 -5.09076
-5.00401 -5.321
-4.91776 -4.87769
-4.85049 -4.9487
-4.81672 -4.68787
-4.8698 -4.63347
-4.9387 -4.75407
-4.88477 -4.49738
-4.77298 -4.37513
-4.7777 -4.18329
-4.64746 -3.9997
-4.64647 -3.78763
-4.52112 -3.87311
-4.64019 -4.16775
-4.53141 -4.03403
-4.59693 -4.29112
-4.46421 -4.11571
-4.55211 -4.39718
-4.54595 -4.68127
-4.44561 -4.6435
-4.49739 -4.9059
-4.56316 -4.9598
-4.65683 -4.98222
-4.73819 -5.14557
-4.7555 -4.85181
-4.6451 -4.60333
-4.71218 -4.4871
-4.33166 -3.92768
-4.80692 -4.07447
-4.87992 -4.36386
-4.91665 -4.36718
-4.98613 -4.6855
-5.04427 -4.69259
-5.0995 -5.03395
-5.08722 -4.91705
-5.13311 -5.18803
-5.13682 -5.30724
-5.16737 -5.51522
-5.20287 -5.68556
-5.26647 -5.89984
-5.21361 -5.60774
-5.18785 -5.38647
-5.169 -5.19947
-5.14287 -5.05732
-5.12651 -5.0294
-5.12396 -4.94453
-5.1189 -4.89717
-5.09311 -4.7634
-5.05571 -4.61517
-5.03191 -4.45803
-4.90565 -3.93414
-4.84336 -3.83601
-4.79617 -3.77566
-4.85737 -3.92874
-4.8026 -3.82759
-4.8375 -3.93213
-4.76003 -3.80251
-4.74064 -3.69775
-4.6724 -3.56441
-4.70511 -3.56064
-4.63998 -3.43457
-4.5709 -3.32823
-4.45617 -3.06969
-4.3447 -2.88673
-4.38405 -3.02132
-4.25716 -2.81611
-4.26283 -2.74816
-4.21137 -2.70164
-4.20279 -2.63539
-4.17265 -2.6228
-4.19913 -2.70062
-4.15609 -2.53172
-4.24558 -2.81529
-4.33621 -3.08152
-4.47721 -3.28752
-4.43227 -3.31649
-4.55874 -3.51306
-4.63823 -3.56009
-4.70761 -3.77911
-4.81018 -3.97878
-4.85377 -4.04206
-4.95028 -4.24188
-5.00339 -4.48124
-5.00133 -4.41083
-4.9318 -4.19501
-4.895 -4.06634
-4.97055 -4.28537
-5.02314 -4.49452
-5.06661 -4.66571
-5.06082 -4.67462
-5.09177 -4.84789
-5.10358 -4.8265
-4.49526 -3.25338
-5.16477 -5.40567
-4.46074 -6.19336
-4.37497 -6.05583
-4.36197 -5.83035
-5.19861 -7.85593
-4.46644 -9.25048
-4.66538 -8.87617
-4.68775 -8.74744
-3.74571 -6.70836
-3.63681 -6.3324
-3.63892 -7.04097
-3.85563 -7.13632
-3.74965 -7.39565
-3.57416 -7.33192
-3.6386 -7.63068
-3.83636 -7.73469
-3.67901 -7.94698
-3.68529 -8.1605
-3.92756 -7.48228
-3.20304 -5.85982
-3.1961 -9.53472
-3.34081 -9.49228
-3.43152 -9.41608
-2.30548 -9.73557
-1.32755 0.289621
3.41642 -6.03268
3.16751 -7.62771
3.59119 -7.27147
3.50706 -9.45057
3.44932 -5.78434
-4.38405 -3.02132
