-0.514462 0.802686
-0.530575 1.0369
0.0327711 2.68315
0.322463 3.38366
0.427507 3.6128
0.535857 3.84123
1.36973 4.72346
1.56138 4.88094
1.92941 5.15044
2.12515 5.2533
2.33821 5.29613
2.60806 5.33207
3.04186 5.38569
3.27817 5.37523
3.50624 5.30936
3.71969 5.22897
3.91644 5.14802
4.24796 5.00082
4.38824 4.93346
4.51146 4.85714
4.81655 4.5431
5.00351 4.34866
5.30323 3.93509
6.52066 2.2015
6.68138 1.90924
6.95266 0.672658
6.98571 -0.0708946
6.98181 -0.296728
6.87978 -0.649808
6.5793 -1.31451
6.46606 -1.52347
6.35941 -1.71217
6.22885 -1.87363
6.08308 -2.0504
4.68252 -3.53337
4.48944 -3.62337
4.28395 -3.70181
2.89823 -4.20069
2.65692 -4.19131
2.44315 -4.16362
2.23061 -4.12017
1.97736 -4.06185
1.27152 -3.86867
0.85651 -3.67603
0.647554 -3.53072
0.460545 -3.35963
0.291975 -3.18177
0.143481 -2.99071
0.0274 -2.78178
-0.222322 -2.26721
-0.319697 -1.53699
-0.444645 -0.0722215
