-6.4998 -6.49994
-6.48401 -6.34871
-6.38969 -5.68962
-6.28184 -5.30234
-6.22289 -5.09855
-5.62323 -3.40152
-5.53301 -3.2167
-5.44505 -3.05009
-4.73599 -1.88581
-4.35426 -1.47325
-4.17397 -1.29658
-3.90612 -1.12541
-1.57758 -0.866279
-0.00157261 -1.64752
0.344213 -2.09059
1.37714 -3.58137
1.62912 -4.15009
1.74766 -4.42148
2.20769 -6.04536
2.25736 -6.30311
2.27632 -6.4972
2.32842 -7.44058
2.23654 -8.68582
2.19048 -8.85684
2.0718 -9.25014
2.01179 -9.41305
1.89717 -9.71361
1.82493 -9.88936
1.72158 -10.0468
1.58085 -10.2036
1.44667 -10.3465
1.2759 -10.5069
1.09263 -10.6238
0.956863 -10.677
-0.284753 -10.91
-1.06714 -11.0034
-1.45211 -11.0387
-1.80727 -11.0449
-3.73665 -10.9911
-4.94335 -10.9104
-5.14352 -10.8837
-5.3493 -10.8488
-6.21754 -10.682
-6.45726 -10.5448
-6.59317 -10.2045
-6.63415 -10.0169
-6.68437 -9.75993
-6.7007 -9.17214
-6.69785 -8.93608
