-5.86059 -4.49719
-5.71786 -4.14349
-5.17857 -2.90988
-4.6879 -2.04702
-3.44616 -0.0382882
-3.18554 0.330088
-3.06496 0.414047
-2.55949 0.560177
-2.35076 0.534848
-1.90475 0.362105
-1.74446 0.275444
-1.51495 0.133245
-1.09861 -0.219897
-0.828803 -0.490594
-0.202505 -1.51106
0.0312252 -2.05082
0.372363 -2.9973
0.561823 -3.65674
0.599693 -3.82877
0.681691 -4.41532
0.786785 -5.48058
0.803031 -5.78225
0.789036 -5.97434
0.742373 -6.42003
0.55399 -7.53897
0.520288 -7.69563
0.0289745 -8.57463
-0.0984364 -8.77549
-0.352667 -8.99154
-0.499867 -9.1018
-0.670318 -9.19218
-0.928698 -9.23864
-1.16994 -9.26459
-1.72941 -9.30156
-3.0468 -9.25705
-3.36387 -9.23797
-3.90202 -9.18827
-4.21995 -9.13626
-5.12826 -8.97748
-5.54408 -8.85343
-5.70135 -8.69728
-5.96476 -8.43479
-6.05216 -8.287
-6.231 -7.82984
-6.24388 -7.69692
-6.24426 -7.54507
-6.20853 -7.13541
