6.86245 -6.79352
6.93007 -6.25056
6.96749 -6.04501
7.01913 -5.77406
7.61507 -4.65208
8.46075 -3.14096
8.55711 -2.99488
8.65801 -2.84907
9.11378 -2.31356
9.53906 -2.10477
9.71936 -2.07492
10.0896 -2.07418
10.6079 -2.09174
10.7776 -2.10327
11.2173 -2.23917
12.0206 -2.90505
12.3892 -3.28218
13.3715 -4.62401
13.5332 -4.91992
13.8179 -5.46388
13.9003 -5.9132
14.1167 -8.357
14.1437 -8.867
14.1529 -9.05869
14.132 -9.16947
14.067 -9.33027
14.0286 -9.41279
13.9249 -9.49833
13.0941 -10.015
12.8699 -10.0846
12.6733 -10.1341
12.6366 -10.1404
10.9972 -10.2656
10.8923 -10.2729
10.3625 -10.2597
9.78801 -10.2317
9.59052 -10.2129
8.42519 -10.0095
8.2813 -9.98085
8.11242 -9.92055
7.95281 -9.82196
7.83012 -9.73436
7.6397 -9.56651
7.55899 -9.48553
7.45907 -9.35128
7.31457 -9.1068
7.21664 -8.9383
7.11732 -8.70563
7.02521 -8.4559
6.99433 -8.32659
6.86694 -7.69677
6.83871 -7.52081
