-2.26234 -11.5091
-2.19316 -9.77725
-2.17868 -9.5824
-2.1447 -9.458
-2.10163 -9.32874
-1.25832 -7.61666
-0.72495 -6.61371
-0.568604 -6.36395
0.548866 -4.94945
0.649956 -4.88859
0.763609 -4.834
2.03923 -4.22556
2.54497 -4.03765
2.67405 -4.03275
3.42817 -4.1647
4.07637 -4.46712
4.30482 -4.71105
4.63809 -5.1627
4.73513 -5.33643
6.13368 -8.18617
6.17548 -8.28344
6.20855 -8.38301
6.24854 -8.58942
6.36672 -9.31577
6.37907 -9.39422
6.41547 -9.65153
6.60274 -11.4228
6.62345 -11.6348
6.65146 -11.9859
6.66106 -12.2304
6.66581 -12.5184
6.64198 -12.9428
6.60604 -13.2144
6.59942 -13.2586
6.5699 -13.4033
6.54545 -13.5104
6.51214 -13.6555
6.44955 -13.8186
6.29077 -14.1341
6.1846 -14.2989
6.03494 -14.5026
5.94912 -14.6002
5.80584 -14.7345
5.62208 -14.8687
5.47295 -14.9345
5.02498 -15.0858
4.78534 -15.1499
4.59132 -15.1738
4.47412 -15.1861
3.51891 -15.2675
3.46918 -15.2707
2.50003 -15.3275
2.13282 -15.3479
1.55877 -15.3703
1.30925 -15.3747
-0.526976 -15.3987
-0.656939 -15.3992
-0.8646 -15.3857
-1.25995 -15.3484
-1.45918 -15.3227
-1.58453 -15.2819
-1.68649 -15.1903
-1.85562 -15.0315
-1.98063 -14.7885
-2.03288 -14.6613
-2.10758 -14.4239
-2.12306 -14.3696
-2.13616 -14.3075
-2.14628 -14.2395
-2.25593 -11.8778
