-6.95528 3.74178
-7.14511 3.6609
-7.35202 3.53691
-7.53968 3.40776
-7.52811 3.39676
-7.69125 3.28988
-7.58199 3.28175
-7.80382 3.14599
-8.63368 1.73858
-8.78796 1.51146
-8.86132 1.37049
-8.91843 1.24697
-8.97679 1.10175
-9.02521 1.01144
-8.99253 1.01167
-9.06605 0.893566
-9.09585 0.880213
-9.18974 0.735104
-9.05941 0.848175
-9.16303 0.641496
-9.26737 0.575636
-9.28892 0.340815
-9.15257 0.54922
-9.2053 0.320345
-9.40143 -0.0146353
-9.4583 0.0412874
-9.57554 -0.243723
-9.55663 -0.346111
-9.6511 -0.484462
-9.64715 -0.620969
-9.73795 -0.732923
-9.69346 -0.492284
-9.7778 -0.710762
-9.80773 -0.689121
-9.85423 -0.93731
-9.92104 -1.00332
-9.96475 -1.18912
-10.0394 -1.31015
-9.99097 -1.14583
-9.92844 -0.960412
-9.49985 0.0439548
-9.39619 0.255442
-9.33637 0.413969
-9.3691 0.270061
-9.60585 -0.153041
-9.69871 -0.376295
-9.78402 -0.555771
-9.86578 -0.770125
-10.096 -1.48857
-10.1419 -1.67528
-10.0962 -1.64634
-10.0168 -1.41686
-10.0328 -1.63334
-9.93645 -1.26376
-9.9431 -1.49362
-9.84248 -1.19258
-9.81098 -1.00505
-9.72803 -0.90196
-9.75738 -1.10795
-9.84455 -1.41853
-9.75673 -1.21287
-9.71528 -1.30536
-9.809 -1.61413
-9.90941 -1.7675
-9.93427 -1.68355
-9.98816 -1.95897
-9.95366 -2.03119
-9.99417 -2.12475
-10.0641 -2.24327
-10.0915 -2.09915
-10.177 -2.45984
-10.1724 -2.21841
-10.256 -2.4776
-10.2149 -2.12949
-10.2846 -2.34926
-10.256 -2.14776
-10.193 -1.93366
-10.1212 -1.86056
-10.1078 -1.95211
-10.0149 -1.79877
-10.3002 -2.22866
-10.2399 -1.96075
-10.3233 -2.43234
-10.3093 -2.63292
-10.3712 -3.00994
-10.354 -2.62785
-10.3831 -2.81354
-10.4028 -3.04395
-10.4215 -3.17039
-10.387 -2.9321
-10.4334 -3.29526
-10.4225 -3.41067
-10.424 -3.47121
-10.4338 -3.49987
-10.4461 -3.5887
-10.4665 -3.64049
-10.4591 -3.68661
-10.4707 -3.77894
-10.4634 -3.77225
-10.4784 -4.00401
-10.4768 -3.81464
-10.4807 -4.01647
-10.4483 -3.75121
-10.453 -3.95882
-10.4216 -3.74468
-10.396 -3.42716
-10.3665 -3.30762
-10.3151 -3.07645
-10.3179 -2.79295
-10.2717 -2.79399
-10.271 -3.12631
-10.2056 -2.8508
-10.1009 -2.58297
-10.1522 -2.92722
-10.2173 -3.21417
-10.1484 -3.1146
-10.1637 -3.30413
-10.1998 -3.47497
-10.149 -3.45911
-10.1838 -3.67806
-10.0972 -3.56694
-10.1001 -3.23732
-10.0145 -3.28626
-10.0154 -3.03941
-10.0726 -2.87634
-9.9501 -2.76382
-9.96891 -2.4704
-10.0035 -2.26712
-9.92579 -2.16806
-9.86886 -1.91633
-9.84426 -2.14239
-9.75403 -1.7743
-9.70662 -1.50159
-9.61694 -1.51273
-9.60629 -1.28681
-9.44464 -1.19826
-9.5183 -1.10991
-9.58358 -1.0652
-9.42289 -0.867085
-9.5073 -0.785329
-9.65647 -1.02457
-9.58842 -0.767109
-9.50734 -0.592898
-9.55035 -0.51932
-9.41102 -0.352552
-9.42555 -0.223101
-9.33335 -0.129177
-9.31287 0.0442102
-9.22508 0.0420181
-9.17903 0.226417
-9.05118 0.474452
-9.05623 0.629648
-8.94717 0.719023
-8.89693 0.69128
-8.81333 0.925308
-8.91989 0.870715
-8.81013 1.05498
-8.86954 1.05087
-9.02499 0.802109
-8.94572 1.01975
-8.83175 1.20412
-8.71176 1.26534
-8.72872 1.37334
-8.5697 1.54014
-8.68962 1.49715
-8.55902 1.73918
-8.70057 1.62312
-8.57891 1.84261
-8.51596 1.93841
-8.43834 2.04006
-8.16238 2.61092
-8.23429 2.4477
-8.08985 2.60156
-8.12337 2.75838
-7.98664 2.68636
-7.99191 2.86302
-8.05226 2.88523
-7.93636 3.02047
-7.85434 2.91453
-7.79138 3.03409
-7.64217 3.11907
-7.71483 2.96122
-7.53945 3.00904
-7.4321 3.22878
-7.40895 3.37952
-7.29437 3.37504
-7.23676 3.4888
-7.17063 3.43797
-7.05886 3.56113
-6.92038 3.67945
-6.87415 3.58573
-6.71187 3.69844
-6.76132 3.81316
-6.56542 3.80418
-6.56515 3.87356
-6.43965 3.8431
-6.36688 3.92194
-6.1644 3.95764
-6.29289 3.83824
-6.10756 3.8431
-5.95734 3.97775
-5.89988 3.81321
-5.81501 3.90345
-5.76516 3.96408
-5.44067 3.91402
-5.573 3.9429
-5.36484 3.86015
-5.47203 3.78926
-5.61482 3.76474
-5.7312 3.8473
-5.72119 3.91482
-5.76211 3.73151
-5.89033 3.61927
-5.6713 3.58155
-5.79644 3.46293
-5.96774 3.41709
-5.84561 3.30605
-5.95914 3.27815
-6.10704 3.2213
-6.12044 3.41401
-6.23636 3.34211
-6.23399 3.4906
-6.31274 3.41529
-6.42743 3.49263
-6.38143 3.29759
-6.59504 3.24468
-6.46559 3.09621
-6.62584 2.97774
-6.73475 3.03044
-6.77941 2.81744
-6.87444 2.90151
-6.8045 3.13032
-7.00756 2.97063
-6.92673 3.22687
-7.07954 3.0972
-7.16759 2.90855
-7.25266 2.99356
-7.07084 3.27934
-7.33007 3.11199
-7.36764 2.95864
-7.45004 2.94487
-7.55382 2.85772
-7.47029 2.78083
-7.67885 2.72699
-7.65497 2.87027
-7.77923 2.82657
-7.84416 2.68528
-7.80359 2.53813
-7.92006 2.56308
-8.02712 2.51014
-7.94057 2.41217
-8.08718 2.36667
-8.20794 2.21847
-8.03734 2.21045
-8.18893 2.0766
-8.3654 1.98183
-8.26697 1.92233
-8.41832 1.79202
-8.37338 1.71808
-8.18562 1.87479
-8.13326 2.04344
-8.00525 2.06958
-7.80976 2.30886
-7.65194 2.55989
-7.54413 2.47636
-7.33532 2.7369
-7.39056 2.50941
-7.19824 2.6636
-7.37757 2.32827
-7.13043 2.40716
-7.02493 2.73027
-6.92999 2.67851
-6.85066 2.53349
-6.68154 2.77385
-6.62509 2.65551
-6.53391 2.88135
-6.43863 2.79546
-6.39572 2.98367
-6.27148 2.97648
-6.3033 3.15934
-6.10322 2.95731
-5.93684 3.14252
-5.9176 2.92561
-5.72511 3.11639
-5.70772 3.3558
-5.57999 3.27537
-5.61249 3.43882
-5.50121 3.36932
-5.39793 3.21779
-5.39153 3.40493
-5.50919 3.5031
-5.39069 3.52346
-5.47436 3.64334
-5.30537 3.58513
-5.33586 3.72131
-5.18688 3.6314
-5.20683 3.7737
-5.06239 3.6961
-5.18013 3.78085
-4.80099 3.64877
-5.31497 3.87832
-3.70858 2.51052
-3.61583 2.34736
-3.60584 2.17777
-3.69784 2.33151
-3.81722 2.62261
-3.94376 2.75936
-4.39781 3.32311
-4.31267 3.15452
-4.22068 3.0334
-4.07456 2.89594
-4.07379 2.72686
-3.96332 2.6227
-3.97871 2.47798
-3.85969 2.27505
-3.75886 2.27965
-3.77706 2.10367
-3.66697 2.05596
-3.73916 1.90391
-3.59223 1.69654
-3.54541 1.92375
-3.58078 2.0443
-3.50028 1.79082
-2.98176 0.0297573
-3.08729 0.279868
-3.06748 0.030073
-2.94493 -0.226378
-2.99147 -0.259133
-2.89106 -0.503391
-2.97596 -0.478898
-3.11929 -0.122756
-3.08792 -0.393949
-3.22207 -0.203474
-3.10645 -0.574962
-3.23907 -0.505871
-3.32186 -0.191568
-3.37086 -0.355604
-3.33799 -0.616969
-3.50094 -0.401067
-3.44668 -0.0817943
-3.59396 -0.0238533
-3.73742 -0.189118
-3.63422 -0.51451
-3.78642 -0.510512
-3.99187 -0.234275
-3.92932 0.141807
-4.08518 0.120281
-4.07732 0.371262
-4.24937 0.342126
-4.198 -0.00723708
-4.37306 0.120264
-4.4632 0.419281
-4.38696 0.672672
-4.54743 0.684064
-4.52309 0.911583
-4.37131 0.985672
-4.53169 1.1687
-4.40092 1.36602
-4.61165 1.45336
-4.5324 1.70882
-4.69116 1.69266
-4.81904 1.51906
-4.83197 1.79403
-4.67929 1.94705
-4.85806 2.00284
-5.01885 1.87744
-4.97603 2.18929
-4.77606 2.19771
-4.87312 2.47523
-5.11825 2.44263
-5.06365 2.66525
-5.13786 2.58737
-5.23234 2.65272
-5.16646 2.81197
-5.05223 2.90158
-5.24379 2.99491
-5.24818 2.82873
-5.35581 2.84057
-5.41545 3.01555
-5.55379 2.89278
-5.45757 2.6212
-5.32242 2.39737
-5.22099 2.10781
-5.41261 2.17472
-5.50618 2.34441
-5.57286 2.08773
-5.68078 2.25666
-5.61017 2.47245
-5.65936 2.65559
-5.76528 2.43917
-5.83504 2.61633
-5.93558 2.40548
-6.00264 2.55335
-6.07779 2.36034
-6.18333 2.42356
-6.22994 2.15812
-6.05781 2.2059
-6.15257 1.91842
-5.90305 2.13828
-5.98317 1.72991
-5.76043 1.96382
-5.78679 1.67218
-5.63957 1.85704
-5.45031 1.87015
-5.62758 1.65119
-5.49165 1.56962
-5.37702 1.68116
-5.24139 1.77135
-5.05932 1.54584
-4.9351 1.6893
-4.90602 1.20406
-4.68915 1.22351
-4.70272 0.90499
-4.60882 1.05528
-4.89011 0.921648
-4.82354 0.718903
-4.67905 0.515741
-4.90287 0.489031
-4.98487 0.763258
-5.09657 0.587336
-5.16757 0.83651
-5.30768 0.647143
-5.35105 0.929298
-5.42916 0.775065
-5.53485 0.887106
-5.44134 1.07053
-5.53217 1.23637
-5.72481 0.952847
-5.75103 1.24364
-5.63224 1.44151
-5.7536 1.46683
-5.95102 1.32275
-5.88488 1.02281
-6.07948 0.878987
-6.20687 1.14554
-6.30143 0.831702
-6.44027 1.04157
-6.45107 0.763421
-6.58767 0.780779
-6.6792 1.03973
-6.5079 1.34776
-6.7111 1.35423
-6.53226 1.63753
-6.7443 1.66958
-6.50831 1.90715
-6.62906 1.98307
-6.81371 1.85049
-6.73403 2.10525
-6.93158 1.89239
-6.95149 2.10375
-6.73038 2.38019
-6.89201 2.31501
-7.01472 2.26782
-7.21351 2.0097
-7.41955 2.05568
-7.50118 1.73219
-7.31311 1.72913
-7.11717 1.81801
-7.24393 1.60768
-7.03371 1.60391
-7.28743 1.40096
-7.16469 1.28083
-6.95299 1.28684
-7.19245 0.958006
-7.35299 1.13323
-7.42764 0.879048
-7.58789 1.00235
-7.60262 0.683165
-7.80698 0.748716
-7.79864 1.01081
-7.64237 1.24527
-7.84443 1.22137
-8.01277 0.935065
-8.03388 1.24636
-8.1736 0.997309
-8.21726 1.10689
-8.18943 1.30177
-8.36147 1.079
-8.30444 1.35548
-8.48515 1.09194
-8.44005 1.30334
-8.31624 1.52175
-8.50969 1.39768
-8.58366 1.10059
-8.67283 1.1193
-8.75477 0.886903
-8.73533 1.12969
-8.66367 1.24518
-8.67262 0.77584
-8.82489 0.656586
-8.96147 0.469485
-8.86939 0.461441
-9.00635 0.268774
-8.95917 0.137954
-8.75544 0.432091
-8.57495 0.656247
-8.51833 0.898174
-8.44195 0.84906
-8.31443 0.914546
-8.42205 0.696397
-8.24407 0.7456
-8.40519 0.487571
-8.52287 0.505654
-8.65419 0.40724
-8.58533 0.285282
-8.7857 0.121474
-8.67519 -0.00381613
-8.4718 0.167487
-8.29009 0.400411
-8.26724 0.565255
-8.13548 0.608413
-8.17414 0.367023
-7.99734 0.462793
-7.96359 0.730095
-7.89393 0.864189
-7.78479 0.431142
-7.95876 0.14217
-8.14312 0.153919
-8.1402 -0.172141
-8.29467 -0.0781578
-8.29718 0.167265
-8.42317 -0.0379671
-8.58832 -0.178613
-8.45506 -0.300377
-8.61036 -0.439944
-8.77689 -0.452701
-8.73259 -0.213663
-8.8624 -0.252389
-8.99161 -0.610009
-9.06205 -0.464618
-9.00235 -0.182868
-9.22161 -0.487443
-9.12208 -0.169013
-9.14452 0.0095948
-9.29099 -0.32676
-9.28234 -0.151208
-9.42197 -0.536316
-9.37754 -0.60322
-9.21891 -0.804445
-9.2549 -1.08739
-9.10418 -0.918665
-8.90637 -0.792468
-9.0232 -1.07891
-8.85208 -0.981924
-8.70419 -0.724686
-8.7113 -1.08201
-8.53277 -0.786779
-8.53802 -0.556649
-8.40736 -0.536536
-8.30882 -0.313014
-8.24597 -0.503196
-8.07097 -0.479368
-7.92691 -0.173707
-7.88306 -0.47962
-7.7294 -0.204205
-7.73732 0.12591
-7.56316 0.0253303
-7.54401 -0.242758
-7.40568 -0.0326101
-7.34651 -0.263979
-7.1972 0.0440375
-7.37634 0.264368
-7.17089 0.32088
-7.03835 0.259697
-6.9352 0.00611186
-6.86279 0.406803
-7.04068 0.488363
-6.92206 0.656034
-6.76533 0.720638
-6.87833 0.888732
-7.0642 0.750721
-6.98411 1
-7.21394 0.707427
-7.38895 0.599702
-7.20872 0.523149
-7.48435 0.377082
-7.55933 0.242933
-7.59721 0.407905
-6.84283 1.11968
-6.65397 0.504961
-6.51764 0.591202
-6.49415 0.326263
-6.38789 0.575909
-6.32712 0.364318
-6.22302 0.574371
-6.1712 0.24939
-6.05903 0.541758
-5.90992 0.295879
-5.89798 0.717123
-5.70708 0.603098
-5.73922 0.354982
-5.60335 0.375746
-5.50129 0.61833
-5.41179 0.385122
-5.19549 0.349599
-5.34357 0.147366
-5.18373 0.0106982
-4.9952 0.200137
-5.04233 0.411492
-4.77125 0.201666
-4.87979 0.0194634
-5.00314 -0.118885
-4.84077 -0.178057
-4.76578 -0.0293083
-4.66735 -0.211307
-4.64902 0.0128952
-4.48246 -0.109071
-4.56506 0.194054
-4.30346 -0.119172
-4.31768 -0.357265
-4.17486 -0.256536
-4.11009 -0.571479
-3.9198 -0.589753
-3.92318 -0.865229
-4.13237 -1.00183
-4.35562 -0.701767
-4.33954 -0.99852
-4.50823 -0.96134
-4.58631 -0.659577
-4.51179 -0.407571
-4.66479 -0.439119
-4.7764 -0.58547
-4.77693 -0.357063
-4.92302 -0.39656
-4.97688 -0.786485
-4.72346 -0.906319
-4.8564 -1.24743
-4.61057 -1.23654
-4.49062 -1.16063
-4.41059 -1.13287
-4.42013 -1.35947
-4.26433 -1.23955
-4.22629 -1.55247
-4.04601 -1.44124
-3.89245 -1.22272
-3.83717 -1.54019
-3.66547 -1.43538
-3.72477 -1.03551
-3.80816 -0.75486
-3.66511 -0.752535
-3.55726 -0.961865
-3.52509 -0.709263
-3.4415 -0.893723
-3.41933 -0.712509
-3.30987 -0.937919
-3.22611 -0.798497
-3.13476 -1.09353
-3.09671 -0.845494
-2.94061 -1.25168
-2.99189 -0.884086
-2.98774 -0.654404
-2.91317 -0.884512
-2.86217 -1.11195
-2.8101 -1.02122
-2.88179 -0.767965
-2.75877 -0.946074
-2.83338 -0.78392
-2.87254 -0.650001
-2.7898 -0.768941
-2.77655 -0.679668
-2.82834 -0.44295
-2.74371 -0.597736
-2.90211 -0.208856
-2.65516 -0.743006
-2.58261 -0.901444
-2.65875 -0.875035
-2.54529 -1.14669
-2.55632 -1.16599
-2.69876 -0.873822
-2.56851 -1.19543
-2.48025 -1.35487
-2.56513 -1.23302
-2.44904 -1.48597
-2.51278 -1.5385
-2.61526 -1.36252
-2.69297 -1.16341
-2.72733 -1.24428
-2.67115 -1.4071
-2.75052 -1.41497
-2.59812 -1.60788
-2.66253 -1.76306
-2.56122 -1.88848
-2.57636 -2.00994
-2.47237 -2.15877
-2.56416 -2.23409
-2.64458 -2.01093
-2.69241 -2.19561
-2.58413 -2.55373
-2.72356 -2.51249
-2.82033 -2.2293
-2.828 -2.47747
-2.94883 -2.25409
-2.90443 -2.62752
-2.78271 -2.77774
-2.86455 -2.91286
-2.80035 -3.03328
-2.85653 -3.21033
-2.96964 -2.90309
-2.99535 -3.31264
-3.13233 -2.87989
-3.16157 -3.25834
-3.29086 -2.9659
-3.31949 -3.24478
-3.41216 -3.00585
-3.48197 -2.69456
-3.5688 -2.95068
-3.68031 -2.71636
-3.78292 -2.90829
-3.89488 -2.56246
-4.04625 -2.88824
-3.88266 -3.12677
-4.05035 -3.19829
-4.23724 -3.10749
-4.32955 -2.78445
-4.36965 -3.05715
-4.51309 -3.05411
-4.57426 -2.72519
-4.75016 -3.05188
-4.76478 -2.69994
-4.90344 -2.8489
-4.98496 -3.15894
-5.10566 -2.83784
-4.92937 -2.50249
-5.12904 -2.4783
-5.3323 -2.58822
-5.2916 -2.98497
-5.44468 -2.93755
-5.52804 -2.66439
-5.6221 -2.90718
-5.70574 -2.51584
-5.55592 -2.3457
-5.76446 -2.08327
-5.93769 -2.30208
-5.83498 -2.78506
-6.02271 -2.61117
-6.17735 -2.23496
-6.06991 -2.02328
-6.16362 -1.69357
-6.32343 -1.88628
-6.35756 -1.59304
-6.51414 -1.78402
-6.38254 -2.14485
-6.55315 -2.27419
-6.68662 -1.96261
-6.77864 -2.24138
-6.87426 -1.90635
-6.74066 -1.63702
-6.95659 -1.56902
-6.82103 -1.23898
-7.04485 -1.27938
-7.00514 -0.925763
-7.24912 -1.12846
-7.19298 -0.816304
-7.07068 -0.594851
-6.90804 -0.639184
-6.92054 -0.370887
-6.79304 -0.523616
-6.71871 -0.250551
-6.67326 -0.570634
-6.51725 -0.460203
-6.52369 -0.0536443
-6.6972 0.165601
-6.35352 0.101263
-6.36747 -0.223283
-6.23986 -0.0597366
-6.08466 -0.0789562
-6.22425 -0.344518
-6.06827 -0.445875
-5.88412 -0.178487
-5.71732 0.133896
-5.64741 -0.21495
-5.52034 0.11788
-5.39551 -0.175468
-5.52351 -0.444295
-5.37126 -0.52104
-5.1605 -0.395249
-5.2539 -0.840687
-5.10035 -1.14972
-5.24553 -1.13724
-5.38205 -1.12888
-5.50423 -0.785224
-5.59415 -1.14359
-5.69781 -0.874306
-5.67362 -0.576064
-5.83579 -0.729658
-5.84262 -1.1621
-6.02904 -0.8287
-6.08708 -1.23092
-6.16899 -0.997472
-6.30264 -1.19877
-5.96563 -1.53484
-5.96808 -1.88993
-5.85402 -1.75371
-5.81706 -1.53122
-5.65957 -1.47507
-5.44974 -1.45651
-5.49663 -1.81161
-5.2973 -1.75494
-5.22691 -1.41769
-5.07182 -1.80342
-5.0218 -1.4615
-4.84706 -1.67414
-4.69057 -1.52092
-4.58684 -1.91924
-4.53802 -1.54506
-4.37828 -1.71429
-4.31475 -2.07105
-4.17973 -1.86917
-4.0724 -1.72474
-4.01825 -1.96282
-3.88908 -1.81151
-3.84008 -2.19723
-3.70715 -2.03423
-3.69423 -1.77673
-3.49741 -2.06556
-3.51563 -1.7524
-3.42824 -1.47853
-3.5546 -1.21276
-3.42331 -1.13713
-3.23548 -1.32493
-3.24486 -1.64942
-3.34564 -1.82889
-3.20737 -1.88928
-3.2258 -2.08751
-3.35701 -2.03234
-3.29506 -2.26875
-3.43001 -1.91862
-3.3912 -2.42939
-3.2332 -2.54695
-3.08558 -2.45336
-3.29835 -2.70315
-3.5988 -2.3164
-3.69293 -2.49277
-4.09137 -2.21741
-4.15107 -2.54834
-4.25551 -2.34297
-4.4308 -2.38815
-4.29196 -2.5121
-3.09586 -2.07457
-3.01304 -1.96514
-2.91327 -1.97111
-3.01067 -1.73402
-3.117 -1.81164
-3.13064 -1.58503
-3.04451 -1.43518
-2.88347 -1.68179
-2.79101 -1.58906
-2.74524 -1.86654
-2.80966 -1.98512
-4.68338 -2.38377
-4.86296 -2.08039
-5.06929 -2.19097
-5.20231 -2.00755
-5.24449 -2.24748
-5.33294 -2.006
-5.42408 -2.17573
-5.59125 -2.03669
-5.70506 -1.77491
-6.22605 -0.734119
-6.41448 -0.806948
-6.35013 -0.515731
-6.58695 -0.809394
-6.5045 -1.11642
-6.65634 -1.07497
-6.77333 -0.822559
-6.61281 -1.37915
-6.45836 -1.41594
-5.93137 -0.522569
-5.79903 -0.437998
-7.12506 -0.284672
-7.299 -0.58455
-7.51015 -0.509089
-7.50362 -0.790613
-7.64936 -0.705893
-7.69483 -0.480683
-7.81632 -0.751177
-8.02093 -0.799277
-7.91904 -1.04139
-7.70324 -0.996343
-7.83397 -1.28465
-7.66143 -1.31006
-7.49136 -1.08263
-7.34997 -0.876647
-7.45815 -1.40436
-7.21313 -1.55115
-7.44203 -1.73085
-7.67182 -1.63743
-7.77398 -1.4534
-7.90079 -1.57137
-8.02044 -1.32294
-8.12185 -1.65353
-7.97998 -1.77104
-7.84522 -1.87258
-8.02944 -1.99195
-7.86223 -2.13439
-7.59424 -2.13121
-7.8314 -2.42428
-7.98319 -2.26309
-8.00363 -2.46755
-8.15554 -2.30266
-8.24756 -1.95759
-8.36049 -2.19292
-8.38897 -1.95255
-8.53806 -2.01293
-8.50677 -2.38192
-8.32248 -2.57325
-8.5051 -2.68599
-8.60671 -2.52709
-8.71453 -2.33059
-8.69765 -2.73157
-8.89048 -2.56251
-8.90966 -2.89032
-9.16609 -2.64818
-8.95177 -2.26893
-9.12726 -2.23556
-9.00732 -2.01687
-9.17727 -1.99156
-9.34044 -2.31017
-9.36503 -1.97494
-9.18603 -1.71325
-9.00503 -1.7564
-9.01604 -1.51111
-8.82149 -1.47733
-8.93358 -1.24793
-9.15515 -1.38811
-9.17374 -1.16375
-9.3301 -1.34524
-9.38046 -1.68155
-9.51077 -1.55277
-9.57915 -1.83337
-9.644 -1.73286
-9.70787 -1.97715
-9.6326 -2.08906
-9.50582 -1.96014
-9.54699 -2.22547
-9.66528 -2.26464
-9.75819 -2.27575
-9.70084 -2.47298
-9.84406 -2.56955
-9.86666 -2.40455
-9.91264 -2.55385
-9.87256 -2.80379
-9.79346 -2.70856
-9.82166 -2.94251
-9.69663 -2.75184
-9.54652 -2.52629
-9.41191 -2.61939
-9.39642 -2.83648
-9.55132 -2.81297
-9.51056 -3.12306
-9.30643 -3.0244
-9.33369 -3.38403
-9.06802 -3.18039
-9.06499 -3.73666
-8.80461 -3.49869
-8.87937 -3.1604
-8.72807 -3.12276
-8.5603 -3.4574
-8.50678 -3.05471
-8.37294 -2.8629
-8.31438 -3.10228
-8.2188 -2.90646
-8.09923 -2.6804
-8.06066 -2.97129
-7.96457 -2.86799
-7.92478 -2.66873
-7.85271 -2.86977
-7.79021 -2.70475
-7.64075 -2.61447
-7.70038 -2.95721
-7.49264 -2.91575
-7.41713 -2.56905
-7.30303 -2.28676
-7.27902 -1.95414
-7.0443 -2.23697
-7.07255 -1.8346
-7.18728 -2.59145
-7.00813 -2.61723
-6.86315 -2.54477
-6.67928 -2.58231
-6.78069 -2.84922
-6.91445 -2.79529
-6.88535 -3.02445
-7.05604 -2.96839
-6.93508 -3.28144
-6.76552 -3.22484
-6.85689 -3.51365
-6.73427 -3.56642
-6.59332 -3.35051
-6.61993 -2.95319
-6.42936 -3.04692
-6.51912 -2.67946
-6.34555 -2.57819
-6.22706 -3.01247
-6.15378 -2.69382
-6.00668 -3.05206
-6.15378 -3.39318
-5.96443 -3.54537
-5.73167 -3.30691
-5.53614 -3.18552
-5.52659 -3.47819
-5.38698 -3.25173
-5.36127 -3.59359
-5.19628 -3.28906
-5.19625 -3.69088
-5.06133 -3.4811
-4.88133 -3.44986
-5.02111 -3.80336
-4.79745 -3.7742
-4.62948 -3.42082
-4.5617 -3.78724
-4.71306 -4.12303
-4.91494 -4.03066
-4.90627 -4.2616
-4.78234 -4.45288
-5.00354 -4.47912
-5.05875 -4.16361
-5.25163 -4.34745
-5.18033 -3.99907
-5.33684 -3.95379
-5.47145 -4.19496
-5.51944 -4.52317
-5.71624 -4.2531
-5.54183 -3.85349
-5.78377 -3.8205
-5.63871 -3.62344
-5.92638 -4.16672
-6.02719 -3.93801
-6.13558 -3.72174
-6.24312 -4.01684
-6.32704 -3.69074
-6.30858 -3.32073
-6.44641 -3.45157
-6.60674 -3.83796
-6.43577 -4.0607
-6.61782 -4.3856
-6.84371 -4.26984
-6.87554 -3.84789
-7.01497 -4.17027
-7.09234 -3.89625
-7.19098 -4.22028
-7.29101 -3.92294
-7.38235 -4.20108
-7.37178 -4.00994
-7.44728 -3.89983
-7.37047 -3.63914
-7.19734 -3.55866
-7.37352 -3.27889
-7.54789 -3.52446
-7.55765 -3.18681
-7.6858 -3.27033
-7.88679 -3.15686
-7.75735 -3.53935
-7.9621 -3.5574
-8.13238 -3.25159
-8.13173 -3.65434
-8.32979 -3.45042
-8.23974 -3.87516
-8.41607 -3.80509
-8.59026 -3.85898
-8.44222 -4.10331
-8.31706 -4.11277
-8.3444 -4.46208
-8.55145 -4.27399
-8.4913 -4.69801
-8.68458 -4.44901
-8.69639 -4.85323
-8.97047 -4.35044
-8.76499 -4.0285
-9.20445 -4.02215
-9.34937 -3.73921
-9.37519 -4.00719
-9.53946 -3.85138
-9.49938 -4.16557
-9.28074 -4.28679
-9.43851 -4.35151
-9.60079 -4.42357
-9.72099 -4.08566
-9.81593 -4.34076
-9.91016 -4.16184
-9.86353 -3.94256
-9.98081 -3.94119
-9.88729 -3.77551
-9.74415 -3.74565
-9.84847 -3.57952
-9.95767 -3.65656
-9.88565 -3.31083
-10.0054 -3.52553
-10.0577 -3.7842
-10.1597 -3.95994
-10.0799 -4.02553
-10.034 -4.21574
-10.1107 -4.20483
-10.0828 -4.49489
-9.95539 -4.45551
-10.0039 -4.63758
-9.91109 -4.77218
-9.79108 -4.59445
-9.74858 -4.87335
-9.59554 -4.73737
-9.50626 -4.60666
-9.38095 -4.54517
-9.42857 -4.73019
-9.22839 -4.82863
-9.16586 -4.57265
-8.9727 -4.81218
-9.05539 -5.09165
-8.82035 -5.13034
-8.62686 -5.23963
-8.40372 -5.21228
-8.52675 -5.50912
-8.38173 -5.55413
-8.22643 -5.62167
-8.18643 -5.33439
-7.99973 -5.50284
-8.10954 -5.16831
-8.23343 -5.09322
-8.16132 -4.81573
-8.31804 -4.86895
-8.12566 -4.32428
-8.05381 -4.70715
-7.95069 -4.64164
-7.90793 -4.25993
-8.03746 -4.10084
-8.10662 -3.95892
-7.99666 -3.89283
-7.82957 -3.8871
-7.7007 -4.23209
-7.63546 -3.86652
-7.53887 -4.12665
-7.5233 -4.43264
-7.40405 -4.44601
-7.2938 -4.53439
-7.42354 -4.6119
-7.36788 -4.87596
-7.21334 -4.80599
-7.07364 -4.54249
-7.08844 -4.97837
-6.87232 -4.74966
-6.97008 -5.05062
-7.0502 -5.30604
-7.18881 -5.24038
-7.27365 -5.52351
-7.06625 -5.69963
-6.87796 -5.42865
-6.85525 -5.10537
-6.68002 -5.17737
-6.63936 -4.81213
-6.51329 -4.55728
-6.39528 -4.33791
-6.38626 -4.64979
-6.15956 -4.3187
-6.17897 -4.6182
-5.97767 -4.47093
-6.08085 -4.7395
-5.83049 -4.69336
-6.12116 -5.01248
-6.29041 -4.87229
-6.45223 -5.19361
-6.49896 -4.9552
-6.69206 -5.4608
-6.50655 -5.49052
-6.29093 -5.29893
-6.26637 -5.53232
-6.0491 -5.24102
-5.81574 -5.00376
-5.76658 -5.2184
-5.52373 -5.03484
-5.59097 -4.81229
-5.27498 -4.7833
-5.21524 -5.13266
-5.49404 -5.24946
-5.28368 -5.32121
-5.45992 -5.40951
-5.71672 -5.40967
-5.9711 -5.39856
-5.99747 -5.63141
-5.58437 -5.59521
-5.8081 -5.79382
-6.0619 -5.85757
-5.95571 -6.01463
-6.24747 -6.04485
-6.24094 -5.82566
-6.40852 -5.95998
-6.39915 -5.78757
-6.24079 -5.69001
-6.5515 -5.73673
-6.59172 -5.98248
-6.76679 -5.9136
-6.69056 -5.67521
-6.85686 -5.70878
-6.97008 -5.96572
-6.86556 -6.17107
-7.0586 -6.19518
-6.96968 -6.37452
-7.15521 -6.38048
-7.02419 -6.53263
-7.17111 -6.5633
-7.287 -6.45627
-7.32873 -6.24924
-7.43224 -6.42034
-7.50577 -6.18092
-7.41203 -5.99189
-7.27837 -6.02869
-7.32895 -5.83564
-7.22573 -5.83373
-7.42492 -5.74095
-7.50055 -5.45989
-7.58505 -5.84426
-7.66877 -5.5172
-7.658 -5.21529
-7.81669 -5.3245
-7.79598 -4.91597
-7.64445 -4.93222
-7.51344 -5.08631
-7.52764 -4.76562
-7.68755 -4.619
-7.78305 -4.42924
-7.82865 -4.58059
-7.98388 -5.02114
-7.36512 -5.22176
-7.24966 -5.07256
-7.27109 -5.27288
-7.78042 -5.69098
-7.88566 -5.92421
-8.05437 -5.83022
-8.00219 -6.03752
-8.16904 -5.98642
-8.03304 -6.19754
-8.17058 -6.20502
-8.3114 -6.09359
-8.40623 -5.81918
-8.50169 -6.08256
-8.5414 -5.89228
-8.62911 -5.72135
-8.74499 -5.43503
-8.8289 -5.63557
-8.92879 -5.46387
-8.93302 -5.29902
-9.1524 -5.34413
-9.02474 -5.59554
-9.2264 -5.56974
-9.35328 -5.42046
-9.41859 -5.20261
-9.25701 -5.08498
-9.4222 -4.93328
-9.58607 -5.01262
-9.57459 -5.19374
-9.70271 -5.15161
-9.83166 -5.00152
-9.823 -5.19921
-9.92681 -5.03058
-10.039 -4.84429
-9.97476 -5.11986
-10.0508 -5.11164
-10.1461 -4.87441
-10.11 -4.70176
-10.1757 -4.58946
-10.166 -4.30339
-10.2306 -4.38651
-10.226 -4.1569
-10.2492 -3.90569
-10.2884 -4.19119
-10.3254 -3.9736
-10.3384 -4.22796
-10.3649 -4.03047
-10.3872 -4.23274
-10.3943 -3.91918
-10.3552 -3.77431
-10.3744 -3.60366
-10.3247 -3.42428
-10.2958 -3.66611
-10.2781 -3.39062
-10.242 -3.48877
-10.2412 -3.65356
-10.4342 -4.08221
-10.4342 -4.36657
-10.4653 -4.20007
-10.4702 -4.44085
-10.4383 -4.67792
-10.4012 -4.51456
-10.3699 -4.74702
-10.3758 -4.94516
-10.4118 -4.92155
-10.4546 -4.8025
-10.4626 -4.61986
-10.4784 -4.6642
-10.4771 -4.46349
-10.4767 -4.46472
-10.4616 -4.28014
-10.4828 -4.30663
-10.4635 -4.11941
-10.4722 -4.2491
-10.4643 -4.07669
-10.4778 -4.19599
-10.4482 -4.42501
-10.4504 -4.29873
-10.4112 -4.52551
-10.4018 -4.26911
-10.4382 -4.11704
-8.96161 -6.36962
-8.76704 -6.45773
-9.03978 -6.52554
-9.12766 -6.37549
-9.1517 -6.27713
-9.25443 -6.30588
-9.22681 -6.39966
-9.43223 -6.30519
-9.33402 -6.18512
-9.51068 -6.09597
-9.65413 -5.98515
-9.74946 -5.91025
-9.60113 -6.04722
-9.61217 -6.14632
-9.72352 -6.11901
-9.82119 -5.96014
-9.8241 -6.01343
-9.92875 -5.85625
-9.87766 -6.03575
-9.77755 -6.14035
-9.76848 -6.19716
-9.83255 -6.15903
-9.93943 -5.99575
-9.90069 -6.1063
-9.97935 -5.97146
-9.91858 -6.09239
-9.79288 -6.24878
-9.88247 -6.12672
-10.0072 -5.95554
-9.94281 -6.03363
-9.8484 -6.14279
-9.83076 -6.17325
-9.90223 -6.06361
-10.0283 -5.862
-10.0678 -5.83248
-10.1386 -5.67987
-10.1513 -5.67335
-10.2267 -5.52877
-10.2237 -5.49145
-10.2844 -5.37249
-10.2897 -5.30634
-10.3508 -5.15675
-10.3074 -5.35602
-10.3739 -5.17007
-10.3524 -5.25475
-10.287 -5.40954
-10.3343 -5.23813
-10.3998 -5.04841
-10.3736 -5.08723
-10.415 -4.90813
-10.3687 -4.99169
-10.3265 -5.17575
-10.3053 -5.08493
-10.2563 -5.25253
-10.2405 -5.16406
-10.1622 -5.29465
-10.213 -5.16129
-10.2579 -5.02129
-10.3406 -4.61391
-10.3812 -4.43149
-10.3708 -4.60627
-10.3601 -4.70354
-10.4166 -4.79001
-10.4285 -4.66812
-10.4427 -4.79474
-10.462 -4.55788
-10.438 -4.87032
-10.4099 -5.00082
-10.3394 -4.8921
-10.3169 -4.72709
-10.2775 -4.82869
-10.1044 -5.41967
-10.1451 -5.49387
-10.205 -5.39784
-10.1804 -5.55616
-10.2571 -5.378
-10.188 -5.60432
-10.2181 -5.55953
-10.1228 -5.74631
-10.0757 -5.80993
-10.0366 -5.85368
-10.1117 -5.71152
-10.0731 -5.77321
-10.1009 -5.67653
-10.0081 -5.84775
-10.0405 -5.73499
-9.96769 -5.66755
-10.0856 -5.59809
-10.0475 -5.54087
-9.99025 -5.62429
-9.84274 -5.82832
-9.93039 -5.73912
-10.3066 -5.1558
-10.3116 -4.99037
-10.2376 -5.18483
-10.232 -5.33654
-10.1692 -5.37284
-10.1781 -5.49278
-10.1361 -5.65752
-10.1206 -5.57136
-10.0474 -5.76477
-10.0389 -5.66007
-10.0969 -5.41982
-10.1832 -5.20526
-10.13 -5.21078
-10.2129 -4.97579
-10.2539 -5.04542
-10.2957 -4.85366
-10.269 -4.7139
-10.3252 -4.63649
-10.3594 -4.58803
-10.3496 -4.44655
-10.2968 -4.45983
-10.2421 -4.58432
-10.2206 -4.75275
-10.1225 -5.10555
-10.048 -5.32472
-9.94129 -5.36367
-9.97529 -5.46435
-10.0043 -5.54561
-9.92244 -5.59016
-9.92622 -5.76297
-9.85858 -5.75538
-9.83698 -5.60535
-9.73566 -5.84467
-9.69038 -5.61626
-9.56757 -5.88738
-9.46755 -5.72231
-9.55229 -5.40916
-9.722 -5.36012
-9.82306 -5.40404
-9.90109 -5.22914
-9.3889 -5.568
-9.30658 -5.70396
-9.12432 -5.78133
-9.28748 -5.86567
-9.13029 -5.98127
-8.95815 -5.95331
-8.91327 -5.78393
-8.76029 -5.80044
-8.79374 -5.93334
-8.65 -5.91795
-8.68286 -6.04782
-8.65583 -6.19064
-8.50023 -6.32683
-8.29827 -6.30877
-8.35673 -6.48119
-8.18178 -6.50534
-8.06982 -6.37796
-7.99251 -6.5698
-7.91514 -6.44227
-7.80145 -6.52469
-7.81836 -6.35261
-7.93638 -6.32255
-7.89888 -6.18047
-7.76231 -6.16807
-7.63788 -6.38764
-7.64034 -6.12018
-7.72738 -5.96171
-7.64527 -6.64396
-7.49713 -6.56347
-7.3254 -6.60279
-7.44836 -6.70181
-7.27524 -6.74318
-7.15593 -6.69355
-7.04895 -6.64743
-6.99001 -6.74461
-7.10305 -6.79762
-6.90241 -6.84943
-6.83739 -6.76869
-6.88657 -6.65299
-6.70196 -6.72665
-6.70229 -6.56868
-6.88052 -6.51181
-6.78875 -6.37746
-6.56758 -6.3807
-6.6868 -6.19873
-6.48918 -6.14822
-6.74271 -6.07594
-6.35065 -6.27936
-6.14178 -6.20851
-6.2046 -6.39316
-6.39178 -6.44699
-6.30018 -6.55382
-6.4906 -6.56647
-6.39087 -6.68445
-6.15112 -6.6503
-6.13264 -6.50763
-5.99225 -6.50946
-5.99886 -6.37591
-6.0762 -6.30236
-5.94146 -6.20374
-5.7866 -6.07853
-5.64824 -5.93267
-5.60944 -6.08656
-5.40253 -5.98157
-5.4084 -5.84484
-5.5523 -5.76927
-5.30805 -5.70651
-5.22328 -5.49952
-4.97527 -5.66938
-4.94438 -5.48162
-5.05476 -5.3322
-4.78364 -5.34973
-4.94283 -5.19165
-4.73983 -5.12073
-4.98309 -4.98914
-4.77471 -4.87993
-4.4854 -4.9545
-4.64855 -4.68476
-4.4458 -4.63846
-4.55786 -4.40794
-4.31953 -4.39067
-4.41127 -4.07954
-4.16359 -4.11155
-4.24223 -3.93564
-4.32601 -3.76309
-4.43622 -3.53883
-4.20374 -3.44224
-4.40721 -3.2734
-4.06589 -3.78453
-3.901 -3.43104
-3.80224 -3.72494
-3.67009 -3.52812
-3.66386 -3.22513
-3.45261 -3.47248
-3.46793 -3.18018
-3.23346 -3.57356
-3.37406 -3.75297
-3.58366 -3.7985
-3.4315 -3.97656
-3.24722 -3.93141
-3.37017 -4.14169
-3.52922 -4.18088
-3.59778 -4.04266
-3.6616 -4.17225
-3.70742 -4.37167
-3.4701 -4.37633
-3.64916 -4.57557
-3.84084 -4.68208
-3.96694 -4.51167
-3.84463 -4.09864
-4.10595 -4.36331
-4.22973 -4.68007
-4.05273 -4.83033
-4.23951 -4.97662
-4.3148 -5.2379
-4.54764 -5.2742
-4.44482 -5.44623
-4.60431 -5.44746
-4.74605 -5.54802
-4.55229 -5.59229
-4.69598 -5.72179
-4.84878 -5.83225
-5.12576 -5.8835
-4.84818 -5.98118
-5.03751 -6.0575
-5.22991 -6.03361
-5.41587 -6.14166
-5.19106 -6.14172
-5.31648 -6.24917
-5.53605 -6.31115
-5.65374 -6.23178
-5.7633 -6.17377
-5.82847 -6.2785
-5.78871 -6.39697
-5.64308 -6.46594
-5.4104 -6.38938
-5.49186 -6.52364
-5.74165 -6.59566
-5.88756 -6.5742
-5.88168 -6.65156
-6.01044 -6.7009
-5.88497 -6.71157
-6.06136 -6.78333
-6.00766 -6.81025
-5.82127 -6.75983
-5.66075 -6.64428
-5.58395 -6.67972
-5.43087 -6.60478
-5.35645 -6.65603
-5.24375 -6.5893
-5.09821 -6.61289
-5.07906 -6.51787
-5.27218 -6.51179
-5.08981 -6.41394
-5.29355 -6.43287
-5.20676 -6.32909
-5.14654 -6.22539
-5.00185 -6.26592
-5.03765 -6.1626
-4.84795 -6.1474
-4.8159 -6.27068
-4.61813 -6.225
-4.64131 -6.053
-4.4571 -6.08191
-4.48212 -5.94284
-4.35394 -5.96806
-4.34794 -5.85648
-4.18317 -5.87026
-4.26903 -5.68232
-4.47723 -5.76369
-4.39722 -5.60099
-4.28388 -5.47815
-4.14765 -5.51071
-4.13563 -5.32856
-3.97658 -5.38802
-3.97319 -5.17631
-3.82506 -5.1844
-3.82692 -5.03389
-3.67788 -4.99714
-3.70613 -4.8088
-3.92147 -4.95156
-4.11135 -5.09879
-3.46787 -4.77188
-3.5232 -4.60884
-3.33141 -4.49613
-3.25289 -4.22728
-3.1221 -4.35033
-3.06508 -4.03513
-3.10809 -3.7707
-3.08033 -3.53848
-2.97852 -3.72933
-2.86218 -3.60666
-2.89528 -3.79996
-2.91481 -3.95497
-2.93367 -4.21297
-2.8169 -4.0277
-2.84432 -3.85175
-2.74232 -3.79704
-2.73858 -3.44919
-2.76054 -3.2035
-2.70954 -3.24541
-2.73053 -3.04416
-2.65377 -3.12755
-2.65373 -2.85269
-2.54362 -3.1093
-2.56492 -2.82768
-2.48888 -2.7888
-2.4719 -2.47289
-2.37836 -2.68076
-2.39728 -3.01908
-2.45675 -3.36291
-2.55559 -3.47985
-2.49815 -3.59104
-2.562 -3.74772
-2.48909 -3.7269
-2.51991 -3.86869
-2.60189 -3.97212
-2.64782 -3.85549
-2.70602 -4.05139
-2.63726 -3.63056
-2.65567 -4.18612
-2.73338 -4.21607
-2.80064 -4.21815
-2.77776 -4.3794
-2.88447 -4.3735
-3.02425 -4.47559
-2.93146 -4.55763
-3.12105 -4.72762
-3.21949 -4.61267
-3.32009 -4.84447
-3.24457 -4.88617
-3.38041 -5.06599
-3.18448 -4.92054
-3.26945 -5.07004
-3.39872 -5.24217
-3.25489 -5.14747
-3.15527 -4.98627
-3.10145 -5.01111
-3.00559 -4.79564
-2.94867 -4.88066
-2.85821 -4.69696
-2.85112 -4.59011
-2.73839 -4.52081
-2.6729 -4.34359
-2.60013 -4.23478
-2.53438 -4.04383
-2.5302 -4.19188
-2.44321 -3.98606
-2.43155 -3.78638
-2.36857 -3.81549
-2.34233 -3.63963
-2.36226 -3.55529
-2.42757 -3.56931
-2.35231 -3.32768
-2.29693 -3.41383
-2.28395 -3.22745
-2.29927 -3.06207
-2.30209 -2.80306
-2.22303 -2.90405
-2.25285 -2.56872
-2.30953 -2.58486
-2.36812 -2.4245
-2.26624 -2.44758
-2.3703 -2.2107
-2.461 -1.89115
-2.33987 -2.127
-2.36181 -1.77351
-2.43797 -1.66288
-2.3976 -1.62367
-2.55292 -1.11701
-2.56225 -1.09756
-2.29055 -2.28465
-2.31941 -2.1214
-2.32278 -2.01435
-2.32059 -2.01434
-2.34868 -1.9087
-2.16867 -2.66531
-2.16364 -2.89681
-2.13408 -2.7367
-2.19612 -3.69191
-2.23427 -3.81014
-2.17704 -3.54847
-2.31082 -3.91725
-2.35086 -4.09951
-2.42508 -4.2106
-2.42664 -4.09638
-2.36526 -3.90249
-2.27658 -3.72599
-2.31984 -3.70976
-2.23419 -3.54486
-2.28232 -3.51281
-2.26343 -3.38738
-2.23497 -3.24277
-2.22292 -3.37903
-2.16275 -3.19609
-2.1695 -3.00376
-2.23644 -3.0888
-2.16119 -3.38513
-2.54741 -4.35081
-2.61598 -4.37106
-2.65889 -4.54023
-2.78738 -4.70884
-2.71605 -4.71861
-2.61913 -4.52621
-2.61137 -4.59148
-2.53054 -4.42298
-2.43265 -4.35966
-2.499 -4.47635
-2.67043 -4.71494
-2.7517 -4.81529
-2.79811 -4.89962
-2.90929 -5.04217
-2.91735 -5.0533
-3.08757 -5.2251
-3.14173 -5.27976
-2.9782 -5.06188
-3.16235 -5.25153
-3.2901 -5.43699
-3.3883 -5.49858
-3.4494 -5.65817
-3.57415 -5.71997
-3.50169 -5.55866
-3.34117 -5.37475
-3.42103 -5.37624
-3.22408 -5.20311
-3.08717 -5.06469
-2.99743 -5.02661
-2.87545 -4.8771
-2.83391 -4.90599
-3.67759 -5.65944
-3.61946 -5.69407
-3.71614 -5.81734
-3.8186 -5.8639
-3.86317 -5.83653
-3.94626 -5.97484
-3.86832 -6.00487
-4.03476 -6.12694
-3.98372 -6.15979
-4.14221 -6.2962
-3.98745 -6.26172
-4.15947 -6.39531
-4.28341 -6.42265
-4.29176 -6.4735
-4.39669 -6.50761
-4.36794 -6.53915
-4.47475 -6.57178
-4.47803 -6.59404
-4.599 -6.62245
-4.54394 -6.55267
-4.74044 -6.60716
-4.7499 -6.6565
-4.86133 -6.64867
-4.94232 -6.63302
-4.9798 -6.67324
-5.1256 -6.65213
-4.87218 -6.54637
-5.06189 -6.65858
-5.19397 -6.66945
-5.13089 -6.67207
-5.23725 -6.68643
-5.04314 -6.68429
-5.04734 -6.69626
-4.89139 -6.6983
-4.90888 -6.66411
-4.78584 -6.67333
-4.63262 -6.64319
-4.76133 -6.6808
-4.68557 -6.68597
-4.82987 -6.69631
-4.71594 -6.66766
-4.54016 -6.63653
-4.52712 -6.61254
-4.40729 -6.5925
-4.38261 -6.5568
-4.47195 -6.59513
-4.34051 -6.52785
-4.24404 -6.47872
-4.1727 -6.42564
-4.26336 -6.47738
-4.02361 -6.31765
-4.06557 -6.32395
-4.13247 -6.39058
-4.00111 -6.29434
-3.93484 -6.23571
-3.83993 -6.14183
-3.81172 -6.10725
-3.71029 -5.98725
-3.72944 -5.99672
-3.861 -6.16061
-3.7344 -5.98667
-3.59691 -5.84118
-3.62768 -5.82845
-3.44366 -5.6695
-3.32288 -5.4973
-3.27662 -5.45163
-3.44802 -5.66504
-3.59018 -5.84228
-3.58327 -5.84283
-3.70819 -5.99169
-3.57751 -5.81828
-3.46563 -5.66451
-3.48724 -5.68122
-3.32023 -5.48586
-3.33063 -5.47903
-3.17533 -5.3379
-3.18065 -5.34914
-3.0678 -5.23238
-3.03297 -5.16967
-2.87335 -4.98425
-2.76376 -4.85495
-2.74053 -4.81409
-2.60427 -4.64656
-2.40211 -4.29495
-2.37809 -4.23669
-2.35377 -4.18306
-2.32998 -4.08033
-2.37697 -4.21491
-2.26351 -3.94402
-2.28537 -4.06076
-2.2624 -3.96792
-2.33326 -4.18023
-2.98816 -5.10127
-3.0575 -5.18353
-3.11288 -5.23048
-8.5819 -6.52507
-8.40986 -6.61156
-8.61968 -6.59771
-8.79084 -6.64676
-8.51461 -6.76171
-8.78829 -6.78115
-8.932 -6.68985
-8.93043 -6.73775
-9.04799 -6.68823
-8.95297 -6.78916
-9.14343 -6.70286
-9.22252 -6.59113
-9.27065 -6.63637
-9.36553 -6.58105
-9.3812 -6.59809
-9.24219 -6.69544
-9.27899 -6.70062
-9.45338 -6.57032
-9.54034 -6.47628
-9.49721 -6.46971
-9.59041 -6.38919
-9.65517 -6.30187
-9.52095 -6.37791
-9.5927 -6.2539
-9.38412 -6.46737
-9.27356 -6.47051
-9.6892 -6.32682
-9.60776 -6.42872
-9.65357 -6.37776
-9.51413 -6.53149
-9.5507 -6.48724
-9.39267 -6.62209
-9.41972 -6.57766
-9.22092 -6.71594
-9.28497 -6.63177
-9.11624 -6.71726
-9.21871 -6.6211
-9.40945 -6.52021
-9.33941 -6.48414
-9.56548 -6.35499
-9.56653 -6.42759
-9.69691 -6.26663
-9.73001 -6.18268
-9.62963 -6.2309
-9.72726 -6.0924
-9.57916 -6.1831
-9.50574 -6.32397
-9.36745 -6.34825
-9.46364 -6.19366
-9.59303 -6.04272
-9.4394 -6.0861
-9.39311 -5.95669
-9.27505 -6.11938
-9.25476 -6.01336
-9.15016 -6.105
-8.96936 -6.13526
-9.09378 -6.23475
-8.86116 -6.33006
-8.79116 -6.22173
-8.66938 -6.3441
-8.8049 -6.08316
-8.70154 -6.45373
-8.5247 -6.49769
-8.64307 -6.57926
-8.80649 -6.46922
-8.83924 -6.55066
-8.67259 -6.67198
-8.51882 -6.69276
-8.44806 -6.63835
-8.36712 -6.74018
-8.29539 -6.67037
-8.37604 -6.58757
-8.26587 -6.58858
-8.15141 -6.64476
-8.19505 -6.75095
-8.02261 -6.72405
-7.84538 -6.6831
-7.89772 -6.80771
-7.73808 -6.76633
-7.56343 -6.80178
-7.38079 -6.79198
-7.39098 -6.8711
-7.59092 -6.90768
-7.45562 -6.93268
-7.60495 -6.97445
-7.3786 -6.97019
-7.48327 -7.02174
-7.69493 -7.02286
-7.84806 -6.99717
-7.88264 -7.04683
-8.04208 -7.02134
-8.06574 -7.05721
-8.18807 -7.02955
-8.23469 -6.98332
-8.32333 -7.00885
-8.27536 -7.03369
-8.47302 -6.98456
-8.45265 -6.95356
-8.60658 -6.92801
-8.64995 -6.85497
-8.76887 -6.85675
-8.80076 -6.82299
-8.86592 -6.76061
-8.92851 -6.79024
-9.04368 -6.70978
-8.95566 -6.82104
-8.69507 -6.92194
-8.87125 -6.888
-9.05306 -6.82188
-9.22278 -6.7361
-9.07065 -6.84253
-8.91397 -6.89318
-8.96785 -6.89771
-9.12071 -6.81363
-8.99252 -6.85094
-9.09918 -6.78245
-8.89639 -6.8642
-8.83967 -6.91659
-8.73627 -6.92632
-8.61854 -6.98801
-8.76781 -6.94714
-8.51949 -7.01076
-8.71053 -6.94276
-8.48745 -6.98446
-8.28724 -7.04896
-8.10941 -7.05658
-7.8881 -7.07019
-8.03911 -7.07534
-7.72635 -7.08824
-7.63711 -7.07204
-7.74229 -7.05575
-7.59373 -7.05046
-7.39831 -7.06015
-7.23161 -7.0179
-7.1759 -7.04497
-7.04056 -7.02877
-6.99353 -6.99116
-6.82529 -7.03398
-6.76309 -6.97925
-6.91065 -6.9371
-7.06524 -6.93692
-7.06529 -6.88177
-7.2058 -6.90096
-7.23421 -6.83064
-7.32024 -6.92453
-7.19146 -6.95728
-6.72817 -6.91908
-6.70345 -6.83362
-6.54543 -6.89631
-6.51235 -6.79248
-6.5631 -6.67985
-6.32109 -6.76888
-6.36047 -6.86022
-6.18376 -6.78756
-6.19749 -6.87441
-6.40281 -6.94132
-6.57724 -6.96556
-6.45746 -6.99085
-6.60147 -7.01982
-6.43097 -7.02124
-6.6046 -7.06352
-6.82073 -7.09295
-7.02799 -7.06684
-7.07653 -7.08687
-7.10107 -7.07917
-7.21507 -7.07678
-7.29501 -7.09417
-7.25082 -7.09579
-7.08716 -7.07616
-6.85308 -7.09267
-6.86164 -7.06337
-6.71832 -7.08619
-6.59797 -7.09147
-6.60937 -7.07899
-6.71344 -7.0818
-6.7027 -7.05775
-6.49559 -7.05904
-6.4762 -7.07758
-6.34436 -7.03282
-6.36942 -7.05584
-6.20953 -6.97455
-6.23466 -6.99781
-6.07919 -6.90864
-6.12109 -6.93034
-5.97096 -6.85528
-6.06303 -6.88686
-6.25134 -6.99679
-6.29608 -6.96622
-6.40712 -7.05211
-5.86254 -6.81268
-5.69284 -6.74119
-5.78263 -6.78841
-5.56931 -6.72288
-5.54741 -6.69755
-5.36806 -6.68973
-5.25696 -6.66688
-5.55646 -6.71965
-5.72021 -6.75511
-5.68662 -6.7414
-5.83815 -6.77743
-5.90135 -6.8296
-6.03398 -6.87463
-5.91841 -6.80673
-5.74966 -6.75966
-5.82738 -6.77067
-5.98089 -6.79976
-6.08892 -6.86991
-6.13275 -6.8653
-6.25239 -6.93705
-6.20913 -6.95496
-6.34705 -7.00875
-6.35951 -6.9848
-6.44912 -7.02192
-6.39185 -6.96674
-6.59339 -7.00965
-6.51658 -6.97205
-6.36172 -6.8973
-6.24834 -6.89062
-6.23922 -6.84561
-6.1181 -6.82043
-6.14499 -6.78249
-5.96187 -6.7397
-5.84085 -6.74354
-5.78773 -6.67216
-5.6741 -6.69932
-5.63321 -6.63833
-5.5373 -6.66655
-5.44791 -6.69042
-5.58671 -6.717
-5.43358 -6.71399
-5.26675 -6.67146
-5.41799 -6.6546
-5.29483 -6.63045
-5.16771 -6.66595
-5.05101 -6.63964
-4.89669 -6.66704
-4.86052 -6.62758
-4.67724 -6.61681
-4.82232 -6.54582
-4.65131 -6.5664
-4.51077 -6.54605
-4.29354 -6.46438
-4.37913 -6.48668
-4.18644 -6.42023
-3.60898 -5.76731
-3.70957 -5.91283
-3.59123 -5.77079
-3.69083 -5.93474
-3.56844 -5.76355
-3.47267 -5.63081
-3.49264 -5.61814
-3.30405 -5.44337
-3.38824 -5.49249
-3.26177 -5.37451
-3.19265 -5.32302
-3.16058 -5.28238
-3.50404 -5.6244
-4.47472 -6.47875
-4.56947 -6.47728
-4.67167 -6.45852
-4.73584 -6.44477
-4.83212 -6.43227
-4.96457 -6.38863
-5.06895 -6.35707
-5.11314 -6.3482
-5.01441 -6.48539
-5.1567 -6.44019
-5.23775 -6.36355
-5.25226 -6.46327
-5.18011 -6.5162
-5.30775 -6.48902
-5.37715 -6.44493
-5.42499 -6.5119
-5.30346 -6.54817
-5.38877 -6.57299
-5.4848 -6.53582
-5.55391 -6.58117
-5.55679 -6.51857
-5.66462 -6.53556
-5.72403 -6.59907
-5.87437 -6.51772
-5.89139 -6.63509
-6.02775 -6.59005
-6.05303 -6.70141
-6.1221 -6.70192
-6.1734 -6.75398
-6.32979 -6.82347
-6.22565 -6.74495
-6.43326 -6.90129
-8.08584 -6.78181
-8.24459 -6.70439
-8.21398 -6.81681
-6.1268 -6.66835
-5.65458 -6.41201
-5.65625 -6.48491
-5.53632 -6.45715
-5.51735 -6.40395
-5.3713 -6.39211
-8.41522 -6.90649
-8.09395 -6.90434
-8.22718 -6.98198
-8.43769 -6.97007
-8.69171 -6.88887
-8.58099 -6.96628
-8.36024 -7.03441
-8.45361 -7.02865
-8.2926 -7.05095
-8.08321 -7.08336
-7.87707 -7.09132
-7.81454 -7.08736
-7.69231 -7.11517
-7.4756 -7.10671
-7.45897 -7.09656
-7.55412 -7.0963
-7.33095 -7.08179
-7.40671 -7.06107
-7.21361 -7.0538
-7.04817 -7.04162
-7.13249 -7.01797
-7.30245 -7.02526
-7.22947 -6.99735
-7.38075 -7.01831
-7.4065 -6.9954
-7.51706 -7.01973
-7.44606 -7.03737
-7.58252 -7.05629
-7.67166 -7.02895
-7.82883 -7.0239
-7.6091 -7.00017
-7.78132 -6.99851
-7.61035 -6.94715
-7.85002 -6.98707
-8.00361 -7.00889
-8.00095 -6.98103
-8.24788 -7.03756
-8.08482 -7.06551
-7.77501 -6.90334
-7.43997 -6.96183
-7.25649 -6.96354
-7.0666 -6.97912
-7.10184 -6.98082
-7.02121 -7.00617
-6.97753 -7.00368
-6.89774 -7.01423
-6.8701 -7.03281
-6.97878 -7.0242
-6.80104 -7.03834
-6.72604 -7.03472
-6.59808 -7.04239
-6.74039 -7.02758
-6.90984 -6.99945
-7.93101 -6.8437
-8.60258 -6.83551
-5.51767 -6.63726
-5.43746 -6.60944
-5.2026 -6.5946
-5.17865 -6.63159
-5.02179 -6.56797
-3.80625 -6.05933
-3.90626 -6.19985
-3.97546 -6.2624
-4.09309 -6.35822
-4.07794 -6.37411
-4.19118 -6.44428
-4.28433 -6.51177
-4.15484 -6.42472
-9.37768 -6.63757
-9.06162 -6.63794
-8.87902 -6.70494
-8.69371 -6.76398
-8.90011 -6.62708
-8.48958 -6.77758
-8.42687 -6.88508
-8.29085 -6.8365
-8.17114 -6.92006
-8.08348 -6.83493
-7.9445 -6.90941
-7.75112 -6.86126
-7.77324 -6.93598
-7.89817 -6.95593
-8.02414 -6.97224
-9.14976 -6.51157
-9.16887 -6.41493
-9.26867 -6.26509
-9.01061 -6.40438
-9.01629 -6.50904
-9.69654 -6.01992
-9.80713 -5.91637
-9.85248 -5.98408
-9.97578 -5.83501
-9.95013 -5.94731
-9.82311 -6.11129
-9.79409 -6.19307
-9.69718 -6.31359
-9.78193 -6.23604
-3.73683 -5.91375
-3.85687 -6.09649
-4.63516 -6.51151
-4.73131 -6.44748
-4.52404 -6.36996
-4.74294 -6.35602
-4.89822 -6.44606
-4.904 -6.35112
-4.37085 -6.19836
-4.34349 -6.30294
-4.20002 -6.20634
-4.1869 -6.06224
-4.30918 -6.04583
-4.00864 -5.90495
-3.95468 -5.7096
-4.06796 -5.62205
-3.87381 -5.50453
-3.78745 -5.30986
-3.71628 -5.3862
-3.60908 -5.21138
-3.68478 -5.14956
-3.51986 -5.00964
-3.56965 -5.31762
-3.74144 -5.54725
-3.55556 -5.43798
-3.84719 -5.74341
-4.07453 -6.06495
-4.26926 -6.31619
-4.37247 -6.36668
-4.30188 -6.36984
-4.43207 -6.45308
-2.63751 -3.3531
-4.65517 -5.88825
-4.84353 -4.66885
-5.00112 -4.75047
-5.13691 -4.60468
-10.4669 -3.86273
-10.4568 -3.98178
-7.14093 -6.00008
-7.1998 -6.18821
-9.93088 -3.02601
-9.7035 -3.05492
-9.69964 -3.39819
-9.52274 -3.40233
-9.59009 -3.59683
-9.49606 -3.67674
-9.46856 -3.54916
-7.28466 -2.91798
-7.1949 -3.21223
-7.07302 -3.32807
-7.00175 -3.58423
-8.61291 -1.33049
-8.49493 -1.05058
-8.43254 -1.31297
-8.31473 -1.03005
-8.36206 -0.777448
-8.19941 -0.761084
-8.17116 -0.993901
-8.07768 -1.09004
-8.22789 -1.2942
-8.38524 -1.67234
-8.53969 -1.51593
-8.58662 -1.72445
-8.66511 -1.57896
-8.78792 -1.8858
-9.09153 0.248257
-8.31218 1.66403
-8.1966 1.72421
-8.04864 1.88318
-8.16214 1.62554
-7.99101 1.73682
-7.88461 1.95512
-7.88442 2.07571
-7.71868 2.15466
-7.81108 1.92541
-7.61614 2.04369
-7.52311 2.30292
-7.63067 1.82752
-7.82737 1.73215
-7.74164 1.60169
-7.68128 1.4515
-7.45284 1.49082
-7.46723 1.26009
-7.84641 1.39921
-7.90233 1.4914
-8.01723 1.49638
-8.14112 1.50869
-6.51089 2.37712
-6.52076 2.57905
-6.31631 2.701
-6.30038 2.4916
-6.09987 2.69283
-6.41293 2.2016
-6.57123 2.17279
-6.37819 2.04534
-6.35926 1.88946
-6.34514 1.63069
-6.18838 1.61763
-6.30887 1.36843
-6.13266 1.43424
-5.31243 1.47687
-5.33536 1.18134
-5.14581 1.25598
-5.21159 1.05302
-5.05108 1.00968
-5.91714 2.73999
-5.76181 2.83621
-5.53062 3.11526
-5.2364 3.19051
-5.29153 3.30994
-5.16205 3.28306
-5.26021 3.43685
-5.10801 3.38869
-5.18566 3.51151
-5.06383 3.5236
-4.96655 3.36405
-4.95689 3.46689
-4.97633 3.61295
-4.81822 3.36836
-4.68017 3.44174
-4.66894 3.56777
-4.52818 3.47128
-4.50373 3.33422
-4.59257 3.27178
-4.55073 3.10258
-4.41323 2.96457
-4.5715 2.95269
-4.50069 2.74224
-4.28062 2.74466
-4.34717 2.48565
-4.14714 2.46096
-4.2395 2.37729
-4.16666 2.20905
-3.99953 2.17961
-4.05734 1.89591
-3.96347 1.95201
-3.8604 1.97249
-3.90279 1.72213
-3.71952 1.60072
-3.81464 1.35544
-3.61371 1.12959
-3.5733 1.40585
-3.4833 1.41578
-3.4613 1.54046
-3.52415 1.73793
-3.4456 1.67085
-3.42062 1.4422
-3.38325 1.34544
-3.18458 0.535431
-3.28741 0.788913
-3.30781 0.612362
-3.40675 1.00839
-3.42102 0.767237
-3.47937 0.971277
-3.50218 0.764518
-3.47458 1.1823
-3.63765 0.733378
-3.74909 1.01012
-3.78813 0.700786
-3.8932 1.13052
-3.98036 0.942754
-4.05119 1.28858
-4.11109 1.11403
-4.20931 1.37818
-4.22044 1.07608
-4.33348 1.74628
-4.13628 1.64372
-4.22245 1.98301
-4.35299 2.06782
-4.29932 2.25151
-4.46707 2.28167
-4.52601 2.52244
-4.65234 2.38838
-4.60703 2.17109
-4.48954 1.99836
-4.68061 2.63946
-4.87309 2.76922
-4.69716 2.8769
-4.88684 3.03033
-4.70925 3.06378
-4.8471 3.21138
-4.99877 3.23284
-4.7036 3.20474
-5.09328 3.11258
-3.97449 1.50958
-4.09391 0.876453
-4.19316 0.696114
-3.96948 0.564056
-3.75313 0.247913
-3.57955 0.315172
-3.5131 0.489086
-3.37789 0.147802
-3.3934 0.484135
-3.25801 0.156746
-3.28487 0.368397
-3.19197 0.331339
-3.20289 0.16713
-3.39024 1.11877
-3.39151 1.22438
-5.69837 3.46324
-8.38759 2.1634
-8.31671 2.31293
-7.89698 2.79701
-7.22214 3.32619
-7.04354 3.44218
-6.87165 3.47247
-6.68752 3.56929
-6.75169 3.46965
-6.87403 3.39333
-6.75279 3.34218
-6.61839 3.46464
-6.55108 3.55943
-6.51013 3.66505
-6.25747 3.67217
-6.40977 3.77714
-6.08162 3.5558
-6.04493 3.70394
-8.78662 1.33625
-8.88378 1.24945
-8.87788 1.19299
-8.81061 1.29906
-9.63252 -0.746001
-9.66776 -0.91244
-10.1508 -1.69248
