-2.87888 -1.32277
-2.85715 -1.15796
-2.81078 -0.994135
-2.76327 -0.832993
-2.42368 0.157871
-2.33195 0.31388
-2.2344 0.47502
-1.03045 2.18318
-0.837281 2.32379
-0.71883 2.40911
-0.443779 2.58794
0.167722 2.79759
0.581219 2.87388
1.5521 2.9985
2.50081 2.78397
2.65937 2.70295
2.97891 2.53871
3.26765 2.35078
3.50142 2.18518
3.67652 2.02158
3.93347 1.72184
4.03649 1.58447
4.14104 1.44255
4.34306 1.15472
4.48903 0.865702
5.13186 -0.839987
5.17498 -1.05463
5.25809 -1.46927
5.28301 -1.68921
5.34983 -2.37187
5.36603 -2.59971
5.3731 -2.84289
5.31009 -4.78422
5.29781 -4.91124
5.09516 -5.94657
4.97221 -6.0889
4.89783 -6.14216
4.79713 -6.17179
4.57999 -6.22298
3.13155 -6.30369
0.729408 -6.34195
-0.814493 -6.29613
-1.01223 -6.27088
-1.37695 -6.16549
-1.55908 -6.08583
-1.70824 -6.01182
-1.94887 -5.80708
-2.77189 -4.63603
-2.78852 -4.60723
-2.94966 -3.98056
-2.99471 -3.76466
-3.02171 -3.41992
-3.02604 -3.20189
-2.99845 -2.57156
-2.98557 -2.35635
