-0.0563192 1.52878
-0.0586185 2.11909
0.183787 2.95262
1.64299 5.49687
2.16527 6.12113
2.68262 6.47857
2.86309 6.56473
3.26798 6.72179
3.4967 6.73433
3.79165 6.71776
5.31077 6.03176
5.87247 5.65013
6.14794 5.33897
6.31259 5.13849
6.81611 4.35726
7.17794 3.48785
7.30449 2.71644
7.35479 2.40247
7.49634 1.04852
7.56293 0.0334249
7.522 -0.682534
7.48847 -0.971337
7.42883 -1.27825
7.38392 -1.40749
7.33049 -1.52389
7.08851 -1.9922
6.9878 -2.18208
6.8719 -2.30465
6.74206 -2.43675
5.87668 -2.90429
5.5588 -3.0421
5.25179 -3.15606
5.05355 -3.17493
4.19825 -3.08107
3.97058 -3.0256
3.38148 -2.87096
2.8543 -2.67346
2.61755 -2.5777
2.24853 -2.42466
2.07945 -2.34038
0.6259 -0.856509
0.489818 -0.691427
0.204215 -0.0437653
