-2.27722 2.43918
-2.43309 2.32707
-2.36465 2.26877
-2.17343 2.33979
-2.32385 2.16797
-2.20543 2.07068
-1.99171 2.28808
-2.00462 2.08046
-1.81738 2.21416
-1.82014 1.9365
-1.63951 2.13593
-1.56182 1.94065
-1.35243 2.20448
-1.62529 2.3138
-1.50454 2.50849
-1.77606 2.42521
-1.72466 2.61744
-1.94512 2.49412
-1.88925 2.65708
-2.08232 2.55006
-1.85075 2.78646
-1.80923 2.92479
-0.0750313 3.61929
0.219861 3.67637
0.0228295 3.49273
0.367245 3.5876
0.309822 3.40575
-0.027832 3.27134
0.314542 3.17059
0.0271783 3.03455
-0.249474 3.10912
-0.230969 2.93374
-0.0102959 2.79947
-0.34265 2.72326
-0.0867076 2.58375
0.213115 2.61743
0.341231 2.8816
0.57612 2.62779
0.600272 2.85304
0.820107 2.83446
1.01334 2.47562
0.632269 2.30158
0.938579 2.04375
0.551912 1.99968
0.750231 1.74753
0.449287 1.72958
0.591511 1.55881
0.400703 1.53616
0.490954 1.33728
0.848759 1.41747
0.734677 1.09039
0.392321 1.03173
0.603183 0.784622
0.996537 0.826465
0.783373 0.526667
1.09269 0.542144
0.969826 0.302003
0.627456 0.215147
0.86052 0.0322896
0.493072 -0.164095
0.870431 -0.239216
0.676029 -0.438211
0.390445 -0.537066
0.70266 -0.726817
0.354762 -0.877089
0.629817 -0.949077
0.941182 -1.01445
1.01387 -0.734104
1.22601 -0.83192
1.39848 -1.08988
1.49416 -0.737425
1.71586 -0.966833
1.65728 -1.24678
1.88756 -1.2238
1.75539 -1.46128
2.00542 -1.59396
1.76943 -1.64448
1.54553 -1.61879
1.5904 -1.41511
1.41187 -1.42519
1.20699 -1.58701
1.27576 -1.90071
0.875947 -1.76331
0.85245 -2.0873
1.1362 -2.25585
0.780632 -2.41835
1.01409 -2.52881
0.765792 -2.68213
0.406377 -2.71556
0.635972 -2.93053
1.02528 -2.86245
0.69972 -3.25833
0.337684 -3.16111
0.337124 -3.55449
-0.0442638 -3.44725
0.0769 -3.856
0.388616 -3.92762
0.194287 -4.0579
0.0375271 -4.24451
-0.189516 -3.97566
-0.258497 -4.22216
-0.502952 -4.06404
-0.427538 -4.4368
-0.189079 -4.37306
-0.0989137 -4.59345
-0.391612 -4.79723
-0.726525 -4.66696
-0.671171 -4.91676
-0.90801 -4.86274
-0.860542 -5.07467
-0.644083 -5.1161
-0.751835 -5.26894
-0.446339 -5.28482
-0.677429 -5.45827
-0.450059 -5.50973
-0.594765 -5.64198
-0.312472 -5.63587
-0.712835 -5.6951
-0.841572 -5.6369
-0.752606 -5.56395
-0.905741 -5.48742
-1.03684 -5.58133
-1.07093 -5.69895
-0.809717 -5.74341
-0.181133 -5.72698
-0.00464678 -5.75332
-0.0267143 -5.61942
-0.227244 -5.47677
-0.0211916 -5.46265
-0.117763 -5.30731
-0.233736 -5.07604
-0.477359 -5.03142
-0.0876303 -4.88499
0.124016 -5.12699
0.164302 -4.82944
0.223717 -4.56046
0.314137 -4.35305
0.296783 -4.17349
0.572574 -4.23119
0.661455 -3.93503
0.646363 -3.65862
0.903344 -3.79191
0.957974 -3.48584
1.05374 -3.20096
1.32311 -3.36135
1.17084 -3.65934
1.48594 -3.69588
1.18575 -3.97165
0.850282 -4.04896
0.96261 -4.30558
0.703052 -4.53258
0.944852 -4.56042
0.837305 -4.76054
1.07633 -4.70194
1.14391 -4.98311
1.29428 -4.69114
1.18085 -4.50772
1.47772 -4.50333
1.34338 -4.2697
1.64094 -4.29236
1.58983 -4.02312
1.95305 -4.15388
1.87125 -3.74373
1.725 -3.36853
2.12176 -3.36287
1.90438 -2.95831
1.5687 -3.06004
1.28208 -3.05379
1.42466 -2.80652
1.3423 -2.50667
1.5926 -2.6111
1.67424 -2.79823
1.80782 -2.58983
1.62771 -2.41531
1.82094 -2.26718
1.50185 -2.18976
1.72275 -1.88899
2.05889 -2.05696
2.12969 -2.55625
2.34814 -2.22403
2.46228 -2.59222
2.36362 -2.84633
2.19406 -2.97578
2.38654 -3.16207
2.58972 -2.9675
2.58351 -3.33559
2.39457 -3.4722
2.26307 -3.80694
2.55164 -3.65938
2.53392 -3.97369
2.70013 -3.80705
2.73181 -4.03393
2.86486 -3.79718
2.77017 -3.51076
3.00591 -3.46342
2.87964 -3.24276
2.7382 -3.20865
2.8129 -2.97052
2.70204 -2.66659
2.60406 -2.33946
2.79088 -2.4515
2.89284 -2.70599
2.94849 -2.43565
3.03547 -2.7011
3.00111 -3.02034
3.13123 -2.85761
3.16604 -3.17408
3.25177 -2.89154
3.1427 -2.49438
3.32785 -2.62295
3.38821 -2.99607
3.30027 -3.20132
3.41597 -3.34695
3.24166 -3.57284
3.40717 -3.66066
3.32226 -3.82615
3.1914 -3.97918
3.3446 -4.05088
3.16542 -4.30893
2.98932 -4.21455
2.96593 -4.53005
2.83139 -4.44768
2.78431 -4.26104
2.63912 -4.49154
2.74043 -4.68506
2.47639 -4.74645
2.58768 -4.97112
2.29852 -4.99057
2.37299 -5.17364
2.13746 -5.19515
2.0338 -5.03437
1.89685 -5.2136
1.81134 -5.08126
1.65573 -5.20889
1.58499 -5.01873
1.41608 -5.17096
1.46486 -5.33022
1.22793 -5.26655
1.28992 -5.37905
1.10765 -5.42483
1.36956 -5.47061
1.41479 -5.59
0.140625 -5.7143
0.249424 -5.62774
0.172674 -5.49752
0.417196 -5.50763
0.339974 -5.33903
0.099762 -5.35687
0.483567 -5.16243
0.349134 -4.9865
0.503065 -4.98698
0.488737 -4.77945
0.701488 -4.98096
0.776649 -5.16146
0.949192 -5.27824
0.615183 -5.34957
0.846126 -5.4328
0.666737 -5.53997
0.922231 -5.5532
0.485795 -5.6385
0.478325 -5.2925
1.71172 -5.63521
1.64157 -5.49949
1.55234 -5.42131
1.72597 -5.36295
1.85695 -5.45488
1.85438 -5.54705
2.06416 -5.49023
1.98688 -5.35148
2.22436 -5.34184
2.35287 -5.45792
2.42096 -5.30866
2.56544 -5.19221
2.59659 -5.33221
2.67221 -5.21527
2.74128 -5.09649
2.88934 -4.84531
2.91647 -5.05936
2.79094 -5.22954
3.02261 -5.17667
2.86409 -5.35501
2.73104 -5.37334
2.64695 -5.50001
2.34033 -5.61698
2.17786 -5.58735
2.85338 -5.57402
2.90175 -5.44741
3.06795 -5.33215
3.07944 -5.48147
3.22262 -5.34314
3.30016 -5.42675
3.18245 -5.55857
3.35858 -5.5012
3.24533 -5.60823
3.43297 -5.54291
3.55491 -5.47591
3.53657 -5.42898
3.65908 -5.38281
3.74716 -5.3235
3.76911 -5.30205
3.86257 -5.16824
3.84978 -5.17626
3.90389 -5.08498
3.93453 -4.9977
3.8859 -5.07195
3.96383 -4.87755
3.89868 -4.96695
3.96795 -4.76215
3.86315 -4.95142
3.82186 -5.12286
3.75768 -5.11935
3.79831 -4.92423
3.68336 -5.06942
3.65271 -5.20479
3.67486 -5.2847
3.75727 -5.2072
3.75915 -5.26679
3.56068 -5.31606
3.5781 -5.20127
3.44733 -5.31369
3.45948 -5.18055
3.35569 -5.31593
3.3245 -5.24413
3.35801 -5.1065
3.22566 -5.22989
3.22737 -5.06244
3.13584 -5.20956
3.10948 -4.90207
3.30052 -4.81456
3.24823 -4.67664
3.12051 -4.61535
3.31655 -4.41074
3.36341 -4.61348
3.47087 -4.4441
3.4778 -4.148
3.49631 -3.81688
3.39904 -3.84278
3.5111 -3.51384
3.62588 -3.54627
3.61261 -3.92301
3.72929 -3.73259
3.72309 -4.04555
3.60543 -4.24128
3.7641 -4.23819
3.72489 -4.4604
3.59246 -4.54105
3.67382 -4.62337
3.62042 -4.75603
3.52346 -4.78264
3.51749 -4.95912
3.6413 -4.87767
3.60738 -5.04352
3.7152 -4.89374
3.7241 -4.69605
3.82332 -4.71186
3.82541 -4.48029
3.81518 -4.29308
3.92196 -4.20297
3.83645 -4.0432
3.95064 -3.87392
3.8927 -3.80488
3.81878 -3.81168
3.87591 -3.64137
3.82305 -3.56605
3.74724 -3.49075
3.80538 -3.3017
3.71083 -3.28864
3.61632 -3.23623
3.55822 -3.35244
3.52584 -3.11607
3.50347 -3.3355
3.63205 -2.96338
3.55679 -2.87773
3.47071 -2.7785
3.56061 -2.62614
3.42095 -2.41801
3.25099 -2.16358
3.39474 -2.03707
3.26694 -1.85355
3.34626 -1.62127
3.17126 -1.59655
3.19654 -1.87062
3.09014 -1.89535
3.12498 -2.16844
2.9991 -2.15201
2.77539 -2.13695
2.87928 -1.82654
2.66016 -1.7868
2.52259 -2.00617
2.47268 -1.72914
2.29068 -1.84192
2.34583 -1.45875
2.14191 -1.17041
2.37452 -1.05086
2.21099 -0.809895
1.97791 -0.884806
2.05267 -0.538065
1.78404 -0.617547
1.86797 -0.262308
1.52585 -0.34616
1.6904 0.0118023
1.36042 0.0112467
1.17476 -0.285599
1.23736 -0.573832
0.945359 -0.502599
1.07865 -0.0683743
1.12181 0.13059
1.30514 0.353827
1.56512 0.246038
1.60663 0.517645
1.34109 0.687498
1.63675 0.872926
1.31446 1.0215
1.03487 1.14029
1.21391 1.35108
1.0773 1.68108
1.37403 1.60425
1.27927 1.88503
1.21672 2.14529
1.46129 1.97782
1.39803 1.89512
1.43419 1.80449
1.62017 1.64553
1.55976 1.25883
1.8995 1.28051
1.75779 1.07754
1.86857 0.940188
2.07908 0.876275
1.8933 0.629871
2.1595 0.531267
2.35667 0.724186
2.23123 1.14711
2.4879 1.01013
2.39337 1.34565
2.12447 1.62911
1.85065 1.71833
1.93707 1.95943
1.78768 1.94314
1.68457 1.90005
1.64868 2.20023
1.35201 2.29442
1.38365 2.60869
1.12354 2.84516
1.32082 2.88115
1.23023 3.11799
0.942182 3.07806
0.634305 3.06045
0.808857 3.26417
0.587929 3.32965
0.868586 3.47343
0.594023 3.53266
0.854846 3.67269
0.595091 3.65936
0.469167 3.70178
0.698834 3.77083
0.471011 3.78941
0.680317 3.85993
1.89952 3.75195
1.73428 3.76407
1.54397 3.81019
1.64289 3.70381
1.46151 3.66826
1.32958 3.75267
1.16735 3.60715
1.42663 3.50226
1.22263 3.39488
1.45057 3.26627
1.54358 2.91322
1.6955 3.16589
1.79793 2.92928
1.81914 2.66829
1.99232 2.76781
2.04316 2.45507
2.15871 2.59006
2.25386 2.3221
2.31463 2.53999
2.18724 2.82047
2.34761 2.69498
2.51445 2.49239
2.43251 2.26837
2.57071 2.15991
2.72565 2.07201
2.63504 1.87428
2.51786 2.04775
2.52818 1.91948
2.40504 2.00419
2.14571 2.03175
2.39023 1.67091
2.07581 1.87203
1.87929 2.31841
1.65809 2.55384
2.54007 1.75902
2.57015 1.53662
2.68673 1.55905
2.68572 1.29122
2.52547 1.40921
2.56751 1.19739
2.72531 0.917222
2.84686 1.0716
2.95068 0.712803
2.8389 0.690797
2.771 0.623135
2.89141 0.46688
2.76633 0.299772
2.96678 0.0881373
3.02762 0.321475
3.1465 -0.0746692
3.14293 0.368996
3.09393 0.715592
2.99503 1.09845
3.17188 0.841051
3.19511 0.562876
3.28767 0.586691
3.27708 0.30527
3.27647 0.0061595
3.36123 0.0440135
3.37848 -0.187792
3.48659 -0.156872
3.43952 -0.377975
3.33506 -0.435698
3.49161 -0.631201
3.42453 -0.808326
3.52634 -0.928195
3.5746 -0.789248
3.64119 -0.985136
3.62879 -0.578185
3.7423 -0.944978
3.73858 -1.24231
3.65213 -1.20531
3.64371 -1.40726
3.58383 -1.17603
3.54698 -1.36947
3.57868 -1.62
3.46311 -1.49056
3.46422 -1.13678
3.35967 -1.26983
3.30179 -0.881763
3.21969 -1.19367
3.15191 -0.776974
3.20126 -0.510786
3.05351 -0.380543
3.04599 -0.702353
3.0874 -0.956973
2.95094 -0.847734
3.05702 -1.22303
2.97833 -1.53312
2.87868 -1.17848
2.75507 -1.47006
2.71176 -1.12524
2.76298 -0.824827
2.55978 -0.856921
2.55543 -1.25732
2.38732 -0.747812
2.45307 -0.543023
2.28206 -0.498258
2.38935 -0.21076
2.13564 -0.200817
2.2144 0.159906
1.96196 0.0699116
2.01293 0.347243
1.80008 0.309129
2.34971 0.393609
2.45217 0.100999
2.53891 0.37175
2.6119 0.670317
2.65933 -0.0531592
2.87721 -0.167396
2.81253 -0.473758
2.60841 -0.437402
2.53361 -0.137547
2.95493 -0.517386
2.55941 -1.546
3.53242 -1.90202
3.62028 -1.81374
3.68366 -2.00674
3.63859 -2.32773
3.51065 -2.26724
3.68754 -2.69956
3.74935 -3.00689
3.67786 -3.12905
3.77119 -2.72955
3.75001 -2.48863
3.84494 -2.57784
3.81058 -2.83506
3.88423 -2.76847
3.87815 -3.04239
3.90934 -3.39089
3.98735 -3.13758
3.99014 -3.39466
3.94837 -3.61929
4.05028 -3.58195
4.03945 -3.96102
4.12338 -3.64134
4.12278 -3.33058
4.06674 -3.23662
4.12202 -3.05379
4.07461 -2.9295
3.96504 -2.8269
4.09535 -2.54409
3.95446 -2.54622
4.00325 -2.23064
3.90253 -2.33456
3.81401 -2.29828
3.88295 -2.01488
3.77321 -2.10022
3.73108 -2.25037
3.76482 -1.91217
3.69129 -1.71457
3.8037 -1.72072
3.74016 -1.51115
3.83234 -1.47022
3.87274 -1.15857
3.93221 -1.49295
3.89754 -1.70386
4.01369 -1.82687
4.11925 -2.11755
4.11577 -1.77577
4.03934 -1.46602
4.12771 -1.47167
4.06048 -1.22389
3.9842 -1.15549
4.02193 -0.858155
3.92304 -0.898072
3.88696 -0.578533
3.80382 -0.745942
3.74117 -0.289733
3.60609 -0.15049
3.51564 0.223442
3.38909 0.262685
3.39712 0.594399
3.28063 0.973895
3.42377 0.981179
3.27166 1.3446
3.16129 1.35463
3.15127 1.66064
3.05956 1.63703
3.00736 1.97036
2.91827 1.80031
3.02353 1.42447
2.83727 1.59104
2.81817 1.32033
3.13345 1.12911
2.85698 2.12856
2.73164 2.423
2.89659 2.32831
2.79076 2.62141
2.59709 2.77439
2.38672 2.87261
2.48221 2.95721
2.40598 3.10314
2.17825 3.12077
1.95513 3.07049
2.00764 3.23381
1.85033 3.34171
1.61396 3.3833
1.67752 3.5556
1.96154 3.50951
1.81926 3.66457
2.02606 3.63969
2.09004 3.73033
2.22828 3.60916
2.16565 3.52206
2.32594 3.49833
2.30278 3.40835
2.15177 3.4268
2.06236 3.33239
2.25415 3.28743
2.43791 3.26909
2.46969 3.39198
2.59629 3.23561
2.57465 3.10518
2.55075 2.98544
2.71448 2.88811
2.74136 3.05292
2.88803 2.83438
2.92748 2.96887
2.73775 3.20237
2.60816 3.33751
2.67086 3.40081
2.5528 3.41992
2.44119 3.52406
2.30454 3.69641
3.14742 2.77474
3.03157 2.99256
2.88114 3.1753
3.06161 2.70238
3.25078 2.49282
3.14656 2.48683
3.26461 2.28624
3.14064 2.28494
3.01435 2.60233
2.95735 2.48279
2.87248 2.70745
3.03133 2.22793
3.13889 1.97463
3.25349 1.94929
3.28511 2.09563
3.37818 1.82753
3.32274 1.70444
3.24657 1.68581
3.35388 1.42523
3.40915 1.56367
3.48362 1.23058
3.51007 0.958611
3.54674 0.717274
3.5945 0.884532
3.64632 0.507826
3.71858 0.588199
3.68948 0.937988
3.58156 1.1898
3.50477 1.51357
3.65215 1.27516
3.56968 1.57845
3.47761 1.77245
3.39941 2.02965
3.56292 1.7964
3.47257 2.06119
3.37928 2.24112
3.4724 2.16929
3.41059 2.34135
3.64452 1.82157
3.7369 1.56765
3.55455 2.00376
3.70309 1.41812
3.82564 1.30705
3.85393 1.10138
3.7569 1.16271
3.84371 0.949325
3.77642 0.94902
3.80748 0.627317
3.91796 0.603065
3.9097 0.246742
3.81242 0.350313
3.74713 0.174982
3.85206 0.0840197
3.8579 -0.205503
3.9426 -0.151122
4.01809 -0.0729533
3.98755 0.240114
4.03583 0.102496
4.09465 -0.0535571
4.12148 -0.411237
4.1797 -0.372663
4.20426 -0.740453
4.25233 -0.613847
4.28259 -0.882736
4.27276 -1.05148
4.20795 -1.11399
4.27848 -1.36409
4.25382 -1.50202
4.28266 -1.58967
4.28796 -1.79014
4.31905 -1.68924
4.34977 -2.04257
4.31193 -2.07607
4.2697 -1.93156
4.2422 -1.68553
4.18926 -1.72818
4.19478 -1.44793
4.12433 -1.16711
4.11261 -0.875218
4.04976 -0.507514
3.95177 -0.459929
4.13584 -0.73167
4.20125 -2.02735
4.27023 -2.28547
4.18093 -2.31606
4.21368 -2.6251
4.14512 -2.80653
4.18816 -2.92495
4.18236 -3.15157
4.23569 -3.13438
4.22733 -2.84033
4.28506 -2.71117
4.28267 -3.00951
4.27869 -3.28184
4.23701 -3.46531
4.18066 -3.51137
4.16425 -3.34902
4.14362 -3.75865
4.18362 -3.71782
4.14734 -3.92407
4.1023 -3.98952
4.12821 -4.17629
4.05263 -4.26821
4.06519 -4.39459
4.09235 -4.41219
4.03185 -4.55309
3.99823 -4.5156
4.03726 -4.6264
3.90378 -4.73401
3.92815 -4.46908
3.99421 -4.33513
3.97647 -4.22977
4.03343 -4.16236
4.11078 -4.42513
4.08818 -4.5298
4.16904 -4.279
4.15669 -4.22907
4.19198 -4.05838
4.18592 -3.95603
4.23014 -3.86033
4.22827 -3.66011
4.26689 -3.64045
4.31083 -3.38844
4.33307 -2.99007
4.30886 -2.91419
4.33807 -2.5784
4.33167 -2.32678
4.35948 -2.29097
4.37495 -2.23577
4.33085 -1.91536
4.35519 -1.99664
4.35942 -1.63327
4.31802 -1.50031
4.33691 -1.31864
4.30871 -1.13261
4.33706 -1.03982
4.31038 -0.707243
4.3734 -0.953081
4.36073 -0.69357
4.29004 -0.411375
4.23904 -0.375689
4.23672 -0.129873
4.16391 -0.0550655
4.18707 0.100981
4.1134 0.27111
4.10407 0.117436
4.0395 0.276285
4.01218 0.587145
3.91594 0.806818
3.88162 0.948178
3.94756 0.856904
3.95616 0.951897
3.94363 1.0832
4.00711 0.813131
4.07293 0.668309
4.02395 0.694617
4.0853 0.503805
4.14518 0.471514
4.37684 -0.363262
4.34049 -0.197702
4.35315 -0.36615
4.31758 -0.208984
4.34637 -0.376138
4.36434 -0.509894
4.37773 -0.529466
4.38627 -0.727655
4.40251 -0.682276
4.41081 -0.502395
4.42085 -0.880873
4.4364 -1.08994
4.40471 -1.00032
4.41746 -1.22308
4.46963 -1.33406
4.40789 -1.46567
4.40309 -1.2117
4.38531 -1.44657
4.37972 -1.71215
4.40644 -1.71928
4.37796 -1.93526
4.43775 -1.86361
4.44198 -1.62431
3.97212 -4.87454
3.90705 -5.06971
3.96014 -4.94735
4.04635 -4.68253
4.01874 -4.75055
4.10807 -4.51825
4.12632 -4.46661
4.11388 -4.48514
4.04665 -4.66689
4.08 -4.49785
4.16026 -4.27226
4.19102 -4.2598
4.22217 -4.05068
4.23183 -4.01065
4.21781 -4.11171
4.17096 -4.33892
4.23869 -3.92565
4.27781 -3.79599
4.27966 -3.65847
4.31824 -3.48022
4.33605 -3.21707
4.34976 -3.24913
4.35784 -2.92289
4.36112 -2.59708
4.36572 -2.57034
4.37433 -2.28624
4.35929 -2.28708
4.35145 -2.0852
4.36271 -1.89006
4.3618 -2.02929
4.36336 -1.77011
4.36955 -1.24941
4.39522 -1.12894
4.38744 -0.921762
4.40327 -1.01651
4.39147 -0.830833
4.36183 -0.636899
4.33174 -0.424995
4.35433 -1.97679
4.35019 -2.23624
4.34751 -2.55275
4.34766 -2.37631
4.35105 -2.23183
4.34954 -2.48914
4.34974 -2.64051
4.34921 -2.7625
4.33939 -2.81934
4.35029 -2.94547
4.34146 -3.02501
4.34298 -3.14493
4.33934 -3.27397
4.23739 -3.78705
4.16365 -4.02825
4.12608 -4.24273
4.18383 -4.0507
4.35093 -2.78264
3.90391 -5.07618
4.27556 -0.17054
4.26734 0.0392395
4.22903 0.075057
4.20298 0.262772
4.16442 0.289886
4.24879 0.23159
4.29725 0.0216554
3.64636 0.0984114
3.65916 0.287639
3.58609 0.394865
3.49997 0.578428
3.515 -0.444443
3.96597 -1.31607
1.01984 3.31371
1.06428 3.4631
1.13528 3.7876
0.92895 3.80221
0.878388 3.87411
1.05769 3.87386
1.24277 3.90254
1.34113 3.83973
3.40067 -4.91281
3.44654 -4.68953
3.44381 -5.40844
3.06622 -5.64787
2.98377 -5.61345
1.98316 -5.62269
1.58601 -4.75316
1.85536 -4.89661
1.90922 -4.67851
1.78998 -4.48228
2.09878 -4.4734
2.3163 -4.20442
2.38806 -4.50177
2.16045 -4.76793
2.57479 -4.25737
2.89014 -4.04569
3.04086 -3.85812
0.455947 -4.50113
-2.82568 1.68584
-2.61816 1.95194
-2.59229 1.79577
-2.69385 1.59783
-2.42719 1.72509
-2.65941 1.41016
-2.46041 1.3553
-2.70581 1.09571
-2.50697 0.979025
-2.72378 0.787308
-2.86544 0.828648
-2.90577 0.995405
-3.03108 0.799125
-2.98934 0.574054
-3.12948 0.548022
-3.12029 0.259979
-2.95267 0.327392
-2.86732 0.614724
-2.79117 0.496246
-2.62457 0.628937
-2.71593 0.336205
-2.84269 0.239185
-2.7964 0.0186876
-2.94939 0.0202881
-2.93862 -0.285752
-3.05566 -0.229028
-3.06669 -0.531583
-3.15604 -0.438203
-3.17782 -0.699027
-3.12134 -0.894441
-2.96247 -0.648997
-3.01692 -1.01243
-2.8303 -0.833904
-2.76204 -0.354446
-2.57715 -0.579486
-2.51325 -0.135466
-2.65096 -0.0182171
-2.64937 0.190884
-2.49948 0.203342
-2.55247 0.438349
-2.33868 0.55438
-2.46422 0.714141
-2.30016 0.93696
-2.30668 1.2363
-2.08472 1.25674
-2.20874 1.57779
-1.95619 1.61841
-2.04923 1.86254
-2.19591 1.86315
-2.43154 1.98264
-2.11087 1.98729
-1.68596 1.59727
-1.88423 1.4017
-1.80411 1.09452
-2.11684 0.832599
-1.97191 0.56457
-2.17287 0.53996
-2.24308 0.210191
-2.00519 0.22123
-2.10171 0.000417214
-2.27606 -0.268278
-2.00353 -0.201654
-2.0835 -0.457144
-1.87553 -0.39288
-1.66777 -0.139022
-1.9163 0.0385207
-1.73534 0.301136
-1.40727 0.155212
-1.41911 0.507881
-1.65842 0.725299
-1.4015 0.835162
-1.545 1.01357
-1.43106 1.31362
-1.3787 1.06518
-1.22734 1.17068
-1.02636 1.41844
-1.28651 1.77105
-0.882741 1.8179
-0.557368 1.53679
-0.739418 1.20621
-0.54646 1.2726
-0.483965 1.0463
-0.388254 1.28934
-0.176922 1.13962
-0.21834 0.824198
-0.507238 0.699165
-0.23946 0.50508
-0.52628 0.355463
-0.760632 0.596787
-0.870861 0.356841
-0.678432 0.0489114
-0.963134 0.141041
-1.15818 0.322836
-1.14857 0.0763286
-0.948268 -0.0813239
-1.22452 -0.163452
-0.967343 -0.261838
-0.688102 -0.31594
-0.367739 -0.164742
-0.264246 -0.479288
-0.150467 -0.256265
0.0921097 -0.324813
0.0625925 -0.664749
-0.208982 -0.817348
0.0393577 -0.921478
-0.148212 -1.0881
-0.349363 -0.970101
-0.594317 -0.766819
-0.454546 -1.20382
-0.866039 -1.07279
-0.734327 -1.409
-0.976793 -1.33295
-1.2201 -1.13864
-1.24718 -1.38749
-1.53476 -1.22795
-1.52619 -0.947708
-1.79862 -1.07449
-1.87762 -0.728371
-2.14868 -1.14738
-1.84667 -1.37214
-2.17222 -1.68809
-2.46879 -1.43841
-2.48196 -1.78019
-2.65559 -1.71784
-2.62205 -1.97781
-2.81394 -2.00774
-2.68616 -2.28358
-2.4274 -2.12233
-2.54909 -2.54054
-2.75287 -2.61215
-2.67973 -2.9133
-2.9218 -2.87684
-2.90431 -2.45667
-2.99415 -2.69014
-3.08452 -2.8594
-3.07157 -2.57266
-3.18537 -2.77743
-3.23031 -3.09918
-3.08109 -3.13398
-3.19885 -3.40092
-3.32635 -3.44102
-3.38301 -3.22217
-3.4338 -3.53529
-3.37866 -3.72421
-3.47068 -3.81701
-3.52282 -3.61604
-3.48125 -3.3551
-3.5589 -3.34329
-3.47608 -3.02638
-3.55445 -3.11077
-3.56648 -2.89014
-3.47205 -2.70016
-3.518 -2.41743
-3.64951 -2.66467
-3.6581 -3.11668
-3.71164 -2.93984
-3.76334 -3.21172
-3.6995 -3.53566
-3.78963 -3.58031
-3.84706 -3.36803
-3.88203 -3.68218
-3.91975 -3.32989
-3.94292 -3.61034
-3.94021 -3.93093
-3.99424 -3.74996
-3.99292 -3.97427
-4.0439 -3.86086
-4.05934 -3.69975
-4.02523 -3.64203
-4.04224 -3.57782
-4.00215 -3.53898
-4.05465 -3.43582
-4.06211 -4.05227
-4.04254 -4.17595
-4.00921 -4.11153
-3.98153 -4.14536
-4.00963 -4.21534
-3.89537 -4.27581
-3.85419 -4.07195
-3.85162 -4.36335
-3.86845 -4.55107
-3.89721 -4.49982
-3.88246 -4.68025
-3.9089 -4.62653
-3.888 -4.82667
-3.85604 -4.98085
-3.84784 -5.12636
-3.82549 -5.09223
-3.83575 -4.87491
-3.76937 -5.19614
-3.69893 -5.09348
-3.73427 -4.7854
-3.8027 -4.57255
-3.75285 -4.50925
-3.79027 -4.31045
-3.70981 -4.2614
-3.76328 -4.042
-3.81114 -3.84286
-3.75102 -3.79202
-3.68589 -3.91564
-3.61268 -3.70344
-3.62999 -3.37926
-3.59245 -3.1708
-3.63718 -3.92562
-3.64967 -4.09336
-3.63152 -4.32535
-3.67774 -4.57939
-3.58306 -4.54351
-3.62268 -4.77192
-3.66145 -4.82133
-3.6676 -4.97688
-3.60995 -4.96302
-3.59291 -5.16782
-3.839 -5.25215
-3.82499 -5.21777
-3.70472 -5.40642
-3.69858 -5.2611
-2.90367 -5.61492
-2.71796 -5.58837
-2.97566 -5.45656
-2.83406 -5.4077
-3.01836 -5.22637
-2.74678 -5.24594
-2.92933 -4.97927
-3.11942 -4.96066
-3.191 -5.12186
-3.25057 -4.95562
-3.21608 -4.69482
-3.36299 -4.85559
-3.3116 -5.11108
-3.42845 -5.07653
-3.38871 -5.28142
-3.20131 -5.32836
-3.11108 -5.53078
-3.51128 -5.20329
-3.55156 -5.06938
-3.51011 -5.04653
-3.5499 -4.9214
-3.5485 -4.74396
-3.47804 -4.89576
-3.46906 -4.68517
-3.53436 -4.60549
-3.49425 -4.43478
-3.56181 -4.31465
-3.49585 -4.11582
-3.58206 -4.12413
-3.54799 -3.89682
-3.60833 -3.95703
-3.41101 -3.96359
-3.38473 -4.21156
-3.29039 -3.92043
-3.28022 -3.63355
-3.17845 -3.67402
-3.03944 -3.40477
-3.04311 -3.72302
-3.13997 -3.94048
-3.03883 -3.91151
-3.01861 -4.13075
-3.21516 -4.27343
-3.05573 -4.48663
-3.05117 -4.764
-2.86999 -4.68012
-2.89432 -4.36987
-2.67607 -4.46485
-2.79722 -4.08453
-2.92946 -3.85714
-2.76497 -3.75624
-2.86897 -3.53623
-2.6915 -3.52916
-2.6901 -3.27916
-2.8693 -3.19536
-2.98435 -3.15552
-2.51107 -3.08958
-2.44962 -2.81493
-2.22807 -3.03182
-2.25019 -2.51906
-1.9724 -2.71022
-1.8926 -2.33016
-2.14561 -2.11272
-1.91523 -1.94896
-1.79438 -1.67189
-1.6862 -1.87377
-1.70236 -2.08307
-1.51485 -2.31636
-1.65138 -2.6543
-1.25804 -2.61031
-1.42245 -2.92782
-1.81634 -3.03551
-1.53437 -3.25449
-1.81353 -3.41005
-2.03539 -3.28665
-2.05822 -3.59632
-1.83468 -3.76065
-2.07896 -4.03838
-1.81207 -4.08536
-1.9127 -4.31138
-2.06857 -4.44712
-1.84267 -4.57499
-2.00764 -4.81232
-1.68324 -4.81787
-1.69227 -5.15414
-2.14949 -5.15896
-2.31791 -4.84491
-2.44642 -5.053
-2.37374 -5.25703
-2.55278 -5.2007
-2.46554 -5.39644
-2.69555 -4.96069
-2.64996 -5.46269
-2.43466 -5.59553
-2.2406 -5.51029
-2.23593 -5.37628
-1.93736 -5.45641
-2.1211 -5.64641
-1.84957 -5.68041
-1.62009 -5.59926
-1.60111 -5.42224
-1.37168 -5.34318
-1.3338 -5.15499
-1.41263 -4.93165
-1.1217 -5.0002
-1.04523 -5.27871
-1.12912 -4.66161
-1.46396 -4.70649
-1.63139 -4.59728
-1.42165 -4.43353
-1.69721 -4.3523
-1.52792 -4.22555
-1.64025 -4.12413
-1.61897 -3.89223
-1.49093 -4.03228
-1.3123 -3.77438
-1.57848 -3.58054
-1.34129 -3.438
-1.22187 -3.16821
-1.07864 -3.43448
-0.907582 -3.11667
-1.08203 -2.84485
-0.787308 -2.80529
-0.953092 -2.58574
-1.08474 -2.6852
-1.11613 -2.24296
-0.691262 -2.29829
-0.878014 -2.01292
-0.654371 -1.93869
-0.859526 -1.69187
-1.13295 -1.89264
-1.22991 -1.63846
-1.01968 -1.50572
-1.53616 -1.49519
-1.50778 -1.73469
-1.32759 -1.80481
-1.43219 -1.98503
-0.87587 -1.48515
-0.473761 -1.66109
-0.446283 -2.0263
-0.164168 -1.89675
-0.0801516 -1.4549
0.165962 -1.15604
0.320832 -1.43559
0.192149 -1.75486
0.496427 -1.65454
0.498883 -1.95405
0.0978408 -2.15637
0.325188 -2.21216
0.207962 -2.44294
0.508506 -2.30291
0.0143018 -2.75699
0.0868812 -3.03617
-0.209763 -3.07444
-0.426797 -3.40238
-0.327318 -3.72669
-0.637918 -3.71966
-0.757618 -3.40428
-0.954806 -3.72088
-1.11217 -3.98329
-1.33326 -4.12763
-1.11425 -4.2698
-0.796682 -4.35449
-0.851243 -4.01778
-0.560369 -3.02907
-0.130519 -3.75203
-0.278336 -2.72711
-0.550976 -2.63532
-0.732607 -2.58559
-0.296134 -2.32397
-0.0563135 -2.48925
0.646808 -1.74004
0.712227 -1.61513
0.907032 -1.50015
0.633429 -1.44056
0.837595 -1.28857
0.54772 -1.16641
1.16361 -1.31637
-1.15889 -5.47181
-1.38313 -5.51754
-1.20083 -5.58904
-1.34831 -5.66753
-1.23443 -5.7415
-2.11392 -5.75322
-2.29564 -5.72789
-1.9878 -5.74076
-1.67992 -5.69695
-1.54034 -5.7261
-0.842373 -5.37895
-2.55718 -4.78556
-2.70845 -4.72562
-2.45613 -4.60087
-2.44039 -4.30351
-2.61115 -4.13962
-2.47722 -3.97283
-2.63652 -3.88698
-2.51182 -3.73181
-2.31309 -3.74003
-2.47963 -3.42571
-2.62211 -3.65996
-2.22871 -3.40692
-2.31705 -4.06789
-2.24082 -4.28872
-2.26137 -4.56252
-3.36734 -4.53138
-4.06127 -3.25859
-3.80968 -0.18244
-3.89447 -0.254008
-3.91722 -0.446922
-4.09362 -1.90328
-4.04635 -1.67124
-3.96941 -1.906
-3.98227 -1.61615
-4.01655 -1.50596
-4.02074 -1.34965
-3.95369 -1.00432
-3.93387 -0.814462
-3.89453 -0.685791
-3.88078 -0.550836
-3.83932 -0.604431
-3.8354 -0.388358
-3.79014 -0.467737
-3.76838 -0.298692
-3.73158 -0.104109
-3.70394 -0.224082
-3.67927 -0.0314219
-3.71074 0.0706931
-3.63458 0.123016
-3.58548 0.289437
-3.55072 0.602081
-3.49602 0.542839
-3.48388 0.438466
-3.53274 0.323323
-3.56719 0.167158
-3.46864 0.272636
-3.52948 0.01055
-3.43737 0.122937
-3.45989 -0.0829983
-3.52116 -0.191806
-3.588 -0.25014
-3.54742 -0.367969
-3.6063 -0.55693
-3.67211 -0.414137
-3.66015 -0.635491
-3.72067 -0.742761
-3.74842 -0.515724
-3.75717 -0.72961
-3.79311 -0.756618
-3.78166 -0.946897
-3.84046 -1.00985
-3.84144 -1.30948
-3.75169 -1.15835
-3.66546 -0.856338
-3.67329 -1.16474
-3.57504 -0.879683
-3.54213 -0.546441
-3.49681 -0.6068
-3.4867 -0.346676
-3.43095 -0.472788
-3.41854 -0.215597
-3.36616 0.0376694
-3.35648 -0.258676
-3.26297 0.00877054
-3.25086 0.298384
-3.35413 0.304247
-3.25322 0.555483
-3.38647 0.47536
-3.32763 0.672349
-3.42517 0.564982
-3.42288 0.679516
-3.27175 0.927587
-3.43745 0.764594
-3.21887 1.42814
-3.12641 1.39228
-3.06575 1.54362
-2.9793 1.49973
-2.86518 1.51159
-3.01985 1.35726
-2.84098 1.39782
-2.98376 1.25645
-3.07434 0.968479
-3.19947 0.793239
-3.10471 0.835223
-3.13959 0.719968
-2.88137 1.19207
-3.1726 -0.0341964
-3.25003 -0.313765
-3.14579 -0.191958
-3.25977 -0.671643
-3.36408 -0.635561
-3.35032 -0.968947
-3.43154 -0.963986
-3.46867 -0.78698
-3.51764 -1.13474
-3.63309 -1.35104
-3.54748 -1.52334
-3.66797 -1.80877
-3.74459 -1.5488
-3.7631 -1.92585
-3.83064 -1.85407
-3.81578 -1.52342
-3.88238 -1.72065
-3.91278 -2.16051
-3.9192 -1.54208
-3.91221 -1.25486
-3.97329 -1.4201
-3.9666 -1.21078
-3.89854 -1.01454
-3.88825 -0.816291
-3.83894 -0.79414
-3.79566 -0.612895
-3.98943 -2.35262
-4.10191 -2.24262
-4.06094 -2.45014
-4.03415 -2.61964
-4.00894 -2.83843
-3.96613 -2.64375
-3.94269 -2.44207
-3.91368 -2.60894
-3.83503 -2.21801
-3.77737 -2.57519
-3.74604 -2.15689
-3.66296 -2.23025
-3.56606 -1.88358
-3.5601 -2.13736
-3.59975 -2.36413
-3.46944 -2.01689
-3.51099 -1.92363
-3.45345 -1.66343
-3.44856 -1.26161
-3.35335 -1.28536
-3.2518 -0.965862
-3.22112 -1.26141
-3.33306 -1.57204
-3.2265 -1.63528
-3.3094 -1.74069
-3.37471 -1.83809
-3.30595 -1.91436
-3.39341 -2.13243
-3.30861 -2.1787
-3.19794 -1.96276
-3.05483 -1.6516
-3.10581 -1.32559
-2.95165 -1.23034
-3.11926 -1.12698
-2.84818 -1.43955
-2.80433 -1.11021
-2.69446 -0.906571
-2.66935 -1.15716
-2.55133 -0.883472
-2.29827 -0.728055
-2.46706 -1.09142
-2.58277 -1.2735
-2.68226 -1.44454
-2.79294 -1.68022
-2.92063 -1.78895
-3.05659 -2.15064
-3.20887 -2.50802
-3.21106 -2.23687
-3.28797 -2.38938
-3.32079 -2.58141
-3.39059 -2.44486
-3.40617 -2.7218
-3.31799 -2.85021
-3.72542 -2.77435
-3.76516 -2.90448
-3.84909 -3.00356
-3.94464 -2.99748
-3.9544 -2.81643
-3.9903 -2.99363
-3.97436 -3.21169
-3.96671 -3.40793
-4.00957 -3.34091
-4.02619 -3.17984
-3.97863 -2.82548
-3.07585 0.0337777
-3.62761 -0.0739014
-1.48412 -0.676046
-1.66932 -0.466855
-1.38229 -0.424752
-1.00285 -0.479505
-1.20972 -0.644052
-0.968518 -0.76909
-1.2081 -0.874386
-0.0689144 -0.0199748
0.195745 -0.104856
0.272697 0.117007
0.0246944 0.319416
-0.238094 0.241453
-0.376187 0.0848964
0.0501699 0.634472
0.379191 0.477332
0.299842 0.768382
0.0799246 0.943459
0.152921 1.27922
-0.162595 1.44402
0.169374 1.59427
-0.160218 1.77897
-0.537376 2.01213
-0.0798144 2.1217
-0.364673 2.40127
-0.883958 2.31623
-0.673762 2.61051
-1.01404 2.64319
-1.21538 2.47045
-1.29154 2.643
-1.47899 2.77049
-1.20315 2.78522
-1.21946 2.9645
-1.48138 2.96653
-1.65992 2.87124
-1.71909 2.74916
-1.64218 2.98624
-1.34116 3.10393
-1.07725 3.16074
-1.20496 3.27487
-0.919087 3.30753
-0.376959 3.47433
-0.67393 3.3546
-0.524642 3.30541
-0.25555 3.36348
-0.368611 3.22759
-0.647271 3.15931
-0.497491 3.08712
-0.731615 3.00721
-0.571307 2.95472
-0.744877 2.88745
-0.599854 2.80803
-0.431455 2.89876
-0.807133 2.76636
-0.395292 3.00631
-0.960411 2.8747
-0.917012 3.06768
-0.801911 3.22762
-1.04964 2.04295
-0.837728 2.05705
0.0611353 2.39155
0.295096 2.19805
0.209205 1.90958
0.36197 2.42825
0.302207 1.43851
-1.08953 0.692851
-0.775229 0.886374
-1.02271 1.05959
-1.23536 0.970077
-2.45258 2.1161
-2.52621 2.16553
1.38307 -1.28575
1.50407 -1.2971
0.615183 -5.34957
2.64695 -5.50001
2.17786 -5.58735
