-5.90076 5.39183
-5.96933 5.21163
-5.8948 5.19691
-5.94136 5.05732
-5.99411 5.01467
-6.05083 5.06301
-6.11776 5.10935
-6.06982 5.26774
-5.96884 4.88376
-5.90131 4.95904
-6.89885 1.8497
-6.85497 1.48789
-6.84841 1.63597
-6.83908 1.77487
-6.79159 1.65031
-6.79862 1.85295
-6.74905 1.85667
-6.76026 2.04014
-6.82437 1.92351
-6.81815 2.06593
-6.76862 2.23155
-6.71559 2.47165
-6.66128 2.79649
-5.87208 4.97373
-5.86589 4.97696
-5.80432 5.16448
-5.84904 5.17439
-5.83905 5.36988
-5.78669 5.33663
-5.77473 5.46625
-5.79803 5.53631
-5.85121 5.47643
-5.72949 5.70721
-4.90446 6.57099
-5.01204 6.40377
-5.13479 6.26113
-5.07405 6.22437
-5.23999 6.12814
-5.26568 5.99712
-5.37982 5.94064
-5.42113 5.78834
-5.48691 5.79382
-5.49246 5.88311
-5.57254 5.71889
-5.56097 5.62216
-5.63873 5.56447
-5.64418 5.46358
-5.69391 5.40731
-5.71796 5.48263
-5.74704 5.31537
-5.72801 5.26673
-5.6937 5.2771
-5.76389 5.1084
-5.77733 5.15527
-5.81808 5.01713
-5.88503 4.86996
-5.8496 4.90082
-5.90332 4.80998
-5.92957 4.70439
-5.89685 4.74115
-5.79643 4.96036
-5.74393 5.09079
-5.78601 4.91599
-5.69737 5.13248
-5.61584 5.38396
-5.62935 5.16098
-5.72529 4.91196
-5.60112 4.98043
-5.50828 5.35534
-5.48089 5.23599
-5.34722 5.44318
-5.36773 5.66632
-5.5006 5.57171
-5.29795 5.86826
-5.24165 5.85534
-5.21285 5.74332
-5.11694 5.9526
-5.1614 6.02609
-5.03914 6.11507
-5.06021 6.15379
-4.96625 6.24508
-4.90713 6.36136
-4.91988 6.42124
-4.76875 6.50938
-4.82847 6.3707
-4.68655 6.48132
-4.7452 6.34781
-4.56335 6.5191
-4.58369 6.62351
-4.39415 6.75311
-4.50892 6.76155
-4.65825 6.66938
-4.82958 6.5539
-4.74347 6.70291
-4.56445 6.80325
0.600496 3.67448
0.546971 3.89791
0.599268 4.01006
0.531616 4.08132
0.571668 4.14032
0.516209 4.23597
0.470624 4.1028
0.447371 4.33638
0.51485 4.46878
0.398734 4.59225
0.369782 4.26355
0.322834 4.48507
0.283744 4.29789
0.287192 4.01456
0.187771 4.22461
0.140615 3.86409
0.0323162 4.20324
0.00583458 3.90794
-0.0251637 3.63174
-0.068244 3.83058
-0.203971 3.74601
-0.170976 3.32571
-0.372865 3.43432
-0.341838 2.91027
-0.0699854 2.92226
-0.173402 2.56886
-0.320371 2.47175
-0.488385 2.52282
-0.382653 2.1899
-0.565366 2.23936
-0.712361 2.49689
-0.754403 2.08329
-0.926121 2.35478
-1.03301 2.07671
-1.21365 2.41736
-1.26291 1.99249
-1.12964 1.75092
-0.903138 1.82447
-0.924059 1.52314
-0.663986 1.65291
-0.722613 1.3588
-0.545939 1.3504
-0.618711 1.09099
-0.90115 1.1561
-0.767978 0.917655
-0.609348 0.793601
-0.822971 0.695236
-0.931813 0.876461
-1.08622 0.686617
-0.951493 0.417948
-1.1488 0.490927
-1.34618 0.585257
-1.24041 0.30004
-1.55035 0.287392
-1.44249 -0.0335878
-1.71889 0.0397222
-1.86606 0.22811
-1.95988 -0.0432447
-2.04517 0.0778775
-2.07938 0.202148
-2.24366 -0.0748354
-2.22323 0.351207
-2.55234 0.0166656
-2.60373 -0.382494
-2.33782 -0.494186
-2.68143 -0.733302
-2.38744 -0.840544
-2.65645 -0.930942
-2.62479 -1.12166
-2.30253 -1.03336
-2.34699 -1.2304
-2.63255 -1.32266
-2.49218 -1.36927
-2.67272 -1.44581
-2.8401 -1.42533
-2.88823 -1.52491
-2.68223 -1.53624
-2.90899 -1.61559
-2.69776 -1.61807
-2.41627 -1.5319
-2.54258 -1.63811
-2.34753 -1.62445
-2.72051 -1.70033
-2.22909 -1.53587
-2.05546 -1.42644
-2.30759 -1.38795
-2.06104 -1.27009
-2.01328 -1.05729
-1.77234 -1.14537
-1.65228 -0.877977
-1.88873 -0.835672
-1.69922 -0.675944
-1.98114 -0.596676
-2.11649 -0.885132
-1.57802 -0.413248
-1.79155 -0.22858
-1.22714 -0.264048
-1.06918 0.0801042
-0.882743 -0.131845
-1.08047 -0.449415
-1.40633 -0.589057
-1.2815 -0.769184
-1.50908 -0.994724
-1.34251 -0.973138
-1.52808 -1.12963
-1.29459 -1.05797
-1.12831 -0.846736
-1.0338 -0.934012
-0.930445 -0.737914
-0.913022 -0.546854
-0.78636 -0.586683
-0.650243 -0.383887
-0.675135 -0.199933
-0.869811 -0.33712
-0.627017 0.0609878
-0.759753 0.212047
-0.472364 0.346357
-0.652798 0.513685
-0.438507 0.669762
-0.461196 0.91285
-0.303306 0.886968
-0.404294 1.14382
-0.230473 1.15377
-0.373826 1.49608
-0.135967 1.45916
-0.258947 1.83828
-0.492667 1.91407
-0.205545 2.19436
-0.0537033 1.83161
-0.0306044 2.30884
-0.0530434 2.61262
0.0777121 2.64591
0.146882 3.08366
0.00204277 3.29065
0.142808 3.4793
0.280956 3.337
0.283172 3.66715
0.378405 3.52675
0.382318 3.78991
0.389087 4.00988
0.457612 3.86758
0.508425 3.72913
0.458885 3.65085
0.531714 3.53681
0.465009 3.41428
0.386257 3.26094
0.483524 3.13572
0.400994 2.94174
0.329565 3.1415
0.277741 2.96034
0.269372 3.14195
0.201052 2.80932
0.281829 2.68335
0.187402 2.6173
0.153457 2.44934
0.241655 2.44805
0.187881 2.1934
0.0933199 2.32335
0.0823183 2.02651
0.186597 1.88411
0.240596 2.02683
0.296542 1.82867
0.315916 2.21819
0.371279 1.97641
0.426945 2.2148
0.386882 2.56805
0.308084 2.488
0.335391 2.8034
0.483974 2.69315
0.492723 2.86748
0.571011 2.62965
0.50437 2.42608
0.448053 1.54885
0.397353 1.6929
0.394561 1.44308
0.388368 1.19564
0.460749 0.907643
0.432027 0.67714
0.37456 0.740754
0.369523 0.609783
0.304343 0.566728
0.206425 0.259796
0.153667 0.0880363
0.0716114 0.101113
0.0446815 -0.0651086
-0.0515013 -0.140085
-0.0366936 -0.251069
0.104879 -0.0972567
-6.79393 0.659511
-6.841 0.851993
-6.7709 0.681177
-6.79416 0.857327
-6.8234 1.05115
-6.85083 1.04886
-6.8282 1.16315
-6.80726 1.27571
-6.83397 1.27325
-6.85004 1.3277
-6.82658 1.4181
-6.78577 1.48908
-6.73732 1.68493
-6.76304 1.41896
-6.78287 1.13376
-6.73166 1.38231
-6.74378 1.57339
-6.72149 1.62603
-6.70771 1.78581
-6.69101 2.04349
-6.66772 1.99621
-6.6031 2.28515
-6.62245 2.42264
-6.70275 2.2998
-6.63233 2.59224
-6.5734 2.74327
-6.57295 2.84359
-6.58116 2.97216
-6.52149 3.04336
-6.4231 3.24963
-6.30913 3.49886
-6.18852 3.87771
-6.11009 4.0791
-6.05842 4.23983
-6.06218 4.36132
-6.0031 4.54158
-5.9586 4.72284
-5.94655 4.69685
-6.02304 4.46097
-5.97278 4.54023
-6.04384 4.31119
-5.97329 4.44448
-5.87384 4.61009
-5.7698 4.63023
-5.90375 4.31108
-5.98316 4.24743
-6.02307 4.04598
-6.1263 3.88778
-6.06406 4.1798
-6.14385 3.98606
-6.2376 3.62144
-6.22813 3.72186
-6.34734 3.34869
-6.29057 3.34877
-6.43826 3.05778
-6.51543 2.99736
-6.53552 2.82729
-6.55103 2.95029
-6.56232 2.58905
-6.49016 2.75211
-6.54202 2.52416
-6.53278 2.37577
-6.47799 2.63141
-6.43394 2.61176
-6.40057 2.90301
-6.3389 2.75131
-6.23854 3.15468
-6.17744 3.48717
-6.17564 3.6177
-6.20323 3.61202
-6.10292 3.77797
-6.08732 3.62778
-5.97114 3.98993
-5.97875 3.75008
-5.84359 4.06704
-5.81551 4.33253
-5.71402 4.38277
-5.68855 4.61728
-5.54023 4.7587
-5.44175 5.13468
-5.37804 5.03015
-5.25482 5.31611
-5.14779 5.62502
-5.02759 5.90437
-4.98499 5.77549
-5.04907 5.55129
-4.84342 5.78735
-4.92981 5.47653
-5.11482 5.3179
-5.06961 5.15993
-4.86318 5.27798
-4.98153 5.09266
-5.08535 4.93245
-5.20345 4.92913
-5.25725 4.67418
-5.33212 4.79208
-5.40454 4.5737
-5.46844 4.63805
-5.50666 4.42493
-5.59619 4.41136
-5.62037 4.17331
-5.73095 4.10835
-5.77353 3.77386
-5.58043 3.96693
-5.66714 3.6004
-5.82057 3.38701
-5.73742 3.22033
-5.87618 3.02758
-5.81928 2.84313
-5.92811 2.73385
-5.90457 2.55737
-6.01733 2.4463
-6.02769 2.74709
-6.15382 2.30147
-6.19248 2.55458
-6.29758 2.11325
-6.3364 2.36375
-6.43582 1.94345
-6.39291 1.67654
-6.50066 1.63217
-6.49965 1.37529
-6.59285 1.41863
-6.54912 1.802
-6.66332 1.59495
-6.66525 1.30714
-6.64463 1.12049
-6.70447 1.07308
-6.65347 0.903838
-6.70145 0.807041
-6.76316 0.915998
-6.74477 0.729695
-6.67178 0.596381
-6.71625 0.484786
-6.22116 -0.12651
-6.3462 -0.0371013
-6.323 0.0545741
-6.25446 0.0636386
-6.41106 0.245954
-6.38398 0.123024
-6.47404 0.203019
-6.59127 0.421552
-6.52918 0.414832
-6.6151 0.654876
-6.48464 0.586112
-6.58225 0.905663
-6.48796 0.870171
-6.50201 1.10077
-6.57611 1.17215
-6.40808 1.31945
-6.41581 1.03364
-6.30077 1.26577
-6.31081 1.55221
-6.25137 1.8892
-6.17373 1.68194
-6.10229 2.08013
-6.047 1.96582
-5.96806 2.26582
-5.93557 2.10575
-5.80438 2.48658
-5.84408 2.11764
-5.65564 2.34213
-5.6094 2.7093
-5.66299 2.97124
-5.54646 2.97188
-5.5496 3.12836
-5.53558 3.39968
-5.44872 3.16127
-5.32516 3.45219
-5.33684 3.81118
-5.51266 3.78267
-5.40263 4.08234
-5.43516 4.33304
-5.22865 4.40941
-5.06951 4.72268
-5.03497 4.54644
-5.09533 4.31533
-5.2458 4.14006
-5.1405 4.03032
-4.98671 4.20022
-4.86601 4.48439
-4.85274 4.18558
-4.97408 3.90577
-4.7477 3.934
-4.87457 3.71971
-4.9725 3.66823
-5.05893 3.66534
-5.04309 3.517
-5.16283 3.46412
-5.08831 3.27548
-5.28355 3.13245
-5.15461 2.90878
-4.90551 3.15268
-4.99042 2.62737
-4.71689 2.94296
-4.69466 2.58165
-4.84548 2.34604
-4.63586 2.26857
-4.82681 2.03746
-5.07633 2.21616
-5.06666 1.90988
-4.88681 1.72159
-5.13857 1.614
-4.89362 1.36124
-5.17404 1.23455
-5.38331 1.42018
-5.36402 1.12164
-5.22473 0.827289
-5.49382 0.901515
-5.49754 1.18466
-5.6115 1.0929
-5.59067 1.33239
-5.75753 1.12697
-5.66148 0.892792
-5.76674 0.728689
-5.60912 0.625017
-5.70919 0.432392
-5.87582 0.488413
-5.69758 0.100637
-5.92303 0.231923
-6.03517 0.431371
-6.03616 0.214456
-5.88083 -0.0269052
-6.04251 0.0576101
-6.15857 0.24313
-6.14613 0.0518872
-5.96348 -0.179423
-6.10245 -0.161643
-5.67569 -0.64723
-5.80084 -0.41705
-5.66448 -0.518445
-5.50002 -0.684852
-5.3977 -0.872324
-5.16025 -1.00145
-5.2604 -0.836773
-5.07219 -0.966177
-4.98822 -1.0631
-4.88544 -0.997727
-5.07031 -0.868707
-4.91108 -0.761699
-5.2021 -0.700496
-5.39286 -0.660359
-5.38106 -0.505681
-5.13566 -0.459729
-5.44619 -0.246375
-5.22003 -0.111245
-5.45987 0.00518337
-5.65575 -0.241247
-5.76021 -0.31857
-5.5607 -0.485791
-5.52357 -0.384147
-5.52277 0.28529
-5.35482 0.0975216
-5.32184 0.297747
-5.41226 0.565152
-5.251 0.498753
-5.10899 0.546903
-4.95929 0.725148
-5.00235 1.02812
-4.74722 0.985086
-4.61266 1.34899
-4.71547 1.58053
-4.52354 1.68024
-4.70131 1.79864
-4.58103 1.97402
-4.41232 1.90812
-4.43058 2.16308
-4.45031 2.51194
-4.28868 2.32216
-4.24792 2.57138
-4.32322 2.89064
-4.53371 2.82004
-4.49183 3.20898
-4.28744 3.24728
-4.31155 3.6153
-4.56354 3.68317
-4.68893 3.30397
-4.78203 3.55023
-4.93796 3.48402
-4.55625 4.09551
-4.67626 4.31692
-4.43516 4.44738
-4.60353 4.67567
-4.74288 4.77399
-4.89769 4.75674
-4.74307 4.97279
-4.90976 4.99727
-4.71424 5.20964
-4.65571 5.4693
-4.76643 5.53227
-4.59094 5.74274
-4.75919 5.68971
-4.64017 5.90953
-4.65695 6.08706
-4.84509 6.00708
-4.64658 6.2971
-4.86788 6.1493
-4.99569 6.07234
-4.90592 6.22091
-4.4534 6.34155
-4.38583 6.57204
-4.30909 6.50637
-4.15006 6.68134
-4.1868 6.83229
-4.18279 6.97831
-4.38599 6.90658
-3.54421 7.41978
-3.7287 7.30296
-3.55532 7.31139
-3.7577 7.17831
-3.55315 7.1905
-3.78703 7.0339
-3.55287 7.064
-3.72242 6.9494
-3.90467 6.84509
-4.00744 6.89683
-3.98624 7.03478
-3.99234 6.63213
-3.75257 6.8012
-3.83043 6.56476
-3.63093 6.71308
-3.68944 6.53195
-3.802 6.41897
-3.92765 6.37451
-3.89252 6.23693
-3.68509 6.32531
-3.86406 6.02558
-3.61994 5.9994
-3.88903 5.7376
-3.75469 5.58351
-3.94499 5.48355
-4.05543 5.53972
-4.08026 5.77439
-4.25607 5.41188
-4.09682 5.28991
-4.29244 5.03891
-4.08977 4.97601
-4.25852 4.7376
-4.13859 4.72643
-4.15544 4.42705
-4.03042 4.74802
-3.8917 4.59312
-3.86086 4.99288
-3.91841 5.27622
-3.7401 5.31355
-3.67312 5.14655
-3.65443 4.86755
-3.51073 5.19728
-3.41554 4.96262
-3.51421 4.62771
-3.70147 4.53059
-3.61862 4.29452
-3.38665 4.35945
-3.56436 3.94352
-3.35589 4.00037
-3.4741 3.76031
-3.60723 3.44256
-3.79173 3.68864
-3.72844 4.02875
-3.85432 3.95125
-3.95007 3.75972
-3.99666 4.02529
-4.10276 3.70775
-4.00327 3.43259
-4.17384 3.42225
-4.14665 3.13728
-4.00078 3.09714
-3.84343 3.26147
-3.90404 2.91911
-4.09232 2.79259
-3.93685 2.63832
-3.79666 2.77259
-3.78595 2.41015
-4.08499 2.38305
-3.99711 2.00336
-3.7742 1.97858
-3.90173 1.65361
-3.72762 1.75519
-3.74835 1.55429
-3.86155 1.32374
-4.05609 1.31798
-3.98811 1.06845
-4.20108 0.949902
-4.24436 1.2795
-4.15748 1.6328
-4.37953 1.44939
-4.33383 1.73059
-4.2411 2.01276
-4.45478 1.06359
-4.45026 0.639941
-4.5892 0.813782
-4.72744 0.590033
-4.6084 0.335286
-4.4098 0.228575
-4.67532 -0.00593001
-4.78592 0.269885
-4.98829 0.0906028
-4.91924 -0.23416
-5.20783 0.11802
-5.14066 0.3117
-4.9528 0.409355
-4.70185 -0.296018
-4.80194 -0.503109
-4.52281 -0.427434
-4.63063 -0.727677
-4.66627 -0.964581
-4.43029 -0.923229
-4.45401 -1.1633
-4.67998 -1.12405
-4.82292 -1.15673
-4.59189 -1.28072
-4.33611 -1.39085
-4.24461 -1.29165
-4.24152 -1.08775
-4.06107 -1.25326
-4.10807 -1.44389
-3.92096 -1.42875
-3.58459 -1.86852
-3.73806 -1.84193
-3.6176 -1.78102
-3.79219 -1.74286
-3.66556 -1.66504
-3.86464 -1.63609
-3.79071 -1.55012
-3.59466 -1.53949
-3.742 -1.42368
-3.85766 -1.26528
-3.68492 -1.26312
-3.57112 -1.38517
-3.55465 -1.25089
-3.40202 -1.28703
-3.41512 -1.45358
-3.39657 -1.5938
-3.20632 -1.47996
-3.16113 -1.62141
-3.02414 -1.49872
-3.0001 -1.39072
-2.82177 -1.30164
-2.93996 -1.24073
-3.12331 -1.34554
-3.1601 -1.19797
-3.27278 -1.3612
-3.32197 -1.09644
-3.47474 -1.15739
-3.44399 -0.99327
-3.5912 -1.11408
-3.57436 -0.900663
-3.75278 -1.06802
-3.72937 -0.801125
-3.84947 -0.960635
-3.94563 -1.0808
-4.082 -1.06829
-4.02932 -0.986281
-4.12599 -0.880007
-4.27388 -0.932986
-4.28619 -0.775452
-4.43529 -0.688942
-4.29563 -0.522438
-4.2917 -0.229978
-4.45529 -0.112763
-4.58179 -0.223707
-4.29239 0.0258454
-4.20992 0.228053
-4.2169 0.524883
-4.03104 0.34833
-4.01827 0.749395
-3.87189 0.611261
-3.81208 0.978572
-3.70828 0.693386
-3.80096 0.267408
-3.59973 0.514323
-3.59442 0.158658
-3.74763 -0.0368208
-3.66583 -0.240483
-3.79012 -0.197764
-3.8768 -0.108836
-3.87321 -0.356143
-4.076 -0.311865
-3.99886 -0.61453
-4.15711 -0.632272
-3.93367 -0.855368
-3.81182 -0.579383
-3.63234 -0.52186
-3.41601 -0.290738
-3.43792 0.0240699
-3.18024 0.144674
-3.11786 -0.19652
-3.32857 -0.4832
-3.17482 -0.502533
-3.35686 -0.74035
-3.51295 -0.635986
-3.10403 -0.704578
-3.2774 -0.907834
-3.11241 -0.961943
-2.95473 -0.830625
-2.85989 -0.606817
-2.9007 -0.340142
-2.90054 -1.00055
-2.99941 -0.936911
-2.80429 0.0750315
-2.97293 0.141797
-2.77462 0.406143
-2.94996 0.358836
-3.01517 0.49251
-3.17557 0.514294
-2.9632 0.811566
-3.11946 0.902342
-3.2956 0.670777
-3.3374 0.410105
-3.45247 0.453747
-3.43259 0.240709
-3.31617 0.246276
-3.44119 0.811766
-3.25457 0.981787
-3.32282 1.26331
-3.57494 1.04074
-3.49149 1.41431
-3.67577 1.33735
-3.57665 1.66851
-3.32741 1.71034
-3.45446 1.95088
-3.62457 1.9041
-3.5833 2.16194
-3.32633 2.2467
-3.49755 2.52476
-3.58352 2.93728
-3.38915 2.84614
-3.27846 2.62813
-3.22455 2.96434
-3.32259 3.2416
-3.17441 3.19598
-3.10135 3.44546
-3.19249 3.63914
-3.37448 3.62835
-3.17311 3.96181
-3.17331 4.30192
-2.96395 4.26551
-2.97606 3.8629
-2.75185 4.20288
-2.7281 4.60461
-2.98845 4.59156
-2.82432 4.89019
-2.62418 4.9404
-2.67636 5.16422
-2.4694 5.19296
-2.55345 5.45469
-2.29782 5.54776
-2.46863 5.83886
-2.18758 5.93168
-2.29425 6.23659
-2.54526 6.13597
-2.73127 5.91283
-2.75086 6.23452
-2.49468 6.42245
-2.68931 6.56928
-2.96915 6.38319
-2.96391 6.14284
-2.88243 6.02485
-3.03244 5.97
-3.18955 6.07038
-3.18389 5.73173
-2.95013 5.81775
-3.03202 5.53668
-3.26982 5.31764
-3.44137 5.53048
-3.59767 5.34459
-3.61734 5.50897
-3.53641 5.73924
-3.35631 5.81619
-3.41824 5.96555
-3.37163 6.15713
-3.40285 6.39126
-3.21064 6.323
-3.11676 6.59925
-3.29645 6.706
-3.51839 6.58889
-3.43254 6.836
-3.57485 6.86422
-3.47634 6.97707
-3.61173 6.94279
-3.38188 7.07538
-3.34976 7.18408
-3.23691 7.09776
-3.08993 7.25089
-3.31029 7.33546
-3.00095 7.46162
-3.22387 7.49456
-3.40594 7.41421
-3.37863 7.50139
-3.22802 7.62407
-3.00369 7.60579
-3.0039 7.71424
-2.2118 7.83483
-2.43902 7.85618
-2.62757 7.83974
-2.46039 7.77348
-2.75255 7.716
-2.84285 7.80045
-2.52264 7.6303
-2.79856 7.59334
-2.72313 7.50191
-2.86395 7.37202
-2.68142 7.36944
-2.84662 7.18456
-3.07089 7.06282
-2.95817 6.98043
-3.10311 6.8531
-2.96991 6.8197
-2.86545 6.704
-2.81885 6.95582
-2.62904 6.89327
-2.66374 7.12817
-2.67069 7.2586
-2.5226 7.29369
-2.49446 7.47791
-2.32198 7.40043
-2.24878 7.551
-2.22038 7.69912
-2.04335 7.6116
-1.89516 7.70632
-1.95327 7.85259
-1.70997 7.83284
-1.58254 7.66808
-1.6695 7.48989
-1.88197 7.54536
-1.84086 7.35652
-1.68306 7.32493
-1.75176 7.17039
-1.91122 7.15059
-2.03936 7.23313
-2.06098 6.99628
-2.24285 7.05315
-2.18856 7.31392
-2.36387 7.20863
-2.1864 7.45017
-2.04606 7.45814
-2.43316 7.00666
-2.51747 7.11176
-2.42465 6.76189
-2.215 6.82451
-2.26481 6.58063
-2.07468 6.49823
-2.06909 6.75755
-1.88532 6.7167
-1.89591 6.95797
-1.70478 6.94634
-1.52873 7.21799
-1.52204 6.92598
-1.3068 7.02309
-1.29488 7.27342
-1.3882 7.48119
-1.16033 7.36903
-1.15488 7.18649
-1.00633 7.20863
-1.05704 6.97307
-1.22467 6.75049
-1.03406 6.68724
-1.18537 6.49712
-1.01821 6.42661
-1.16048 6.2738
-1.02069 6.10492
-1.26552 6.02281
-1.33057 6.26927
-1.49528 5.99662
-1.53489 6.26903
-1.3709 6.51225
-1.55307 6.49987
-1.43646 6.73475
-1.67548 6.6623
-1.76183 6.30832
-1.88505 6.4846
-2.02553 6.24299
-1.95016 5.98695
-2.08385 5.73212
-1.90207 5.71685
-1.72115 5.99591
-1.68465 5.67359
-1.43702 5.72205
-1.60617 5.42101
-1.75357 5.40273
-1.83098 5.07717
-1.51814 5.15912
-1.39735 5.46757
-1.25017 5.28151
-1.18345 5.71294
-1.00705 5.50588
-0.921811 5.81402
-0.774041 6.06825
-0.852461 6.33619
-0.720886 6.28587
-0.733129 6.46095
-0.873308 6.57738
-0.728941 6.64622
-0.875321 6.8064
-0.707932 6.82379
-0.858761 7.02186
-0.686149 7.01287
-0.848195 7.20963
-0.985519 7.40029
-0.81961 7.35143
-0.905196 7.46194
-0.984038 7.56568
-1.18045 7.57371
-1.39134 7.679
-1.52324 7.75534
-0.634175 7.10703
-0.735241 7.19374
-0.496062 6.92356
-0.511385 6.73057
-0.386132 6.71827
-0.310225 6.52392
-0.273632 6.61152
-0.151945 6.40916
-0.194298 6.61149
-0.339469 6.75259
-0.334 6.8533
-0.0255642 6.34185
0.134965 6.09229
0.284988 5.85912
0.183103 5.86483
0.0112467 6.1106
0.108803 5.85865
-0.000469208 5.97051
0.0919418 5.69333
-0.0719662 5.94832
-0.0325909 5.70656
-0.182762 5.9151
-0.171942 5.66525
0.0258274 5.41005
-0.144336 5.41682
-0.291843 5.54663
-0.287617 5.72389
-0.395842 5.77623
-0.304214 5.87656
-0.450435 6.02
-0.338335 6.11155
-0.500385 6.26311
-0.397321 6.39856
-0.594899 6.47369
-0.586358 6.63108
-0.629903 6.34199
-0.604893 6.15547
-0.217239 6.13044
-0.159081 6.2208
-0.580214 5.87677
-0.744996 5.81645
-0.648754 5.66179
-0.479479 5.55778
-0.657795 5.39208
-0.806464 5.60328
-0.857403 5.3444
-0.760931 5.18429
-0.901044 5.09047
-1.04527 5.197
-1.05589 4.9011
-1.19665 4.97803
-1.2497 4.57797
-1.00431 4.64455
-1.08463 4.32784
-1.29578 4.02854
-1.00504 3.97164
-1.19525 3.68823
-1.42001 3.50835
-1.6061 3.86477
-1.67806 3.42407
-1.60544 3.10566
-1.7994 3.12603
-1.81162 2.7944
-1.92658 2.98605
-2.04693 2.74264
-1.98166 2.42775
-2.26696 2.38657
-2.22528 2.76392
-2.07638 3.14752
-2.35507 2.94498
-2.39134 2.63124
-2.57263 2.71394
-2.52963 2.39658
-2.79902 2.4118
-2.74078 2.71069
-2.68369 2.9673
-2.5081 2.99697
-2.5106 3.26595
-2.69458 3.2575
-2.82705 3.09332
-2.81314 3.33669
-2.61633 3.62778
-2.88443 3.55693
-3.01335 3.14193
-2.76033 3.87919
-2.5646 4.08452
-2.52568 4.44657
-2.38419 4.29685
-2.28832 4.59412
-2.43164 4.84847
-2.14762 4.93569
-2.24578 5.20297
-2.04127 5.22293
-2.07828 5.47356
-1.88369 5.42862
-2.04429 4.6643
-1.84667 4.64585
-1.63615 4.78049
-1.7268 4.32194
-1.96938 4.36581
-1.91787 4.15742
-2.08888 4.03262
-1.88048 3.8818
-2.11967 3.62061
-2.22583 3.82013
-2.34569 3.98145
-2.35391 3.60825
-2.30609 3.28698
-2.41902 3.12031
-1.94354 3.52318
-1.86528 3.33067
-1.79113 3.60851
-1.47496 4.2719
-1.49418 4.56934
-1.39346 4.89485
-1.91635 3.14539
-2.18912 4.33098
-2.90149 2.79
-3.10799 2.78798
-3.08516 2.47433
-3.07784 2.03635
-2.81888 2.06344
-2.88908 1.77348
-2.68202 1.90807
-2.7329 1.51801
-2.50808 1.78184
-2.50593 1.37419
-2.75174 1.09655
-2.92973 1.18146
-2.80919 0.689499
-2.60969 0.981583
-2.61273 0.720921
-2.48095 0.515406
-2.40196 1.02965
-2.25855 0.889454
-2.08183 1.26764
-2.27508 1.43564
-2.08229 1.73148
-2.3081 1.73937
-2.13879 2.06942
-1.86685 2.12246
-1.75975 2.48344
-1.57792 2.3582
-1.57575 2.74324
-1.38435 2.68465
-1.36062 3.06575
-1.19345 2.84579
-1.12341 3.19124
-1.22455 3.39904
-1.03824 3.54471
-0.90516 3.31248
-0.810222 3.69234
-0.733808 4.09814
-0.854712 4.42391
-0.625978 4.45153
-0.706865 4.73778
-0.858332 4.73432
-0.789669 4.95739
-0.619214 5.05272
-0.502276 4.75285
-0.468603 5.01781
-0.4688 5.23503
-0.295806 4.97727
-0.346875 5.33291
-0.229712 5.29042
-0.0880938 5.12206
-0.110558 4.83326
-0.179367 4.61698
-0.0548162 4.6287
0.0308771 4.78176
0.0108538 4.4997
-0.0756283 4.39101
0.116933 4.49891
-0.110348 4.07123
-0.195566 4.33841
-0.337518 4.49989
-0.28812 4.11126
-0.498738 4.18891
-0.424589 3.82137
-0.618331 3.84112
-0.562463 3.56647
-0.683784 3.63908
-0.715536 3.41482
-0.558829 3.20429
-0.782731 3.03074
-0.606597 2.82446
-0.755507 2.76434
-0.919353 2.68398
-1.00298 2.97056
-1.08296 2.73177
-0.483248 4.47932
0.174063 4.78222
0.0998974 5.07236
0.160756 5.24298
0.157458 5.40142
0.0640717 5.56016
0.241521 5.41788
0.21724 5.63896
0.346826 5.3474
0.319067 5.62304
0.426712 5.38743
0.42353 5.60907
0.572364 4.55675
0.507218 4.72061
0.462638 4.66133
0.428277 4.85992
0.35543 4.88323
0.292246 4.75824
0.303924 4.99328
0.334298 5.06091
0.264472 5.19743
0.224536 5.04661
0.209193 5.23034
0.329039 5.19379
0.37638 5.02092
0.397049 5.09591
0.48738 5.04422
0.230644 4.50764
0.620433 4.38008
0.583727 4.2603
0.642799 4.10193
0.657306 3.95279
-0.923097 4.87621
-1.52205 1.99376
-1.69883 2.05266
-1.81698 1.72331
-1.61884 1.66936
-1.72342 1.53084
-1.82843 1.333
-1.57489 1.36655
-1.74897 1.00622
-1.43232 0.954295
-1.21958 1.34774
-1.40046 1.69508
-1.13418 0.966289
-1.25688 0.796343
-1.69615 0.599183
-1.98926 0.723198
-1.95156 1.05709
-2.10347 0.929078
-2.21452 0.682946
-1.97705 0.423166
-2.3443 2.0182
-2.49686 2.10766
-2.66215 2.17458
-2.94602 1.47388
-3.10584 1.24152
-3.10483 1.59508
-3.29334 1.98886
-3.23776 6.93255
-3.34136 6.99659
-3.05842 5.22328
-3.22547 5.02239
-3.06509 4.88464
-3.29911 4.73711
-3.18305 4.57745
-2.87113 5.15784
-2.87294 5.42901
-2.73165 5.36378
-2.69816 5.61584
-2.85449 5.66839
-3.47492 3.30989
-3.74849 3.0521
-3.98 0.0364502
-4.14044 0.0134069
-3.45282 -1.70452
-3.27969 -1.76943
-3.47815 -1.80591
-3.0873 -1.7598
-3.19532 -1.8005
-3.08108 -1.69133
-2.90748 -1.69101
-3.53438 -1.63288
-4.17257 4.00408
-4.36749 4.05
-4.08195 4.19264
-3.99291 4.30175
-3.82704 4.2514
-4.41332 4.76997
-4.47288 4.91999
-4.45064 5.14185
-4.60191 4.94182
-4.59937 5.13373
-4.49504 5.39014
-4.3051 5.69231
-4.47871 5.65176
-4.33603 5.95224
-4.48368 5.98433
-4.35436 6.15028
-4.47711 6.15095
-4.25214 6.39752
-4.21555 6.22885
-4.05059 6.4114
-4.08502 6.17986
-4.16226 5.9338
-4.01227 6.03635
-3.91543 7.17845
-4.04044 7.0891
-6.29802 0.314208
-6.23533 0.455437
-6.35025 0.578179
-6.41372 0.780182
-6.32856 0.740162
-6.33144 0.937043
-6.25147 0.801045
-6.21705 1.05515
-6.1474 1.37069
-5.98218 1.75339
-6.02391 1.39569
-5.88995 1.55532
-5.76355 1.92543
-5.74349 1.67066
-5.81536 1.40994
-5.94553 1.19997
-5.90749 0.860552
-6.03216 0.694282
-6.13656 0.868764
-6.15669 0.6073
-6.2667 0.632382
-6.12884 0.386906
-6.08992 1.13397
-5.69277 1.48905
-5.62394 1.72722
-5.62769 1.88756
-5.4683 1.91543
-5.53957 2.17444
-5.4978 2.40186
-5.48148 2.60421
-5.32601 2.51173
-5.33625 2.8003
-5.45177 2.89031
-5.31306 2.2025
-5.18287 2.39042
-5.25326 1.98085
-5.33695 1.74577
-5.20004 1.82733
-5.52923 1.61976
-5.16493 3.73031
-6.74406 0.532385
-6.75174 0.671727
-6.60812 1.86815
-6.52734 2.09997
-6.60915 2.069
-6.66821 1.81736
-6.4217 2.41097
-6.4531 2.11485
-6.33278 2.59083
-6.21253 2.85338
-6.08982 2.9563
-6.10641 3.11221
-6.09696 3.34766
-6.14808 3.40375
-6.01293 3.27474
-5.94114 3.58119
-5.85378 3.85606
-5.91063 3.44788
-5.95756 3.15332
-5.39666 4.86012
-5.25596 5.06379
-6.07016 4.21431
0.724306 2.21647
0.686534 2.55846
0.627727 2.72221
0.537061 2.91328
0.635357 2.95762
0.57523 3.15542
0.676253 3.17635
0.610538 3.39606
0.715088 2.98371
0.768718 2.59065
0.828635 2.42559
0.798209 2.21476
0.756651 2.40305
0.709251 2.78174
0.53688 3.33372
-1.76078 -1.29677
-1.50234 -1.24092
-1.90631 -1.29894
-1.23846 -1.147
-0.832853 -0.881619
-0.811533 -0.727439
-0.660936 -0.6668
-0.635514 -0.527988
-0.473241 -0.46823
-0.470926 -0.313209
-0.456512 -0.136632
-0.325778 -0.124635
-0.245989 0.111541
-0.441545 0.0809929
-0.277707 0.313524
-0.102069 0.451225
-0.237343 0.607237
-0.0694962 0.769255
-0.169686 0.89288
-0.050889 1.10411
0.0773563 0.960228
0.0498857 1.18613
0.020833 1.41243
0.101806 1.66808
0.155019 1.31899
0.209504 1.61709
0.31509 1.43697
0.25229 1.03987
0.344367 0.967147
0.263326 0.737437
0.126605 0.725832
0.115542 0.483936
0.18892 0.457705
0.0730553 0.265879
0.151974 0.296728
-0.0565691 0.0386455
-0.0458574 0.254164
-0.187465 -0.0313979
-0.185936 -0.194426
-0.323565 -0.247443
-0.322863 -0.361898
-0.417451 -0.516961
-0.545676 -0.629313
-0.224791 -0.382045
-0.671744 -0.764204
0.033803 0.508118
0.0199366 0.671614
-2.06997 -0.292918
-2.51296 -1.45446
-5.66032 5.64293
-5.72379 5.58833
-5.67803 5.68389
-5.61569 5.79166
-5.65015 5.90537
-5.51333 5.98264
-6.86077 1.95129
-6.86275 1.83992
-5.76355 1.92543
