-6.11776 5.10935
-6.06982 5.26774
-5.65015 5.90537
-4.90446 6.57099
-4.74347 6.70291
-3.22802 7.62407
-2.84285 7.80045
-2.62757 7.83974
-2.43902 7.85618
-1.95327 7.85259
-1.70997 7.83284
-0.984038 7.56568
-0.334 6.8533
0.284988 5.85912
0.42353 5.60907
0.620433 4.38008
0.828635 2.42559
0.798209 2.21476
0.432027 0.67714
0.104879 -0.0972567
-0.0366936 -0.251069
-0.671744 -0.764204
-0.832853 -0.881619
-1.23846 -1.147
-2.34753 -1.62445
-3.19532 -1.8005
-3.58459 -1.86852
-3.73806 -1.84193
-5.3977 -0.872324
-5.67569 -0.64723
-6.3462 -0.0371013
-6.71625 0.484786
-6.74406 0.532385
-6.79393 0.659511
-6.841 0.851993
-6.89885 1.8497
