2.5067 -1.10701
2.63277 -0.30097
2.90927 0.54449
3.34428 1.45465
3.79091 2.3556
4.36535 3.11687
4.70295 3.43722
4.89182 3.58653
5.4115 3.85822
5.92362 3.86273
6.20266 3.82095
6.34144 3.79153
6.77905 3.50424
7.94456 1.58758
8.20403 1.13949
8.35602 0.402165
8.86159 -2.78379
8.85502 -2.85501
8.83428 -2.93772
8.66842 -3.35069
8.58848 -3.45958
8.52122 -3.52697
8.43167 -3.61392
8.34006 -3.68212
8.16292 -3.79909
7.73865 -3.96813
7.48533 -4.03017
7.31432 -4.06803
6.53302 -4.17546
6.14759 -4.16455
5.86427 -4.15122
5.62882 -4.1401
5.46221 -4.12503
5.4066 -4.11068
4.28605 -3.69579
3.82431 -3.48083
3.66146 -3.38313
3.56764 -3.3184
3.44933 -3.20878
3.21705 -2.90702
3.09071 -2.70717
3.01032 -2.57621
2.6908 -1.74697
2.60213 -1.44124
