7.36969 6.43708
7.60166 6.31656
7.44054 6.33196
7.54737 6.17771
7.7399 6.15332
7.77569 6.25085
7.89664 6.1372
8.02896 6.09654
8.2409 5.89678
9.32464 1.26169
9.33154 1.12293
9.28979 0.977441
9.25225 1.18554
9.22771 0.935518
9.24089 0.779142
9.17797 0.730739
9.18348 0.573662
9.2165 0.63883
9.29022 0.721944
9.28294 0.6112
9.26601 0.484321
9.24162 0.455659
9.21679 0.336493
9.2283 0.307791
9.22881 0.170944
9.23722 0.27605
9.24548 0.114086
9.18985 0.000215672
9.19672 -0.0202324
9.22356 0.1264
9.1858 -0.0239138
9.17646 0.0610846
9.13448 -0.150817
9.13135 -0.0828779
9.18263 0.154723
9.13123 0.0439259
9.19343 0.257119
9.14728 0.310872
9.14666 0.495497
9.08174 0.281877
9.07473 0.607214
9.14974 0.985407
8.99135 0.925789
9.07265 1.18238
9.14881 1.33165
9.04323 1.39394
9.10188 1.60192
8.98225 1.59528
9.06611 1.98603
8.92518 1.84567
8.98145 2.10065
9.03887 2.29018
9.09328 2.37063
9.14857 2.29633
9.14132 2.62385
9.22251 2.5295
9.21861 2.23454
9.27996 2.40957
9.27252 2.16832
9.3009 1.42608
9.24442 1.67961
9.22649 1.43175
9.16234 1.56148
9.16746 1.79948
9.21823 1.96891
9.1623 2.05024
9.30697 2.97088
9.2809 2.73976
9.28169 2.59016
9.22313 2.80116
9.17617 2.88493
9.05537 2.94547
9.02378 3.17726
9.02078 3.46836
9.02837 4.02468
9.00902 3.90942
9.04452 3.68394
8.97811 3.76229
8.9494 3.60457
8.94091 3.34417
8.84142 3.59184
8.85431 3.27536
8.93192 2.92683
8.81476 3.11469
8.80497 2.9119
8.81542 2.66661
8.88619 2.4723
8.97466 2.6057
8.94884 2.33277
9.03671 2.54053
9.02428 2.75386
9.08478 2.44542
8.88823 2.25649
8.90038 2.08399
8.81244 2.15954
8.80422 1.8611
8.80378 1.49724
8.7015 1.68667
8.7099 1.93506
8.60401 1.82718
8.66556 2.17411
8.47072 2.01247
8.56198 2.4119
8.70823 2.53189
8.78408 2.3941
8.73974 2.79104
8.6221 2.79153
8.72619 3.0704
8.59623 3.15653
8.6696 3.34183
8.56647 3.4837
8.65904 3.606
8.76754 3.38721
8.73411 3.69192
8.7563 3.972
8.64429 3.87996
8.61187 4.13688
8.67068 4.36658
8.52149 4.39757
8.53798 4.59772
8.61614 4.73765
8.74117 4.46061
8.75498 4.61653
8.85534 4.34762
8.79941 4.20761
8.90639 4.03922
8.95999 4.15379
8.92783 4.35186
8.85097 4.58595
8.94824 4.43916
8.99858 4.23798
8.90322 4.61759
8.8157 4.80971
8.68795 4.93065
8.72963 4.99683
8.65765 5.16515
8.55585 5.37272
8.5908 5.21525
8.55494 5.17636
8.55442 5.03802
8.43773 5.04038
8.47638 4.80085
8.35534 4.93475
8.40332 4.6702
8.25951 4.88724
8.25883 5.04058
8.28526 5.14351
8.14419 5.1756
8.2183 5.31647
8.3135 5.29949
8.21165 5.45141
8.13636 5.42706
8.11183 5.6255
8.29999 5.50177
8.19948 5.77422
8.34337 5.60326
8.33021 5.74071
8.12696 5.96864
8.09819 5.91107
8.0383 5.86046
8.01341 6.00294
7.88465 5.99512
7.90368 5.77307
8.01625 5.48757
7.84137 5.5577
7.95479 5.28487
8.03128 5.05426
8.14194 4.87631
8.28006 4.6385
8.12055 4.63652
8.29842 4.32668
8.40024 4.43963
8.48498 4.17068
8.40509 4.02994
8.53235 3.83843
8.42972 3.8534
8.43147 3.64366
8.47284 3.29219
8.33633 3.41479
8.35513 3.07329
8.4888 2.95106
8.36637 2.71764
8.48904 2.64231
8.37403 2.32698
8.23499 2.4598
8.20446 2.80845
8.04822 2.36713
8.16564 2.03585
8.03524 2.06654
7.98341 1.79315
8.06385 1.49458
8.22348 1.74388
8.2495 1.4263
8.3395 1.75857
8.31682 1.98175
8.44411 1.60535
8.34872 1.33033
8.46054 1.29819
8.58133 1.57346
8.63859 1.45293
8.61535 1.19794
8.80478 1.06099
8.95324 1.27742
8.84633 0.735907
8.96016 0.586555
8.85531 0.398116
8.96888 0.2456
8.82152 0.0336203
8.70053 0.195951
8.73892 0.549224
8.60667 0.406532
8.60683 0.646145
8.73501 0.801609
8.61252 0.894962
8.46827 0.633916
8.42432 0.882997
8.35491 0.575879
8.23042 0.487838
8.32836 0.23074
8.14736 0.085164
8.04571 0.122132
8.05537 0.482157
7.90499 0.144356
7.92765 0.437164
8.0259 0.717282
7.88445 0.644817
7.79337 0.213669
7.70219 0.325019
7.74723 0.763776
7.91184 1.05497
8.05567 1.05234
7.8361 1.32684
7.65554 0.993072
7.67485 1.42186
7.50788 1.12101
7.55719 1.49818
7.42015 1.36543
7.49885 1.74839
7.67421 1.79767
7.62708 2.13993
7.83131 2.17864
7.76161 2.55796
7.55738 2.44007
7.6469 2.74174
7.48468 2.7036
7.61559 3.0138
7.79088 2.96156
7.76843 3.30276
7.58908 3.32583
7.71565 3.6011
7.89634 3.60523
7.80395 3.88522
8.00265 3.94186
7.83687 4.1252
7.9165 4.28656
8.08062 4.23134
7.95599 4.54054
7.81859 4.48424
7.75179 4.67851
7.83272 4.78347
7.68791 4.9436
7.82215 4.94664
7.94706 4.80762
7.90161 5.06393
8.02827 4.8825
8.1424 4.39092
7.73812 5.1448
7.79541 5.34064
7.64777 5.36201
7.64309 5.59145
7.70204 5.80189
7.51484 5.85091
7.58261 5.99593
7.40106 6.09945
7.72962 5.99457
7.33577 6.29203
7.25275 6.21837
7.15007 6.33488
7.22273 6.41718
7.05683 6.45051
7.1115 6.53767
6.89086 6.52887
5.66254 6.62411
5.40538 6.57732
5.26079 6.49746
5.0345 6.45571
1.90875 2.96887
2.08283 3.11411
2.22135 3.21549
2.16137 3.07233
2.28133 3.18385
2.26288 3.04503
2.44112 3.28096
2.33432 3.29127
2.41269 3.40425
2.29431 3.37388
2.42545 3.52224
3.32216 5.21171
3.45164 5.3102
3.58184 5.44878
3.62717 5.30536
3.68564 5.44925
3.81941 5.51259
3.87619 5.347
4.02333 5.556
4.00108 5.72093
4.70598 6.30229
4.89044 6.30023
4.72762 6.19435
4.8502 6.12344
5.06962 6.22169
5.04411 6.34788
5.1985 6.38495
5.35759 6.26606
5.21047 6.02521
5.43346 6.0916
5.6427 6.229
5.53939 6.35729
5.71813 6.42924
5.47005 6.46613
5.67017 6.52719
5.85805 6.55393
5.98611 6.66893
6.12246 6.58133
6.26491 6.68551
6.32712 6.59452
6.28797 6.48756
6.45672 6.53111
6.676 6.4954
6.51045 6.39947
6.76273 6.28141
6.93524 6.36981
6.93665 6.23598
7.11786 6.17397
6.94829 6.07503
7.1376 5.94726
7.30728 5.96341
7.26957 5.71503
7.41661 5.74749
7.4782 5.51103
7.31298 5.47788
7.40797 5.26714
7.58566 5.2169
7.51936 5.04869
7.53803 4.75403
7.35534 5.03657
7.30987 4.79728
7.35878 4.51699
7.56812 4.36998
7.68779 4.53602
7.75815 4.33355
7.69177 4.11266
7.50951 4.02202
7.63097 3.83236
7.46281 3.70459
7.57115 3.58146
7.43365 3.39357
7.40529 3.02048
7.28333 3.21639
7.30306 3.49929
7.1701 3.27167
7.15766 3.57304
7.32849 3.83075
7.18009 3.9462
6.98776 3.70402
6.97308 3.18406
6.83124 3.46032
6.79385 3.80344
6.93086 3.92215
6.88832 4.14564
6.68826 4.11138
6.77387 4.33728
6.91926 4.47718
6.71563 4.61057
6.91704 4.80913
6.68989 4.96298
6.86823 5.15082
6.63105 5.29354
6.777 5.33678
6.70289 5.5165
6.48237 5.58001
6.5598 5.8129
6.85628 5.6736
6.68304 5.97406
6.46588 6.08261
6.58176 6.2058
6.29405 6.30132
6.0244 6.44355
6.04597 6.31496
6.13819 6.19337
6.29777 6.13632
6.21908 6.02914
6.37646 5.99046
6.33567 5.82518
6.1097 5.85606
6.25977 5.61812
6.3844 5.37319
6.19341 5.41914
6.2544 5.18346
6.46763 5.09456
6.32834 4.93056
6.50437 4.7916
6.26989 4.59635
6.52274 4.51646
6.63778 4.35844
6.46037 4.22704
6.54309 3.8346
6.33471 3.97747
6.18806 4.21052
6.0199 4.42868
5.97972 4.70535
6.12603 4.94944
5.89833 4.97934
5.79212 4.77797
5.7593 4.50277
5.60042 4.77549
5.71765 4.9545
5.54095 5.06322
5.35728 4.8799
5.43381 4.51675
5.1216 4.69232
5.19559 4.92691
5.22868 5.16252
5.07971 4.99156
4.97092 5.24686
4.88136 4.94061
4.78379 4.52045
5.02586 4.40025
5.2235 4.35611
5.09975 4.17514
5.26691 4.1308
5.38971 4.23111
5.41956 3.96652
5.59432 4.20945
5.89209 4.1324
5.66609 3.9302
5.88191 3.73395
6.12958 3.90795
6.13141 3.64397
6.32326 3.71882
6.28297 3.39714
6.47164 3.52895
6.51299 3.2021
6.65615 3.49289
6.73155 3.16073
6.5983 2.86888
6.78865 2.79057
6.96498 2.66746
7.16062 2.91571
7.10413 2.52116
7.28174 2.5739
7.40594 2.40852
7.28982 2.23784
7.41547 2.07058
7.1966 1.89661
7.29327 1.58776
7.15513 1.60201
7.03429 1.61173
7.01814 1.92754
6.87023 1.65798
6.86841 1.93163
6.65897 1.7612
6.79243 2.09232
6.95935 2.24568
6.80231 2.40039
6.65838 2.15364
6.63169 2.50745
6.49663 2.22413
6.4079 2.64383
6.27958 2.22525
6.15218 2.57616
6.25498 2.79289
6.10473 2.91466
6.00798 2.72979
5.83027 2.89437
5.99157 3.14284
6.14857 3.19052
6.32052 3.01623
6.01266 3.41402
5.85282 3.2393
5.78646 3.45296
5.65149 3.21814
5.54433 3.59403
5.43217 3.22384
5.24678 3.44475
5.29385 3.72891
5.18955 3.94518
5.07789 3.69179
4.97417 3.96864
4.89673 4.23219
4.75774 4.02133
4.82872 3.70899
4.61163 3.78145
4.62417 3.39621
4.95413 3.33286
4.75939 3.07588
4.96995 2.91879
5.2006 3.07965
5.19994 2.65665
5.43631 2.89997
5.52789 3.08469
5.60876 2.97544
5.61422 2.75867
5.72012 2.50033
5.93433 2.52255
5.84313 2.2279
6.04344 2.20539
5.8935 1.83597
6.15282 1.86861
6.4028 1.86091
6.23701 1.57966
6.41174 1.4119
6.55908 1.99282
6.60134 1.36499
6.73832 1.44074
6.6831 1.14566
6.87524 1.28918
6.77159 0.921927
6.93512 0.95462
7.09091 1.29777
7.07921 0.932896
7.25289 1.10202
7.37967 1.09331
7.33331 0.769521
7.49963 0.700155
7.34247 0.359362
7.49799 0.351509
7.60899 0.634423
7.61975 0.413119
7.52811 0.0525179
7.64242 -0.0619439
7.50619 -0.276681
7.37635 -0.298585
7.36309 0.020412
7.18667 -0.290172
7.18197 0.0366657
6.98666 -0.22167
7.04248 0.0830151
6.89764 0.00830083
6.97202 0.322374
7.17273 0.360586
7.13606 0.678941
6.96453 0.654391
6.83727 0.434805
6.81323 0.676006
6.66509 0.450068
6.71409 0.702234
6.59956 0.800646
6.43916 0.532716
6.4268 0.824989
6.28311 0.737327
6.31952 1.0268
6.50485 1.08822
6.16591 1.25967
6.1505 0.905676
6.00029 1.10046
6.02463 1.31513
6.05798 1.53613
5.89631 1.39758
5.63641 1.55157
5.61064 2.09682
5.37153 1.83467
5.30671 2.23719
5.48303 2.52076
5.03684 2.3492
5.10527 1.99458
4.80744 2.13759
4.81381 2.47045
4.95571 2.62495
4.75336 2.75707
4.51818 2.49548
4.51059 2.9691
4.35778 2.78047
4.24865 2.98468
4.36126 3.25517
4.08501 3.27856
4.37262 3.60386
4.07928 3.7494
3.9505 3.43938
3.84727 3.48358
3.78366 3.68178
3.62414 3.33906
3.57131 3.59103
3.36567 3.32549
3.44109 3.08465
3.6138 2.99016
3.82243 3.25067
3.85653 2.9823
4.04767 2.92586
3.91393 2.69097
4.17531 2.64494
3.98981 2.42228
4.20124 2.1535
4.5373 2.03099
4.71404 1.897
4.89938 1.73847
4.6009 1.67166
4.79122 1.38447
5.07893 1.38129
5.16908 1.68358
5.353 1.46341
5.28979 1.15184
5.52853 1.17836
5.77473 1.08115
5.62359 0.962795
5.71297 0.731994
6.00707 0.692135
5.87682 0.331397
6.15175 0.241697
6.23228 0.511243
6.16283 0.698548
6.36176 0.234563
6.52037 0.253752
6.52631 -0.0473593
6.62402 0.149297
6.7658 0.149554
6.66186 -0.000869587
6.74446 -0.217184
6.56291 -0.4188
6.69541 -0.598033
6.84921 -0.530902
7.01853 -0.559014
6.90201 -0.793531
7.0382 -0.83948
7.20637 -0.633283
7.15154 -0.923992
7.30953 -0.894878
7.40323 -0.562541
7.46291 -0.746353
7.58309 -0.451944
7.57945 -0.762917
7.72012 -0.507548
7.7497 -0.153766
7.8779 -0.215336
7.84549 -0.614144
8.01728 -0.254124
7.98515 -0.556167
7.93695 -0.919048
8.12543 -0.546736
8.06791 -0.392805
8.14771 -0.184645
8.25833 -0.201437
8.41909 -0.0574716
8.45872 0.232163
8.55562 0.175849
8.57291 -0.0831152
8.673 -0.15691
8.55633 -0.325116
8.46521 -0.309636
8.43672 -0.604681
8.60999 -0.42474
8.60189 -0.669191
8.7433 -0.31598
8.80463 -0.479313
8.88637 -0.147183
8.9645 -0.314064
9.02102 -0.00324404
9.06348 -0.104267
9.09683 0.0928442
9.05147 -0.263353
8.95815 -0.48556
8.85918 -0.607509
8.89684 -0.695461
8.98563 -0.497315
8.95181 -0.676761
9.02843 -0.512035
9.07008 -0.319143
9.0712 -0.383844
9.15348 -0.156867
9.12667 -0.211635
9.04059 -0.438449
9.10447 -0.33305
9.13933 -0.158486
9.104 -0.223574
4.8492 -1.56537
4.67406 -1.53545
4.77877 -1.61867
4.65018 -1.58737
4.68081 -1.63182
4.53215 -1.59042
4.52806 -1.62597
4.36939 -1.57637
4.33998 -1.595
4.22456 -1.55891
4.1701 -1.55542
4.0614 -1.51328
4.20522 -1.52504
4.04929 -1.46951
4.10718 -1.46613
4.25872 -1.47939
4.39872 -1.54289
4.46789 -1.4795
4.55075 -1.55342
4.09573 -1.39955
3.94841 -1.39095
3.7928 -1.36109
3.67464 -1.26457
3.63815 -1.28332
3.71102 -1.3323
3.88306 -1.43292
3.81275 -1.37977
3.65108 -1.29329
3.7206 -1.31389
3.88052 -1.43136
3.78585 -1.36339
3.96307 -1.46041
3.87534 -1.37455
3.70673 -1.2689
3.87296 -1.30677
4.08631 -1.43587
4.00047 -1.36643
4.04204 -1.32616
3.79329 -1.1599
4.0041 -1.20113
4.09747 -1.30143
4.21723 -1.35875
4.25774 -1.2393
4.01257 -1.06774
4.13309 -1.0399
3.88855 -0.841148
3.7807 -0.975554
3.58294 -0.722834
3.6514 -0.587165
3.44012 -0.485919
3.49615 -0.36615
3.29691 -0.257933
3.38041 -0.183843
3.19747 -0.00564407
3.428 -0.0419928
3.54407 -0.249844
3.76144 -0.225244
3.64281 0.0566388
3.34732 0.184883
3.47136 0.273883
3.22165 0.43414
3.49678 0.454735
3.30848 0.631375
3.52259 0.657133
3.32574 0.834462
3.55904 0.842434
3.43122 1.04877
3.72333 1.03218
3.7214 0.835216
3.92551 0.816137
4.0305 1.10718
3.86664 1.38358
4.1239 1.33924
4.24635 1.20236
4.24553 0.970414
4.48462 1.26245
4.28376 1.39808
4.38216 1.56083
4.13725 1.65973
4.37549 1.81672
3.97081 1.94208
3.92444 2.18733
3.7239 1.99764
3.86353 1.71541
3.61459 1.61856
3.55843 1.29317
3.42224 1.46189
3.39658 1.64087
3.45344 1.88211
3.24182 1.75582
3.26388 2.03154
3.48579 2.24395
3.23806 2.30436
3.10095 2.10723
3.03729 2.28224
2.91835 2.01887
2.88305 2.2326
2.76482 2.0761
2.79295 2.36907
2.96226 2.41628
2.97113 2.5993
2.90256 2.79121
3.07448 2.81067
3.1589 2.59497
3.25149 2.95673
3.11803 3.09436
3.17777 3.50027
2.95226 3.16463
2.96083 3.45112
3.08688 3.72031
3.30073 4.0178
3.05351 3.94357
3.15167 4.30255
3.44028 4.5568
3.24668 4.69808
3.03344 4.48067
3.10099 4.81941
3.26905 4.93596
3.39075 4.9333
3.39736 5.12631
3.2341 5.06535
3.53346 5.08453
3.5304 4.89405
3.71476 5.10825
3.72701 4.80716
3.98171 5.12471
4.05657 5.40146
4.16868 5.3521
4.24144 5.15471
4.33868 5.43665
4.19571 5.54661
4.37297 5.69772
4.1861 5.72352
4.32427 5.87831
4.48555 5.8804
4.44454 6.03022
4.27108 5.99431
4.38772 6.14313
4.57065 6.1767
4.64282 6.02909
4.17483 5.85674
4.63732 5.79975
4.82045 5.91348
4.98602 6.03361
5.02878 5.81393
5.26096 5.74595
5.3954 5.9189
5.51006 5.70131
5.34363 5.45529
5.55731 5.3742
5.78031 5.58657
5.66381 5.79086
5.77448 5.87275
5.59431 5.96442
5.76706 6.06336
5.92418 5.9889
5.9261 5.79164
6.04632 5.60301
6.00905 5.28077
5.75145 5.2069
6.06164 6.07226
5.91762 6.19109
5.86513 6.33717
5.41008 5.22281
5.38414 5.07615
5.10742 5.50692
4.8289 5.59593
4.72115 5.25099
4.55434 5.55074
4.47086 5.20277
4.61859 4.89544
4.33728 4.81788
4.49298 4.55161
4.50632 4.1118
4.73467 4.23783
4.21504 4.33558
3.93259 4.05451
4.01533 4.39035
4.14415 4.61672
4.11371 4.87138
4.00104 4.61741
3.93398 4.80353
3.81038 4.52238
3.64203 4.53192
3.54145 4.30829
3.67564 4.40996
3.6815 4.24725
3.84517 4.26354
3.92437 4.45104
3.67849 3.93581
3.52582 4.04543
3.43527 3.7305
4.51208 5.74886
3.39817 4.78544
2.92692 4.28418
3.00429 4.26985
2.9208 4.16206
2.98281 4.0947
2.87676 4.02149
2.8629 3.83707
2.92053 3.65204
2.69616 3.4975
2.70799 3.71093
2.76969 3.91382
2.62962 3.75953
2.84496 4.09099
2.88236 4.18701
2.51538 3.65589
2.55018 3.54759
2.542 3.18813
2.687 3.28617
2.81794 3.42574
2.78522 3.19613
2.61657 3.06306
2.69698 2.99106
2.77033 2.91725
2.68131 2.56812
2.57837 2.76967
2.48349 2.40269
2.58031 2.17964
2.68238 2.12634
2.62699 1.93407
2.75125 1.82694
2.61092 1.65929
2.75663 1.58981
2.89186 1.73655
3.06931 1.87651
3.04212 1.58453
3.24831 1.50482
3.10212 1.31868
3.31547 1.27647
3.1875 1.06353
2.9695 1.12016
2.91756 1.36684
2.79175 1.23353
2.79407 1.42047
2.873 1.53582
2.67004 1.40902
2.64161 1.14986
2.83366 0.954186
2.70262 0.887421
2.82898 0.738159
2.91583 0.769207
3.07474 0.79829
2.97842 0.593619
3.05287 0.299117
3.19604 0.261939
3.22831 0.138053
3.0074 0.125338
2.85948 0.328151
2.88899 0.118118
2.70939 0.335343
2.79943 0.0878139
2.63801 0.261089
2.73748 0.0111215
2.91135 -0.146197
2.92748 -0.0423575
2.99653 -0.154318
3.07308 -0.116222
3.0852 -0.320336
3.25593 -0.38724
3.27017 -0.554998
3.39312 -0.574535
3.42855 -0.692392
3.52753 -0.83976
3.37174 -0.723612
3.39584 -0.834763
3.63887 -0.997673
3.80331 -1.09647
3.5384 -1.01375
3.62574 -1.15563
3.40795 -1.00101
3.48298 -1.12604
3.62937 -1.26932
3.53407 -1.19644
3.36257 -1.02667
3.43959 -1.10226
3.50161 -1.17974
3.33858 -0.990718
3.32367 -1.00809
3.37744 -1.07581
3.53384 -1.17602
3.23382 -0.911194
3.0495 -0.695291
2.05914 0.48292
1.9577 0.574887
2.12007 0.399721
2.0817 0.435805
2.18218 0.311666
2.26385 0.226223
2.31139 0.160875
2.4481 0.0199206
2.24505 0.298212
2.56918 -0.128995
2.72038 -0.286546
2.4982 -0.0460327
2.66219 -0.234699
2.89055 -0.518343
2.79228 -0.390123
2.97167 -0.605317
3.14452 -0.809709
3.17276 -0.828678
2.9811 -0.616669
3.21838 -0.866622
3.03066 -0.635786
3.1351 -0.714765
3.27373 -0.868344
3.27329 -0.808348
3.2036 -0.689013
3.06644 -0.574531
3.10803 -0.52916
2.9637 -0.414401
2.938 -0.484952
2.81441 -0.266946
2.73662 -0.234326
2.87379 -0.45412
2.72343 -0.285328
2.81574 -0.4024
2.6444 -0.204878
2.80202 -0.40804
2.583 -0.141032
2.49997 -0.04283
2.38901 0.109466
2.37546 0.0989628
2.45863 0.00495709
2.27576 0.214459
2.34586 0.130954
2.20796 0.286975
2.11482 0.404287
1.98039 0.572071
2.02884 0.546572
2.18596 0.327658
2.05051 0.531291
2.11736 0.451029
2.24417 0.287425
2.39533 0.113226
2.28943 0.286303
2.13733 0.469894
2.16486 0.483959
2.27817 0.389419
2.40482 0.179093
2.45228 0.173818
2.55803 -0.0474977
2.42591 0.0934296
2.5 -0.0302182
2.58579 -0.00284766
2.52046 0.159105
2.37608 0.372759
2.51963 0.293849
2.66858 -0.0312485
2.77694 -0.131209
2.86857 -0.222114
2.30151 0.571999
2.17439 0.634002
2.12153 0.600787
2.02167 0.825402
2.02855 0.679992
1.9246 0.927016
1.90916 0.84611
2.001 0.637281
1.86936 0.81446
1.94074 0.676069
1.83432 0.813588
1.89779 0.699156
1.78196 0.835953
1.8354 0.718534
1.78822 2.78803
1.75918 2.64424
1.88599 2.78316
2.02509 2.93658
1.98307 2.74574
2.11874 2.92579
2.14914 2.81681
2.28491 2.93128
2.39021 3.07279
2.4018 2.88523
2.37527 2.55643
2.24502 2.63634
2.23856 2.79318
2.13449 2.65659
2.12787 2.50309
2.22437 2.39253
2.08798 2.28295
2.20082 2.1336
2.33186 2.25563
2.30184 1.98388
2.42128 2.11553
2.44321 1.81796
2.28127 1.74381
2.36064 1.57397
2.49643 1.4399
2.34491 1.35747
2.48623 1.16901
2.5826 0.99024
2.48784 0.954215
2.39512 1.1409
2.3735 1.02777
2.43433 0.82259
2.29573 1.02401
2.30996 0.824653
2.46311 0.610545
2.56691 0.582936
2.56854 0.436916
2.69609 0.572147
2.55567 0.744173
2.62294 0.805716
2.73496 0.703961
2.85119 0.536223
2.51616 0.43414
2.38944 0.578871
2.25158 0.747534
2.15142 0.811009
2.15734 0.951201
2.02589 1.08542
2.06078 0.873069
1.98795 1.00916
1.90996 1.05573
1.91312 1.18552
1.8246 1.26104
1.82396 1.12359
1.82534 1.02707
1.7783 1.17073
1.76683 1.12571
1.79836 0.996891
1.7151 1.18155
1.73656 1.06947
1.78148 0.941667
1.7004 1.05033
1.75118 0.922359
1.67068 0.990502
1.59662 1.2161
1.63084 1.76224
1.66087 1.97282
1.68049 1.8347
1.73574 1.96444
1.7266 1.74571
1.67861 1.68912
1.70657 1.60668
1.6772 1.51626
1.64051 1.61287
1.65003 1.49916
1.61341 1.56734
1.66748 1.36682
1.69127 1.39732
1.72425 1.26156
1.7461 1.31578
1.76005 1.4567
1.85176 1.42264
1.78074 1.58442
1.81111 1.65626
1.88038 1.56771
1.96369 1.37031
1.95375 1.61773
1.86249 1.75771
1.93844 1.88702
1.81888 1.96656
1.78424 1.82439
1.78916 2.17416
1.71117 2.17113
1.78247 2.38465
1.86027 2.35349
1.87454 2.1484
1.95934 2.35151
1.99039 2.10377
2.03051 1.90827
2.09945 2.02355
2.09718 1.84032
2.18606 1.89567
2.17045 1.69002
2.25826 1.55685
2.1834 1.44683
2.0538 1.68738
2.06351 1.42324
2.19054 1.22301
2.29361 1.20269
2.21338 1.04456
2.10409 1.18669
1.93552 1.26929
2.04346 2.46201
2.01224 2.58284
1.92258 2.46575
1.89159 2.53245
1.83115 2.60203
1.72878 2.48087
1.69464 2.31495
1.64101 2.1611
2.07416 2.55855
1.66724 1.27565
1.67072 1.1897
1.62846 1.37022
3.00943 -0.357538
3.1403 -0.487687
3.24942 -0.641376
3.3728 -0.910929
3.39205 2.81758
3.39546 2.53856
3.52787 2.72414
3.57434 2.52948
3.70129 2.72437
3.75622 2.40355
4.52679 0.864579
4.73652 1.08816
4.925 0.786403
4.92725 1.14809
5.0866 1.08161
5.20548 0.920758
5.25873 0.701013
5.45302 0.87434
5.51995 0.479233
5.18234 0.439831
5.41693 0.15558
5.7214 0.115232
5.93841 0.0162713
6.05992 0.0539746
6.1104 -0.25491
6.19239 -0.0611408
6.29539 -0.30169
6.3248 -0.0401856
6.42548 -0.283081
6.42377 -0.593463
6.57554 -0.747818
6.49097 -0.939548
6.34245 -0.862308
6.26862 -0.560795
6.24438 -0.730253
6.14851 -0.587224
6.17809 -0.876445
6.00118 -0.643764
5.96897 -0.904014
6.13071 -1.18853
6.30964 -1.13537
6.43228 -1.11761
6.42556 -1.32996
6.55666 -1.23886
6.54501 -1.52946
6.66249 -1.43202
6.71666 -1.20376
6.60521 -1.01351
6.69299 -0.893293
6.78389 -0.765968
6.82324 -1.00416
6.95065 -1.03693
6.90653 -1.29005
7.03547 -1.20412
7.10113 -1.43085
7.17923 -1.15683
7.0612 -1.04174
7.28767 -1.35847
7.32999 -1.14695
7.42424 -1.24417
7.4239 -1.45131
7.56226 -1.25116
7.56543 -1.49897
7.73714 -1.28761
7.71767 -0.99385
7.58131 -1.00634
7.50107 -1.1431
7.4507 -1.00615
7.68843 -0.789459
7.89068 -1.22333
8.02441 -1.08632
8.10423 -0.876504
8.22267 -1.01242
8.23586 -0.710741
8.31829 -0.420372
8.42426 -0.82613
8.42928 -0.955332
8.57498 -0.886634
8.71057 -0.748623
8.63561 -0.935643
8.76442 -0.850614
8.60619 -1.0746
8.49233 -1.0672
8.38739 -1.28483
8.52225 -1.21682
8.639 -1.10186
8.65822 -1.10918
8.52318 -1.26786
8.61619 -1.20433
8.78558 -1.00573
8.79113 -0.956942
8.8718 -0.81995
8.84838 -0.832972
8.97568 -0.640785
8.90216 -0.806065
8.99296 -0.625756
8.91581 -0.779858
8.94844 -0.702051
8.84939 -0.828531
8.94882 -0.670258
8.99474 -0.587386
9.01402 -0.496022
8.98673 -0.54996
9.03646 -0.393444
8.01416 -1.36967
8.13248 -1.26675
8.25694 -1.17147
8.60982 -0.8698
8.41485 -1.0216
8.47031 -1.04148
8.67776 -0.893455
8.71358 -0.820421
8.8163 -0.77897
8.73699 -0.796971
8.90323 -0.669398
8.70265 -0.977723
8.81808 -0.923276
8.67418 -1.0924
8.5856 -1.11621
8.57676 -1.0284
8.45731 -1.17909
8.48017 -1.27422
8.30486 -1.34155
8.3024 -1.23775
8.32244 -1.16821
8.16973 -1.31713
8.15311 -1.42009
8.00155 -1.48553
7.97699 -1.56438
8.13534 -1.50439
8.30345 -1.42037
8.19614 -1.52602
8.02954 -1.61656
8.0689 -1.62083
8.09278 -1.65789
8.33516 -1.43639
8.118 -1.59784
7.93129 -1.77443
8.02057 -1.62619
8.20657 -1.47749
8.16973 -1.43416
8.00807 -1.56687
8.05913 -1.39162
8.29677 -1.20342
7.97951 -1.2967
7.8625 -1.52531
7.8122 -1.433
7.73737 -1.60537
7.66303 -1.5553
7.61657 -1.71801
7.52015 -1.68571
7.42942 -1.62677
7.3572 -1.78444
7.47481 -1.82348
7.35496 -1.90838
7.43865 -1.94054
7.57578 -1.84145
7.54193 -1.91818
7.71 -1.72832
7.72151 -1.79516
7.88848 -1.63247
7.87568 -1.71707
7.74858 -1.85237
7.82765 -1.80299
7.66186 -1.93195
7.72325 -1.92215
7.72994 -1.90366
7.8942 -1.79253
7.72747 -1.85489
7.94571 -1.70906
7.84961 -1.72936
7.9567 -1.62212
7.7805 -1.72253
7.81938 -1.62945
7.63329 -1.76934
7.55444 -1.86439
7.63814 -1.85559
7.40123 -1.98613
7.50789 -1.95792
7.27605 -2.1089
7.5113 -1.98262
7.33388 -2.10367
7.53797 -1.9962
7.4079 -2.08131
7.20895 -2.22203
7.11802 -2.24381
6.99245 -2.33805
7.04725 -2.29805
7.20561 -2.2167
7.02155 -2.29959
7.21037 -2.18573
7.07718 -2.22206
6.95115 -2.27583
6.80886 -2.37467
6.85079 -2.4261
6.67448 -2.44682
6.63373 -2.41309
6.70264 -2.36465
6.57294 -2.35475
6.66179 -2.27404
6.81063 -2.29274
6.78128 -2.17527
6.93356 -2.19696
6.9143 -2.10941
7.07506 -2.06875
6.93606 -1.99112
7.07302 -1.89337
6.91613 -1.80986
6.80183 -1.94884
6.75354 -1.79964
6.6586 -1.91569
6.60778 -1.75273
6.50954 -1.86728
6.45729 -1.70058
6.3718 -1.80383
6.29669 -1.6597
6.19247 -1.79089
6.37705 -1.94703
6.1855 -1.97002
6.33514 -2.05923
6.45805 -2.07424
6.55378 -2.01269
6.58768 -2.15989
6.7055 -2.05596
6.82991 -2.06603
6.41555 -2.16159
6.51128 -2.26113
6.36341 -2.24181
6.45375 -2.32687
6.47475 -2.40325
6.34644 -2.32874
6.34316 -2.39352
6.42409 -2.48417
6.55432 -2.45236
6.55861 -2.48734
6.64665 -2.49219
6.48868 -2.52185
6.57745 -2.50633
6.72273 -2.46924
6.83899 -2.43392
6.92115 -2.35607
6.82306 -2.43591
6.81451 -2.40201
6.99412 -2.27088
7.11419 -2.14906
7.24864 -2.07873
7.22705 -2.04902
7.37116 -1.94302
7.21655 -1.97816
7.37321 -1.90896
7.48372 -1.86784
7.48432 -1.82297
7.65112 -1.68461
7.43343 -1.75687
7.56574 -1.63266
7.72166 -1.56755
7.85407 -1.54914
7.26616 -1.84477
7.32126 -1.88005
7.18255 -1.90742
7.04445 -1.96847
7.03412 -2.09612
6.87367 -2.0681
6.61204 -2.38733
6.75941 -2.28449
6.72024 -2.2109
6.79598 -2.17927
6.87568 -2.17826
6.9295 -2.22869
6.82135 -2.34115
6.69638 -2.38366
6.74984 -2.39876
6.68805 -2.43997
6.71967 -2.47149
6.5852 -2.49579
6.47981 -2.51635
6.41809 -2.52536
6.36795 -2.50662
6.27605 -2.5015
6.24868 -2.47536
6.14761 -2.45094
6.14034 -2.41085
6.21777 -2.41187
6.33406 -2.45852
6.32319 -2.40098
6.38423 -2.43676
6.41939 -2.40987
6.01262 -2.34861
5.84098 -2.23067
5.90992 -2.30161
6.03668 -2.39051
6.15837 -2.47535
6.02725 -2.39609
6.1637 -2.46274
6.10098 -2.38352
6.23793 -2.42614
6.10416 -2.31941
6.2283 -2.32884
6.119 -2.25085
5.98351 -2.20917
6.06494 -2.15359
6.22335 -2.24163
6.22337 -2.128
5.98375 -1.99928
5.98888 -1.84151
5.85587 -1.87341
5.73069 -1.72858
5.70442 -1.90263
5.43535 -1.71349
5.45133 -1.56032
5.16072 -1.54923
5.22034 -1.43799
4.94805 -1.3781
5.09874 -1.24955
5.396 -1.41771
5.46128 -1.30512
5.28189 -1.09858
4.96104 -1.00615
5.10439 -0.822374
5.47133 -0.96203
5.54218 -1.17889
5.72975 -1.1532
5.71196 -0.896134
5.51589 -0.806971
5.50141 -0.630757
5.7785 -0.644865
5.91279 -1.11797
5.56352 -0.383134
5.24052 -0.382389
5.29907 -0.573336
5.10347 -0.562657
4.8472 -0.297832
5.03896 -0.119448
4.69472 0.0596061
5.08815 0.134091
5.33201 -0.119227
5.63456 -0.130647
5.82795 -0.399235
5.88489 -0.176819
6.00924 -0.414694
4.88068 0.376205
4.52673 0.467698
4.28382 0.187659
4.17207 0.407635
3.99604 0.273414
3.83856 0.517404
4.20791 0.657695
3.70356 0.718095
3.72725 0.262884
3.98546 0.050295
3.8577 -0.0892899
4.08338 -0.228902
4.34655 -0.0788039
4.48657 -0.353767
4.58927 -0.166453
4.80785 -0.570957
4.55406 -0.606439
4.77371 -0.789027
5.3383 -0.726919
4.51697 -0.77688
4.72072 -0.928748
4.80609 -1.07124
4.56715 -0.967811
4.68391 -1.1723
4.4078 -1.00177
4.30959 -0.809427
4.22672 -0.53327
4.03465 -0.663161
4.15317 -0.894897
3.97598 -0.758122
3.8498 -0.63734
3.8714 -0.546347
3.71799 -0.437307
3.92306 -0.458608
3.98906 -0.359745
4.36728 -1.12692
4.61845 -1.34199
4.88424 -1.47458
4.733 -1.48727
4.96229 -1.57407
5.19077 -1.64602
5.06507 -1.66221
5.28362 -1.73316
5.46616 -1.84505
5.22175 -1.78795
5.4173 -1.91115
5.54942 -1.9469
5.60357 -1.92623
5.68234 -2.00625
5.86679 -2.07431
5.79023 -2.15591
5.96257 -2.28991
5.82447 -2.22858
5.90356 -2.29926
5.91062 -2.32385
5.77571 -2.23067
5.79608 -2.22852
5.79787 -2.22604
5.72307 -2.17398
5.67698 -2.15527
5.68866 -2.16629
5.52998 -2.05795
5.63488 -2.13608
5.67544 -2.15546
5.48748 -2.04204
5.56892 -2.03727
5.41889 -1.9527
5.26368 -1.87473
5.32283 -1.93379
5.15007 -1.83209
5.07816 -1.76594
4.94984 -1.7489
4.89576 -1.71671
4.73226 -1.69839
4.84118 -1.7349
4.66298 -1.68333
4.76461 -1.70929
4.52945 -1.64986
4.73224 -1.68173
4.88567 -1.73213
4.97219 -1.78479
5.06257 -1.78001
5.17617 -1.85034
5.23985 -1.87487
5.17541 -1.8135
5.12854 -1.78018
5.00919 -1.71938
5.1423 -1.74619
5.25063 -1.84588
5.36253 -1.88151
5.44929 -1.97899
5.3417 -1.93808
5.30248 -1.93166
5.12237 -1.82807
5.00551 -1.78053
5.61223 -2.11052
5.67463 -2.12197
5.53567 -2.00545
5.01023 -1.60059
4.94333 -1.65677
4.84385 -1.67628
4.9099 -1.70838
4.47757 -1.63114
4.24901 -1.57373
4.29875 -1.58462
4.33261 -1.56921
4.58142 -1.62264
4.77706 -1.66241
4.71398 -1.58913
4.96224 -1.69435
4.46265 -1.57424
4.40005 -1.50025
4.29967 -1.51293
4.15745 -1.53474
4.04543 -1.51102
4.0083 -1.4955
4.21692 -1.43161
4.48762 -1.43255
5.94218 -1.38876
6.20599 -1.46523
6.29923 -1.34378
6.37838 -1.51909
6.12745 -1.60387
5.95277 -1.65152
5.67624 -1.49001
5.68889 -1.31624
6.30705 -2.51413
6.5132 -2.43016
6.45806 -2.47381
6.58978 -2.44367
6.69826 -1.6259
6.81937 -1.67208
6.79057 -1.48169
6.9369 -1.57806
7.08293 -1.70171
7.27129 -1.61133
7.20191 -1.79697
7.22414 -1.92369
7.27718 -2.02155
7.18163 -2.14567
7.35113 -2.06709
7.40772 -2.09155
7.59665 -1.94235
7.50333 -2.04444
7.56703 -2.00444
7.35477 -2.15357
7.04792 -2.19744
8.36537 -1.40626
8.46766 -1.32382
8.7367 -0.97409
8.82173 -0.847231
3.93958 -1.4473
8.5315 0.32599
8.49643 0.430689
6.46994 2.93589
7.14211 2.23173
6.76783 6.10123
6.86157 5.9242
7.04671 5.77925
7.05949 5.54741
7.1781 5.56445
7.18689 5.31855
7.00518 5.42995
7.01959 5.25419
7.12293 5.00217
6.87752 5.38939
7.13256 4.61356
7.04007 4.32186
7.19241 4.28627
7.35929 4.1796
7.04118 4.05765
7.51392 5.67939
7.2718 6.12809
7.34073 6.38065
8.2078 4.20758
8.20589 3.98097
8.2987 4.09024
8.34465 3.88929
8.28897 3.70621
8.16379 3.75396
8.20564 3.50838
8.22129 3.20639
8.11456 3.32778
8.08542 3.04095
8.04497 2.73156
7.93408 2.85545
7.95959 3.24896
7.92473 2.54706
7.94489 2.04117
7.82331 1.76561
8.06332 3.5768
8.23712 0.966457
8.57183 4.00839
8.4399 5.56331
8.45927 5.39324
8.4367 5.25195
9.03864 4.13626
8.83197 4.01936
8.87927 3.83807
9.24442 1.67961
