1.64101 2.1611
1.78822 2.78803
3.32216 5.21171
3.58184 5.44878
4.38772 6.14313
4.70598 6.30229
5.0345 6.45571
5.40538 6.57732
5.66254 6.62411
5.98611 6.66893
6.26491 6.68551
7.1115 6.53767
7.36969 6.43708
7.77569 6.25085
8.02896 6.09654
8.2409 5.89678
8.55585 5.37272
8.65765 5.16515
8.90322 4.61759
9.03864 4.13626
9.30697 2.97088
9.33154 1.12293
9.24548 0.114086
9.10447 -0.33305
8.99296 -0.625756
8.91581 -0.779858
8.90216 -0.806065
8.78558 -1.00573
8.61619 -1.20433
8.09278 -1.65789
7.93129 -1.77443
7.72325 -1.92215
7.35477 -2.15357
6.83899 -2.43392
6.71967 -2.47149
6.64665 -2.49219
6.57745 -2.50633
6.48868 -2.52185
6.41809 -2.52536
6.30705 -2.51413
6.15837 -2.47535
4.0083 -1.4955
3.88306 -1.43292
3.71102 -1.3323
3.65108 -1.29329
3.50161 -1.17974
3.37744 -1.07581
3.14452 -0.809709
2.89055 -0.518343
2.18218 0.311666
1.9577 0.574887
1.8354 0.718534
1.67068 0.990502
1.59662 1.2161
