0.913581 -5.02512
0.593697 -5.14996
0.637933 -5.20939
0.873101 -5.12669
1.07906 -5.00011
0.998105 -5.12667
0.769438 -5.22036
0.80692 -5.25185
1.02256 -5.174
1.23602 -5.05292
1.18853 -5.11179
1.3442 -5.04305
1.47638 -4.95759
1.54719 -4.97126
1.29274 -5.07166
1.33342 -5.04601
1.07315 -5.17377
1.21046 -5.11929
0.92047 -5.23026
0.952963 -5.21169
0.824573 -5.26019
0.733797 -5.3157
0.799099 -5.27159
1.03363 -5.18982
0.87397 -5.22725
0.639237 -5.32956
0.697344 -5.28061
0.837258 -5.19908
1.00034 -5.14161
1.0083 -5.08811
0.800584 -5.15441
1.02232 -4.98664
1.20585 -4.96791
1.16414 -5.0545
1.32584 -4.96515
1.31327 -5.01818
1.51239 -4.88998
1.41093 -4.8726
1.58292 -4.79331
1.5193 -4.75156
1.29424 -4.85628
1.40338 -4.70619
1.15434 -4.82015
1.24963 -4.65766
0.978639 -4.7823
1.08414 -4.59219
0.885243 -4.6891
0.896865 -4.5454
0.699784 -4.68373
0.665837 -4.49605
0.510647 -4.66295
0.390138 -4.50674
0.542489 -4.3717
0.730747 -4.25431
0.531048 -4.22252
0.606192 -3.99069
0.875373 -4.0002
0.993999 -4.20988
1.09375 -4.00495
1.24154 -4.14101
1.29751 -3.85936
1.05315 -3.70206
1.30626 -3.50719
1.57288 -3.64241
1.52302 -3.24169
1.30553 -3.20244
1.37735 -2.93705
1.57966 -2.85159
1.81472 -3.05911
1.80542 -2.68473
1.56965 -2.49606
1.76781 -2.33082
1.54701 -2.16664
1.72404 -1.92235
1.37254 -1.79871
1.55482 -1.49778
1.78723 -1.59843
1.67881 -1.29236
1.88579 -1.37287
2.02175 -1.688
2.12536 -1.41403
2.2037 -1.689
2.37723 -1.69449
2.32255 -1.33676
2.10172 -0.994471
1.93026 -1.10657
1.89532 -0.834984
1.9021 -0.531257
2.18504 -0.680899
2.0153 -0.392666
1.87023 -0.133223
2.09094 -0.250477
1.93767 0.0651013
1.77423 0.18183
1.71324 0.071494
1.67214 0.225438
1.60564 0.177013
1.6769 -0.135932
1.50744 0.06538
1.45361 0.327683
1.63493 0.438014
1.41391 0.64257
1.58268 0.846219
1.34792 0.963195
1.48038 1.16941
1.65127 1.1164
1.5781 1.26083
1.6632 1.31579
1.7912 1.16026
1.78619 1.3298
1.90492 1.22651
1.84686 1.41741
1.98515 1.32066
1.90785 1.51158
2.1172 1.22242
2.06612 1.05086
2.16523 1.06751
2.22654 0.869234
2.15455 0.790825
2.25748 0.633688
2.36819 0.564333
2.35946 0.829926
2.24598 1.08047
1.49287 1.81253
1.69965 1.73431
1.83336 1.65008
1.77135 1.58045
1.62078 1.64023
1.70514 1.46891
1.54605 1.47967
1.57631 1.35278
1.512 1.33368
1.39624 1.4117
1.27437 1.24745
1.24407 1.46431
1.30313 1.57491
1.40785 1.58338
1.32528 1.73409
1.16609 1.65617
1.19586 1.81763
1.26828 1.95584
1.048 1.87357
1.07062 2.08989
0.901443 2.21101
0.875013 2.04004
0.721588 2.16481
0.716931 2.01917
0.783432 1.80207
0.99292 1.66245
1.08329 1.41914
0.890013 1.53458
0.90239 1.28537
1.10803 1.08652
1.19973 0.777379
0.999312 0.85337
0.912904 1.05678
0.798953 0.908068
0.734628 1.15115
0.61538 0.98032
0.478106 1.18485
0.417032 0.891828
0.214165 1.0698
0.303181 1.25908
0.377307 1.43846
0.139943 1.33861
0.212692 1.58742
0.454807 1.76803
0.138553 1.83335
0.346164 1.97086
0.482754 1.9956
0.405589 2.10848
0.235748 2.0587
0.265221 2.19849
0.0240421 2.07797
-0.13391 1.85443
-0.0900803 1.62703
0.0646629 1.60593
-0.0234327 1.4461
-0.269022 1.33347
-0.300123 1.65122
-0.49765 1.47545
-0.477443 1.72717
-0.318087 1.83797
-0.437702 1.92719
-0.640846 1.83064
-0.544949 1.9969
-0.71001 1.9957
-0.546211 2.10244
-0.394877 2.09067
-0.423628 2.21709
-0.661522 2.16263
-0.26942 2.32365
-0.171824 2.2096
0.0129004 2.3815
-0.263181 2.43671
-0.868514 2.01366
-0.86738 1.91412
-0.806278 1.84743
-0.949903 1.77737
-0.845934 1.65442
-0.662928 1.59047
-0.830211 1.44855
-0.695608 1.35541
-0.576942 1.1583
-0.774207 1.14747
-0.848042 1.26636
-0.97499 1.04305
-0.802443 0.891887
-1.06484 0.694682
-0.909787 0.612729
-0.730604 0.660912
-0.607586 0.888284
-0.523516 0.712742
-0.41074 0.99079
-0.163931 1.03736
-0.0653105 1.25845
0.0234661 1.13071
0.096406 1.49677
0.0163755 0.952284
0.133728 0.721917
-0.0999355 0.807477
-0.301356 0.768081
-0.15822 0.546715
-0.436693 0.485215
-0.66906 0.449437
-0.648833 0.136015
-0.309533 0.231862
-0.477165 -0.0310271
-0.266622 -0.0817223
-0.0504875 0.151644
-0.0473156 -0.146042
0.198171 -0.0295399
0.167716 0.257287
0.0350552 0.418742
0.235091 0.456491
0.411162 0.25876
0.417514 0.597079
0.63341 0.749913
0.657351 0.45729
0.873827 0.63246
0.888148 0.318651
1.03983 0.454859
1.07312 0.639975
1.23547 0.457383
1.10815 0.171378
1.3355 0.115761
1.23015 -0.181981
1.47841 -0.22699
1.3727 -0.55471
1.53654 -0.532989
1.67338 -0.457033
1.77875 -0.677971
1.64934 -0.713213
1.77576 -0.902827
1.62404 -0.984162
1.77898 -1.13112
1.50493 -1.14306
1.50406 -0.950744
1.51083 -0.768219
1.40448 -0.903278
1.27222 -0.799429
1.31172 -1.20905
1.11272 -0.830755
1.1052 -1.19691
1.18769 -1.4945
1.15054 -1.79605
1.2338 -2.0178
1.34624 -2.28067
1.08632 -2.21079
1.24984 -2.64538
1.41617 -2.64553
1.22289 -2.98051
1.08665 -2.79625
1.11376 -3.25247
0.936657 -3.03458
0.89284 -3.3972
0.77679 -3.71123
0.687942 -3.38152
0.794448 -3.15131
0.641732 -2.96945
0.805853 -2.87866
0.918251 -2.61304
0.734141 -2.5627
0.839807 -2.17844
0.919886 -1.7932
0.714325 -1.76968
0.788722 -1.38485
0.582348 -1.41329
0.463038 -1.77254
0.630591 -2.16551
0.444158 -2.20714
0.535548 -2.5558
0.437566 -2.88848
0.473686 -3.26844
0.229274 -3.0667
0.295266 -3.56022
0.540706 -3.64877
0.399447 -3.85145
0.379158 -4.10605
0.173923 -3.85896
0.163568 -4.29281
0.400597 -4.31479
0.150249 -4.5958
0.307356 -4.72985
0.0912056 -4.79317
0.226073 -4.91819
0.485459 -4.83885
0.343725 -5.04195
0.568858 -4.95228
0.733402 -4.82179
0.748509 -4.94512
0.933408 -4.92731
0.721849 -5.08622
0.524956 -5.0801
0.445457 -5.22475
0.55724 -5.25621
0.638383 -5.27875
0.427105 -5.37438
0.517228 -5.36522
0.339994 -5.45427
0.394212 -5.45233
0.585325 -5.36892
0.450476 -5.42355
0.528833 -5.40169
0.717054 -5.3147
0.55809 -5.39661
0.761445 -5.30183
0.560417 -5.39085
0.658164 -5.34173
0.859231 -5.25361
0.555978 -5.3206
0.397426 -5.44995
0.301111 -5.42679
0.370646 -5.33436
0.452414 -5.24968
0.312984 -5.30055
0.207479 -5.36509
0.166633 -5.43129
0.0279264 -5.42814
-0.011632 -5.51374
-0.174764 -5.52004
-0.166899 -5.43875
-0.00341988 -5.36319
-0.775297 -5.2271
-0.945605 -5.26123
-0.716249 -5.31379
-0.932253 -5.38789
-0.615944 -5.44187
-0.857601 -5.48329
-0.676063 -5.50029
-0.706988 -5.55204
-0.527868 -5.54229
-0.572324 -5.58417
-0.408881 -5.59865
-0.509062 -5.61529
-0.285239 -5.625
-0.427316 -5.61834
-0.644494 -5.61247
-0.48405 -5.62342
-0.522471 -5.61307
-0.737223 -5.59641
-0.697145 -5.593
-0.466015 -5.5816
-0.648137 -5.53752
-0.457832 -5.53508
-0.604517 -5.48511
-0.428832 -5.4753
-0.560994 -5.42552
-0.439512 -5.40324
-0.62152 -5.34735
-0.450492 -5.32173
-0.560308 -5.24562
-0.351422 -5.26167
-0.321863 -5.36201
-0.122953 -5.3586
-0.271544 -5.44257
-0.0786095 -5.48683
0.0971937 -5.39802
0.113508 -5.47157
0.3024 -5.37019
0.223273 -5.47301
0.0157738 -5.53251
0.154519 -5.54171
-0.0534115 -5.57536
0.0110359 -5.59903
0.158049 -5.54688
-0.0418386 -5.60905
0.14063 -5.55876
-0.0930376 -5.61984
0.0850716 -5.5785
0.212575 -5.53595
0.353173 -5.48524
0.275875 -5.51417
0.431849 -5.45326
0.165018 -5.54196
0.198656 -5.50428
-0.0137177 -5.57199
0.027564 -5.58613
-0.128779 -5.63384
-0.205535 -5.57958
0.125586 -5.48435
-0.295495 -5.62768
-0.323344 -5.63379
-0.272822 -5.6277
0.329998 -5.47742
-0.147363 -5.60227
-0.28923 -5.6027
-0.203895 -5.58595
-0.12284 -5.55678
-0.252398 -5.53167
-0.338161 -5.58061
-0.112638 -5.5411
0.25397 -5.30577
0.114392 -5.29058
0.306368 -5.1988
0.150036 -5.17361
-0.00419998 -5.2469
-0.00938988 -5.12983
-0.161761 -5.21053
-0.180435 -5.06887
-0.315973 -5.13881
-0.52813 -5.10276
-0.365057 -5.00892
-0.536907 -4.92862
-0.400845 -4.87425
-0.230103 -4.92237
-0.315374 -4.7618
-0.109786 -4.79865
-0.186457 -4.63887
-0.0178547 -4.67575
-0.0104036 -4.96525
-0.0392237 -4.50352
-0.233723 -4.46874
-0.418464 -4.57342
-0.425161 -4.30209
-0.132455 -4.28219
-0.28453 -3.99567
-0.0248938 -4.05538
-0.0823174 -3.76452
0.0581379 -3.46459
0.178222 -3.64435
-0.159249 -3.49521
-0.160913 -3.24606
-0.0456972 -3.00046
-0.337509 -2.93175
-0.160881 -2.5951
0.0712795 -2.68972
0.0193396 -2.25582
0.28895 -2.53035
0.256034 -2.03294
0.0629978 -1.85798
0.203812 -1.62079
0.338004 -1.28453
0.122593 -1.33839
-0.0652819 -1.50477
0.0100222 -1.24668
0.108107 -1.09385
-0.133815 -1.09916
0.0265732 -0.75101
-0.243565 -0.786141
-0.201277 -0.435555
0.0979671 -0.371439
0.302763 -0.615378
0.323666 -0.307905
0.489789 -0.103322
0.533902 -0.466465
0.769083 -0.266285
0.743382 -0.637828
0.93782 -0.583784
0.900003 -0.997137
1.06676 -0.547172
1.03197 -0.295194
1.17901 -0.525684
1.0765 -0.0608809
0.932195 0.0130575
0.695025 0.122984
0.56347 -0.949429
1.01548 -1.48691
0.27045 -0.923937
-0.44091 -0.651351
-0.485003 -0.332724
-0.584018 -0.560022
-0.722398 -0.495914
-0.653207 -0.187132
-0.905778 -0.310008
-0.990477 -0.874865
-0.669628 -0.819732
-0.805592 -1.08098
-0.641631 -1.12447
-0.431229 -1.04203
-0.517075 -1.35437
-0.429621 -1.23703
-0.323668 -1.31926
-0.360014 -1.71976
-0.123592 -1.90043
-0.288775 -2.18844
-0.536757 -2.0704
-0.656558 -1.71152
-0.843391 -2.14885
-0.903575 -1.64144
-0.748175 -1.359
-0.927189 -1.27646
-1.12975 -1.47706
-1.07437 -1.9048
-1.29174 -1.92548
-1.15921 -2.35687
-0.971502 -2.50826
-0.791528 -2.6304
-0.600296 -2.39034
-0.564625 -2.71796
-0.40023 -2.51349
-0.458825 -2.28852
-0.693721 -3.14629
-0.352075 -3.32693
-0.506014 -3.49557
-0.306494 -3.65091
-0.52869 -3.78208
-0.561669 -4.04994
-0.866326 -3.8989
-0.700755 -3.56893
-0.941697 -3.50649
-0.984976 -3.2428
-1.07132 -2.90234
-1.22009 -3.40836
-1.36217 -3.15306
-1.36745 -2.77065
-1.4563 -2.34975
-1.56259 -2.74054
-1.68133 -2.51419
-1.58916 -2.22484
-1.69116 -2.12146
-1.87029 -2.4045
-1.79372 -1.96506
-1.93643 -2.02434
-1.78097 -1.57456
-1.65755 -1.70543
-1.60562 -1.26455
-1.7013 -1.03076
-1.46802 -0.829399
-1.44023 -1.08816
-1.26886 -0.800952
-1.2217 -0.36698
-1.10805 -0.566632
-0.938896 0.0480811
-1.1605 0.0968055
-1.36098 -0.18916
-1.36999 0.0518281
-1.2357 0.271858
-1.07692 0.42199
-1.20004 0.456191
-1.26125 0.573766
-1.37074 0.314062
-1.42201 0.548825
-1.23815 0.835881
-1.4461 0.797864
-1.6514 0.487754
-1.59861 0.803822
-1.72415 0.648104
-1.7172 0.798525
-1.82323 0.663099
-1.80299 0.848877
-1.6164 1.01223
-1.70951 1.11731
-1.10441 1.74243
-0.978662 1.88241
-1.08016 1.55923
-1.27957 1.53989
-1.28853 1.33372
-1.11913 1.33663
-0.968494 1.46934
-0.976757 1.28921
-1.1486 1.12768
-1.30525 1.0072
-1.25727 1.17905
-1.43402 1.0612
-1.46375 1.23426
-1.56762 1.2081
-1.45754 1.38963
-1.37757 1.3794
-1.99152 0.684424
-2.05683 0.458465
-1.9473 0.509175
-1.89151 0.679617
-1.83167 0.46359
-1.98506 0.251955
-1.86333 0.194723
-1.73387 0.132603
-1.56065 0.255801
-1.65941 -0.00132614
-1.5301 0.0182898
-1.52884 -0.250727
-1.69675 -0.292319
-1.69062 -0.612445
-1.50611 -0.532905
-1.85977 -0.982659
-1.93633 -1.49955
-2.04594 -1.27987
-2.08347 -1.67693
-2.18318 -1.65996
-2.17712 -1.99148
-2.06655 -1.97114
-2.16263 -2.26307
-2.25675 -2.3407
-2.21418 -2.6179
-2.07823 -2.37779
-2.11711 -2.75317
-2.01359 -2.60071
-1.9858 -2.362
-1.96635 -2.80659
-1.8379 -2.76942
-1.92509 -3.11373
-1.72614 -2.9399
-1.77352 -3.33281
-1.56272 -3.09168
-1.55321 -3.55275
-1.85224 -3.70977
-1.73209 -3.98047
-1.44592 -3.93988
-1.36497 -3.67972
-1.1834 -3.75478
-1.19313 -4.01936
-1.06899 -4.21423
-0.750714 -4.23034
-0.954967 -4.41931
-0.668259 -4.47656
-0.892612 -4.59032
-1.10248 -4.55972
-1.25502 -4.44002
-1.29716 -4.63897
-1.09377 -4.70825
-1.29095 -4.79217
-1.10772 -4.89637
-0.844103 -4.7666
-0.7045 -4.63053
-0.55858 -4.7475
-0.695886 -4.87241
-0.672853 -4.97814
-0.86123 -4.95295
-0.749062 -5.06735
-0.685985 -5.17095
-0.757239 -5.26429
-0.852075 -5.17216
-0.960419 -5.27968
-0.890167 -5.36748
-0.735623 -5.43106
-0.950533 -5.4755
-0.801539 -5.51181
-1.00673 -5.54578
-0.860737 -5.57015
-1.06742 -5.57192
-0.92728 -5.58433
-1.14597 -5.57916
-1.07368 -5.57779
-0.879669 -5.59006
-1.03791 -5.58095
-0.86042 -5.57277
-0.701073 -5.59345
-0.900541 -5.54004
-1.01599 -5.55098
-1.11731 -5.51661
-1.04891 -5.49652
-1.1296 -5.42799
-1.24858 -5.47346
-1.38389 -5.3868
-1.48969 -5.43152
-1.32968 -5.50364
-1.18003 -5.55107
-1.37621 -5.53702
-1.21458 -5.56565
-1.39203 -5.53799
-1.55038 -5.51509
-1.58039 -5.47815
-1.7446 -5.44722
-1.63088 -5.46529
-1.88162 -5.34795
-1.80165 -5.3561
-1.57812 -5.45911
-1.43119 -5.5244
-1.39519 -5.49832
-1.2588 -5.55395
-1.18303 -5.53935
-1.16337 -5.50689
-1.32164 -5.44868
-1.10222 -5.43458
-1.2432 -5.37099
-1.05108 -5.35149
-0.9637 -5.33632
-1.16324 -5.28225
-1.05997 -5.16105
-1.29065 -5.1792
-1.37993 -5.28126
-1.45004 -5.36419
-1.60728 -5.25961
-1.52228 -5.15201
-1.72711 -5.12381
-1.67762 -5.04996
-1.56205 -5.01522
-1.76012 -4.90371
-1.59219 -4.89769
-1.67404 -4.82184
-1.53145 -4.74365
-1.3917 -4.93531
-1.78553 -4.70212
-1.67258 -4.51142
-1.86061 -4.52212
-1.94593 -4.59613
-1.97662 -4.72301
-1.94522 -4.90954
-1.80712 -5.01509
-1.90522 -5.0434
-1.83165 -5.17413
-2.04361 -5.04968
-2.049 -4.9429
-2.17316 -4.8819
-2.19914 -4.95435
-2.14042 -5.06834
-1.94297 -5.19852
-2.08091 -5.17599
-1.9054 -5.27641
-1.83359 -5.28706
-1.74164 -5.34542
-1.61861 -5.42514
-1.55439 -5.40661
-1.73125 -5.2962
-1.58382 -5.33424
-2.00207 -5.23831
-2.03389 -5.24739
-2.18869 -5.13188
-2.24985 -5.04499
-2.3707 -5.00203
-2.36293 -5.03604
-2.2022 -5.1567
-2.2871 -5.1076
-2.47055 -4.9763
-2.35484 -5.07808
-2.46272 -4.97918
-2.28426 -5.10578
-2.1874 -5.18233
-2.08575 -5.23277
-1.96605 -5.32102
-2.10218 -5.2343
-1.91047 -5.31411
-1.79134 -5.39036
-1.75956 -5.36421
-1.64138 -5.331
-1.91739 -5.21051
-1.97037 -5.26947
-2.1387 -5.13774
-2.16582 -5.03915
-1.96328 -5.09492
-2.15793 -4.94817
-2.38792 -4.86481
-2.10355 -4.86774
-2.01372 -4.82791
-1.80627 -4.96225
-1.96823 -5.0083
-1.77126 -5.11775
-1.76162 -5.207
-1.51699 -5.25996
-1.28868 -5.3468
-1.27637 -5.28177
-1.14524 -5.35545
-1.09978 -5.29744
-1.19304 -5.18374
-1.40769 -5.18501
-1.46096 -5.04573
-1.59352 -5.12436
-2.74975 -4.4387
-2.68875 -4.5912
-2.67413 -4.67395
-2.56277 -4.73843
-2.58381 -4.82139
-2.48202 -4.88835
-2.40029 -4.90902
-2.47084 -4.94193
-2.41924 -4.80351
-2.29275 -4.93634
-2.32852 -4.79808
-2.51751 -4.61761
-2.38771 -4.60352
-2.26585 -4.73478
-2.12918 -4.77115
-2.27986 -4.58374
-2.15255 -4.56664
-2.05431 -4.54334
-2.14989 -4.34217
-2.28473 -4.38704
-2.3116 -4.12847
-2.37195 -4.26744
-2.41992 -4.39535
-2.50951 -4.46121
-2.54257 -4.27684
-2.59817 -4.3607
-2.56691 -4.4795
-2.62392 -4.44852
-2.64695 -4.54358
-2.69402 -4.39749
-2.77448 -4.28681
-2.7748 -4.16649
-2.69303 -4.27512
-2.72855 -4.04889
-2.642 -4.20898
-2.60212 -4.06792
-2.4687 -4.1341
-2.54308 -3.91391
-2.65278 -3.7934
-2.5549 -3.68996
-2.43467 -3.84524
-2.4499 -3.53839
-2.3542 -3.6174
-2.28814 -3.8396
-2.14993 -4.0293
-2.18279 -3.7727
-2.04919 -3.77888
-2.13162 -3.55832
-1.97407 -3.48569
-2.07158 -3.31794
-2.20585 -3.31803
-2.25177 -3.60014
-2.30648 -3.43754
-2.37542 -3.40344
-2.31793 -3.21418
-2.44514 -3.17443
-2.53511 -3.45366
-2.58947 -3.27199
-2.5976 -3.55289
-2.69092 -3.50563
-2.72824 -3.68854
-2.77238 -3.81563
-2.81476 -4.08415
-2.8774 -3.66192
-2.79238 -3.61052
-2.85525 -3.55768
-2.81806 -3.45185
-2.78209 -3.26894
-2.75655 -3.0578
-2.75867 -2.88884
-2.65616 -2.77601
-2.72636 -2.66797
-2.80208 -2.78865
-2.79111 -2.58397
-2.85471 -2.71735
-2.80266 -2.43741
-2.7642 -2.24322
-2.42636 -0.39586
-2.50965 -0.625463
-2.34283 -0.456265
-2.33751 -0.201015
-2.22405 -0.127122
-2.1642 -0.284403
-2.08464 0.00365412
-2.0007 -0.090072
-2.07323 -0.344999
-1.95315 -0.325201
-1.8708 -0.0380614
-1.79087 -0.154564
-1.85607 -0.44921
-1.82523 -0.637683
-1.9047 -0.651622
-1.95167 -0.86458
-1.99234 -0.666016
-2.07998 -0.991467
-2.19213 -1.31246
-2.16613 -1.02316
-2.11318 -0.82211
-2.2054 -0.864366
-2.26359 -1.13906
-2.34037 -0.964141
-2.34936 -1.26137
-2.30379 -1.43488
-2.39536 -1.51792
-2.36224 -1.72419
-2.43444 -1.78299
-2.41511 -2.00597
-2.49767 -2.03537
-2.4807 -2.29197
-2.56519 -2.39961
-2.5143 -2.74115
-2.40534 -2.25369
-2.35992 -2.47397
-2.28794 -2.04801
-2.3149 -2.6354
-2.39835 -2.79555
-2.32704 -2.91262
-2.21651 -2.98624
-2.08168 -3.03174
-2.04776 -2.81508
-2.33999 -1.9413
-2.27683 -1.68372
-2.67427 -3.15675
-2.64965 -2.43938
-2.58673 -2.06856
-2.66969 -2.19613
-2.61958 -1.95912
-2.57698 -1.79278
-2.63444 -1.77585
-2.5799 -1.53618
-2.50476 -1.65094
-2.51298 -1.24907
-2.4279 -1.282
-2.43962 -1.10299
-2.44946 -0.961341
-2.36871 -0.729343
-2.30353 -0.724951
-2.25762 -0.553423
-2.47239 -0.764887
-2.23655 -0.68662
-2.16723 -0.48169
-2.10231 -0.590895
-2.5379 -1.01293
-2.61531 -1.27427
-2.62099 -1.02167
-2.55297 -0.84741
-2.68918 -1.20133
-2.74117 -1.34236
-2.69116 -1.42412
-2.64156 -1.53293
-2.70705 -1.68771
-2.70384 -1.97849
-2.65124 -1.97723
-2.74081 -2.39391
-2.70976 -2.46668
-2.76587 -1.87382
-2.77636 -1.70114
-2.75691 -1.51582
-1.98431 0.0977302
-2.13316 0.126345
-2.0623 0.326895
-2.18559 0.258763
-2.24333 0.0135455
-2.75268 -3.40719
-1.95885 -4.02191
-2.03243 -4.23904
-1.9928 -4.43552
-1.85042 -4.29505
-1.60826 -4.24405
-1.48775 -4.4087
-1.35762 -4.22491
-1.46025 -4.55843
-2.50279 -4.92036
-2.60414 -4.8302
-2.60211 -4.8491
-2.58635 -4.8509
-2.37762 -4.97475
-2.68782 -4.70873
-1.39886 -5.07869
-1.21507 -5.05448
-1.0328 -5.03012
-0.911407 -5.07495
-1.29551 -5.55951
-1.22824 -5.57179
-0.580336 -4.60206
-0.895364 0.374383
-0.789106 0.265623
-1.29401 -1.19525
-1.35434 -1.58007
-1.49362 -1.44429
-1.51583 -1.90289
0.140327 -5.05669
-0.338221 -5.55811
-0.363461 -5.50365
-0.351675 -5.40924
-0.149611 -5.33591
-0.321115 -5.29172
-0.502563 -5.33405
1.04324 -1.81203
-0.120179 0.3446
0.722603 2.30238
0.513494 2.23563
0.577946 2.0878
0.318257 2.35177
0.0889626 2.26282
-0.240327 2.01197
0.608225 1.94792
0.663988 1.45706
1.47977 1.6661
2.88398 -4.2217
2.29381 -4.35979
2.32471 -4.4189
2.13126 -4.47816
2.08 -4.3896
1.60573 -4.63067
1.27838 -4.79211
1.59249 -4.70187
1.85514 -4.55266
1.77534 -4.65732
1.58672 -4.77857
1.84261 -4.68369
1.95037 -4.5916
2.08365 -4.59856
1.88282 -4.72719
1.71485 -4.77625
1.65755 -4.84279
1.5665 -4.84163
1.43292 -4.89107
1.3214 -4.89175
1.39925 -4.81142
1.19752 -4.90519
1.24849 -4.99274
1.43037 -4.92766
1.67007 -4.89177
1.86118 -4.78436
1.80097 -4.85586
1.8472 -4.83269
1.58351 -4.96218
1.81966 -4.84
2.00828 -4.74992
1.90245 -4.81439
1.75151 -4.87489
1.69078 -4.90098
1.40763 -5.03586
1.1722 -5.12469
1.2577 -5.07961
1.48569 -4.96077
1.10777 -5.11859
1.71288 -4.833
1.72812 -4.75898
1.89918 -4.70296
1.9116 -4.62606
2.06674 -4.59386
2.11525 -4.50239
2.24741 -4.49162
2.18789 -4.5807
2.35457 -4.49317
2.27809 -4.57841
2.43843 -4.48949
2.40612 -4.55891
2.58451 -4.41424
2.54299 -4.38515
2.6775 -4.30431
2.68083 -4.25662
2.79848 -4.17973
2.79032 -4.12025
2.93142 -4.01214
2.93688 -3.91141
2.76941 -4.02146
2.90041 -3.87573
2.87726 -3.80723
2.70422 -3.92996
2.8396 -3.68229
3.01339 -3.54272
2.96987 -3.38597
3.04678 -3.3742
3.07911 -3.24898
3.1159 -3.31487
3.1713 -3.06274
3.05874 -3.10342
3.1417 -2.85314
3.23906 -2.78236
3.2706 -2.94629
3.3348 -2.72892
3.32012 -2.96463
3.379 -2.84626
3.32809 -3.10703
3.42307 -2.92923
3.35593 -3.13062
3.48667 -2.87229
3.47704 -2.75194
3.43259 -2.73917
3.48017 -2.58793
3.53172 -2.67391
3.54243 -2.43442
3.46404 -2.357
3.52421 -2.17465
3.45655 -2.06608
3.48732 -1.89106
3.49227 -1.6395
3.43601 -1.36978
3.36359 -1.42597
3.4279 -1.66723
3.3618 -1.59928
3.4067 -1.81099
3.31077 -1.7125
3.37412 -1.98112
3.42883 -2.20915
3.34471 -2.16719
3.28777 -1.96545
3.24091 -2.26172
3.18079 -1.98747
3.21768 -1.73136
3.22666 -1.53721
3.14831 -1.52876
3.1665 -1.3507
3.28022 -1.45491
3.22584 -1.2125
3.08802 -1.10938
3.04428 -1.34974
2.93783 -1.027
2.90083 -1.22707
2.75533 -0.965757
2.78982 -1.25101
2.92481 -1.52486
2.7214 -1.45508
2.86719 -1.75188
2.98257 -1.83739
3.0926 -1.72005
3.07346 -2.07578
3.16211 -2.17782
3.11975 -2.37969
3.19242 -2.57773
3.30368 -2.51865
3.3356 -2.32983
3.39313 -2.4328
3.37911 -2.28202
3.40938 -2.61225
3.0906 -2.67092
3.03519 -2.91743
2.97254 -2.7522
3.02911 -2.54331
2.91447 -2.5699
2.8074 -2.84222
2.91675 -2.9714
2.78017 -3.19613
2.94404 -3.1566
2.84315 -3.3721
2.7992 -3.56449
2.66238 -3.54852
2.56085 -3.40025
2.61434 -3.08757
2.39391 -3.32386
2.42034 -3.02687
2.16608 -3.25749
2.23337 -2.9561
2.0513 -3.08325
2.04262 -2.83966
1.93964 -3.27378
1.75015 -3.36828
1.89279 -3.54394
2.14819 -3.55894
1.93131 -3.78931
2.11549 -3.79837
2.3383 -3.60253
2.25887 -3.86745
2.46749 -3.65063
2.46888 -3.82815
2.64005 -3.80578
2.45603 -3.99483
2.5323 -4.02504
2.54633 -4.14391
2.34558 -4.19304
2.34637 -4.34857
2.59172 -4.25636
2.41629 -4.40224
2.15928 -4.37634
1.92822 -4.50572
2.06093 -4.28943
1.8373 -4.43226
1.82631 -4.28987
2.06037 -4.10617
2.27815 -4.05746
2.05108 -3.97302
1.8841 -4.09672
1.94519 -3.94238
1.77424 -3.98982
1.66336 -4.18745
1.56986 -4.38023
1.68613 -4.45698
1.48766 -4.54487
1.65948 -4.58365
1.3286 -4.47817
1.40995 -4.27574
1.12414 -4.38487
1.52233 -4.00702
1.73124 -3.81388
1.72241 -4.66953
2.23802 -2.72201
2.06243 -2.50628
2.37155 -2.51645
2.18455 -2.22957
1.94641 -2.19387
2.00217 -1.96566
1.87854 -1.79662
2.2514 -1.93975
2.39813 -2.22741
2.50769 -2.03953
2.59026 -1.84655
2.71284 -2.09064
2.73064 -1.80646
2.53529 -1.53
2.5021 -1.19325
2.4248 -1.29094
2.3245 -1.0746
2.37776 -0.944721
2.47565 -0.99076
2.60277 -1.03326
2.40605 -0.784967
2.50328 -0.560256
2.28568 -0.501834
2.26359 -0.241668
2.33622 -0.0188963
2.09965 0.113961
2.18061 0.290305
2.27114 0.270875
2.34652 0.169634
2.33268 0.355646
2.4359 0.0667076
2.46677 0.229646
2.55704 -0.0582581
2.6854 -0.165996
2.64284 -0.222994
2.73226 -0.365674
3.10247 -0.665568
3.6165 -2.26421
3.61286 -2.57182
3.3896 -1.19776
3.29537 -1.12727
3.13035 -0.92827
2.98475 -0.720424
2.90052 -0.509506
2.80235 -0.660231
2.99679 -0.875321
2.57915 -0.264646
2.18205 0.533505
2.02703 0.521236
2.04387 0.79469
1.92751 0.788374
1.92436 1.00249
1.78484 0.898984
1.86776 0.660299
1.74327 0.653291
1.86395 0.383114
2.89601 -2.04962
2.83081 -2.34189
2.98619 -2.33389
2.77392 -2.57897
2.61503 -2.37079
2.58728 -2.74715
2.38845 -2.79471
3.15348 -3.84671
3.06803 -3.99337
3.06941 -3.94054
3.17693 -3.74573
3.11193 -3.8163
3.03095 -3.93668
3.07926 -3.78836
3.20038 -3.64848
3.22272 -3.53871
3.13105 -3.61813
3.24544 -3.37799
3.29473 -3.30634
3.28333 -3.54498
3.24065 -3.18212
3.14173 -3.46604
3.01019 -3.72068
3.04476 -3.7672
2.93593 -4.08354
2.96027 -4.10385
2.78213 -4.26694
2.88109 -4.21065
2.7592 -4.34441
2.78544 -4.31568
2.66435 -4.4191
2.73322 -4.34843
2.66854 -4.34702
2.53139 -4.4366
2.5479 -4.48433
2.33452 -4.53102
2.42744 -4.42424
2.27086 -4.48866
2.09105 -4.65606
2.31255 -4.6155
2.04873 -4.73596
2.28336 -4.64264
2.49332 -4.53935
2.45221 -4.5531
2.2435 -4.66372
2.13578 -4.68702
2.09186 -4.72259
2.60793 -4.44018
2.60244 -4.45715
2.12094 -4.65262
1.93307 -4.75134
2.04018 -4.65322
0.885023 -4.38782
2.55704 -0.0582581
