-1.89292 4.41972
-1.15666 6.61998
-1.05116 6.83287
-0.364836 7.64824
0.0709066 8.08739
0.585567 8.21597
1.13721 8.2538
1.67303 8.27269
2.10365 8.19554
2.40333 8.06011
3.18611 7.61027
3.62526 7.32438
3.79607 7.16219
3.94403 6.97371
4.06455 6.76626
4.16395 6.51589
5.44995 3.18002
5.32307 2.18283
5.28441 2.05457
5.21811 1.87636
5.03477 1.42947
4.88184 1.17312
4.55622 0.68903
4.43004 0.526862
4.03119 0.0492163
3.73245 -0.232308
3.58388 -0.323497
3.4893 -0.379837
3.29954 -0.468395
0.799224 -1.28558
0.713406 -1.30233
0.611236 -1.31793
0.45694 -1.31441
0.281361 -1.27805
0.140897 -1.22515
-0.16841 -1.07273
-0.597321 -0.855538
-0.767108 -0.761094
-0.889998 -0.686463
-1.05587 -0.57431
-1.23358 -0.428002
-1.36035 -0.297845
-1.53527 -0.0913271
-1.63318 0.058259
-1.8333 0.414836
-1.93523 0.629476
-1.95187 0.66868
-1.9987 0.790411
-2.01088 0.823374
-2.04803 0.939371
-2.36498 1.93552
-2.38586 2.09906
-2.36518 2.219
