-3.04711 -2.27931
-3.08993 -1.91324
-3.09656 -1.77171
-3.07895 -1.62414
-2.16207 -0.180302
-1.39925 0.937542
-1.17853 1.25935
-0.709576 1.6473
-0.556992 1.75192
-0.37808 1.84061
-0.155211 1.93676
0.789864 2.31292
1.02308 2.37437
1.51298 2.37802
2.95851 2.03764
3.18354 1.90847
3.38422 1.77874
3.5685 1.58404
3.74214 1.37875
3.9079 1.16768
4.21442 0.76035
4.36626 0.555277
4.81451 -0.0848682
4.94937 -0.300501
5.28489 -0.893566
5.32132 -1.03837
5.39961 -1.39099
5.48467 -1.7826
5.6451 -2.57134
5.79643 -3.51473
5.86343 -4.23877
5.88907 -4.51891
5.89557 -4.66073
5.82483 -5.59756
5.76926 -5.75825
5.61266 -6.04008
5.42431 -6.2228
5.29677 -6.30389
5.15651 -6.34699
5.01419 -6.37208
4.81449 -6.38014
-0.0831628 -6.40045
-0.181705 -6.3968
-0.86337 -6.35554
-1.22016 -6.31939
-1.44856 -6.2839
-1.73449 -6.22435
-1.98475 -6.11654
-2.17084 -5.98386
-2.22289 -5.93773
-2.26955 -5.88882
-2.36075 -5.75805
-2.42253 -5.66227
-2.48311 -5.54893
-2.52279 -5.42552
-2.5779 -5.16998
-2.84739 -3.76489
