-3.91505 22.9257
-3.99337 23.0164
-4.03195 23.0821
-4.03471 23.1487
-3.94171 23.419
-3.90188 23.5149
-3.88395 23.5555
-3.81973 23.6763
-3.74516 23.7679
-3.73251 23.7828
-3.65152 23.8756
-3.53056 23.9835
-3.467 24.0308
-3.42273 24.057
-3.32422 24.1087
-3.18736 24.1754
-2.90855 24.2659
-2.50948 24.354
-2.38617 24.3776
-2.23817 24.4042
-0.692787 24.6569
-0.0560732 24.7506
0.0797844 24.7674
0.490739 24.8052
0.833029 24.8022
0.961873 24.7928
1.12717 24.7637
1.30819 24.7228
1.69237 24.6357
1.87391 24.5825
2.13551 24.448
2.411 24.3028
2.77626 23.9397
2.88148 23.8248
2.9666 23.6631
3.03774 23.4555
3.05659 23.3649
3.12321 23.0158
3.16506 22.6796
2.65267 20.2087
2.44381 19.7877
2.21133 19.3672
2.1064 19.2123
1.87166 18.8957
1.74603 18.7403
1.39485 18.3551
1.14801 18.237
1.08208 18.2338
1.00447 18.2395
0.862387 18.31
