-6.28457 2.77479
-6.215 3.01029
-6.19102 3.07844
-6.00966 3.5211
-5.60947 4.3428
-5.2821 4.94037
-5.20699 5.06844
-5.11685 5.19662
-4.59112 5.93742
-4.45311 6.10424
-4.30761 6.27561
-3.94914 6.61742
-3.73463 6.73924
-3.05783 7.07987
-2.86085 7.15869
-2.67541 7.19737
-2.46977 7.2137
-2.20898 7.22039
-1.95539 7.17025
-1.70988 7.09915
-1.47363 7.02028
-0.689927 6.65194
-0.178931 6.29225
0.0535212 6.11291
0.212906 5.85801
1.191 4.25588
1.2805 4.06433
1.49788 3.48253
1.6152 3.04439
1.65357 2.89316
1.74969 2.20242
1.7609 2.02682
1.75431 1.85096
1.73864 1.67833
1.63263 1.27745
1.50798 0.94988
1.45519 0.848253
1.33001 0.660527
1.19472 0.461868
1.0554 0.272591
0.703123 -0.200382
0.582726 -0.337491
0.547685 -0.375855
0.413406 -0.489623
0.255479 -0.604667
0.139829 -0.651623
-0.012929 -0.713222
-0.0983486 -0.746184
-0.199336 -0.777546
-0.280473 -0.79476
-0.442383 -0.821507
-0.646063 -0.833432
-1.45645 -0.797571
-1.58563 -0.789174
-4.43604 -0.534593
-4.5616 -0.492342
-4.67949 -0.444687
-4.79016 -0.351503
-5.00097 -0.169981
-5.40572 0.264621
-5.66022 0.53807
-5.78244 0.682954
-5.89983 0.831461
-5.95199 0.930633
-6.11957 1.30001
-6.16337 1.40704
-6.20893 1.522
-6.25384 1.63727
-6.28724 1.80136
-6.30243 1.9007
-6.30145 2.41
