0.328148 -4.75771
0.116404 -4.77272
-0.123497 -4.8055
-0.10269 -4.85118
-0.331719 -4.88711
-0.246871 -4.90025
-0.563533 -4.94059
-0.486884 -4.96249
-0.752454 -4.97488
-0.748688 -5.02728
-0.988403 -5.00858
-0.929676 -4.95354
-1.15907 -5.00909
-1.29306 -4.98018
-1.32053 -5.03277
-1.22397 -5.0568
-1.43935 -5.09081
-1.452 -5.04075
-1.60087 -5.08991
-1.54261 -5.10874
-1.56235 -5.13673
-1.81572 -5.13068
-1.77377 -5.06462
-2.04739 -5.0549
-1.81517 -5.00851
-1.57362 -5.01448
-1.64769 -4.95865
-2.03949 -4.94374
-1.7996 -4.9014
-2.01402 -4.86803
-2.27234 -4.87488
-2.17233 -4.78376
-2.46888 -4.80685
-2.592 -4.88081
-2.73434 -4.81246
-2.93201 -4.86489
-2.98329 -4.78747
-2.82215 -4.73129
-3.06077 -4.71154
-3.13887 -4.76527
-1.56726 -4.37478
-1.77486 -4.34043
-1.86224 -4.45195
-1.95368 -4.34781
-2.1341 -4.41109
-2.87036 -4.66287
-2.6476 -4.66536
-2.60316 -4.57709
-2.37593 -4.61692
-2.49239 -4.49362
-2.31479 -4.49453
-2.0832 -4.56156
-2.12448 -4.66105
-2.22609 -4.71328
-2.4231 -4.72988
-1.9882 -4.72106
-1.79035 -4.81617
-1.66233 -4.72166
-1.88289 -4.64872
-1.55684 -4.64659
-1.77939 -4.56824
-1.64403 -4.49585
-1.54383 -4.56522
-1.39747 -4.48027
-1.11644 -4.44731
-0.735674 -4.62312
-1.08699 -4.63096
-1.26884 -4.56916
-1.32263 -4.64361
-1.34135 -4.69643
-1.03027 -4.71435
-1.34772 -4.79068
-0.938877 -4.78487
-1.14232 -4.87262
-1.51757 -4.88609
-1.37748 -4.92525
-1.41389 -4.95008
-1.17208 -4.93983
-0.860057 -4.91058
-0.777802 -4.84119
-0.539544 -4.8507
-0.599752 -4.90664
-0.360955 -4.84431
-0.228558 -4.78356
-0.401752 -4.76216
-0.626971 -4.76457
-0.732438 -4.70946
-0.578593 -4.80087
-2.61987 -4.74566
-6.3445 1.8894
-6.45635 1.6844
-6.5909 1.48238
-6.64174 1.29306
-6.55751 1.42796
-6.57668 1.26044
-6.65319 1.10635
-6.7212 1.09385
-6.75076 0.903778
-6.81508 0.892546
-6.82364 0.770005
-6.88208 0.726298
-6.91817 0.738764
-6.88777 0.599905
-6.96917 0.365514
-6.88303 0.878972
-7.18986 -2.22563
-7.21509 -1.90665
-7.1843 -1.64138
-7.20688 -1.35727
-7.1 -0.750767
-7.07451 -0.584394
-7.06455 -0.391032
-7.05709 -0.459752
-7.01366 -0.153877
-6.98846 0.148006
-6.8934 0.427602
-6.90915 0.20482
-6.82119 0.49337
-6.81732 0.661952
-6.75614 0.695375
-6.68322 0.886468
-6.67275 1.00434
-6.57294 1.06422
-6.66366 0.71976
-6.51986 0.882677
-6.42305 1.2388
-6.48112 1.40264
-6.35397 1.52732
-6.36267 1.70665
-6.47692 1.56074
-6.53033 1.55624
-6.23039 1.78353
-6.26314 1.90176
-6.31639 1.83734
-6.21569 2.05912
-6.14131 2.06422
-6.10132 2.26761
-6.01444 2.48521
-5.9495 2.68467
-5.84305 2.83493
-5.78057 2.79996
-5.85211 2.64161
-5.92769 2.46589
-5.73983 2.62567
-5.85239 2.43832
-5.74043 2.47963
-5.87468 2.279
-5.99038 2.26988
-6.04797 2.00968
-5.90188 2.0517
-6.03791 1.78342
-5.93123 1.79573
-6.04202 1.59861
-5.97953 1.5089
-6.08928 1.40147
-6.16154 1.46649
-6.17334 1.18892
-6.07279 1.24583
-6.14045 1.05857
-6.23889 0.914703
-6.1356 0.8901
-6.27277 0.583224
-6.35707 0.718613
-6.33204 1.05953
-6.50219 0.608536
-6.43582 0.433934
-6.5547 0.282819
-6.51893 0.136186
-6.66702 -0.0435339
-6.65876 0.277602
-6.81046 -0.125795
-6.79366 0.179111
-6.70251 0.443352
-6.78715 0.419825
-6.60244 0.587563
-6.86395 0.119637
-6.90001 -0.120381
-6.94606 -0.127392
-6.98361 -0.460107
-7.02057 -0.390706
-7.0255 -0.791859
-7.08244 -1.0822
-7.15314 -1.19833
-7.09107 -1.44173
-7.1556 -1.47126
-7.13392 -1.69955
-7.17484 -1.91792
-7.08876 -1.98049
-7.04748 -1.75542
-7.00426 -2.05898
-7.0403 -2.29273
-7.11846 -2.19796
-7.07776 -2.54171
-7.00001 -2.60659
-6.94114 -2.4109
-6.91809 -2.72641
-6.95234 -2.85944
-7.02541 -2.83321
-6.95454 -3.104
-7.03616 -3.04888
-7.09111 -2.86436
-7.0737 -3.21192
-7.16119 -2.91862
-7.13889 -3.16474
-7.10558 -3.44346
-7.1731 -3.28217
-7.2008 -2.97157
-7.19904 -3.18906
-7.15165 -3.43446
-7.18195 -3.32658
-7.19938 -3.17736
-7.19177 -3.31885
-7.16406 -3.47912
-7.17195 -3.46123
-7.15048 -3.62334
-7.12684 -3.76625
-7.08003 -3.8898
-7.05178 -3.95973
-7.11635 -3.7827
-7.12229 -3.64272
-7.06724 -3.85837
-7.11415 -3.61887
-7.14033 -3.45265
-7.00517 -3.79457
-7.01978 -3.53405
-6.93909 -3.72657
-6.8763 -3.97248
-6.892 -4.05793
-6.94086 -4.04902
-6.9783 -4.06452
-6.94733 -4.16219
-6.99213 -4.11799
-7.05313 -3.97465
-6.9903 -4.07264
-6.90584 -4.21381
-6.89878 -4.24591
-6.85565 -4.32058
-6.81393 -4.34285
-6.86327 -4.24224
-6.79854 -4.30894
-6.85134 -4.19041
-6.902 -4.12764
-6.78509 -4.19958
-5.88792 -4.64778
-5.65876 -4.71771
-4.85427 -4.81442
-4.61556 -4.8706
-4.43926 -4.80103
-4.18581 -4.80624
-3.52326 -4.79556
-3.88476 -4.83433
-3.55007 -4.88917
-3.84901 -4.92763
-4.18178 -4.90406
-3.99838 -4.93992
-4.11116 -4.95862
-4.40317 -4.93698
-4.7263 -4.92546
-4.96416 -4.86904
-4.97619 -4.92142
-5.23808 -4.91445
-5.28566 -4.8246
-5.51527 -4.84478
-5.51931 -4.77639
-5.72565 -4.7869
-5.87167 -4.71298
-5.95593 -4.77806
-6.05692 -4.67547
-6.17086 -4.72517
-6.25065 -4.61174
-6.43354 -4.54781
-6.34169 -4.68804
-6.4883 -4.63207
-6.56267 -4.49583
-6.6831 -4.37415
-6.62117 -4.55534
-6.72311 -4.44089
-6.66792 -4.60292
-6.74969 -4.46063
-6.75673 -4.51057
-6.8003 -4.40253
-6.83001 -4.37039
-6.79931 -4.43014
-6.86942 -4.29895
-6.86655 -4.26229
-6.7694 -4.4088
-6.73814 -4.40515
-6.84027 -4.20661
-6.78975 -4.21018
-6.66795 -4.40102
-6.60997 -4.51947
-6.61108 -4.57951
-6.71139 -4.51594
-6.6382 -4.64792
-6.712 -4.56156
-6.6598 -4.658
-6.54351 -4.76326
-6.51857 -4.71344
-6.38681 -4.83115
-6.41532 -4.76332
-6.50813 -4.64311
-6.34664 -4.73256
-6.46353 -4.58607
-6.56945 -4.53047
-6.5633 -4.39791
-6.69695 -4.22447
-6.61019 -4.15424
-6.72718 -3.97965
-6.78167 -4.07148
-6.83264 -3.87693
-6.79923 -3.77362
-6.8925 -3.64524
-6.98683 -3.46567
-6.93188 -3.39531
-7.00473 -3.24666
-6.87042 -3.31219
-6.86337 -3.04844
-6.75936 -3.43494
-6.73552 -3.16523
-6.81612 -2.72104
-6.69967 -2.94276
-6.74159 -2.6833
-6.77851 -2.44076
-6.86348 -2.35691
-6.92635 -2.13909
-6.96242 -1.79428
-6.84671 -2.0806
-6.87338 -1.74189
-6.91385 -1.5288
-6.98151 -1.4712
-6.91854 -1.1606
-7.02098 -1.28827
-7.02066 -1.5552
-6.98962 -0.971255
-6.93086 -0.799948
-6.9604 -0.65057
-6.87482 -0.500223
-6.91304 -0.369085
-6.79684 -0.347876
-6.82969 -0.704614
-6.71606 -0.403276
-6.58865 -0.163637
-6.62778 -0.496735
-6.73555 -0.704874
-6.64596 -0.914711
-6.789 -1.03451
-6.81794 -1.44739
-6.72579 -1.25997
-6.72059 -1.52862
-6.755 -1.83056
-6.64386 -1.71373
-6.62395 -1.3463
-6.52874 -1.59513
-6.55434 -1.93407
-6.65268 -2.00071
-6.58339 -2.25072
-6.44814 -2.19607
-6.40081 -1.8178
-6.28086 -2.15124
-6.35146 -2.50008
-6.48682 -2.51654
-6.39776 -2.74944
-6.27512 -2.82262
-6.19558 -2.54798
-6.17025 -2.80002
-6.14759 -3.01699
-6.26718 -3.16414
-6.08782 -3.33584
-6.19396 -3.55095
-5.99587 -3.63833
-6.05909 -3.84998
-5.8877 -3.89034
-5.93877 -4.07106
-5.73809 -4.11105
-5.84863 -4.2693
-5.62811 -4.36379
-5.79892 -4.45891
-5.57772 -4.56882
-5.75537 -4.60879
-5.97604 -4.53221
-5.80008 -4.72678
-5.59322 -4.71331
-5.59184 -4.8158
-5.72797 -4.83412
-5.88811 -4.81499
-5.73452 -4.89147
-5.60789 -4.87968
-5.54693 -4.94655
-5.44245 -4.90287
-5.36592 -4.8113
-5.19258 -4.94581
-5.35823 -4.96992
-5.20788 -5.02501
-5.43572 -5.02074
-5.71279 -4.97309
-5.58752 -5.0366
-5.42847 -5.06888
-5.25348 -5.06763
-5.32734 -5.0886
-5.57331 -5.05723
-5.43885 -5.08619
-5.17146 -5.11798
-5.319 -5.10527
-5.04611 -5.11201
-5.25522 -5.09833
-4.99214 -5.09032
-5.25009 -5.06641
-4.92102 -5.0382
-5.1679 -5.02644
-5.41686 -5.00634
-5.50387 -5.04435
-5.69833 -4.97174
-5.62893 -5.02248
-5.78145 -5.00558
-5.96851 -4.93699
-5.89041 -4.99737
-6.08806 -4.95969
-6.04376 -4.9746
-6.23566 -4.89243
-6.21099 -4.85522
-6.39423 -4.8098
-6.37785 -4.75388
-6.2296 -4.78498
-6.09073 -4.80995
-6.0975 -4.8555
-5.91542 -4.87935
-5.74363 -4.85435
-5.73568 -4.90289
-5.53161 -4.92387
-6.52434 -4.68968
-6.55057 -4.75232
-6.41091 -4.84258
-6.2821 -4.88659
-6.17425 -4.91468
-6.27267 -4.84128
-6.11662 -4.9071
-6.1346 -4.83482
-6.22766 -4.74741
-6.32934 -4.63407
-6.18649 -4.66295
-6.29032 -4.53205
-6.42464 -4.48728
-6.37407 -4.40006
-6.48803 -4.29666
-6.38703 -4.2228
-6.52574 -4.02681
-6.64257 -3.90326
-6.59501 -3.76543
-6.66535 -3.67518
-6.64715 -3.50273
-6.73528 -3.73526
-6.82851 -3.55748
-6.56685 -3.61657
-6.59338 -3.3195
-6.46794 -3.65488
-6.46405 -3.33965
-6.56069 -2.97695
-6.6557 -2.74976
-6.60382 -2.58816
-6.6955 -2.54385
-6.70566 -2.25089
-6.48618 -2.80445
-6.41889 -3.07356
-6.41493 -2.89553
-6.35801 -2.94603
-6.34424 -3.35426
-6.33873 -3.61102
-6.20643 -3.85181
-6.33409 -3.8891
-6.19978 -4.11441
-6.3207 -4.09878
-6.43804 -3.96074
-6.24232 -4.28016
-6.27134 -4.4152
-6.15625 -4.43611
-6.15501 -4.55595
-6.10707 -4.33446
-5.96886 -4.34885
-6.07294 -4.22393
-6.08455 -4.0624
-5.98732 -4.20557
-6.02264 -4.69331
-6.06775 -4.77686
-5.9173 -4.87332
-5.95302 -4.93635
-5.79431 -5.01005
-6.00097 -4.95156
-5.94746 -4.9992
-6.14688 -4.92892
-5.8776 -5.02585
-5.70465 -5.06074
-5.75669 -5.03306
-5.74449 -5.0509
-5.55506 -5.07879
-5.65377 -5.05267
-5.45388 -5.093
-5.46326 -5.07402
-6.51764 -3.81176
-5.29212 -4.97624
-5.07001 -4.97464
-5.0171 -5.01503
-4.89826 -4.98454
-4.88102 -4.94684
-4.73352 -4.95816
-4.75146 -4.98666
-4.58531 -5.01846
-4.68619 -5.06257
-4.3062 -5.09004
-4.52193 -5.12467
-4.78869 -5.11731
-4.64854 -5.15248
-4.85156 -5.12413
-4.97162 -5.13409
-4.82945 -5.11469
-4.99348 -5.1077
-5.14569 -5.09253
-5.03525 -5.07458
-5.02778 -5.01954
-4.82499 -5.0749
-4.92608 -4.98088
-5.05113 -4.85424
-4.80419 -4.94454
-4.78077 -4.85163
-5.05035 -4.692
-5.25121 -4.73453
-5.34026 -4.61424
-5.43033 -4.69078
-5.45013 -4.4897
-5.25058 -4.50824
-5.42087 -4.38401
-5.50532 -4.22112
-5.22989 -4.32546
-5.3801 -4.08481
-5.59214 -4.03101
-5.72846 -3.91504
-5.56655 -3.80153
-5.81284 -3.71732
-5.74074 -3.56671
-5.90238 -3.45487
-5.75765 -3.28804
-5.97341 -3.14268
-5.84399 -2.91189
-6.05205 -2.79053
-5.91836 -2.56896
-6.06677 -2.49082
-6.1271 -2.25144
-6.12686 -1.91881
-6.26004 -1.81857
-6.1721 -1.63694
-6.2841 -1.55823
-6.15501 -1.36173
-6.27756 -1.24972
-6.13544 -1.03027
-6.25087 -0.933286
-6.11391 -0.700707
-6.2209 -0.605053
-6.08276 -0.366467
-6.18902 -0.248272
-6.0208 0.0339982
-6.15872 0.113493
-6.01054 0.454449
-6.17919 0.396275
-6.08946 0.708675
-6.29077 0.302303
-6.25996 0.154235
-6.3683 0.0647482
-6.31962 -0.161144
-6.48689 -0.251822
-6.47639 0.0200025
-6.39091 0.263067
-6.44019 -0.506049
-6.54883 -0.589672
-6.51967 -0.802381
-6.42173 -0.731282
-6.32247 -0.516332
-6.34634 -0.825282
-6.46448 -0.980989
-6.37928 -1.12784
-6.50173 -1.27119
-6.55866 -1.0697
-6.40681 -1.44491
-5.90149 0.888179
-6.00806 1.00242
-6.0658 1.08433
-5.98045 1.25299
-5.85371 1.47852
-5.82762 1.75312
-5.68144 1.72062
-5.68865 1.95677
-5.78269 2.02231
-5.60891 2.19558
-5.70893 2.32132
-5.48928 2.45376
-5.52751 2.66173
-5.3534 2.6611
-5.28292 2.86591
-5.36164 2.96469
-5.56164 2.84347
-5.43099 3.06796
-5.62046 2.92848
-5.71124 2.77224
-5.71367 2.9552
-5.53543 3.11783
-5.31993 3.29962
-5.20446 3.21507
-5.13637 3.39718
-4.99877 3.40513
-5.02947 3.23303
-4.84768 3.39895
-4.89334 3.21856
-4.73755 3.33589
-4.81576 3.05012
-5.06952 3.00544
-5.07878 2.73882
-5.21447 2.7704
-5.29556 2.54038
-5.17873 2.50751
-5.30991 2.32287
-5.16036 2.38275
-5.26431 2.12957
-5.5067 2.06902
-5.48156 1.82199
-5.61336 1.53573
-5.75852 1.43216
-5.71834 1.21839
-5.52951 1.40273
-5.46026 1.63237
-5.34517 1.57304
-5.42435 1.33431
-5.5771 1.13815
-5.39405 1.11104
-5.62288 0.832787
-5.73646 0.946544
-5.81984 0.648897
-5.87621 1.21215
-5.70373 0.39725
-5.88809 0.334589
-5.87256 0.11429
-5.94555 -0.180023
-5.79888 -0.0204402
-5.86613 -0.346202
-5.73388 -0.177911
-5.75003 -0.435462
-5.58333 -0.14825
-5.63083 0.0986767
-5.45469 0.151392
-5.47431 0.423817
-5.46214 0.746918
-5.30221 0.708345
-5.24482 0.458894
-5.07729 0.909953
-5.24085 1.00012
-5.03558 1.22786
-5.17858 1.2749
-5.24104 1.4447
-4.98989 1.5487
-5.1043 1.79506
-5.29595 1.83659
-5.1055 2.06756
-4.98426 2.40969
-4.87519 2.15839
-4.75021 2.47137
-4.72306 2.77757
-4.93303 2.71202
-4.58235 3.10488
-4.51311 3.40208
-4.40308 3.24994
-4.46606 2.98891
-4.24477 3.18206
-4.31834 2.90941
-4.07881 3.00849
-4.26965 2.66858
-4.52069 2.65214
-4.45739 2.36232
-4.65255 2.35005
-4.66168 2.09138
-4.86615 1.87936
-4.71238 1.75227
-4.82733 1.39378
-4.92901 1.16292
-4.80359 1.07091
-4.53728 1.51424
-4.49441 1.09627
-4.787 0.652866
-4.99753 0.69705
-5.06627 0.383958
-5.30972 -0.0408452
-4.95673 0.159791
-5.11577 -0.38418
-4.7571 -0.0585617
-4.64105 0.386813
-4.51182 0.741946
-4.33394 0.587189
-4.42541 0.184951
-4.1485 0.418776
-4.11248 0.111413
-4.33299 -0.0950958
-4.06417 -0.32307
-4.41787 -0.377595
-4.55452 -0.168476
-4.74862 -0.596005
-4.30636 -0.801735
-4.63516 -1.07006
-4.90713 -1.06366
-4.82604 -1.33834
-4.59275 -1.46774
-4.86555 -1.72687
-5.07573 -1.40999
-5.19981 -1.89756
-4.9647 -2.05279
-5.06466 -2.35288
-5.48022 -2.31049
-5.31231 -2.80622
-5.53854 -2.69627
-5.59735 -2.99901
-5.70767 -2.63518
-5.37517 -3.23536
-5.55716 -3.33848
-5.38199 -3.5789
-5.61259 -3.52493
-5.20115 -3.93526
-5.14282 -4.17748
-4.96897 -4.15141
-4.83432 -3.9916
-5.07524 -3.68766
-4.76117 -3.64308
-5.00318 -3.44503
-5.20452 -3.44004
-5.11581 -3.16869
-4.78776 -3.20925
-4.92113 -2.79556
-4.54171 -2.83432
-4.62641 -2.34734
-4.86662 -2.20903
-4.78233 -2.04704
-4.55495 -1.87338
-4.1841 -2.0435
-4.2699 -1.59765
-4.37286 -1.232
-4.04007 -1.26088
-3.78657 -0.850455
-3.63372 -0.390949
-3.7759 0.00193388
-3.36667 -0.0828263
-3.56394 0.243844
-3.86049 0.365817
-3.57943 0.555194
-3.95397 0.776706
-3.5496 0.922775
-3.7952 1.22131
-4.06265 1.14229
-4.03942 1.48699
-4.23582 1.23239
-4.27014 0.941312
-4.30607 1.43008
-4.22454 1.75294
-4.41874 2.00408
-4.11935 2.10355
-4.21106 2.3668
-3.97478 2.37081
-4.02219 2.6761
-3.75701 2.61573
-3.82829 2.96136
-3.85948 3.22968
-4.00817 3.35688
-3.76115 3.48187
-3.91474 3.63037
-4.20119 3.47983
-4.0678 3.74724
-4.29115 3.64265
-4.26091 3.82982
-4.45461 3.65443
-4.65194 3.53871
-4.58831 3.76036
-4.81561 3.57135
-4.84582 3.69116
-4.99861 3.54162
-5.16858 3.48364
-4.21469 4.06866
-4.37408 3.9427
-4.15069 3.98494
-3.94598 3.94189
-3.97468 4.07287
-3.5137 4.14978
-3.22405 4.14826
-3.2498 4.03235
-3.50177 4.0469
-3.72381 4.06232
-3.64931 3.93924
-3.40815 3.93329
-3.52005 3.86857
-3.65268 3.74493
-3.83872 3.82568
-3.39538 3.76047
-3.51967 3.5468
-3.62169 3.23648
-3.36237 3.35201
-3.39688 3.03598
-3.61459 2.90696
-3.4504 2.61761
-3.16716 2.84322
-3.16032 3.17173
-2.95107 3.01611
-2.90317 2.70871
-3.15063 2.46791
-2.90916 2.41822
-3.0322 2.10785
-2.71733 2.26097
-2.76166 1.80312
-3.05831 1.7102
-3.36432 1.87413
-3.19421 1.48652
-3.43726 1.3345
-3.21759 1.26163
-3.02773 1.27665
-3.05306 1.49018
-2.92697 1.51763
-2.72198 1.32027
-2.54576 1.57047
-2.45182 1.87741
-2.59227 2.06309
-2.40506 2.2896
-2.55026 2.58037
-2.75209 2.53881
-2.69034 2.72791
-2.53522 2.8717
-2.74475 2.93379
-2.63125 3.13643
-2.80876 3.1495
-2.96617 3.27192
-2.79882 3.38189
-2.9678 3.43576
-2.99117 3.60901
-2.75151 3.63231
-2.93307 3.7917
-3.16669 3.83119
-3.20096 3.66153
-3.32382 3.57106
-3.13654 3.4518
-3.01382 3.93031
-2.9674 4.05873
-2.76573 3.86705
-2.68321 4.02942
-2.35962 4.16729
-2.01647 4.1017
-1.89883 4.0269
-1.68945 3.9823
-1.90765 3.91341
-2.06769 3.99141
-2.09169 3.85668
-2.27127 3.94113
-2.29202 3.74478
-2.06442 3.71591
-2.13238 3.55046
-2.34787 3.56158
-2.38874 3.67626
-2.51161 3.68997
-2.49801 3.89225
-2.52485 3.39805
-2.23088 3.27092
-2.42249 3.0921
-2.2151 2.79016
-1.99757 3.12268
-1.80367 2.8904
-1.9196 2.60227
-2.07832 2.37391
-1.80519 2.36443
-1.92114 2.12727
-1.68939 2.11838
-1.8014 1.97937
-1.64675 1.8157
-1.44659 2.0237
-1.52841 2.36954
-1.24902 2.20639
-1.3295 2.51717
-1.50394 2.74376
-1.70839 2.59532
-1.54913 3.08217
-1.76 3.27657
-1.5346 3.32315
-1.61364 3.51044
-1.8642 3.59694
-1.65535 3.68717
-1.76979 3.80407
-1.94031 3.78862
-1.56831 3.80814
-0.951908 3.57164
-1.14453 3.68852
-1.09067 3.52229
-1.27518 3.62047
-1.35481 3.7844
-1.46234 3.64464
-1.34977 3.55595
-1.42297 3.46495
-1.23705 3.44061
-1.34633 3.23142
-1.13507 3.22975
-1.03524 3.35103
-0.89831 3.3964
-0.862268 3.2313
-0.714193 3.2287
-0.551783 3.02417
-0.702703 3.06734
-0.575494 2.89984
-0.693502 2.90451
-0.847976 3.07336
-0.981492 3.20302
-1.00389 3.06006
-0.843585 2.8865
-1.00626 2.86336
-0.876954 2.71512
-0.991984 2.64966
-0.875549 2.55096
-0.942627 2.46167
-0.809039 2.36558
-0.737032 2.5316
-0.688783 2.28999
-0.602484 2.32416
-0.570358 2.4876
-0.688048 2.72195
-0.785292 2.73157
-0.535873 2.69841
-0.430415 2.44195
-0.405474 2.59203
-0.431058 2.78156
-0.314427 2.56846
-0.287482 2.72956
-0.398209 2.95269
0.886127 0.672094
0.937024 0.518773
0.889541 0.598507
0.836926 0.757827
0.843156 0.650031
0.885379 0.493557
0.874305 0.461401
0.791196 0.645377
0.851636 0.348688
0.925436 0.185471
0.909136 -0.0115577
0.821589 0.217339
0.856598 -0.0433789
0.788298 0.0586994
0.836692 -0.16464
0.908433 -0.362086
0.843478 -0.330923
0.790303 -0.169013
0.78605 -0.389789
0.872271 -0.596518
0.809535 -0.694864
0.875383 -0.97369
0.966599 -0.862104
0.956761 -1.11633
0.932035 -1.35268
0.831822 -1.30491
0.895871 -1.75862
1.00916 -1.68651
0.974363 -2.02347
0.915718 -2.21551
0.816597 -2.08845
0.851038 -2.35827
0.779016 -2.46746
0.891442 -2.62874
0.783425 -2.85172
0.683045 -2.70487
0.654424 -2.38527
0.618806 -2.61282
0.518475 -2.46297
0.5613 -2.16396
0.464691 -2.15614
0.365693 -2.20588
0.385785 -1.93003
0.24757 -1.83353
0.209706 -2.06274
0.267156 -2.32711
0.0653167 -2.17253
0.242578 -2.58106
0.393051 -2.56526
0.357604 -2.84742
0.457725 -2.80175
0.449797 -3.03471
0.570755 -2.8626
0.525336 -3.18454
0.612147 -3.22351
0.541696 -3.42107
0.4157 -3.35927
0.476831 -3.57625
0.376881 -3.6283
0.249671 -3.53217
0.246465 -3.85579
0.0598259 -3.75751
0.0252399 -3.97348
-0.0982165 -3.90585
-0.179249 -3.73999
-0.286133 -3.99899
-0.147663 -4.05623
-0.317745 -4.19183
-0.0897036 -4.21066
-0.348211 -4.35131
-0.528743 -4.34633
-0.547987 -4.51761
-0.721686 -4.46205
-0.716662 -4.31508
-0.97225 -4.43778
-0.837213 -4.60842
-1.12399 -4.65837
-0.967412 -4.77549
-0.693405 -4.71852
-0.845479 -4.88366
-0.653193 -4.82022
-0.650328 -4.90933
-0.819781 -4.97817
-1.01813 -4.97569
-0.897709 -5.04442
-0.677446 -4.99762
-0.66746 -5.05085
-0.857269 -5.0763
-1.07372 -5.07928
-1.01322 -5.10223
-0.807595 -5.08172
-0.93266 -5.09735
-0.772402 -5.06424
-0.575391 -5.04105
-0.341582 -4.97186
-0.238158 -4.96392
-0.407024 -5.00851
-0.670249 -5.05905
-0.470436 -4.98416
-0.209634 -4.92509
-0.174717 -4.95073
-0.174963 -4.95876
0.0218949 -4.87991
-0.037425 -4.92015
0.201472 -4.84168
0.0269923 -4.9047
-0.0917945 -4.93449
0.0845361 -4.87823
0.230215 -4.82518
0.230494 -4.83855
0.0170226 -4.88465
0.353634 -4.79324
0.148292 -4.84207
-0.0476751 -4.8981
0.0413632 -4.83622
-0.224812 -4.93626
0.642165 -4.72222
0.42213 -4.78406
0.598032 -4.73214
0.780025 -4.68412
0.730478 -4.67603
0.646139 -4.6736
0.441229 -4.73663
0.473542 -4.68359
0.573411 -4.62383
0.398444 -4.6791
0.285572 -4.76822
0.281787 -4.73037
0.155328 -4.79408
-0.0401249 -4.88167
0.04772 -4.78649
-0.0818858 -4.79581
-0.29609 -4.84311
-0.0399742 -4.70932
-0.137083 -4.69143
-0.353533 -4.79054
-0.321332 -4.68297
-0.506468 -4.80924
-0.474984 -4.86812
-0.528545 -4.9215
-0.529072 -4.73766
-0.433261 -4.61881
-0.262549 -4.44282
-0.232949 -4.54564
-0.113085 -4.43645
-0.0974617 -4.35697
0.0434704 -4.31251
0.119815 -4.15452
0.115528 -4.04783
0.22872 -4.04965
0.35705 -4.0085
0.452774 -3.79181
0.494876 -3.97757
0.414499 -4.17414
0.242626 -4.1734
0.217371 -4.33533
0.375957 -4.33009
0.206288 -4.51179
0.475871 -4.36507
0.50872 -4.25113
0.60101 -4.26439
0.611791 -4.07824
0.718909 -4.21209
0.75565 -3.99278
0.695802 -3.85535
0.780812 -3.72413
0.705883 -3.61752
0.604535 -3.79462
0.634928 -3.51179
0.546578 -3.63014
0.698689 -3.32793
0.685613 -3.02185
0.770929 -3.14977
0.858592 -3.11503
0.781618 -3.41548
0.861148 -3.51104
0.92391 -3.25771
0.981822 -2.94724
1.02355 -2.41592
1.09959 -2.66316
1.10599 -2.35816
1.07349 -2.03566
1.13613 -2.16719
1.14444 -2.32946
1.1426 -2.51391
1.17067 -2.44184
1.17719 -2.30368
1.16805 -2.17002
1.21115 -2.25879
1.21196 -2.01646
1.15479 -1.92243
1.19972 -1.80299
1.158 -1.58827
1.08685 -1.65727
1.02562 -1.30574
1.08986 -1.39071
1.06258 -1.08138
1.01837 -0.619452
0.956601 -0.293559
0.981972 -0.191826
1.04371 -0.444916
1.09393 -0.755694
1.09778 -0.943789
1.14107 -1.11699
1.10389 -1.11892
1.12288 -1.30212
1.15562 -1.32544
1.1593 -1.43701
1.11014 -0.649912
1.08241 -0.532339
1.09682 -0.387542
1.05649 -0.175003
1.0352 0.0503868
0.979913 0.299694
0.980827 0.416281
0.926726 0.464375
0.929205 0.378311
0.960664 0.236952
0.998992 0.121506
0.990225 0.0263951
0.90949 0.360477
1.02124 -0.195034
1.02033 -0.0315212
1.06194 -0.351225
1.18994 -2.75331
1.19534 -2.99867
1.21141 -3.30996
1.1599 -3.4711
1.15107 -3.62329
1.12507 -3.59126
1.12552 -3.76991
1.08612 -3.7356
1.08505 -3.88097
1.03584 -3.89152
1.07442 -4.02561
1.01528 -4.18143
0.969135 -4.05396
0.920042 -4.18914
0.909335 -4.03827
0.974144 -3.89182
0.91398 -3.87
0.981105 -3.64613
0.907935 -3.68156
0.935884 -3.44446
0.847256 -3.86064
1.00828 -3.27518
0.957694 -3.2361
1.08409 -2.9604
1.1287 -3.14122
1.0703 -3.53297
1.13965 -3.30815
1.14412 -3.43643
1.19198 -3.15423
1.01903 -3.75347
0.875474 -3.99432
0.834183 -4.13194
0.850953 -4.30572
0.757116 -4.33601
0.778953 -4.45312
0.604313 -4.45202
0.622388 -4.36116
0.47618 -4.46684
0.381506 -4.5654
0.124846 -4.67766
0.240388 -4.66165
0.210137 -4.72424
0.322845 -4.66063
0.39475 -4.59881
0.459952 -4.60343
0.551829 -4.52853
0.663353 -4.54942
0.814688 -4.53502
0.913158 -4.45561
0.91853 -4.33562
0.975226 -4.35847
1.02855 -4.32428
1.09708 -4.16252
1.07598 -4.32014
1.03816 -4.4282
0.983251 -4.44802
0.975505 -4.54669
1.03568 -4.51105
1.07869 -4.38087
1.13296 -4.26586
1.14153 -4.13253
1.14148 -3.99868
1.11052 -3.94957
1.15027 -3.82224
1.16918 -3.86104
1.1625 -3.71928
1.19622 -3.70951
0.835712 -4.63366
0.894262 -4.54272
0.75447 -4.60372
1.15369 -4.02074
1.16586 -3.92301
1.18354 -3.81793
0.304281 -4.70212
-0.0427032 -4.5064
0.39018 -4.77838
-1.07022 -5.06611
-1.16781 -5.10332
-1.3208 -5.09305
-1.41569 -5.13079
-1.22931 -5.10817
-1.41365 -5.10158
-1.60422 -5.12212
-1.58448 -5.13054
-1.72443 -5.14213
-1.79239 -5.13534
-1.73972 -5.09941
-1.91877 -5.12506
-1.93745 -5.15782
-2.11054 -5.14458
-2.00333 -5.10539
-2.07366 -5.08581
-2.25009 -5.11975
-2.26745 -5.06997
-2.46031 -5.11517
-2.33661 -5.15556
-2.56928 -5.15509
-2.47205 -5.18525
-2.68658 -5.16921
-2.7894 -5.16816
-2.9282 -5.16651
-2.96194 -5.1897
-2.91885 -5.17117
-3.08628 -5.19703
-3.11693 -5.17618
-3.24518 -5.18682
-3.3291 -5.17754
-3.17521 -5.16497
-3.40592 -5.15518
-3.32154 -5.13302
-3.14529 -5.11828
-3.29623 -5.06123
-3.58735 -5.11268
-3.60875 -5.02058
-3.74463 -5.09226
-3.86932 -5.06943
-3.91307 -5.1144
-4.11376 -5.06546
-3.97098 -5.00747
-4.27431 -4.98442
-4.3481 -5.01823
-4.46942 -4.99352
-4.53384 -4.94962
-4.61474 -4.97744
-3.86167 -4.97728
-3.6411 -4.95168
-3.34073 -4.94675
-3.17422 -4.98531
-3.12625 -4.93778
-3.04449 -4.91099
-3.2421 -4.88186
-3.213 -4.81226
-3.38131 -4.8451
-2.89374 -4.88128
-2.77133 -4.87877
-2.83874 -4.8938
-2.63153 -4.92089
-2.78046 -4.93492
-2.94699 -4.94326
-2.73089 -4.98371
-2.94575 -4.98391
-2.94121 -5.06899
-2.71857 -5.04936
-2.67715 -5.10026
-2.79822 -5.13655
-2.99548 -5.13908
-2.5832 -5.14591
-2.501 -5.10756
-2.3923 -5.14475
-2.28895 -5.17115
-2.20173 -5.14304
-2.33872 -5.07716
-2.37935 -4.99152
-2.55087 -5.05293
-2.37603 -4.90867
-2.02927 -5.13991
-2.13223 -5.16059
-2.21755 -5.15941
-4.00284 -5.15421
-4.29021 -5.14842
-4.20245 -5.16915
-4.42228 -5.15904
-4.45551 -5.15675
-4.26624 -5.14878
-4.39062 -5.1366
-4.20342 -5.1375
-4.45872 -5.08872
-4.58197 -5.11926
-4.6933 -5.04226
-4.58828 -4.98115
-4.3075 -5.0316
-4.50548 -4.89785
-4.69303 -4.72594
-4.38698 -4.82604
-4.45431 -4.67378
-4.70754 -4.56076
-4.97406 -4.53181
-4.90086 -4.35832
-4.522 -4.45588
-4.7481 -4.24844
-4.51142 -4.21431
-4.53771 -3.95192
-4.2853 -4.11823
-4.14995 -4.3909
-3.97877 -4.11689
-3.69718 -4.42158
-3.88122 -4.64437
-3.55387 -4.68743
-3.70956 -4.83186
-3.4214 -4.84685
-3.54628 -4.94539
-3.73355 -4.94157
-3.86042 -4.90329
-3.8735 -4.97905
-3.69483 -5.02778
-3.8827 -5.05856
-3.7498 -5.08636
-3.85178 -5.11306
-4.03617 -5.09366
-4.07814 -4.99564
-4.28692 -4.93349
-4.16161 -4.88719
-4.23683 -4.77813
-4.00192 -4.80962
-4.20154 -4.64018
-3.99408 -4.92284
-3.87704 -5.15495
-4.08958 -5.14446
-3.90322 -5.17832
-3.63662 -5.17196
-3.63007 -5.15714
-3.78064 -5.14145
-3.42342 -5.18713
-3.40298 -5.17851
-3.5949 -5.15123
-3.46639 -5.14431
-3.50267 -5.11339
-3.69994 -5.12157
-3.62029 -5.09044
-3.46115 -5.04723
-3.28326 -4.97528
-3.29085 -5.05201
-3.32354 -5.09811
-3.1131 -5.0735
-3.21594 -5.14056
-3.37859 -5.1392
-3.22297 -5.18161
-3.3199 -5.1957
-3.08789 -5.16273
-3.01085 -5.13413
-2.82813 -5.11899
-2.92114 -5.0889
-2.87585 -5.04621
-3.01941 -4.96381
-3.1647 -4.85461
-3.3025 -4.73968
-3.05266 -4.69184
-3.33713 -4.56317
-3.07253 -4.43633
-3.36088 -4.2957
-3.6323 -4.11392
-3.38164 -4.04217
-3.55033 -3.87677
-3.82341 -3.80241
-3.59296 -3.59493
-3.84573 -3.40616
-4.07652 -3.58407
-4.06584 -3.86032
-4.24869 -3.76429
-4.18748 -3.97526
-4.34963 -3.92216
-4.46841 -3.70439
-4.55112 -3.39758
-4.52242 -3.12108
-4.37261 -3.22232
-4.31674 -3.47801
-4.12042 -3.21
-4.28977 -2.96521
-4.07124 -2.92133
-4.04425 -2.59408
-3.8131 -3.02361
-3.47711 -2.76003
-3.63782 -2.43661
-3.7437 -2.14811
-3.87917 -1.71634
-3.43657 -1.83968
-3.61908 -1.39348
-3.21244 -1.57778
-3.34851 -1.10237
-3.43972 -0.714418
-3.06982 -0.796922
-3.32019 -0.463694
-3.05573 -0.368069
-2.9735 -0.0197464
-3.22966 0.330107
-2.81565 0.296081
-3.0116 0.630385
-3.31374 0.677434
-3.20279 0.994657
-2.86199 0.944657
-2.65593 0.602489
-2.53475 0.928919
-2.29343 0.612357
-2.41764 0.261513
-2.62564 -0.0180835
-2.34687 -0.0557178
-2.45184 -0.309975
-2.75403 -0.310777
-2.57869 -0.598908
-2.84113 -0.58448
-2.7382 -0.850303
-2.4275 -0.927646
-2.26357 -0.610827
-2.13732 -0.892192
-2.22087 -1.12331
-2.41446 -1.21652
-2.21059 -1.41326
-2.57432 -1.42412
-2.65566 -1.12838
-2.93559 -1.25679
-2.85116 -1.02067
-2.82308 -1.66443
-2.40872 -1.78928
-2.72207 -1.96373
-3.07743 -1.92215
-2.80786 -2.29492
-3.30037 -2.29906
-2.94717 -2.73985
-2.64556 -2.60601
-2.52972 -2.93581
-2.7843 -3.12439
-3.13317 -3.21886
-2.78859 -3.45484
-3.03959 -3.63963
-3.21223 -3.51247
-3.39108 -3.41497
-3.31404 -3.74885
-3.62722 -3.30105
-3.48487 -3.12909
-3.04787 -4.05743
-2.7938 -3.7804
-2.65886 -4.03382
-2.79421 -4.33215
-2.85058 -4.55966
-2.62015 -4.519
-2.50994 -4.29024
-2.39879 -4.47218
-2.42858 -4.64915
-2.70856 -4.74942
-2.41496 -4.82817
-2.5814 -4.89213
-2.43962 -4.94439
-2.58327 -4.98151
-2.76432 -4.94168
-2.68314 -5.04791
-2.47327 -5.05188
-2.65019 -5.09877
-2.69878 -5.1395
-2.7905 -5.07459
-2.26115 -4.977
-2.32764 -4.9154
-2.20084 -4.87618
-2.19671 -4.73701
-1.97153 -4.8191
-1.94309 -4.66076
-2.18932 -4.55041
-1.90615 -4.43296
-2.20928 -4.30166
-1.97838 -4.22809
-2.08605 -4.04447
-2.35149 -4.02013
-2.48507 -3.64134
-2.16385 -3.74716
-2.23146 -3.45312
-2.39275 -3.28801
-2.58313 -3.29092
-2.18865 -3.11325
-2.26846 -2.70335
-2.47885 -2.66265
-2.47848 -2.44231
-2.1773 -2.31146
-2.48344 -2.13441
-2.28959 -2.04697
-2.06742 -1.96013
-2.08434 -1.68101
-1.85291 -1.47714
-1.93724 -1.12591
-1.713 -1.26081
-1.61007 -1.02313
-1.85371 -0.638908
-1.39027 -0.656977
-1.57042 -0.339995
-1.82857 -0.168037
-2.14063 -0.286559
-2.10198 0.0522833
-1.80818 0.193118
-2.07994 0.346953
-1.86612 0.41157
-2.0054 0.540564
-2.04763 0.756765
-2.27814 0.903366
-2.11026 1.01411
-2.35829 1.25456
-1.98574 1.26841
-2.21061 1.49072
-2.37167 1.58943
-2.21469 1.74313
-2.18043 2.0495
-1.94728 1.83768
-2.03927 1.57738
-1.78065 1.52294
-1.52283 1.11364
-1.82983 0.917351
-1.55784 0.787269
-1.73783 0.57939
-1.37537 0.534198
-1.56208 0.308862
-1.73194 0.378531
-1.54276 -0.00945249
-1.28667 0.149487
-1.29151 -0.229851
-1.02705 -0.0684751
-1.05009 0.343845
-1.171 0.772046
-1.39044 0.797959
-1.18754 1.11075
-1.34106 1.36133
-1.52244 1.49996
-1.34879 1.67418
-1.15575 1.398
-1.11825 1.67247
-1.24227 1.91071
-1.07161 1.93226
-1.03984 2.16327
-1.10713 2.47639
-0.912703 2.25005
-0.865557 1.92728
-0.711454 2.08661
-0.650477 1.75263
-0.499016 1.85895
-0.581462 2.14819
-0.443657 2.15976
-0.325752 1.79341
-0.243352 1.94119
-0.307117 2.23856
-0.3369 2.44227
-0.228563 2.33625
-0.204691 2.51555
-0.121316 2.32751
0.311548 1.74277
0.408855 1.54567
0.680948 1.08094
0.595507 1.22123
0.534078 1.36322
0.513438 1.28737
0.318858 1.47013
0.474475 1.18139
0.580134 1.08704
0.585462 0.955663
0.684963 0.876828
0.675737 0.699232
0.774263 0.511986
0.73287 0.372654
0.616209 0.585255
0.567326 0.812532
0.487559 0.792613
0.466431 1.00833
0.333144 1.06429
0.364819 1.2306
0.224597 1.40667
0.175149 1.25109
0.211623 0.999508
0.387125 0.758584
0.286387 0.739373
0.152282 0.871656
0.0776501 1.07912
0.00522184 1.03194
-0.0388875 1.24421
-0.106732 1.20394
-0.110829 1.0477
0.0602136 0.748808
-0.123494 0.8808
-0.286003 1.14628
-0.244831 0.761781
-0.422299 1.01344
-0.402321 0.81735
-0.383258 0.613938
-0.222241 0.422965
-0.350094 0.263631
-0.165964 0.112323
-0.23769 -0.0366471
-0.362083 -0.072403
-0.204881 -0.320496
-0.318253 -0.420138
-0.169159 -0.610839
-0.234465 -0.785788
-0.433151 -0.580141
-0.338791 -0.936805
-0.581166 -0.820959
-0.344999 -1.2934
-0.681815 -1.22979
-0.871224 -0.853024
-0.786933 -0.550046
-1.03488 -0.489935
-0.839609 -0.276085
-0.761412 0.04471
-0.645881 -0.382282
-0.508165 -0.18896
-0.545461 0.204717
-0.791995 0.61598
-0.522377 0.51783
-0.565165 0.860585
-0.751184 0.942774
-0.869118 0.94796
-0.99315 0.911162
-0.998193 1.1516
-0.974691 1.4118
-0.848114 1.16538
-0.817482 1.39788
-0.931953 1.66569
-0.756599 1.60411
-0.688284 1.3696
-0.703424 1.15565
-0.572478 1.19557
-0.457576 1.29461
-0.60088 1.46395
-0.482959 1.54658
-0.388302 1.37475
-0.325099 1.50502
-0.202142 1.2668
-0.172287 1.42408
-0.258212 1.59848
-0.198446 1.66436
-0.073257 1.47574
-0.116908 1.72345
-0.153133 1.89057
-0.162584 2.05343
-0.0523028 1.80976
-0.00673628 1.92259
-0.0985389 2.16771
0.0116596 2.07338
-0.057785 2.21286
0.13692 1.94557
0.097383 1.89348
0.2343 1.74687
0.145129 1.72175
0.0841646 1.66844
0.19155 1.57572
0.0437479 1.52063
0.23188 1.86144
0.0678339 1.26223
-1.12697 -0.848306
-1.05938 -1.23232
-1.32465 -1.0337
-1.47968 -1.404
-1.16214 -1.70286
-1.47159 -1.80339
-1.29393 -1.97793
-1.48544 -2.10015
-1.24749 -2.26947
-1.50605 -2.3817
-1.31007 -2.67324
-1.61112 -2.64118
-1.73178 -2.40439
-1.66674 -2.2074
-1.88258 -2.20539
-1.73392 -1.95852
-1.88448 -1.75179
-1.68264 -1.68083
-1.9212 -2.41962
-2.00323 -2.62163
-1.81222 -2.5831
-1.80279 -2.85617
-2.03926 -2.87708
-1.93584 -3.10524
-1.95441 -3.44535
-1.70393 -3.21039
-1.56939 -3.62323
-1.89738 -3.83108
-1.88848 -4.07695
-1.69671 -3.9864
-1.75125 -4.23272
-1.52198 -4.1486
-1.50704 -3.92539
-1.22008 -3.8829
-1.12363 -3.36012
-1.43929 -3.24592
-1.27463 -3.03025
-1.522 -2.94949
-0.987159 -2.87099
-1.03641 -2.50746
-0.845524 -2.59504
-0.856496 -2.38714
-0.985898 -2.20942
-1.12023 -2.0137
-0.90726 -1.92472
-0.811546 -1.59731
-0.6252 -1.91152
-0.751721 -2.17831
-0.46897 -2.25357
-0.68212 -2.44416
-0.521835 -2.54465
-0.684103 -2.7327
-0.451733 -2.77854
-0.663136 -3.12425
-0.725907 -3.63866
-0.397196 -3.36006
-0.322898 -3.02729
-0.180518 -3.20287
-0.167704 -3.44458
-0.383526 -3.62917
-0.48406 -3.88943
-0.839321 -4.09971
-0.527694 -4.15397
-1.24561 -4.26033
-1.3327 -4.5227
-1.57955 -4.3651
-1.65349 -4.58837
-1.433 -4.72737
-1.71759 -4.7565
-1.57721 -4.81499
-1.73874 -4.89388
-2.02438 -4.94675
-1.87272 -5.00863
-2.10023 -5.02747
-1.88689 -5.08473
-1.68445 -5.0494
-1.585 -4.97512
-1.48488 -5.02561
-1.51155 -5.08077
-1.34622 -5.04211
-1.29516 -4.98044
-1.1514 -5.04286
-1.28795 -5.08466
-1.0966 -4.90045
-1.25664 -4.89517
-1.43812 -4.87383
-1.21493 -4.81577
-1.62516 -4.26426
0.043138 -3.49011
0.0217848 -3.17274
0.20561 -3.26698
0.200448 -2.93063
0.0490065 -2.86819
0.0873585 -2.59868
-0.0484076 -2.66698
-0.100089 -2.94527
-0.221886 -2.69656
-0.131321 -2.52561
-0.0869751 -2.35584
-0.240965 -2.41162
-0.26314 -2.17801
-0.36882 -2.52571
-0.391584 -1.97756
-0.201367 -1.99917
-0.452857 -1.65952
-0.15924 -1.71668
-0.13599 -1.48938
-0.124224 -1.22397
0.0456252 -1.70849
0.123823 -1.38292
-0.0477467 -0.93282
0.132517 -0.949099
-0.046021 -0.594035
0.0888238 -0.513701
-0.0927615 -0.22866
0.0172472 -0.0772541
-0.0854878 0.241156
0.0412617 0.201313
-0.0849605 0.462296
0.0892692 0.404778
-0.0573564 0.662279
0.245556 0.408614
0.231839 0.637976
0.399207 0.43446
0.404992 0.0706587
0.25266 0.142093
0.366562 -0.166369
0.242802 -0.0353805
0.157381 0.14228
0.156505 -0.0585213
0.283627 -0.260582
0.197513 -0.383878
0.315053 -0.494222
0.387778 -0.443209
0.455372 -0.404073
0.471714 -0.235934
0.557216 -0.498751
0.542 -0.165417
0.519902 0.0902629
0.578655 -0.0935101
0.615278 0.031895
0.544019 0.26934
0.516393 0.518112
0.642729 0.276805
0.717445 -0.0424598
0.663987 -0.319371
0.745956 -0.622105
0.672487 -0.805673
0.779346 -0.929231
0.737276 -1.21498
0.64292 -1.1847
0.568959 -0.894676
0.552208 -1.26672
0.630966 -1.47397
0.57377 -1.49963
0.52527 -1.52239
0.448343 -1.31031
0.453184 -1.55848
0.509877 -1.74266
0.596394 -1.70814
0.565432 -1.92941
0.653516 -2.01658
0.689561 -1.71142
0.698411 -1.44525
0.77773 -1.63982
0.733132 -1.93963
0.725965 -2.19224
0.486254 -1.95358
0.417829 -1.72071
0.304679 -1.61957
0.364243 -1.44474
0.25224 -1.30817
0.311603 -1.07374
0.208636 -0.774523
0.297196 -0.70896
0.439834 -0.944895
0.38765 -0.655562
0.474453 -0.646341
0.199693 -0.59738
0.727077 0.174892
0.336048 -3.13297
0.311723 -3.3261
0.750011 0.870238
0.628304 1.07871
0.786448 0.928989
-2.93768 -4.84971
-3.24277 -1.78811
-4.69432 -5.1248
-4.86612 -5.1027
0.490295 -2.6775
-1.11444 2.76159
-1.26835 2.75286
-1.18144 2.99621
-1.36965 2.97545
-1.99347 3.36709
-2.44129 4.04604
-2.59537 4.15397
-2.21568 4.07484
-3.70844 1.64102
-3.66173 1.99254
-3.92792 1.92021
-3.77586 2.25725
-3.95119 2.16553
-3.51638 2.24643
-3.62814 2.44151
-3.35114 2.3424
-3.37389 2.16717
-3.25587 2.1929
-5.79524 -2.27076
-5.99035 -2.27565
-5.93292 -1.94446
-6.05334 -2.09939
-5.99777 -1.51558
-5.82836 -1.63355
-5.81559 -1.37221
-5.84027 -1.07298
-6.02155 -1.15171
-5.9427 -0.748088
-5.74815 -0.70867
-5.57215 -0.443465
-5.59704 -0.821453
-5.40176 -0.486772
-5.36783 -0.749442
-5.49552 -1.10814
-5.69348 -1.16732
-5.66397 -1.44675
-5.40556 -1.51313
-5.66535 -1.86354
-5.45189 -1.89856
-5.1742 -0.966727
-5.06412 2.55076
-5.99461 -0.476283
-5.44322 2.31713
-5.18823 3.07186
-6.95215 -4.0143
-7.17875 -2.63258
-7.19127 -2.41204
-7.1565 -2.38881
-7.17318 -2.11847
-7.13946 -2.66331
-6.276 1.4712
-6.15463 1.71644
-6.3445 1.8894
