-7.91993 -3.72061
-7.94758 -3.56024
-7.87532 -2.41882
-7.82995 -2.25961
-7.70809 -1.90528
-7.6072 -1.64722
-7.32114 -0.981591
-7.26373 -0.865406
-6.73807 -0.161931
-5.88673 0.743761
-5.59734 1.03112
-5.37887 1.16374
-5.06938 1.26499
-4.70158 1.33958
-4.27074 1.33766
-3.89338 1.2841
-3.52312 1.16823
-3.29598 0.99586
-3.03855 0.769781
-1.79347 -1.30112
-1.10071 -2.48589
-1.05747 -2.58782
-0.916973 -4.98971
-0.921123 -5.22307
-1.04168 -5.70182
-1.2229 -6.09795
-1.31519 -6.26166
-1.42899 -6.42655
-1.47224 -6.48264
-1.559 -6.57964
-1.71151 -6.72714
-1.85675 -6.85201
-2.02737 -6.96272
-2.1946 -7.04794
-2.33531 -7.11624
-2.52967 -7.18961
-2.76486 -7.23372
-2.98825 -7.24274
-3.15849 -7.23629
-3.78407 -7.21188
-4.80526 -7.14353
-4.90566 -7.12914
-5.08675 -7.1026
-5.24214 -7.07233
-5.40587 -7.03006
-5.64949 -6.93206
-5.79271 -6.86237
-5.93796 -6.7833
-6.27707 -6.5879
-6.41509 -6.50023
-6.62781 -6.36456
-6.99977 -6.05365
-7.10805 -5.9432
-7.15867 -5.88094
-7.2703 -5.74194
-7.41274 -5.54339
-7.47713 -5.39286
-7.52772 -5.21256
