-6.34557 -3.2086
-5.97908 -2.62032
-5.70963 -2.22664
-5.29975 -1.68292
-4.66682 -0.943566
-4.0841 -0.463114
-3.89568 -0.32953
-3.77753 -0.260203
-3.629 -0.202064
-2.45552 0.205287
-2.19007 0.295575
-1.88 0.378859
-1.5416 0.429101
-1.22354 0.418105
-0.946019 0.33776
-0.476736 0.161664
0.0319607 -0.383922
0.787111 -1.33
1.20097 -2.34546
1.42351 -2.95079
1.59836 -3.7018
1.83167 -5.08868
1.69062 -6.74122
1.50802 -7.79506
1.44039 -8.03049
1.29948 -8.28641
1.2151 -8.42753
1.05646 -8.64296
0.941823 -8.72855
0.734308 -8.87407
0.603506 -8.96345
0.417521 -9.03746
-1.23151 -9.32672
-1.45788 -9.34924
-1.67122 -9.34877
-1.83122 -9.33758
-2.56921 -9.23762
-5.80082 -8.72156
-6.00609 -8.68503
-6.15341 -8.64092
-6.23886 -8.58359
-6.29831 -8.54015
-6.3723 -8.43067
-6.41594 -8.31726
-6.57303 -5.66954
-6.57574 -5.39946
-6.57419 -5.05645
