-4.04326 -5.29803
-4.02432 -5.09824
-3.92066 -4.46031
-3.83116 -4.09314
-3.74533 -3.75825
-3.69369 -3.57473
-3.57614 -3.29668
-3.36783 -2.82736
-2.57022 -1.22552
-2.09614 -0.710813
-1.49382 -0.133183
-1.33725 -0.0708553
-1.13815 0.00778437
-0.060041 0.163568
0.145667 0.130987
0.591917 -0.0840106
0.714757 -0.144672
1.26587 -0.746359
1.93589 -1.67042
2.07455 -1.92439
2.6017 -3.7239
2.6905 -4.72069
2.71227 -5.08525
2.71373 -5.24747
2.70636 -5.39311
2.63247 -5.71166
2.55929 -5.98709
2.52939 -6.09403
2.28001 -6.82019
2.189 -6.97049
2.10653 -7.1027
1.98157 -7.24712
1.92375 -7.31375
1.79427 -7.44666
1.65554 -7.56673
1.51604 -7.68086
1.4097 -7.75424
1.36366 -7.77991
0.778629 -8.03674
0.0736637 -8.21075
-0.723463 -8.3836
-1.30137 -8.49983
-1.54338 -8.51831
-1.83401 -8.53089
-1.9779 -8.51593
-2.11961 -8.49296
-2.63113 -8.40328
-2.79738 -8.33557
-2.96055 -8.24972
-3.11588 -8.14426
-3.23372 -8.06042
-3.36726 -7.95576
-3.75251 -7.49363
-3.87568 -7.25861
-3.91401 -7.16502
-3.94435 -7.06307
-3.98764 -6.91272
-4.01162 -6.78983
-4.0773 -5.79263
-4.07419 -5.65432
