-9.95845 4.50893
-9.80199 5.1894
-9.6746 5.70497
-9.49605 6.4071
-9.40477 6.75737
-9.00562 7.5426
-8.51246 8.49243
-8.3351 8.7411
-8.13406 8.95439
-7.86422 9.15568
-7.57727 9.3677
-7.24981 9.48825
-6.98873 9.56545
-6.74991 9.62806
-5.74147 9.65326
-5.18058 9.34868
-4.43703 8.9019
-4.13209 8.69316
-3.83337 8.48149
-3.60321 8.25387
-3.48119 8.10898
-3.15036 7.57549
-2.55161 6.49549
-1.8832 5.23183
-1.79978 5.03944
-1.69837 4.78488
-1.62277 4.00516
-1.55529 3.19909
-1.56783 3.01097
-1.58071 2.88309
-1.60179 2.68342
-1.63498 2.48389
-1.77771 1.99892
-2.89692 0.309272
-3.23676 -0.0959199
-3.36429 -0.22536
-3.45488 -0.314841
-3.60482 -0.407622
-3.76772 -0.487411
-4.28403 -0.652841
-4.40859 -0.67719
-4.59451 -0.664345
-8.3766 -0.053706
-8.52008 -0.0158933
-8.66082 0.0367453
-8.81957 0.113857
-9.18484 0.522675
-9.26371 0.635328
-9.42229 0.868375
-9.55072 1.08351
-9.6483 1.2624
-9.70039 1.36661
-9.92377 1.9491
-9.98855 2.18794
-10.069 2.5156
-10.1002 2.67355
-10.1109 2.95673
-10.1174 3.26258
-10.0959 3.66771
-10.0613 3.96021
