5.49566 -2.21974
5.60126 -2.22273
5.71137 -2.16399
5.82496 -2.05802
5.7737 -1.97513
5.77008 -1.88808
5.78129 -1.78613
5.72906 -1.60699
5.66259 -1.7483
5.71749 -1.89502
5.64917 -1.9281
5.70228 -2.05797
5.52174 -2.00438
5.59906 -2.1197
5.67829 -2.12953
5.53637 -2.20069
5.3598 -2.2414
5.34673 -2.22168
5.40368 -2.1662
5.46631 -2.10884
5.3509 -2.11074
5.32641 -2.01863
5.35415 -1.94003
5.45536 -1.88039
5.25939 -1.82787
5.42636 -1.71938
5.23954 -1.60059
5.42037 -1.4964
5.55049 -1.64296
5.51139 -1.464
5.5832 -1.51628
5.53535 -1.27276
5.62257 -1.36536
5.66232 -1.54738
5.66229 -1.41882
5.73371 -1.41757
5.6861 -1.25273
5.75824 -1.21342
5.8133 -1.56623
5.75523 -0.970402
5.70615 -1.09792
5.69565 -0.951358
5.70802 -0.786241
5.74023 -0.76913
5.77217 -0.628921
5.79525 0.488191
5.77163 0.398361
5.76111 0.278133
5.76584 -0.321441
5.72725 -0.478694
5.72776 -0.642813
5.67836 -0.542105
5.66725 -0.813199
5.63225 -0.655807
5.60949 -0.850015
5.65625 -1.05554
5.59167 -1.1041
5.64215 -1.2524
5.53159 -0.833103
5.52044 -1.02709
5.4584 -1.06471
5.43426 -1.19976
5.46305 -1.35383
5.39645 -1.31202
5.28303 -1.32223
5.35802 -1.16865
5.24859 -0.979829
5.38299 -0.995253
5.32509 -0.716243
5.1769 -0.594249
5.06111 -0.808652
5.07305 -1.19137
4.88184 -0.956666
4.88996 -0.646905
4.99371 -0.437297
4.73011 -0.313103
4.89704 -0.0477878
5.10499 -0.207851
5.04008 0.212955
5.20998 -0.0156002
5.25616 -0.374744
5.32093 -0.184832
5.30206 0.151772
5.37665 -0.0433121
5.41867 -0.324135
5.36708 -0.498706
5.4329 -0.55694
5.49099 -0.576731
5.51212 -0.330921
5.57161 -0.583584
5.56948 -0.337571
5.55343 -0.0945881
5.62604 -0.214958
5.6136 -0.467891
5.708 -0.260414
5.67265 0.0603893
5.73783 -0.0703554
5.728 0.193784
5.75966 0.0437865
5.76 0.159774
5.74907 0.361
5.71753 0.417889
5.69078 0.306999
5.67243 0.529445
5.64663 0.336351
5.59858 0.13215
5.57621 0.463209
5.49703 0.234785
5.45796 -0.0591676
5.39815 0.19269
5.42192 0.455751
5.49342 0.528434
5.43235 0.748456
5.53582 0.731213
5.61804 0.758273
5.55852 0.930112
5.58091 1.07525
5.67412 1.03398
5.60562 1.2455
5.66186 1.26259
5.71554 1.1577
5.7411 0.964587
5.76666 1.16151
5.71086 1.37573
5.76088 1.33751
5.7587 1.92286
5.79748 1.7609
5.77122 1.791
5.79047 1.61856
5.76164 1.5151
5.73826 1.52837
5.74273 1.7286
5.69553 1.77483
5.64426 1.70343
5.59164 1.50616
5.54253 1.81297
5.57173 2.00248
5.63966 1.97542
5.58792 2.10364
5.60273 2.19746
5.6467 2.12104
5.69768 1.98194
5.65372 2.17651
5.68214 2.17805
5.74382 1.94991
5.71504 2.11163
5.67929 2.31247
5.65354 2.39745
5.62618 2.55589
5.56797 2.70966
5.60041 2.63683
5.6009 2.51617
5.51882 2.74403
5.56092 2.44386
5.62223 2.29516
5.54184 2.27543
5.47231 2.64061
5.4424 2.40497
5.50273 2.17409
5.50836 2.02215
5.43781 2.19627
5.44586 1.95098
5.49758 1.72123
5.42472 1.76256
5.49617 1.57872
5.52724 1.34615
5.43582 1.5523
5.4524 1.32008
5.52107 1.13181
5.45394 1.13882
5.48542 0.952141
5.40416 1.02567
5.32431 0.90959
5.34968 0.628954
5.26497 0.71649
5.28671 0.537965
5.34022 0.39444
5.26814 0.391925
5.1922 0.316613
5.21473 0.550217
5.0894 0.586687
4.88346 0.548355
4.82388 0.281876
4.62588 0.514407
4.71605 0.80144
4.93239 0.834604
4.76122 1.06192
4.97433 1.09418
5.09415 0.887026
5.12062 1.12409
5.20951 0.925914
5.18169 0.736079
5.23862 1.16806
5.13733 1.36385
5.02672 1.28974
4.99578 1.51586
5.10919 1.64542
5.20344 1.4617
5.24348 1.60928
5.28852 1.3526
5.22171 1.33862
5.33678 1.14292
5.39008 1.24763
5.36242 1.48333
5.3096 1.80407
5.14426 1.92187
5.21385 2.01695
5.25749 2.1469
5.36382 1.96821
5.35365 2.19036
5.24851 2.44823
5.34393 2.45884
5.22363 2.82586
5.35787 2.71782
5.26416 3.01695
5.36386 2.98037
5.44733 2.92651
5.40342 3.13801
5.45627 3.111
5.4129 3.22373
5.81378 0.758464
5.78089 0.61926
5.7574 0.736548
5.75206 0.51695
5.72037 0.59465
5.70253 0.769887
5.63429 0.521855
5.79023 0.934748
5.35332 3.32794
5.32624 3.48901
5.26233 3.49381
5.31803 3.24921
5.24481 3.36989
5.27169 3.18698
5.1719 3.32075
5.19484 3.08548
5.11604 3.17679
5.05322 3.03105
5.14152 2.69115
5.03002 2.84184
5.05227 2.59664
5.16714 2.41427
5.13046 2.23347
4.95635 2.43981
5.06271 2.1625
4.98599 2.10226
5.03599 1.87772
4.94193 1.80871
4.96126 1.96268
4.85215 2.108
4.74339 1.94172
4.81353 1.64921
4.8458 1.34779
4.66422 1.51715
4.6031 1.29184
4.55214 1.07555
4.61701 0.955418
4.40908 0.849919
4.35683 1.18226
4.08848 1.01229
4.05896 0.741601
4.25002 0.422545
4.60804 0.120328
4.30704 0.00312215
4.52689 -0.130685
4.39593 -0.395973
4.67577 -0.70819
4.35512 -0.901403
4.6675 -1.02896
4.78688 -1.29851
4.51206 -1.23196
4.46131 -1.56595
4.80129 -1.58472
4.97896 -1.43993
5.00874 -1.62322
5.13063 -1.4438
5.08679 -1.74765
4.90243 -1.79767
5.00786 -1.89843
5.16528 -1.94704
4.97345 -1.98209
5.04073 -1.9919
5.14295 -2.01905
5.24183 -2.07773
5.08566 -2.10638
5.26585 -2.15598
5.11212 -2.21601
4.9577 -2.18168
4.83552 -2.25913
4.92699 -2.23848
5.10562 -2.24534
5.27602 -2.21717
5.39979 -2.17784
5.17151 -2.18531
5.14296 -2.15625
4.83643 -2.10574
4.8165 -2.13951
4.90624 -2.19017
4.51727 -2.15286
4.66916 -2.20317
4.49009 -2.18713
4.51455 -2.24399
4.85201 -2.23398
4.71157 -2.27393
4.48039 -2.27594
4.64806 -2.28456
4.53233 -2.293
4.68405 -2.29505
4.77233 -2.27438
4.85581 -2.21929
4.79139 -2.20719
4.64404 -2.28271
4.72337 -2.19609
4.53511 -2.28846
4.61615 -2.20666
4.74053 -2.12021
4.84688 -2.09704
4.84303 -2.05401
4.93279 -2.02154
4.97351 -2.05954
4.84633 -2.1331
4.91332 -2.14077
4.8234 -1.9992
4.70214 -2.10327
4.65899 -2.05107
4.50054 -2.16526
4.41368 -2.28297
4.24809 -2.23287
4.29833 -2.14155
4.48457 -2.02574
4.19337 -2.06723
4.05068 -2.17137
3.9716 -2.08386
4.05404 -1.98056
4.3152 -1.92991
4.15961 -1.84202
4.37062 -1.78849
4.26413 -1.73072
4.03902 -1.66522
3.91752 -1.87614
3.57231 -1.81811
3.79543 -2.00576
3.5251 -2.07819
3.79049 -2.13337
3.61725 -2.19509
3.83907 -2.22996
4.03448 -2.26412
4.17228 -2.31181
4.01656 -2.31594
3.96708 -2.31922
4.15007 -2.30541
4.02545 -2.3097
4.21362 -2.29287
4.32869 -2.31702
4.43189 -2.29368
4.30447 -2.28071
3.9856 -2.28912
4.14913 -2.2526
3.71962 -2.25818
3.77668 -2.21451
4.19372 -2.20053
3.74156 -2.1689
4.06985 -2.1511
4.31226 -2.14043
4.52682 -2.12498
4.30191 -2.12569
4.5777 -2.11934
4.29207 -2.09911
3.94493 -2.12722
3.94448 -2.08879
1.85848 -2.1129
2.34883 -2.14747
2.22173 -2.12795
1.83498 -2.10633
2.09726 -2.15309
2.48854 -2.14511
2.68482 -2.14774
2.94054 -2.18408
2.46164 -2.19732
2.86369 -2.25906
2.36061 -2.24414
2.57416 -2.27207
2.79397 -2.28367
3.0292 -2.28931
2.95253 -2.2854
2.76289 -2.25849
2.9835 -2.27412
3.1587 -2.28355
3.16842 -2.30284
2.96753 -2.26541
3.1 -2.27586
3.33759 -2.30636
3.21157 -2.25641
3.02925 -2.23719
3.12105 -2.17256
2.84521 -2.17902
2.93894 -2.07958
3.20563 -2.01156
3.31157 -2.13547
3.44016 -2.17291
3.3133 -2.20565
3.48226 -2.23468
3.36796 -2.26138
3.52261 -2.29751
3.55868 -2.32147
3.43249 -2.31359
3.77085 -2.32383
3.7287 -2.31687
3.87789 -2.29854
3.67471 -2.27072
3.65538 -2.29108
3.32865 -2.26337
3.35474 -2.21333
2.85829 -1.91157
3.16476 -1.80899
3.30252 -1.60108
3.68567 -1.40421
3.1916 -1.27312
2.92582 -1.63013
2.75525 -1.35535
2.81115 -0.950986
2.53982 -1.18761
2.45535 -0.93566
2.60422 -0.745705
2.39289 -0.599662
2.66455 -0.519934
2.748 -0.697035
2.96173 -0.564834
2.83408 -0.194307
3.20055 -0.258196
3.13661 0.0465114
3.5203 0.0459358
3.2912 0.392508
3.76256 0.505098
3.49279 0.880295
3.02018 0.591037
3.05963 0.958489
3.41394 1.30483
3.00614 1.3708
3.40301 1.63967
3.19128 1.86761
3.62291 2.02196
3.75258 1.69207
3.89628 2.0166
4.01864 1.90116
4.12412 2.17741
4.19986 1.95074
4.08858 1.65355
4.37341 1.85103
4.34854 2.12746
4.54297 2.04775
4.6005 1.76021
4.40134 1.5155
4.64705 2.272
4.47486 2.28346
4.47187 2.52057
4.61916 2.58601
4.75664 2.37965
4.76764 2.61334
4.60156 2.85941
4.6971 2.90285
4.81283 2.80787
4.92974 2.74
4.84678 3.02559
4.68503 3.14453
4.74603 3.28841
4.83562 3.29739
4.94697 3.06099
4.93563 3.31121
4.80391 3.58011
4.91663 3.54136
4.81959 3.77467
4.92802 3.75021
5.03787 3.47052
5.05166 3.6487
5.16993 3.57606
5.06422 3.78943
5.14401 3.77209
5.0043 3.97739
5.07391 3.99835
5.19238 3.88252
5.26164 3.65569
4.95846 4.16953
4.81799 4.40431
4.87068 4.17389
4.95755 3.91913
4.77407 4.06467
4.67427 4.42988
4.60185 4.32948
4.60824 4.13646
4.6965 3.88725
4.5917 4.01565
4.56745 3.88416
4.68489 3.70705
4.61092 3.66867
4.46671 3.80025
4.62228 3.47179
4.71809 3.50167
4.4558 3.43268
4.58585 3.08958
4.46497 3.10609
4.44168 2.84419
4.34572 3.11092
4.34593 3.29364
4.18246 3.29407
4.24316 2.98973
4.05697 3.1225
4.07451 2.84391
4.28671 2.69279
4.31427 2.39606
4.11094 2.51278
3.90433 2.29503
3.8758 2.63936
3.78216 3.06573
3.57289 2.70485
3.69962 2.39134
3.43285 2.2955
3.25244 2.56806
3.16308 2.23484
2.88839 2.04151
2.97677 1.80005
2.96115 1.63436
2.84409 1.73342
2.74556 1.51588
2.56969 1.23092
2.68016 0.944583
2.24595 0.925548
2.43519 0.567424
2.76837 0.689207
2.67035 0.388994
2.90343 0.213962
2.5484 0.0157173
2.53147 -0.312372
2.30068 -0.261235
2.27979 0.0183906
2.40655 0.249625
2.15542 0.251918
2.0382 -0.153342
1.91567 0.116922
1.92518 0.398857
1.70235 0.202426
1.76918 -0.123284
1.57479 -0.0690044
1.58732 -0.317595
1.77818 -0.541852
2.09775 -0.536537
2.17534 -0.869363
1.94599 -0.802365
1.94123 -1.10621
2.23948 -1.22303
1.92762 -1.45926
2.19304 -1.53009
2.45449 -1.43215
2.38878 -1.65893
2.62334 -1.58304
2.60592 -1.77378
2.53034 -1.942
2.68231 -2.06684
2.463 -2.0329
2.26155 -1.98687
2.32523 -1.83888
2.04346 -1.89454
2.13152 -1.72895
1.80724 -1.76003
2.01298 -1.62332
1.64859 -1.58663
1.45519 -1.77128
1.49884 -1.94693
1.74396 -1.99319
1.46869 -2.09068
1.62203 -2.10525
1.45679 -2.20513
1.65797 -2.13719
1.79699 -2.06465
1.82651 -2.08846
1.98282 -2.06427
1.99497 -2.01548
2.15069 -2.05838
2.19099 -2.08135
2.33783 -2.07232
2.45968 -2.15096
2.51545 -2.10012
2.63533 -2.15131
2.65271 -2.18977
2.86969 -2.22309
2.65439 -2.20699
2.80775 -2.23026
2.84438 -2.25401
2.67621 -2.22967
2.51197 -2.24054
2.54815 -2.2649
2.35674 -2.26916
2.28593 -2.26587
2.19032 -2.24518
2.27159 -2.21122
2.0512 -2.2098
2.01389 -2.26021
1.84076 -2.25956
1.76727 -2.25923
1.97711 -2.25667
1.97238 -2.19061
1.77929 -2.24078
1.65236 -2.24857
1.53173 -2.21653
1.35177 -2.22578
1.50861 -2.25262
1.61268 -2.27795
1.38848 -2.25516
1.47608 -2.27897
1.23486 -2.28564
1.35548 -2.25988
1.14662 -2.25472
1.25579 -2.23919
1.06009 -2.22806
1.26136 -2.17526
1.08532 -2.13906
1.25758 -2.0632
0.992723 -2.02326
1.26152 -1.92731
1.10924 -1.7649
0.679941 -1.92231
0.683775 -2.08649
0.863147 -2.16754
0.624571 -2.17441
0.705481 -2.23252
0.888683 -2.23553
0.921932 -2.24818
0.703515 -2.24695
0.887677 -2.26368
1.04505 -2.25327
1.01208 -2.24929
1.19974 -2.24324
1.0636 -2.21055
1.25024 -2.23523
0.94579 -2.19833
1.20233 -2.2096
1.0129 -2.18573
1.19409 -2.17057
1.59616 -2.14228
1.15419 -2.11003
1.4367 -2.10726
-2.76001 -1.82751
-2.86773 -1.74008
-2.85097 -1.74982
-2.73398 -1.83445
-2.80372 -1.75745
-2.72007 -1.8547
-2.7659 -1.77032
-2.70677 -1.83633
-2.63248 -1.92865
-2.60131 -1.91416
-2.70155 -1.74621
-2.54324 -1.84856
-2.65067 -1.66977
-2.48221 -1.75256
-2.63055 -1.55294
-2.50693 -1.56365
-2.62363 -1.42151
-2.55732 -1.39957
-2.67847 -1.20523
-2.55311 -1.26602
-2.42078 -1.46555
-2.46315 -1.20796
-2.63057 -0.986837
-2.49355 -0.918436
-2.64277 -0.610871
-2.46584 -0.612278
-2.58971 -0.342672
-2.48185 -0.311495
-2.35394 -0.434881
-2.3286 -0.721059
-2.22118 -0.687767
-2.22794 -0.937082
-2.3628 -0.919538
-2.25246 -1.15895
-2.37667 -1.13274
-2.25383 -1.40671
-2.13251 -1.33699
-2.11111 -1.17393
-1.99835 -1.38774
-1.95821 -1.2394
-1.86782 -1.42639
-1.87807 -1.56892
-1.71113 -1.54399
-1.81495 -1.33822
-1.68747 -1.31279
-1.8685 -1.11587
-1.73936 -0.993593
-1.53089 -1.23919
-1.57707 -0.960601
-1.37233 -1.09536
-1.5381 -0.663015
-1.31787 -0.796727
-1.41172 -0.599215
-1.47008 -0.295835
-1.67623 -0.287392
-1.73101 0.0799313
-1.85466 -0.120215
-1.93972 0.152641
-1.94151 0.460133
-1.68126 0.497136
-1.88195 0.784202
-1.7012 0.867281
-1.54296 0.7143
-1.51178 1.00379
-1.68679 1.20076
-1.46215 1.37649
-1.24699 1.10647
-1.21571 1.57459
-0.917892 1.3872
-0.991646 1.90672
-0.665104 1.78361
-0.452749 1.37499
-0.239395 2.04537
-0.677051 2.22173
-0.401791 2.55002
-0.076292 2.5821
-0.238576 2.77714
-0.404127 2.9877
-0.730459 2.71987
-0.659339 3.13094
-0.482142 3.32808
-0.201186 3.37979
-0.416051 3.5815
-0.186969 3.75366
0.123012 3.60313
0.030942 3.32061
0.256639 3.24819
0.520063 3.58868
0.349194 3.88238
0.0726748 3.97509
0.35918 4.2346
0.642518 4.00001
0.717891 4.40854
0.473633 4.48763
0.537926 4.76196
0.840951 4.73845
0.740606 5.00624
0.451914 5.22506
0.796556 5.33873
1.08298 4.9998
1.20226 5.53886
0.777484 5.72328
1.01229 6.00246
0.676946 6.13024
0.939561 6.26794
0.911888 6.58771
0.410923 6.46921
0.527421 6.79292
0.80244 6.98038
1.13925 6.91603
1.34052 6.71546
1.1932 6.53868
1.34919 6.4799
1.17303 6.31188
1.48679 6.25242
1.55215 6.50438
1.6836 6.32435
1.71159 6.13603
1.90033 6.21807
1.75541 6.46052
1.94773 6.48268
1.68821 6.69922
1.52339 6.88456
1.70038 6.93381
1.50805 7.01263
1.60349 7.1056
1.87467 7.01929
1.76411 7.17202
1.59863 7.20509
1.58387 7.28456
1.40975 7.21751
1.35561 7.31066
4.51006 5.23552
4.55562 4.96731
4.64381 4.78628
4.64682 4.64038
4.54115 4.68663
4.46158 4.62075
4.4589 4.79181
4.48554 4.88618
4.35946 4.91586
4.32084 5.16549
4.18034 5.10809
4.29414 4.84957
4.30416 4.67431
4.38709 4.42923
4.50422 4.33733
4.48882 4.14171
4.33652 4.19705
4.46816 4.00277
4.29438 3.99319
4.34092 3.77423
4.17424 3.96435
4.1517 4.26348
3.98688 4.23349
3.94856 4.50957
4.07746 4.57309
4.19845 4.39774
4.22171 4.57194
4.05016 4.84231
4.1814 4.86791
4.0256 5.10218
3.98201 5.37572
4.12566 5.40622
3.92913 5.62411
4.04258 5.63325
4.23316 5.42157
4.39785 5.24689
4.35204 5.42197
4.15861 5.63282
4.30872 5.61814
4.03342 5.89564
3.96075 5.8168
3.81691 5.8443
3.7259 6.05833
3.64765 6.01942
3.4363 6.21541
3.46167 6.36367
3.23283 6.48903
3.15553 6.4343
3.25105 6.18141
3.60089 5.9153
3.42579 5.83984
3.6248 5.71835
3.58213 5.6144
3.4761 5.59305
3.65282 5.34741
3.69902 5.5316
3.84056 5.31684
3.78413 5.62156
3.80651 5.1389
3.91787 5.05412
3.86589 4.87096
3.73533 5.09799
3.61115 5.06323
3.73948 4.70386
3.83159 4.43996
3.66995 4.54254
3.77011 4.23795
4.00139 4.02084
3.91066 3.89681
4.11763 3.78372
4.27446 3.69369
4.24445 3.51847
4.04341 3.60657
3.92887 3.39144
3.78031 3.7283
3.6818 4.01224
3.36563 3.94803
3.62753 3.50564
3.35544 3.5976
3.4159 3.26891
3.53912 3.00212
3.30692 2.93459
3.00685 3.21455
2.9558 2.78737
3.00545 2.42014
2.7323 2.45071
2.53303 2.1278
2.62524 1.77367
2.28978 1.81708
2.45333 1.49144
2.20952 1.47274
2.301 1.25541
2.05898 1.25676
1.83712 1.00264
1.96371 0.687519
2.1404 0.561425
1.69067 0.57799
1.49712 0.921903
1.59123 1.36959
1.28419 1.25199
1.32239 1.72307
1.60798 1.79911
1.75528 1.58918
1.8022 1.84449
1.98131 1.62153
1.83543 1.35708
1.99639 2.08646
1.71463 2.1433
1.84823 2.47962
2.12312 2.49194
1.97508 2.82331
1.72593 2.78424
1.77976 3.16094
1.47269 2.91312
1.4618 3.33035
1.68578 3.52541
2.05735 3.52213
1.76779 3.86963
2.29123 3.87514
2.36969 3.60478
2.73206 3.59086
2.40556 3.38745
2.67309 3.28143
2.74235 3.05108
2.47186 3.09474
2.59657 2.79493
2.28225 2.82008
2.41829 2.49044
2.26436 2.20638
2.1523 3.14675
3.14175 3.4926
3.09631 3.73986
2.78782 4.03974
3.01019 4.30467
3.2526 4.33355
3.49452 4.25874
3.30432 4.52067
3.50014 4.53514
3.21494 4.84095
3.48024 4.84697
3.24351 5.08257
3.34921 5.20665
3.1016 5.35786
3.2003 5.51653
2.96605 5.64891
2.77676 5.52939
3.04665 5.17856
2.86929 5.09092
2.98698 4.65596
2.59111 4.97398
2.56371 4.5548
2.40824 4.87955
2.39422 5.03255
2.28778 5.24176
2.23726 5.02957
2.0598 5.18792
1.92041 5.46394
2.212 5.60971
1.87411 5.87495
2.17409 5.95219
2.43623 5.70202
2.53904 5.36212
2.45634 6.02502
2.75097 5.84077
2.67556 6.08377
2.87768 5.9007
3.06512 5.75776
2.9972 5.98693
3.25813 5.74043
3.14956 6.04359
2.95814 6.17341
2.99741 6.28922
2.8172 6.33283
2.83474 6.45888
2.62008 6.55101
2.70104 6.27331
2.85194 6.17887
2.81585 6.08911
2.48831 6.35096
2.31203 6.65446
2.21888 6.43407
2.13875 6.2357
1.98656 6.75759
2.16724 6.9305
2.42331 6.79427
2.3918 6.9501
2.18264 7.11599
2.41818 7.06423
3.21143 6.64558
3.04618 6.65909
3.08606 6.55781
2.93312 6.62468
2.99 6.44647
2.79576 6.59179
2.64087 6.79361
2.84412 6.80442
2.63281 6.97884
2.51923 6.95237
1.89483 7.24808
1.98336 7.10762
3.43142 5.4097
1.58549 5.71256
1.59904 5.99134
1.34015 5.97526
1.59519 5.40394
1.48634 5.11533
1.81494 5.17558
1.81931 4.85182
2.02788 5.01291
2.19339 4.80975
2.06124 4.52446
2.34281 4.24035
1.97744 4.19624
1.78216 4.40455
1.72514 4.59546
1.5381 4.46931
1.44055 4.72766
1.35094 4.51929
1.33248 4.3207
1.62341 4.21975
1.37697 4.00764
1.42765 3.6754
1.13751 3.77321
1.02229 4.12395
0.848593 3.75432
0.790057 3.45333
0.61166 3.12972
0.978407 3.20634
0.987794 3.54429
1.20098 3.46351
1.25305 3.16613
1.16632 2.85534
1.33571 2.52292
1.59423 2.50292
1.46493 2.1454
1.18515 2.17247
0.983787 1.84178
1.08029 1.49232
0.777742 1.49928
0.623667 1.87391
0.836958 2.27158
0.498639 2.18868
0.551016 2.52844
0.213017 2.34306
0.299327 2.80661
-0.0498767 3.0175
0.580737 2.80677
0.838486 2.76412
0.23487 1.92816
-0.0350995 1.62128
0.347677 1.49768
-0.0395527 1.2417
0.260231 1.1595
0.598683 1.11797
0.968647 1.14287
0.806499 0.939366
0.954353 0.809068
1.19982 0.871767
1.08203 0.623351
1.3397 0.491393
0.923699 0.337589
1.21358 0.11935
1.46126 0.141807
1.30779 -0.264153
0.95017 -0.114869
0.925084 -0.5074
1.13891 -0.750855
1.46235 -0.615808
1.32013 -0.98504
1.56689 -0.838682
1.7329 -0.95369
1.49875 -1.09837
1.6295 -1.31802
1.20749 -1.38661
1.41454 -1.57891
0.731317 -1.63022
0.926098 -1.42214
0.97144 -1.18059
0.758547 -1.42087
0.629755 -1.28232
0.742197 -0.931358
0.422599 -1.16991
0.40572 -0.944008
0.588282 -0.654654
0.691167 -0.349433
0.360806 -0.459348
0.50952 -0.0277295
0.034987 -0.270165
0.174994 0.0159788
0.265721 0.274454
-0.116395 0.0925755
-0.0322218 0.461008
0.283037 0.587093
0.451189 0.46518
0.573574 0.341376
0.657402 0.677454
0.920345 0.610328
0.318855 0.889922
0.0336113 0.769159
0.0854459 1.00835
-0.113759 0.955875
-0.303976 1.02998
-0.282456 0.696548
-0.561777 0.857873
-0.573432 0.44136
-0.317004 0.35406
-0.494668 0.0782507
-0.372566 -0.252452
-0.286063 -0.542769
-0.0252352 -0.71042
-0.409098 -0.857832
-0.223492 -1.03082
-0.495576 -1.20624
-0.189497 -1.29129
0.087029 -1.0285
0.137228 -1.30231
0.262826 -1.11753
0.357344 -1.39719
0.179581 -1.5012
0.307883 -1.53535
0.500944 -1.50562
0.237855 -1.66453
0.415447 -1.82752
0.330565 -1.96844
0.47891 -2.04913
0.250816 -2.07724
0.444917 -2.13662
0.209389 -2.15742
0.416445 -2.2134
0.175599 -2.21126
0.262493 -2.22687
0.508708 -2.24224
0.442889 -2.23275
0.740599 -2.23619
0.495961 -2.19518
0.859113 -2.23252
0.522963 -2.17983
0.729102 -2.13754
0.22123 -2.1441
0.160194 -2.07669
0.530285 -2.08319
-0.35492 -2.04176
-1.50919 -2.02476
-1.79686 -1.98724
-1.75726 -2.03154
-1.90633 -2.00103
-1.8345 -2.02733
-1.65016 -2.0449
-1.72985 -2.06245
-2.02984 -1.99402
-2.06377 -2.0266
-1.69873 -2.07028
-1.93748 -2.09095
-1.62355 -2.10448
-1.3909 -2.11113
-1.34607 -2.14369
-1.1546 -2.15746
-1.18542 -2.16902
-1.23822 -2.17372
-1.46221 -2.14474
-1.4218 -2.14222
-1.20534 -2.13795
-1.38501 -2.10847
-1.12587 -2.10208
-1.02402 -2.14089
-1.01529 -2.16275
-0.849526 -2.15553
-0.905392 -2.12142
-0.728269 -2.14459
-0.719256 -2.09661
-0.960083 -2.03542
-0.70786 -1.99504
-0.470961 -2.062
-0.393419 -1.95178
-0.204554 -2.02566
-0.134689 -1.93756
0.0521894 -1.99988
0.109861 -1.87583
-0.200213 -1.77861
-0.067584 -1.53377
-0.465491 -1.55437
-0.58608 -1.82556
-0.766961 -1.68501
-0.902024 -1.87849
-0.862644 -1.98132
-1.15617 -1.92686
-1.24799 -2.03539
-1.36679 -1.93607
-1.3294 -1.79257
-1.12237 -1.79188
-1.22256 -1.59576
-1.47817 -1.54208
-1.36018 -1.39429
-1.22109 -1.35025
-1.0734 -1.4454
-0.990996 -1.65715
-0.815838 -1.3985
-1.08516 -1.06982
-0.736076 -0.978698
-0.914126 -0.598707
-0.58698 -0.594365
-0.696886 -0.255623
-0.920512 -0.2088
-0.78576 0.108884
-1.03412 0.0742926
-1.10791 -0.310168
-1.28322 -0.00534678
-1.27417 -0.37903
-1.17441 -0.642243
-1.32836 -0.562283
-1.51695 0.140113
-1.39716 0.448497
-1.16436 0.348746
-1.18662 0.698207
-1.38161 0.78738
-1.01037 0.95486
-0.895616 0.560351
-0.776198 1.02818
-1.53491 -1.74751
-1.44218 -1.85804
-1.55978 -1.89715
-1.47369 -2.01766
-1.66252 -1.97618
-1.61377 -2.07235
-1.57374 -2.142
-1.74991 -2.09335
-1.65424 -2.12838
-1.87998 -2.09791
-1.82977 -2.11551
-2.01383 -2.10328
-2.11921 -2.08641
-2.14278 -2.07345
-2.26568 -2.04746
-2.17262 -2.0669
-2.26913 -2.01965
-2.22285 -1.99685
-2.37095 -1.94786
-2.29097 -1.87712
-2.34966 -1.69858
-2.1537 -1.83107
-2.11018 -1.95876
-1.99454 -1.94997
-1.95577 -1.88877
-1.80966 -1.99174
-1.79643 -1.92097
-1.86249 -1.8181
-1.71803 -1.88405
-1.73153 -1.74771
-1.91468 -1.68727
-2.03988 -1.5253
-2.07364 -1.70242
-2.24935 -1.63075
-1.93683 -2.02948
-2.06231 -2.04935
-2.4353 -2.00254
-2.2674 -2.05585
-2.33229 -2.03106
-2.23752 -2.0001
-2.41378 -1.99192
-2.50922 -1.98916
-2.55534 -1.98015
-2.64584 -1.92566
-2.50771 -1.95493
-2.63817 -1.89708
-2.4697 -1.91027
-2.27075 -1.94422
-2.29417 -1.9108
-2.07039 -1.93934
-2.03038 -1.966
-2.11249 -1.91914
-2.47064 -1.89154
-2.56313 -1.8979
0.00415087 -2.08805
-0.249055 -2.10561
-0.00618172 -2.15641
-0.155863 -2.16125
0.0203996 -2.20203
-0.177285 -2.21874
0.0517864 -2.23404
-0.162591 -2.23913
0.146413 -2.23045
-0.125639 -2.23315
0.0603027 -2.20498
0.204543 -2.16427
-0.117689 -2.16673
-0.29153 -2.19646
-0.424358 -2.14181
-0.300411 -2.10709
0.00557709 -2.15889
-0.646142 -2.13328
-0.671066 -2.15288
-0.533525 -2.18124
-0.76546 -2.17641
-0.971049 -2.12619
-1.09785 -2.13983
-0.893649 -2.18158
-0.994469 -2.1816
-0.69426 -2.19254
-0.774627 -2.18233
-0.460855 -2.19589
-0.636362 -2.17144
-0.491085 -2.17339
-0.343964 -2.15693
-0.522453 -2.1419
-0.410704 -2.21269
-0.654876 -2.19514
-0.526331 -2.21082
-1.38316 -2.10905
-1.32786 -2.07388
-0.846296 -2.06867
-0.684268 -2.03472
0.22754 -2.2386
0.293568 -0.757959
1.55597 0.353992
1.08469 2.5213
1.11122 4.54752
3.78657 5.76741
4.45083 5.08611
1.21292 7.35046
1.04871 7.33308
1.20593 7.28191
1.03809 7.2589
1.16439 7.19164
1.32807 7.08654
1.07364 7.08376
1.37067 6.94421
0.916407 7.17686
0.559295 7.1988
0.465117 7.00617
0.167436 7.09947
0.227397 7.25895
0.364729 7.36802
0.658928 7.36729
0.851681 7.29009
0.13653 7.44028
0.114321 7.34489
-0.0875897 7.39362
-0.076982 7.25497
-0.302095 7.34218
-0.327566 7.46208
-0.063714 7.50936
-0.545111 7.47423
-0.559034 7.36528
-0.694945 7.44091
-0.81501 7.35277
-0.746847 7.23994
-0.449896 7.21203
-0.730107 7.08931
-0.511326 7.03776
-0.215364 7.08824
-0.0543189 6.90986
0.242173 6.88838
0.0854325 6.82654
0.161314 6.75633
0.308449 6.7191
0.176495 6.6024
0.0218153 6.33114
0.266432 6.02262
-0.1226 5.84928
0.191412 5.55843
0.469952 5.75502
0.408714 5.51869
0.569819 5.51766
0.138055 5.18373
0.275132 4.92695
-0.00351 4.90469
0.230341 4.5981
-0.0532455 4.61637
-0.0349245 4.31449
-0.305583 4.53164
-0.186685 4.75295
-0.350657 4.7767
-0.238617 4.94639
-0.208815 5.30787
-0.442295 4.98185
-0.542821 5.24197
-0.438191 5.43759
-0.369016 5.61437
-0.601171 5.55277
-0.429225 5.88793
-0.6709 5.87905
-0.507355 6.21755
-0.26674 6.15833
-0.26281 6.46122
-0.0217018 6.67558
-0.278179 6.74033
-0.366788 6.92522
-0.455141 6.79137
-0.500637 6.57115
-0.618052 6.75563
-0.499366 6.8684
-0.549989 6.91384
-0.746071 6.88525
-0.872703 6.55839
-0.69084 6.55119
-0.7841 6.42607
-0.684492 6.35826
-0.722692 6.11977
-0.905712 6.17611
-0.849381 5.90629
-0.897687 5.54848
-1.05155 5.75794
-1.18781 5.34933
-1.07112 5.11513
-0.810157 5.2039
-0.987103 4.79287
-0.707184 4.92412
-0.825861 4.62073
-0.572687 4.65656
-0.773992 4.36561
-0.54662 4.37707
-0.376837 4.21228
-0.659479 4.12225
-0.480939 3.87168
-0.203654 4.03297
-0.770267 3.83135
-0.693507 3.49838
-1.02746 3.57877
-0.936205 3.08094
-1.23964 3.07517
-1.1311 2.79987
-0.991176 2.70225
-0.967786 2.37451
-1.21737 2.18273
-1.13326 2.52825
-1.31018 2.5854
-1.42473 2.21147
-1.53798 2.45213
-1.43961 2.81407
-1.6409 2.80015
-1.45006 3.11482
-1.33379 3.48919
-1.59226 3.34013
-1.46114 3.80694
-1.2047 3.97163
-1.37067 4.24535
-1.21037 4.26492
-1.03023 4.36351
-1.19868 4.5113
-1.18859 4.79859
-1.34077 4.62027
-1.50925 4.47262
-1.6076 4.08222
-1.6893 4.42428
-1.5614 4.70357
-1.4419 4.76642
-1.47645 5.09765
-1.67187 4.76348
-1.6879 5.02059
-1.6022 5.26612
-1.4793 5.4689
-1.59607 5.50863
-1.4025 5.88359
-1.29637 5.58703
-1.15537 5.93543
-1.12413 6.24374
-1.11919 6.53057
-0.993653 6.76308
-1.1771 6.69991
-1.10555 6.85426
-0.950109 6.96194
-1.1547 6.96848
-1.25563 6.8086
-1.32793 6.88452
-1.3161 6.99585
-1.16625 7.08612
-1.11072 7.1951
-1.48217 6.86615
-1.66692 6.74414
-1.55066 6.75207
-1.438 6.73969
-1.60901 6.61529
-1.49527 6.53273
-1.33801 6.63679
-1.40201 6.42433
-1.26351 6.5324
-1.29171 6.30979
-1.45119 6.18494
-1.58976 5.97956
-1.62823 5.70542
-1.73429 5.77316
-1.75332 6.003
-1.58166 6.27329
-1.76467 6.24935
-1.63478 6.43743
-1.74954 6.44297
-1.88853 6.26922
-1.88476 6.43019
-2.03535 6.21427
-2.20391 6.00945
-2.04433 6.0336
-2.25628 5.82095
-2.17293 5.7872
-2.04014 5.86444
-1.8953 6.03797
-1.92427 5.80509
-1.81997 5.79208
-1.88637 5.5334
-1.7473 5.58644
-1.78862 5.42977
-1.70195 5.49192
-1.74485 5.25258
-1.85982 5.29353
-1.88877 5.06643
-1.81175 4.98055
-1.79908 4.77665
-1.91713 4.80131
-1.91918 4.55193
-1.79448 4.56125
-1.88878 4.27867
-1.78066 4.10134
-1.94122 3.89044
-1.78059 3.79913
-1.64763 3.69564
-1.8078 3.4147
-1.8159 2.99857
-1.87643 2.56451
-1.77253 2.25864
-1.96347 2.20865
-1.93615 1.96261
-1.82103 1.79675
-1.61054 2.02053
-1.65412 1.59119
-1.40858 1.8264
-1.8737 1.36317
-1.83803 1.04802
-1.97721 1.05519
-2.0492 0.806004
-2.11306 1.0813
-2.03361 1.28573
-2.12929 1.34668
-2.02011 1.61186
-2.19737 1.62327
-2.07962 1.94143
-2.18754 1.90831
-2.15052 2.11824
-2.06107 2.15968
-2.04713 2.36278
-2.19697 2.38357
-2.30059 1.94855
-2.33752 2.28026
-2.44128 2.086
-2.46547 1.69789
-2.35718 1.46479
-2.2469 1.15884
-2.4046 1.02243
-2.28375 0.733008
-2.17368 0.871242
-2.13338 0.599126
-2.08929 0.299829
-2.22122 0.428375
-2.2056 0.133094
-2.03511 0.00571887
-2.11854 -0.189913
-1.94839 -0.285536
-1.76749 -0.430843
-1.86584 -0.528561
-1.72566 -0.72058
-1.85696 -0.713021
-1.94481 -0.825046
-2.00885 -0.509679
-2.09963 -0.673134
-2.07007 -0.952367
-2.20439 -0.404769
-2.26495 -0.106518
-2.31591 -0.247381
-2.42244 -0.0345219
-2.31696 0.0915168
-2.36267 0.383139
-2.52019 0.346202
-2.56958 0.12167
-2.56476 -0.106808
-2.70187 0.089036
-2.64215 -0.150757
-2.73274 -0.243682
-2.82776 -0.0121026
-2.88795 -0.222525
-2.79004 -0.44893
-2.77742 -0.705082
-2.90263 -0.476425
-2.87672 -0.749512
-2.76375 -0.940708
-2.82721 -1.02185
-2.75126 -1.30746
-2.90951 -1.06941
-2.85458 -1.29079
-2.75241 -1.48144
-2.82667 -1.42573
-2.80207 -1.53573
-2.90844 -1.32384
-2.95422 -1.38807
-2.83831 -1.60811
-2.78767 -1.74237
-2.86182 -1.65574
-2.93245 -1.51682
-2.97902 -1.4972
-2.91503 -1.62489
-3.03071 -1.44667
-2.94924 -1.576
-3.14451 -1.20337
-3.09132 -1.28686
-3.21406 -1.02552
-3.12685 -1.0972
-3.02156 -1.3694
-3.03403 -1.17
-3.14491 -0.91674
-3.25235 -0.75711
-3.25153 -0.651167
-3.30278 -0.58527
-3.32545 -0.452989
-3.36418 -0.481227
-3.38385 -0.340947
-3.42598 -0.21153
-3.47784 -0.242507
-3.43574 -0.404881
-3.38357 -0.575493
-3.28446 -0.790216
-3.32526 -0.778424
-3.27786 -0.943372
-3.35789 -0.727666
-3.40806 -0.584887
-3.43171 -0.573072
-3.48247 -0.437116
-3.45478 -0.424662
-3.4543 -0.571275
-3.40457 -0.675221
-3.3432 -0.823163
-2.42819 5.60305
-2.37232 5.81373
-2.30819 5.65213
-2.41417 5.43522
-2.25794 5.58006
-2.33581 5.38564
-2.18794 5.44614
-2.35713 5.17931
-2.25855 5.05288
-2.40932 4.88363
-2.37336 4.67123
-2.22904 4.77251
-2.16289 5.03344
-2.095 4.99192
-2.08469 5.27267
-1.9736 5.18094
-2.01265 4.89195
-2.07741 4.54722
-2.12704 4.75509
-2.20508 4.53836
-2.23302 4.29915
-2.15595 4.17592
-2.02234 4.32651
-2.05931 4.04241
-2.19409 3.89425
-2.33653 3.91185
-2.2924 3.68816
-2.19356 3.65758
-2.34004 3.42272
-2.24431 3.33645
-2.08078 3.5605
-2.07898 3.81078
-2.13063 3.85996
-1.92967 3.571
-2.03339 3.37866
-1.95485 3.33108
-1.9583 3.1006
-2.06053 3.16109
-2.08754 2.9359
-2.02922 2.72679
-2.19343 2.71374
-2.29644 2.51604
-2.31267 2.74366
-2.42038 2.44924
-2.42699 2.77768
-2.29214 3.02727
-2.18778 2.97058
-2.15023 3.23984
-2.39852 3.1018
-2.53743 2.83422
-2.54197 2.49172
-2.6611 2.51295
-2.64144 2.12921
-2.73411 2.17688
-2.75203 1.85971
-2.66883 1.72392
-2.56145 1.88377
-2.60132 1.6207
-2.66201 1.34643
-2.55492 1.46155
-2.55014 1.67084
-2.47037 1.34492
-2.55777 1.08251
-2.49536 0.702105
-2.3892 0.703785
-2.5913 0.817898
-2.62049 0.600657
-2.63415 0.335128
-2.76225 0.532977
-2.86812 0.252214
-2.89403 0.507909
-3.0044 0.369788
-2.95889 0.0496455
-3.0872 0.117101
-3.03056 -0.208368
-3.01055 -0.534902
-3.12848 -0.341169
-3.08537 -0.616414
-2.96043 -0.813038
-3.03328 -0.863633
-3.00476 -1.06014
-3.14707 -0.71569
-3.19607 -0.421267
-3.27589 -0.447333
-3.30274 -0.202514
-3.22012 -0.196373
-3.16046 -0.0625379
-3.28341 0.0563525
-3.19083 0.211501
-3.27902 0.311693
-3.21547 0.513628
-3.31253 0.497803
-3.29146 0.788146
-3.17696 0.838395
-3.0833 0.659759
-3.08338 1.03656
-3.16086 1.07148
-3.12775 1.28932
-3.04741 1.35647
-2.95412 1.21418
-2.9705 1.67075
-2.86043 1.62417
-2.89241 1.86265
-2.82419 2.00738
-2.76443 1.49503
-2.84622 1.29276
-2.77319 1.14776
-2.86266 1.01765
-2.78903 0.863011
-2.8687 0.740612
-2.68142 0.907845
-2.93643 0.896642
-2.96835 0.668607
-3.01009 0.885829
-3.11717 0.367356
-2.91025 2.1573
-2.78115 2.36168
-2.82281 2.61935
-2.72931 2.6708
-2.63763 2.89278
-2.72947 2.94456
-2.61475 3.16558
-2.49696 3.21026
-2.51663 3.5089
-2.39773 3.54611
-2.48248 3.86068
-2.60132 3.61606
-2.67629 3.28009
-2.71617 3.44145
-2.84204 3.01954
-2.93265 2.53664
-3.00083 2.73398
-3.02422 2.35434
-2.96187 2.30092
-3.00478 2.13597
-3.01768 1.90357
-3.08406 1.60661
-3.11104 1.95536
-3.1734 1.49506
-3.19783 1.21631
-3.28711 1.2481
-3.22662 1.0216
-3.38993 0.885606
-3.37544 0.606317
-3.46559 0.60859
-3.38054 0.333074
-3.46804 0.293455
-3.392 0.0408061
-3.37575 -0.228278
-3.45599 0.0267136
-3.50498 -0.0289783
-3.57648 0.296395
-3.52054 0.511266
-3.58017 0.75952
-3.53053 0.654199
-3.52004 0.789701
-3.51331 1.08307
-3.46853 0.906823
-3.41892 1.25168
-3.46931 1.41725
-3.41878 1.59171
-3.43679 1.67281
-3.3842 1.94575
-3.34057 1.72257
-3.30284 2.2172
-3.33424 2.42694
-3.29107 2.45174
-3.25037 2.49487
-3.24135 2.34157
-3.19074 2.52175
-3.20461 2.16096
-3.10412 2.5666
-3.10826 2.30653
-3.0597 2.49334
-3.04502 2.96329
-2.93348 3.16312
-2.97668 3.33408
-2.86341 3.49763
-2.90052 3.62213
-2.8022 3.80764
-2.87348 3.87361
-2.99626 3.57008
-2.95541 3.86728
-3.0915 3.48963
-3.11301 3.14909
-3.19818 3.03565
-3.20422 2.78316
-3.13805 2.80041
-3.25511 2.66755
-3.27941 2.7888
-3.316 2.74608
-3.26745 3.01959
-3.29616 2.99413
-3.24748 3.18377
-3.27959 3.19383
-3.19739 3.38178
-3.19991 3.29548
-3.12476 3.59842
-3.01383 3.82781
-3.02476 3.92858
-2.88547 4.20325
-2.92651 4.27399
-2.82034 4.51609
-2.75036 4.5564
-2.72511 4.77089
-2.67432 4.80595
-2.65058 4.99586
-2.58718 5.0221
-2.5609 5.20909
-2.47131 5.22094
-2.55753 5.36645
-2.63967 5.1605
-2.7077 4.95869
-3.01057 4.13039
-3.05882 3.96741
-3.11976 3.78667
-3.14822 3.61185
-3.20544 3.57749
-3.2345 3.40832
-3.35225 2.9728
-3.35045 2.80603
-3.38556 2.7025
-3.37519 2.61364
-3.36236 2.512
-3.41069 2.39696
-3.36767 2.33637
-3.3941 2.13001
-3.40622 2.18659
-3.42498 1.98181
-3.42005 1.8769
-3.45194 1.76162
-3.43643 1.769
-3.48299 1.53542
-3.51311 1.32739
-3.52454 1.43475
-3.5763 1.20644
-3.55849 1.48923
-3.50105 1.63279
-3.52565 1.70812
-3.46705 1.86524
-3.51521 1.87864
-3.46718 2.02434
-3.44175 2.04411
-2.49526 4.99384
-2.60481 4.8148
-2.5399 4.74722
-2.48308 4.5924
-2.59325 4.46883
-2.53305 4.3684
-2.47773 4.35916
-2.37139 4.30363
-2.56969 3.98004
-2.54302 4.2222
-2.60698 4.18253
-2.66179 3.93654
-2.70289 3.69266
-2.6493 3.67339
-2.80892 3.40627
-2.77974 3.64075
-2.73372 3.81997
-2.70357 4.02823
-2.76878 4.14302
-2.66623 4.25772
-2.69782 4.4266
-2.6354 4.62836
-2.82726 4.15339
-2.78456 4.38952
-3.22704 1.70714
-2.53121 2.21599
-2.02756 5.57031
-2.06063 5.69782
-2.13906 5.69269
-1.8921 6.16433
-1.74048 6.57497
-0.942716 7.25387
-0.972365 7.1231
-1.29249 4.95881
-0.926035 4.04241
-1.21608 1.86628
1.55983 -2.23983
1.6776 -2.26505
1.743 -2.16182
1.81367 -2.21646
1.86125 -2.14135
1.93811 -2.17584
2.00103 -2.1008
2.10268 -2.14182
2.13548 -2.09524
2.2645 -2.14748
2.44338 -2.18751
2.46445 -2.21098
1.96861 -2.06919
1.87116 -2.10512
5.01157 3.31196
4.96307 2.85143
4.87169 2.32284
4.08725 1.30312
3.77407 1.32198
3.84001 1.08337
3.83619 0.855387
3.94778 0.119377
3.7916 -0.146443
4.05879 -0.21074
3.98903 -0.574713
3.85858 -0.328891
3.57221 -0.416578
3.67478 -0.778888
3.92351 -1.01453
4.17859 -1.30991
3.55953 -1.06455
3.2864 -0.796715
3.24955 -0.509899
3.42277 -2.19907
3.23622 -2.15141
3.66647 -2.15569
3.68911 -2.1505
3.88269 -2.15258
4.05012 -2.14715
4.62741 -1.80537
4.76248 -1.94102
4.84831 -1.71236
5.07093 -2.22124
5.55127 2.83486
5.53056 2.91544
5.48827 2.95548
5.64466 2.31577
5.44335 -0.793856
5.56799 -1.81903
5.55136 -1.91302
2.63281 6.97884
-2.60481 4.8148
