-1.26796 -0.725387
-1.39298 -0.0359249
-1.33587 0.584656
-1.15965 1.23523
-0.772609 2.21071
-0.355129 3.08812
-0.214845 3.37431
-0.119138 3.53793
0.541573 4.15313
0.916353 4.33469
1.63754 4.58333
2.47604 4.69875
3.17234 4.55923
3.38155 4.46626
3.76121 4.18158
4.55084 3.41422
4.76035 3.19459
4.91471 2.83555
5.1912 2.17956
5.50729 1.29373
5.6811 0.575081
5.8586 -0.648548
5.98083 -1.67776
5.96615 -2.70239
5.92795 -3.00418
5.88964 -3.12224
5.83086 -3.26114
5.69609 -3.54806
5.62505 -3.63635
5.50366 -3.75472
5.36116 -3.87869
5.20182 -3.95996
5.02103 -4.0127
4.8288 -4.04301
4.64871 -4.06946
4.3986 -4.07359
4.14705 -4.06269
3.69939 -4.02528
1.39143 -3.78686
1.21195 -3.76079
0.968742 -3.71212
0.715999 -3.65773
0.479177 -3.59397
0.308239 -3.51665
0.0665731 -3.31428
-0.296979 -2.95395
-0.596155 -2.60424
-0.744806 -2.3638
-0.85997 -2.1292
-0.914866 -1.98874
-0.930957 -1.94408
-1.13453 -1.35788
