3.49488 -1.86587
3.48325 -1.72362
3.38369 -1.97679
3.34915 -1.85044
3.25314 -2.05191
3.22464 -1.97049
3.25897 -1.80646
3.35184 -1.6899
3.31185 -1.62248
3.24381 -1.65653
3.31002 -1.44087
3.40759 -1.49297
3.41903 -1.27672
3.36503 -1.1501
3.4799 -1.0076
3.40545 -0.872457
3.47655 -0.733458
3.40475 -0.598588
3.48869 -0.463568
3.39603 -0.308764
3.47906 -0.0897636
3.38351 -0.0435936
3.37661 0.253095
3.29832 0.114528
3.29605 0.313748
3.27739 0.537069
3.36696 0.628989
3.24941 0.933885
3.3314 0.949533
3.41758 0.759789
3.36075 1.16764
3.26919 1.2363
3.25468 1.51977
3.31883 1.53555
3.41681 1.25698
3.39353 1.54743
3.50201 1.14232
3.47457 0.899897
3.55473 0.793802
3.6195 0.837718
3.55766 1.21557
3.48346 1.46806
3.50852 1.48776
3.55103 1.41859
3.577 1.19838
3.5565 1.39762
3.53957 1.57166
3.53083 1.58954
3.48481 1.76421
3.51549 1.72181
3.46213 1.86559
3.40911 2.01553
3.42477 1.88346
3.48649 1.63924
3.42972 1.69606
3.35978 1.99517
3.4019 1.72491
3.31474 1.91653
3.28435 1.80949
3.20907 2.13998
3.22953 2.2925
3.29266 2.2785
3.35306 2.14982
3.26876 2.38812
3.3368 2.29735
3.41037 2.11049
3.35942 2.28626
3.42865 2.18353
3.46182 1.99419
3.14232 2.99707
3.33984 2.42108
3.32525 2.39195
3.28973 2.50334
3.30232 2.54984
3.25012 2.61084
3.22812 2.59678
3.27829 2.46244
3.23794 2.5275
3.15133 2.75138
3.18623 2.63813
3.21677 2.52562
3.21015 2.52847
3.10454 2.82327
3.10869 2.69119
3.12414 2.46899
2.99497 2.77775
3.07489 2.42408
3.19148 1.9147
3.04335 2.2749
3.09988 1.88398
3.18451 1.71646
3.18198 1.53443
3.07931 1.54846
3.18494 1.28315
3.12076 1.13667
3.16717 0.736146
3.04942 0.907187
3.04223 1.15469
3.02523 1.36751
2.98173 1.20557
2.93048 1.49393
2.90303 1.31522
2.91147 0.998635
2.98415 0.576477
3.10581 0.548023
3.07992 0.173174
3.20466 0.345921
3.21347 -0.00823279
3.31572 -0.170425
3.22981 -0.315587
3.32341 -0.455355
3.24085 -0.593803
3.32788 -0.723856
3.2516 -0.806133
3.28372 -0.98251
3.20912 -0.918822
3.14785 -0.786662
3.16936 -1.08506
3.05102 -1.08538
3.09221 -1.41317
3.23706 -1.28167
3.17813 -1.57167
3.04385 -1.78518
3.1596 -1.80726
3.05794 -1.97653
3.14058 -1.98474
3.01409 -2.17286
3.1505 -2.12062
3.07825 -2.26359
3.17709 -2.22147
3.28061 -2.12954
3.25777 -2.24946
3.35554 -2.11897
3.44052 -2.019
2.64197 -2.36785
2.45187 -2.37063
2.42164 -2.41955
2.11576 -2.43736
1.65971 -2.3945
1.39084 -2.41548
1.44786 -2.41829
1.0816 -2.45482
1.23622 -2.46394
0.774496 -2.50251
0.911955 -2.52712
0.361044 -2.54528
0.685753 -2.58013
0.33432 -2.58575
0.529494 -2.59818
0.854071 -2.58014
1.05943 -2.5588
1.17814 -2.5583
0.735515 -2.60897
1.07586 -2.5817
0.730933 -2.60869
1.00194 -2.57736
1.27611 -2.56995
1.17296 -2.56652
1.34771 -2.56224
1.23463 -2.54483
0.937558 -2.55837
1.08669 -2.51179
0.867549 -2.53117
0.923358 -2.48259
0.690985 -2.51517
0.747178 -2.44705
0.511587 -2.48388
0.591599 -2.41032
0.343269 -2.42193
0.476812 -2.3458
0.274352 -2.28338
0.53235 -2.23114
0.669313 -2.31979
0.725329 -2.21349
0.657341 -2.03942
0.897584 -2.13453
0.954713 -1.91117
1.08827 -2.07604
1.23168 -1.93356
1.27244 -2.11919
1.48458 -1.98878
1.44685 -2.17053
1.65018 -2.13932
1.73586 -1.92772
1.61362 -1.79025
1.42387 -1.7212
1.62077 -1.56659
1.78765 -1.66837
1.80772 -1.37125
1.57209 -1.28739
1.49487 -1.51927
1.34584 -1.46766
1.28838 -1.12882
1.57399 -0.89055
1.30059 -0.704254
1.57987 -0.500622
1.29322 -0.26783
0.967997 -0.523531
0.976907 -0.109566
1.18224 0.082203
1.40077 0.0284
1.33099 0.309517
1.57527 0.159079
1.551 0.573314
1.14074 0.658956
1.09578 0.344623
0.839486 0.487305
0.79585 0.974898
1.06695 1.00602
0.945352 1.26986
1.17362 1.20029
1.02232 1.58949
1.30209 1.37216
1.23185 1.6376
1.40111 1.50822
1.53543 1.22879
1.58771 1.5268
1.33183 1.75505
1.41584 1.87384
1.24679 2.02501
1.35866 2.1865
1.02554 2.34821
1.17626 2.75047
0.827423 2.81924
0.908323 3.10826
0.651466 3.19542
0.779242 3.45116
1.06385 3.341
0.865635 3.76662
0.588765 3.8082
0.692857 4.15486
0.371598 4.20689
0.514161 4.63333
0.155997 4.59548
0.21333 5.01153
0.521062 5.14491
0.750336 4.84164
0.777829 5.15001
0.894268 4.91831
0.919572 4.69471
1.04339 4.76133
0.976575 5.07786
1.14403 4.89497
1.07929 5.09471
1.17226 5.10456
1.03156 5.2761
1.14049 5.40214
0.960795 5.55231
1.05592 5.77172
0.882468 5.77148
0.837962 5.98835
0.986954 6.02313
1.11616 6.00687
1.01454 6.14922
0.919679 6.13312
0.938069 6.23145
0.833275 6.21943
0.631301 6.19422
0.596692 5.84931
0.776964 5.82998
0.787985 5.65143
0.658041 5.46665
0.865413 5.37536
0.375608 5.55043
0.308523 5.2873
0.0885668 5.40569
-0.102253 5.14122
-0.0415492 4.85527
-0.336972 4.91511
-0.341498 5.24428
-0.193517 5.40221
-0.454731 5.52163
-0.582086 5.19452
-0.738059 5.43379
-0.720224 5.73685
-0.985141 5.50947
-0.870913 5.13444
-1.21982 5.12718
-0.941367 4.61091
-0.652033 4.87413
-0.44232 4.47712
-0.138567 4.61584
-0.0138688 4.26354
-0.264002 3.91826
0.232311 3.79905
0.0203652 3.55058
0.335213 3.3633
0.529371 3.51621
0.454016 2.93431
0.0624995 3.20444
0.103827 2.82628
0.431628 2.53867
0.703626 2.55986
0.733581 2.10384
1.09955 1.922
0.656531 1.55136
0.480472 1.96603
0.402034 2.24896
0.189911 2.07452
0.370032 1.77137
0.160934 1.75587
0.319954 1.44051
0.535317 1.20024
0.518897 0.91407
0.626408 0.700022
0.468488 0.696563
0.307919 0.8201
0.359678 1.10324
0.0965967 1.12932
0.007339 1.53087
-0.202202 1.30572
-0.237324 1.60843
-0.409294 1.46925
-0.473205 1.80585
-0.123316 1.89749
-0.383084 2.13291
-0.642258 2.13388
-0.515806 2.46675
-0.915083 2.39408
-0.877626 1.83972
-1.16113 2.17398
-1.28387 2.53788
-1.09576 2.81779
-1.42399 2.9724
-1.62623 2.63833
-1.7379 3.00669
-1.62445 3.3528
-1.39411 3.28084
-1.20333 3.1852
-1.33369 3.63801
-1.01709 3.37452
-0.98041 3.65131
-0.819101 3.46963
-0.671277 3.72574
-1.03685 4.05799
-0.680818 4.15818
-1.18938 4.38847
-1.32225 4.65401
-1.41836 4.22393
-1.61642 4.60438
-1.49981 4.93395
-1.55797 5.31364
-1.28529 5.64739
-1.52808 5.6674
-1.44892 5.90942
-1.63195 5.81318
-1.65187 6.04572
-1.84105 5.76953
-1.7325 5.56311
-1.99237 5.4606
-1.8785 5.2293
-1.75638 4.9335
-2.06521 4.87292
-2.17451 5.14426
-2.39822 4.78001
-2.5182 5.10253
-2.20609 5.3419
-2.16016 5.60016
-2.46103 5.53299
-2.73874 5.23334
-2.69343 5.53414
-2.89113 5.25938
-2.97701 5.38952
-2.77582 5.68791
-2.58368 5.79388
-2.63509 5.89409
-2.39023 6.01967
-2.62163 6.04367
-2.40968 6.23481
-2.65235 6.18527
-2.48226 6.36368
-2.17428 6.43507
-2.17228 6.25431
-1.87186 6.35721
-1.91555 6.54477
-2.08373 6.66241
-2.35218 6.54138
3.64473 -1.17998
3.67368 -0.926199
3.65775 -0.741842
3.70451 -0.526575
3.74386 -0.381889
3.77036 -0.0642594
3.73088 -0.156095
3.73139 0.0353547
3.72929 0.189042
3.68903 0.241534
3.68053 -0.00201546
3.63938 0.261472
3.63655 0.518569
3.69727 0.488888
3.67487 0.742326
3.7436 0.43444
3.70419 0.668836
3.66814 0.837653
3.6499 1.01057
3.576 1.19624
3.62682 0.988563
3.60355 0.988245
3.55961 1.40235
3.51054 1.7826
3.56056 1.58466
3.52468 1.63617
2.88749 3.4397
2.98554 3.23974
3.05225 3.03647
3.13296 2.91041
3.19652 2.82817
3.19153 2.72859
3.25138 2.68389
2.98717 3.09596
3.01176 2.93171
2.95517 3.08935
2.86314 3.31949
2.92626 3.28872
2.8277 3.53589
2.81597 3.64887
2.72927 3.77971
2.74601 3.64396
2.65706 3.91654
2.67002 4.02103
2.75741 3.84967
2.60726 4.10518
2.55247 4.24936
2.59054 4.04632
2.65752 3.81146
2.5799 3.90304
2.67896 3.6262
2.72462 3.63796
2.79624 3.39454
2.75304 3.27306
2.88164 3.0406
2.90868 3.1023
2.95215 2.74752
2.86211 2.87572
2.9561 2.58602
2.88173 2.5858
2.98523 2.20976
2.8899 2.32005
2.97682 1.95486
2.86361 2.17443
2.87529 1.85877
2.97828 1.6483
2.8357 1.56205
2.73558 1.82472
2.72005 2.30874
2.63165 2.08865
2.55792 2.34503
2.54808 2.62233
2.43604 2.59629
2.44315 2.8303
2.31641 2.90759
2.4017 3.14319
2.50858 2.8916
2.51911 3.10485
2.41225 3.46707
2.53076 3.3704
2.40254 3.77444
2.2479 3.90274
2.31167 4.00209
2.34913 4.10444
2.44813 3.95361
2.36995 4.24312
2.28469 4.38622
2.34101 4.47821
2.42094 4.23907
2.41848 4.50318
2.49352 4.20393
2.48904 4.43617
2.45048 4.65328
2.18944 5.12312
2.25149 4.99703
2.16299 4.98345
2.25398 4.86883
2.23433 4.70047
2.32425 4.72155
2.30451 4.89015
2.35603 4.82788
2.33413 4.90377
2.38368 4.90109
2.40247 4.79057
2.38481 4.70789
2.31823 4.97133
2.08105 4.85769
2.17329 4.51346
2.25909 4.20866
2.16443 4.29005
2.1069 4.20636
2.0288 4.57878
1.98053 4.25924
2.10163 3.98714
2.022 4.03006
2.04911 3.83553
2.17745 3.67551
2.30803 3.49923
2.24629 3.30347
2.09052 3.53647
2.12861 3.27134
2.2007 3.07642
2.20758 2.85993
2.29157 2.55543
2.12041 2.71585
2.18311 2.28827
2.33668 2.21897
2.33742 1.93056
2.45375 2.00946
2.4361 2.30976
2.53755 2.11974
2.58967 1.82106
2.48419 1.64601
2.61023 1.50281
2.70994 1.54864
2.77574 1.56436
2.81087 1.32122
2.70094 1.2516
2.79157 1.02055
2.85187 0.691502
2.70173 0.890383
2.75313 0.559649
2.82903 0.378764
2.89624 0.472406
2.93074 0.272727
2.81953 0.0274308
2.9524 0.024572
3.0131 -0.178458
3.13191 -0.21096
3.04627 -0.498196
3.15593 -0.476342
3.01883 -0.82014
2.95648 -0.646719
2.93612 -0.41755
2.87399 -0.660394
2.8159 -0.378752
2.90985 -0.181069
2.69692 -0.222068
2.68138 0.0498475
2.57506 -0.0931328
2.56989 0.275187
2.71668 0.304651
2.63796 0.593444
2.48572 0.67744
2.39948 0.409265
2.38787 0.68893
2.34694 0.990487
2.45973 0.940756
2.55217 0.918594
2.43866 1.21577
2.56753 1.2589
2.46399 1.41942
2.36598 1.58026
2.27234 1.44237
2.20251 1.85725
2.07367 1.7474
2.00586 2.20115
1.83259 2.10659
1.84167 2.37963
1.89314 2.50884
2.00321 2.56967
1.87249 2.74504
1.94495 2.98156
2.09918 3.04894
1.97287 3.38952
1.75993 3.40462
1.81205 3.73718
1.64776 3.82642
1.70845 4.07256
1.56005 4.14905
1.60408 4.35764
1.45082 4.45794
1.52823 4.74484
1.77454 4.36332
1.70011 4.83787
1.49473 5.22668
1.32379 5.13634
1.27884 5.51355
1.40624 5.67202
1.56431 5.46416
1.54949 5.70192
1.68157 5.47371
1.69026 5.70628
1.78032 5.49321
1.79133 5.6199
1.83618 5.5252
1.91072 5.51093
1.95608 5.39643
1.88978 5.36743
1.99316 5.25805
2.03862 5.35262
2.08904 5.18725
1.53374 5.96668
1.29223 6.03755
1.4453 5.86201
1.23232 5.81655
1.11339 6.16018
0.907907 6.33334
1.02266 6.26442
0.756977 6.36499
0.696342 6.50398
-0.71542 6.81446
-0.478879 6.81645
-0.312529 6.7078
0.131922 6.73516
0.228723 6.6369
0.353176 6.61245
0.469034 6.60199
0.559576 6.54241
0.434546 6.5035
0.578506 6.41037
0.380619 6.3338
0.399409 6.11507
0.268481 6.2353
0.0795622 6.35857
0.262967 6.50848
0.109999 6.58237
-0.0249763 6.56581
0.00560141 6.67469
-0.116593 6.65976
-0.208816 6.52473
-0.488259 6.5842
-0.390667 6.448
-0.234696 6.30919
-0.056499 6.01892
0.198609 6.13122
0.279735 5.90466
0.114892 5.71565
-0.149056 5.66598
-0.40817 5.87285
-0.371277 6.13609
-0.684895 6.09374
-0.999332 5.8852
-1.05604 6.23327
-0.738187 6.37818
-0.968503 6.53764
-0.689641 6.52915
-0.715275 6.62361
-0.555145 6.46327
-0.590127 6.71291
-0.861965 6.70777
-0.910851 6.80859
-1.06366 6.7599
-1.07983 6.67512
-1.2393 6.61975
-1.38084 6.45046
-1.50038 6.67068
-1.25478 6.71815
-1.21588 6.80018
-1.04781 6.83503
-1.79251 6.66495
-1.67805 6.53396
-1.62621 6.42049
-1.60841 6.29855
-1.39148 6.17549
-1.23634 5.98867
-1.7798 6.19942
-1.8989 6.19406
-2.07149 6.139
-1.93265 5.99402
-2.23487 5.86345
-2.46509 5.7675
-0.493118 6.32057
2.05115 5.0886
1.95606 5.12574
1.94297 4.94087
1.83938 4.89647
1.82131 5.21803
1.67718 5.18752
1.87005 4.59079
1.31693 4.80598
1.93694 4.03818
1.8402 3.99308
1.95058 3.75208
1.25385 4.46748
1.42985 4.21171
1.37388 4.01448
1.5101 3.96738
1.52754 3.63646
1.31652 3.70976
1.44978 3.28995
1.62441 3.25975
1.76235 3.00496
1.6161 2.97614
1.76189 2.67477
1.60588 2.688
1.72837 2.44344
1.61154 2.39152
1.63681 2.02703
1.92211 1.61101
1.72131 1.65973
1.54936 1.85278
1.44125 2.41014
1.8701 1.31839
1.80566 1.03503
2.0326 0.963979
2.02906 0.69928
2.15739 0.733187
2.2048 0.441845
2.28025 0.726704
2.16738 0.906871
2.21841 1.00959
2.075 1.17403
2.16605 1.31991
2.3241 0.0741918
2.46917 0.0686511
2.42904 -0.270564
2.57631 -0.421312
2.44165 -0.701923
2.61512 -0.736198
2.68775 -0.493326
2.75096 -0.718202
2.6651 -1.10059
2.82613 -0.958052
2.80236 -1.30359
2.88993 -1.10374
2.93724 -1.34338
2.9699 -1.04559
2.92626 -0.869259
2.83426 -1.47786
2.85084 -1.59526
2.94176 -1.65577
2.80432 -1.81485
2.8897 -1.89268
2.92152 -2.06769
2.7678 -2.07233
2.79885 -2.18861
2.84443 -2.26378
2.91234 -2.28643
2.9613 -2.31478
2.82732 -2.35801
2.88525 -2.38047
3.00135 -2.35367
3.0969 -2.34201
2.96674 -2.42425
3.12549 -2.35896
2.98104 -2.39624
2.80177 -2.43093
2.79179 -2.43227
2.76674 -2.4071
2.65842 -2.44937
2.64283 -2.4559
2.49393 -2.48609
2.55488 -2.4704
2.6799 -2.42189
2.54386 -2.44067
2.71804 -2.37001
2.66215 -2.29023
2.42733 -2.38946
2.51453 -2.27013
2.61637 -2.16302
2.49776 -2.13847
2.37548 -2.27815
2.34226 -2.12114
2.19881 -2.26693
2.17638 -2.05463
2.07547 -2.19609
1.93048 -2.0891
2.08626 -1.87243
2.26653 -1.74906
2.12908 -1.6089
1.94525 -1.79153
1.98125 -1.48323
2.17568 -1.27214
2.01479 -1.14404
2.22493 -0.871845
2.01873 -0.801641
1.81555 -1.03324
1.82027 -0.679602
1.99606 -0.522236
1.83405 -0.30649
1.5856 -0.150968
1.75256 -0.0171329
1.75413 0.207807
1.92154 0.00482407
1.88778 0.326344
1.84047 0.655966
1.6427 0.902975
1.4203 1.03165
1.27365 0.897944
2.03156 0.435917
2.1157 0.102854
2.06329 -0.257555
2.24489 -0.243871
2.15666 -0.542631
2.30924 -0.529217
2.36772 -1.09068
2.51463 -0.993376
2.45337 -1.13461
2.513 -1.22773
2.56254 -1.39135
2.65839 -1.4768
2.52543 -1.6402
2.61131 -1.73723
2.74522 -1.63406
2.64457 -1.94352
2.47843 -1.91689
2.40819 -1.76442
2.43263 -1.5003
2.30469 -1.41945
2.41805 -1.27022
2.33547 -1.94172
2.00014 -2.29622
1.77231 -2.28664
1.89451 -2.42814
2.12178 -2.3987
2.09733 -2.50006
2.2506 -2.44303
2.322 -2.49923
2.27287 -2.36736
2.17006 -2.53403
2.36924 -2.49384
2.20796 -2.51001
2.25868 -2.49208
2.4549 -2.47215
2.23688 -2.48802
2.6229 -2.43413
2.75593 -2.37937
1.99706 -2.48671
1.9861 -2.49274
1.62471 -2.50479
1.73862 -2.5633
2.00394 -2.53843
1.76893 -2.55354
1.84645 -2.5599
1.97257 -2.54639
1.78307 -2.53945
1.89717 -2.51465
1.71049 -2.49224
1.57645 -2.52265
1.66874 -2.55077
1.45898 -2.54217
1.53829 -2.55737
1.33951 -2.50892
1.4689 -2.46423
1.17853 -2.44557
1.36602 -2.37739
1.08412 -2.34177
1.29854 -2.26121
1.52734 -2.28177
1.62723 -2.40051
1.08615 -2.21228
0.880107 -2.27552
0.8201 -2.37616
0.952011 -2.42345
1.42241 -2.57281
1.34781 -2.53486
1.50956 -2.50247
1.70422 -2.49647
1.52503 -2.46943
1.78936 -2.46878
1.85294 -2.41757
1.67517 -2.43003
1.54836 -2.46101
1.27968 -2.50959
2.90904 -2.35283
1.44017 2.70952
1.3139 3.078
1.48456 2.94631
1.25223 3.44039
1.09433 3.79735
1.1915 4.10502
1.02499 4.17457
1.05022 4.44665
0.845567 4.43828
0.913494 4.06961
2.50104 4.00067
2.59607 3.66915
2.52798 3.60772
2.65425 3.2522
2.79269 2.97684
2.75515 2.84368
2.81602 2.56453
2.73093 2.65088
2.63913 2.99929
2.61258 2.76303
2.81167 2.40777
2.98646 2.92664
3.6049 0.425645
3.56512 0.593322
3.58159 0.336926
3.50763 0.582715
3.48764 0.319872
3.57059 0.110566
3.6278 0.0670785
3.62391 -0.126241
3.65207 -0.153884
3.65386 -0.410854
3.69463 -0.275663
3.56393 -0.310213
3.57889 -0.700002
3.60472 -0.87282
3.6122 -1.02498
3.57505 -1.02052
3.57452 -1.22319
3.51123 -1.26985
3.5008 -1.468
3.43425 -1.64238
3.50681 -1.57663
3.54048 -0.0248735
-2.60718 6.44613
-2.72331 6.28478
-2.83047 6.32961
-2.89085 6.20159
-3.01436 6.18862
-3.3575 5.97949
-3.18585 6.01248
-3.0269 6.05964
-3.1925 5.83386
-2.99082 5.95573
-2.85791 6.12237
-2.82983 5.98976
-3.04658 5.74988
-2.81489 5.84466
-2.96293 5.62002
-3.19204 5.4005
-3.23354 5.12711
-3.09448 5.07532
-3.33011 4.84817
-3.17945 4.79227
-2.96408 5.05055
-2.92273 4.88521
-3.22927 4.45036
-2.89122 4.66823
-2.70268 4.63644
-3.02949 4.24934
-2.62966 4.35925
-2.25217 4.50413
-2.40033 4.0941
-2.06901 4.27709
-2.00098 3.89013
-1.77307 4.26122
-1.9218 4.58232
-1.63666 3.94413
-1.68419 3.68332
-1.86689 3.57003
-1.96589 3.30653
-2.11044 3.57945
-2.50024 3.62691
-2.24251 3.42219
-2.42458 3.34032
-2.63801 3.31034
-2.89009 3.39478
-2.84306 3.62689
-3.00346 3.58302
-2.91598 3.83558
-3.1121 3.60336
-3.26552 3.53146
-3.16036 3.39955
-3.42609 3.1465
-3.14842 3.07842
-2.83742 3.02778
-3.09028 2.71181
-3.40511 2.72709
-3.29506 2.48032
-3.48261 2.3253
-3.6733 2.48535
-3.63024 2.80795
-3.86057 2.61803
-3.70923 3.02621
-3.93526 2.89539
-3.78122 3.26419
-3.98852 3.12206
-3.84088 3.50297
-4.08207 3.26458
-4.13235 2.99214
-4.22329 2.99104
-4.29052 3.11703
-4.11942 3.49368
-4.26498 3.41998
-4.12472 3.70149
-3.96973 3.80993
-3.93745 3.63844
-3.7971 3.94171
-3.76982 3.79558
-3.58663 4.08547
-3.65205 3.80231
-3.41587 3.99648
-3.51925 4.45625
-3.68365 4.15762
-3.81731 4.12963
-3.76558 4.44572
-3.52925 4.71572
-3.41665 4.93833
-3.59433 4.8884
-3.37636 5.11739
-3.4343 5.23955
-3.60173 5.10437
-3.53095 5.35532
-3.71315 5.08633
-3.72689 4.91456
-3.84446 4.85526
-3.87921 4.6163
-4.04938 4.18406
-3.95244 4.124
-4.10935 3.90392
-4.24572 3.84074
-4.24135 4.02553
-4.38814 3.74952
-4.34768 3.91742
-4.4768 3.71351
-4.38663 4.0049
-4.26187 4.12029
-4.21551 4.32679
-4.341 4.28476
-4.18343 4.5393
-4.26164 4.55875
-4.36584 4.3668
-4.40712 4.3942
-4.27898 4.63754
-4.19203 4.73489
-4.16523 4.8418
-4.09254 4.79523
-3.94668 5.10179
-4.09489 5.04202
-3.93464 5.25475
-3.78197 5.39035
-3.86563 5.44259
-4.5132 4.46998
-4.77087 4.05798
-4.66899 4.26142
-4.62972 4.19862
-4.43929 4.48261
-4.52596 4.28245
-4.37455 4.49966
-4.55648 4.14391
-4.47269 4.18637
-4.64132 3.91951
-4.52356 3.96226
-4.68173 3.65154
-4.57134 3.70412
-4.70761 3.39164
-4.60992 3.48287
-4.53601 3.42538
-4.7107 3.15307
-4.62818 3.06306
-4.4843 3.25834
-4.38428 3.5506
-4.37011 3.40807
-4.40837 3.18089
-4.25639 3.63687
-4.56169 2.93303
-4.44552 2.95759
-4.42091 2.84368
-4.34298 2.81754
-4.47798 2.62125
-4.53667 2.72781
-4.6301 2.41734
-4.68139 2.59768
-4.71912 2.73985
-4.83534 2.38729
-4.86692 2.57509
-4.97458 2.24128
-5.00022 2.39917
-5.10788 2.0428
-5.05114 1.95058
-4.95624 2.04133
-5.06199 1.68585
-4.93705 1.80517
-4.85006 2.11082
-4.83826 1.89947
-4.75157 2.1282
-4.76596 1.82867
-4.89387 1.57685
-4.81323 1.56349
-4.71948 1.57472
-4.65752 1.88808
-4.58199 1.79968
-4.55187 2.08761
-4.45723 2.02996
-4.42029 2.30764
-4.31048 2.24708
-4.26618 2.53899
-4.38222 2.5691
-4.24527 2.78366
-4.11683 2.80771
-4.10981 2.50608
-4.52332 2.35712
-4.20981 2.13297
-4.03434 2.26529
-3.86602 2.30138
-3.98168 2.01738
-4.13614 1.9878
-4.14768 1.68747
-3.92187 1.75288
-4.04789 1.42262
-4.28356 1.25329
-4.12397 1.04966
-4.3275 0.826194
-4.17455 0.680986
-4.33099 0.497943
-4.1828 0.327861
-4.40078 0.10751
-4.15583 -0.064668
-4.34182 -0.394738
-4.08862 -0.39679
-4.12373 -0.690145
-3.84052 -0.585793
-3.91391 -0.22563
-3.69966 -0.355047
-3.73267 -0.105188
-3.90675 0.200495
-3.63015 0.120169
-3.47485 -0.194605
-3.36789 0.243027
-3.63446 0.516983
-3.23011 0.801381
-3.06042 0.344629
-2.89864 0.675946
-2.82377 1.05236
-2.57864 0.76551
-2.47912 1.19456
-2.24886 0.975295
-2.1915 1.30137
-1.93406 1.08958
-1.96595 1.62194
-2.33769 1.55319
-2.23071 1.87477
-2.50261 1.8268
-2.33156 2.25208
-2.04244 2.07714
-1.96778 2.51971
-2.24352 2.57339
-2.26084 2.83986
-2.43027 2.62441
-2.46545 2.84087
-2.66228 2.7612
-2.63964 2.39398
-2.63449 2.06773
-2.9068 2.11649
-2.88464 2.51665
-3.13765 2.32234
-2.8724 2.76485
-2.50532 3.06276
-3.14799 2.0277
-3.10387 1.75712
-2.81017 1.76069
-3.04162 1.371
-2.66867 1.46102
-3.2549 1.53082
-3.28184 1.68349
-3.29851 1.85834
-3.47165 1.60261
-3.48953 1.99049
-3.70681 1.74667
-3.71782 1.48417
-3.64288 1.26683
-3.37677 1.25469
-3.60804 0.939462
-3.77814 1.04567
-3.88244 1.2405
-3.94043 0.848226
-3.78436 0.901632
-3.77584 0.755584
-3.8708 0.568458
-4.03164 0.524485
-3.86397 1.53215
-3.74081 2.09218
-3.40527 2.18117
-3.3277 2.28704
-3.30195 2.10992
-2.23087 3.17295
-1.99422 2.95286
-1.82659 2.78946
-1.69442 2.37247
-1.46026 2.22366
-1.74249 2.06332
-1.48418 1.86176
-1.23886 1.85152
-1.35917 1.4466
-1.08204 1.50708
-0.829398 1.29486
-0.624279 1.50546
-0.510362 1.10281
-0.731595 1.06182
-0.702813 0.889377
-0.570232 0.721626
-0.311782 0.691515
-0.179386 0.986021
0.0339804 0.697698
-0.125853 0.351313
0.185502 0.354349
0.279289 0.583744
0.387238 0.630272
0.488827 0.442886
0.378491 0.0131886
0.728833 0.123853
0.967469 0.183943
0.685673 -0.245379
0.405171 -0.357785
0.617315 -0.598754
0.808794 -0.822559
1.04308 -0.915919
0.82043 -1.12083
1.03215 -1.19813
1.10902 -1.42839
0.877444 -1.39882
0.934933 -1.63379
1.1668 -1.69526
0.712331 -1.74488
0.777574 -1.55901
0.572057 -1.41321
0.551631 -0.963204
0.205415 -1.1439
0.213557 -1.48475
0.363133 -1.82441
0.0397601 -1.69941
-0.0340428 -1.46298
0.0819273 -1.33186
-0.0908709 -1.23916
-0.17592 -0.892111
0.23163 -0.680935
-0.108877 -0.538169
0.0766621 -0.260203
-0.240026 -0.303939
-0.206904 -0.00117756
0.0604463 0.0827361
-0.492316 0.32317
-0.507294 -0.142781
-0.877758 0.087842
-0.797517 0.624635
-1.05547 0.617457
-0.95769 0.812258
-0.858825 0.958967
-1.07748 1.07025
-1.35151 0.841497
-1.22236 0.284111
-1.4534 0.43506
-1.66146 0.769987
-1.6447 1.25332
-1.85237 0.815694
-2.02663 0.770734
-1.83858 0.555481
-2.0599 0.436399
-1.86499 0.138031
-1.63757 0.305448
-1.65517 -0.0629069
-1.42897 -0.0465492
-1.58397 -0.430154
-1.32723 -0.63055
-1.56395 -0.822357
-1.4315 -1.16183
-1.20845 -0.990853
-1.14028 -1.32233
-0.972127 -1.0076
-1.11665 -0.775409
-0.903332 -0.659653
-0.630268 -0.901936
-0.693091 -0.624436
-0.744379 -0.377687
-0.448122 -0.543922
-0.969983 -0.34489
-1.16233 -0.206729
-1.10598 -0.533872
-0.39488 -1.20834
-0.749639 -1.34704
-0.442134 -1.46646
-0.556405 -1.74464
-0.23584 -1.60927
-0.242564 -1.39673
-0.188079 -1.86126
-0.405118 -2.06807
-0.0799785 -2.07381
0.0717134 -1.92151
0.181835 -2.08538
0.404211 -2.10525
0.0170221 -2.23646
0.0506411 -2.3663
0.188661 -2.39503
0.102095 -2.47136
0.2975 -2.50135
0.146376 -2.54137
0.42474 -2.53209
0.241816 -2.56599
0.452836 -2.55531
0.674426 -2.54524
0.664277 -2.5649
0.724101 -2.58865
0.50471 -2.58976
0.436309 -2.61523
0.320106 -2.6529
0.0759373 -2.64503
0.227992 -2.61179
-0.100247 -2.64383
0.00407553 -2.60975
-0.296124 -2.6281
-0.140719 -2.54871
-0.401311 -2.58892
-0.359187 -2.51868
-0.135897 -2.44844
-0.336315 -2.41608
-0.147797 -2.33922
-0.315776 -2.31701
-0.213622 -2.21854
-0.405058 -2.23993
-0.615903 -2.21832
-0.522869 -2.34773
-0.759057 -2.32223
-0.699148 -2.4021
-0.571797 -2.47142
-0.764482 -2.4556
-0.750632 -2.51511
-0.575822 -2.56105
-0.744838 -2.58148
-0.611393 -2.62516
-0.851162 -2.60326
-0.816956 -2.63443
-0.687204 -2.66412
-0.464789 -2.65733
-0.29323 -2.65869
-0.260423 -2.65638
-0.575853 -2.68407
-0.149258 -2.68715
-0.436473 -2.6798
0.00847006 -2.64675
0.356522 -2.63815
0.160486 -2.6219
-0.182276 -2.6451
-0.072382 -2.612
-0.521743 -2.66499
-0.519591 -2.60243
-0.0787554 -2.56712
-0.0445018 -2.55071
-0.521668 -2.57969
0.158178 -2.51808
0.37699 -2.51923
0.635186 -2.47834
0.550781 -2.48781
0.850598 -2.44879
1.15509 -2.4472
0.810885 -2.47598
0.29845 -2.51543
0.546066 -2.49425
-0.160882 -2.54726
-0.0693908 -2.51656
-0.242215 -2.53153
-0.453526 -2.55057
-0.61072 -2.57885
-0.87106 -2.59829
-1.16823 -2.62058
-0.890032 -2.61509
-1.24493 -2.65766
-1.52827 -2.64356
-1.67049 -2.68596
-1.44562 -2.70053
-0.982205 -2.6765
-1.26611 -2.72406
-1.57563 -2.73663
-1.48308 -2.73028
-1.78019 -2.75496
-1.66791 -2.744
-1.93477 -2.78323
-1.88496 -2.75962
-1.66819 -2.74093
-1.50039 -2.73201
-1.50405 -2.7232
-1.7544 -2.73015
-1.47873 -2.67263
-1.61751 -2.63739
-1.35876 -2.56525
-1.2735 -2.63315
-1.185 -2.5672
-1.10278 -2.59153
-1.15483 -2.63967
-1.00661 -2.59434
-0.980073 -2.62408
-0.922012 -2.55438
-1.08668 -2.65115
-0.93656 -2.66775
-1.25668 -2.70433
-1.1359 -2.69608
-0.905316 -2.69768
-0.703529 -2.69646
-0.865982 -2.71334
-1.17851 -2.71621
-1.37667 -2.72292
-1.33707 -2.68944
-1.05321 -2.5307
-0.917003 -2.48254
-1.10897 -2.47403
-0.883781 -2.4071
-1.04237 -2.30296
-1.29121 -2.44557
-1.40267 -2.34528
-1.24577 -2.09336
-1.59998 -2.1996
-1.4509 -2.03436
-1.34561 -1.88834
-1.03965 -1.73585
-1.37315 -1.60216
-1.60363 -1.89672
-1.65028 -1.52415
-1.91689 -1.79193
-1.88368 -2.12182
-1.90495 -2.35878
-1.69891 -2.43652
-1.9892 -2.55204
-1.76379 -2.58807
-1.52341 -2.51265
-1.81175 -2.67817
-1.93717 -2.65175
-1.98724 -2.72015
-2.06414 -2.77073
-2.19178 -2.78124
-2.33767 -2.79553
-2.22408 -2.75726
-2.44915 -2.76851
-2.36565 -2.72036
-2.13821 -2.68101
-2.31761 -2.62081
-2.1743 -2.46477
-2.34638 -2.51702
-2.40011 -2.38343
-2.10657 -2.30031
-2.2005 -2.09352
-2.44124 -2.19775
-2.71508 -2.2678
-2.74561 -2.54916
-2.50719 -2.57112
-2.67548 -2.65345
-2.53102 -2.65484
-2.48954 -2.6991
-2.63574 -2.70844
-2.56515 -2.74392
-2.73969 -2.74595
-2.67547 -2.79131
-2.51371 -2.8007
-2.57824 -2.8244
-2.95271 -2.84459
-2.92059 -2.82553
-2.60877 -2.80666
-2.38585 -2.7824
-2.38749 -2.78653
-2.11731 -2.76807
-2.2331 -2.75245
-1.84957 -2.72935
-2.03353 -2.70006
-1.84305 -2.66913
-2.1291 -2.68394
-2.40444 -2.72004
-2.3448 -2.67967
-1.97994 -2.64725
-1.90146 -2.64867
-1.65267 -2.63241
-1.44807 -2.62044
-1.11556 -2.61445
-1.1666 -2.58622
-0.907535 -2.59428
-0.944342 -2.55693
-0.732317 -2.55869
-0.865446 -2.54587
-3.52636 -2.67915
-3.85643 -2.69594
-4.12338 -2.69631
-4.13867 -2.69327
-4.07603 -2.74356
-4.26949 -2.69141
-4.30053 -2.7267
-4.4689 -2.69758
-4.54037 -2.72129
-4.70587 -2.70257
-4.65345 -2.69373
-4.33676 -2.68297
-4.33171 -2.68859
-5.02666 -2.72088
-4.8549 -2.69742
-4.91961 -2.70949
-5.13861 -2.72369
-4.99289 -2.71109
-5.1277 -2.72554
-4.95956 -2.68187
-4.80328 -2.69373
-4.70298 -2.70946
-4.51831 -2.73843
-4.55663 -2.75908
-4.8278 -2.69613
-4.7492 -2.75158
-4.94767 -2.67923
-4.85267 -2.68851
-4.6899 -2.74826
-4.68256 -2.66626
-4.95559 -2.63458
-4.72135 -2.6256
-4.90014 -2.61335
-4.69849 -2.59163
-4.89827 -2.56433
-4.75339 -2.53234
-4.52117 -2.50358
-4.49516 -2.59814
-4.31677 -2.59821
-4.24287 -2.51897
-4.14054 -2.59605
-4.04086 -2.54163
-3.99359 -2.64007
-3.83439 -2.59853
-3.88562 -2.67902
-3.79492 -2.73765
-3.60121 -2.66253
-3.65319 -2.4449
-3.40567 -2.53076
-3.32239 -2.75691
-3.08855 -2.48344
-3.38576 -2.25627
-3.03867 -2.20203
-3.1946 -1.94922
-2.83042 -1.97387
-2.48307 -1.98796
-2.62118 -1.74078
-2.4299 -1.78172
-2.41088 -1.5845
-2.64139 -1.41426
-2.96031 -1.62439
-2.88408 -1.3093
-2.69448 -1.0541
-2.53346 -1.20922
-2.40999 -1.02964
-2.46874 -0.712175
-2.21614 -0.777061
-2.17177 -1.09915
-2.0732 -0.858802
-1.94471 -0.953289
-1.98124 -1.2842
-1.73551 -1.13948
-1.8565 -1.47012
-2.02944 -1.5625
-2.23047 -1.76142
-2.19872 -1.44135
-2.39316 -1.30472
-1.76373 -0.710559
-1.99335 -0.608784
-1.8215 -0.302997
-1.98823 -0.339904
-1.99059 -0.14096
-2.20916 -0.345965
-2.12303 0.0873505
-2.38511 0.0273998
-2.26915 0.325781
-2.28372 0.624212
-2.49728 0.368984
-2.77595 0.376585
-2.67277 0.0163723
-2.55846 -0.35103
-2.89503 -0.378972
-2.73397 -0.68904
-2.89134 -0.679013
-2.92567 -0.873002
-2.97972 -1.10344
-3.25052 -0.904941
-3.17509 -1.30145
-3.57633 -1.19347
-3.43262 -1.6091
-3.53202 -1.9506
-3.85564 -1.73469
-3.80028 -2.15382
-3.93677 -2.41047
-4.18159 -2.23673
-4.07323 -1.97156
-4.32998 -1.93643
-4.1685 -1.75256
-4.12671 -1.46838
-3.92684 -1.47898
-3.74824 -1.45682
-3.94731 -1.25541
-3.8799 -0.933488
-3.61121 -0.851048
-3.51409 -0.57932
-3.21637 -0.492047
-3.03042 -0.687683
-3.15472 -0.0846578
-2.91222 0.0496121
-4.15137 -1.02152
-4.36869 -0.830019
-4.35598 -1.22051
-4.15943 -1.23564
-4.38693 -1.6018
-4.60705 -1.37514
-4.5541 -1.02025
-4.76055 -1.01818
-4.57517 -0.660863
-4.76245 -0.458095
-4.55739 -0.257765
-4.64077 0.0875505
-4.48419 0.51102
-4.65387 0.570039
-4.47974 0.920319
-4.60674 1.01701
-4.4585 1.30254
-4.32907 1.54262
-4.42193 1.63659
-4.59514 1.42723
-4.48964 1.76965
-4.3651 1.94294
-4.27574 1.82309
-4.70524 1.06557
-4.73163 0.787349
-4.84129 0.849747
-4.8333 0.412343
-4.75768 0.208414
-4.85709 0.0487729
-4.8056 -0.121973
-4.92398 -0.283865
-4.85479 -0.349319
-4.89643 -0.521547
-4.92084 -0.831611
-5.00858 -0.651186
-5.08162 -1.07447
-4.94358 -1.20761
-4.85064 -1.53633
-5.05955 -1.52473
-4.98937 -1.78399
-4.87255 -1.9222
-4.6264 -1.82556
-4.74604 -2.14157
-4.48428 -2.17313
-4.63653 -2.33616
-4.84471 -2.33843
-4.97238 -2.17963
-5.05177 -2.37656
-4.90011 -2.47663
-4.73455 -2.44547
-5.08069 -2.52417
-5.02769 -2.58526
-5.16775 -2.59097
-5.05993 -2.63353
-5.20627 -2.62924
-5.1378 -2.64989
-5.01933 -2.65004
-5.14873 -2.67263
-5.02667 -2.67114
-5.20043 -2.72341
-5.34251 -2.69787
-5.30009 -2.65499
-5.46079 -2.6528
-5.44608 -2.61414
-5.5908 -2.57071
-5.57425 -2.53292
-5.52672 -2.50854
-5.5677 -2.40092
-5.48811 -2.37537
-5.41192 -2.52479
-5.33779 -2.40765
-5.26028 -2.52775
-5.30899 -2.58629
-5.19155 -2.44138
-5.21251 -2.32901
-5.31292 -2.25934
-5.21923 -2.14215
-5.37131 -2.04859
-5.24786 -1.88536
-5.3729 -1.67366
-5.43222 -1.83298
-5.45255 -1.99059
-5.45901 -2.16289
-5.39763 -2.27328
-5.55376 -2.18113
-5.51277 -1.97895
-5.57572 -1.89422
-5.54319 -1.69449
-5.48407 -1.82418
-5.47282 -1.53155
-5.56906 -1.26544
-5.61515 -1.56811
-5.63585 -1.20467
-5.6503 -0.748217
-5.55183 -0.855077
-5.57287 -0.462081
-5.51007 -0.567994
-5.45696 -0.865869
-5.4918 -1.2032
-5.42494 -1.30012
-5.36146 -1.02194
-5.36177 -0.652534
-5.30142 -0.817951
-5.27257 -0.549298
-5.23576 -0.746721
-5.24859 -1.04315
-5.13933 -0.747056
-5.18141 -0.496266
-5.06354 -0.391595
-5.13259 -0.129445
-4.97398 0.00570813
-5.00622 0.379721
-5.18312 0.223737
-5.06855 0.497491
-4.99664 0.799065
-4.85934 1.25591
-5.00012 1.17881
-5.01888 1.46383
-5.11883 1.12405
-5.09644 0.846557
-5.1874 0.832215
-5.20166 0.565983
-5.10573 0.584172
-5.3331 0.252426
-5.33893 -0.103332
-5.26551 -0.254543
-5.34894 -0.378817
-5.43038 -0.411147
-5.31816 -0.464404
-5.4206 -0.0483436
-5.50529 -0.245429
-5.47106 0.0680682
-5.40589 0.148405
-5.41291 0.324143
-5.31293 0.668429
-5.42797 0.534745
-5.40176 0.815291
-5.2829 1.08112
-5.21713 0.977238
-5.18874 1.1938
-5.18052 1.41059
-5.26828 1.40941
-5.15852 1.70794
-5.11646 1.37877
-5.24579 1.73168
-5.35689 1.42723
-5.37878 1.12977
-5.44347 1.17575
-5.47295 0.918291
-5.51397 0.603954
-5.55173 0.902238
-5.59634 0.52463
-5.5746 0.270164
-5.49481 0.289192
-5.56106 -0.0543159
-5.62739 -0.0072319
-5.62835 -0.31087
-5.68694 -0.298432
-5.70772 -0.632222
-5.68709 -0.940358
-5.73506 -0.912698
-5.68187 -1.19275
-5.64218 -1.47052
-5.68965 -1.39178
-5.68969 -1.61984
-5.62805 -1.79148
-5.5873 -2.02659
-5.62994 -2.00861
-5.60316 -2.15564
-5.62281 -2.29504
-5.63169 -2.43314
-5.66395 -2.32241
-5.66467 -2.16972
-5.70978 -2.26779
-5.67802 -2.38337
-5.71267 -2.37555
-5.65729 -2.4582
-5.64602 -2.51356
-5.6011 -2.57211
-5.55773 -2.62882
-5.63751 -2.58112
-5.54147 -2.67383
-5.48135 -2.70213
-5.31792 -2.72138
-5.40973 -2.72533
-5.33017 -2.69701
-5.70897 -2.44471
-5.72413 -2.07526
-5.73022 -1.8973
-5.70694 -1.73594
-5.68696 -1.96629
-5.66114 -1.83648
-5.74049 -1.43393
-5.78544 -1.00553
-5.78025 -0.840258
-5.78072 -0.701368
-5.77301 -0.880455
-5.76491 -0.63186
-5.78191 -0.552966
-5.80508 -0.455947
-5.79318 -0.387913
-5.82745 -0.220461
-5.81416 -0.236459
-5.81449 -0.122234
-5.80064 0.0131007
-5.78235 0.393632
-5.75748 0.538143
-5.77919 0.634654
-5.72028 0.711522
-5.74573 0.814728
-5.736 0.962303
-5.71874 1.06082
-5.68943 1.07336
-5.69315 1.15304
-5.66299 1.23829
-5.687 1.2611
-5.72045 1.14011
-5.719 1.23291
-5.76529 1.16163
-5.72386 1.28884
-5.69809 1.40218
-5.62617 1.74368
-4.97602 3.63057
-4.87832 3.83871
-4.88003 3.69467
-4.77167 3.93616
-4.71721 3.92209
-4.87787 3.56606
-4.79439 3.62096
-4.9189 3.32419
-4.84525 3.29888
-4.98815 3.08173
-4.9652 2.93407
-4.84192 3.05838
-4.88636 2.76753
-4.75739 2.86258
-4.95631 2.77473
-5.04324 2.49886
-5.11612 2.23218
-5.20388 2.18728
-5.07815 2.59517
-5.21709 2.39525
-5.33134 2.0513
-5.33755 1.83271
-5.2666 1.88119
-5.19108 2.01402
-5.33034 1.66614
-5.41859 1.49902
-5.42303 1.74269
-5.50048 1.46598
-5.50028 1.23841
-5.57785 1.17923
-5.6219 0.905705
-5.62633 0.690964
-5.65003 0.697043
-5.6696 0.411943
-5.6324 0.258299
-5.68975 0.0673068
-5.70946 0.1269
-5.71671 -0.120943
-5.72776 -0.36606
-5.73539 -0.257295
-5.74478 -0.0280142
-5.77582 -0.25848
-5.74561 -0.527529
-5.76915 -0.513602
-5.76323 -0.762188
-5.76631 -1.09674
-5.71596 -1.20877
-5.79261 -0.155436
-5.77599 0.0402659
-5.7819 0.14759
-5.78284 0.270929
-5.74001 0.497807
-5.73825 0.279371
-5.68888 0.612267
-5.70246 0.67351
-5.6733 0.861808
-5.69583 0.966834
-5.65135 1.10481
-5.62471 1.1016
-5.61428 1.33789
-5.6107 1.52234
-5.63851 1.47291
-5.59489 1.67789
-5.5924 1.71035
-5.54621 1.86538
-5.54781 1.79564
-5.48046 2.06721
-5.46178 2.02999
-5.41037 2.25787
-5.40494 2.23855
-5.4395 2.0134
-5.51377 1.7807
-5.46701 1.85699
-5.48275 1.70339
-5.57118 1.45394
-5.57732 1.58331
-5.42321 1.93331
-5.34236 2.23022
-5.32093 2.44365
-5.36563 2.41094
-5.29069 2.59043
-5.23991 2.62926
-5.1913 2.81846
-5.25915 2.74945
-5.36602 2.48841
-5.09015 3.29101
-5.06258 3.46036
-5.00314 3.48501
-5.03259 3.32868
-4.95665 3.48428
-4.98019 3.32529
-5.05172 3.1828
-5.0674 3.03995
-5.12653 3.04059
-5.09041 3.18568
-5.13689 3.09031
-5.17832 2.92775
-5.1644 2.75789
-5.10064 2.76556
-5.242 2.54107
-5.51559 2.0214
-5.56751 1.89927
-5.62259 1.60825
-5.65542 1.51902
-5.68725 1.32898
-5.65461 0.840584
-5.74021 1.2289
-5.47358 -2.69562
-5.21546 -0.363105
-4.74397 1.23567
-5.19885 -1.40254
-5.18084 -1.67866
-5.11297 -1.87022
-5.27278 -1.62053
-5.17126 -2.0158
-5.10134 -2.08898
-5.00956 -1.98358
-5.11372 -2.23939
-5.32333 -1.36283
-5.47125 -1.35628
-4.4654 -2.35143
-4.31731 -2.40398
-4.36056 -2.30118
-4.13988 -2.43416
-2.98318 -2.70678
-2.81399 -2.67921
-2.84999 -2.7374
-2.89119 -2.78115
-2.75734 -2.71324
-3.08924 -2.81633
-3.26037 -2.84883
-3.21602 -2.82803
-3.44093 -2.84018
-3.48551 -2.82998
-3.20454 -2.80807
-3.32441 -2.79045
-3.03509 -2.79461
-2.79057 -2.77069
-2.77843 -2.76378
-2.54332 -2.77861
-2.70435 -2.71874
-3.1366 -2.74196
-2.83362 -2.69488
-2.50561 -2.67264
-2.28148 -2.65584
-2.58042 -2.66871
-2.47255 -2.63982
-2.84489 -2.6592
-2.00193 -2.62424
-1.82103 -2.62037
-1.65901 -2.62353
-1.43951 -2.59634
-1.23976 -2.57728
-1.05176 -2.56046
-3.16832 -2.69145
-3.40201 -2.70918
-3.49843 -2.7516
-3.45362 -2.79259
-3.69679 -2.80794
-3.57376 -2.81489
-3.87798 -2.83446
-3.98201 -2.79733
-3.75962 -2.7423
-4.16138 -2.7643
-4.27666 -2.78501
-4.25546 -2.80254
-4.00088 -2.78746
-3.72948 -2.84533
-3.9406 -2.8089
-3.88393 -2.82214
-4.04148 -2.77506
-4.02961 -2.78178
-4.17798 -2.74787
-4.17929 -2.73906
-4.32546 -2.7119
-4.31165 -2.6943
-4.49297 -2.65895
-4.45962 -2.71622
-4.30563 -2.73929
-4.35763 -2.78215
-4.18669 -2.74858
-4.17028 -2.77404
-4.5365 -2.78947
-4.55712 -2.75613
-4.06391 -2.77371
-4.35597 -2.64271
-4.18061 -2.71063
-4.13984 -2.66709
-4.0479 -2.72823
-4.03703 -2.7597
-3.93501 -2.75392
-3.95795 -2.70665
-3.86928 -2.796
-3.73808 -2.79767
-3.60928 -2.80417
-3.71691 -2.83459
-3.51196 -2.85176
-4.55766 -2.62591
-0.816041 -2.06548
-0.808194 -2.23329
-0.924473 -2.63981
-1.63372 1.66266
-4.65205 2.12393
-4.7513 2.33704
-4.29894 4.65785
-3.49731 5.76906
-3.36587 5.80783
-3.56453 5.56203
-3.38825 5.6301
-3.30272 5.54585
-3.73605 5.26267
-3.66905 5.6167
-3.88491 4.97228
-4.02776 4.64504
-4.11415 4.32303
-3.99847 3.93708
-3.31348 3.77699
-3.60535 3.62294
-3.53539 3.39725
-0.290381 3.46898
-0.59269 3.34432
-0.295646 3.06272
-0.655085 3.05719
-0.809046 3.26231
-0.931962 3.07361
-0.77646 2.77072
-0.493433 2.81248
-0.202602 2.66782
0.135289 2.45996
-0.148644 2.2996
3.51549 1.72181
3.52468 1.63617
