-5.62617 1.74368
-5.06258 3.46036
-4.87832 3.83871
-4.77087 4.05798
-4.66899 4.26142
-3.86563 5.44259
-3.3575 5.97949
-2.83047 6.32961
-2.60718 6.44613
-2.08373 6.66241
-1.04781 6.83503
-0.478879 6.81645
0.131922 6.73516
0.469034 6.60199
0.696342 6.50398
1.53374 5.96668
1.91072 5.51093
2.03862 5.35262
2.38368 4.90109
3.14232 2.99707
3.30232 2.54984
3.42865 2.18353
3.56056 1.58466
3.7436 0.43444
3.77036 -0.0642594
3.74386 -0.381889
3.64473 -1.17998
3.49488 -1.86587
3.44052 -2.019
3.25777 -2.24946
3.12549 -2.35896
2.96674 -2.42425
2.17006 -2.53403
1.84645 -2.5599
-0.149258 -2.68715
-2.57824 -2.8244
-2.95271 -2.84459
-3.26037 -2.84883
-3.51196 -2.85176
-3.72948 -2.84533
-4.5365 -2.78947
-5.40973 -2.72533
-5.48135 -2.70213
-5.54147 -2.67383
-5.63751 -2.58112
-5.70897 -2.44471
-5.71267 -2.37555
-5.82745 -0.220461
-5.76529 1.16163
