-0.0287104 -1.47659
-0.32926 -1.51264
-0.746247 -1.54334
-1.10913 -1.55061
-1.51309 -1.53963
-2.07902 -1.46162
-1.9852 -1.51835
-1.78892 -1.52771
-1.85817 -1.55979
-2.16814 -1.46167
-2.18784 -1.44602
-2.3882 -1.37309
-2.33985 -1.40885
-2.28545 -1.43011
-2.48456 -1.37561
-2.31743 -1.44016
-2.08808 -1.50743
-2.15594 -1.49854
-1.93395 -1.53559
-2.01982 -1.51227
-2.17477 -1.46463
-1.9945 -1.47666
-1.79253 -1.52726
-1.80602 -1.48932
-1.97353 -1.4597
-2.17193 -1.43063
-2.19619 -1.40822
-2.33647 -1.38914
-2.34036 -1.38794
-2.34245 -1.38193
-2.20996 -1.38024
-2.33136 -1.39669
-2.28362 -1.39011
-2.10096 -1.39901
-2.08217 -1.37773
-1.90729 -1.40101
-1.85762 -1.35716
-1.67381 -1.40178
-1.60281 -1.34051
-1.43063 -1.38226
-1.50068 -1.43679
-1.26268 -1.43586
-1.40866 -1.46615
-1.04142 -1.48621
-1.27838 -1.50867
-1.05235 -1.51769
-0.789404 -1.50875
-1.11034 -1.53447
-0.85283 -1.52471
-0.601706 -1.50214
-0.696949 -1.52349
-0.452877 -1.51296
-0.741617 -1.51033
-0.55023 -1.51238
-0.184828 -1.502
-0.0979462 -1.52065
-0.34277 -1.47226
-0.11244 -1.4712
0.0356379 -1.48665
0.135759 -1.49092
0.200561 -1.44629
-0.00821781 -1.46151
0.110353 -1.36623
0.291758 -1.35952
0.245327 -1.25612
0.0328369 -1.2448
0.202515 -1.14589
0.0407486 -1.06997
0.206192 -1.02946
0.141623 -0.928955
-0.0336123 -0.962147
0.0513315 -0.823901
-0.239046 -0.970844
-0.157259 -1.09185
-0.35765 -1.16474
-0.247195 -1.23634
-0.0980473 -1.17995
-0.145859 -1.29981
-0.146466 -1.41528
-0.305445 -1.36347
-0.406385 -1.43776
-0.342065 -1.46012
-0.22441 -1.48028
-0.481883 -1.47547
-0.540828 -1.47551
-0.716379 -1.47798
-0.514021 -1.47467
-0.698931 -1.44844
-0.853072 -1.46298
-1.00412 -1.45117
-1.0084 -1.37204
-1.20436 -1.39678
-1.33923 -1.34129
-1.29941 -1.27745
-1.5157 -1.27786
-1.58309 -1.19113
-1.78065 -1.27333
-1.8144 -1.20327
-1.87004 -1.15065
-1.76868 -1.12308
-1.65856 -1.07287
-1.96419 -1.05023
-1.84018 -0.942413
-1.52033 -0.934141
-1.78291 -0.828349
-1.64529 -0.781971
-1.4396 -0.795581
-1.591 -0.672264
-1.31756 -0.635384
-1.24478 -0.806033
-1.30535 -0.894272
-1.10904 -0.905397
-1.05833 -0.768084
-0.872404 -0.868583
-0.834786 -0.731731
-0.991808 -0.624425
-0.809242 -0.642482
-0.779581 -0.528468
-0.66124 -0.644063
-0.477034 -0.457505
-0.482405 -0.661292
-0.303534 -0.608222
-0.106071 -0.456937
-0.122707 -0.657816
0.137715 -0.577776
0.199383 -0.375254
0.00499153 -0.247368
-0.241331 -0.237862
-0.0808935 0.00785604
0.234828 -0.108245
0.148624 0.241269
0.409843 0.116445
0.378484 0.479944
0.077589 0.692598
0.385897 0.914761
0.623979 0.721512
0.675698 1.22162
0.840414 0.940499
0.861044 0.574617
1.07458 0.911824
1.00527 1.36213
1.17326 1.25455
1.31451 1.63891
1.33317 1.13514
1.47772 1.40975
1.52828 1.18673
1.52277 0.880671
1.69846 1.11001
1.63305 1.37503
1.86774 1.44321
1.59778 1.68783
1.77915 2.02241
1.5235 2.17755
1.70944 2.58706
1.91926 2.27916
2.04369 1.86208
2.11851 2.24631
1.94998 2.56568
2.13344 2.66283
1.87191 2.93527
2.03979 3.13847
2.26752 2.87686
2.37585 2.48456
2.45231 2.6778
2.61572 2.25031
2.58179 2.69176
2.3782 3.04891
2.55097 3.02257
2.35168 3.45746
2.58285 3.24148
2.68881 2.93237
2.79972 3.00113
2.80434 2.64573
2.95933 2.48058
2.97109 2.7882
3.11281 2.47777
3.04558 2.91108
2.90942 3.05764
2.93814 3.24331
2.80152 3.32256
2.82058 3.52303
2.96031 3.44393
2.80229 3.7496
2.95902 3.66585
2.82544 3.98197
2.63748 4.1262
2.75953 4.27899
2.63288 4.44481
2.72215 4.53126
2.59609 4.70639
2.76509 4.77835
2.8658 4.3951
2.95572 4.57244
2.98709 4.84422
3.00647 4.67551
3.74226 -0.525825
3.81587 -0.287204
3.77521 -0.341161
3.85115 -0.152725
3.81185 -0.161054
3.87142 -0.0211927
3.85644 0.0532825
3.9049 0.266192
3.85613 0.251514
3.90704 0.461944
3.92743 0.386248
3.94879 0.490789
3.93188 0.653873
3.98026 0.671066
3.97024 0.906037
3.89001 0.726384
3.90382 1.06192
3.95967 1.10287
3.91955 1.68022
3.67479 2.96517
3.74554 2.76777
3.83535 2.56505
3.96996 2.43605
3.97031 2.24537
3.86169 2.24668
3.7412 2.24907
3.77821 2.03899
3.849 1.87552
3.87612 1.66495
3.8374 1.54439
3.84601 1.39672
3.79019 1.45227
3.77144 1.6872
3.68804 1.71556
3.70923 1.91421
3.80244 1.8143
3.73047 2.0492
3.79341 1.94704
3.64701 2.17239
3.69054 2.22215
3.61657 2.4183
3.67358 2.50084
3.7772 2.43615
3.6936 2.65334
3.8813 2.38813
3.56853 2.73346
3.60957 2.90332
3.51419 2.99044
3.53704 3.09487
3.5789 3.08889
3.50219 3.24561
3.58752 3.21077
3.48613 3.3935
3.38742 3.45922
3.44773 3.19444
3.34634 3.34497
3.43597 2.99422
3.26713 3.28971
3.33864 2.9484
3.43862 2.717
3.51787 2.65571
3.53858 2.40226
3.61354 2.05403
3.50494 2.21586
3.59058 1.93052
3.58724 1.67135
3.69893 1.31339
3.60577 1.44433
3.53994 1.533
3.47529 1.76475
3.43448 1.51823
3.57814 1.24591
3.4794 1.07985
3.57578 0.844454
3.65087 0.960883
3.7285 0.985676
3.77787 1.0988
3.78868 0.893407
3.82685 1.06937
3.79563 1.23815
3.85071 1.2583
3.8494 0.881713
3.8126 0.678687
3.84616 0.464716
3.78131 0.47585
3.72156 0.678197
3.72717 0.379205
3.62492 0.409215
3.61578 0.699813
3.60378 0.625509
3.56098 0.55796
3.48995 0.720085
3.48828 0.391635
3.56071 0.373667
3.55809 0.170717
3.63785 0.112166
3.71284 0.155258
3.64348 -0.0681738
3.74445 -0.0577402
3.79208 0.23642
3.80533 0.0638782
3.77666 -0.125892
3.74448 -0.354845
3.72075 -0.262662
3.6733 -0.407986
3.64443 -0.564787
3.70678 -0.543164
3.61951 -0.694832
3.53863 -0.859091
3.41431 -0.906545
3.53418 -0.738722
3.43106 -0.733342
3.55082 -0.624557
3.5224 -0.541866
3.6161 -0.503078
3.62304 -0.31772
3.49804 -0.41983
3.38704 -0.600393
3.39101 -0.379869
3.53204 -0.214942
3.45172 -0.168263
3.51335 -0.0472266
3.43665 0.0612828
3.57174 -0.019431
3.37128 0.326264
3.29345 0.0437043
3.34094 -0.194201
3.19647 -0.203179
3.22288 -0.428611
3.28031 -0.562555
3.15001 -0.638645
3.235 -0.718809
3.30964 -0.774255
3.28924 -0.891817
3.18335 -0.877854
3.14461 -1.02655
3.26744 -1.0083
3.33698 -1.02061
2.6786 -1.23382
2.9334 -1.22797
2.73493 -1.26948
2.63926 -1.2673
2.47153 -1.28807
2.52031 -1.28254
2.71261 -1.25955
2.49229 -1.2177
2.70152 -1.2052
2.87863 -1.22115
2.81077 -1.11026
2.98966 -1.11411
3.05395 -1.15567
2.9955 -0.98453
2.81652 -1.00598
2.66274 -1.05692
2.60384 -1.14239
2.51406 -1.09329
2.51816 -1.01772
2.69364 -0.958923
2.54101 -0.920955
2.70419 -0.832976
2.54985 -0.814856
2.41221 -0.868598
2.40382 -0.719815
2.66453 -0.673138
2.57229 -0.514165
2.34667 -0.497226
2.53746 -0.296082
2.30609 -0.198196
2.5206 -0.0317175
2.31991 0.171105
2.52547 0.272392
2.35334 0.488799
2.51492 0.645471
2.28567 0.869528
2.05191 0.55036
2.06587 1.04484
2.19166 1.35634
2.46773 1.16004
2.37646 1.73429
2.50488 1.40909
2.64895 1.33692
2.70018 0.788193
2.82673 0.987097
2.87075 0.68984
2.98592 0.880605
2.87477 1.27858
3.04629 1.32758
2.88599 1.61019
2.98686 1.71909
2.84792 1.99669
2.75438 1.8387
2.76584 2.3995
2.87889 2.18531
2.98128 2.05573
2.88581 2.34186
3.11353 2.0873
3.13011 1.66993
3.2341 1.78769
3.25725 1.50706
3.32364 1.57591
3.34987 1.25132
3.32629 1.8172
3.39788 1.84182
3.32221 2.07407
3.40003 2.00557
3.48301 1.98789
3.35861 2.33483
3.40667 2.57228
3.27571 2.79887
3.14348 3.26781
3.14379 2.96597
3.20006 2.64301
3.04344 3.17157
3.25437 2.33085
3.22916 2.09501
3.20822 1.26585
3.27974 0.931119
3.39403 0.863989
3.40989 0.579824
3.32083 0.612456
3.22936 0.333042
3.22001 0.668277
3.15016 0.933891
3.11202 0.563556
2.96382 0.441018
3.06729 0.181977
3.16951 0.0180135
3.03832 -0.190659
3.09795 -0.384825
2.95934 -0.489576
3.06677 -0.553729
2.97008 -0.618602
3.00112 -0.704019
3.07779 -0.806966
2.88486 -0.866372
2.85626 -0.686963
2.81341 -0.553387
2.72695 -0.495988
2.85966 -0.354239
2.71724 -0.312793
2.8617 0.00845471
2.68949 -0.107582
2.75976 0.0167183
2.77091 0.158451
2.67123 0.0922965
2.68094 0.375175
2.82034 0.395982
2.68541 2.73769
2.6111 1.80576
2.46141 2.114
2.76283 1.56647
2.29564 2.26287
1.89174 0.983826
1.75714 0.738685
1.79738 0.472238
1.81143 0.19638
2.08239 0.0348275
1.84105 -0.180665
2.08283 -0.24906
2.17257 -0.406431
1.96187 -0.423831
2.10928 -0.597494
2.26102 -0.652162
2.16291 -0.75133
2.21246 -0.885979
1.98955 -0.860188
1.97777 -0.742174
1.77022 -0.820175
1.84749 -0.621037
1.5749 -0.665565
1.68338 -0.393154
1.68751 -0.233654
1.52754 -0.072417
1.33741 -0.436085
1.20188 -0.137788
1.26271 0.0711899
0.975887 0.147652
1.25101 0.32343
1.39154 0.173984
1.54319 0.418681
1.29391 0.690051
1.0805 0.515564
0.639804 0.315518
0.647274 -0.0395516
0.937774 -0.327116
0.525436 -0.319331
0.767153 -0.497714
0.947422 -0.611501
1.13105 -0.629713
1.34152 -0.717693
1.18132 -0.877989
1.5045 -0.90294
1.34283 -1.00249
1.46616 -1.0722
1.24051 -1.10537
1.42564 -1.20003
1.23003 -1.25344
1.32528 -1.32813
1.56949 -1.23553
1.56848 -1.18451
1.61421 -1.13314
1.70087 -1.17659
1.83949 -1.10957
1.70354 -1.02256
1.98359 -0.989001
1.82662 -0.933965
1.69647 -0.930829
2.10883 -1.07942
2.1646 -0.98459
2.33533 -0.982266
2.3356 -1.08801
2.13295 -1.16982
2.27057 -1.15129
2.42013 -1.13732
2.28753 -1.17928
2.29527 -1.25299
2.40291 -1.28236
2.30656 -1.30354
2.1587 -1.30635
2.05425 -1.35613
2.25344 -1.31743
2.37615 -1.2897
2.03906 -1.31409
2.13115 -1.31392
2.37229 -1.26195
2.14769 -1.27655
1.7958 -1.32181
1.49793 -1.38305
1.75328 -1.33635
1.94756 -1.31441
1.9377 -1.33064
1.74478 -1.36092
1.91898 -1.3359
1.72483 -1.34888
1.51072 -1.39493
1.62354 -1.36847
1.1829 -1.41377
1.11261 -1.40106
0.917118 -1.42561
0.877328 -1.43995
1.06864 -1.44562
0.724765 -1.4625
1.00587 -1.48147
0.753723 -1.48479
0.88014 -1.49436
1.0475 -1.48277
1.25883 -1.47267
1.22851 -1.45705
1.46773 -1.46223
1.50487 -1.44476
1.77071 -1.42694
1.6455 -1.39673
1.9273 -1.33148
1.74838 -1.26015
1.97585 -1.23387
2.13037 -1.22653
1.89956 -1.18138
2.13253 -1.26582
2.01606 -1.35751
1.72841 -1.20495
1.53459 -1.33745
1.39837 -1.42132
1.20079 -1.4034
1.03389 -1.42455
1.09022 -1.37802
1.17492 -1.36639
1.10826 -1.31311
0.965906 -1.34635
0.939168 -1.25592
1.06725 -1.19552
0.918753 -1.13004
1.0135 -1.0175
1.03716 -0.898615
0.982211 -0.786478
1.06036 -0.735887
0.814851 -0.660356
0.859764 -0.793751
0.960338 -0.884253
0.885013 -0.904001
0.86666 -1.0022
0.787223 -0.904513
0.780002 -0.822017
0.625762 -0.829669
0.741282 -0.975267
0.592763 -0.976504
0.705543 -1.07456
0.81744 -1.07
0.815076 -1.17083
0.673672 -1.18532
0.787199 -1.29326
0.594848 -1.29227
0.653254 -1.38303
0.839585 -1.40006
0.896985 -1.46941
0.698766 -1.46517
0.519217 -1.45963
0.442435 -1.49284
0.570133 -1.4843
0.6416 -1.48172
0.518843 -1.47818
0.511306 -1.46498
0.499775 -1.44927
0.659468 -1.43236
0.494946 -1.42068
0.708896 -1.43107
0.591124 -1.43194
0.707705 -1.44165
0.453544 -1.44385
0.393497 -1.44259
0.769393 -1.4102
1.02071 -1.38161
0.555694 -1.41363
0.233048 -1.44934
0.0391045 -1.47823
0.125875 -1.47095
-0.158307 -1.50465
0.102318 -1.48365
0.265676 -1.46803
0.27013 -1.44023
0.0290642 -1.47062
0.315454 -1.44254
0.329767 -1.44811
0.133538 -1.46518
0.357081 -1.47483
0.163912 -1.4987
0.325877 -1.50094
-0.508095 -1.54018
-0.533167 -1.5502
-0.887964 -1.56885
-0.864308 -1.57883
-0.86646 -1.57086
-1.15841 -1.59718
-1.20058 -1.58966
-1.00275 -1.54173
-0.873494 -1.51841
-1.06807 -1.53898
-1.22394 -1.56462
-1.31739 -1.54691
-1.39586 -1.5222
-1.64647 -1.47742
-1.58113 -1.51993
-1.46979 -1.57838
-1.67603 -1.59145
-1.42052 -1.6058
-1.53976 -1.58275
-1.25176 -1.55601
-1.83012 -1.58087
0.437571 -1.39652
0.420859 -1.28337
0.528893 -1.21589
0.382092 -1.17194
0.540884 -1.10193
0.403364 -1.0711
0.462908 -1.00062
0.319427 -0.96729
0.445344 -0.886468
0.253343 -0.820445
0.399009 -0.749998
0.512741 -0.66019
0.704908 -0.71656
0.618527 -0.562251
0.387387 -0.513892
0.331557 -0.636433
0.203094 -0.714935
0.028759 -0.712146
0.174727 -0.770258
-0.155885 -0.805216
-0.383456 -0.790111
-0.305371 -0.882064
-0.462224 -0.961284
-0.50176 -1.111
-0.703432 -1.08231
-0.665007 -0.938202
-0.640586 -0.780722
-0.960432 -1.02551
-0.918859 -1.17617
-0.700367 -1.19545
-0.821321 -1.2934
-0.575151 -1.25875
-0.435949 -1.30872
-0.667038 -1.37044
-0.494061 -1.39446
-1.09514 -1.2497
-1.27429 -1.11821
-1.30501 -1.21593
-1.22752 -0.985246
0.447362 -0.0984288
0.302905 -1.08287
1.80378 -1.36611
1.58101 -1.39916
1.65966 -1.3992
1.31616 -1.43978
1.49074 -1.42054
1.31368 -1.43728
2.11325 -1.31176
3.17208 3.42837
3.18973 3.504
3.09034 3.61869
3.16154 3.64622
3.25475 3.48711
3.25914 3.59212
3.16179 3.77698
3.24265 3.77047
3.10065 3.97366
3.155 4.00997
3.0317 4.24493
3.15808 4.09496
3.24754 3.89315
3.29296 3.9262
3.18952 4.16166
3.10291 4.26853
3.13879 4.34008
3.52153 3.40717
3.54445 3.49174
3.39222 3.62988
3.43492 3.70225
3.04334 4.41331
3.04951 4.54665
2.97738 4.10063
3.0637 3.84842
2.95417 3.90128
2.86695 4.14158
2.7939 5.10531
2.664 5.05155
2.58871 4.93719
2.50436 5.16516
2.42856 4.94608
2.47387 4.55353
2.28649 4.81094
2.22287 5.12241
2.31506 5.24671
2.15826 5.35346
2.2108 5.46871
2.03775 5.55529
2.12849 5.65899
1.99799 5.74465
2.0594 5.85016
1.88986 5.88026
1.91462 6.0182
2.05182 6.00326
1.80243 6.16345
1.65007 6.20236
1.73633 6.03136
1.52145 6.09529
1.62102 5.93954
1.75511 5.84177
1.88717 5.71687
1.76821 5.63846
1.8986 5.54839
1.99785 5.29996
1.82669 5.45254
1.83152 5.26855
1.96031 5.01707
2.1272 4.99568
2.15491 4.65277
2.32251 4.54869
2.28725 4.43785
2.42097 4.2636
2.54577 3.96575
2.6721 3.77474
2.58852 3.75019
2.70059 3.57742
2.59725 3.51187
2.42794 3.93294
2.37219 3.73619
2.48076 3.49262
2.13563 3.95977
2.25842 4.05392
2.10023 4.34382
1.90701 4.3571
1.89874 4.73036
1.71211 4.66491
1.70409 4.91889
1.77171 5.09054
1.61243 5.12714
1.64355 5.42704
1.4645 5.24384
1.53216 4.9365
1.36005 5.09905
1.34594 4.82182
1.55779 4.64393
1.71167 4.36568
1.50219 4.39038
1.7135 4.0584
1.90667 4.04228
1.89441 3.768
2.08068 3.6979
2.03364 3.54944
2.18771 3.388
2.07931 3.35793
2.19746 3.17335
1.92069 3.49238
1.78986 3.36498
1.73162 3.73186
1.57099 3.6489
1.60049 3.16479
1.51791 2.82757
1.34661 3.08568
1.38753 3.58114
1.17379 3.55928
1.20659 3.98103
1.00662 3.99164
1.01189 4.42902
0.873736 4.28523
0.790314 4.55471
0.826721 4.77798
0.601163 4.87843
0.747327 5.09709
0.985149 4.89626
0.883689 5.30396
1.01021 5.13015
1.1275 5.0111
1.17268 4.78023
1.29297 4.53045
1.39095 4.24995
1.54748 4.01693
1.39106 3.97213
1.23802 4.30222
1.13699 4.59521
1.2278 5.12049
1.07765 5.29535
1.2723 5.3622
1.1225 5.55225
1.28361 5.71245
1.42373 5.48917
1.48005 5.66408
1.61785 5.74653
1.45454 5.8883
1.31685 5.91747
1.34307 6.05072
1.19576 5.9694
1.20708 6.16956
0.975837 6.10658
1.06285 5.80064
0.862343 5.84325
0.959786 5.57291
0.796738 5.61359
0.647458 5.47676
0.649338 5.84284
0.462126 5.73387
0.466181 5.97296
0.558193 6.11949
0.74915 6.0812
0.644217 6.27087
0.791427 6.24533
0.719613 6.36322
0.583865 6.4253
0.7035 6.4716
0.863132 6.35731
0.811109 6.51305
0.973154 6.44858
0.555634 6.6511
0.673247 6.56868
0.556216 6.54937
0.392961 6.63216
0.412694 6.50624
0.445902 6.33044
0.248331 6.45511
0.219969 6.59358
0.0148897 6.54278
0.00774288 6.68148
0.206919 6.71118
-0.144279 6.63272
-0.347492 6.63028
-0.513895 6.57192
-0.327239 6.54141
-0.190759 6.56306
-0.167992 6.44296
0.0855026 6.38146
-0.0554895 6.26928
0.162865 6.19893
0.269116 6.31614
0.367544 6.15752
0.266705 5.94746
-0.00443077 6.06281
0.0763159 5.76567
0.287804 5.66133
0.440311 5.46121
0.261264 5.4306
0.405347 5.18844
0.565387 5.2274
0.375176 4.94662
0.445274 4.63718
0.647645 4.56578
0.618322 4.37786
0.749452 4.37035
0.759785 4.06403
0.435885 4.24215
0.574198 3.90056
0.74818 3.73008
0.934673 3.59326
0.787788 3.4921
0.858747 3.20861
1.07445 3.06705
0.841908 2.71075
1.04034 2.59567
1.21921 2.65419
1.08519 2.24043
1.30381 2.23862
1.11724 1.85224
1.43997 2.41837
1.39928 2.64452
1.52027 2.55018
0.868864 1.81092
0.582721 1.64169
0.65772 2.14334
0.911529 2.29732
0.544743 2.61104
0.678134 3.0301
0.441683 3.01522
0.554394 3.27112
0.275853 3.37217
0.578661 3.57323
0.710436 3.32208
0.266386 3.86823
-0.0853014 3.62422
-0.128216 4.06344
0.143683 4.23795
-0.0556107 4.39015
-0.311521 4.36201
-0.167331 4.6363
0.152838 4.56569
-0.00820351 4.8962
0.234709 4.84683
0.173935 5.15022
-0.139904 5.21584
0.0489902 5.47908
0.178464 5.59023
-0.105433 5.65915
-0.202409 5.8952
-0.340458 5.63488
-0.166296 5.48123
-0.341442 5.37757
-0.388283 5.16517
-0.347484 4.90687
-0.592738 5.02735
-0.549685 5.26584
-0.771688 5.14507
-0.718082 5.38931
-0.951825 5.25242
-0.8876 5.52859
-1.1288 5.36788
-1.05626 5.63627
-1.27746 5.53132
-1.14456 5.8561
-0.816207 5.82641
-0.873056 6.11213
-1.1747 6.12568
-0.990178 6.30107
-0.77802 6.3052
-0.594842 6.2152
-0.59906 6.37854
-0.839733 6.43563
-0.653383 6.50248
-0.429669 6.46307
-0.316612 6.2791
-1.06349 6.43358
-1.22208 6.30457
-1.2443 6.42916
-1.45422 6.31307
-1.6353 6.11814
-1.40906 6.14767
-1.57487 6.00746
-1.41454 5.92677
-1.60666 5.85919
-1.69497 5.90099
-1.70496 5.98747
-1.84024 5.86102
-1.78226 5.71895
-2.02268 5.64023
-2.03148 5.81841
-2.24296 5.60413
-1.7981 5.99043
-1.89044 5.90931
1.28071 6.32721
1.48936 6.28367
1.3676 6.1932
1.07581 6.31345
1.1397 6.42426
-2.17088 5.40979
-1.96836 5.48269
-2.11869 5.32509
-2.03229 5.27433
-1.90215 5.35336
-1.79751 5.51829
-1.77161 5.28776
-1.60922 5.64944
-1.5226 5.4064
-1.39432 5.69261
-1.39712 5.14546
-1.67814 5.02247
-1.59983 4.72368
-1.36486 4.83215
-1.17672 5.07817
-1.18371 4.84384
-0.995208 4.99416
-1.03866 4.69225
-0.821952 4.92519
-0.705468 4.73311
-0.955627 4.41343
-0.714755 4.45832
-0.469673 4.58995
-0.588608 4.30455
-0.48592 4.06333
-0.686612 4.06506
-0.862822 4.13134
-0.789267 3.66449
-1.13938 3.74221
-1.18335 3.35194
-1.05366 3.06214
-1.42091 2.89887
-1.24934 2.57821
-0.994317 2.74906
-0.832287 2.93652
-0.741135 2.6857
-0.508795 2.95777
-0.744377 3.21407
-0.44652 3.41342
-0.391601 3.78107
-0.102936 3.1715
-0.196576 2.87209
0.0358381 2.89162
0.199867 3.01326
0.181465 2.84786
0.297023 2.73726
0.130306 2.72114
0.162655 2.56582
0.29016 2.36885
0.492134 2.28035
0.400988 2.03112
0.502028 1.84727
0.310025 1.63881
0.422301 1.30298
0.119699 1.20669
-0.00591564 1.59796
0.0591145 1.99522
-0.293405 1.81313
-0.2813 1.40487
-0.613224 1.70749
-0.625726 2.02976
-0.317903 2.17136
-0.631782 2.38157
-0.370993 2.41853
-0.0542564 2.42211
-0.351599 2.6411
-0.0532618 2.68933
0.0624037 2.59515
-0.487288 2.50215
-0.563854 2.58423
-0.554828 2.71613
-0.968667 2.46813
-0.889694 2.1984
-1.16519 2.19845
-0.955097 1.89922
-1.35554 1.81579
-1.06643 1.64734
-0.848563 1.63998
-0.646848 1.42325
-0.913673 1.46141
-0.791355 1.16768
-0.441415 1.10513
-0.145445 1.01946
-0.26696 0.746119
-0.138433 0.375289
-0.462357 0.486045
-0.572076 0.863138
-0.750411 0.717855
-0.776722 0.936932
-1.01064 0.950657
-1.18558 1.36794
-1.30988 1.06203
-1.46789 1.25378
-1.496 1.48502
-1.73254 1.31224
-1.66515 1.65408
-1.71525 2.05035
-1.93519 1.60061
-1.99545 1.90598
-1.94529 2.24842
-2.1467 1.99267
-2.11627 2.33215
-2.26394 2.08239
-2.27163 2.33934
-2.40829 2.01706
-2.33614 1.74391
-2.54966 1.60839
-2.5669 2.00318
-2.41444 2.32774
-2.52132 2.34248
-2.61823 2.20655
-2.56483 2.5511
-2.40876 2.63234
-2.39175 2.98026
-2.24215 2.98279
-2.19383 3.36003
-2.13062 3.24086
-2.06423 3.1678
-2.14065 2.88891
-1.96906 3.01988
-2.11887 2.65172
-1.8962 2.71729
-1.69346 3.29641
-1.86603 3.41939
-1.61291 3.82735
-1.3853 3.77338
-1.27837 4.25191
-1.1284 4.0842
-1.42416 3.34496
-1.51087 4.27725
-1.31112 4.58741
-1.48809 4.5625
-1.6619 4.355
-1.72684 4.0162
-1.86431 4.09195
-1.78816 4.41913
-1.81237 4.65482
-1.89367 4.41535
-1.91261 4.24877
-1.99099 4.26404
-1.97512 4.46193
-2.11915 4.12724
-2.01582 4.03655
-2.16593 3.73717
-2.02493 3.74734
-2.00331 3.48692
-1.88929 3.80872
-1.82339 3.7106
-2.34258 3.39036
-2.2808 3.79563
-2.44592 3.49433
-2.55154 3.00598
-2.59681 3.27398
-2.71091 2.87907
-2.72693 2.48933
-2.82434 2.56744
-2.88041 2.21989
-2.81488 2.01122
-2.69207 2.23089
-2.71578 1.91825
-2.88175 1.47269
-2.70749 1.60135
-2.79361 1.35801
-2.72024 1.24982
-2.86074 1.11751
-2.81103 0.911359
-2.93678 0.715942
-2.82862 0.595637
-2.68403 0.911037
-2.70881 0.517978
-2.83176 0.252423
-2.71378 0.199559
-2.81578 -0.0638308
-2.69483 -0.0171801
-2.70745 -0.241648
-2.57951 -0.0632257
-2.60433 0.153846
-2.4995 0.111347
-2.4833 0.328051
-2.59644 0.420064
-2.46481 0.572253
-2.53921 0.778818
-2.34887 0.812081
-2.3027 0.521583
-2.17646 0.788043
-2.08492 0.6102
-1.91276 0.909306
-2.17439 1.05012
-1.99691 1.25243
-2.16754 1.36386
-2.37249 1.13646
-2.30833 1.46106
-2.45539 1.38248
-2.16125 1.67544
-2.53995 1.09163
-2.59651 1.24808
-1.56808 1.00022
-1.64129 0.713142
-1.29905 0.688474
-1.54819 0.436217
-1.31533 0.356184
-1.02395 0.296315
-1.26293 0.126247
-1.08627 -0.0634874
-0.78535 0.0158185
-0.768088 0.216405
-0.54851 0.151067
-0.747499 0.415514
-0.300642 0.181963
-0.326674 -0.0272646
-0.519643 -0.154183
-0.814911 -0.295291
-0.964563 0.623617
-1.12504 -0.32767
-1.34884 -0.175195
-1.28147 -0.0330145
-1.43661 0.0214447
-1.56179 -0.0911339
-1.71433 0.127615
-1.71496 -0.120578
-1.58163 -0.260695
-1.81569 -0.264351
-1.65256 -0.475441
-1.37028 -0.404672
-1.15972 -0.499369
-0.971888 -0.463676
-1.97168 -0.417461
-1.88007 -0.654884
-2.14479 -0.542414
-2.19497 -0.698069
-2.01333 -0.819288
-2.26186 -0.839705
-2.09418 -0.940971
-2.2995 -0.958826
-2.15495 -1.00404
-2.2436 -1.07238
-2.07262 -1.13131
-2.01788 -1.2236
-2.25412 -1.18281
-2.26132 -1.30071
-2.04644 -1.32196
-2.24074 -1.37188
-2.48824 -1.35382
-2.46391 -1.40688
-2.6623 -1.41579
-2.77946 -1.3104
-2.65244 -1.2403
-2.82137 -1.14921
-2.65974 -1.16108
-2.4799 -1.21976
-2.56787 -1.12012
-2.73394 -1.04819
-2.50211 -1.02087
-2.41854 -1.13121
-2.49671 -0.871707
-2.68734 -0.914964
-2.65035 -0.812246
-2.56385 -0.782552
-2.62889 -0.686212
-2.81263 -0.795325
-2.81646 -0.611902
-2.94568 -0.697149
-3.00507 -0.836438
-2.85546 -0.926391
-2.96066 -1.00484
-3.00041 -1.09622
-2.91507 -1.20025
-3.02767 -1.18183
-2.92805 -1.26469
-2.89576 -1.32552
-2.81205 -1.37405
-2.93508 -1.35986
-2.77172 -1.40415
-2.62233 -1.43339
-2.69312 -1.37998
-2.47347 -1.37354
-2.4942 -1.37425
-2.33445 -1.40206
-2.48987 -1.37106
-2.33888 -1.44345
-2.49227 -1.37884
-2.64245 -1.35998
-2.63822 -1.3545
-2.71389 -1.3368
-2.61939 -1.30634
-2.53667 -1.30506
-2.44537 -1.32245
-2.29438 -1.37869
-2.4331 -1.29654
-2.42901 5.09222
-2.36339 5.25149
-2.28419 5.15913
-2.50143 4.89602
-2.35025 4.91914
-2.22974 5.06472
-2.25374 4.89621
-2.13153 5.06184
-2.15026 5.19584
-1.9883 5.10832
-2.18703 4.72684
-1.93444 4.82911
-2.12403 4.4382
-2.28045 4.30151
-2.23828 4.11888
-2.38063 3.90914
-2.40751 4.14599
-2.50703 3.8696
-2.50452 3.61083
-2.63008 3.5045
-2.72585 3.15264
-2.7338 3.3177
-2.84341 3.11717
-2.83579 2.82162
-2.94778 2.77365
-2.94486 2.44241
-3.03859 2.48142
-3.0609 2.17404
-2.99113 2.07969
-3.09849 1.81409
-2.97508 1.76277
-3.10527 1.46855
-3.04676 1.31061
-2.99783 1.18411
-3.07942 0.963027
-3.18217 1.04835
-3.18369 0.585739
-3.29391 0.654689
-3.30385 0.297187
-3.20959 0.179464
-3.11457 0.34546
-3.12839 0.0740444
-3.05277 0.178735
-3.06149 -0.122712
-3.00109 0.085416
-2.95311 0.315852
-3.03297 0.436972
-3.05961 0.669474
-2.97369 1.013
-2.93791 0.0175655
-2.93541 -0.275752
-2.83001 -0.267159
-2.82422 -0.417665
-2.95192 -0.530656
-3.06029 -0.43303
-3.06016 -0.650489
-3.16472 -0.558037
-3.16306 -0.759989
-3.29444 -0.633467
-3.25312 -0.904843
-3.40228 -0.787509
-3.29124 -1.00626
-3.15183 -1.07833
-3.10531 -1.00885
-3.11062 -0.910945
-3.13603 -1.15692
-3.00939 -1.27056
-3.09278 -1.24421
-3.21533 -1.09799
-3.17899 -1.11516
-3.09748 -1.27646
-3.00923 -1.35363
-3.01122 -1.37606
-3.10986 -1.31096
-2.98784 -1.37079
-3.06243 -1.35332
-2.95921 -1.3752
-2.98484 -1.33843
-2.81615 -1.3586
-2.88626 -1.35932
-2.76179 -1.36165
-2.875 -1.3851
-2.61894 -1.35944
-2.8873 -1.39499
-2.87964 -1.31341
-3.03387 -1.3174
-2.88365 -1.26248
-3.09102 -1.25464
-2.80156 -1.2175
-2.63286 -1.21783
-2.7174 -1.26088
-2.57092 -1.28704
-2.64294 -1.28545
-2.73779 -1.27225
-2.77794 -1.2872
-3.41785 -0.939256
-3.38158 -1.0691
-3.29305 -1.20021
-3.31542 -1.13702
-3.37828 -1.01611
-3.34481 -1.02379
-3.28639 -1.08843
-3.19685 -1.18864
-3.2463 -1.07075
-3.34086 -0.98287
-3.32456 -0.967633
-3.42917 -0.847284
-3.43434 -0.889097
-3.55279 -0.715874
-3.57636 -0.708142
-3.38289 -0.866218
-3.50024 -0.749992
-3.35094 -0.919005
-3.27091 -0.980861
-3.26357 -1.02456
-3.29675 -0.982219
-3.39151 -0.869476
-3.22639 -1.03646
-3.14983 -1.15739
-3.30372 -0.96743
-3.48899 -0.734392
-3.56191 -0.662551
-3.60252 -0.652038
-3.64857 -0.617281
-3.66136 -0.568161
-3.76114 -0.46999
-3.71387 -0.558113
-3.84089 -0.29159
-3.81711 -0.00148314
-3.8052 -0.154838
-3.78821 -0.00968266
-3.76644 0.170946
-3.84512 0.173576
-3.79023 0.39427
-3.71255 0.464912
-3.68739 0.268756
-3.62922 0.550562
-3.64834 0.834441
-3.54499 0.813221
-3.55475 0.421681
-3.46013 0.739503
-3.42346 0.404347
-3.33197 0.974464
-3.43215 1.11562
-3.31899 1.45412
-3.40755 1.48376
-3.31898 1.91808
-3.45649 1.67944
-3.52212 1.23811
-3.55495 1.51704
-3.62413 1.23794
-3.70469 1.021
-3.74518 0.799965
-3.73617 0.607869
-3.79675 0.585721
-3.86359 0.393881
-3.47211 -0.834823
-3.82486 0.778222
-3.84581 0.943761
-3.77358 1.01013
-3.83066 1.08851
-3.77266 1.23168
-3.70847 1.25559
-3.7395 1.48676
-3.80687 1.37129
-3.78858 1.52045
-3.75666 1.6825
-3.68358 1.78544
-3.72311 1.88297
-3.78091 1.81527
-3.74259 2.03941
-3.65653 2.11361
-3.66592 2.2923
-3.73848 2.22661
-3.67354 2.42991
-3.62727 2.63861
-3.81335 2.06202
-3.80534 1.91318
-3.84017 1.77
-3.81955 1.62773
-3.84071 1.45905
-3.84983 1.33255
-3.8396 1.22606
-2.65147 4.65327
-2.54281 4.64454
-2.45061 4.78528
-2.40349 4.63237
-2.59832 4.37542
-2.50739 4.19562
-2.66027 4.04122
-2.6199 3.81648
-2.72266 3.76592
-2.74623 3.48644
-2.8073 3.59068
-2.91398 3.25718
-2.90684 3.55319
-3.05632 3.22398
-3.06309 2.77401
-2.94466 2.98685
-3.20592 2.8025
-3.22916 2.39864
-3.15631 2.22628
-3.2083 1.80937
-3.12854 2.00556
-3.21311 1.4251
-3.31565 2.20392
-3.32138 2.42786
-3.40639 2.05946
-3.45684 2.25567
-3.51793 1.84718
-3.58228 1.99435
-3.63867 1.58573
-3.51857 2.39898
-3.58557 2.4193
-3.52247 2.53476
-3.4676 2.70738
-3.40129 2.71819
-3.38734 2.96107
-3.3367 3.00077
-3.31216 3.15999
-3.35368 3.22588
-3.44757 2.92018
-3.44959 3.00493
-3.24673 3.52256
-2.90728 4.189
-2.83802 4.31023
-2.79308 4.43362
-2.76077 4.54992
-2.73486 4.50013
-2.77079 4.34554
-2.67925 4.46353
-2.74457 4.1814
-2.85511 4.13381
-2.83969 3.96927
-2.792 3.85086
-2.89266 3.77096
-3.01096 3.56412
-2.95144 3.86047
-3.06277 3.6578
-3.13097 3.43513
-3.09017 3.35889
-3.16836 3.16683
-3.24399 3.23152
-3.29839 2.89158
-3.29617 2.67919
-3.36332 2.57643
-3.4359 2.4857
-3.15939 3.54817
-3.26037 3.34438
-3.05129 3.83337
-3.02665 4.00592
-2.96422 4.02689
-2.99132 4.12375
-3.50768 2.87821
-3.55857 2.74296
-3.51086 2.7951
-3.6022 2.56518
-3.52914 2.62866
-3.50392 2.76999
-2.35683 4.41208
-3.52904 0.16243
-3.47635 0.0463841
-3.39017 0.0199774
-3.29136 -0.00967681
-3.35685 -0.316848
-3.20664 -0.153918
-3.23494 -0.422045
-3.14702 -0.354774
-3.42665 -0.577395
-3.47407 -0.420728
-3.48673 -0.208349
-3.5757 -0.362621
-3.56976 -0.224808
-3.55084 -0.0721704
-3.64411 -0.186757
-3.62304 0.0811649
-3.72793 -0.0225792
-3.73564 -0.252575
-3.78349 -0.321796
-3.73042 -0.420853
-3.66812 -0.354404
-3.63399 -0.490693
-3.54019 -0.541186
-3.56813 -0.622678
-3.48645 -0.665503
-3.15554 -1.3064
-3.22831 -1.26322
-3.12266 -1.31721
-3.18641 -1.28893
-3.22956 -1.21967
-2.65341 -0.475984
-2.47882 -0.283193
-2.40361 -0.551108
-2.23068 -0.366782
-2.27408 -0.156189
-2.41546 -0.0308813
-2.2362 0.0482988
-2.35572 0.211174
-2.12191 0.312012
-2.02268 0.0529659
-2.15769 -0.0678146
-2.05823 -0.192164
-1.87057 -0.081862
-1.93614 0.245719
-1.85911 0.484876
-1.45464 0.212418
-2.43467 -0.744964
-1.64552 2.95895
-1.71043 2.54706
-1.52833 2.4523
-1.42745 2.21746
-2.2743 2.63405
-0.400961 6.08073
-0.202847 6.10942
-0.136158 6.18808
-0.497633 5.86612
-0.630838 6.03665
-0.624151 5.62833
-0.509018 5.46624
2.26976 4.2823
2.43405 5.48177
2.4987 5.32197
2.37448 5.37967
2.28121 5.56532
2.32851 5.66104
2.19087 5.71309
2.20515 5.81736
2.12625 5.90923
-1.69304 -1.43765
-1.96975 -1.41791
3.6161 -0.503078
