-4.1461 -5.01498
-4.11572 -4.67007
-4.07716 -4.4787
-3.99495 -4.13852
-3.8933 -3.79065
-3.19277 -1.49044
-3.07201 -1.19384
-2.98295 -0.986693
-2.73528 -0.634132
-2.59744 -0.463793
-2.42879 -0.317153
-2.04902 -0.0854129
-1.85281 -0.0103953
-1.26753 0.19138
-1.08802 0.191719
-0.0174122 0.190795
0.486461 0.118977
0.754326 0.0751966
1.0098 0.00263149
1.48363 -0.170619
1.69233 -0.270279
1.8716 -0.393461
3.33693 -2.21061
3.68019 -2.65368
3.86561 -3.11367
3.96234 -3.36375
3.99968 -3.48837
4.11423 -3.9651
4.20444 -4.44603
4.49673 -6.46672
4.50903 -6.62383
4.55863 -7.31583
4.60388 -8.06566
4.58939 -8.18417
4.5509 -8.40833
4.53061 -8.49708
4.48093 -8.6912
4.43174 -8.83377
4.2064 -9.30527
4.16037 -9.35716
4.01375 -9.48616
3.81068 -9.61787
3.63548 -9.69085
3.38532 -9.77727
3.16118 -9.83121
2.48279 -9.96085
1.88354 -10.02
1.44088 -10.0132
0.818783 -10.0018
-0.0963635 -9.9757
-0.845066 -9.93911
-1.2623 -9.90503
-2.21379 -9.71259
-3.05418 -9.53559
-3.13643 -9.50366
-3.2586 -9.44662
-3.38643 -9.37978
-3.65907 -9.13971
-3.80044 -8.96073
-3.8683 -8.82241
-3.94612 -8.65204
-3.95848 -8.6162
-4.05112 -8.32819
-4.09248 -8.1779
-4.10643 -8.12346
-4.12539 -8.04612
-4.1846 -7.78294
-4.19866 -7.68341
-4.21214 -7.56384
-4.22221 -7.27594
-4.22426 -7.10725
-4.18666 -6.0585
