0.105326 -2.99432
0.117166 -3.13276
0.0799837 -3.03063
0.012372 -2.87334
0.00862217 -2.74375
-0.072289 -2.49794
-0.113671 -2.42303
-0.0714555 -2.55627
-0.104443 -2.56106
-0.173705 -2.32737
-0.150668 -2.28377
-0.19311 -2.16824
-0.239264 -2.03282
-0.299625 -1.83075
-0.293341 -2.04571
-0.365911 -1.82637
-0.375006 -1.88563
-0.35163 -2.13434
-0.415539 -1.9093
-0.421008 -2.12661
-0.350954 -2.30544
-0.407796 -2.36026
-0.315727 -2.55578
-0.285984 -2.40145
-0.239462 -2.63231
-0.240389 -2.50016
-0.250259 -2.34557
-0.177228 -2.65331
-0.167004 -2.5026
-0.231621 -2.26357
-0.239038 -2.15694
-0.10227 -2.76931
-0.0949993 -2.98091
-0.173657 -2.89079
-0.0965347 -3.17897
-0.180723 -3.08987
-0.105965 -3.35441
-0.185386 -3.29086
-0.092123 -3.62994
-0.19274 -3.49694
-0.126454 -3.70728
-0.173675 -3.77959
-0.0737858 -3.9604
-0.0896692 -4.23057
-0.187992 -3.9616
-0.249931 -3.72731
-0.258887 -3.881
-0.173898 -4.22547
-0.259205 -4.07785
-0.234801 -4.30522
-0.322098 -4.09912
-0.325414 -3.91405
-0.401681 -3.85932
-0.405579 -4.08875
-0.490501 -3.83398
-0.497523 -4.03288
-0.567034 -3.87594
-0.580828 -3.64037
-0.700293 -3.80055
-0.560472 -4.12697
-0.665159 -4.15308
-0.555277 -4.42491
-0.702517 -4.35851
-0.852029 -4.06801
-0.856461 -4.48042
-0.985191 -4.25002
-1.10507 -4.03438
-1.1279 -4.24937
-1.32177 -4.18068
-1.23911 -4.36072
-1.41422 -4.38573
-1.32221 -4.55799
-1.08406 -4.43629
-1.07854 -4.73393
-0.784779 -4.86245
-0.632324 -4.66824
-0.536844 -5.10845
-0.745977 -5.16144
-0.972734 -5.05157
-0.913726 -5.37571
-1.17831 -5.2307
-1.26611 -4.98449
-1.51283 -5.18236
-1.5284 -4.94333
-1.39184 -4.77966
-1.67481 -4.77231
-1.49913 -4.66596
-1.60975 -4.5397
-1.88585 -4.63171
-1.94099 -4.81572
-2.1606 -4.68235
-2.09249 -4.97414
-1.78771 -4.99011
-1.88866 -5.23387
-1.60306 -5.51992
-1.33993 -5.38291
-1.29586 -5.57014
-1.36885 -5.85716
-1.74042 -5.88193
-1.54288 -6.18399
-1.79941 -6.21569
-1.642 -6.37649
-1.76973 -6.53297
-1.4597 -6.53424
-1.64232 -6.97429
-1.32469 -6.82984
-1.07965 -6.55665
-1.25012 -6.21341
-0.985418 -6.14403
-1.1115 -5.95572
-0.938906 -5.8838
-1.06747 -5.6764
-0.794472 -5.69044
-1.14499 -5.44043
-0.637372 -5.45473
-0.631363 -5.70503
-0.686122 -5.84255
-0.799614 -5.96895
-0.68539 -6.0153
-0.793133 -6.26764
-0.61138 -6.13945
-0.593135 -5.89104
-0.500326 -5.99288
-0.523368 -5.71993
-0.406806 -5.83981
-0.455731 -5.5118
-0.369988 -5.35313
-0.355984 -5.11321
-0.459844 -4.78446
-0.314431 -4.83459
-0.43539 -4.53996
-0.494526 -4.34517
-0.439456 -4.28785
-0.361264 -4.53569
-0.332227 -4.3671
-0.337218 -4.20745
-0.290502 -4.30072
-0.232835 -4.53311
-0.145997 -4.59407
-0.182441 -4.71421
-0.222988 -4.78732
-0.288421 -4.6203
-0.199392 -5.05876
-0.147624 -4.88675
-0.109123 -5.18103
-0.0657406 -4.90971
-0.0931587 -4.53833
-0.0139527 -4.70829
0.0249176 -4.46012
0.0549493 -4.96116
0.098424 -4.8982
0.12226 -4.67239
0.0668693 -4.27104
0.124144 -4.30927
0.0566444 -3.94265
0.000707626 -3.99408
-0.0160594 -3.74106
0.00366783 -3.61441
-0.0590801 -3.54772
-0.0489259 -3.40942
-0.00172663 -3.36141
0.0654187 -3.71097
0.103775 -3.65537
0.0605745 -3.31902
-0.0344977 -3.04721
0.0363507 -3.04951
-0.0598297 -2.80804
-0.0999651 -2.65279
-0.0481081 -2.69312
0.109023 -3.22267
0.113506 -3.3661
0.151947 -3.40228
0.169641 -3.25918
0.19968 -3.38531
0.191794 -3.49875
0.175044 -3.56447
0.215777 -3.63467
0.189193 -3.65764
0.206834 -3.75681
0.23343 -3.73836
0.250795 -3.82862
0.260653 -4.01059
0.227656 -3.90437
0.22614 -4.02195
0.273464 -4.12112
0.247526 -4.18836
0.266277 -4.28159
0.239103 -4.27485
0.271334 -4.39516
0.228214 -4.37387
0.254999 -4.51699
0.23876 -4.55889
0.270146 -4.6373
0.260988 -4.73997
0.23782 -4.71072
0.250181 -4.8975
0.290697 -4.89236
0.277243 -5.03317
0.0737557 -7.08906
0.130152 -6.98476
0.0420361 -7.13159
0.0846081 -7.05163
-0.00616503 -7.21564
0.00846958 -7.13211
-0.0685687 -7.31007
-0.0758929 -7.24028
-0.153039 -7.40684
-0.216107 -7.40255
-0.148098 -7.25343
-0.0795445 -7.09007
0.0293198 -6.99566
0.00664711 -6.93531
-0.0339303 -6.87353
-0.14255 -7.01234
-0.0904884 -6.72232
-0.209105 -6.92847
-0.268818 -7.14209
-0.301021 -7.04082
-0.38859 -7.18996
-0.368739 -7.00816
-0.277277 -6.89535
-0.331625 -6.74766
-0.197258 -6.70476
-0.217146 -6.38899
-0.369694 -6.43697
-0.484124 -6.77533
-0.50061 -6.47126
-0.423575 -6.16901
-0.527089 -6.24337
-0.648411 -6.45376
-0.613992 -6.72843
-0.746608 -6.72606
-0.829548 -6.58379
-0.930143 -6.88425
-1.14871 -6.92607
-1.12868 -7.20133
-1.33313 -7.09989
-1.32754 -7.32462
-1.26822 -7.48939
-1.47167 -7.49943
-1.48966 -7.27967
-1.73124 -7.446
-1.63414 -7.68347
-1.88562 -7.77115
-1.69279 -7.92323
-2.04858 -8.06524
-1.83423 -8.18421
-2.07391 -8.22559
-2.33083 -8.31325
-2.2981 -8.10017
-2.56546 -8.11642
-2.23801 -7.85564
-2.60886 -7.69306
-2.92506 -8.01839
-2.96783 -7.71378
-3.30138 -7.85593
-3.17683 -8.23685
-3.35751 -8.19181
-3.57071 -8.21283
-3.37032 -8.38651
-3.56996 -8.51072
-3.3556 -8.59953
-3.56043 -8.6987
-3.35636 -8.75642
-3.51196 -8.78301
-3.64158 -8.80336
-3.77475 -8.74463
-3.81584 -8.82957
-3.70072 -8.89377
-3.89507 -8.89913
-3.90672 -8.93166
-4.08351 -8.89344
-3.96376 -8.83929
-4.09408 -8.79847
-4.30633 -8.84004
-4.25361 -8.77224
-4.41581 -8.75936
-4.54367 -8.81623
-4.48534 -8.89698
-4.67412 -8.86162
-4.77776 -8.80142
-4.86722 -8.83984
-5.05706 -8.76872
-5.03366 -8.81857
-5.2117 -8.79754
-5.34308 -8.74403
-5.35569 -8.77572
-5.53414 -8.75611
-5.63324 -8.67402
-5.70354 -8.71915
-5.74591 -8.76844
-5.60618 -8.80391
-5.81378 -8.80264
-5.78259 -8.84047
-6.00497 -8.83054
-5.92026 -8.78265
-6.11326 -8.75188
-6.26716 -8.79054
-6.32937 -8.71714
-6.50794 -8.73513
-6.40685 -8.81889
-6.54799 -8.78191
-6.56327 -8.82267
-6.3108 -8.854
-6.19929 -8.84103
-6.13786 -8.86449
-6.03751 -8.85225
-5.85463 -8.85085
-5.98792 -8.87949
-5.83821 -8.8798
-5.69181 -8.87594
-5.63843 -8.84388
-5.52763 -8.88298
-5.39374 -8.84469
-5.36838 -8.80407
-5.15464 -8.84802
-5.15848 -8.87564
-5.0346 -8.88672
-4.92457 -8.86479
-4.92238 -8.89412
-4.74467 -8.90046
-4.76447 -8.87329
-4.64162 -8.89606
-4.56506 -8.93928
-4.4072 -8.97031
-4.2809 -8.92588
-4.2676 -8.99499
-4.44646 -9.0121
-4.2527 -9.01674
-4.50215 -8.98395
-4.34826 -8.99745
-4.59628 -8.94031
-4.44208 -8.94287
-4.6253 -8.93707
-4.80317 -8.92343
-4.80747 -8.91415
-4.90094 -8.91819
-5.01824 -8.9184
-4.93686 -8.92081
-5.11413 -8.89563
-4.97743 -8.88137
-4.75295 -8.91469
-4.81394 -8.88005
-4.55671 -8.88081
-4.54172 -8.92598
-4.34773 -8.88579
-4.21434 -8.93514
-4.10023 -8.88525
-3.99073 -8.92169
-4.08428 -8.97402
-3.92322 -8.96023
-3.84481 -8.95256
-4.0375 -8.98351
-4.08828 -8.9764
-3.92946 -8.92974
-4.12758 -8.94853
-3.75101 -8.94837
-3.65463 -8.92371
-3.59125 -8.92839
-3.47812 -8.91287
-3.4995 -8.88902
-3.32165 -8.88977
-3.35691 -8.84927
-3.12772 -8.82262
-3.5061 -8.83733
-3.09596 -8.64977
-2.89859 -8.74247
-2.8314 -8.62429
-2.88707 -8.38349
-3.18221 -8.46696
-2.62308 -8.49483
-2.61468 -8.34224
-2.43341 -8.48417
-2.49598 -8.58694
-2.64578 -8.65269
-2.40729 -8.67539
-2.66771 -8.76107
-2.77314 -8.70194
-2.85166 -8.84509
-2.59434 -8.85337
-2.81262 -8.88592
-2.98611 -8.87895
-2.98517 -8.91206
-2.81236 -8.90033
-2.98611 -8.91402
-2.83856 -8.90319
-3.01653 -8.92361
-2.89753 -8.93004
-3.06246 -8.92353
-2.8635 -8.89961
-3.0743 -8.90134
-3.29328 -8.92001
-3.36638 -8.8969
-3.58014 -8.91669
-3.66077 -8.86527
-3.84625 -8.8901
-3.9721 -8.85697
-4.25392 -8.85322
-4.13237 -8.8194
-3.85584 -8.81272
-4.05651 -8.76208
-4.23862 -8.76514
-4.42133 -8.8141
-4.38889 -8.74186
-4.61163 -8.76918
-4.74942 -8.82588
-4.82309 -8.77452
-4.97058 -8.80266
-4.99286 -8.84416
-5.16956 -8.82056
-5.0546 -8.7601
-5.3224 -8.80577
-5.24098 -8.74684
-5.45842 -8.79632
-5.35324 -8.71161
-5.09563 -8.663
-5.07682 -8.72191
-4.87177 -8.69917
-4.85682 -8.74422
-4.64766 -8.72852
-4.56968 -8.65821
-4.39164 -8.68974
-4.22246 -8.69614
-4.18936 -8.73525
-4.05325 -8.71237
-3.87809 -8.74272
-3.91159 -8.69117
-3.73022 -8.71606
-3.68382 -8.77172
-3.62055 -8.81949
-3.39935 -8.84523
-3.50869 -8.79247
-3.32157 -8.7816
-3.52276 -8.74012
-3.31688 -8.70507
-3.57528 -8.67068
-3.4364 -8.61906
-3.20662 -8.59971
-3.08641 -8.68789
-3.04569 -8.75444
-2.83417 -8.679
-2.73975 -8.74574
-2.58705 -8.6808
-2.4881 -8.71232
-2.31703 -8.64517
-2.32742 -8.69237
-2.1604 -8.66421
-2.00635 -8.57439
-1.93709 -8.6091
-1.74531 -8.51735
-1.74594 -8.59068
-2.04667 -8.6855
-1.86322 -8.66378
-2.04382 -8.73396
-1.82035 -8.6873
-1.6894 -8.61368
-1.57543 -8.5902
-1.48319 -8.50632
-1.3202 -8.47896
-1.40913 -8.5343
-1.56707 -8.60666
-1.53983 -8.58583
-1.77041 -8.69074
-1.73043 -8.66312
-1.92924 -8.73634
-2.06024 -8.79237
-2.14872 -8.79085
-2.24539 -8.82658
-2.28527 -8.8203
-2.42282 -8.87983
-2.31016 -8.81444
-2.4415 -8.78109
-2.20781 -8.73011
-2.22036 -8.66761
-2.18947 -8.60655
-2.30744 -8.54325
-2.067 -8.50862
-2.17799 -8.42282
-1.92925 -8.37636
-2.07299 -8.31108
-1.68804 -8.27501
-1.60308 -8.16415
-1.59711 -8.05999
-1.44385 -8.04908
-1.44859 -7.9042
-1.4484 -7.71136
-1.2307 -7.70053
-1.06432 -7.43287
-0.99623 -7.58619
-0.895246 -7.38184
-0.90665 -7.18523
-0.731002 -7.1983
-0.749001 -6.9537
-0.616876 -6.95614
-0.560652 -7.07052
-0.444747 -6.96221
-0.485284 -7.16101
-0.635561 -7.30692
-0.80568 -7.45778
-0.708808 -7.52534
-0.531241 -7.36102
-0.573942 -7.56287
-0.390091 -7.36987
-0.464907 -7.56617
-0.319757 -7.44463
-0.217804 -7.25384
-0.368257 -7.5713
-0.278446 -7.59233
-0.448497 -7.68541
-0.533746 -7.69903
-0.636055 -7.716
-0.706163 -7.84266
-0.795365 -7.84853
-0.789976 -7.73941
-0.925173 -7.90698
-1.01622 -7.86986
-0.906435 -7.67193
-1.11623 -7.80132
-1.24958 -8.01334
-1.29696 -7.90617
-1.47324 -8.17705
-1.31066 -8.17777
-1.10279 -8.02738
-1.17546 -8.1489
-0.936978 -8.01435
-1.13429 -8.22886
-1.36402 -8.29989
-1.40852 -8.42514
-1.62913 -8.4438
-1.62263 -8.53014
-1.81269 -8.57795
-1.90017 -8.51863
-1.7634 -8.40598
-1.90996 -8.46375
-2.04747 -8.58139
-2.04924 -8.63168
-1.54227 -8.30197
-1.94717 -8.67886
-1.72617 -8.60807
-1.83157 -8.68004
-2.06461 -8.74142
-1.59998 -8.5816
-1.54904 -8.53822
-1.39988 -8.48199
-1.2 -8.34152
-1.23778 -8.42048
-1.02646 -8.26639
-0.980383 -8.18613
-0.924133 -8.09851
-0.820606 -8.05501
-0.770576 -7.95649
-0.66356 -7.92952
-0.591187 -7.81505
-0.48109 -7.76874
-0.569801 -7.88015
-0.373876 -7.72621
-0.21947 -7.58344
-0.154333 -7.44815
-0.109534 -7.44584
-0.075932 -7.34359
-0.0132594 -7.28659
-0.0598454 -7.40979
-0.170026 -7.57358
-0.163507 -7.6119
-0.247986 -7.67871
-0.293324 -7.72289
-0.365112 -7.77692
-0.30173 -7.68949
-0.453052 -7.83413
-0.529344 -7.91375
-0.658142 -7.98548
-0.793944 -8.07383
-0.878049 -8.16023
-1.10469 -8.32839
-0.945618 -8.21799
-0.727119 -8.05914
-0.742799 -8.09467
-0.597514 -7.97946
-0.414021 -7.85642
-0.525503 -7.93825
-0.669041 -8.02399
-0.546307 -7.9555
-0.626614 -7.95958
-0.73563 -8.03917
-0.799725 -8.10212
-0.813153 -8.14065
-0.934736 -8.20983
-1.11761 -8.34092
-1.20231 -8.40599
-1.23509 -8.39963
-1.08569 -8.28016
-1.15345 -8.28395
-1.33563 -8.40111
-1.51558 -8.46672
-1.32391 -8.33924
-1.52673 -8.38802
-1.78152 -8.44735
-1.52405 -8.29136
-1.32486 -8.253
-1.31981 -8.17889
-1.1598 -8.12846
-1.1549 -8.20635
-1.007 -8.15164
-0.981896 -8.1854
-0.870509 -8.08885
-0.847641 -8.10176
-0.748009 -8.02541
-0.757399 -8.00924
-0.675922 -7.96897
-0.578416 -7.92434
-0.445996 -7.87411
-0.412068 -7.82791
-0.288496 -7.73886
-0.275563 -7.74074
-0.139534 -7.60796
-0.0854826 -7.49387
-0.0483627 -7.44567
-0.0266066 -7.38056
0.0347505 -7.24152
0.0202513 -7.21535
0.0129991 -7.30275
-0.0985718 -7.49356
-0.349599 -7.48328
-0.506754 -7.60019
-0.703694 -7.65028
-0.608337 -7.75052
-0.417596 -7.64686
-0.505078 -7.79932
-0.723126 -7.91931
-0.866702 -8.02216
-0.896475 -8.07293
-1.00736 -8.087
-0.977333 -7.99786
-1.22884 -8.06539
-1.05588 -7.92138
-0.833873 -7.84999
-0.97903 -7.78389
-0.875329 -7.6161
-0.690593 -7.47677
-1.14367 -7.71969
-1.41565 -7.76785
-1.3298 -7.8473
-1.48495 -7.93336
-1.2805 -7.94104
-1.61217 -8.08834
-1.80055 -7.98715
-1.8593 -8.17538
-1.78959 -8.23735
-1.64077 -8.20681
-1.81224 -8.33368
-2.03251 -8.32256
-2.06845 -8.41092
-2.11778 -8.5014
-2.29555 -8.44956
-2.52591 -8.58967
-2.66607 -8.47364
-2.32438 -8.35309
-2.0645 -8.20586
-2.30239 -8.21961
-2.07058 -8.12667
-2.12575 -8.04485
-2.59448 -8.23524
-2.5512 -8.34025
-2.84088 -8.36161
-2.91587 -8.46693
-2.96831 -8.54205
-2.80898 -8.59526
-2.99273 -8.62977
-3.14014 -8.45442
-3.4431 -8.51228
-4.63864 -8.50405
-4.45142 -8.56579
-4.76159 -8.60955
-4.30491 -8.63047
-4.12058 -8.5547
-4.0908 -8.65776
-4.24488 -8.66678
-3.83282 -8.63475
-3.81615 -8.49788
-3.6213 -8.58131
-3.62892 -8.50671
-3.63035 -8.42597
-5.35424 -8.59348
-3.33739 1.14814
-3.55939 1.175
-3.46068 1.05054
-3.73212 1.07456
-3.58281 0.943086
-3.33693 0.884846
-3.22796 1.02649
-3.05177 0.911542
-3.08222 1.02307
-3.11833 1.11032
-2.95098 1.01655
-2.75992 1.01616
-1.20918 -0.0586497
-1.61905 0.345716
-1.47427 0.0593152
-1.64753 0.149018
-1.80222 0.278756
-1.75824 0.0358833
-1.9312 0.198462
-1.93482 0.319847
-1.94599 0.437299
-2.07173 0.349544
-2.14023 0.547515
-2.00693 0.570871
-1.88704 0.553447
-1.79774 0.43249
-1.75314 0.538853
-1.88239 0.681782
-2.05987 0.745981
-1.98417 0.642421
-2.10834 0.66104
-2.22703 0.777524
-2.24201 0.683977
-2.38685 0.778773
-2.38168 0.900876
-2.57137 0.893581
-2.78053 0.872559
-2.55052 0.747159
-2.70875 0.685024
-2.9008 0.770183
-2.8764 0.593471
-3.11626 0.707577
-3.06108 0.441777
-3.26909 0.563845
-3.32026 0.364668
-3.51543 0.5441
-3.36019 0.699281
-3.58862 0.76394
-3.69061 0.617282
-3.84994 0.690029
-3.82656 0.455675
-4.11448 0.560017
-4.1806 0.297204
-4.34133 0.448752
-4.4797 0.308781
-4.51503 0.443298
-4.41789 0.638851
-4.70431 0.45583
-4.61437 0.35544
-4.73522 0.216006
-4.97413 0.322858
-4.91292 0.520194
-5.13558 0.451558
-5.24156 0.218108
-5.39289 0.361077
-5.48684 0.0960389
-5.63975 0.225345
-5.5445 0.432727
-5.41394 0.510092
-5.48684 0.579134
-5.62906 0.536963
-5.55485 0.617931
-5.79107 0.4696
-5.68961 0.382585
-5.82628 0.238289
-5.99953 0.301829
-6.03735 -0.00870816
-6.27905 0.063569
-6.28987 -0.209785
-6.36003 -0.122401
-4.16969 1.15216
-4.77563 0.985747
-4.99557 0.865396
-5.47743 0.680282
-5.34434 0.753313
-5.38687 0.66394
-5.36216 0.604302
-5.23781 0.695219
-5.2627 0.558158
-4.99851 0.689788
-5.10627 0.7694
-4.83482 0.852322
-4.75468 0.795578
-4.65421 0.91173
-4.56272 1.02782
-4.45744 0.9625
-4.41347 1.05629
-4.27962 1.03513
-4.04177 1.01166
-3.94493 1.18438
-3.74284 1.20298
-3.80931 0.888556
-4.08622 0.789721
-4.30174 0.884845
-4.55074 0.81752
-4.72606 0.661098
-5.18368 0.81411
-7.02099 -0.766905
-6.87871 -0.714986
-6.72483 -0.579196
-6.65779 -0.446077
-6.54474 -0.366205
-6.42882 -0.248982
-6.46185 -0.4042
-6.34129 -0.497135
-6.14707 -0.285202
-6.14474 -0.512211
-6.32045 -0.713917
-6.48724 -0.76821
-6.44154 -0.922218
-6.6165 -1.06038
-6.49198 -1.17099
-6.69195 -1.41877
-6.79503 -1.31319
-6.77443 -1.031
-6.91642 -1.30995
-6.927 -1.10622
-6.85335 -0.898116
-6.96165 -0.961129
-7.02994 -0.916033
-7.05379 -1.05855
-7.1691 -1.12977
-7.11062 -0.919251
-7.19374 -1.01972
-7.26745 -1.12168
-7.30558 -1.25665
-7.35212 -1.20956
-7.43642 -1.29569
-7.48787 -1.40129
-7.5579 -1.49211
-7.90757 -2.88327
-7.82527 -2.55302
-7.78281 -2.40175
-7.81475 -2.61729
-7.77436 -2.51067
-7.73214 -2.30843
-7.6799 -2.10753
-7.59406 -1.7951
-7.53843 -1.75688
-7.48579 -1.53518
-7.45516 -1.6156
-7.39438 -1.4267
-7.41629 -1.56959
-7.31422 -1.36678
-7.38152 -1.31118
-7.43453 -1.38929
-7.33104 -1.53228
-7.22061 -1.37198
-7.11509 -1.18948
-7.11193 -1.30255
-7.03226 -1.1492
-7.04579 -1.35868
-7.16929 -1.5061
-7.13911 -1.6616
-7.02903 -1.55086
-6.93417 -1.55696
-7.09206 -1.91918
-6.92869 -1.74309
-6.83824 -1.54642
-6.81504 -1.74794
-6.70406 -1.64568
-6.55929 -1.51077
-6.72863 -1.94157
-6.51503 -1.74162
-6.39566 -1.48253
-6.35003 -1.23078
-6.24984 -1.32408
-6.12184 -1.01483
-6.07606 -1.28483
-5.87106 -0.954203
-5.93179 -0.747759
-6.08244 -0.688682
-5.87066 -0.498073
-5.99772 -0.482446
-5.91062 -0.244797
-5.60443 -0.242337
-5.68969 -0.0192614
-5.34608 -0.0159181
-5.31711 -0.238623
-5.07286 0.0312187
-5.06131 -0.287813
-4.77684 -0.0900787
-4.47021 0.0816215
-4.46339 -0.289384
-4.15208 -0.00874156
-3.87128 0.172303
-3.85358 -0.090501
-3.64707 0.0560185
-3.58833 0.283738
-3.37936 0.0843189
-3.14874 0.219098
-3.1153 -0.0184558
-2.89232 0.169698
-2.83787 0.40411
-2.71184 0.292208
-2.65987 0.471083
-2.53254 0.267322
-2.46014 0.408191
-2.50216 0.574273
-2.29067 0.442282
-2.35172 0.637071
-2.31671 0.238485
-2.194 0.301985
-2.10156 0.149111
-1.93011 0.016223
-2.04252 -0.120926
-2.22371 0.0152202
-2.41339 0.0364326
-2.63902 0.0966709
-2.53622 -0.201024
-2.23768 -0.277194
-2.37635 -0.610631
-2.12818 -0.694502
-1.94783 -0.485026
-1.81182 -0.230118
-1.7593 -0.509385
-1.63085 -0.458593
-1.61014 -0.216411
-1.58456 -0.0228393
-1.43954 -0.20461
-1.28446 -0.163204
-1.32893 0.033179
-1.13113 -0.210701
-1.11535 -0.35906
-1.22793 -0.448991
-1.01562 -0.57704
-0.993371 -0.464476
-1.01817 -0.34019
-0.896669 -0.461162
-0.769802 -0.592059
-0.532 -1.26008
-0.580373 -1.08557
-0.602553 -1.21241
-0.551948 -1.41346
-0.488705 -1.39596
-0.470113 -1.53528
-0.421488 -1.58845
-0.38161 -1.71069
-0.419233 -1.70689
-0.485952 -1.67851
-0.423895 -1.78236
-0.487651 -1.93374
-0.583846 -1.72964
-0.576099 -2.04118
-0.692447 -1.73876
-0.660186 -1.51138
-0.757171 -1.47019
-0.723322 -1.30968
-0.80952 -1.28182
-0.858993 -1.40614
-0.782012 -1.57137
-0.814602 -1.6503
-0.772948 -1.89974
-0.665907 -2.03143
-0.726709 -2.18818
-0.873491 -1.99652
-0.809409 -2.37003
-0.960687 -2.15995
-1.04617 -1.89272
-1.16005 -2.08994
-1.17591 -1.80649
-1.16637 -1.60698
-1.00379 -1.67721
-1.15744 -1.28184
-0.942156 -1.50087
-1.0011 -1.20785
-1.13495 -0.997304
-1.03328 -0.924342
-1.20858 -0.729596
-1.30903 -0.873915
-1.42611 -0.511218
-1.50045 -0.721718
-1.64424 -0.658137
-1.55902 -0.866336
-1.72471 -0.804374
-1.51541 -1.17408
-1.71449 -1.16698
-1.90735 -0.883661
-1.88099 -1.2382
-2.04421 -1.01456
-2.24851 -1.00825
-2.04018 -1.31121
-2.17559 -1.51444
-2.37293 -1.28455
-2.49759 -0.903736
-2.54867 -1.32301
-2.71761 -1.07047
-2.74986 -0.719139
-2.88254 -0.898428
-2.96355 -0.644766
-2.84131 -0.412278
-3.09164 -0.349485
-2.90037 -0.132863
-2.72832 -0.238878
-2.73889 -0.0447192
-2.62195 -0.49612
-3.30257 -0.187827
-3.38375 -0.510944
-3.57456 -0.205026
-3.67859 -0.52403
-3.82481 -0.329852
-4.0794 -0.289714
-3.97152 -0.58249
-4.2337 -0.499661
-4.23394 -0.753515
-4.43956 -0.629026
-4.71583 -0.603283
-4.81758 -0.366288
-5.04628 -0.622798
-4.90349 -0.912728
-5.19137 -0.956143
-5.30151 -0.775053
-5.29954 -0.527232
-5.55857 -0.840514
-5.49876 -0.480436
-5.71815 -0.617761
-5.82753 -1.27088
-5.55412 -1.18789
-5.39349 -0.981696
-5.3514 -1.17022
-5.11378 -1.30599
-5.47186 -1.43603
-5.35896 -1.74058
-5.71438 -1.77593
-5.70547 -1.46118
-5.93958 -1.66996
-6.0801 -1.55367
-6.24971 -1.94209
-6.30882 -1.63449
-6.57504 -2.1679
-6.43449 -2.25003
-6.56472 -2.5963
-6.71494 -2.58578
-6.84448 -2.57229
-6.82738 -2.97957
-7.02916 -3.03439
-7.01109 -2.70395
-7.12113 -2.94511
-7.11273 -2.69164
-7.21721 -2.99203
-7.2024 -2.71285
-7.09921 -2.34244
-7.26478 -2.56018
-7.31281 -2.95366
-7.40613 -2.84007
-7.4324 -3.23872
-7.33033 -3.33702
-7.19188 -3.26048
-7.28721 -3.53317
-7.21813 -3.55603
-7.12233 -3.36062
-7.01744 -3.34625
-7.13543 -3.5641
-7.06268 -3.71233
-6.91074 -3.37687
-6.7905 -3.2394
-6.67893 -2.99726
-6.49848 -2.88596
-6.37625 -2.57541
-6.32103 -2.30221
-6.20635 -2.39576
-6.04361 -2.07029
-6.01293 -2.36514
-5.82717 -2.10682
-5.61184 -2.01035
-5.7255 -2.37305
-5.39771 -2.11122
-5.14253 -1.93556
-5.00693 -1.66169
-4.81574 -1.94474
-4.73179 -1.63675
-4.45319 -1.75437
-4.53785 -1.40334
-4.82676 -1.4341
-4.72734 -1.1614
-4.37113 -1.04895
-4.1134 -1.38765
-4.00967 -0.959202
-4.40559 -0.820544
-4.59329 -0.861635
-3.89421 -1.16388
-3.75231 -1.00651
-3.78923 -0.773462
-3.57666 -0.794944
-3.56874 -1.04844
-3.3465 -0.926065
-3.16644 -0.66037
-3.08015 -0.9352
-3.23564 -1.36457
-2.93017 -1.19485
-2.9695 -1.51347
-2.74038 -1.45207
-2.85693 -1.82508
-3.12692 -1.77346
-3.05344 -2.05466
-3.23313 -2.06676
-3.16796 -2.43925
-2.89652 -2.22748
-2.93795 -2.58469
-2.74946 -2.42581
-2.62776 -2.07844
-2.63695 -1.7199
-2.42394 -1.69533
-2.57844 -1.54896
-2.34249 -2.17566
-2.18776 -1.90106
-1.98037 -1.84408
-2.01645 -1.55992
-1.88574 -1.56549
-1.68845 -1.53702
-1.71906 -1.91545
-1.56209 -1.82105
-1.49745 -2.09714
-1.5998 -2.38452
-1.37968 -2.38977
-1.4177 -2.59507
-1.50144 -2.64893
-1.37619 -2.85117
-1.23569 -2.68447
-1.20997 -2.92926
-1.20819 -3.17569
-1.04721 -2.95874
-0.967993 -3.32995
-0.811273 -3.11316
-0.907499 -2.77954
-1.06365 -2.61503
-1.20474 -2.3961
-1.32576 -2.17648
-1.39712 -1.90985
-1.3432 -1.62543
-1.50608 -1.66029
-1.55301 -1.42707
-1.31509 -1.34402
-1.39622 -1.03901
-1.09002 -2.38983
-0.959413 -2.4414
-0.80464 -2.65432
-0.732685 -2.60644
-0.647992 -2.53172
-0.680061 -2.8686
-0.526558 -2.87544
-0.537587 -2.60364
-0.574389 -2.45793
-0.606438 -2.27731
-0.500192 -2.40917
-0.486292 -2.17152
-0.392005 -2.624
-0.443868 -2.74261
-0.356206 -2.89979
-0.390435 -3.0535
-0.449272 -3.21175
-0.565915 -3.13736
-0.496591 -3.34756
-0.577913 -3.37864
-0.661062 -3.18253
-0.690128 -3.42768
-0.474168 -3.59178
-0.807987 -3.47155
-0.897762 -3.67248
-1.02337 -3.81439
-1.09864 -3.5375
-1.21905 -3.74937
-1.31856 -3.93983
-1.49724 -3.71569
-1.51786 -4.01714
-1.69222 -3.88249
-1.72351 -4.08738
-1.61405 -4.27824
-1.91848 -4.25981
-1.90251 -3.9677
-2.13537 -4.1109
-2.18332 -4.38712
-2.37869 -4.21783
-2.30615 -3.96612
-2.10925 -3.82549
-2.36424 -3.65787
-2.53134 -3.99026
-2.73332 -3.74044
-2.71804 -4.03485
-2.92974 -4.10025
-2.65178 -4.29353
-2.87473 -4.55116
-3.1443 -4.46967
-3.2516 -4.02427
-3.39248 -4.39275
-3.47407 -4.04142
-3.62279 -4.33368
-3.53461 -4.67962
-3.67672 -4.63632
-3.85995 -4.54572
-3.79231 -4.11108
-4.00958 -4.07781
-3.84188 -3.69266
-3.64382 -3.88617
-3.67731 -3.55903
-3.45696 -3.55091
-3.65821 -3.29549
-3.77948 -3.37111
-3.80546 -2.99181
-3.91324 -3.32665
-4.10615 -3.5198
-4.0499 -3.0752
-4.29669 -3.10963
-4.20582 -2.82428
-4.01586 -2.70493
-3.8163 -2.51276
-3.64882 -2.67358
-3.59897 -2.29346
-3.44371 -2.60202
-3.38068 -2.24389
-3.44095 -1.88763
-3.64728 -2.04413
-3.75661 -1.87404
-3.79355 -2.16958
-3.91675 -2.05066
-4.02553 -2.30016
-4.09698 -1.8957
-4.34416 -2.25746
-4.21157 -2.55322
-4.49531 -2.69521
-4.71256 -2.35824
-4.53591 -2.05423
-4.35432 -1.98603
-3.84996 -1.59229
-3.73748 -1.28197
-3.57625 -1.5334
-3.48276 -1.22871
-5.09143 -2.25921
-4.94973 -2.47359
-5.17614 -2.65128
-5.40836 -2.41615
-5.60884 -2.74488
-5.88408 -2.71962
-5.92137 -3.01185
-6.11857 -2.91176
-6.00083 -2.60407
-6.24019 -2.69926
-6.41129 -3.18331
-6.65215 -3.23744
-6.64204 -3.52178
-6.84232 -3.56593
-6.7902 -3.88189
-6.48164 -3.7496
-6.78262 -4.24361
-6.97131 -4.26134
-7.00535 -3.98312
-7.10545 -4.30233
-7.16225 -4.19755
-7.23672 -4.49979
-7.29785 -4.37296
-7.35617 -4.64168
-7.44073 -4.57903
-7.44634 -4.83592
-7.33724 -4.89127
-7.50142 -5.11362
-7.44224 -5.2476
-7.33327 -5.23707
-7.18056 -4.9229
-7.14234 -4.5806
-6.99882 -4.59688
-7.02658 -4.94354
-6.84678 -4.62864
-6.5685 -4.36909
-6.8106 -4.9913
-6.48789 -4.70457
-6.24825 -4.35003
-6.2419 -3.95622
-6.16789 -3.5948
-6.18656 -3.29189
-5.9514 -3.33717
-5.70312 -3.11502
-5.73365 -3.38046
-5.53141 -3.25768
-5.38283 -3.00718
-5.2853 -3.27755
-4.95472 -3.05539
-4.80563 -2.66049
-4.70026 -2.87334
-4.66718 -2.56716
-4.58301 -3.09363
-4.41897 -3.46914
-4.71268 -3.39411
-5.04002 -3.55496
-4.64599 -3.83126
-4.96372 -3.95472
-5.29064 -3.89198
-5.50165 -3.55896
-5.68016 -3.95038
-5.90979 -3.67987
-6.00557 -4.04914
-5.88341 -4.37194
-5.45567 -4.23662
-5.5676 -4.61799
-5.18544 -4.50787
-5.12498 -4.17876
-4.78102 -4.3774
-4.94008 -4.82153
-4.66425 -4.8525
-4.4067 -4.69788
-4.44603 -4.22724
-4.28856 -3.90714
-4.20233 -4.34157
-4.03724 -4.42074
-4.10919 -4.70859
-3.973 -5.07296
-3.69868 -4.95408
-3.81636 -5.48586
-4.14897 -5.57973
-4.2354 -5.13306
-4.33619 -5.45491
-4.51208 -5.23782
-4.49719 -5.84205
-4.78488 -5.51219
-4.7713 -5.12666
-5.03342 -5.21597
-5.28708 -4.8974
-5.37984 -5.30578
-5.65384 -5.00974
-5.92899 -4.7945
-5.98574 -5.14892
-6.20143 -5.01785
-6.22476 -4.71495
-6.51356 -5.12574
-6.28495 -5.37402
-6.61735 -5.60836
-6.39821 -5.80137
-6.68078 -5.94659
-6.58332 -6.18835
-6.86302 -6.22703
-6.88098 -5.88932
-7.1372 -6.17408
-7.04238 -5.8243
-7.19168 -5.85555
-7.07114 -5.63685
-6.8646 -5.50404
-7.01211 -5.3921
-7.18084 -5.5414
-7.05893 -5.23336
-7.19752 -5.24662
-7.32926 -5.54287
-7.30668 -5.78798
-7.44207 -5.85665
-7.33752 -6.08723
-7.47467 -6.16485
-7.56879 -6.07106
-7.55661 -5.7586
-7.64479 -5.95286
-7.64457 -5.67883
-7.7223 -5.96801
-7.68218 -6.26583
-7.7676 -6.25067
-7.78972 -6.10083
-7.78373 -5.86745
-7.83224 -6.04481
-7.8364 -5.76869
-7.77527 -5.67657
-7.7239 -5.61755
-7.7738 -5.44451
-7.70914 -5.36747
-7.63376 -5.32067
-7.54517 -5.44422
-7.56125 -4.91791
-7.69147 -5.08666
-7.61139 -4.80384
-7.54124 -4.64451
-7.59616 -4.52478
-7.67127 -4.80088
-7.70086 -4.65563
-7.73074 -4.90266
-7.76538 -4.82664
-7.76424 -4.54427
-7.85841 -4.89147
-7.83665 -4.45341
-7.7335 -4.11351
-7.65451 -4.29069
-7.6468 -4.01546
-7.65653 -3.70836
-7.75419 -3.66765
-7.81462 -4.06248
-7.829 -3.81384
-7.82493 -3.5128
-7.77184 -3.3558
-7.70295 -3.26733
-7.74421 -3.0992
-7.79108 -3.24634
-7.77426 -2.96817
-7.71594 -2.83623
-7.69013 -2.59626
-7.75326 -2.73505
-7.82507 -3.00219
-7.79073 -2.68018
-7.71885 -2.47572
-7.72603 -2.36636
-7.81742 -2.75804
-7.84947 -3.02133
-7.87182 -2.95161
-7.86007 -2.81592
-7.85984 -2.70956
-7.90181 -3.00849
-7.93608 -3.06298
-7.93025 -3.16617
-7.9115 -3.19225
-7.98154 -3.35045
-7.9655 -3.21328
-8.01734 -3.49197
-7.95796 -3.47411
-8.03504 -3.63457
-7.99612 -3.7129
-7.97087 -3.6587
-7.91252 -3.41603
-7.8916 -3.35395
-7.89554 -3.25812
-7.91341 -3.33304
-7.83817 -3.32231
-7.89144 -3.5127
-7.92857 -3.70417
-7.87968 -3.71269
-7.9544 -3.96666
-8.01116 -4.06101
-7.99054 -4.19252
-8.05544 -4.46204
-8.08212 -4.4067
-8.12154 -4.72183
-8.1199 -4.60706
-8.15906 -4.92045
-8.1601 -4.7601
-8.20059 -5.08178
-8.1698 -4.90724
-8.21651 -5.177
-8.20424 -5.04265
-8.19158 -4.88321
-8.17334 -4.75749
-8.2342 -5.19417
-8.25588 -5.36847
-8.25698 -5.44954
-8.31242 -5.60555
-8.29998 -5.76683
-8.31188 -5.98115
-8.2742 -5.65808
-8.27256 -5.62992
-8.21762 -5.27184
-8.20822 -5.4413
-8.16851 -5.08598
-8.16916 -5.28592
-8.19627 -5.59889
-8.1328 -5.20955
-8.13756 -5.11122
-8.10352 -4.88609
-8.07765 -5.0074
-8.0469 -4.6656
-7.99267 -4.36216
-7.97419 -4.4976
-7.94024 -4.26563
-7.90455 -4.30962
-7.90717 -4.04313
-7.95045 -4.15655
-7.86364 -4.0608
-7.86886 -3.89889
-7.85928 -4.27093
-7.89522 -4.48271
-7.93552 -4.80606
-7.94643 -4.58281
-8.01267 -4.84689
-8.0108 -5.15057
-7.95261 -5.26357
-7.88227 -5.24287
-7.7962 -5.12215
-7.85746 -5.47
-7.92383 -5.76417
-7.92078 -5.48416
-7.99254 -5.69402
-8.06431 -5.58598
-8.07224 -6.00745
-8.14075 -6.00557
-8.1424 -6.32381
-8.20055 -6.27356
-8.22343 -6.55158
-8.26442 -6.35257
-8.20103 -6.08026
-8.23133 -6.01004
-8.29947 -6.28022
-8.32449 -6.56945
-8.33444 -6.46374
-8.36376 -6.66516
-8.3564 -6.55268
-8.37833 -6.65602
-8.35127 -6.41891
-8.38049 -6.39419
-8.35413 -6.30504
-8.36351 -6.28707
-8.33144 -6.16265
-8.34768 -6.16251
-8.38951 -6.74127
-8.37766 -6.84795
-8.34566 -6.76763
-8.32547 -6.94493
-8.31823 -6.74762
-8.2879 -6.61154
-8.27026 -6.76395
-8.22097 -6.74037
-8.1463 -6.69128
-8.23742 -6.89975
-8.1638 -7.04908
-8.07741 -6.89348
-8.01466 -6.63446
-8.06705 -6.34773
-7.98243 -6.31873
-7.93614 -6.40477
-7.90838 -6.10703
-7.99065 -6.04688
-7.84901 -6.33845
-7.91095 -6.57054
-7.86195 -6.61119
-7.78676 -6.53248
-7.84128 -6.75599
-7.91778 -6.80693
-7.85572 -7.00287
-7.7772 -6.78958
-7.72443 -6.97406
-7.67579 -6.65434
-7.56327 -6.38695
-7.50763 -6.73321
-7.42591 -6.38221
-7.30619 -6.55937
-7.31248 -6.31024
-7.0611 -6.55878
-7.23762 -6.87919
-7.38042 -6.82892
-7.43007 -7.12326
-7.60138 -7.03846
-7.62957 -6.85357
-7.69498 -7.19731
-7.60525 -7.33533
-7.72061 -7.3662
-7.80485 -7.27153
-7.77822 -7.48211
-7.87187 -7.54746
-7.77733 -7.6828
-7.69123 -7.54689
-7.65752 -7.77913
-7.5666 -7.61204
-7.4854 -7.43949
-7.36704 -7.42354
-7.19134 -7.26422
-7.26222 -7.58795
-7.412 -7.65184
-7.24127 -7.91407
-7.03586 -7.62183
-6.95185 -7.98329
-7.06129 -8.15741
-7.21289 -8.22447
-7.41134 -8.09779
-7.48922 -7.85732
-7.59713 -8.01018
-7.53001 -8.22186
-7.69086 -8.12597
-7.61887 -8.33108
-7.79767 -8.21764
-7.74553 -8.35256
-7.84655 -8.29954
-7.87797 -8.20195
-7.90528 -8.09396
-7.93338 -8.13434
-7.90661 -8.2164
-7.9658 -8.17258
-7.9152 -8.2222
-7.83598 -8.31223
-7.81549 -8.36046
-7.76071 -8.37794
-7.75839 -8.3898
-7.65019 -8.45909
-7.67042 -8.42594
-7.79234 -8.33527
-7.88392 -8.24614
-7.78353 -8.26639
-7.94073 -8.146
-7.85714 -8.10811
-8.00594 -7.99842
-7.90659 -7.93131
-8.08373 -7.82199
-8.02255 -7.70239
-8.1309 -7.6825
-8.14643 -7.57198
-8.2133 -7.58266
-8.23186 -7.3762
-8.068 -7.45779
-6.63737 -7.76904
-6.4755 -7.92986
-6.21188 -7.98057
-5.96542 -8.04449
-6.13719 -8.18247
-6.35813 -8.10753
-6.335 -8.28021
-6.59037 -8.14043
-6.69835 -7.94495
-6.83504 -7.81348
-6.88593 -8.03406
-7.05149 -7.81548
-7.08735 -7.61998
-7.89763 -7.40466
-7.681 -7.44185
-7.76163 -7.64931
-7.53424 -7.74271
-7.63793 -7.88347
-7.83732 -7.79877
-7.9266 -7.60912
-7.71724 -7.99559
-7.76458 -8.08732
-7.59752 -8.1599
-7.68979 -8.21782
-7.49131 -8.31817
-7.59198 -8.36368
-7.49178 -8.49395
-7.53344 -8.5224
-7.40424 -8.56584
-7.43623 -8.56413
-7.49866 -8.54213
-7.47453 -8.48496
-7.41209 -8.38385
-7.28153 -8.52058
-7.19547 -8.42305
-7.36126 -8.28716
-6.97112 -8.35699
-6.96306 -8.52952
-6.73216 -8.51995
-6.70855 -8.33812
-6.89259 -8.21263
-6.73051 -8.12579
-6.76679 -7.95881
-6.87441 -7.79723
-6.70066 -7.75125
-6.58517 -8.00453
-6.41992 -7.78377
-6.56444 -7.51805
-6.75644 -7.53848
-6.72327 -7.32271
-6.87357 -7.47413
-6.86029 -7.6371
-6.9298 -7.26043
-6.99067 -6.91726
-6.68945 -6.96685
-6.75533 -6.57326
-6.56512 -6.69813
-6.45286 -6.46046
-6.28764 -6.11885
-6.15492 -6.39391
-5.99996 -6.07605
-6.10632 -5.81586
-6.16571 -5.58331
-5.97526 -5.58461
-6.03916 -5.40282
-5.75824 -5.40601
-5.8084 -5.78656
-5.48309 -5.72868
-5.10777 -5.66867
-5.24384 -6.03535
-5.52505 -6.07014
-5.63039 -5.90539
-5.75181 -6.07505
-5.69039 -6.34969
-5.41952 -6.36332
-5.61902 -6.67345
-5.32188 -6.67984
-5.16128 -6.36391
-5.04608 -6.63499
-4.96188 -6.31568
-4.75227 -6.44437
-4.87184 -5.98193
-5.04361 -6.12919
-5.05269 -5.95124
-4.42669 -6.42262
-4.236 -6.06346
-4.00024 -5.96791
-4.13481 -6.49877
-3.90607 -6.26055
-3.75927 -5.93497
-3.59259 -5.6195
-3.54856 -5.26148
-3.32575 -5.46217
-3.35569 -5.08565
-3.0688 -4.97972
-3.3319 -4.76459
-3.4931 -4.95483
-2.96857 -5.51263
-2.75007 -5.16626
-2.76743 -4.84303
-2.64468 -4.62485
-2.45378 -4.91882
-2.42486 -4.52292
-2.00789 -4.48921
-2.46107 -5.36399
-2.72405 -5.43296
-2.61495 -5.62164
-2.78065 -5.58015
-2.78781 -5.82588
-3.03572 -5.92124
-3.22668 -5.83783
-3.17946 -6.03371
-3.30189 -6.19119
-3.49669 -5.97173
-3.49618 -6.46281
-3.71477 -6.34325
-3.68794 -6.87927
-3.89707 -6.58222
-4.00939 -6.94798
-3.89406 -7.43476
-4.1843 -7.31793
-4.16184 -7.73511
-4.33621 -7.55432
-4.45277 -7.24749
-4.48911 -7.62824
-4.37703 -7.79575
-4.58145 -7.92442
-4.68516 -7.56983
-4.9259 -7.84122
-4.94359 -7.45685
-5.14654 -7.6473
-5.26356 -7.34609
-5.31155 -7.62888
-5.53619 -7.57575
-5.29276 -7.8616
-5.68795 -7.91449
-5.91081 -7.55854
-5.74036 -7.28277
-6.09361 -7.17598
-5.83584 -6.95393
-6.05692 -6.8913
-5.9446 -6.62322
-6.31322 -6.80182
-5.90598 -6.30038
-5.50383 -7.04219
-6.45345 -7.21522
-6.26564 -7.51468
-5.51629 -7.32663
-5.20935 -6.9545
-4.92945 -7.00325
-6.09054 -7.83016
-6.26031 -8.06704
-5.95459 -8.09721
-5.63037 -8.24871
-5.37737 -8.12729
-5.23046 -8.36979
-5.06641 -8.14731
-4.77902 -8.14511
-4.83247 -8.40561
-4.50692 -8.29198
-4.30239 -8.07394
-4.29921 -8.30171
-4.10569 -8.30114
-4.07712 -8.0358
-3.93924 -7.85017
-3.86993 -8.13038
-3.69076 -7.83276
-3.55407 -7.42359
-3.31 -7.41182
-3.4089 -7.05104
-3.46912 -6.76401
-3.24385 -6.65128
-3.12808 -7.14628
-3.01014 -6.84429
-2.94505 -6.51383
-3.10897 -6.23606
-2.88886 -6.16401
-2.78033 -6.35851
-2.62613 -6.21588
-2.54338 -5.89457
-2.34729 -5.74545
-2.31493 -6.15173
-2.05369 -5.97241
-2.05342 -5.55118
-2.20702 -5.20385
-2.0319 -6.33837
-2.19605 -6.43425
-2.3871 -6.53181
-2.05622 -6.72321
-2.35171 -6.96328
-2.58433 -6.75073
-2.60302 -6.4852
-2.73456 -6.55141
-2.80377 -6.81559
-2.64636 -7.1206
-2.8925 -7.07685
-2.85919 -7.39678
-3.11907 -7.52007
-2.63159 -7.40628
-2.42003 -7.3459
-2.05814 -7.24114
-2.26307 -7.55849
-2.0243 -7.58821
-2.68692 -6.3954
-3.84108 -8.44575
-4.0803 -8.51873
-4.27997 -8.45748
-4.21146 -8.6277
-4.49068 -8.58693
-4.30212 -8.70539
-4.64438 -8.71445
-4.77662 -8.61682
-4.92064 -8.68593
-5.03926 -8.55052
-5.29644 -8.62503
-5.24673 -8.51719
-5.47511 -8.46302
-5.72248 -8.53729
-5.75483 -8.401
-5.99589 -8.42502
-5.95525 -8.5274
-6.136 -8.51525
-6.24827 -8.39594
-6.17261 -8.27556
-5.93876 -8.28008
-6.0882 -8.18672
-6.45624 -8.25107
-6.70191 -8.03922
-6.43362 -8.47788
-6.20059 -8.63073
-5.93031 -8.59962
-5.89823 -8.70132
-6.50707 -8.63869
-6.76084 -8.63936
-6.68667 -8.74271
-6.92593 -8.70401
-6.77853 -8.77998
-6.93345 -8.75539
-7.1146 -8.68295
-7.11719 -8.61004
-7.27263 -8.60353
-7.37466 -8.54882
-7.39754 -8.5754
-7.4359 -8.53984
-7.3432 -8.5996
-7.24187 -8.63993
-7.28119 -8.62087
-7.32085 -8.56825
-7.17841 -8.64423
-7.16179 -8.67722
-7.01756 -8.70189
-7.05809 -8.7167
-6.9729 -8.7303
-6.83395 -8.77892
-6.72456 -8.80983
-6.59619 -8.83797
-6.67691 -8.7945
-6.8152 -8.75232
-6.61073 -8.78408
-6.74022 -8.73123
-6.50286 -8.74904
-6.65168 -8.69688
-6.49674 -8.7137
-6.52982 -8.66853
-6.33277 -8.71956
-6.37593 -8.66508
-6.47481 -8.60558
-6.6502 -8.5647
-6.54044 -8.52308
-6.72794 -8.43884
-6.87656 -8.48737
-6.76769 -8.61386
-7.01532 -8.5398
-6.88425 -8.65607
-7.14426 -8.59
-6.95731 -8.69038
-7.08333 -8.65656
-7.26275 -8.43332
-7.12723 -8.38094
-7.37255 -8.2556
-7.24249 -8.18396
-7.50344 -8.08034
-7.41984 -7.98395
-7.23699 -8.04866
-7.32709 -7.90108
-7.36692 -7.73404
-7.48395 -7.55301
-7.3517 -7.60667
-7.22728 -7.69168
-7.18876 -7.58706
-7.22857 -7.83928
-7.13362 -7.97733
-7.04438 -8.15229
-6.76428 -8.27
-6.9658 -8.32629
-6.56051 -8.41527
-6.53135 -8.30886
-6.38113 -8.4166
-6.22342 -8.41802
-6.21893 -8.53891
-6.41159 -8.5133
-6.35161 -8.60174
-6.43918 -8.56828
-6.23415 -8.65524
-6.06474 -8.64674
-6.11331 -8.72076
-6.16994 -8.77528
-6.32117 -8.76635
-6.24815 -8.80765
-6.09518 -8.84374
-6.29505 -8.83196
-6.40604 -8.79748
-6.49593 -8.81669
-6.3882 -8.84026
-6.39376 -8.85045
-6.57646 -8.84155
-6.16142 -8.8646
-6.13945 -8.8752
-6.04901 -8.87376
-5.90972 -8.90725
-5.9771 -8.88772
-5.79198 -8.89487
-5.68589 -8.90374
-5.74251 -8.89461
-5.558 -8.90424
-5.50957 -8.89799
-5.35967 -8.90085
-5.36239 -8.8718
-5.21312 -8.89086
-5.05942 -8.90155
-4.8935 -8.90107
-4.6717 -8.92312
-4.68675 -8.91397
-4.98853 -8.9143
-5.14912 -8.91747
-5.17937 -8.9159
-5.35492 -8.91783
-5.3529 -8.92311
-5.55568 -8.91775
-5.48451 -8.90173
-5.64581 -8.90312
-5.76978 -8.89029
-5.95128 -8.88478
-5.88943 -8.86202
-5.97227 -8.79122
-5.81138 -8.83289
-5.71421 -8.8611
-5.6562 -8.82296
-5.53267 -8.85054
-5.57454 -8.87999
-5.38276 -8.85676
-5.40329 -8.88506
-5.30362 -8.89812
-5.20438 -8.86766
-5.1998 -8.91276
-5.55608 -8.73732
-5.788 -8.75721
-5.65047 -8.66096
-5.86422 -8.63246
-5.9577 -8.71521
-6.02461 -8.55835
-5.89357 -8.47841
-6.09008 -8.47577
-6.0878 -8.35659
-5.8289 -8.26735
-5.67908 -8.42438
-5.55259 -8.31837
-5.62089 -8.20813
-5.45618 -8.18872
-5.43955 -8.44572
-5.65287 -8.54959
-7.39131 -8.46892
-7.10631 -8.53776
-6.97982 -8.61028
-4.1649 -8.7263
-3.97558 -8.6764
-3.92384 -8.78698
-3.74031 -8.63497
-4.71999 -7.23738
-4.60333 -6.86519
-4.36766 -6.80076
-4.23244 -6.96385
-8.44199 -6.97112
-8.37629 -6.9725
-8.38219 -7.09039
-8.31763 -7.18568
-8.2537 -7.12542
-8.28012 -7.33841
-8.19571 -7.26853
-8.11384 -7.30119
-8.07514 -7.08837
-8.01773 -7.20124
-8.00801 -6.9552
-7.94456 -7.06485
-7.93152 -7.33242
-8.03048 -7.42772
-7.9933 -7.58463
-7.93283 -7.54292
-7.92815 -7.69389
-7.86667 -7.79927
-7.94571 -7.90669
-7.99343 -7.7589
-8.05713 -7.69369
-8.02567 -7.8637
-8.09722 -7.80584
-8.14674 -7.66955
-8.10394 -7.53366
-8.17922 -7.47601
-8.21041 -7.6443
-8.25979 -7.51088
-8.32727 -7.41453
-8.33271 -7.31338
-8.36894 -7.35101
-8.32688 -7.42239
-8.30185 -7.52203
-8.34804 -7.45338
-8.36498 -7.37907
-8.37749 -7.37265
-8.33281 -7.42926
-8.31514 -7.56169
-8.26686 -7.56857
-8.26591 -7.44857
-8.33368 -7.32258
-8.40394 -7.27602
-8.45576 -7.09358
-8.43693 -7.19214
-8.43021 -7.18076
-8.36784 -7.24267
-8.39922 -7.28602
-8.21629 -7.69289
-8.26975 -7.70906
-8.20048 -7.79097
-8.20738 -7.85885
-8.25362 -7.76932
-8.19229 -7.84547
-8.22891 -7.72763
-8.29319 -7.65874
-8.27541 -7.62374
-8.16852 -7.80385
-8.13845 -7.92296
-8.08557 -7.94305
-8.09154 -8.03045
-8.01435 -8.08023
-7.98665 -8.01274
-7.82893 -8.01794
-8.01255 -8.12875
-8.07998 -8.05763
-8.15426 -7.96319
-8.1294 -7.97117
-8.04997 -8.04147
-7.98485 -8.14656
-8.12552 -7.89965
-8.16203 -7.78343
-8.17129 -7.71693
-8.03989 -7.56948
-7.74887 -7.91401
-8.30176 -5.96448
-8.33513 -6.23307
-8.2753 -5.97913
-8.24675 -5.73541
-8.16103 -5.70966
-8.13596 -5.39746
-8.08264 -5.27012
-8.11148 -5.21362
-8.12591 -4.48911
-8.11778 -4.34861
-8.10452 -4.21392
-8.04802 -3.86201
-8.05397 -3.98661
-8.08921 -4.17054
-8.08899 -4.2162
-8.06323 -4.08051
-8.02112 -3.93141
-8.06926 -4.2194
-8.07572 -4.23568
-8.12198 -4.42804
-8.11043 -4.37003
-8.13622 -4.61889
-8.11617 -4.48245
-8.11196 -4.31154
-8.07706 -4.11821
-8.08128 -4.41425
-7.66321 -2.19449
-7.68039 -2.36037
-7.61044 -2.23555
-7.58412 -1.9794
-7.62142 -1.94521
-7.50611 -1.83454
-7.63092 -1.92162
-7.49577 -2.0413
-7.40373 -1.75442
-7.40646 -1.94518
-7.29839 -1.67227
-7.32677 -1.9415
-7.23541 -1.7386
-7.24304 -1.95285
-7.26916 -2.2655
-7.36828 -2.23883
-7.35405 -2.39448
-7.42531 -2.55145
-7.49243 -2.4332
-7.52804 -2.86195
-7.59938 -2.70403
-7.56081 -2.36209
-7.47215 -2.18265
-7.41492 -2.14263
-7.65095 -2.60657
-7.67706 -2.92435
-7.62374 -3.01767
-7.61406 -3.2908
-7.51008 -3.1515
-7.54378 -3.48501
-7.46415 -3.61848
-7.57069 -3.8355
-7.5038 -4.04648
-7.38652 -3.70718
-7.39531 -3.89434
-7.32018 -3.76177
-7.37573 -4.02804
-7.23662 -3.81891
-7.29764 -4.03898
-7.21992 -4.0528
-7.11285 -3.9847
-7.35477 -4.24225
-7.4726 -4.35313
-7.59301 -4.06266
-7.68787 -3.48998
-7.3497 -2.52529
-7.18439 -2.2695
-6.96256 -1.98156
-6.96211 -2.17668
-6.87084 -1.9967
-6.88343 -2.1663
-6.85531 -2.3117
-6.75268 -2.25044
-6.92919 -2.50796
-6.98485 -2.41495
-7.4507 -5.52042
-3.27139 -3.0108
-3.082 -2.80242
-3.02881 -3.1185
-2.94064 -2.87068
-2.75015 -2.76257
-2.84051 -3.069
-2.6799 -3.0215
-2.51477 -2.85232
-2.53595 -2.48721
-2.26041 -2.62268
-2.05982 -2.26222
-2.01095 -2.62411
-1.82763 -2.50178
-1.83491 -2.17865
-1.61471 -2.76474
-1.84561 -2.83251
-1.68097 -3.04319
-1.86468 -3.17882
-1.61337 -3.34878
-1.86021 -3.60892
-1.34165 -3.4452
-1.46653 -3.10781
-2.13569 -3.33518
-2.11458 -3.60833
-2.39577 -3.32706
-2.60614 -3.42072
-2.54345 -3.15549
-2.71539 -3.21949
-2.84694 -3.3661
-3.0834 -3.56231
-2.31743 -3.03855
-2.06903 -2.93302
-3.55459 -3.01507
-1.81739 -4.44751
-0.788244 -2.85739
-0.402942 -3.47443
-0.362002 -3.7104
-0.313519 -3.63151
-0.307233 -3.43552
-0.285135 -3.1924
-0.261332 -3.01031
-0.318451 -2.78206
-0.245811 -2.82416
-2.37385 -0.824129
-1.09325 -0.683912
-0.961316 -0.794281
-0.854762 -0.774522
-0.887102 -0.600286
-0.751184 -0.744867
-0.742491 -0.881135
-0.675277 -1.03581
-0.759533 -0.970102
-0.685399 -1.1794
-0.80245 -1.09906
-0.65369 -1.35758
-0.617472 -1.32614
-0.591059 -1.49666
-0.848402 -0.907389
-0.911396 -0.964302
-0.900117 -1.14174
-0.884099 -1.75434
-5.82189 0.044244
-6.20968 -0.703605
-6.29095 -0.915944
-6.71729 -0.735145
-6.62682 -0.836997
-6.54168 -0.621553
-6.6085 -0.521357
-1.56023 -8.23066
-1.44786 -8.1252
-1.40671 -8.17851
-0.338529 -7.69612
-0.239688 -7.52785
-0.218385 -7.61089
-1.30581 -8.48769
-1.41099 -8.5212
0.035255 -7.1866
-2.32426 -8.44576
-2.64732 -8.894
-2.60579 -8.90043
-2.31575 -8.85553
-2.53851 -8.87269
-2.72513 -8.88972
-2.63859 -8.87998
-2.44481 -8.85246
-2.50584 -8.83895
-2.26298 -8.804
-2.0358 -8.77143
-2.27482 -8.76776
-2.48103 -8.79227
-2.69789 -8.83082
-2.78784 -8.86756
-2.95712 -8.85775
-3.18575 -8.87478
-3.13017 -8.82416
-2.86269 -8.80814
-2.60191 -8.7757
-2.33891 -8.73006
-3.80208 -8.92584
-3.65243 -8.93344
-3.59087 -8.94775
-3.4507 -8.93884
-3.37272 -8.92277
-3.47261 -8.92355
-3.32647 -8.91724
-3.16253 -8.93428
-3.15272 -8.90958
-3.2119 -8.92264
-3.09774 -8.9155
-0.295615 -6.037
-0.327869 -5.64389
-0.227225 -5.72513
-0.275067 -5.40653
-0.177123 -5.4118
-0.257562 -5.17267
-0.130516 -5.78422
-0.0806723 -5.49699
-0.0409942 -5.25933
0.00613928 -5.53111
0.0081172 -5.12779
0.069695 -5.35123
0.1029 -5.18931
0.134577 -5.51536
0.156957 -5.18839
0.18962 -5.66499
0.193252 -5.35188
0.193389 -4.98599
0.164513 -4.61142
0.204414 -4.72411
0.183146 -4.38644
0.126456 -4.00698
0.179207 -4.16226
0.155643 -3.94136
0.157392 -3.76089
0.139322 -3.53037
0.171989 -3.68297
0.190472 -3.84356
0.186128 -3.9403
0.203062 -4.15422
0.200537 -4.365
0.22237 -4.58366
0.232909 -4.78382
0.228 -5.01093
0.259023 -5.11289
0.242724 -5.24894
0.274397 -5.31632
0.288898 -5.16419
0.292613 -5.96064
0.299961 -5.74176
0.274098 -5.54861
0.242356 -5.46717
0.253817 -5.74339
0.231103 -5.59109
0.232307 -5.82022
0.21886 -5.56086
0.206424 -5.95281
0.184535 -5.93116
0.142244 -5.91245
0.178237 -6.14928
0.116547 -6.25079
0.140133 -6.44163
0.0614667 -6.5138
0.0682077 -6.74098
0.005898 -6.69042
-0.00527239 -6.55615
-0.0479317 -6.45367
-0.122577 -6.47712
-0.0728049 -6.31556
-0.00933981 -6.2249
-0.0661826 -6.14531
-0.126104 -6.2071
-0.0890136 -5.98384
-0.132115 -6.0142
-0.182088 -6.03507
-0.0586524 -5.75543
-0.00656748 -5.93205
0.0785956 -5.72907
0.0604825 -6.07736
0.0310044 -6.35591
0.175119 -6.60047
0.192254 -6.3498
0.224258 -6.3808
0.225132 -6.14036
0.254385 -6.23399
0.246053 -6.01834
0.273914 -6.15326
0.272558 -6.27595
0.262949 -6.38404
0.2304 -6.54411
0.212358 -6.69053
0.193831 -6.697
0.15374 -6.78757
0.163543 -6.85598
0.108678 -6.95083
0.108265 -6.81898
0.196955 -6.81846
0.225076 -5.32222
0.273656 -4.75153
-0.0493627 -2.61795
-0.854762 -0.774522
