-7.70136 -1.40824
-7.5472 -1.24557
-7.56705 -1.41961
-7.65391 -1.58719
-7.73678 -1.70243
-7.82892 -1.8608
-7.92374 -2.15702
-7.87602 -2.00379
-7.86045 -2.06731
-7.79053 -1.88853
-7.77051 -1.92844
-7.69721 -1.79175
-7.73745 -2.01765
-7.81204 -2.1779
-7.83018 -2.056
-7.90639 -2.27983
-7.9018 -2.46873
-7.99009 -2.60602
-7.98141 -2.40526
-7.94121 -2.28653
-8.02014 -2.52679
-7.99101 -2.35231
-8.05615 -2.51945
-8.05045 -2.42093
-8.09669 -2.64585
-8.08413 -2.72139
-8.13648 -2.86024
-8.14143 -2.77409
-8.1913 -2.89877
-8.25891 -3.1552
-8.30203 -3.36589
-8.37321 -3.6635
-8.33637 -3.49497
-8.31682 -3.5801
-8.28784 -3.3307
-8.28454 -3.2821
-8.24883 -3.1583
-8.22241 -3.0313
-8.20376 -3.00552
-8.20432 -2.96487
-8.25705 -3.28657
-8.2016 -3.13578
-8.13029 -2.95421
-8.17667 -3.22347
-8.08736 -2.90102
-8.04545 -2.91502
-7.97214 -2.82097
-8.04981 -3.11563
-8.11392 -3.19352
-8.09875 -3.37856
-8.15034 -3.47435
-8.19053 -3.47223
-8.14474 -3.18481
-8.24807 -3.60478
-8.24809 -3.40232
-8.28751 -3.68564
-8.27735 -3.5286
-8.24017 -3.32506
-8.31279 -3.71232
-8.33417 -3.83117
-8.33741 -3.84078
-8.34 -3.99633
-8.42063 -4.62513
-8.38126 -4.34917
-8.38105 -4.47885
-8.36716 -4.33377
-8.39614 -4.47286
-8.37464 -4.28162
-8.38113 -4.34973
-8.36079 -4.0663
-8.35881 -4.17248
-8.34782 -4.00715
-8.34742 -4.111
-8.36435 -4.22913
-8.3676 -4.25356
-8.33274 -3.87439
-8.32198 -3.78798
-8.32537 -3.92174
-8.30926 -3.9349
-8.35543 -4.17369
-8.33855 -4.29079
-8.26879 -3.97459
-8.33021 -4.5167
-8.36613 -4.656
-8.37487 -4.48977
-8.41314 -4.83093
-8.39827 -4.60113
-8.41599 -4.79504
-8.40061 -4.62553
-8.39984 -4.60456
-8.43547 -4.74423
-8.4419 -4.82198
-8.44229 -4.9279
-8.45269 -5.07248
-8.43901 -5.03833
-8.46105 -5.24558
-8.43906 -5.21315
-8.39164 -4.96559
-8.40799 -5.28363
-8.36996 -4.94289
-8.36429 -4.78225
-8.3028 -4.64681
-8.26483 -4.2797
-8.23902 -4.25251
-8.21492 -3.99762
-8.19512 -3.72475
-8.17706 -3.82439
-8.14771 -3.64679
-8.17193 -3.94465
-8.09589 -3.58013
-8.04835 -3.32229
-8.01765 -3.4448
-7.99751 -3.13391
-7.93632 -3.21779
-7.9152 -2.93442
-7.86948 -2.63407
-7.81074 -2.34368
-7.77034 -2.46523
-7.7254 -2.15642
-7.77307 -2.17261
-7.67865 -1.90791
-7.61993 -1.94719
-7.59606 -1.66911
-7.50123 -1.71247
-7.45899 -1.39764
-7.47808 -1.26428
-7.38811 -1.15821
-7.44937 -1.12853
-7.36964 -1.03269
-7.32719 -0.889446
-7.25801 -0.726975
-7.05822 -0.474868
-7.15303 -0.661587
-7.07267 -0.754026
-7.2105 -0.821252
-7.19877 -0.941444
-7.2916 -0.996966
-7.29827 -1.17073
-7.12842 -1.03522
-7.22783 -1.29099
-7.35814 -1.47648
-7.25226 -1.53721
-7.393 -1.82428
-7.2694 -1.79816
-7.34965 -2.12458
-7.46829 -2.14803
-7.53476 -2.03454
-7.572 -2.35818
-7.65564 -2.26023
-7.69516 -2.63014
-7.5917 -2.68124
-7.67636 -2.87541
-7.77523 -3.00836
-7.81756 -2.78432
-7.85977 -3.04514
-7.86878 -3.27716
-7.95387 -3.48281
-7.90198 -3.54815
-7.79094 -3.36358
-7.88489 -3.82344
-7.99151 -3.79255
-8.03162 -4.1762
-8.09426 -4.11512
-8.07914 -3.7965
-8.00832 -3.62628
-8.15239 -4.1162
-8.22331 -4.39444
-8.17761 -4.36342
-8.23246 -4.73444
-8.14832 -4.47372
-8.19259 -4.90776
-8.08439 -4.56402
-7.95778 -4.30641
-8.03 -4.67441
-8.11015 -4.85345
-8.068 -4.96054
-8.14902 -5.14044
-8.08904 -5.17393
-8.12653 -5.34516
-8.18665 -5.39327
-8.24004 -5.32411
-8.23061 -5.60113
-8.15785 -5.55134
-8.19078 -5.75943
-8.10389 -5.73723
-8.17937 -5.99318
-8.25965 -5.94406
-8.20753 -6.32975
-8.14392 -6.1826
-8.12234 -6.36812
-8.14651 -6.62379
-8.08357 -6.59033
-8.05637 -6.30003
-8.10454 -6.21628
-8.08882 -6.04431
-8.00366 -6.09581
-7.98516 -5.83906
-7.90856 -6.04302
-7.86041 -5.8384
-7.87956 -5.62355
-8.0047 -5.51888
-7.88896 -5.40494
-7.76488 -5.43071
-7.80725 -5.20399
-7.94777 -5.21936
-7.84713 -4.97393
-7.94307 -4.98156
-7.88491 -4.77694
-7.97924 -4.80236
-8.02238 -5.08274
-7.89147 -4.55721
-7.95159 -4.53768
-7.88722 -4.34704
-7.81057 -4.03402
-7.72072 -3.56382
-7.67673 -3.8217
-7.5681 -3.48435
-7.59769 -3.20905
-7.68837 -3.23936
-7.62488 -2.98546
-7.7123 -3.09087
-7.49715 -2.83956
-7.47792 -2.43542
-7.36867 -2.50121
-7.22883 -2.25606
-7.20829 -1.93248
-7.14386 -2.03068
-7.08413 -1.80081
-7.13036 -1.59258
-6.94171 -1.50394
-7.00903 -1.31832
-6.90239 -1.21106
-6.96144 -1.0244
-7.11635 -1.28975
-7.01856 -0.876642
-6.92894 -0.753816
-6.92697 -0.554132
-6.83182 -0.607729
-6.79313 -0.778538
-6.74296 -0.559369
-6.79665 -0.44923
-6.64862 -0.397155
-6.7693 -0.282209
-6.89027 -0.370882
-6.85772 -0.24101
-6.95829 -0.281395
-6.89131 -0.156331
-6.79768 -0.057496
-6.68565 0.0703027
-6.66276 -0.13619
-6.54261 0.00691491
-6.54295 0.171059
-6.40315 0.289635
-6.15601 0.338847
-5.95656 0.467295
-5.80402 0.541631
-3.6875 -0.214117
-3.88047 -0.0753137
-5.01666 0.537205
-4.85871 0.396817
-4.56982 0.356615
-4.62766 0.17989
-4.35147 0.22662
-4.41281 0.0672885
-4.53079 -0.0759362
-4.72193 0.0309289
-4.75604 -0.131205
-4.52102 -0.38447
-4.7919 -0.390695
-4.60295 -0.688378
-4.86228 -0.625553
-4.75229 -0.841647
-4.99661 -0.835626
-4.75528 -1.07606
-4.9539 -1.17831
-5.17025 -1.00538
-5.20609 -1.298
-5.40634 -0.977626
-5.29689 -0.74241
-5.55446 -0.715833
-5.46805 -0.515757
-5.6432 -0.503932
-5.79571 -0.63654
-5.78243 -0.351592
-6.03889 -0.491395
-5.9615 -0.116776
-6.13375 -0.228974
-6.18222 -0.348454
-6.25513 -0.245039
-6.2179 -0.03692
-6.44251 -0.207195
-6.40127 0.0814618
-6.25038 0.170935
-6.05788 0.136615
-5.90462 0.278584
-5.70107 0.395523
-5.65123 0.525589
-5.5585 0.468993
-5.43981 0.384818
-5.42338 0.49905
-5.54161 0.530254
-5.47603 0.569244
-5.56789 0.592697
-5.3812 0.5801
-5.27451 0.540946
-5.15804 0.513356
-5.09512 0.445372
-5.26318 0.452229
-5.17538 0.335329
-4.95136 0.121507
-5.23901 0.1826
-5.37762 0.26351
-5.54118 0.282536
-5.46587 0.118414
-5.68928 0.221334
-5.65786 0.0923723
-5.82418 0.103391
-5.63098 -0.0972406
-5.34767 -0.0932137
-5.20302 0.0249802
-5.18913 -0.10554
-5.01321 -0.151207
-5.18866 -0.243146
-5.01052 -0.40291
-5.18314 -0.447772
-5.38943 -0.314015
-5.30226 -0.527076
-5.58776 -0.345333
-5.16373 -0.630973
-5.04046 -0.587347
-6.2983 -0.494751
-6.51821 -0.572619
-6.4289 -0.851698
-6.21569 -0.829675
-6.02023 -0.820917
-5.93922 -0.685757
-5.87711 -0.812759
-5.68862 -0.933442
-5.90465 -1.01881
-5.73237 -1.22795
-5.95461 -1.23958
-6.10804 -1.08609
-6.12436 -1.3708
-6.38321 -1.24625
-6.27763 -1.53629
-6.44706 -1.66612
-6.64253 -1.59139
-6.62332 -1.24813
-6.76855 -1.45139
-6.78058 -1.22321
-6.64123 -0.920015
-6.5187 -1.06626
-6.81341 -1.02422
-6.66535 -0.633821
-6.84802 -1.70133
-6.97695 -1.77872
-6.93373 -1.92241
-6.79307 -1.99866
-6.60102 -1.88069
-6.63841 -2.20351
-6.77155 -2.24374
-6.88692 -2.35351
-6.75917 -2.46161
-6.89101 -2.68539
-7.01087 -2.57922
-7.00155 -2.38005
-7.11205 -2.42263
-6.98698 -2.17324
-7.11029 -2.17358
-7.25883 -2.60775
-7.15298 -2.79676
-7.29853 -2.90621
-7.36919 -2.77084
-7.41037 -3.01582
-7.50284 -3.16535
-7.43934 -3.29098
-7.45919 -3.58375
-7.57127 -3.76831
-7.47308 -3.95191
-7.33312 -3.63317
-7.34287 -3.3587
-7.21372 -3.36616
-7.24724 -3.11202
-7.10771 -3.08966
-7.01924 -2.84395
-6.9393 -3.05646
-6.73304 -2.81826
-6.7976 -3.17907
-6.56825 -3.11339
-6.5432 -2.73075
-6.62526 -2.51925
-6.43707 -2.41034
-6.44372 -2.00634
-6.2085 -2.14313
-6.27606 -1.79963
-6.09884 -1.87072
-6.10617 -1.63374
-5.93252 -1.77776
-5.85652 -1.50968
-5.64592 -1.87186
-5.45901 -1.50641
-5.49974 -1.18578
-5.21982 -1.51078
-5.06901 -1.56338
-4.88931 -1.49494
-4.89276 -1.83677
-5.17668 -1.70428
-5.13679 -2.04699
-5.34923 -1.83067
-5.38879 -2.0952
-5.58759 -2.18594
-5.72124 -2.09083
-5.91296 -2.05624
-5.76203 -2.27714
-5.98939 -2.41413
-5.75849 -2.55399
-5.94175 -2.63392
-6.08856 -2.69473
-6.2196 -2.49784
-6.32012 -2.80868
-6.09918 -2.9372
-6.21823 -3.25281
-5.912 -3.05679
-5.91218 -2.80625
-5.66147 -2.85576
-5.45356 -2.44755
-5.62867 -2.36849
-5.34825 -2.81196
-5.12865 -2.45874
-5.25516 -2.25507
-4.88847 -2.23377
-4.8719 -2.58871
-4.68277 -2.40788
-4.70368 -2.11369
-4.46662 -2.22435
-4.62888 -1.89274
-4.73315 -1.6956
-4.59713 -1.69675
-4.69007 -1.55279
-4.5301 -1.51728
-4.72444 -1.34498
-4.55995 -1.24423
-4.38486 -1.36937
-4.4182 -1.15864
-4.23279 -1.2512
-4.36854 -0.938614
-4.57119 -0.991176
-4.39035 -0.666367
-4.23675 -0.80346
-4.24263 -0.551224
-4.05383 -0.872119
-4.01745 -0.616178
-4.15589 -0.335979
-4.35143 -0.276214
-4.29973 -0.102021
-4.09765 -0.132009
-4.23147 0.0452584
-4.1157 0.00888228
-4.0976 0.10546
-4.02833 -0.0454991
-3.93548 -0.197089
-3.74222 -0.367183
-3.91656 -0.430425
-3.6592 -0.717564
-3.56236 -0.583306
-3.53132 -0.420936
-3.42716 -0.642179
-3.39091 -0.564116
-3.30698 -0.709179
-3.17023 -0.911914
-3.3202 -0.809784
-3.4375 -0.827764
-3.23992 -1.01507
-3.33802 -1.08011
-3.47733 -1.02372
-3.6441 -1.09617
-3.41815 -1.33883
-3.55154 -1.49476
-3.73868 -1.33853
-3.85941 -1.03475
-3.96513 -1.31194
-3.93564 -0.815091
-3.83659 -0.774629
-4.16438 -1.03141
-4.12068 -1.48874
-4.25438 -1.48355
-4.19586 -1.7263
-3.98726 -1.68199
-4.01886 -1.98846
-3.83428 -1.93426
-3.81575 -1.65455
-3.79073 -1.48371
-3.67149 -1.62286
-3.67635 -1.89739
-3.49957 -1.87668
-3.3706 -1.71015
-3.32796 -2.02
-3.37777 -2.24289
-3.54941 -2.16352
-3.4445 -2.41948
-3.58723 -2.41326
-3.4139 -2.65768
-3.51571 -2.68486
-3.6696 -2.58961
-3.82062 -2.265
-3.88126 -2.55188
-4.0418 -2.28076
-4.05733 -2.48636
-4.21376 -2.38074
-4.2271 -2.06328
-4.42578 -1.81402
-4.35586 -1.58361
-4.34074 -2.63497
-4.5301 -2.54603
-4.4955 -2.72467
-4.67365 -2.78594
-4.43221 -2.98065
-4.66024 -3.21644
-4.87979 -3.07487
-4.91409 -3.51652
-5.13202 -3.26992
-5.19024 -3.59988
-5.47246 -3.45711
-5.30472 -3.10747
-5.0642 -2.87279
-5.55176 -3.1165
-5.82449 -3.31617
-5.73478 -3.09939
-5.792 -3.60234
-6.06662 -3.59739
-6.34017 -3.65724
-6.54526 -3.53518
-6.77539 -3.47198
-6.74708 -3.76361
-6.58835 -3.97867
-6.8337 -4.01053
-6.98344 -3.83089
-7.00848 -4.22881
-7.16215 -4.14515
-7.19213 -3.93321
-7.15538 -3.63362
-7.30492 -3.86809
-7.32932 -4.14662
-7.53222 -4.39647
-7.26688 -4.54103
-7.55914 -4.7849
-7.61677 -4.63402
-7.67392 -4.57203
-7.69332 -4.33703
-7.58478 -4.17436
-7.62566 -4.0217
-7.7246 -4.09925
-7.8075 -4.31623
-7.81087 -4.55396
-7.74983 -4.58549
-7.80387 -4.74752
-7.73748 -4.70798
-7.68287 -4.75974
-7.76436 -4.84142
-7.7223 -4.96666
-7.62292 -5.16599
-7.41134 -4.97076
-7.42929 -5.28413
-7.13444 -5.01883
-6.96741 -4.55546
-6.8198 -4.2495
-6.68804 -4.45392
-6.44788 -4.25082
-6.24203 -3.95838
-6.24088 -4.32345
-6.04065 -4.12661
-5.93424 -3.85636
-5.79597 -4.10798
-5.6458 -3.81686
-5.51795 -4.09531
-5.36312 -3.83241
-5.28838 -4.11166
-5.08493 -3.9332
-5.10703 -4.35029
-4.914 -4.19658
-4.81424 -3.91847
-4.63299 -3.62535
-4.57792 -3.98901
-4.36043 -3.77266
-4.42223 -3.36605
-4.13265 -3.47624
-4.28322 -3.1989
-4.12287 -3.02437
-4.10916 -2.65112
-3.89714 -2.84193
-3.99371 -2.62051
-3.65881 -2.84425
-3.67297 -3.08392
-3.81746 -3.19178
-3.5267 -3.42892
-3.74617 -3.48253
-3.94516 -3.33622
-3.89329 -3.54976
-3.89745 -3.7859
-4.09837 -3.85093
-3.8814 -4.19046
-4.19681 -4.04188
-4.3805 -4.0821
-4.21901 -4.30682
-4.48479 -4.2852
-4.71238 -4.2407
-4.58893 -4.48806
-4.81992 -4.51913
-4.53244 -4.79087
-4.82451 -4.86345
-5.01699 -4.67209
-5.08727 -4.97622
-4.86326 -5.07631
-4.91922 -5.33497
-5.33597 -5.3392
-5.43246 -4.92543
-5.71597 -5.14383
-5.75629 -5.48445
-6.00009 -5.33619
-6.13267 -5.70044
-6.29218 -5.41836
-6.07913 -4.9659
-6.47396 -5.28284
-6.51078 -5.5027
-6.7329 -5.57154
-6.70694 -5.2645
-7.00266 -5.42936
-7.04315 -5.81337
-7.29504 -5.76663
-7.24467 -6.00557
-7.40742 -6.05357
-7.56981 -5.94456
-7.49086 -5.60521
-7.71869 -5.70137
-7.77191 -5.9899
-7.70269 -6.17522
-7.83674 -6.23186
-7.95514 -6.2799
-7.88507 -6.48975
-7.74108 -6.41668
-7.79869 -6.70344
-7.61695 -6.61491
-7.55412 -6.2738
-7.4444 -6.44332
-7.34187 -6.22319
-7.24418 -6.3912
-7.11531 -6.11324
-6.93806 -6.26174
-6.84365 -5.92583
-6.67272 -6.02877
-6.52433 -5.72949
-6.43652 -5.95372
-6.22964 -6.05992
-5.97024 -5.93163
-5.81899 -5.74854
-5.70217 -5.97694
-5.52807 -5.69959
-5.38602 -5.99878
-5.18114 -5.70963
-5.09519 -5.48816
-4.97145 -5.59447
-4.79361 -5.62293
-4.61576 -5.48516
-4.6341 -5.14165
-4.41193 -5.34189
-4.27326 -5.10438
-4.209 -4.82563
-4.34245 -4.56246
-3.96658 -4.63258
-3.56434 -4.60523
-3.46598 -4.29879
-3.64043 -3.95351
-3.33564 -3.9999
-3.55872 -3.71684
-3.7447 -3.69776
-3.41422 -3.71332
-3.27438 -3.69127
-3.33087 -3.41661
-3.46615 -3.13856
-3.26163 -3.28879
-3.36147 -2.96159
-3.50365 -2.93645
-3.53981 -2.80317
-3.19362 -3.20331
-3.10983 -3.09034
-3.28644 -2.83346
-3.28033 -2.62067
-3.11074 -2.70774
-3.23211 -2.39031
-3.29306 -2.20734
-3.21944 -2.17673
-3.22506 -1.93112
-3.13565 -2.13229
-3.08145 -1.95977
-3.22399 -1.61924
-3.05552 -1.69844
-3.15867 -1.44847
-3.03505 -1.52314
-3.11125 -1.365
-3.02305 -1.41246
-3.08273 -1.24827
-3.2069 -1.2306
-3.09616 -1.0987
-3.0057 -1.10294
-2.86058 -1.27797
-2.02875 -3.19225
-2.09219 -3.02498
-2.05185 -3.14342
-2.12938 -2.95772
-2.08408 -3.13746
-2.03275 -3.2739
-2.06257 -3.31723
-2.14918 -3.22779
-2.02741 -3.50547
-2.05988 -3.56012
-2.10614 -3.54075
-2.01786 -3.80016
-1.99432 -3.70985
-1.95349 -3.89477
-1.93894 -3.7645
-1.87966 -4.0977
-1.83984 -3.95719
-1.87365 -3.66686
-1.99864 -3.47669
-1.98586 -3.35385
-1.91029 -3.39609
-1.8231 -3.74897
-1.70403 -4.54921
-1.71276 -4.70163
-1.73676 -4.58534
-1.72364 -4.73292
-1.7487 -4.60956
-1.76064 -4.66069
-1.73276 -4.83973
-1.7397 -4.90272
-1.80301 -4.67896
-1.82101 -4.41382
-1.88803 -4.33841
-1.93986 -4.05099
-1.99339 -4.06532
-1.97516 -4.36215
-2.06415 -4.05875
-2.09051 -4.19519
-2.04415 -4.50948
-1.96005 -4.63903
-1.88125 -4.66189
-1.92647 -4.8086
-1.98839 -4.81913
-1.93182 -4.97456
-1.87343 -4.93356
-1.88606 -5.20191
-1.80695 -5.09556
-1.83437 -4.85928
-1.77594 -4.92828
-1.73798 -5.12542
-1.71981 -5.09265
-1.69989 -5.03169
-1.72188 -5.31962
-1.65496 -5.20175
-1.67826 -5.00886
-1.71459 -4.8867
-1.70697 -4.82504
-1.65247 -5.36878
-1.70429 -5.41508
-1.71132 -5.56353
-1.73475 -5.58591
-1.7683 -5.85718
-1.7637 -5.65803
-1.80339 -5.96193
-1.80685 -5.73223
-1.77444 -5.47076
-1.8299 -5.63064
-1.81773 -5.36601
-1.77522 -5.27089
-1.75384 -5.29759
-1.88353 -5.51798
-1.95456 -5.42041
-1.93367 -5.72027
-1.99181 -5.64434
-2.01931 -5.49658
-2.03751 -5.25565
-2.07951 -5.46345
-2.07194 -5.71063
-2.14356 -5.56094
-2.12087 -5.31349
-2.20841 -5.41888
-2.18744 -5.1559
-2.1146 -5.05771
-2.19132 -4.92596
-2.14939 -4.74232
-2.27778 -4.68528
-2.26805 -4.97799
-2.36361 -4.78686
-2.35691 -5.05117
-2.46205 -4.85367
-2.46792 -5.10942
-2.37853 -5.31414
-2.27595 -5.25015
-2.30984 -5.59501
-2.21517 -5.66167
-2.25687 -5.92269
-2.33906 -5.86721
-2.42627 -5.7993
-2.41433 -5.52589
-2.51381 -5.57873
-2.56097 -5.78901
-2.59971 -5.61591
-2.67248 -5.39634
-2.71709 -5.72117
-2.9478 -5.514
-2.92108 -5.81865
-3.08735 -5.71558
-3.09899 -5.91756
-3.27952 -5.84017
-3.29547 -5.53651
-3.49435 -5.74547
-3.68664 -5.52085
-3.75247 -5.85705
-4.03341 -5.66444
-3.94579 -5.40781
-4.17434 -5.38981
-4.0224 -5.23201
-3.91652 -5.02062
-3.8128 -5.26922
-3.52756 -5.2037
-3.63816 -4.88467
-3.27306 -4.95032
-3.23202 -4.61758
-2.97691 -4.8619
-3.0073 -4.55542
-3.20587 -4.357
-3.07068 -4.23862
-3.1339 -3.95704
-2.9512 -4.06101
-3.08977 -3.75075
-3.19655 -3.52709
-3.09315 -3.46306
-2.96834 -3.76813
-2.92067 -3.58681
-2.86954 -3.39031
-2.95135 -3.02961
-2.82055 -3.25514
-2.82862 -3.01948
-2.97441 -2.71535
-2.85777 -2.71091
-2.96364 -2.44533
-2.84215 -2.46881
-2.95276 -2.20376
-2.83966 -2.21739
-2.9401 -1.96381
-2.81226 -2.02223
-2.91295 -1.74089
-2.77701 -1.86873
-2.84273 -1.652
-2.94834 -1.54293
-2.92249 -1.44951
-2.77181 -1.63242
-2.8034 -1.48165
-2.97434 -1.27201
-2.44643 -2.27237
-2.35158 -2.475
-2.26852 -2.67991
-2.14552 -2.86279
-2.18846 -2.77433
-2.19751 -2.85062
-2.23409 -2.88034
-2.1453 -2.99638
-2.28629 -2.92008
-2.28148 -3.10569
-2.39846 -2.78472
-2.38481 -2.94473
-2.5193 -2.6391
-2.45433 -3.00528
-2.58343 -2.74569
-2.66081 -2.50252
-2.6769 -2.59725
-2.65936 -2.73059
-2.73483 -2.62607
-2.7506 -2.43644
-2.77707 -2.71438
-2.67704 -2.86661
-2.74428 -2.94311
-2.60598 -3.18946
-2.69913 -3.19413
-2.58498 -3.53132
-2.72489 -3.30327
-2.71587 -3.53068
-2.57979 -3.8556
-2.45142 -3.95293
-2.43057 -3.74982
-2.4961 -3.47351
-2.39903 -3.59688
-2.4801 -3.30595
-2.56592 -3.04733
-2.47657 -3.1389
-2.53867 -2.95358
-2.3638 -3.41524
-2.30417 -3.24668
-2.23565 -3.57566
-2.25569 -3.72654
-2.31596 -3.73273
-2.31703 -3.88907
-2.2135 -3.9974
-2.23657 -4.18176
-2.33736 -4.03209
-2.29364 -4.34047
-2.4469 -4.17248
-2.37345 -4.42776
-2.47106 -4.34604
-2.5552 -4.09186
-2.5804 -4.23639
-2.7205 -3.85038
-2.70151 -4.15102
-2.62596 -4.41951
-2.48765 -4.56109
-2.56457 -4.67232
-2.60095 -4.89374
-2.6935 -4.58364
-2.79824 -4.74242
-2.86837 -4.42268
-2.76826 -4.27243
-2.83086 -3.95203
-2.74244 -5.04972
-2.94053 -5.17733
-2.58111 -5.16613
-2.49546 -5.34976
-2.38641 -4.56622
-2.15093 -4.47552
-2.13756 -4.28559
-2.07191 -4.71013
-2.04074 -4.94853
-1.96859 -5.10405
-2.15967 -3.88824
-2.11696 -3.72394
-2.21865 -3.44287
-2.18543 -3.38532
-2.25076 -3.29018
-2.60708 -2.86114
-2.73333 -2.27123
-2.63829 -2.37208
-2.69244 -2.1431
-2.58447 -2.36034
-2.59346 -2.2164
-2.68273 -1.96449
-2.75971 -1.77612
-2.68349 -1.81308
-2.57793 -2.03203
-2.47608 -2.35325
-2.49392 -2.49226
-2.36156 -2.64898
-3.04894 -2.22069
-3.10142 -2.39628
-3.17329 -5.27277
-4.35219 -5.60389
-4.27267 -5.87179
-4.03807 -6.01769
-4.32477 -6.19075
-4.04859 -6.29964
-3.76036 -6.19613
-3.51216 -6.0003
-3.52676 -6.2003
-3.55557 -6.42086
-3.88697 -6.51639
-3.7135 -6.70511
-4.02952 -6.85425
-3.7144 -6.97554
-3.39213 -6.68091
-3.44763 -7.03301
-3.20942 -6.83744
-3.06668 -6.5796
-3.15467 -6.37284
-3.3386 -6.41775
-3.29832 -6.15946
-3.01143 -6.08902
-2.91146 -6.28847
-2.8012 -6.00577
-2.71232 -6.20079
-2.64975 -5.95634
-2.53694 -6.08974
-2.63523 -6.40132
-2.49298 -6.34236
-2.3754 -6.14507
-2.42055 -6.47906
-2.31915 -6.39769
-2.26564 -6.21905
-2.1681 -6.12562
-2.16832 -5.81991
-2.1113 -5.93234
-2.06519 -5.90203
-1.99972 -5.8628
-2.0581 -6.08158
-1.97896 -6.03382
-1.95211 -5.89288
-1.9156 -5.916
-1.88372 -5.74724
-1.85533 -5.91256
-1.92743 -6.1282
-1.88319 -6.21694
-1.85706 -6.20462
-1.81913 -6.09433
-1.87283 -6.31167
-1.91106 -6.4265
-1.91079 -6.47668
-1.95373 -6.65044
-1.96914 -6.64013
-1.94122 -6.45683
-2.00389 -6.6035
-2.0496 -6.78771
-2.07612 -6.75532
-2.07007 -6.6586
-2.03231 -6.49057
-2.09189 -6.60405
-2.10058 -6.3884
-2.15646 -6.62213
-2.21716 -6.46749
-2.26482 -6.79349
-2.34467 -6.63879
-2.43627 -6.90325
-2.49296 -6.73556
-2.55819 -6.58001
-2.63328 -6.79878
-2.63469 -6.99799
-2.79463 -6.96697
-2.75522 -6.70923
-2.94314 -6.9476
-2.99 -6.77611
-2.82904 -6.49191
-3.20125 -7.07232
-3.03778 -7.19061
-3.36818 -7.3864
-3.4797 -7.25879
-3.65925 -7.45657
-3.73577 -7.27503
-3.925 -7.49066
-3.85779 -7.6276
-3.61421 -7.57399
-3.73928 -7.72603
-3.44263 -7.60589
-3.19502 -7.42741
-3.17456 -7.54827
-2.98403 -7.35011
-2.83475 -7.15431
-2.77079 -7.26739
-2.56907 -7.16044
-2.38831 -7.06904
-2.501 -7.25521
-2.61861 -7.316
-2.68822 -7.32201
-2.73991 -7.4444
-2.80542 -7.41276
-2.94939 -7.47308
-2.91499 -7.55741
-3.12336 -7.64562
-3.073 -7.72931
-2.83846 -7.62658
-2.61633 -7.42685
-2.67421 -7.56733
-2.50842 -7.4359
-2.47898 -7.32438
-2.3841 -7.27532
-2.34159 -7.34073
-2.2636 -7.14905
-2.21469 -7.19126
-2.16858 -7.04102
-2.12549 -7.05257
-2.09515 -6.9381
-2.03262 -6.86058
-2.12285 -6.89034
-2.08715 -7.02956
-2.00568 -6.85044
-1.97244 -6.73538
-1.9276 -6.49404
-1.95812 -6.54778
-2.26577 -7.15829
-2.34515 -7.20701
-2.37778 -7.297
-2.33453 -7.32184
-2.24781 -7.20443
-2.15909 -7.06158
-2.1934 -7.15524
-2.28998 -7.31837
-2.20874 -7.23814
-2.29482 -7.3471
-2.24483 -7.28376
-2.35616 -7.39322
-2.25998 -7.29614
-2.18685 -7.17762
-2.1641 -7.17227
-2.113 -7.07338
-2.03131 -6.92838
-2.0313 -6.88662
-2.0769 -6.91204
-2.1034 -7.03525
-2.49053 -7.49533
-2.44974 -7.47637
-2.54041 -7.54347
-2.65049 -7.63061
-2.66332 -7.67574
-2.75774 -7.73944
-2.7784 -7.73508
-2.72772 -7.65828
-2.88865 -7.78015
-2.90235 -7.8495
-3.0286 -7.91579
-3.09137 -7.908
-3.07024 -7.82197
-3.30177 -7.98456
-3.21898 -8.01363
-3.4244 -8.09387
-3.57862 -8.11067
-3.52603 -8.00845
-3.78793 -8.1177
-3.77047 -7.99643
-3.47644 -7.88505
-3.62416 -7.87132
-3.86897 -7.88829
-3.61547 -7.77601
-3.38741 -7.74153
-4.02965 -7.79103
-4.20138 -7.93505
-4.31885 -7.83372
-4.15782 -7.66377
-4.41047 -7.7402
-4.58903 -7.83811
-4.59309 -7.67713
-4.36956 -7.61184
-4.49016 -7.45968
-4.17613 -7.43832
-4.338 -7.14719
-3.99167 -7.19715
-4.35201 -6.80286
-4.6461 -6.91962
-4.53103 -6.49325
-4.20088 -6.53591
-4.5617 -6.19177
-4.78959 -6.20479
-4.57878 -5.8747
-4.89764 -5.84169
-5.09089 -6.06276
-5.0389 -6.39189
-4.8172 -6.58494
-5.01881 -6.67008
-4.87218 -6.8314
-5.0281 -6.89028
-4.85512 -7.07444
-4.72605 -7.09388
-4.67636 -7.24004
-4.90983 -7.31908
-4.7789 -7.52233
-5.09551 -7.52196
-4.90628 -7.79086
-5.21591 -7.76022
-5.39517 -7.60157
-5.50032 -7.8471
-5.71195 -7.59981
-5.80246 -7.81537
-5.74986 -7.98743
-6.03495 -7.89854
-6.0521 -7.65707
-6.37516 -7.778
-6.3949 -7.53642
-6.63779 -7.62418
-6.6374 -7.42841
-6.47258 -7.29154
-6.74514 -7.19812
-6.8529 -7.4459
-6.98109 -7.24486
-7.12539 -7.43035
-7.12959 -7.10141
-7.35841 -7.22591
-7.34558 -7.50201
-7.50418 -7.4209
-7.53374 -7.21004
-7.64764 -7.32358
-7.61719 -7.56673
-7.73885 -7.46481
-7.73742 -7.31668
-7.73491 -7.15788
-7.62374 -7.07711
-7.70997 -6.90638
-7.57994 -6.85668
-7.4092 -6.68518
-7.47593 -6.99257
-7.26781 -6.89469
-7.13777 -6.58628
-6.98657 -6.79069
-6.89057 -6.49531
-6.58916 -6.27911
-6.73584 -6.58918
-6.46091 -6.56826
-6.27573 -6.32547
-5.95502 -6.23083
-6.12071 -6.554
-5.81649 -6.52666
-5.5608 -6.3196
-5.55768 -6.71045
-5.89155 -6.8716
-5.51339 -7.09883
-5.82998 -7.2816
-6.1003 -7.10348
-6.30729 -6.87296
-6.31882 -7.13727
-6.51902 -7.06847
-6.68519 -6.86648
-6.92749 -7.03545
-6.15599 -7.36615
-5.92935 -7.48853
-5.54799 -7.40312
-5.3341 -7.36771
-5.15111 -7.1379
-5.32586 -6.88028
-5.17026 -6.85028
-5.2551 -6.60154
-5.11607 -6.74929
-5.26523 -6.26734
-7.84828 -7.01849
-7.81681 -7.30009
-7.93416 -7.2676
-7.85872 -7.5183
-7.96353 -7.47285
-7.99905 -7.33929
-8.0504 -7.1648
-8.04186 -7.42575
-8.11295 -7.34803
-8.13028 -7.54805
-8.22072 -7.40954
-8.16429 -7.15564
-8.25122 -7.14945
-8.33863 -7.3611
-8.34831 -7.09955
-8.40035 -7.26698
-8.40935 -7.00511
-8.4625 -7.14718
-8.46 -6.86404
-8.54495 -7.04501
-8.55734 -6.83183
-8.57059 -7.25484
-8.53124 -7.25913
-8.53042 -7.35403
-8.52644 -7.40838
-8.52105 -7.38547
-8.39114 -7.63576
-8.42552 -7.59646
-8.47071 -7.48718
-8.48719 -7.52549
-8.46838 -7.6077
-8.44247 -7.65541
-8.47084 -7.57754
-8.48233 -7.4645
-8.41076 -7.67673
-8.38431 -7.53454
-8.43943 -7.34692
-8.33412 -7.7585
-8.32423 -7.70275
-8.29829 -7.57904
-8.24731 -7.74629
-8.22151 -7.62615
-8.12083 -7.76086
-8.01781 -7.63883
-7.99602 -7.81892
-7.90027 -7.75217
-7.93204 -7.60474
-7.7332 -7.71344
-7.78338 -7.90466
-7.90803 -7.93309
-7.81728 -8.00106
-7.84397 -8.06605
-8.0251 -7.96298
-7.96421 -8.12246
-8.09182 -8.04711
-8.05772 -8.15588
-8.18828 -8.04143
-8.1902 -7.91176
-8.26078 -7.89566
-8.27286 -7.96836
-8.23796 -8.05911
-8.33561 -7.95698
-8.34959 -7.85213
-8.41652 -7.80337
-8.3515 -7.92337
-8.38616 -7.84856
-8.32624 -7.94998
-8.30526 -7.88722
-8.25422 -7.99868
-8.2696 -8.02604
-8.14195 -8.09671
-8.16199 -8.11105
-8.12517 -8.15469
-8.01144 -8.19921
-7.95913 -8.22128
-7.88802 -8.227
-7.7669 -8.27673
-7.67826 -8.2762
-7.77769 -8.18969
-7.5683 -8.24261
-7.65215 -8.15599
-7.68413 -8.03777
-7.50759 -8.12888
-7.52147 -8.04113
-7.6021 -7.91332
-7.42163 -7.99089
-7.4166 -7.85642
-7.57702 -7.7552
-7.45831 -7.65657
-7.19398 -7.7419
-7.16959 -8.00169
-6.85435 -7.9483
-6.85836 -7.70506
-6.57849 -7.90626
-6.62123 -8.00805
-6.6302 -8.07565
-6.37827 -8.0678
-6.44258 -8.19883
-6.81728 -8.11056
-6.71355 -8.21884
-7.04041 -8.18415
-6.72958 -8.28504
-6.94451 -8.30854
-7.22218 -8.25179
-7.32315 -8.17623
-7.45231 -8.20975
-7.37007 -8.28212
-7.39808 -8.32149
-7.14755 -8.32767
-7.06541 -8.40047
-6.84135 -8.386
-6.65284 -8.36497
-6.5572 -8.42719
-6.67012 -8.44424
-6.2776 -8.48186
-6.36279 -8.48064
-6.61897 -8.42667
-6.28411 -8.47092
-5.98064 -8.52012
-5.97463 -8.51361
-5.72717 -8.51946
-5.82299 -8.50202
-5.57169 -8.50099
-5.79342 -8.45894
-5.38681 -8.49143
-5.54851 -8.41381
-5.28056 -8.42142
-5.14231 -8.49807
-5.12348 -8.51968
-4.94282 -8.49838
-4.92389 -8.52719
-5.08362 -8.52699
-5.29086 -8.53115
-5.16908 -8.5433
-4.93977 -8.54007
-4.95583 -8.54404
-5.1582 -8.56048
-5.35162 -8.54207
-5.41877 -8.56229
-5.60119 -8.54269
-5.71187 -8.54281
-5.64114 -8.53716
-5.34711 -8.52835
-5.14617 -8.55338
-5.08269 -8.50836
-5.24007 -8.45718
-5.56095 -8.47003
-5.36515 -8.42155
-5.09084 -8.40121
-5.32197 -8.36791
-5.58012 -8.38147
-5.46558 -8.28905
-5.8723 -8.30168
-5.86788 -8.40219
-6.2214 -8.33034
-6.15549 -8.25898
-6.09046 -8.18945
-5.71992 -8.18609
-5.99353 -8.07005
-5.729 -8.09331
-5.47067 -8.07322
-5.42323 -8.1923
-5.23495 -8.22747
-5.22208 -8.13822
-4.95787 -8.18317
-5.01014 -8.0564
-5.22618 -8.06311
-5.18825 -7.94875
-4.97577 -7.95086
-4.78035 -7.95877
-4.49866 -7.96057
-4.68966 -8.08343
-4.38207 -8.06498
-4.08224 -8.0268
-4.23156 -8.11804
-4.02083 -8.12434
-4.24532 -8.19807
-4.42683 -8.16214
-4.52238 -8.25581
-4.65384 -8.1848
-4.80123 -8.2519
-4.53908 -8.12339
-5.09414 -8.2968
-4.78183 -8.33622
-4.83881 -8.41134
-4.61812 -8.39043
-4.50978 -8.3306
-4.26659 -8.27958
-4.37697 -8.35595
-4.16802 -8.32257
-4.04437 -8.26032
-4.02712 -8.20938
-3.83167 -8.20891
-3.94599 -8.3086
-3.64227 -8.19716
-3.70087 -8.27194
-3.41298 -8.15376
-3.63566 -8.26882
-3.42037 -8.17658
-3.24254 -8.08695
-3.12465 -7.99855
-3.01584 -7.94061
-2.82539 -7.7986
-2.94049 -7.85894
-2.74653 -7.71991
-2.55662 -7.55863
-2.67888 -7.62497
-2.50428 -7.45429
-2.40757 -7.42923
-2.40976 -7.44584
-2.76039 -7.60244
-2.56972 -7.40102
-2.46265 -7.34828
-2.42862 -7.25711
-2.57756 -7.27486
-2.63498 -7.18742
-3.3914 -7.58268
-3.63515 -7.75635
-3.44334 -7.72523
-3.69139 -7.86325
-3.53808 -7.84802
-3.29227 -7.73508
-3.52407 -7.91364
-3.31141 -7.80018
-3.15853 -7.72937
-2.9974 -7.56819
-2.98687 -7.66766
-3.29327 -7.85834
-3.04036 -7.78643
-2.89755 -7.77391
-3.13939 -7.90559
-3.08166 -7.9109
-3.16469 -7.99266
-3.30782 -8.03954
-3.43335 -8.14808
-3.56468 -8.17639
-3.72289 -8.27882
-3.91524 -8.37318
-3.89947 -8.36767
-4.1686 -8.45027
-4.08883 -8.39056
-4.23038 -8.38571
-4.20856 -8.42917
-4.35668 -8.45042
-4.48398 -8.41752
-4.72635 -8.44673
-4.5991 -8.48406
-4.84296 -8.50329
-4.97217 -8.45725
-4.94837 -8.53185
-4.73692 -8.54369
-4.9503 -8.55355
-4.79539 -8.539
-4.6027 -8.55321
-4.46126 -8.51697
-4.34132 -8.51214
-4.11137 -8.44111
-4.16896 -8.45725
-3.96246 -8.38445
-4.03016 -8.37675
-3.8376 -8.3022
-3.88067 -8.27959
-3.69818 -8.22106
-3.70771 -8.25155
-3.50223 -8.11405
-3.68348 -8.16968
-3.44813 -8.02512
-3.32451 -8.00089
-3.24169 -7.91439
-3.6658 -8.07768
-3.84036 -8.08054
-3.76697 -7.968
-4.06238 -8.17241
-3.97238 -8.19764
-4.16778 -8.24611
-4.1796 -8.31678
-3.91534 -8.23455
-4.09481 -8.35022
-4.32656 -8.41169
-4.23836 -8.43035
-4.45569 -8.48108
-4.35281 -8.48356
-4.5643 -8.53712
-4.76512 -8.54163
-4.77432 -8.54549
-4.71001 -8.50874
-4.55987 -8.45877
-4.78593 -8.46723
-4.6681 -8.41399
-4.44202 -8.38488
-4.58208 -8.3404
-4.35465 -8.30073
-3.83302 -7.86175
-5.16827 -8.24495
-5.41381 -8.1618
-5.36544 -8.26179
-5.16936 -8.32048
-4.96709 -8.30758
-5.00568 -8.24262
-4.72482 -8.29016
-4.80726 -8.36112
-5.05253 -8.38226
-4.85998 -8.42187
-5.00618 -8.4673
-5.326 -8.33123
-5.56843 -8.34791
-5.58787 -8.25587
-5.56693 -8.19056
-5.81015 -8.15928
-5.69751 -8.10396
-6.26298 -8.03503
-6.07458 -8.12839
-5.96605 -8.25653
-6.32777 -8.12921
-6.32774 -8.21824
-6.27354 -8.30255
-6.03752 -8.37779
-6.28831 -8.37684
-6.17898 -8.42755
-6.076 -8.46758
-6.43728 -8.43021
-6.58315 -8.45733
-6.70412 -8.41101
-6.86814 -8.38619
-6.8592 -8.37573
-6.78021 -8.36596
-7.08415 -8.33823
-7.0655 -8.32955
-6.92388 -8.30459
-6.6859 -8.34968
-6.74249 -8.30064
-6.5034 -8.34317
-6.47712 -8.39652
-6.57195 -8.25016
-6.86147 -8.21402
-6.78649 -8.14579
-6.53437 -8.15895
-6.67484 -8.06297
-6.47995 -8.02293
-7.42194 -7.88192
-7.18335 -7.97211
-7.40504 -7.99605
-7.21846 -8.05694
-7.37676 -8.08867
-7.09316 -8.14288
-6.98534 -8.06267
-7.30334 -8.18139
-7.05678 -8.24364
-6.90165 -8.27622
-7.19671 -8.26956
-7.46138 -8.22287
-7.54599 -8.13222
-7.72068 -8.14615
-7.69084 -8.08528
-7.6037 -8.02858
-7.81162 -8.03657
-7.72848 -7.91688
-7.55235 -7.9574
-7.94869 -7.85229
-8.10324 -7.8109
-8.05964 -7.92958
-8.19695 -7.88124
-8.10683 -7.98539
-8.18578 -7.99555
-8.04204 -8.08567
-7.98889 -8.02001
-7.9054 -8.09218
-7.87919 -8.15829
-7.73682 -8.19631
-7.79025 -8.22566
-7.63102 -8.2379
-7.58734 -8.22787
-7.42164 -8.29033
-7.45599 -8.25882
-7.29416 -8.29052
-7.26339 -8.3273
-7.5502 -8.27636
-7.59379 -8.29365
-7.83522 -8.25292
-7.98708 -8.16505
-7.56555 -8.31765
-7.31943 -8.35652
-6.96972 -8.40334
-7.92119 -7.95054
-8.38255 -7.74225
-5.77088 -8.37613
-2.76609 -7.47428
-2.79523 -7.35503
-2.95778 -7.45626
-2.95089 -7.36335
-2.96402 -7.25587
-3.12884 -7.39519
-3.15117 -7.54757
-6.27177 -7.96035
-6.62615 -7.76688
-6.52073 -8.28044
-6.49308 -8.34208
-6.34107 -8.40334
-6.08277 -8.42052
-6.10187 -8.46328
-5.93295 -8.52892
-5.86775 -8.47769
-5.44607 -8.53484
-7.34195 -8.09312
-8.42826 -7.71732
-8.44279 -7.68752
-8.27751 -7.81592
-8.49132 -5.41141
-8.49365 -5.62958
-8.46838 -5.46611
-8.47825 -5.24753
-8.46877 -5.6799
-8.45097 -5.58158
-8.46937 -5.85422
-8.46086 -5.89743
-8.4268 -5.58524
-8.38545 -5.31284
-8.42487 -5.76283
-8.36908 -5.467
-8.32238 -5.02761
-8.30355 -5.24461
-8.26987 -4.7074
-8.35359 -4.99646
-8.343 -5.55425
-8.38098 -5.81801
-8.31982 -5.64715
-8.33915 -6.02809
-8.39245 -6.15804
-8.41772 -6.04748
-8.45146 -6.10861
-8.44589 -6.33928
-8.47509 -6.31102
-8.47919 -6.44506
-8.49111 -6.38985
-8.48107 -6.22163
-8.51275 -6.3878
-8.50994 -6.52
-8.55169 -6.47144
-8.52008 -6.29485
-8.53788 -6.6638
-8.48544 -6.61722
-8.49336 -5.83045
-8.50052 -6.00162
-8.49307 -6.07776
-8.51078 -6.14355
-8.42272 -6.58074
-8.40578 -6.38337
-8.35781 -6.31728
-8.38745 -6.51397
-8.34781 -6.54593
-8.29842 -6.2893
-8.28274 -6.59179
-8.22697 -6.67261
-8.26462 -6.88289
-8.34519 -6.82156
-8.19651 -6.9047
-8.10251 -6.88181
-8.03865 -6.83172
-8.00342 -6.54276
-7.92926 -6.76654
-7.96909 -7.01451
-8.39618 -6.73048
-3.95551 -7.36968
-3.26337 -7.78601
-3.2803 -7.87586
-2.78572 -7.65229
-2.60604 -7.56493
-2.19501 -6.97883
-2.14706 -6.79739
-2.25949 -6.9945
-2.34042 -7.14067
-2.41257 -7.21376
-1.99887 -6.26063
-1.95992 -6.36825
-1.8093 -4.21512
-1.76842 -4.46455
-1.77114 -4.30054
-1.79606 -4.02414
-1.76336 -4.22462
-1.78899 -4.03578
-1.7473 -4.38749
-1.75018 -4.46157
-3.28978 -1.30575
-3.38309 -1.17779
-7.61664 -5.44546
-7.27448 -5.43342
-6.8122 -5.04725
-6.85325 -4.78117
-6.66588 -4.76755
-6.46617 -4.56495
-6.49583 -4.94107
-6.2528 -4.64701
-5.97905 -4.44918
-5.7865 -4.64833
-5.66119 -4.37416
-5.52974 -4.63029
-5.3873 -4.36377
-5.25436 -4.64943
-5.70531 -4.85722
-6.95675 -3.42203
-7.07561 -3.32255
-4.86465 -2.82538
-3.69809 -2.13422
-7.3478 -3.13873
-7.04416 -1.98021
-6.79179 -0.165053
-8.05647 -5.30937
-8.09456 -5.49187
-7.98141 -2.40526
