-8.37321 -3.6635
-8.33637 -3.49497
-8.25891 -3.1552
-8.1913 -2.89877
-8.05045 -2.42093
-7.70136 -1.40824
-6.89131 -0.156331
-6.68565 0.0703027
-6.40315 0.289635
-5.80402 0.541631
-5.56789 0.592697
-5.3812 0.5801
-5.01666 0.537205
-4.56982 0.356615
-4.0976 0.10546
-3.6875 -0.214117
-3.39091 -0.564116
-2.86058 -1.27797
-2.14552 -2.86279
-1.91029 -3.39609
-1.8231 -3.74897
-1.70403 -4.54921
-1.65496 -5.20175
-1.65247 -5.36878
-1.81913 -6.09433
-1.97244 -6.73538
-2.00568 -6.85044
-2.03131 -6.92838
-2.1641 -7.17227
-2.20874 -7.23814
-2.29482 -7.3471
-2.66332 -7.67574
-2.82539 -7.7986
-3.01584 -7.94061
-3.24254 -8.08695
-3.42037 -8.17658
-3.63566 -8.26882
-3.89947 -8.36767
-3.91524 -8.37318
-4.11137 -8.44111
-4.34132 -8.51214
-4.6027 -8.55321
-5.1582 -8.56048
-5.41877 -8.56229
-5.93295 -8.52892
-6.58315 -8.45733
-7.06541 -8.40047
-7.56555 -8.31765
-7.7669 -8.27673
-7.95913 -8.22128
-8.12517 -8.15469
-8.23796 -8.05911
-8.2696 -8.02604
-8.33561 -7.95698
-8.41652 -7.80337
-8.57059 -7.25484
-8.55169 -6.47144
-8.49132 -5.41141
