-2.71482 3.13329
-2.77477 3.29882
-2.88259 3.41856
-2.83231 3.00718
-2.65273 2.96763
-2.69074 2.76481
-2.79993 2.73483
-2.88634 2.8146
-3.0301 2.95065
-2.96998 3.27402
-3.10698 3.25774
-3.08472 3.46266
-2.91965 3.54491
-3.08571 3.70719
-3.21845 3.59241
-3.22315 3.39715
-3.37288 3.56525
-3.33489 3.82793
-3.54525 3.63674
-3.58126 3.97422
-3.44066 4.12902
-3.31283 4.05668
-3.16166 3.95411
-2.97228 3.93672
-2.93585 3.62715
-2.93769 3.82966
-3.01669 4.00845
-3.02769 4.0663
-3.01909 4.13568
-3.09657 4.31145
-3.24598 4.32713
-3.2294 4.12946
-3.39894 4.24076
-3.46195 4.44841
-3.57196 4.37189
-3.69382 4.49375
-3.69435 4.20782
-3.83037 4.29652
-3.92339 4.48422
-3.99485 4.15407
-4.1172 4.35037
-4.15834 4.07803
-4.27315 4.14608
-4.26807 3.88971
-4.43205 3.97418
-4.40111 3.67137
-4.594 3.73932
-4.5565 3.4573
-4.76259 3.52026
-4.75961 3.22583
-4.9119 3.3748
-5.00782 3.21434
-5.11185 3.36623
-4.97378 3.55561
-5.17177 3.54487
-5.10868 3.73985
-5.34209 3.64913
-5.33682 3.41472
-5.5578 3.51598
-5.5246 3.29958
-5.77157 3.33616
-5.62432 3.10611
-5.30461 3.10632
-5.53731 2.89274
-5.38157 2.86702
-5.2282 2.77786
-5.00068 3.00256
-4.97161 2.74928
-4.77445 2.93702
-4.60728 3.06584
-4.53149 3.23594
-4.41147 3.05567
-4.34849 3.37426
-4.2048 3.16337
-4.13414 3.4143
-4.2215 3.63873
-4.05095 3.6506
-4.11135 3.87773
-3.94641 3.8905
-3.85304 4.09694
-3.7732 3.93025
-3.54405 4.21644
-3.70262 3.74103
-3.87554 3.65247
-3.74422 3.50346
-3.8715 3.41438
-3.98864 3.4644
-3.98075 3.2127
-3.78776 3.25905
-3.8314 3.07657
-3.6547 3.01755
-3.61728 3.33234
-3.47931 3.40405
-3.47716 3.15761
-3.34952 3.29853
-3.27882 2.95913
-3.21798 3.20448
-3.0917 2.51862
-2.88302 2.56564
-2.88863 2.17644
-2.7346 2.2452
-2.70526 2.52261
-2.5743 2.26287
-2.59118 2.55922
-2.56786 2.79838
-2.49831 2.65242
-2.4831 2.55306
-2.47554 2.35917
-2.40617 1.7728
-2.40156 1.55379
-2.48027 1.65264
-2.45666 1.83693
-2.5188 1.94882
-2.43526 1.97588
-2.46459 2.18349
-2.63525 2.01908
-2.60557 1.71504
-2.74291 1.92519
-2.71083 1.63275
-2.63807 1.41116
-2.74647 1.34933
-2.84608 1.77342
-2.95096 1.52853
-3.0234 2.0331
-3.17719 1.90016
-3.20141 2.27463
-3.36968 2.27624
-3.34062 2.60548
-3.4657 2.50721
-3.49685 2.38154
-3.58457 2.48587
-3.54072 2.71573
-3.76285 2.7058
-3.79237 2.94035
-3.91642 2.94077
-4.0222 2.71246
-4.10015 2.96884
-4.25287 2.94705
-4.19201 2.80294
-4.37885 2.71755
-4.19761 2.62672
-4.30123 2.39959
-4.50884 2.38499
-4.61826 2.59034
-4.6821 2.35246
-4.79548 2.46882
-4.77538 2.69576
-4.94256 2.53406
-4.93892 2.36113
-5.06612 2.37233
-5.05214 2.17699
-5.26536 2.24668
-5.13801 2.53014
-5.37147 2.49073
-5.55502 2.21702
-5.57645 2.48169
-5.46721 2.69731
-5.71499 2.65917
-5.73092 2.91426
-5.91109 2.80611
-6.00896 2.44639
-6.08704 2.72523
-6.20241 2.55145
-6.25225 2.79068
-6.05873 2.96048
-6.21537 3.07616
-6.37304 2.93533
-6.37376 3.14518
-6.56437 2.90779
-6.53164 3.24454
-6.36447 3.31639
-6.34538 3.50259
-6.20978 3.33821
-6.14448 3.56999
-6.19473 3.79353
-6.41958 3.71148
-6.3615 3.93342
-6.62761 3.79308
-6.47192 4.12159
-6.28978 4.1246
-6.15468 4.06116
-6.15087 4.2619
-6.29828 4.2712
-6.17736 4.43405
-6.38693 4.42103
-6.63773 4.25615
-6.67847 4.03262
-6.85501 4.05762
-6.83751 4.31308
-7.05598 4.08685
-7.05054 3.88735
-7.22018 3.8572
-7.18824 3.72367
-7.35438 3.6351
-7.24629 3.51856
-7.39263 3.47076
-7.54099 3.42982
-7.48834 3.64765
-7.65783 3.58053
-7.48378 3.78868
-7.56252 3.90087
-7.77335 3.65078
-7.75606 3.80055
-7.65043 4.0272
-7.84122 3.85072
-7.7416 4.06218
-7.61463 4.18978
-7.49467 4.24827
-7.5105 4.37351
-7.65504 4.2562
-7.53391 4.49941
-7.39119 4.5681
-7.33341 4.72954
-7.43281 4.75255
-7.64274 4.52572
-7.55027 4.74106
-7.40125 4.85306
-7.36926 4.95126
-7.47575 4.92661
-7.59594 4.81569
-7.75781 4.50358
-7.79154 4.53826
-7.79031 4.51266
-7.71718 4.65086
-7.80943 4.53631
-7.92041 4.35949
-7.90133 4.41959
-7.99053 4.29511
-3.23421 4.77605
-3.33204 4.86076
-3.48524 5.06315
-3.42551 4.93624
-3.44602 4.77276
-3.60065 4.8091
-3.67888 4.96444
-3.69288 5.15955
-3.90637 5.05276
-3.78163 4.85258
-3.96259 4.76318
-4.11947 4.8794
-4.1493 4.61087
-4.32996 4.6991
-4.28016 4.40024
-4.42527 4.38946
-4.50733 4.53878
-4.57551 4.32061
-4.65432 4.52033
-4.54672 4.77394
-4.72262 4.69697
-4.69727 4.93663
-4.87697 4.75008
-4.85949 4.97039
-4.75476 5.14371
-4.90214 5.11635
-4.82416 5.30749
-5.02947 5.22915
-5.06319 4.8871
-5.21864 5.0283
-5.22515 5.30025
-5.06619 5.45706
-4.9073 5.50763
-4.99683 5.67203
-5.16992 5.56028
-5.09895 5.80025
-5.30167 5.65867
-5.3279 5.45066
-5.48127 5.47023
-5.45726 5.24942
-5.64109 5.29315
-5.66105 5.08867
-5.79203 5.14069
-5.87382 4.92701
-5.93865 5.05801
-5.84539 5.26547
-6.08476 5.07923
-6.11365 4.8582
-6.35103 4.85774
-6.32767 4.66885
-6.57882 4.55088
-6.64602 4.74866
-6.44013 4.96642
-6.58844 4.95027
-6.83519 4.78702
-6.87356 4.59092
-7.02004 4.56609
-7.08754 4.64569
-6.93033 4.88287
-7.17654 4.73316
-7.00833 4.94334
-7.12569 4.92331
-7.25523 4.88556
-7.12 5.04361
-7.26547 4.98007
-7.08549 5.15338
-7.13448 5.19558
-7.35044 5.04193
-6.93839 5.34256
-6.78273 5.45961
-7.62447 4.76007
-6.30953 5.72159
-6.50226 5.58053
-6.59513 5.53481
-6.51629 5.52656
-6.41133 5.61858
-6.3783 5.56143
-6.09261 5.71407
-6.24134 5.72591
-6.17697 5.7251
-4.4719 5.73144
-4.64544 5.75775
-4.89015 5.86771
-4.84262 5.7996
-4.67992 5.52534
-4.49293 5.62905
-4.50953 5.3939
-4.35696 5.53447
-4.34797 5.36418
-4.20272 5.46765
-4.25007 5.20484
-4.06239 5.30914
-4.02066 5.51649
-4.16612 5.62118
-4.25732 5.60831
-4.21339 5.70811
-4.07591 5.6951
-3.93014 5.64278
-4.34139 5.72153
-3.79536 5.54028
-3.67798 5.40329
-3.56775 5.23864
-3.87962 5.37324
-4.11406 5.0986
-4.23777 4.97712
-4.38703 4.98133
-4.53023 5.01576
-4.43163 5.19697
-4.59372 5.17666
-4.6719 5.31134
-4.95328 5.92668
-5.14086 5.95349
-5.0279 5.97786
-5.14158 5.95647
-5.30544 5.93654
-5.40712 5.94413
-5.23002 5.92386
-5.18715 5.93136
-5.52615 5.80949
-5.4854 5.67168
-5.69316 5.64141
-5.74805 5.77803
-5.58919 5.87894
-5.71158 5.91485
-5.87163 5.85583
-5.94633 5.70735
-6.02273 5.77994
-6.05115 5.65641
-6.15463 5.59615
-6.08107 5.53997
-6.33079 5.36992
-6.17238 5.36929
-6.00648 5.44487
-5.88804 5.60422
-5.83271 5.47593
-5.66433 5.47233
-6.02023 5.28066
-6.15271 5.27797
-6.2361 5.10944
-6.36523 5.16839
-6.62976 5.08214
-6.55351 5.30515
-6.80027 5.11799
-6.6715 5.29044
-6.52146 5.43233
-6.65429 5.39049
-6.83802 5.21992
-6.7941 5.35189
-6.95973 5.19339
-7.00376 5.10098
-6.95926 5.06188
-6.92823 5.30416
-6.34214 5.50256
-5.55472 5.94364
-7.32597 4.47392
-7.20228 4.42451
-7.36839 4.29639
-7.48068 4.13148
-7.33085 4.18817
-7.3021 4.00063
-7.06137 4.34817
-6.80251 4.51372
-6.18169 4.62208
-6.02282 4.73941
-5.90082 4.68511
-5.68777 4.83086
-5.7948 4.55015
-5.56097 4.63242
-5.50727 4.88178
-5.37095 4.84679
-5.38535 5.06058
-5.53723 5.02821
-5.24259 4.84641
-5.30382 4.63225
-5.07264 4.51067
-4.83664 4.49948
-4.94796 4.25262
-5.17929 4.19548
-5.29701 4.36666
-5.41753 4.14782
-5.50149 4.36528
-5.75849 4.32719
-5.65353 4.10751
-5.92717 4.01459
-5.98134 4.25008
-5.96982 3.72491
-5.74388 3.86117
-5.77294 3.61718
-5.55057 3.75596
-5.54163 3.95368
-5.31095 3.91862
-5.98882 3.47537
-6.02066 3.21985
-5.85672 3.06717
-5.88017 4.38873
-5.99107 4.45079
-5.03348 3.98957
-4.84165 3.8026
-4.83554 4.0672
-4.64008 4.04406
-4.74434 4.28016
-4.48841 4.18183
-4.37947 4.21209
-6.05397 4.58804
-4.04513 4.55758
-3.75178 4.67352
-3.54331 4.6371
-3.32727 4.61522
-3.18221 4.61475
-3.19567 4.4742
-3.11761 4.50189
-2.99674 4.27894
-3.04795 4.39637
-2.88863 3.7514
-8.2042 4.04331
-8.27404 3.92745
-8.22681 3.96814
-8.12882 4.10915
-8.12755 4.08987
-8.04093 4.20644
-8.03638 4.17474
-7.87054 4.36935
-7.97755 4.19685
-7.88849 4.26793
-7.80686 4.30476
-7.72317 4.30606
-7.86802 4.11305
-7.94419 4.10144
-8.01796 3.86784
-8.07596 3.92321
-7.99626 4.10618
-8.10383 4.00362
-8.22534 3.75562
-8.28363 3.7911
-8.19559 3.98142
-8.30753 3.81003
-8.34963 3.81251
-8.40664 3.74592
-8.41649 3.57959
-8.52061 3.44187
-8.552 3.42913
-8.55418 3.46288
-8.63146 3.32996
-8.6926 3.18016
-8.66897 3.17359
-8.77176 2.95566
-8.77226 3.02827
-8.81715 2.9075
-9.09993 2.27876
-9.03363 2.41887
-8.98382 2.5007
-8.93557 2.56938
-8.87731 2.70048
-8.85415 2.78929
-8.91401 2.62748
-8.82242 2.86038
-8.79564 2.8771
-8.86126 2.68945
-8.74421 2.92936
-8.66474 3.10081
-8.56515 3.28089
-8.66468 3.01091
-8.53643 3.23326
-8.46836 3.41552
-8.37319 3.57487
-8.42999 3.39769
-8.34869 3.47523
-8.18453 3.67406
-8.29834 3.36181
-8.14211 3.62018
-8.01905 3.68863
-7.89132 3.95387
-7.93845 3.58214
-8.09983 3.45484
-8.15939 3.48016
-8.2353 3.2684
-8.11945 3.24553
-8.31314 3.00331
-8.38562 3.03969
-8.4605 3.04627
-8.42538 3.225
-8.55236 2.97212
-8.55293 2.87399
-8.64954 2.68887
-8.70648 2.71263
-8.62604 2.99092
-8.76084 2.73334
-8.84918 2.44786
-8.89037 2.48098
-8.97092 2.18734
-8.98197 2.27098
-9.0862 1.95752
-9.03323 2.24343
-8.92817 2.48471
-8.95557 2.48634
-9.03635 2.29461
-9.15091 1.94547
-9.12243 2.11009
-9.11171 2.2246
-9.18324 1.97417
-9.15672 2.07024
-9.13068 2.13571
-9.193 2.00639
-9.23501 1.90055
-9.27833 1.70844
-9.30173 1.66044
-9.31318 1.55004
-9.4026 1.30961
-9.29984 1.69962
-9.32987 1.59199
-9.26547 1.79928
-9.26355 1.77525
-9.36826 1.47359
-9.39064 1.42452
-9.43432 1.19409
-9.4148 1.26957
-9.36293 1.4278
-9.38461 1.32427
-9.35416 1.49249
-9.30782 1.55294
-9.22349 1.80642
-9.2584 1.5913
-9.21503 1.58946
-9.14383 1.6581
-9.06435 1.83336
-9.17926 1.45463
-9.08574 1.59144
-8.9781 1.86481
-8.93181 2.15099
-8.87081 2.15961
-8.80023 2.42375
-8.73028 2.37099
-8.54689 2.76703
-8.56871 2.55694
-8.45287 2.78875
-8.48333 2.64247
-8.38832 2.75065
-8.24014 2.93369
-8.32966 2.67641
-8.17103 2.83658
-8.07425 3.09393
-7.9097 3.37124
-7.94316 3.1517
-7.79325 3.23547
-7.9389 3.03562
-8.03241 2.99875
-8.04694 2.85067
-8.16687 2.68009
-8.26431 2.62089
-8.26215 2.49322
-8.09114 2.61876
-8.23479 2.37551
-8.09124 2.38671
-7.92947 2.64039
-7.84775 2.45005
-7.7333 2.81168
-7.88742 2.90937
-7.64616 3.1201
-7.40671 3.29683
-7.50015 3.0037
-7.25895 3.17676
-7.23852 3.35634
-7.05969 3.44962
-7.06113 3.22468
-6.89552 3.36221
-6.86113 3.54065
-6.7342 3.5272
-6.77081 3.64694
-6.86737 3.70147
-6.7906 3.89734
-6.92245 3.85554
-7.05196 3.6913
-6.56108 3.51765
-6.73767 3.29494
-6.79181 2.9697
-6.94875 3.11446
-7.06675 2.79897
-7.15756 3.00052
-7.2503 2.77402
-7.36434 2.87913
-7.44726 2.57445
-7.58515 2.7053
-7.64626 2.47117
-7.74951 2.33237
-7.8945 2.12315
-8.15771 2.08684
-8.1138 1.89271
-8.32072 1.74277
-8.4843 1.8389
-8.31126 2.16151
-8.45409 2.05987
-8.40547 2.25178
-8.56977 2.0187
-8.54821 2.25244
-8.392 2.45777
-8.48721 2.50939
-8.65475 2.29621
-8.6906 2.02976
-8.77198 2.06595
-8.869 2.00128
-8.85851 1.85887
-8.95506 1.70356
-9.02244 1.65118
-9.05961 1.48024
-9.15957 1.3057
-9.10571 1.23778
-8.98791 1.43922
-9.03902 1.2134
-8.95667 1.31463
-8.89857 1.49879
-8.88788 1.37636
-8.7514 1.71369
-8.87928 1.67525
-8.79466 1.86508
-8.72176 1.44749
-8.54252 1.52481
-8.66597 1.35546
-8.75716 1.15945
-8.8734 1.18803
-8.9523 0.892986
-9.00098 1.10605
-9.10749 0.79841
-9.12619 1.00854
-9.25317 0.710017
-9.2075 1.02347
-9.29734 0.82682
-9.28458 1.08347
-9.29242 1.27048
-9.38303 0.913414
-9.36542 1.09264
-9.43336 0.958646
-9.47704 0.670954
-9.50538 0.715738
-9.54268 0.435089
-9.53969 0.591442
-9.58537 0.34455
-9.5954 0.398661
-9.5172 0.746993
-9.6195 0.267651
-9.63925 0.0728314
-9.64332 -0.0416355
-9.6232 0.172823
-9.58423 0.205371
-9.60273 -0.0460851
-9.56148 0.124883
-9.5025 0.392016
-9.51531 0.145515
-9.46032 0.372786
-9.43081 0.601414
-9.37278 0.542593
-9.36207 0.793428
-9.43799 0.234941
-9.36525 0.324835
-9.32864 0.504411
-9.30735 0.456976
-9.20835 0.538918
-9.27497 0.347178
-9.1988 0.367416
-9.09832 0.578993
-9.10023 0.309557
-8.95394 0.592592
-8.78556 0.877716
-8.77272 0.61408
-8.55733 0.953583
-8.58192 0.626168
-8.37212 0.859616
-8.30304 1.16399
-8.17613 1.0295
-8.05551 1.29
-8.17111 1.42402
-8.34774 1.35743
-8.18591 1.6302
-8.42325 1.46905
-8.6038 1.30572
-8.51223 1.23029
-8.6536 1.10106
-8.43571 1.1816
-7.95048 1.61714
-7.98649 1.84958
-7.78586 1.94088
-7.63975 2.25877
-7.58617 2.0304
-7.39467 2.28499
-7.26102 2.58734
-7.15001 2.4606
-6.93761 2.63677
-7.00592 2.29318
-7.23768 2.1044
-7.1042 1.92274
-7.30852 1.68915
-7.45261 1.91223
-7.51429 1.58953
-7.67422 1.71686
-7.64948 1.4591
-7.82527 1.397
-7.71874 1.1987
-7.95459 1.04162
-7.78033 0.795157
-7.57784 1.11057
-7.57509 1.34835
-7.44352 1.35141
-7.44592 1.06104
-7.27556 1.26722
-7.14628 1.60096
-7.06518 1.34122
-6.95812 1.73267
-6.93429 2.05533
-6.76004 1.98289
-6.81537 2.29212
-6.66175 2.30468
-6.66475 2.56492
-6.5388 2.45938
-6.46096 2.70265
-6.75972 2.7261
-6.83945 2.51156
-6.37714 2.49969
-6.52556 2.18852
-6.28958 2.23145
-6.452 1.95407
-6.32962 1.86512
-6.14022 2.03565
-5.95179 2.12732
-5.76956 2.33186
-5.79856 2.0233
-5.64237 1.90532
-5.44267 2.0105
-5.49315 1.74497
-5.71419 1.62776
-5.82416 1.77173
-5.91056 1.52066
-5.79995 1.38999
-5.59632 1.39538
-5.79966 1.14349
-5.95911 1.22268
-5.98573 0.886285
-6.1185 1.03066
-6.1059 1.3229
-6.31268 0.990678
-6.27434 1.40561
-6.40213 1.14662
-6.45936 1.30734
-6.3616 1.58628
-6.5206 1.60799
-6.22754 1.73449
-6.64358 1.20564
-6.69608 1.46437
-6.63454 1.6491
-6.73083 1.68529
-6.60244 1.84641
-6.83015 1.71975
-6.86474 1.46016
-6.80026 1.19484
-6.96156 1.07959
-7.18602 0.871669
-7.01351 0.827965
-6.83071 0.788884
-7.07013 0.578838
-6.96077 0.335399
-6.75675 0.371779
-6.68395 0.639398
-6.55021 0.907808
-6.57205 0.521464
-6.45312 0.71968
-6.35513 0.685319
-6.20463 0.725028
-6.33597 0.486148
-6.44204 0.536229
-6.45648 0.314757
-6.31873 0.284067
-6.20392 0.424082
-6.18589 0.112053
-6.06484 0.380801
-6.07849 0.598938
-5.89451 0.582618
-5.80092 0.880142
-5.65201 0.71932
-5.6293 1.04504
-5.46995 0.897802
-5.41336 1.20354
-5.30501 1.56352
-5.24203 1.92289
-5.14849 1.75681
-4.97373 1.91081
-4.84535 2.22467
-4.65718 2.03257
-4.80636 1.61399
-5.05866 1.58771
-4.94071 1.33914
-5.1718 1.28994
-5.02518 1.03303
-5.26575 0.988082
-5.14385 0.760501
-5.34017 0.747692
-5.48095 0.688541
-5.38824 0.589048
-5.26513 0.606753
-5.31946 0.437109
-5.51602 0.514518
-5.4979 0.295541
-5.70291 0.405661
-5.67829 0.147289
-5.47836 0.113031
-5.29232 0.221543
-5.31653 -0.0023129
-5.04559 0.178159
-5.13165 0.355062
-4.91508 0.40387
-5.10566 0.538331
-4.87176 0.717292
-4.62312 0.429097
-4.5869 0.784655
-4.75479 1.11072
-4.51595 1.09124
-4.33955 0.780194
-4.24542 1.06584
-4.43737 1.37862
-4.63921 1.34383
-4.57054 1.66302
-4.78767 1.36028
-4.63573 1.18433
-4.38652 1.67038
-4.4789 1.89675
-4.42954 2.14283
-4.32948 1.9298
-4.28114 2.14788
-4.18059 2.24882
-4.11262 2.45163
-4.04715 2.22972
-3.92664 2.44427
-3.89135 2.19113
-3.73781 2.33633
-3.77074 2.12162
-3.86493 1.95932
-3.99355 2.03354
-4.00729 1.81115
-3.81053 1.64827
-3.68699 1.94443
-3.58507 1.6493
-3.467 1.82069
-3.55504 2.18896
-3.68773 2.15643
-3.36028 1.98057
-3.26712 1.66622
-3.10183 1.51318
-3.16465 1.30855
-3.38164 1.44395
-3.22834 1.07088
-3.42136 1.19414
-3.59971 1.35653
-3.51072 1.12429
-3.63335 1.09939
-3.52032 0.999238
-3.38343 0.935934
-3.54476 0.820063
-3.27793 0.54802
-3.19361 0.789288
-3.08438 0.822829
-3.07101 1.00842
-2.92799 0.710392
-2.99591 1.16666
-2.80955 0.986004
-2.76311 0.582995
-2.80803 0.249725
-2.95091 0.383083
-3.06894 0.589294
-3.0677 0.353141
-3.15834 0.210629
-2.97114 0.0953839
-3.18808 -0.110446
-3.39529 0.230948
-3.49459 -0.075203
-3.63933 0.189964
-3.60528 0.39333
-3.50092 0.520614
-3.72705 0.655498
-3.78914 0.413098
-3.91475 0.618158
-3.97942 0.910273
-4.10688 0.712662
-4.10214 1.21019
-3.95344 1.17516
-4.04569 1.50057
-4.24813 1.42163
-4.22535 1.71
-4.15492 1.98354
-4.11597 1.7483
-3.80619 1.29488
-3.77792 0.9885
-3.99161 0.450486
-4.20041 0.502429
-4.41144 0.555432
-4.29862 0.255487
-4.53615 0.0422083
-4.77729 0.205002
-4.74193 0.0216478
-4.88863 0.0667257
-5.07056 -0.0530032
-4.89077 -0.11547
-5.12951 -0.33
-4.90343 -0.330538
-4.70297 -0.203567
-4.78462 -0.531169
-4.42689 -0.440397
-4.26011 -0.0777645
-4.04896 -0.314271
-4.00487 0.01952
-4.07884 0.290407
-3.86715 0.222116
-3.73637 0.0114158
-3.72487 -0.270632
-3.39495 -0.440571
-3.63202 -0.567923
-3.83971 -0.509673
-4.04839 -0.639748
-3.7765 -0.745704
-3.9529 -0.895977
-3.7477 -0.9671
-3.4924 -0.839656
-3.63453 -1.13341
-3.42402 -1.11094
-3.24225 -0.948413
-3.23952 -0.697932
-3.10843 -0.46981
-2.95009 -0.241935
-2.91986 -0.526889
-2.78849 -0.293931
-2.84085 -0.0636693
-2.74822 -0.0484702
-2.68324 0.0951241
-2.68286 0.370755
-2.5972 0.221676
-2.58631 0.486527
-2.67159 0.675477
-2.58898 0.730237
-2.64939 0.967609
-2.62771 1.17198
-2.53459 0.955885
-2.56722 1.21721
-2.54269 1.41843
-2.49734 1.19056
-2.43884 1.32795
-2.42855 1.03322
-2.4206 0.689811
-2.52289 0.64894
-2.49875 0.38457
-2.42144 0.385948
-2.45695 0.191226
-2.53468 0.0738677
-2.48781 -0.0704725
-2.59198 -0.157069
-2.58753 -0.358048
-2.68382 -0.363743
-2.67531 -0.143084
-2.79309 -0.567325
-2.70216 -0.580508
-2.81324 -0.792949
-2.72451 -0.783214
-2.86103 -1.02067
-2.73528 -0.947828
-2.84466 -1.14352
-2.9922 -1.25953
-3.06136 -1.18122
-3.15181 -1.40748
-3.18725 -1.33515
-3.28065 -1.24254
-3.30888 -1.4631
-3.52887 -1.4989
-3.48733 -1.63433
-3.69168 -1.68519
-3.63453 -1.76778
-3.80357 -1.84348
-3.93072 -1.78624
-3.81305 -1.64729
-3.6958 -1.58721
-3.7629 -1.49646
-4.02966 -1.63235
-3.98403 -1.40092
-4.2524 -1.47285
-4.33292 -1.70139
-4.55256 -1.53523
-4.43468 -1.24896
-4.77055 -1.25768
-4.56059 -1.01076
-4.26281 -0.92956
-4.53722 -0.766984
-4.76297 -0.858487
-4.63426 -0.636051
-5.00341 -0.79839
-5.00486 -1.07393
-5.0351 -1.31443
-5.21037 -1.25973
-5.20075 -1.01139
-5.39173 -1.20793
-5.40104 -1.47697
-5.19227 -1.51235
-5.37724 -1.75963
-5.63908 -1.72162
-5.57739 -1.41823
-5.70913 -1.55795
-5.89716 -1.6672
-5.81189 -1.84563
-5.77446 -2.00018
-5.5756 -2.00509
-5.7712 -2.2495
-5.91659 -2.15558
-5.93595 -1.97127
-6.08836 -2.16376
-6.11415 -1.94312
-6.14728 -1.74462
-6.27962 -1.90675
-6.30832 -2.14906
-6.48072 -1.97578
-6.31631 -1.6814
-6.54743 -1.58404
-6.671 -1.93929
-6.77862 -1.77075
-6.74532 -1.38455
-6.5867 -1.25856
-6.66016 -1.04139
-6.81933 -1.03402
-6.92604 -1.3462
-6.99961 -1.00092
-7.0836 -1.36598
-7.02657 -1.65692
-7.18269 -1.68026
-7.11331 -1.9132
-7.27053 -2.00308
-7.12392 -2.19827
-7.3389 -2.3215
-7.17937 -2.43869
-7.28878 -2.55789
-7.50878 -2.49176
-7.49971 -2.30786
-7.67032 -2.24173
-7.47743 -2.08514
-7.61326 -2.04765
-7.73771 -1.94339
-7.57319 -1.83068
-7.69701 -1.66312
-7.54702 -1.43564
-7.76891 -1.35241
-7.86619 -1.66609
-8.03057 -1.31853
-8.06317 -1.70476
-8.32878 -1.36999
-8.23236 -1.83304
-8.45425 -1.65832
-8.64689 -1.28885
-8.56963 -0.960282
-8.34662 -0.975113
-8.48633 -0.729111
-8.29731 -0.686092
-8.45305 -0.484721
-8.70185 -0.528679
-8.5533 -0.289378
-8.34897 -0.226858
-8.48842 -0.0097276
-8.69283 -0.186454
-8.70414 0.0960439
-8.91591 -0.19289
-8.97478 -0.524019
-9.04942 -0.343617
-9.14573 -0.45783
-9.06465 -0.791561
-8.82692 -0.864863
-8.89784 -1.13027
-9.05445 -1.0963
-9.2075 -0.888113
-9.13736 -1.17548
-9.24509 -1.06004
-9.31624 -0.841628
-9.30315 -0.65956
-9.38819 -0.666602
-9.39406 -0.822869
-9.46697 -0.703216
-9.41539 -0.907422
-9.50586 -0.787765
-9.42005 -1.02954
-9.4711 -1.00318
-9.58949 -0.727033
-9.58669 -0.588317
-9.60597 -0.701258
-9.6219 -0.404338
-9.62437 -0.418755
-9.65653 -0.428012
-9.63183 -0.241417
-9.64301 -0.158643
-9.66492 -0.382922
-9.66453 -0.390313
-9.64444 -0.554489
-9.2657 -1.29536
-9.35517 -1.22576
-9.4218 -1.14749
-9.47809 -1.07037
-9.52251 -0.993357
-9.52212 -1.02606
-9.55975 -0.915772
-9.62569 -0.628389
-9.57324 -0.822553
-9.53073 -0.93676
-9.48502 -1.01819
-9.48175 -1.08701
-9.41409 -1.19978
-9.41807 -1.15129
-9.3531 -1.28632
-9.34032 -1.21398
-9.34651 -1.10836
-9.27348 -1.298
-9.27063 -1.19685
-9.34371 -0.988065
-9.16002 -1.30609
-9.17862 -1.40664
-9.05219 -1.58139
-9.04779 -1.42473
-9.02332 -1.30349
-8.93033 -1.51637
-8.92469 -1.34445
-8.80944 -1.60894
-8.76991 -1.4476
-8.61443 -1.59702
-8.66547 -1.73145
-8.51145 -1.84721
-8.35965 -1.94416
-8.40221 -2.09873
-8.5625 -1.98447
-8.47794 -2.20097
-8.61096 -2.08966
-8.70692 -1.86621
-8.82375 -1.75558
-8.73896 -1.97726
-8.83712 -1.87228
-8.93169 -1.67049
-8.89338 -1.86197
-8.7548 -2.04123
-8.78326 -2.08511
-8.89611 -1.9709
-9.00619 -1.77629
-8.99656 -1.88277
-9.08251 -1.72698
-9.11481 -1.59054
-9.19902 -1.57585
-9.20649 -1.45574
-9.28159 -1.3815
-9.32145 -1.41029
-9.20845 -1.59879
-9.31233 -1.42953
-9.41997 -1.24312
-9.37968 -1.25873
-9.27622 -1.43109
-9.2013 -1.59492
-9.14835 -1.61532
-9.2223 -1.43519
-9.09986 -1.59932
-9.17048 -1.43195
-9.15532 -1.35607
-9.10317 -1.47187
-9.02239 -1.40628
-8.90399 -1.5062
-8.82709 -1.61614
-8.70031 -1.74937
-8.67888 -1.81076
-8.5884 -1.8983
-8.47698 -2.04623
-7.83659 -2.71393
-7.99174 -2.60296
-8.14401 -2.58921
-8.23883 -2.45873
-8.12439 -2.46698
-8.33279 -2.32532
-8.42617 -2.32062
-8.38641 -2.42017
-8.60352 -2.2157
-8.54237 -2.15687
-8.74145 -1.99685
-8.77496 -2.07975
-8.95811 -1.87619
-8.90541 -1.77209
-9.05452 -1.73726
-9.06806 -1.7469
-9.09226 -1.74255
-9.02679 -1.84832
-9.12486 -1.71762
-9.10341 -1.77462
-8.96608 -1.94672
-8.88281 -2.03865
-8.84743 -2.06871
-8.89243 -2.00777
-8.73991 -2.17589
-8.67693 -2.20862
-8.57202 -2.35893
-8.63556 -2.3239
-8.47178 -2.50667
-8.53416 -2.45834
-8.64633 -2.32658
-8.71145 -2.24066
-8.73124 -2.21978
-8.81103 -2.13793
-8.67365 -2.24201
-8.75791 -2.15958
-8.56456 -2.41454
-8.55166 -2.34061
-8.64317 -2.16991
-8.52294 -2.27219
-8.43492 -2.41959
-8.41694 -2.34529
-8.33404 -2.30805
-8.32302 -2.45542
-8.19137 -2.4473
-8.18246 -2.19414
-8.00656 -2.45727
-7.91404 -2.27413
-8.02342 -2.02455
-7.84757 -2.10114
-7.90486 -1.90961
-7.76961 -2.50284
-7.89011 -2.61612
-8.0671 -2.58901
-7.96389 -2.7089
-8.11941 -2.66259
-8.20833 -2.5665
-8.22485 -2.62934
-8.32569 -2.56274
-8.45648 -2.48955
-8.35967 -2.59162
-8.44075 -2.5337
-8.31491 -2.64758
-8.20306 -2.6786
-8.16623 -2.72198
-8.00281 -2.78038
-8.01503 -2.749
-7.89619 -2.8359
-7.8528 -2.80062
-7.77074 -2.73898
-7.67693 -2.84695
-7.59464 -2.7983
-7.60376 -2.68176
-7.76128 -2.64431
-7.37112 -2.69755
-7.41543 -2.81501
-7.17201 -2.82676
-7.19446 -2.69374
-7.00898 -2.73053
-7.11114 -2.58943
-6.95369 -2.59039
-7.00904 -2.41721
-6.82331 -2.46272
-6.86948 -2.2977
-6.69013 -2.22614
-6.82756 -2.07931
-6.96406 -2.20663
-6.96292 -1.93786
-6.88908 -1.62688
-6.59417 -2.46791
-6.50546 -2.25047
-6.40931 -2.36457
-6.22615 -2.35469
-6.012 -2.32881
-6.13944 -2.50841
-5.9161 -2.45682
-5.66456 -2.48522
-5.54438 -2.22343
-5.36896 -2.29287
-5.35346 -2.0336
-5.12568 -1.78586
-5.13741 -2.09111
-4.92615 -1.90314
-4.92217 -1.68664
-4.98195 -1.50761
-4.79753 -1.53907
-4.74411 -1.7313
-4.55397 -1.77273
-4.70454 -1.96537
-4.92878 -2.14646
-4.7613 -2.17638
-4.58966 -2.1026
-4.45132 -1.91129
-4.37905 -2.05086
-4.18975 -1.8536
-4.17919 -1.99293
-4.06688 -1.88708
-3.99429 -1.92628
-4.12288 -2.06841
-3.91393 -1.98882
-3.7131 -1.90439
-3.85527 -2.04594
-4.06016 -2.14302
-4.02979 -2.19333
-4.25077 -2.31149
-4.24708 -2.21897
-4.35933 -2.19247
-4.44842 -2.38764
-4.59934 -2.39191
-4.65587 -2.51777
-4.81985 -2.57169
-4.75524 -2.40291
-4.94427 -2.53611
-4.91028 -2.36252
-5.17468 -2.59992
-5.05608 -2.69114
-5.24211 -2.76595
-5.38002 -2.76938
-5.42014 -2.89288
-5.49247 -2.85271
-5.6306 -2.92612
-5.60476 -2.97723
-5.77455 -3.02174
-5.847 -3.00245
-5.7581 -2.89734
-5.55384 -2.81035
-5.70346 -2.79429
-5.57874 -2.67328
-5.79982 -2.71573
-5.8706 -2.85748
-6.00721 -2.81366
-5.99973 -2.6487
-6.2185 -2.81006
-6.16221 -2.89735
-6.29216 -2.90395
-6.37416 -2.87921
-6.42967 -2.79614
-6.50334 -2.88619
-6.64936 -2.81819
-6.52576 -2.66602
-6.77839 -2.66302
-6.37005 -2.51864
-6.28514 -2.66701
-6.84778 -2.80259
-6.96532 -2.85331
-6.80488 -2.90228
-6.96927 -2.95217
-7.23696 -2.9344
-7.04011 -3.01136
-6.79475 -3.06117
-6.7565 -2.98259
-6.58015 -3.02507
-6.62212 -2.93887
-6.42704 -2.95839
-6.35287 -3.04157
-6.27547 -2.96186
-6.15829 -2.98008
-6.03271 -2.90496
-5.97654 -2.9725
-6.1707 -3.06312
-6.03815 -3.06132
-5.93626 -3.06928
-6.10705 -3.10458
-6.196 -3.10807
-6.32165 -3.16052
-6.1865 -3.16748
-5.93799 -3.09607
-6.06169 -3.14647
-5.78714 -3.09635
-5.69521 -3.0424
-5.56125 -3.03864
-5.50295 -2.98521
-5.38496 -2.98222
-5.3462 -2.93196
-5.18579 -2.83791
-5.21991 -2.91867
-5.04189 -2.84344
-4.96311 -2.74099
-4.76927 -2.64986
-4.88247 -2.74961
-4.67934 -2.66751
-4.59874 -2.55392
-4.54889 -2.56507
-4.439 -2.4736
-4.3093 -2.42827
-4.19448 -2.33029
-4.23751 -2.41768
-4.41985 -2.54964
-4.29441 -2.50132
-4.08667 -2.34565
-4.10247 -2.29737
-3.92668 -2.20934
-3.78735 -2.0855
-3.71409 -2.10067
-3.58353 -1.96618
-3.67655 -1.95864
-3.47708 -1.78665
-3.40382 -1.83734
-3.2908 -1.72307
-3.26666 -1.64496
-3.3025 -1.58747
-3.1804 -1.53255
-3.07443 -1.42816
-3.1098 -1.55604
-2.96209 -1.33102
-2.91741 -1.36168
-2.80809 -1.19777
-2.73715 -1.04884
-2.64732 -1.0218
-2.74923 -1.1948
-2.63292 -1.06324
-2.55442 -0.926611
-2.52933 -0.798666
-2.63703 -0.889064
-2.56053 -0.723054
-2.63252 -0.745437
-2.50663 -0.541493
-2.60967 -0.563038
-2.48922 -0.33355
-2.38925 -0.263789
-2.41638 -0.0863313
-2.38533 0.188246
-2.33107 0.0527062
-2.26473 0.372467
-2.35495 0.483691
-2.27539 0.549082
-2.31773 0.718466
-2.35882 0.916405
-2.35918 1.12063
-2.36864 1.3315
-2.39854 -0.788864
-2.32905 -0.654393
-2.4047 -0.799668
-2.43466 -0.815821
-2.3127 -0.598746
-2.28175 -0.534166
-2.12825 0.124097
-2.15251 0.153304
-2.12367 0.0587778
-2.13877 -0.0910799
-2.20989 -0.311265
-2.23474 -0.421466
-2.24956 -0.387873
-2.3065 -0.558499
-2.28201 -0.425853
-2.37556 -0.679755
-2.45569 -0.846186
-2.44265 -0.845133
-2.63054 -1.08932
-2.70188 -1.20426
-2.78881 -1.31671
-2.9067 -1.40388
-2.98091 -1.48197
-2.94732 -1.47523
-2.84808 -1.36041
-2.97237 -1.46784
-3.09019 -1.62455
-3.00988 -1.51864
-3.17455 -1.68969
-3.25431 -1.76576
-3.32395 -1.82511
-3.23844 -1.71767
-3.50766 -1.97565
-3.37979 -1.91097
-3.52793 -2.02958
-3.66604 -2.11887
-3.8597 -2.21584
-3.79161 -2.21522
-3.97342 -2.3135
-3.84634 -2.24694
-4.0881 -2.39045
-3.90402 -2.28502
-3.68019 -2.12397
-3.66368 -2.11513
-3.47818 -1.96548
-3.56736 -1.98843
-3.32193 -1.80736
-3.26857 -1.78739
-3.12372 -1.64456
-3.03184 -1.56024
-3.04317 -1.53441
-3.1783 -1.65316
-3.02756 -1.48812
-7.67048 -2.81139
-7.50753 -2.9104
-7.34772 -2.99749
-7.05319 -3.14089
-6.91166 -3.19547
-7.19376 -3.06833
-7.27463 -3.05872
-7.36261 -3.00194
-7.49113 -2.96274
-7.60198 -2.90504
-7.76674 -2.8268
-7.64056 -2.90744
-7.77903 -2.85131
-8.01366 -2.7563
-8.03814 -2.71421
-8.2718 -2.6481
-8.32485 -2.57096
-8.39159 -2.59122
-8.21322 -2.69269
-8.03499 -2.68361
-7.8079 -2.7747
-7.99743 -2.76243
-7.82817 -2.83581
-7.88168 -2.82404
-7.77089 -2.8781
-7.73407 -2.87516
-7.66397 -2.91108
-7.56114 -2.95726
-7.58561 -2.9485
-7.73548 -2.88074
-7.55556 -2.92632
-7.48113 -2.89112
-7.36316 -2.97409
-7.1838 -3.01653
-7.2413 -3.03872
-7.01342 -3.08125
-7.08375 -3.09249
-6.91829 -3.15666
-6.81881 -3.12786
-6.64613 -3.13987
-6.53022 -3.10155
-6.47492 -3.1522
-6.34107 -3.11365
-6.53524 -3.19415
-6.40305 -3.21584
-6.61264 -3.22819
-6.72168 -3.17872
-6.79069 -3.21495
-6.74749 -3.24753
-6.61196 -3.25931
-6.46911 -3.25203
-6.53548 -3.27228
-6.3708 -3.24584
-6.28066 -3.21637
-6.19618 -3.16938
-5.97962 -3.12207
-6.14627 -3.1473
-6.31489 -3.21016
-6.25599 -3.16168
-5.98525 -3.07531
-6.2038 -3.10888
-6.48583 -3.22079
-6.39505 -3.22383
-6.50717 -3.25398
-6.59128 -3.25426
-6.63131 -3.26272
-6.70894 -3.25066
-6.79733 -3.24666
-6.65681 -3.26135
-6.52303 -3.26222
-6.42897 -3.25723
-6.42304 -3.24154
-6.69428 -3.27495
-6.79763 -3.24842
-6.82277 -3.23981
-6.93305 -3.20049
-6.9178 -3.21465
-7.0476 -3.17478
-7.00771 -3.18286
-6.83998 -3.23005
-6.76755 -3.22903
-6.62287 -3.23994
-6.36027 -3.16003
-4.91841 -2.56227
-5.08977 -2.62504
-4.95586 -2.63412
-5.17812 -2.71391
-5.03506 -2.69903
-4.83381 -2.62934
-4.96618 -2.7364
-5.22848 -2.82484
-5.07739 -2.82485
-4.89155 -2.74799
-4.96335 -2.80757
-4.71459 -2.6875
-4.85934 -2.76812
-4.66035 -2.67384
-4.86661 -2.80991
-5.04717 -2.86717
-5.12542 -2.92834
-4.90735 -2.83153
-5.09006 -2.92578
-4.92664 -2.84544
-5.07953 -2.89399
-4.90931 -2.80172
-4.7894 -2.76472
-4.62332 -2.68302
-4.47883 -2.61142
-4.35158 -2.55493
-4.27498 -2.51438
-4.18647 -2.43522
-4.26141 -2.48794
-4.61448 -2.68012
-4.42915 -2.56774
-4.41972 -2.54069
-4.17864 -2.41563
-4.22534 -2.40926
-4.03812 -2.29917
-3.97825 -2.29257
-3.80394 -2.17717
-3.68161 -2.03389
-3.54202 -1.89731
-3.38744 -1.79539
-3.33114 -1.78623
-3.22517 -1.65794
-3.28358 -1.64707
-3.15141 -1.57087
-3.55762 -1.80845
-3.86963 -1.98062
-3.70852 -1.892
-3.66222 -1.94044
-3.89537 -2.06601
-3.85611 -2.13179
-4.0729 -2.25199
-4.12252 -2.1951
-4.30044 -2.3611
-4.36507 -2.3481
-4.49106 -2.47155
-4.60333 -2.48589
-4.70968 -2.61904
-4.49085 -2.51799
-4.25668 -2.3943
-4.74319 -2.47946
-4.47695 -2.36728
-4.56609 -2.38663
-4.38733 -2.28838
-4.20898 -2.18666
-4.03729 -2.07965
-3.98108 -2.07802
-3.41273 -1.73455
-4.77987 -2.76604
-5.24525 -2.96228
-5.26026 -2.98072
-5.41091 -3.01237
-5.41304 -3.01181
-5.27697 -2.95798
-5.5217 -3.01401
-5.38008 -2.95605
-5.1693 -2.89762
-5.25622 -2.88624
-5.43248 -2.89219
-5.61665 -2.96471
-5.65224 -2.88338
-5.76927 -2.95137
-5.83089 -3.00758
-5.88758 -2.98038
-5.85812 -2.92717
-5.98103 -2.99307
-5.99699 -3.03164
-6.09059 -3.03816
-6.24736 -3.08995
-6.09245 -3.01596
-6.17529 -3.02943
-6.10615 -2.99077
-5.99342 -2.92198
-5.85578 -2.86959
-5.56824 -2.77629
-5.45982 -2.82275
-5.41555 -2.73633
-5.25589 -2.68321
-5.71491 -2.81879
-5.72936 -3.04554
-5.71275 -3.06805
-5.57773 -3.05483
-7.23965 -3.09756
-7.12474 -3.1389
-7.35847 -3.04012
-7.40194 -3.03708
-7.45036 -3.0141
-7.55361 -2.9625
-7.66315 -2.91998
-7.55734 -2.97156
-7.38496 -3.03395
-7.24025 -3.08292
-7.19042 -3.08539
-7.43463 -2.98754
-7.11519 -3.13388
-7.05019 -3.12687
-6.93849 -3.18908
-3.11992 -1.63725
-2.88193 -1.39755
-2.83533 -1.32052
-2.69829 -1.1767
-2.76385 -1.26661
-2.55147 -0.978634
-2.49658 -0.903999
-2.46321 -0.794479
-2.40434 -0.595532
-2.48122 -0.628959
-2.40618 -0.486948
-2.32656 -0.339578
-2.29953 -0.0988294
-2.25195 0.21415
-2.24435 -0.146565
-2.19897 0.00831231
-2.18796 0.143614
-2.21134 -0.223007
-2.17477 -0.202665
-5.37948 -2.52543
-5.40666 -2.68286
-5.14555 -2.34715
-4.71097 -2.26147
-4.55695 -2.23955
-8.97117 -1.59886
-8.68319 -1.896
-8.5366 -2.05701
-8.61929 -1.91386
-8.4036 -2.20959
-8.24486 -2.32475
-8.35656 -2.17924
-9.62658 -0.0632732
-9.61986 -0.364475
-9.59281 -0.150052
-9.58825 -0.357628
-9.54027 -0.110544
-9.53038 -0.341438
-9.45908 -0.208884
-9.48239 0.00786936
-9.41713 0.0740817
-9.3595 -0.0435556
-9.33156 0.186698
-9.27539 0.0927802
-9.25917 0.236023
-9.32311 0.322677
-9.21414 0.212854
-9.18818 0.0766998
-9.05731 0.045232
-8.94125 0.331552
-8.8843 0.12086
-8.75583 0.35402
-8.56392 0.391545
-8.41882 0.614227
-8.35365 0.450672
-8.19174 0.752992
-8.08707 0.472804
-7.99802 0.770195
-7.79351 0.197194
-7.6101 0.651873
-7.57065 0.887682
-7.48232 0.814277
-7.36425 0.916397
-7.45767 0.557732
-7.27276 0.391856
-7.13229 0.260691
-7.26457 0.0176935
-7.50939 0.0520663
-7.38896 -0.347676
-7.56982 -0.321337
-7.68853 -0.154239
-7.7244 -0.577271
-7.88507 -0.32822
-8.09657 -0.211297
-8.19065 0.0779477
-8.26147 -0.434619
-8.09632 -0.54545
-8.1132 -0.911564
-7.9326 -0.674648
-7.86261 -0.977284
-7.61464 -0.980999
-7.54344 -0.598763
-7.41459 -0.773491
-7.22272 -0.596879
-7.2085 -0.253908
-7.0934 -0.354917
-7.06645 -0.0311214
-6.91923 -0.320759
-6.86586 0.0472255
-6.73481 -0.172603
-6.71867 0.0826534
-6.60613 0.217661
-6.49164 0.0981053
-6.58884 -0.0403222
-6.38961 -0.0996256
-6.5476 -0.358416
-6.29129 -0.431777
-6.18935 -0.1817
-6.37534 0.133318
-6.11082 -0.0752096
-6.02328 -0.00423238
-5.92143 0.220455
-5.84185 -0.0344591
-5.60183 -0.0495899
-5.77005 -0.26774
-6.01086 -0.194997
-5.96497 -0.389793
-6.11139 -0.358969
-6.06338 -0.576602
-6.24709 -0.74503
-6.08199 -0.823514
-5.88782 -0.751176
-5.8286 -0.509639
-5.64304 -0.62355
-5.63129 -0.413926
-5.49967 -0.226832
-5.41945 -0.416033
-5.27497 -0.199593
-5.38695 -0.71717
-5.06377 -0.572143
-5.20369 -0.804553
-5.35698 -0.97054
-5.58023 -1.12998
-5.72633 -0.919154
-5.87712 -1.26901
-5.98393 -1.00624
-6.10084 -1.22975
-6.21121 -1.02634
-6.30565 -1.34609
-6.37169 -1.11157
-6.46587 -1.2636
-6.50083 -1.01251
-6.35932 -0.9161
-6.45219 -0.694903
-6.58922 -0.820223
-6.7146 -0.772334
-6.61022 -0.61632
-6.73566 -0.479518
-6.8709 -0.69404
-7.04084 -0.627057
-7.13338 -0.864597
-7.27744 -1.02368
-7.14214 -1.12155
-7.23725 -1.37523
-7.37363 -1.3347
-7.37905 -1.69404
-7.44411 -1.11391
-6.11045 -1.49294
-5.73119 -1.41054
-8.20609 -1.1538
-7.65899 0.0370892
-8.32886 0.243414
-8.49776 0.23146
-9.10664 -0.215596
-9.17847 -0.0895078
-9.23425 -0.264595
-9.2717 -0.0876175
-9.3452 -0.277344
-9.277 -0.461536
-9.21249 -0.645008
-9.37107 -0.487529
-9.41192 -0.369875
-9.45303 -0.489451
-9.53538 -0.545241
-4.17752 -1.25186
-3.93004 -1.1445
-3.76865 -1.31481
-3.54784 -1.31635
-3.07338 -0.983685
-3.06068 -0.744347
-2.91776 -0.773373
-2.94407 -0.95778
-2.61364 0.00551841
-6.03201 1.74859
-9.46959 1.08729
-9.5026 0.916329
-9.42354 1.12723
-9.34764 1.37757
-9.33533 1.28682
-9.48159 0.892483
-9.2088 1.48819
-8.82364 2.7276
-8.48263 3.22605
-8.44503 3.66686
-8.47555 3.58226
-7.78235 4.13493
-8.05857 4.21919
-8.13386 4.13847
-7.37059 3.78822
-4.58824 2.85161
-3.46208 2.89977
