-3.4544 -13.5748
-3.4433 -13.3435
-3.24105 -10.9103
-3.20503 -10.7377
-3.14311 -10.5725
-3.0137 -10.3462
-2.25873 -9.16001
-2.13054 -8.9682
-1.85609 -8.64769
-1.3121 -8.26497
-0.822606 -8.1216
-0.522841 -8.06068
-0.383035 -8.03952
0.428016 -7.94825
1.31039 -7.96611
2.58021 -8.30675
2.85998 -8.39735
3.39772 -8.86645
4.48649 -10.4225
4.8481 -11.0564
5.51752 -13.8408
5.65749 -14.4569
5.70015 -14.6749
5.74582 -15.0416
5.77661 -15.3924
5.79103 -15.6109
5.79211 -15.7884
5.78006 -15.9343
5.76445 -16.0242
5.66193 -16.0994
5.4771 -16.1736
4.95682 -16.2768
4.725 -16.322
4.49786 -16.3587
4.27873 -16.391
4.09091 -16.4161
3.93457 -16.4308
3.51617 -16.4575
3.37556 -16.4643
0.600649 -16.5826
0.339397 -16.5808
0.117052 -16.5602
-0.0770912 -16.5387
-1.66522 -16.3245
-1.80133 -16.2881
-1.94957 -16.247
-2.18378 -16.1795
-2.39047 -16.1067
-2.63589 -15.9864
-2.74861 -15.9189
-2.86313 -15.825
-2.99555 -15.701
-3.08439 -15.5916
-3.14991 -15.4819
-3.21924 -15.3438
-3.34741 -14.9846
-3.3753 -14.8512
-3.43802 -14.538
-3.45279 -14.2584
-3.45644 -14.09
-3.46145 -13.7579
