1.11556 -3.56367
0.946229 -3.49312
1.06489 -3.73625
0.85986 -3.64385
0.749988 -3.47775
0.786697 -3.37188
0.593227 -3.50088
0.70706 -3.64583
0.562579 -3.71134
0.7732 -3.89134
0.950035 -3.85522
0.96623 -4.04594
0.85188 -4.13686
0.710702 -4.16125
0.566533 -3.93752
0.528336 -4.21643
0.673892 -4.50025
0.846091 -4.38556
0.89504 -4.74389
0.718004 -4.84085
0.574527 -4.68366
0.558232 -4.86554
0.498655 -4.71484
0.415896 -4.53479
0.446027 -4.80036
0.304871 -4.8327
0.193017 -4.59462
0.0923815 -4.83496
0.250004 -5.19511
0.0323114 -5.12636
0.119547 -5.51961
0.32266 -5.56204
0.324938 -5.88837
0.127291 -5.88844
0.247728 -6.18229
0.462931 -6.22761
0.536099 -6.02283
0.658992 -6.1861
0.623297 -6.47849
0.817286 -6.41613
0.872305 -6.06897
0.656186 -5.9374
0.770484 -5.76755
0.88444 -5.74373
0.783521 -5.45121
0.62593 -5.61907
0.594818 -5.33997
0.657142 -5.11069
0.462777 -5.07977
0.453753 -5.42907
0.814965 -5.11172
0.843186 -4.92768
0.935446 -5.05632
1.04358 -5.00469
1.11116 -4.79744
0.978306 -4.53357
1.08532 -4.49621
0.965136 -4.29948
1.09228 -4.26767
1.11373 -4.09075
1.09447 -3.95256
1.21474 -4.06457
1.25356 -3.92235
1.25175 -3.70953
1.38481 -3.85051
1.71695 -4.21579
1.80381 -4.32305
2.20304 -9.71126
2.22947 -9.71553
2.26845 -9.72644
2.31516 -9.69755
2.19794 -9.84489
2.29425 -9.78326
2.1741 -9.90729
2.2563 -9.80673
2.13939 -9.90132
2.24459 -9.80688
2.12732 -9.87474
2.18268 -9.80925
2.03042 -9.8638
2.15812 -9.78544
2.10187 -9.7529
1.9182 -9.81388
2.02772 -9.65949
2.2032 -9.60005
2.19993 -9.7019
2.27407 -9.63446
2.33474 -9.51639
2.28865 -9.41743
2.45011 -9.40877
2.3913 -9.34903
2.35232 -9.28547
2.42396 -9.29031
2.45165 -9.32476
2.45589 -9.23593
2.41549 -9.20769
2.46345 -9.13114
2.45494 -9.03804
2.45991 -9.57453
2.45476 -9.49612
2.36595 -9.58814
2.34281 -9.68666
2.38374 -9.65283
2.44814 -9.59685
2.37697 -9.65844
2.41091 -9.62382
2.36191 -9.68873
2.31621 -9.72698
2.27133 -9.74916
2.31356 -9.68502
2.2363 -9.72793
2.40167 -8.68683
2.39728 -8.5659
2.40907 -8.80976
2.26375 -8.64902
2.27643 -8.8588
2.34316 -8.99172
2.41817 -8.92124
2.40654 -9.00863
2.40878 -9.09122
2.33094 -9.15451
2.2396 -9.27094
2.22137 -9.05107
2.14118 -9.22354
2.06495 -9.06239
2.14169 -8.79206
1.94585 -8.81185
2.01975 -8.60102
2.13426 -8.50063
2.22947 -8.36719
2.10461 -8.26398
2.1479 -8.12922
2.2396 -8.13132
2.30979 -8.33072
2.30946 -8.18284
2.38356 -8.27299
2.38648 -8.41543
2.35299 -7.7799
2.35834 -7.63236
2.30558 -7.76375
2.31874 -7.88983
2.26161 -7.90464
2.31327 -8.02973
2.36103 -7.92399
2.36319 -8.03114
2.37609 -8.1433
2.15909 -7.89432
2.23191 -7.71894
2.15828 -7.62578
2.07161 -7.72895
2.00725 -7.98927
1.97819 -7.64516
1.86722 -7.74906
1.82 -8.07169
1.99027 -8.33458
1.87227 -8.46948
1.65079 -8.2831
1.75403 -8.65856
1.80469 -8.90428
1.88246 -9.10672
1.72233 -9.04505
1.68687 -9.24986
1.8505 -9.29307
1.99429 -9.30202
1.77666 -9.47269
2.00115 -9.49872
2.13138 -9.37329
2.14096 -9.4886
2.20003 -9.3875
1.87068 -9.64112
1.88041 -9.74367
1.77614 -9.74139
1.69234 -9.6706
1.52593 -9.6016
1.48493 -9.43503
1.46718 -9.26323
1.51441 -9.06308
1.28579 -9.18106
1.24408 -8.96699
1.43557 -8.81334
1.64129 -8.85121
1.52012 -8.57436
1.37375 -8.64801
1.25908 -8.45177
1.42846 -8.26997
1.19745 -8.03877
1.02035 -8.30352
0.879885 -8.07976
0.940315 -7.72124
0.681511 -7.88433
0.613245 -7.55163
0.85716 -7.31668
1.1089 -7.42755
1.04648 -7.07574
1.30074 -7.20715
1.18641 -6.7694
1.42262 -6.87269
1.3166 -6.57513
1.45492 -6.55778
1.30375 -6.23565
1.4656 -6.32189
1.41741 -6.06429
1.5488 -6.22308
1.58202 -6.50281
1.67111 -6.37509
1.61874 -6.13118
1.72716 -6.20702
1.79574 -6.47617
1.84538 -6.30863
1.89362 -6.53399
1.86463 -6.7265
2.00314 -6.72006
1.94914 -6.43103
2.03945 -6.40701
2.10488 -6.6647
2.14241 -6.53019
2.1218 -6.39839
2.18332 -6.37889
2.10373 -6.21038
2.16953 -6.08247
2.26043 -6.30921
2.27127 -6.48858
2.23604 -6.62757
2.33945 -6.65017
2.36175 -6.46815
2.35123 -7.47484
2.37735 -7.17898
2.38291 -7.00434
2.32055 -7.17008
2.36241 -7.30629
2.26301 -7.29273
2.27723 -7.43419
2.18524 -7.40652
2.22078 -7.55073
2.07992 -7.47832
2.13535 -7.33284
2.18432 -7.1798
2.07964 -7.27912
2.05508 -7.06997
1.96043 -7.33902
1.89775 -7.56015
1.8162 -7.48617
1.7143 -7.70222
1.66479 -7.37219
1.79205 -7.16704
1.64213 -7.08243
1.71369 -6.94019
1.80616 -6.91096
1.72659 -6.68491
1.91918 -6.99436
1.59162 -6.81058
1.54703 -6.99155
1.51503 -7.18602
1.49189 -7.58501
1.28593 -7.5362
1.32798 -7.76737
1.46095 -7.98044
1.63269 -7.92812
1.1802 -7.69964
2.15326 -6.88026
2.27876 -7.00673
2.25896 -6.81818
2.34371 -6.83267
2.18326 -6.70309
2.29674 -7.59867
2.32888 -6.28447
2.33072 -6.09298
2.30647 -5.9167
2.27735 -5.74508
2.24711 -5.94646
2.1779 -5.75577
2.17303 -5.89621
2.27319 -6.14433
2.0905 -5.77541
2.02789 -5.89749
1.99707 -5.67784
2.01551 -5.55583
1.91905 -5.48143
1.94799 -5.36235
2.02188 -5.4292
1.98392 -5.31064
2.05742 -5.36324
2.00364 -5.20542
1.91323 -5.1859
1.91171 -5.01452
1.80844 -5.00288
1.81376 -4.86782
1.71249 -4.77408
1.78347 -4.72742
1.68444 -4.61833
1.5837 -4.68863
1.54694 -4.47212
1.48508 -4.53497
1.45262 -4.39682
1.3717 -4.4683
1.38654 -4.2867
1.24619 -4.24092
1.21936 -4.50448
1.35146 -4.68036
1.27359 -4.80279
1.17232 -4.63842
1.26508 -5.02739
1.20327 -5.20496
1.37138 -5.30166
1.37825 -5.07335
1.53893 -5.32449
1.45112 -4.94686
1.60355 -5.14943
1.54431 -4.92898
1.47863 -4.7185
1.58633 -4.8489
1.69761 -4.94953
1.62648 -5.01129
1.71375 -5.20607
1.75544 -5.50959
1.8276 -5.40978
1.82712 -5.21985
1.91115 -5.63179
1.90383 -5.79773
1.83919 -5.8786
1.97256 -6.06536
1.90894 -6.18413
1.77381 -6.03144
1.67942 -5.70991
1.63768 -5.93202
1.51303 -5.62434
1.49818 -5.91624
1.35336 -5.5973
1.38797 -5.85008
1.27859 -5.8237
1.2052 -5.49499
1.0946 -5.60868
1.16439 -5.93273
1.09919 -6.16232
1.18958 -6.43971
1.01422 -6.45779
0.968238 -6.75688
0.904903 -6.58079
0.794576 -6.67062
0.813025 -6.96041
0.603875 -6.77362
0.567389 -7.10916
0.410858 -6.81413
0.392438 -6.5175
0.240395 -6.64593
0.248007 -6.94549
-0.0168324 -6.496
0.176858 -6.40308
0.0369768 -6.12082
-0.198712 -6.02297
-0.0813694 -5.70867
-0.263319 -5.70761
-0.258577 -5.43882
-0.113319 -5.28348
-0.326196 -5.11274
-0.16858 -4.84461
-0.344565 -4.87074
-0.375858 -4.69485
-0.293064 -4.43904
-0.0153484 -4.47359
-0.13278 -4.12316
-0.334085 -4.19075
-0.450525 -4.28873
-0.549397 -4.49081
-0.599479 -4.21693
-0.455097 -4.10169
-0.579027 -4.02503
-0.731386 -4.06442
-0.646776 -3.86024
-0.801562 -3.89363
-0.897781 -4.0449
-0.786247 -4.29623
-1.06184 -4.28889
-0.79465 -4.61659
-1.03537 -4.709
-0.797168 -5.03736
-1.06809 -4.99901
-0.969092 -5.30938
-0.682659 -5.56011
-0.516735 -5.23417
-0.422623 -5.54206
-0.502334 -5.72663
-0.511818 -5.96967
-0.775394 -6.00589
-0.563966 -6.38664
-0.328102 -6.25708
-0.356556 -6.02335
-0.375738 -5.83295
-0.265762 -6.62763
-0.0232563 -6.90798
-0.214287 -6.95594
-0.0422621 -7.15729
0.151823 -7.2373
0.378974 -7.31192
0.270382 -7.64377
0.516039 -7.7764
0.449134 -7.96853
0.629728 -8.12883
0.346459 -8.30084
0.747065 -8.34565
0.580709 -8.63676
0.967034 -8.56219
0.907655 -8.86266
1.21359 -8.72595
1.02103 -9.10995
0.687037 -9.09907
0.571176 -8.89814
0.388495 -9.02757
0.239828 -8.83276
0.0509691 -9.07209
-0.128786 -8.86981
-0.0343714 -8.68601
0.219876 -8.59245
-0.05585 -8.46785
-0.183656 -8.6075
-0.332377 -8.5457
-0.32647 -8.31466
-0.0384331 -8.18538
-0.318426 -8.00954
-0.0542831 -7.96802
0.17872 -7.99233
0.0514107 -7.8114
-0.0213785 -7.61091
0.0195732 -7.40261
-0.100463 -7.45147
-0.189056 -7.25346
-0.24718 -7.50476
-0.405306 -7.24517
-0.474116 -7.44249
-0.418708 -7.69712
-0.161738 -7.77791
-0.618928 -7.87669
-0.58476 -8.18338
-0.856872 -8.04836
-0.826218 -7.75522
-0.689313 -7.50518
-0.95579 -7.48929
-0.852489 -7.23851
-0.73439 -7.24224
-0.607354 -7.23631
-0.759823 -6.98635
-0.549596 -6.9905
-0.358952 -7.03987
-0.440893 -6.77559
-0.699185 -6.71625
-0.880924 -6.40662
-0.863883 -6.75344
-1.06857 -6.70681
-1.15716 -6.29993
-0.999217 -6.0554
-1.18738 -5.91347
-1.35751 -6.1325
-1.42413 -5.74093
-1.63661 -6.10277
-1.67965 -5.73339
-1.59676 -5.44476
-1.34689 -5.32129
-1.54316 -5.23051
-1.75629 -5.18462
-1.86039 -5.54416
-2.11524 -5.392
-2.00679 -4.94456
-1.67573 -4.82858
-1.81662 -4.64102
-2.02076 -4.5951
-2.3077 -4.87955
-2.23051 -4.49777
-1.94564 -4.26662
-2.12764 -4.15759
-1.84626 -3.83671
-2.22494 -3.87655
-2.39913 -4.333
-2.49754 -4.15921
-2.48176 -3.8948
-2.33053 -3.6296
-2.51341 -3.59817
-2.2909 -3.29981
-2.164 -3.50922
-2.01902 -3.24713
-2.11867 -3.0297
-2.28219 -3.03021
-2.19041 -2.91428
-2.38416 -2.95644
-2.43387 -3.1258
-2.55587 -3.03391
-2.5974 -3.24385
-2.72332 -3.166
-2.76768 -3.44212
-2.92448 -3.35703
-2.86042 -3.14378
-2.66129 -2.98642
-2.90275 -2.96583
-3.07079 -3.25573
-3.33888 -3.15465
-3.25039 -3.38214
-3.41677 -3.42322
-3.4938 -3.22033
-3.19359 -3.02883
-3.05257 -2.89617
-3.66222 -3.31199
-3.62887 -3.39631
-3.55192 -3.4278
-3.6607 -3.51873
-3.78686 -3.50871
-3.86433 -3.73482
-3.91744 -3.69906
-3.99613 -3.78742
-4.09365 -4.02972
-3.93267 -3.9625
-3.83433 -3.79405
-3.71537 -3.67537
-3.76577 -3.80018
-3.83374 -3.87192
-3.81003 -3.9635
-3.71144 -3.82292
-3.70373 -3.73777
-3.6357 -3.70606
-3.56747 -3.58354
-3.53973 -3.69075
-3.4373 -3.65399
-3.29303 -3.53877
-3.29837 -3.65268
-3.41067 -3.89482
-3.51388 -3.81017
-3.59479 -4.05241
-3.62672 -3.85783
-3.6855 -4.03923
-3.7216 -3.95338
-3.78196 -4.11499
-3.92539 -4.21783
-4.07724 -4.24398
-4.05882 -4.45186
-3.94587 -4.47181
-4.04881 -4.65436
-4.16215 -4.66449
-4.13666 -4.84063
-4.21639 -4.83651
-4.1924 -4.96581
-4.26242 -5.12721
-4.29238 -4.99208
-4.34324 -5.23582
-4.35098 -5.50598
-4.2554 -5.35964
-4.30176 -5.58903
-4.21216 -5.52408
-4.17066 -5.12996
-4.1061 -5.2444
-4.06059 -4.9541
-4.03238 -5.18145
-4.08395 -5.49575
-3.95887 -5.27159
-3.96294 -4.98911
-3.8624 -5.05604
-3.87297 -4.79628
-3.78562 -4.85317
-3.77123 -4.62196
-3.66628 -4.71051
-3.73444 -5.08387
-3.59452 -4.90896
-3.63607 -5.20598
-3.71348 -5.24487
-3.71352 -5.35282
-3.761 -5.30818
-3.77632 -5.48357
-3.66569 -5.48559
-3.76943 -5.71021
-3.6631 -5.72856
-3.74145 -5.91297
-3.57815 -5.94387
-3.79513 -6.20389
-3.86701 -5.95464
-3.9376 -6.22974
-3.91341 -6.4424
-3.82863 -6.54185
-3.65135 -6.40509
-3.75666 -6.69617
-3.8598 -6.79885
-3.956 -6.72761
-3.94959 -7.04791
-3.78232 -6.99397
-3.89768 -7.29524
-3.76573 -7.29634
-3.86154 -7.55056
-3.67947 -7.53221
-3.55291 -7.08722
-3.4748 -7.44344
-3.55772 -7.63641
-3.61611 -7.811
-3.81723 -7.84814
-3.65944 -8.08214
-3.83863 -8.12425
-3.71382 -8.32693
-3.50309 -8.29089
-3.5148 -8.14118
-3.35285 -8.17682
-3.20328 -8.41853
-3.47765 -8.56446
-3.1794 -8.69169
-3.34645 -8.76151
-3.17615 -8.91291
-3.49868 -8.8315
-3.30613 -9.04633
-3.51365 -9.0674
-3.17094 -9.26021
-3.08234 -9.10956
-2.84311 -9.22756
-2.84157 -9.04016
-2.88192 -8.81757
-2.52983 -8.91475
-2.60609 -8.64393
-2.19363 -8.72358
-2.30132 -8.36109
-2.80787 -8.33296
-2.56912 -7.98205
-2.23652 -7.97459
-2.02417 -8.15683
-1.99014 -8.37525
-1.80968 -8.2604
-1.83545 -8.04598
-1.63908 -8.09939
-1.72819 -7.83402
-1.99429 -7.84212
-1.85217 -7.52865
-2.11229 -7.5214
-2.177 -7.76015
-2.36914 -7.64324
-2.28688 -7.07967
-2.64025 -7.37891
-2.69617 -6.8258
-2.84285 -7.17017
-2.92259 -6.9935
-2.95372 -6.8162
-2.91669 -6.59933
-2.73246 -6.33218
-3.05247 -6.32918
-2.809 -5.87947
-3.16616 -5.98314
-2.97035 -5.63751
-3.18749 -5.64988
-2.9776 -5.36275
-3.2076 -5.33166
-2.97839 -5.11248
-2.80737 -5.09616
-2.81686 -4.88796
-2.57155 -4.78883
-2.7448 -4.53005
-2.9412 -4.88281
-3.05218 -4.79235
-3.08409 -5.04945
-3.20656 -5.0659
-3.273 -4.86491
-3.12998 -4.62163
-3.22926 -4.5962
-3.36379 -4.69025
-3.25717 -4.41126
-3.09292 -4.36168
-3.13394 -4.13064
-3.28459 -4.17064
-3.41827 -4.47795
-3.41556 -4.19069
-3.5426 -4.4387
-3.54592 -4.66225
-3.65418 -4.38408
-3.52723 -4.19066
-3.72036 -4.22561
-3.77369 -4.42397
-3.86627 -4.55747
-3.83898 -4.3286
-3.95953 -4.72938
-3.48559 -4.75411
-3.47628 -5.00141
-3.30198 -3.96448
-3.24633 -3.73182
-3.14976 -3.85275
-3.14176 -3.53729
-3.21844 -3.58387
-2.96607 -3.60928
-2.99904 -3.88191
-3.00411 -4.09505
-2.86723 -3.91029
-2.86152 -3.70099
-2.71779 -3.67159
-2.61197 -3.44849
-2.48633 -3.33209
-2.70198 -3.95324
-2.90515 -4.17818
-2.79022 -4.26354
-2.64459 -4.16038
-2.95798 -4.46294
-3.37966 -5.23742
-3.53995 -5.30644
-3.52132 -5.55291
-3.38165 -5.45378
-3.38483 -5.64553
-3.35948 -5.88663
-3.42731 -6.17845
-3.28536 -6.30788
-3.4608 -6.53045
-3.27196 -6.52569
-3.14185 -6.70881
-3.38136 -6.76482
-3.29523 -6.98269
-3.09444 -6.97158
-3.20667 -7.15812
-3.03885 -7.19429
-3.21959 -7.42156
-2.93465 -7.44267
-3.08642 -7.72599
-2.78744 -7.72087
-2.58574 -7.69745
-2.93139 -8.00419
-3.23335 -7.98034
-3.11059 -8.19515
-2.93814 -8.59856
-3.47617 -7.99335
-3.39262 -7.72444
-3.35977 -7.22004
-3.51638 -6.78253
-3.62999 -6.74751
-2.66141 -5.30493
-2.31783 -5.21205
-2.44836 -5.60672
-2.5674 -5.98782
-2.32592 -5.91484
-2.48058 -6.25492
-2.24594 -6.27117
-2.41024 -6.58441
-2.16679 -6.61053
-1.93234 -6.82328
-1.95726 -6.31444
-1.69774 -6.55038
-1.71068 -6.8376
-1.49939 -6.82621
-1.70749 -7.15903
-1.38469 -7.29547
-1.24438 -6.94939
-1.28865 -6.58823
-1.08182 -7.02138
-0.943278 -6.98048
-0.998305 -7.20349
-0.782578 -6.80179
-1.14052 -7.26612
-1.16939 -7.59502
-0.997818 -7.78924
-1.18365 -7.99238
-0.995756 -8.33655
-0.769961 -8.3425
-0.808209 -8.65723
-0.566813 -8.45973
-0.50217 -8.69203
-0.58212 -8.89997
-0.376064 -8.84665
-0.329318 -9.03807
-0.273015 -8.71231
-0.584492 -9.10411
-0.431001 -9.23285
-0.193498 -9.19893
0.0368042 -9.30327
0.359473 -9.20714
0.343431 -9.41299
0.636732 -9.31099
0.632113 -9.47552
0.892126 -9.39617
0.830259 -9.53069
1.05619 -9.51706
1.12364 -9.4067
1.08749 -9.28316
1.29388 -9.34428
1.25525 -9.46081
1.28087 -9.57915
1.09387 -9.60727
0.904347 -9.63647
1.13504 -9.69751
0.879926 -9.77968
1.11203 -9.79336
1.30006 -9.77359
1.22878 -9.86913
1.45292 -9.82986
1.43018 -9.90037
1.59641 -9.87043
1.54139 -9.95414
1.73352 -9.89452
1.7122 -9.96682
1.85626 -9.91455
1.85893 -9.96126
1.99938 -9.93394
1.83731 -10.0063
1.99575 -9.97679
1.79448 -10.0361
1.9287 -10.0065
2.05245 -9.95198
1.93895 -9.98248
2.05554 -9.9124
2.02012 -9.81782
2.12983 -9.68931
1.95292 -9.75319
2.02719 -9.64967
1.04952 -9.1515
0.937534 -9.13116
1.16017 -9.18196
1.27685 -9.23658
1.11859 -9.28455
1.21499 -9.3942
1.40033 -9.29581
1.38529 -9.46161
1.52629 -9.37705
1.50713 -9.52561
1.35961 -9.61112
1.48789 -9.63608
1.38336 -9.72632
1.56118 -9.71831
1.6269 -9.5967
1.74606 -9.72021
1.79528 -9.51139
1.66389 -9.44407
1.91687 -9.5778
1.90886 -9.67797
1.79081 -9.79311
1.84525 -9.86045
1.65843 -9.90095
1.63502 -9.82278
1.50256 -9.87643
1.51799 -9.93063
1.51531 -9.97301
1.38825 -9.90317
1.30201 -9.93819
1.16582 -9.88832
1.30894 -9.82367
1.48673 -9.80686
1.15214 -9.72626
1.26217 -9.68075
1.16416 -9.61136
1.249 -9.53117
1.13736 -9.49035
1.05377 -9.39149
1.01019 -9.5178
0.854051 -9.37967
0.815125 -9.12686
0.697377 -9.23735
0.678079 -9.14249
0.181774 -9.2567
-0.0112791 -9.29473
-0.206346 -9.28539
-0.101875 -9.42795
0.169475 -9.46981
0.0386429 -9.56779
-0.248369 -9.54441
-0.187524 -9.64194
-0.455106 -9.61751
-0.382255 -9.71469
-0.709619 -9.66425
-0.578704 -9.79951
-0.209201 -9.78347
-0.293956 -9.8713
-0.0358171 -9.83593
-0.035511 -9.89001
0.187519 -9.87525
0.0468912 -9.93064
0.231816 -9.94337
0.372479 -9.90808
0.414507 -9.86057
0.542924 -9.88019
0.448718 -9.95304
0.639568 -9.9075
0.6185 -9.94273
0.472552 -10.0015
0.694538 -9.97088
0.827503 -9.8965
0.946702 -9.92564
1.01079 -9.9051
1.11203 -9.93572
1.1482 -9.92795
1.01771 -9.88436
0.949391 -9.84139
1.08607 -9.80855
0.874775 -9.74285
1.00316 -9.64674
0.8439 -9.59242
0.627777 -9.67757
0.700673 -9.5314
0.60415 -9.37792
0.511656 -9.56523
0.328787 -9.40542
0.527799 -9.17104
0.362949 -9.21423
0.26137 -9.61505
0.402183 -9.68566
0.144796 -9.76124
0.423439 -9.7738
0.608314 -9.79946
0.30002 -9.81914
0.0332479 -9.67001
-0.118872 -9.71779
0.199531 -9.51668
0.741877 -9.83873
1.29943 -9.98468
1.14756 -9.99116
1.3877 -10.0365
1.31038 -10.0313
1.15969 -9.98875
1.1708 -9.99718
1.32778 -10.023
1.49519 -10.0508
1.48907 -10.0576
1.65316 -10.0485
1.69493 -10.0282
1.57151 -10.0116
1.40353 -10.0069
1.32289 -9.95281
1.29504 -9.97891
1.193 -9.95995
1.15546 -9.92299
1.01363 -9.94079
1.01986 -9.88533
1.02581 -9.8398
0.896161 -9.86308
0.748957 -9.87151
0.557801 -9.83598
0.600655 -9.94388
0.816451 -9.92747
0.612953 -10.0157
0.833332 -9.98635
0.972276 -9.965
1.10623 -9.97184
1.02814 -9.96323
0.998457 -9.96921
0.881136 -9.96861
0.775811 -9.98153
0.840169 -9.96278
0.98416 -9.94357
0.632326 -10.0249
0.516438 -10.029
0.45936 -10.0704
0.486442 -10.0869
0.646356 -10.037
0.67909 -10.0211
0.507748 -10.0602
0.391682 -10.0585
0.421875 -10.0044
0.258749 -10.0388
0.184909 -10.0859
0.362862 -10.0902
0.239758 -10.1177
0.334014 -10.114
0.155136 -10.1136
0.318032 -10.0665
0.0538902 -10.0819
0.217344 -10.0164
-0.11642 -10.0342
0.0668936 -9.97382
-0.100533 -9.9673
-0.118621 -9.92317
-0.245072 -9.9336
-0.458729 -9.94148
-0.706908 -9.88943
-0.748993 -9.98162
-0.496133 -9.99223
-0.294348 -9.97554
-0.402905 -10.0201
-0.610209 -10.0196
-0.592992 -10.0703
-0.359297 -10.0655
-0.197286 -10.0896
-0.356269 -10.099
-0.368465 -10.1189
-0.0985651 -10.1056
-0.310188 -10.0992
-0.207481 -10.0835
-0.0482283 -10.0906
-0.0973835 -10.0563
-0.35463 -10.0835
-0.325626 -10.0295
-0.161646 -9.98333
-0.402121 -9.97547
-0.192722 -9.90232
-0.398706 -9.86867
-0.116316 -9.80569
-0.29661 -9.74488
-0.0679836 -9.66972
0.0911417 -9.76111
0.111075 -9.86639
-0.0505342 -9.8812
-0.000591278 -9.94036
0.229366 -9.96442
0.325654 -9.88643
0.429305 -9.93722
0.298582 -9.79167
0.479798 -9.70761
0.695976 -9.71796
0.660706 -9.61061
0.42944 -9.57384
0.219814 -9.66153
0.228859 -9.53815
0.0689154 -9.57108
0.0755024 -9.46304
-0.115042 -9.53472
-0.344662 -9.62583
-0.301064 -9.4737
-0.11504 -9.41954
-0.25186 -9.33828
-0.4791 -9.39777
-0.481621 -9.52997
-0.670723 -9.506
-0.6081 -9.64125
-0.551319 -9.77153
-0.763806 -9.74342
-0.823412 -9.84974
-0.646906 -9.88481
-0.59396 -9.95691
-0.854325 -9.96916
-0.671023 -10.0546
-0.468505 -10.0282
-0.473617 -10.0686
-0.562479 -10.1046
-0.479745 -10.1342
-0.369472 -10.1132
-0.538267 -10.1557
-0.625556 -10.1534
-0.792365 -10.1702
-0.838296 -10.1763
-0.606038 -10.1673
-0.550035 -10.1216
-0.790794 -10.1539
-0.843778 -10.1144
-0.83696 -10.0497
-1.12252 -10.0772
-1.11136 -10.0072
-1.04109 -9.93307
-1.44664 -9.94173
-1.45913 -10.034
-1.76048 -9.97716
-1.74562 -10.0264
-1.61003 -10.0547
-1.83811 -10.053
-1.61159 -10.1119
-1.37127 -10.0986
-1.28421 -10.1422
-1.09462 -10.1194
-1.01267 -10.157
-0.932179 -10.1356
-1.15031 -10.1651
-1.03282 -10.2036
-1.30284 -10.1976
-1.18755 -10.2108
-0.960976 -10.1915
-1.02857 -10.1792
-1.19925 -10.1865
-1.119 -10.1631
-1.29023 -10.147
-1.15034 -10.1129
-0.947989 -10.129
-0.955502 -10.0629
-1.15308 -10.0317
-1.45893 -10.0806
-1.37644 -9.98558
-1.68566 -9.9603
-1.45706 -9.89142
-1.13294 -9.91587
-1.28356 -9.80052
-0.997424 -9.77585
-1.15207 -9.64713
-1.46466 -9.70018
-1.41219 -9.57205
-1.18599 -9.4679
-0.923268 -9.48116
-1.01752 -9.27444
-1.27592 -9.33085
-1.18938 -9.18898
-1.06265 -9.08257
-0.831353 -9.03153
-1.064 -8.8704
-1.12242 -8.59859
-1.34556 -8.80422
-1.33333 -8.56273
-1.23626 -8.35156
-1.42467 -8.41785
-1.41805 -8.18743
-1.47991 -7.89697
-1.60599 -8.35129
-1.35713 -7.67518
-1.58432 -7.5676
-1.6004 -8.62898
-1.81095 -8.47964
-1.89115 -8.65496
-1.87096 -8.83112
-1.61873 -8.87448
-1.51119 -9.03322
-1.25083 -9.03289
-1.39914 -9.19757
-1.69465 -9.21187
-1.53457 -9.35156
-1.39844 -9.45231
-1.63418 -9.49262
-1.69602 -9.62175
-1.94234 -9.52882
-1.85325 -9.37787
-2.2331 -9.4138
-2.08655 -9.22466
-1.81799 -9.03725
-2.16254 -8.99571
-2.48783 -9.16307
-2.34933 -9.29695
-2.56156 -9.34081
-2.56384 -9.50082
-2.22767 -9.55748
-2.3617 -9.66243
-2.00343 -9.65067
-2.02715 -9.76224
-1.74232 -9.73533
-1.74157 -9.84256
-1.53411 -9.79844
-1.99431 -9.86869
-1.98623 -9.95885
-1.77166 -10.0385
-2.00391 -10.0234
-1.8159 -10.0808
-1.66358 -10.0854
-1.60398 -10.126
-1.43563 -10.14
-1.39249 -10.1761
-1.62188 -10.1713
-1.41683 -10.1963
-1.5796 -10.1646
-1.45508 -10.1557
-1.79993 -10.1279
-1.88718 -10.0757
-2.07104 -10.0885
-2.11783 -10.0467
-2.01795 -9.99298
-2.3771 -9.98593
-2.3607 -10.0513
-2.25913 -10.0859
-2.46706 -10.0671
-2.27945 -10.0885
-2.09857 -10.1261
-2.3493 -10.0676
-2.20748 -10.0877
-1.8917 -10.1497
-2.08868 -10.0783
-2.39244 -10.0183
-2.19858 -10.0116
-2.45972 -9.93553
-2.22496 -9.9525
-2.44263 -9.85916
-2.19755 -9.88779
-2.29073 -9.79472
-2.65436 -9.72097
-2.76407 -9.82076
-3.028 -9.66381
-2.90341 -9.60829
-2.70042 -9.60319
-2.94693 -9.48021
-2.83266 -9.37313
-3.23086 -9.4208
-3.11124 -9.5413
-3.36316 -9.49651
-3.25579 -9.66182
-3.04648 -9.75475
-3.18089 -9.77488
-2.94901 -9.84635
-2.68826 -9.92363
-2.88282 -9.90544
-2.64493 -9.9781
-2.44465 -10.0445
-2.63983 -10.0184
-2.46629 -10.0599
-2.63134 -10.0565
-2.7043 -10.0261
-2.57798 -10.0174
-2.78292 -9.98262
-2.77598 -9.95914
-2.60296 -9.90898
-2.32567 -9.93141
-2.20025 -9.96728
-2.07371 -9.93249
-1.79706 -9.91152
-2.0201 -9.84778
-1.68367 -9.84193
-1.45092 -9.86671
-1.24597 -9.87367
-1.43157 -9.80368
-1.11516 -9.80239
-0.991909 -9.8644
-0.852856 -9.82916
-0.870394 -9.7656
-1.05242 -9.66791
-0.960748 -9.50477
-0.6627 -9.55163
-0.695636 -9.43767
-0.49074 -9.53031
-0.358237 -9.41629
-0.400191 -9.2771
-1.44363 -9.35049
-2.05509 -9.31491
-1.85094 -9.33852
-1.64692 -9.34952
-1.52525 -9.40618
-1.64447 -9.51271
-1.94027 -9.55546
-1.698 -9.60183
-1.52872 -9.63159
-1.67893 -9.70188
-1.49161 -9.71219
-1.32515 -9.69688
-1.32802 -9.54379
-1.96897 -9.73079
-2.24313 -9.63784
-2.29332 -9.48597
-2.13248 -9.38991
-2.39503 -9.34989
-2.25615 -9.28244
-2.55695 -9.17553
-2.38052 -9.19366
-2.9692 -9.14466
-2.76227 -9.16257
-2.65575 -9.33522
-2.92719 -9.24744
-2.90031 -9.4246
-2.56788 -9.53889
-2.47808 -9.42946
-2.83667 -9.59375
-2.70664 -9.70883
-2.43379 -9.71057
-2.45989 -9.76464
-2.57966 -9.78675
-2.38371 -9.85121
-2.24165 -9.7707
-2.79903 -9.81813
-2.96077 -9.87928
-3.01525 -9.82057
-3.17746 -9.8191
-3.19896 -9.85706
-3.37365 -9.81236
-3.31966 -9.86521
-3.13347 -9.90186
-3.34891 -9.88885
-3.2846 -9.89719
-3.15718 -9.92786
-3.29252 -9.92671
-3.45381 -9.88739
-3.46776 -9.90233
-3.39664 -9.91758
-3.16683 -9.94828
-3.26677 -9.90702
-3.06397 -9.95127
-2.8837 -9.99131
-2.90091 -9.97303
-3.08303 -9.90863
-2.83007 -9.95666
-3.08192 -9.86099
-3.27309 -9.81878
-3.42312 -9.67875
-3.48181 -9.75942
-3.33188 -9.85299
-3.51826 -9.81811
-3.6203 -9.69958
-3.64865 -9.59246
-3.7546 -9.6093
-3.83996 -9.46071
-3.77048 -9.43444
-3.606 -9.48427
-3.86531 -9.26774
-3.66047 -9.30433
-3.4665 -9.28218
-3.74783 -9.09136
-3.76598 -8.84724
-3.95172 -8.87603
-3.99505 -8.62745
-3.7807 -8.5676
-3.90826 -8.29826
-3.97905 -8.43546
-4.03624 -8.26806
-3.99584 -8.02566
-4.12759 -8.14956
-4.10231 -8.38712
-4.22173 -8.26076
-4.18913 -8.52761
-4.09922 -8.73334
-4.21983 -8.72477
-4.08729 -8.9053
-3.92886 -9.06487
-4.0193 -9.07736
-4.11468 -9.00697
-4.04446 -9.1577
-3.95314 -9.31666
-4.08423 -9.23779
-4.17292 -9.0465
-4.22682 -9.09523
-4.15742 -9.25768
-4.03612 -9.39805
-4.11031 -9.35569
-4.18014 -9.30198
-4.28265 -9.11599
-4.30658 -9.14905
-4.21917 -9.29008
-4.0988 -9.42533
-4.13913 -9.39518
-4.23405 -9.26888
-4.18678 -9.33909
-4.30017 -9.16383
-4.16443 -9.35884
-4.09435 -9.48229
-4.02764 -9.53554
-3.94922 -9.62451
-4.02494 -9.52956
-3.89987 -9.64752
-3.82656 -9.71784
-3.81262 -9.71575
-3.70675 -9.79582
-3.63462 -9.8211
-3.71389 -9.77113
-3.50509 -9.83633
-3.62492 -9.71995
-3.36911 -9.74407
-3.55996 -9.63538
-3.31277 -9.67737
-3.12074 -9.7765
-3.02988 -9.70249
-2.99243 -9.62148
-3.24395 -9.57819
-3.12318 -9.55237
-3.02063 -9.54447
-3.19189 -9.41884
-3.10148 -9.28846
-3.31238 -9.2189
-3.40352 -9.30502
-3.48814 -9.18502
-3.48947 -9.08465
-3.33275 -9.10591
-3.17403 -9.12591
-3.64345 -9.06447
-3.78925 -9.05328
-3.82467 -9.16884
-3.93213 -9.04033
-4.0727 -9.02409
-4.39209 -8.23035
-4.36967 -8.34767
-4.41087 -8.48001
-4.32313 -8.84628
-4.24772 -8.9189
-4.15556 -8.98086
-4.05683 -9.11578
-4.05962 -9.22806
-4.18614 -9.12165
-4.03278 -9.33172
-3.90498 -9.42711
-3.92839 -9.3007
-3.74125 -9.47109
-3.7716 -9.30253
-3.61027 -9.40886
-3.50705 -9.5476
-3.42627 -9.42536
-3.59552 -9.26543
-3.74404 -9.57457
-3.92722 -9.19406
-3.83563 -9.55536
-3.82136 -9.65052
-3.97721 -9.49226
-3.9424 -9.46281
-4.1592 -9.30163
-4.08271 -9.45213
-3.92981 -9.6119
-3.9285 -9.63719
-3.82531 -9.70056
-4.16606 -9.3238
-4.26934 -9.19174
-4.30183 -9.11226
-4.40317 -8.95699
-4.40012 -8.74582
-4.46522 -8.77761
-4.39532 -8.99251
-4.3597 -9.06979
-4.40885 -8.96952
-4.49354 -8.78666
-4.46195 -8.86804
-4.38071 -9.01688
-4.43877 -8.94148
-4.32672 -9.12467
-4.40631 -8.98478
-4.38107 -8.98734
-4.46196 -8.82317
-4.49209 -8.81303
-4.53896 -8.64936
-4.55585 -8.6583
-4.52312 -8.76511
-4.60147 -8.54769
-4.5344 -8.70633
-4.58598 -8.56184
-4.54485 -8.60318
-4.51375 -8.56216
-4.59229 -8.41076
-4.5905 -8.31867
-4.49279 -8.46379
-4.55532 -8.29173
-4.51487 -8.33127
-4.46505 -8.46033
-4.46758 -8.61416
-4.40706 -8.42944
-4.47034 -8.25856
-4.40758 -8.10797
-4.50214 -8.06324
-4.55011 -8.15849
-4.58315 -7.96408
-4.61489 -8.01911
-4.60741 -8.17404
-4.65409 -8.26457
-4.69545 -8.08307
-4.60912 -8.4387
-4.58686 -8.50516
-4.67376 -8.32635
-4.71828 -8.0771
-4.74184 -7.89014
-4.74998 -7.93108
-4.71483 -8.14851
-4.7149 -8.06103
-4.67002 -8.31037
-4.60497 -8.48488
-4.66257 -8.27985
-4.59641 -8.44991
-4.51911 -8.62868
-4.57992 -8.35804
-4.63631 -8.26726
-4.64756 -8.14766
-4.6848 -8.08938
-4.71878 -7.84112
-4.74944 -7.81974
-4.75721 -7.65655
-4.77135 -7.60582
-4.77634 -7.68007
-4.78444 -7.46038
-4.54184 -7.90639
-4.45298 -7.97997
-0.323625 -2.60483
-0.00196648 -2.78505
0.339664 -2.90944
0.516585 -3.06885
0.697353 -3.14451
0.510754 -3.1546
0.395413 -3.26645
0.0773411 -3.06301
0.0977955 -3.33196
-0.203788 -3.13211
-0.156637 -2.94256
-0.376826 -2.92422
-0.48782 -3.01851
-0.625725 -2.8934
-0.519509 -2.75474
-0.841807 -2.76265
-0.674564 -2.53847
-1.02475 -2.48192
-1.14785 -2.76708
-1.42948 -2.70157
-1.33101 -2.49383
-1.60767 -2.46318
-1.87506 -2.60204
-2.09637 -2.58123
-2.05985 -2.77217
-2.24994 -2.78689
-2.30902 -2.64465
-2.45445 -2.85408
-2.5975 -2.80046
-2.51433 -2.95755
-2.53212 -2.64108
-2.7173 -2.71608
-2.89529 -2.79044
-2.04143 -2.91491
-1.89546 -2.84146
-1.93817 -3.01923
-1.74554 -2.95263
-1.70337 -2.79369
-1.56134 -2.87869
-1.35572 -2.90462
-1.56581 -3.04737
-1.80391 -3.13598
-1.73223 -3.38434
-1.47921 -3.29199
-1.34445 -3.05487
-1.25189 -3.22891
-1.0815 -2.98173
-1.02413 -3.20568
-0.872617 -3.01907
-0.824407 -2.92562
-0.700961 -2.97136
-0.742787 -3.23425
-0.417446 -3.2389
-0.578664 -3.36686
-0.72392 -3.46054
-0.867471 -3.52515
-1.00686 -3.46613
-1.03189 -3.81023
-1.13992 -3.61881
-1.28836 -3.74533
-1.24541 -4.0198
-1.42476 -3.99355
-1.37487 -4.24681
-1.64457 -4.1463
-1.53568 -3.80046
-1.59616 -3.56074
-1.97421 -3.52342
-1.87934 -3.31988
-1.39237 -3.5121
-1.18942 -3.45719
-1.57295 -4.5008
-1.80116 -4.41894
-1.27836 -4.54384
-1.41426 -4.76886
-1.20976 -4.79289
-1.27652 -5.00512
-1.15308 -5.19763
-1.13138 -5.41423
-0.990792 -5.68893
-1.20867 -5.60691
-1.49652 -5.03806
-0.8033 -3.69846
-0.898725 -3.86765
-0.738177 -3.79092
-0.670552 -3.70812
-0.617822 -3.54719
-0.512939 -3.66752
-0.422618 -3.45591
-0.297671 -3.63051
-0.16008 -3.40163
-0.098362 -3.64596
0.121949 -3.59277
0.357308 -3.52824
0.367726 -3.7704
0.424582 -4.01157
0.281691 -3.96891
0.340958 -4.19135
0.178274 -4.10918
0.191974 -4.34388
0.0505762 -4.20878
0.0513353 -4.03829
0.148296 -3.94725
0.0152006 -3.84572
-0.207244 -3.84292
-0.313696 -4.01811
-0.432263 -3.87124
0.194242 -3.81583
-4.05847 -3.88408
-4.15318 -4.10574
-4.13463 -4.17108
-4.06113 -4.10097
-4.2312 -4.34718
-4.16358 -4.46919
-4.26303 -4.64799
-4.33836 -4.62595
-4.36105 -4.80418
-4.31074 -4.88036
-4.23835 -4.75679
-4.40012 -4.98953
-4.39424 -5.14179
-4.45922 -5.15891
-4.48131 -5.35719
-4.52055 -5.33612
-4.56506 -5.60414
-4.56221 -5.48886
-4.60324 -5.75755
-4.60388 -5.84473
-4.63497 -5.99152
-4.64428 -6.05142
-4.58859 -5.81527
-4.59756 -5.98349
-4.64832 -6.22087
-4.61706 -6.2082
-4.56672 -5.90601
-4.56262 -5.73038
-4.50178 -5.67962
-4.53066 -5.95495
-4.44831 -5.62971
-4.43428 -5.3905
-4.383 -5.42798
-4.4571 -5.88733
-4.38467 -5.90914
-4.50144 -6.20281
-4.47119 -6.3324
-4.38677 -6.15851
-4.42776 -6.44618
-4.35386 -6.20164
-4.32385 -6.29
-4.39691 -6.65635
-4.31768 -6.49478
-4.35196 -6.69512
-4.40128 -6.90543
-4.3023 -6.71802
-4.38664 -7.13825
-4.29834 -7.05667
-4.37036 -7.39423
-4.28581 -7.32754
-4.34019 -7.61669
-4.41742 -7.70741
-4.37194 -7.92641
-4.43061 -7.92035
-4.47972 -7.83497
-4.4579 -8.04993
-4.41681 -8.03446
-4.40172 -8.19668
-4.3142 -8.1215
-4.30318 -7.95782
-4.22383 -7.95638
-4.29269 -7.78066
-4.21628 -7.64114
-4.14259 -7.72286
-4.14503 -7.49201
-4.19378 -7.32729
-4.26923 -7.54081
-4.20903 -7.0367
-4.11898 -7.02006
-4.07964 -7.24069
-4.03565 -6.96442
-4.00134 -7.32856
-4.07077 -7.517
-3.98088 -7.5384
-4.05331 -7.7559
-4.11895 -7.93289
-3.95357 -7.75218
-4.05634 -6.79752
-4.12599 -6.76786
-4.02524 -6.52297
-4.11781 -6.5152
-4.20994 -6.73838
-4.17562 -6.36376
-4.25107 -6.38387
-4.26076 -6.263
-4.19921 -6.12626
-4.25048 -6.0772
-4.30015 -5.94906
-4.19174 -5.83053
-4.29797 -5.7264
-4.0927 -5.91917
-3.97561 -5.59167
-3.9681 -5.89668
-3.87129 -5.66479
-3.95515 -6.06896
-4.03843 -6.21051
-3.85203 -5.35099
-4.31236 -8.35656
-4.38412 -8.41889
-4.3155 -8.56008
-4.35885 -8.5581
-4.42017 -8.44322
-4.36867 -8.63586
-4.29611 -8.7098
-4.28263 -8.8838
-4.21737 -8.88658
-4.35829 -8.81747
-4.30954 -8.98182
-4.34917 -8.95101
-4.4201 -8.81238
-4.45324 -8.61741
-4.48607 -8.42156
-4.55655 -8.18349
-4.61998 -8.07498
-4.58819 -7.94151
-4.63358 -7.85825
-4.67545 -7.9284
-4.66142 -7.75812
-4.69324 -7.7002
-4.73312 -7.5916
-4.69256 -7.46954
-4.65492 -7.58152
-4.6306 -7.3085
-4.60237 -7.52104
-4.63139 -7.69413
-4.5973 -7.7194
-4.54455 -7.50792
-4.54775 -7.27006
-4.47174 -7.22541
-4.46438 -7.51411
-4.53834 -7.76115
-4.52149 -8.01076
-4.48206 -6.98231
-4.55512 -7.02624
-4.6144 -7.03734
-4.6857 -7.19409
-4.63919 -6.87221
-4.69838 -6.97654
-4.73376 -7.22945
-4.73016 -7.39354
-4.75492 -7.42541
-4.75637 -7.23582
-4.77651 -7.2657
-4.74831 -7.02378
-4.76763 -6.9423
-4.78515 -7.13696
-4.7938 -7.30034
-4.77635 -7.04562
-4.77995 -7.16208
-4.66541 -6.00943
-4.65903 -5.90379
-4.62836 -5.74974
-4.63014 -5.81435
-4.6427 -5.94367
-4.5924 -5.61463
-4.67971 -6.14494
-4.66525 -6.20122
-4.69393 -6.28622
-4.72353 -6.60787
-4.70676 -6.4083
-4.74442 -6.75944
-4.76565 -6.78065
-4.77448 -6.95709
-4.72475 -6.59049
-4.73106 -6.7665
-4.67774 -6.52307
-4.68218 -6.41116
-4.64078 -6.34443
-4.64743 -6.47582
-4.58207 -6.24184
-4.58131 -6.39218
-4.6406 -6.68406
-4.57153 -6.5436
-4.53889 -6.72691
-4.52443 -6.142
-4.71494 -6.75847
-4.67796 -6.31428
-4.59274 -5.50324
-4.55533 -5.37116
-4.52586 -5.25233
-4.48418 -5.11329
-4.42472 -4.82068
-4.32224 -4.46858
-4.38013 -4.72097
-4.26333 -4.40496
-4.21318 -4.19513
-4.1867 -4.20326
-4.62834 -5.63335
-4.64625 -5.76781
-4.45272 -4.96994
-4.49355 -5.1649
-4.48353 -6.77393
-4.47483 -8.24384
-4.42979 -8.33538
-4.49898 -5.51695
-0.275423 -2.80295
-4.4796 -8.60014
-3.57491 -9.85671
-3.59305 -9.83134
-3.7612 -9.73892
-3.70215 -9.73748
-3.68367 -9.70702
-3.80139 -9.62882
-3.89091 -9.50728
-3.93645 -9.53634
-3.85196 -9.65685
-3.97572 -9.54564
-4.05782 -9.43566
-3.96594 -9.38745
-3.86324 -9.36882
-3.81856 -9.18456
-3.42311 -9.58124
-3.06345 -9.94689
-2.8845 -9.98516
-2.97323 -9.96334
-1.24051 -9.34253
-1.0314 -9.31206
-0.815356 -9.28011
-0.593426 -9.24897
-1.99235 -10.065
-1.83761 -10.1192
-2.02958 -8.5361
-0.705647 -9.29673
-0.848633 -9.63994
-0.793658 -10.1444
0.0673428 -10.0228
0.0717545 -10.0969
0.0680046 -10.1085
1.25101 -9.98947
1.58805 -10.0496
1.69039 -10.0269
1.83924 -10.0296
1.82703 -9.98001
1.90532 -9.91316
1.7459 -9.94505
1.49817 -10.0212
1.76277 -9.81762
1.63576 -9.78158
1.5019 -9.73136
1.35536 -9.68459
0.870622 -9.24112
-1.4616 -6.42008
-1.31322 -6.35348
-1.98063 -7.22571
-1.89373 -5.89121
-2.11225 -6.00795
-2.1035 -5.71614
-2.26116 -5.6411
-2.57875 -6.49361
-0.377457 -5.32339
-0.524582 -4.86125
1.0176 -5.84805
0.948893 -5.59179
0.945189 -5.3408
1.07325 -5.27395
1.35605 -4.11965
1.50933 -4.27454
1.46931 -4.13434
1.41527 -4.01457
1.51616 -4.08017
1.51742 -3.97012
1.62226 -4.09938
1.55121 -4.17663
1.64184 -4.28708
1.80564 -4.4917
1.66064 -4.45699
1.77209 -4.59757
1.86861 -4.59919
1.93398 -4.70629
2.19739 -5.38896
2.24077 -5.57656
2.20857 -5.57991
2.13764 -5.42637
2.10004 -5.5554
2.12162 -5.24534
2.0562 -5.10928
1.99487 -4.81368
2.01949 -4.96014
1.96273 -4.90346
1.87087 -4.81817
1.84109 -4.68997
0.485626 -5.75395
0.62089 -6.06439
