7.04363 -2.86324
7.05767 -2.93095
6.99824 -3.05436
6.99936 -3.09836
7.05029 -2.99016
7.02624 -3.02724
6.89674 -3.26039
6.92758 -3.20174
6.95611 -3.14405
6.92173 -3.25415
6.96904 -3.14004
6.92804 -3.25002
6.93273 -3.25983
6.95083 -3.21004
6.88304 -3.37479
6.86084 -3.35834
6.94919 -3.13657
6.87215 -3.27254
6.96448 -3.05025
7.02631 -2.79734
6.95094 -2.96673
6.97972 -2.80435
6.90758 -2.92585
6.88683 -3.06658
6.89849 -3.14951
6.82321 -3.21319
6.82248 -3.34266
6.81374 -3.44132
6.82527 -3.43755
6.74447 -3.60885
6.80087 -3.53214
6.79842 -3.56186
6.7194 -3.6976
6.72016 -3.76358
6.74678 -3.70269
6.828 -3.50767
6.8884 -3.36017
6.86843 -3.39267
6.7892 -3.59771
6.8677 -3.39148
6.80054 -3.53489
6.86337 -3.35415
6.82645 -3.38385
6.74871 -3.50735
6.73212 -3.57583
6.72466 -3.66247
6.64944 -3.6875
6.63252 -3.80031
6.56614 -3.80006
6.5785 -3.69008
6.66256 -3.59676
0.0348511 0.519102
0.178603 0.683397
0.627912 1.09526
0.750775 1.19853
0.704745 0.999311
0.881334 1.08774
0.778026 0.881471
0.979465 0.956884
1.12399 1.2218
1.21208 1.03181
1.42279 1.3257
1.49253 1.06338
1.6526 1.36581
1.66457 1.54469
1.50833 1.58215
1.66741 1.69699
1.8348 1.73313
1.76684 1.84661
1.54496 1.78831
1.70804 1.93439
5.44399 2.21068
5.26963 2.31847
5.0851 2.39264
4.8966 2.42651
4.99036 2.26679
5.16041 2.25774
5.16484 2.15206
5.01599 2.13124
5.18449 2.04263
5.32624 2.03609
5.30566 2.16625
5.47473 2.02366
5.43987 1.93732
5.58098 1.80615
5.63368 1.92574
5.61379 2.09889
5.75333 1.94072
5.88199 1.77386
5.75131 1.76451
5.90401 1.55887
5.99924 1.60228
6.09703 1.45493
6.04419 1.40969
6.18198 1.30081
7.06154 -2.61331
7.05484 -2.51553
7.03927 -2.43954
7.07341 -2.24688
6.93263 -0.670808
6.96027 -0.813303
7.03379 -1.59183
7.05188 -1.77367
6.97714 -1.83347
7.0315 -2.05354
6.96646 -2.08611
7.03566 -2.36333
7.07629 -2.1145
7.06575 -1.94922
6.93283 -2.25225
6.97885 -2.43137
6.92621 -2.47866
6.93618 -2.68615
7.01706 -2.67814
7.02367 -2.7686
6.87205 -2.59453
6.86323 -2.39135
6.81836 -2.56222
6.80488 -2.29328
6.72202 -2.47175
6.72805 -2.18448
6.65058 -2.26871
6.66234 -2.04244
6.58814 -2.0875
6.6007 -1.809
6.49978 -1.89706
6.50766 -1.62645
6.57032 -1.50312
6.66843 -1.63737
6.67308 -1.86735
6.71393 -1.8359
6.76094 -1.67714
6.71162 -1.39197
6.78986 -1.527
6.79196 -1.35443
6.86034 -1.67835
6.85143 -1.37145
6.88213 -1.37222
6.81384 -1.08601
6.89133 -1.09478
6.91028 -1.29072
6.94744 -1.43337
6.93387 -1.50624
6.95461 -1.59885
7.01139 -1.41315
6.93727 -1.26239
6.94794 -1.08046
6.98447 -1.24163
6.94501 -0.973914
6.91356 -0.754697
6.89106 -0.862757
6.83685 -0.83003
6.84205 -0.661621
6.75848 -0.50077
6.77265 -0.778926
6.73311 -0.867278
6.71486 -1.08025
6.66454 -0.819249
6.69286 -0.612519
6.59464 -0.601299
6.60452 -0.411265
6.51964 -0.348163
6.56681 -0.22325
6.64013 -0.317269
6.54359 -0.0240876
6.64606 -0.13648
6.55767 0.116631
6.61557 0.0375866
6.57849 0.212913
6.46985 0.327773
6.44 0.272424
6.34013 0.580485
6.4672 0.467943
6.38566 0.705605
6.48477 0.596495
6.40919 0.786171
6.55751 0.387897
6.74594 -0.219441
6.81171 -0.389263
6.89138 -0.549223
6.80327 -0.465385
6.69535 -0.0393569
6.63437 0.183553
6.33022 0.959872
6.24877 1.12764
6.20657 1.07003
6.29357 0.844716
6.20154 0.906388
6.17952 0.766501
6.26975 0.5419
6.35946 0.392209
6.30271 0.352379
6.42476 0.179013
6.48563 -0.0688025
6.36683 0.110794
6.41845 -0.144165
6.43386 -0.396707
6.50599 -0.616855
6.43968 -0.554178
6.43833 -0.706974
6.51844 -0.897459
6.59997 -0.829405
6.61637 -1.10209
6.65096 -0.955653
6.61989 -1.36493
6.52228 -1.19733
6.48774 -1.39544
6.38985 -1.18869
6.43142 -0.943552
6.35377 -0.950423
6.33688 -0.731607
6.37984 -0.506848
6.26557 -0.437417
6.32195 -0.221832
6.16849 -0.14105
6.21553 0.0201471
6.30381 0.0465615
6.19188 0.210752
6.24423 0.299428
6.16585 0.587478
6.07927 0.469523
5.98662 0.779304
6.05242 0.858266
6.05749 1.0559
5.93017 1.07558
5.95926 1.22432
5.83939 1.37589
5.78964 1.20063
5.81266 0.951761
5.91686 0.683291
5.78454 0.69261
5.93121 0.482874
6.06706 0.204818
5.81074 0.32863
6.0079 0.0338669
6.0521 -0.210043
6.15566 -0.382655
6.04396 -0.485458
6.20074 -0.636779
6.08433 -0.839398
6.26051 -0.942021
6.16608 -1.03607
6.23045 -1.23111
6.33235 -1.4067
6.41703 -1.48734
6.35315 -1.64803
6.44081 -1.69285
6.40757 -1.8334
6.42081 -2.05228
6.51196 -2.19113
6.40849 -2.36758
6.53616 -2.44508
6.58311 -2.29928
6.62563 -2.47508
6.58149 -2.63501
6.66569 -2.68364
6.73842 -2.73672
6.67232 -2.86557
6.72235 -2.95811
6.82797 -2.79051
6.77278 -3.0361
6.8574 -2.95582
6.84455 -3.07581
6.76603 -3.20844
6.72092 -3.44694
6.62176 -3.486
6.67444 -3.20759
6.52686 -3.44206
6.57366 -3.23089
6.63479 -3.04072
6.53503 -3.09272
6.59284 -2.85484
6.4874 -2.93438
6.48153 -2.68705
6.38487 -2.9138
6.41955 -3.13326
6.28511 -3.15953
6.31422 -3.37251
6.44956 -3.36181
6.29861 -3.56018
6.33244 -3.69793
6.46178 -3.67309
6.36186 -3.79603
6.24665 -3.94752
6.07343 -4.03105
6.05696 -4.21997
6.25088 -4.04925
6.36421 -3.86428
6.36136 -3.96231
6.18558 -4.20646
6.36163 -4.03523
6.25391 -4.22274
6.40605 -4.07128
6.36434 -4.17347
6.51422 -3.97203
6.51234 -3.89787
6.63667 -3.76341
6.62631 -3.68953
6.73008 -3.54651
6.5886 -3.63741
6.49431 -3.83032
6.48493 -3.74253
6.63412 -3.83869
6.61705 -3.89452
6.48262 -4.04262
6.46705 -4.10732
6.63822 -3.88764
6.55453 -3.99004
6.6662 -3.82879
6.67244 -3.79724
6.59123 -3.95736
6.56327 -3.96249
6.56571 -3.91463
6.54643 -3.88186
6.44828 -3.96411
6.43013 -3.89777
6.46797 -3.77256
6.31314 -3.85826
6.41923 -3.79912
6.07862 -3.95517
6.19747 -3.90665
5.95701 -4.00695
6.01723 -4.04928
6.15766 -4.00421
6.28059 -3.95037
6.22937 -4.03391
6.07305 -4.10875
6.18443 -4.13709
5.97718 -4.23508
6.1013 -4.25787
5.93116 -4.34522
5.99408 -4.40546
5.69681 -4.51488
5.88404 -4.54115
5.69155 -4.67388
5.88946 -4.64606
6.04178 -4.4634
6.07271 -4.51592
5.95137 -4.63527
5.75955 -4.77714
5.67272 -4.78286
5.57991 -4.87477
5.58883 -4.90736
5.69142 -4.86021
5.47731 -4.99893
5.69051 -4.84074
5.44787 -4.90583
5.71799 -4.76113
5.87596 -4.70906
5.92195 -4.59819
5.68924 -4.71665
5.85587 -4.57803
5.72347 -4.64425
5.54346 -4.78668
5.48815 -4.70388
5.37663 -4.86499
5.16536 -4.97914
5.25924 -4.84761
5.05975 -4.90171
5.21743 -4.78903
5.15913 -4.7048
4.94188 -4.84988
4.96591 -4.68633
5.23503 -4.4614
4.9971 -4.49578
5.17355 -4.25838
5.46103 -4.19057
5.41645 -3.98562
5.71572 -3.9206
5.64366 -3.74408
5.38823 -3.75978
5.62565 -3.5417
5.39584 -3.49981
5.69462 -3.28975
5.77602 -3.419
5.91054 -3.30134
5.97762 -2.97603
5.67005 -3.0161
5.44475 -3.24987
5.37536 -3.02171
5.08709 -3.38976
5.08534 -3.02475
5.2654 -2.84145
5.45951 -2.73446
5.30522 -2.60765
5.13342 -2.7586
5.09624 -2.45053
4.93202 -2.82202
4.75049 -3.2552
4.6751 -2.7874
4.8783 -2.60406
4.84614 -2.3257
5.09823 -1.99386
4.89901 -1.94844
5.04436 -1.60065
5.25125 -1.63667
5.28753 -1.29284
5.37867 -1.45241
5.49055 -1.2483
5.50741 -1.4705
5.66937 -1.29313
5.63455 -1.53078
5.7902 -1.46681
5.8656 -1.22088
5.7647 -1.08601
5.90303 -0.971156
5.73044 -0.898333
5.63135 -1.08362
5.4958 -0.922156
5.67448 -0.686893
5.52595 -0.544386
5.72074 -0.421103
5.58441 -0.314757
5.43431 -0.280711
5.53583 -0.186643
5.64331 -0.170565
5.4932 -0.0150665
5.6883 0.0771041
5.49282 0.295293
5.65034 0.299757
5.58476 0.47945
5.62779 0.67447
5.4908 0.680424
5.48594 0.834589
5.59146 0.983197
5.38563 0.98862
5.38414 1.18148
5.5303 1.28315
5.6834 1.16914
5.67158 1.36936
5.492 1.5322
5.65687 1.58554
5.77025 1.59252
5.50943 1.71446
5.37357 1.88033
5.39814 1.70546
5.31019 1.6088
5.35039 1.40783
5.16952 1.50959
5.18034 1.26574
5.26471 1.09008
5.12489 0.988452
4.93728 1.19592
5.01872 1.40614
4.84305 1.41667
4.97231 1.60858
5.14909 1.70575
4.98892 1.84455
5.17922 1.88875
5.29004 1.7667
5.02959 2.01592
4.89718 1.99405
4.90045 2.10224
4.74939 2.06363
4.81169 1.89626
4.66625 1.9273
4.71068 1.7699
4.85118 1.74421
4.7703 1.59839
4.6143 1.63299
4.61922 1.41698
4.73073 1.24021
4.51148 1.11201
4.74438 1.0224
4.91971 0.947936
4.79345 0.721707
5.0184 0.752545
5.21741 0.718426
5.23565 0.881315
5.35495 0.814545
5.40711 0.576463
5.28353 0.441922
5.3186 0.189316
5.17622 0.329988
5.10918 0.528367
5.02368 0.348804
4.95637 0.560807
4.85335 0.42685
4.69812 0.499189
4.57305 0.636257
4.59894 0.862184
4.38824 0.773763
4.42641 0.542778
4.55076 0.380718
4.37589 0.377662
4.42049 0.164809
4.63894 0.110398
4.73403 0.307093
4.90083 0.100557
4.73794 -0.165797
4.95164 -0.2895
5.10346 -0.0924184
5.20988 -0.356463
5.28998 -0.0664834
5.14033 0.136435
5.3627 -0.505461
5.23307 -0.655397
5.37547 -0.710891
5.23898 -0.942659
5.10047 -1.23468
5.0201 -0.978708
5.13488 -0.800875
5.04227 -0.631779
4.88101 -0.809796
4.80993 -1.085
4.91282 -1.34267
4.71049 -1.40651
4.78389 -1.72762
4.57551 -1.69503
4.61079 -1.98375
4.73797 -2.07869
4.54419 -2.37834
4.4172 -2.02305
4.34105 -2.3537
4.33676 -2.58296
4.37547 -2.85108
4.43122 -3.2265
4.235 -3.20944
4.14869 -2.98623
4.25808 -2.74852
4.16579 -2.57195
3.97439 -2.90225
3.94387 -2.56673
4.07429 -2.23138
4.24553 -2.21875
4.21559 -1.92322
4.38035 -1.60128
4.54872 -1.41811
4.44668 -1.23018
4.6248 -1.15263
4.51395 -0.961925
4.68255 -0.80835
4.47279 -0.689833
4.63107 -0.441268
4.83522 -0.551626
4.79145 -0.355629
4.48333 -0.143386
4.42074 -0.420696
4.29114 -0.280236
4.2437 -0.59473
4.34146 -0.952713
4.11212 -0.967446
4.24805 -1.29262
4.0191 -1.39325
4.17426 -1.61608
3.98966 -1.86426
3.83019 -1.62108
3.82923 -1.31852
3.92893 -1.05264
3.7522 -1.01452
3.87373 -0.77835
3.9828 -0.857278
4.01683 -0.640802
3.82621 -0.421088
4.08047 -0.270389
3.90517 -0.0824524
4.05742 0.0889384
4.2533 -0.0214672
4.23372 0.258842
4.06354 0.388981
4.26315 0.514991
4.10547 0.708499
3.88612 0.519548
3.85893 0.208994
3.72771 0.387825
3.68964 0.651577
3.89316 0.754137
3.78206 0.898255
3.66421 0.841594
3.63966 0.999521
3.80297 1.16648
3.5994 1.20426
3.43799 1.06671
3.44576 1.38058
3.65821 1.40413
3.53516 1.54216
3.65796 1.66578
3.38088 1.69816
3.5142 1.90268
3.35812 1.93851
3.42784 2.05139
3.57741 2.07494
3.45833 2.1478
3.67227 2.19023
3.46978 2.30244
3.31002 2.17985
3.2952 2.08104
3.11554 2.08575
3.215 2.27233
3.02167 2.22241
3.06933 2.37366
2.83163 2.30425
2.65135 2.25532
2.46074 2.21902
2.28276 2.14415
3.31062 2.4512
3.56318 2.49406
3.76324 2.35893
3.8255 2.5048
4.71339 2.43691
4.53625 2.44463
4.38099 2.4586
4.46364 2.36123
4.29179 2.35163
4.22595 2.47611
4.07164 2.47343
4.15384 2.29206
3.97891 2.18326
3.78407 2.05576
3.96743 1.92104
4.1466 2.01179
4.1791 1.84012
4.33404 1.95152
4.27286 2.15935
4.52676 2.06547
4.47218 2.23818
4.63968 2.17348
4.6355 2.31038
4.81994 2.19692
4.80882 2.32549
4.51957 1.80917
4.34051 1.7585
4.42481 1.5691
4.21708 1.6437
4.19513 1.39539
4.41673 1.33834
4.30747 1.19589
4.24864 0.992683
4.00348 0.986768
4.15862 1.15819
4.017 1.22977
3.90152 1.45231
4.05998 1.58408
3.89415 1.71234
3.72368 1.90462
4.06558 1.73806
1.89979 2.02743
2.09388 2.08534
1.93564 1.90522
2.08674 1.83197
2.2466 2.0056
2.46924 2.05694
2.29805 1.91189
2.43786 1.85941
2.67662 1.93321
2.70036 2.12729
2.87561 2.08441
2.90776 1.83609
3.19551 1.90545
3.13871 1.69799
3.22008 1.47417
3.28067 1.24022
3.07453 1.26411
2.98811 1.5321
2.77343 1.29278
2.94859 1.01057
3.19908 1.01728
3.07171 0.716314
3.34468 0.788194
3.29599 0.472446
3.4853 0.622033
3.54037 0.36183
3.54408 0.82831
3.37227 0.198152
3.52241 0.00101072
3.67416 0.183879
3.73238 -0.0652809
3.61439 -0.319838
3.65956 -0.568669
3.74141 -0.713958
3.60166 -0.840447
3.61925 -1.09231
3.67011 -1.32249
3.54839 -1.2393
3.52779 -1.45749
3.65071 -1.6492
3.74817 -1.483
3.72977 -2.00454
3.53277 -1.93981
3.49733 -1.69409
3.37291 -1.84492
3.38124 -1.56977
3.28691 -1.68093
3.16575 -1.47998
3.20383 -1.83035
2.95337 -1.83263
3.13119 -2.11436
3.27601 -2.04383
3.39307 -2.14603
3.25888 -2.28455
3.365 -2.45358
3.52989 -2.29253
3.46133 -2.52011
3.54137 -2.5733
3.68084 -2.39471
3.86549 -2.27117
3.76734 -2.59558
3.80587 -2.86412
3.65991 -2.86382
3.6362 -2.6507
3.53163 -2.83503
3.40302 -2.7358
3.41266 -3.01228
3.5284 -3.1502
3.35386 -3.27688
3.44567 -3.49334
3.62609 -3.42454
3.50442 -3.72901
3.64174 -3.76543
3.78816 -3.51948
3.80221 -3.17888
3.95096 -3.25827
3.68271 -3.09627
3.9434 -3.59749
4.08332 -3.3388
4.16431 -3.60802
3.93516 -3.94612
4.07915 -3.9918
4.2461 -3.86323
4.18472 -4.14205
4.43871 -3.91251
4.43225 -3.59098
4.62413 -3.61526
4.77528 -3.77685
4.7953 -3.51175
5.10414 -3.73394
4.88469 -3.9529
5.09753 -4.0298
4.84255 -4.14326
4.84374 -4.38236
4.65456 -4.28933
4.73279 -4.08828
4.56877 -4.1102
4.73474 -3.97577
4.37442 -4.48902
4.5803 -4.51558
4.43432 -4.73241
4.6273 -4.64563
4.78164 -4.67296
4.53993 -4.87908
4.73999 -4.9001
4.56941 -5.01712
4.64469 -5.11181
4.83644 -5.00535
4.77315 -5.1617
4.95824 -5.05329
4.97359 -5.12406
5.16478 -5.08702
4.98071 -5.19519
5.10416 -5.13982
5.29998 -5.06843
5.21845 -5.10717
5.27109 -5.06228
5.39455 -4.98972
5.16947 -5.07593
5.05768 -5.14227
4.9216 -5.13892
5.14558 -5.04336
4.85377 -5.1149
4.96402 -5.02372
5.20117 -4.96269
5.42553 -4.89644
5.23967 -4.89894
5.46997 -4.78899
5.26204 -4.79254
5.48872 -4.68057
5.33059 -4.65523
5.48435 -4.45586
5.76717 -4.36645
5.74928 -4.29486
5.86397 -4.17084
5.66249 -4.27142
5.72833 -4.17513
5.85207 -4.09829
5.71248 -4.12927
5.83517 -4.06808
5.60569 -4.16022
5.48043 -4.19131
5.41681 -4.2249
5.30686 -4.36289
5.42496 -4.35861
5.18391 -4.5095
5.03934 -4.65215
4.87698 -4.79189
4.70552 -4.92798
4.99956 -4.82119
4.74177 -5.0264
4.53697 -5.06227
4.37722 -5.18671
4.54869 -5.20186
5.04032 -4.90996
4.2298 -5.30117
4.30745 -5.31702
4.45586 -5.28206
4.67854 -5.18033
4.65664 -5.25068
4.41315 -5.34902
4.61889 -5.3192
4.37762 -5.39013
4.42321 -5.39262
4.24577 -5.43561
4.16873 -5.49117
4.31864 -5.45867
4.5248 -5.3754
4.68296 -5.31565
4.67328 -5.31719
4.46091 -5.40055
4.55693 -5.37562
4.39324 -5.40425
4.20814 -5.49323
4.21952 -5.47759
4.49126 -5.37543
4.26911 -5.39811
4.07278 -5.48118
4.05277 -5.43888
3.90644 -5.50102
3.87014 -5.46869
3.73591 -5.53884
3.70111 -5.51167
3.57392 -5.58712
3.5347 -5.5405
3.41284 -5.61469
3.37549 -5.56539
3.2487 -5.62373
3.32137 -5.68865
3.46659 -5.62529
3.49161 -5.66466
3.47313 -5.7104
3.64652 -5.63932
3.60286 -5.60244
3.76934 -5.55617
3.84756 -5.58379
3.9232 -5.5288
4.01867 -5.53775
3.99899 -5.5527
3.74113 -5.62856
3.94819 -5.5523
4.05684 -5.52189
3.81221 -5.60325
3.89378 -5.56756
4.08559 -5.4965
3.98858 -5.52342
4.17913 -5.42794
3.95627 -5.48974
4.2089 -5.38462
4.09187 -5.4034
-0.953577 -1.48688
-0.959312 -1.57674
-0.917743 -1.40105
-0.906344 -1.60492
-0.885507 -1.43156
-0.856129 -1.53163
-0.845121 -1.29512
-0.899736 -1.3351
-0.846691 -1.14178
-0.86705 -0.937482
-0.928988 -1.09743
-0.933792 -1.27047
-0.952141 -1.20902
-0.959121 -1.15862
-0.807783 -0.785371
-0.896338 -1.0187
-0.786075 -0.996869
-0.725772 -0.660094
-0.698496 -0.79144
-0.643113 -0.533862
-0.565775 -0.426495
-0.427041 -0.207771
-0.499146 -0.31367
-0.401008 -0.308601
-0.361789 -0.0946961
-0.300625 0.0032021
-0.267995 -0.176769
-0.199203 0.0590532
-0.176621 -0.0571929
-0.201981 -0.264219
-0.0897245 -0.0453188
-0.103439 0.13441
0.0567694 0.262293
-0.0954103 0.339741
-0.143867 0.258342
-0.192451 0.175215
-0.246616 0.0878263
0.0101128 -0.0633163
0.12054 0.0855795
0.233987 0.287938
0.208876 0.425632
0.331695 0.490218
0.370423 0.374226
0.343165 0.256855
0.237433 0.0901011
0.406726 0.14171
0.439992 0.338372
0.56358 0.359243
0.49584 0.501513
0.659039 0.5502
0.640343 0.698091
0.829902 0.710937
0.745654 0.429321
0.972394 0.574288
1.0413 0.812886
1.21828 0.789743
1.1872 0.488873
1.42176 0.774909
1.66148 0.922884
1.83593 1.25322
1.88642 0.993553
2.14314 1.24924
2.08988 0.903223
2.3106 1.1403
2.38352 0.98699
2.50994 1.21063
2.38263 1.3178
2.56335 1.43304
2.35914 1.51126
2.11529 1.55559
2.32959 1.72535
2.18733 1.7436
2.24892 1.80666
2.15174 1.76961
2.08549 1.69512
1.89222 1.57064
2.6168 1.71084
2.69554 1.51071
2.80075 1.58383
2.73882 1.84669
2.59008 1.0558
2.73145 0.984786
2.49415 0.784043
2.78746 0.766898
2.58356 0.544815
2.83403 0.523995
3.03497 0.394331
2.81944 0.307292
2.94677 0.0891379
3.18565 0.193318
3.12494 0.0221841
3.27653 -0.060996
3.03575 -0.172186
3.23113 -0.379374
3.4202 -0.324905
3.33725 -0.608914
3.51088 -0.588749
3.4085 -0.899859
3.51742 -1.06225
3.39948 -1.25928
3.22689 -1.10153
3.0169 -1.14246
3.11163 -0.958869
3.23379 -0.830977
3.08348 -0.754128
3.1968 -0.619452
3.06032 -0.496552
2.88942 -0.667668
2.97932 -0.90612
2.77759 -0.9717
2.79992 -1.40474
2.48436 -1.13945
2.56137 -0.833012
2.69331 -0.701164
2.53341 -0.604149
2.71772 -0.470322
2.89791 -0.385619
2.76766 -0.167086
2.52739 -0.379947
2.47559 -0.181548
2.28163 -0.428908
2.41132 -0.534665
2.32182 -0.788926
2.04907 -0.680952
2.02803 -1.04604
2.2572 -1.08334
2.18781 -1.36095
2.47469 -1.55294
2.17451 -1.8319
2.48169 -1.87452
2.68552 -1.73497
2.69403 -2.05879
2.93515 -2.24672
2.71011 -2.4856
2.95531 -2.56857
3.12821 -2.4543
3.25101 -2.47412
3.24871 -2.66596
3.25224 -3.01289
3.08826 -2.79631
3.04184 -3.16852
3.20137 -3.33675
3.28295 -3.58145
3.05307 -3.5791
3.2553 -3.98593
3.38066 -3.74997
3.41693 -3.91796
3.5277 -3.97676
3.4263 -4.10513
3.5555 -4.25829
3.64662 -4.02568
3.75171 -4.209
3.77868 -3.85657
3.9464 -4.32186
3.78444 -4.42691
3.80677 -4.59161
3.94678 -4.67118
4.1434 -4.44015
4.13023 -4.6817
4.22589 -4.81878
4.00913 -4.90498
4.13278 -5.03207
4.31954 -4.9689
4.41895 -5.13578
4.2252 -5.12626
4.19419 -5.24237
4.29803 -5.31332
4.5235 -5.2658
4.15901 -5.38193
4.13379 -5.33242
3.98505 -5.39447
3.99307 -5.30511
3.82227 -5.38133
3.80791 -5.30987
3.63956 -5.37518
3.67663 -5.23525
3.89166 -5.2193
3.82217 -5.13653
3.96641 -5.09664
3.86512 -5.03053
3.81467 -4.88407
3.70825 -5.06036
3.67343 -4.91889
3.70363 -4.75576
3.81418 -4.74381
3.66727 -4.51336
3.58709 -4.69032
3.50731 -4.54465
3.49601 -4.73073
3.57666 -4.83761
3.44903 -4.86822
3.55667 -4.98957
3.39618 -5.04493
3.53229 -5.13996
3.47345 -5.26118
3.52911 -5.3296
3.3927 -5.36128
3.33779 -5.28391
3.37593 -5.18478
3.20887 -5.21445
3.30668 -5.13039
3.24404 -5.0523
3.30554 -4.88833
3.17135 -4.9209
3.19972 -4.7229
3.36484 -4.65359
3.20601 -4.4151
3.09089 -4.58357
3.10614 -4.44903
3.08846 -4.33972
2.99872 -4.43261
2.96416 -4.20194
3.11297 -4.18188
3.00977 -3.94281
2.75751 -3.96169
2.86327 -3.72714
2.78118 -3.45737
2.93346 -3.35202
2.82382 -3.16054
2.61841 -3.20917
2.61719 -2.88195
2.37636 -3.07805
2.4353 -3.45461
2.03001 -3.24861
2.14091 -2.8813
2.3744 -2.80112
2.22683 -2.59103
1.98167 -2.66335
1.83086 -2.90904
1.69897 -2.53414
2.00861 -2.38067
1.81943 -2.31573
1.9108 -2.16084
2.09131 -2.12955
2.01273 -2.01714
1.88502 -1.92374
1.68576 -2.1434
1.65415 -1.77172
1.47424 -1.94586
1.40392 -2.28717
1.43724 -2.59662
1.4663 -2.88866
1.20772 -2.62544
1.11729 -3.01941
1.35734 -3.23618
1.64734 -3.2028
1.71437 -3.48421
2.05901 -3.71156
1.58292 -3.75534
1.47258 -3.55089
1.50047 -3.39511
1.3325 -3.4482
1.26208 -3.62098
1.1041 -3.372
1.02017 -3.56731
0.81186 -3.42093
0.926895 -3.61959
1.07802 -3.75095
0.858179 -3.71201
1.05542 -3.91616
1.22023 -3.94121
1.31018 -3.82629
1.47463 -4.0236
1.2612 -4.1487
1.51216 -4.22525
1.49823 -4.36097
1.71379 -4.3624
1.685 -4.19641
1.95376 -4.30671
1.95842 -4.50861
2.16897 -4.50149
2.24234 -4.34057
2.09783 -4.16595
1.84126 -4.02728
2.12651 -3.99724
2.30593 -3.93264
2.46608 -3.79196
2.66901 -3.67834
2.5327 -4.02909
2.68629 -4.11246
2.80094 -4.21959
2.61255 -4.25398
2.80421 -4.45941
2.90504 -4.33235
2.95847 -4.61455
3.02727 -4.81218
2.80391 -4.73214
2.85839 -4.9563
3.06381 -5.05403
2.88931 -5.11566
3.00798 -5.22511
3.07914 -5.35023
3.2428 -5.36924
3.12768 -5.4687
3.31507 -5.48012
3.47202 -5.40708
3.49731 -5.47433
3.66706 -5.45195
3.27219 -5.56526
3.17101 -5.56024
3.05085 -5.63178
3.176 -5.67366
3.09884 -5.71016
3.27242 -5.75658
3.15753 -5.76105
3.36353 -5.74131
3.58271 -5.68166
3.64544 -5.64841
3.44749 -5.71094
3.4814 -5.68958
3.59271 -5.65705
3.70692 -5.61644
3.82117 -5.57142
0.50657 -4.05885
0.852034 -4.32396
1.17585 -4.5497
1.37142 -4.65459
1.57571 -4.75037
2.74387 -5.35999
2.88283 -5.4524
3.00459 -5.53741
3.11344 -5.61974
3.21451 -5.68313
3.37344 -5.71612
3.17749 -5.73089
3.23137 -5.75501
3.02959 -5.71498
3.00581 -5.71754
2.85041 -5.65351
2.87932 -5.64967
2.72036 -5.60166
2.66712 -5.56074
2.82728 -5.61356
2.95065 -5.65454
2.88759 -5.60757
2.86533 -5.52332
3.02803 -5.53717
2.93956 -5.43256
2.73901 -5.40718
2.78975 -5.32692
2.59035 -5.30219
2.65756 -5.2203
2.39304 -5.14901
2.63973 -5.06053
2.83192 -5.21994
2.34626 -4.99489
2.16158 -5.00683
2.10517 -4.86688
2.39424 -4.84854
2.06216 -4.68586
1.80231 -4.70968
1.74661 -4.53162
2.12487 -4.60162
2.29567 -4.66289
2.43129 -4.52885
2.55306 -4.72187
2.65318 -4.59023
2.60099 -4.44511
2.45101 -4.34905
2.34147 -4.15156
2.66332 -4.87859
1.49282 -4.51243
1.3461 -4.3412
1.1862 -4.31944
1.34464 -4.57476
1.59371 -4.7062
1.52586 -4.79094
1.84704 -4.90563
1.67571 -4.94527
1.87113 -5.06057
2.09756 -5.09318
2.08626 -5.1965
2.24056 -5.17662
2.36462 -5.27941
2.22585 -5.31945
2.45253 -5.38883
2.3515 -5.41442
2.5413 -5.48456
2.40001 -5.47722
2.53451 -5.53411
2.35287 -5.48467
2.4114 -5.51226
2.63973 -5.58495
2.51461 -5.52103
2.79133 -5.59648
2.6128 -5.50806
2.85845 -5.5592
2.94779 -5.63162
3.06679 -5.6604
3.02589 -5.58677
2.72446 -5.43301
2.75437 -5.39446
2.57329 -5.31916
2.58215 -5.26357
2.39986 -5.16031
2.20205 -5.05258
1.99362 -4.94952
1.91302 -4.98422
2.07643 -5.09696
2.23136 -5.13087
2.24103 -5.2148
2.42944 -5.27803
2.37789 -5.3422
2.54352 -5.35955
2.59715 -5.43619
2.45231 -5.44127
2.36314 -5.46392
2.21886 -5.38882
2.11771 -5.43131
2.22563 -5.47084
1.97073 -5.41804
2.02158 -5.41117
1.84628 -5.36459
1.74446 -5.33367
1.926 -5.37076
1.78872 -5.29056
2.00728 -5.38127
1.99346 -5.31604
1.80582 -5.19663
1.99274 -5.25089
2.14891 -5.30341
2.01743 -5.18206
1.83217 -5.07651
1.59991 -5.05601
1.58364 -4.90039
1.78385 -4.84681
1.27446 -4.74877
1.21561 -4.61373
1.03926 -4.50989
1.07942 -4.73877
1.24733 -4.87107
1.10509 -4.84534
1.24364 -4.95641
1.07798 -4.88153
0.953971 -4.70157
0.858285 -4.70339
0.838213 -4.60992
0.812155 -4.50326
0.928875 -4.58058
0.909397 -4.39599
0.971309 -4.46005
0.735627 -4.24079
0.620071 -4.1501
0.713849 -4.31611
0.590835 -4.23432
0.482108 -4.10992
0.396143 -3.96651
0.341544 -3.98472
0.197997 -3.83387
0.297152 -3.89946
-0.074522 -3.69679
0.060214 -3.76484
0.0795622 -3.79974
0.221782 -3.90126
0.114126 -3.85326
0.244432 -3.96589
0.323613 -4.01148
0.428807 -4.1035
0.382507 -4.10127
0.498024 -4.23317
0.451462 -4.23146
0.584468 -4.38696
0.524758 -4.37888
0.699821 -4.5616
0.714388 -4.60678
0.829703 -4.6975
0.863281 -4.79014
0.972078 -4.84558
1.04382 -4.9341
1.16558 -4.99274
1.21525 -5.05628
1.10748 -4.99164
1.25078 -5.07888
1.15988 -5.01746
1.27568 -5.08379
1.11884 -4.95734
1.29723 -5.06967
1.21146 -4.93965
1.45939 -5.10576
1.44214 -5.17706
1.57733 -5.22651
1.62776 -5.20301
1.63181 -5.14681
1.75989 -5.23392
1.72795 -5.27881
1.90557 -5.33441
1.95515 -5.25798
2.15065 -5.38866
2.05148 -5.40803
2.22505 -5.44548
2.20774 -5.45912
1.86502 -5.34235
1.73962 -5.15111
1.86145 -5.15121
1.68966 -5.04991
1.55163 -5.06056
1.4675 -4.90855
1.3517 -4.95195
1.27266 -4.82328
1.15613 -4.82191
0.989954 -4.74056
1.07801 -4.86953
0.960994 -4.80497
0.834174 -4.65686
0.789737 -4.66215
0.638953 -4.45827
0.591038 -4.46383
0.6558 -4.56066
0.8495 -4.76306
0.732708 -4.65368
0.512598 -4.40091
0.613582 -4.52616
0.419412 -4.27461
0.344869 -4.185
0.387486 -4.18527
0.267104 -4.0556
0.324265 -4.0873
0.219893 -3.96533
0.111663 -3.86586
0.119454 -3.89348
0.0100899 -3.77436
-0.0361919 -3.74045
-0.151802 -3.66951
-0.217978 -3.61308
-0.341051 -3.51265
-0.609694 -3.1864
-0.516319 -3.28653
-0.593897 -3.19959
-0.492638 -3.31367
-0.415747 -3.41881
-0.300421 -3.49678
-0.374373 -3.42464
-0.142157 -3.64412
-0.298194 -3.44699
-0.0744104 -3.66813
0.083416 -3.85004
0.097043 -3.83721
0.220966 -4.0005
0.226903 -3.98791
0.411363 -4.2281
0.272904 -4.07704
0.448812 -4.33467
0.329797 -4.14684
0.105061 -3.89089
0.169465 -3.98205
0.312308 -4.14215
0.40062 -4.24135
0.206853 -4.0157
0.0476084 -3.84364
-0.020298 -3.77024
-0.100228 -3.71031
-0.260534 -3.56141
-0.148149 -3.64914
-0.0508194 -3.74717
-0.0495567 -3.74973
0.0409832 -3.83648
0.433197 -4.21839
0.594228 -4.35244
0.765924 -4.5489
0.699217 -4.41944
0.836025 -4.55384
0.995687 -4.65798
0.859832 -4.50478
0.689467 -4.3512
0.78083 -4.35861
0.979252 -4.52197
0.783199 -4.22996
0.580507 -4.11849
0.550841 -3.94284
0.377489 -3.82288
0.359225 -3.92725
0.273872 -3.7672
0.17333 -3.70735
0.22664 -3.85543
0.398636 -4.05903
0.305695 -3.98663
0.134241 -3.83671
0.310703 -4.04009
0.4437 -4.14928
-0.0136328 -3.70055
-0.0491686 -3.59202
-0.236576 -3.42612
-0.174074 -3.52954
-0.283079 -3.42694
-0.399492 -3.28459
-0.440605 -3.28057
-0.440304 -3.31843
-0.518024 -3.1997
-0.507639 -3.25965
-0.579882 -3.13551
-0.604332 -3.13899
-0.653913 -3.05412
-0.745865 -2.90933
-0.673027 -3.08091
-0.72827 -2.96841
-0.924272 -2.21807
-0.907412 -2.38336
-0.81785 -2.41673
-0.841526 -2.49758
-0.885646 -2.45446
-0.84774 -2.59895
-0.765259 -2.84488
-0.798081 -2.7475
-0.800311 -2.60879
-0.751526 -2.69429
-0.750015 -2.58541
-0.798448 -2.52631
-0.729452 -2.46229
-0.666738 -2.63991
-0.645555 -2.56249
-0.6496 -2.4483
-0.719289 -2.3177
-0.686677 -2.25831
-0.604643 -2.3031
-0.544324 -2.48889
-0.527754 -2.29826
-0.445736 -2.46577
-0.444716 -2.68296
-0.391521 -2.58326
-0.345428 -2.44271
-0.433384 -2.25867
-0.332932 -2.18164
-0.298593 -2.3225
-0.260831 -2.24216
-0.233971 -2.05346
-0.165895 -2.22465
-0.253044 -2.38932
-0.174211 -2.49306
-0.0747709 -2.3846
-0.0914392 -2.59769
0.00210476 -2.55109
-0.0136089 -2.78166
-0.157791 -2.76546
-0.0343904 -2.9653
-0.0968037 -3.03166
0.0304508 -3.17497
0.113729 -3.05522
0.216004 -3.38238
0.266305 -3.26313
0.296081 -3.05372
0.41629 -3.356
0.362515 -3.46159
0.529951 -3.60051
0.622677 -3.51136
0.71007 -3.73491
0.678106 -3.85083
0.926452 -3.99902
0.815675 -4.05636
0.687979 -4.00098
0.85763 -4.18758
0.958325 -4.20317
1.04719 -4.40153
0.460872 -3.70239
0.415892 -3.76928
0.287211 -3.61372
0.197493 -3.62338
0.0870161 -3.39094
0.0149965 -3.4579
0.0219927 -3.60259
-0.143166 -3.34979
-0.175868 -3.40889
-0.284102 -3.21751
-0.328715 -3.23646
-0.432883 -3.19128
-0.567914 -3.05296
-0.514672 -3.17816
-0.592645 -3.08374
-0.689729 -2.9424
-0.674625 -2.85546
-0.604865 -2.90092
-0.518945 -3.02777
-0.537112 -2.94569
-0.449959 -3.06983
-0.483314 -2.92996
-0.388065 -3.10052
-0.364675 -3.02919
-0.247847 -3.14059
-0.331475 -2.92412
-0.216258 -3.07631
-0.132143 -3.2383
-0.126754 -3.12868
-0.0444584 -3.28319
-0.0378075 -3.20271
-0.213373 -2.94186
-0.312027 -2.70785
-0.447192 -2.85632
-0.56624 -2.68329
-0.598689 -2.80842
-0.671509 -2.74651
-0.254344 -2.56642
-0.734834 -2.78388
0.52648 -3.2341
0.678321 -3.08732
0.898202 -3.18385
0.8478 -2.93529
0.987389 -2.7728
0.833558 -2.69248
0.635532 -2.7433
0.760782 -2.43019
0.549447 -2.4031
0.409043 -2.62947
0.454451 -2.93017
0.290876 -2.77393
0.134675 -2.73939
0.241506 -2.48421
0.100703 -2.45916
0.0259819 -2.33476
0.149162 -2.18412
-0.0127535 -2.10077
0.127878 -1.86314
0.304796 -1.86135
0.319658 -2.18887
0.454893 -1.98537
0.516401 -1.67107
0.583586 -1.87302
0.675397 -1.71777
0.697968 -1.90328
0.593699 -2.10651
0.779214 -2.10071
0.857613 -1.74866
0.947097 -2.02307
1.05685 -1.83441
1.00641 -1.62966
1.14998 -1.55324
0.958952 -1.43662
1.10717 -1.22197
0.907412 -1.11682
0.732583 -1.42824
0.710757 -1.07398
0.521832 -1.29925
0.380116 -1.54939
0.351885 -1.32226
0.239902 -1.58751
0.205587 -1.2962
0.100098 -1.61296
0.0163746 -1.82766
-0.00924587 -1.67199
-0.111442 -1.88317
-0.0729342 -1.61047
-0.187432 -1.66884
-0.210176 -1.8761
-0.305079 -1.87562
-0.292202 -1.61464
-0.348798 -1.72664
-0.408158 -1.80581
-0.417849 -2.02422
-0.502102 -1.88957
-0.510613 -2.09921
-0.587175 -2.13673
-0.570895 -1.96752
-0.665224 -1.97696
-0.651076 -2.16114
-0.699002 -2.11007
-0.756459 -2.1713
-0.765538 -1.98614
-0.810157 -2.09832
-0.801393 -2.25484
-0.869243 -2.1053
-0.909339 -2.10029
-0.904098 -1.98728
-0.846822 -1.97848
-0.886651 -1.89893
-0.808957 -1.80402
-0.822257 -1.62852
-0.765177 -1.5736
-0.795567 -1.34021
-0.679193 -1.35084
-0.688296 -1.02676
-0.59641 -1.14194
-0.575631 -0.839242
-0.491525 -0.943242
-0.459778 -0.648364
-0.402926 -0.768539
-0.327169 -0.491512
-0.321212 -0.748917
-0.393665 -0.986919
-0.312222 -0.903288
-0.310659 -1.02719
-0.231485 -0.816007
-0.234921 -1.12162
-0.0829563 -0.787044
-0.125728 -0.570941
-0.0123129 -0.43032
0.112529 -0.531083
0.0116558 -0.890363
0.115257 -0.855361
0.0156908 -1.13231
-0.101517 -1.12429
-0.088933 -1.39495
-0.203824 -1.39377
-0.304064 -1.40188
-0.384258 -1.26649
-0.388306 -1.57955
-0.504049 -1.48744
-0.478986 -1.70349
-0.596302 -1.7226
-0.602017 -1.41758
-0.678424 -1.56343
-0.72103 -1.76991
-0.502627 -1.21252
0.0364628 -1.40606
0.136288 -1.08956
0.268087 -0.959099
0.355296 -1.06087
0.431876 -0.719584
0.4596 -0.920923
0.444942 -1.11384
0.571682 -0.949429
0.534697 -0.760529
0.644884 -0.707273
0.736264 -0.800717
0.799965 -0.530868
0.898477 -0.711201
0.836415 -0.900238
0.961114 -0.869051
1.11545 -0.716547
0.9775 -0.527444
1.13719 -0.422021
1.31209 -0.560128
1.33334 -0.297555
1.16051 -0.160941
1.36644 -0.0747631
1.61698 -0.131999
1.51675 -0.449435
1.69581 -0.37117
1.69619 -0.574927
1.82448 -0.440737
1.87616 -0.231816
2.01267 -0.412874
2.21723 -0.105408
1.97693 0.0858148
2.35384 0.271402
2.12327 0.359138
1.94062 0.259048
1.9413 0.422127
2.2053 0.590692
2.06232 0.660241
2.25486 0.790065
1.81482 0.58051
1.8259 0.787627
1.55703 0.630574
1.73864 0.830772
1.5195 0.347174
1.70238 0.327956
1.77247 0.178237
1.52433 0.123176
1.27445 0.0951987
1.31233 0.332135
1.06661 0.11477
0.852755 0.207013
0.809783 -0.20523
1.0137 -0.112731
0.976563 -0.318073
1.11195 -0.0150099
0.622323 -0.541244
0.567712 -0.392476
0.403579 -0.428818
0.304359 -0.715911
0.238075 -0.624115
0.208651 -0.852108
0.283569 -0.364176
0.254403 -0.147389
0.102036 -0.167955
0.421231 -0.116878
0.59933 0.155853
0.604547 -0.120726
2.35461 0.515673
2.64283 0.361046
2.60618 0.0970759
1.87158 -0.591654
1.79245 -0.830408
1.50113 -0.749765
1.60719 -1.08559
1.81124 -1.05726
1.8228 -1.25178
1.98277 -1.30831
1.90078 -1.55693
1.6295 -1.42735
1.43655 -1.28405
1.29971 -1.00651
1.27376 -1.32373
1.40396 -1.59752
1.26441 -1.90211
1.0734 -0.973226
1.30137 -0.750666
0.00561428 -0.233269
-0.0887117 -0.297789
-0.21069 -0.531279
-0.542699 -0.544194
-0.623529 -0.749111
-0.908034 -1.80665
-0.975286 -1.77025
-0.973774 -1.68756
1.10805 -2.20537
0.96741 -2.50674
0.914739 -2.25429
0.669291 -2.2629
0.450927 -2.21762
0.38203 -2.3901
0.562784 -4.25178
0.51904 -4.1465
1.25286 -4.68349
1.1339 -4.71252
-0.369072 -3.47707
-0.432971 -3.40016
0.944993 -4.84755
1.02175 -4.9198
0.946413 -4.84147
1.67005 -5.27816
1.49649 -5.22657
1.57617 -5.2391
1.36652 -5.13934
1.47311 -5.16074
1.31535 -5.05288
1.501 -5.13892
1.60033 -5.21279
1.66157 -5.199
1.60894 -5.14199
1.49297 -5.07396
1.39273 -4.98536
1.49397 -4.95721
1.39787 -4.8962
1.38397 -5.04612
1.33723 -5.14285
1.36875 -5.14021
0.734581 -4.52311
0.634829 -4.34616
0.524959 -4.20713
2.74449 -5.5462
2.65476 -5.4569
2.56587 -5.36718
2.93652 -5.31991
2.35967 -2.2369
2.46822 -2.59257
2.88108 -2.84697
3.38536 -4.33788
4.0695 -5.18422
3.8118 -5.43684
4.33029 -4.23105
2.92444 -0.0684527
0.623117 0.838271
0.460807 0.700803
0.545439 0.903104
0.340414 0.825153
0.489678 0.965867
4.66812 -5.27593
4.83221 -5.24033
4.688 -5.31069
4.82536 -5.26224
4.89225 -5.22936
4.87545 -5.2504
5.04026 -5.17013
4.83865 -5.22552
5.61954 -4.20434
5.57493 -4.77733
5.26789 0.963842
5.87761 1.45889
5.99002 1.30569
6.10731 1.24049
6.11138 1.11536
5.8937 -0.0339883
5.80843 -0.198061
5.95023 -0.263214
5.89388 -0.405044
5.8777 -0.668789
6.0544 -1.15286
5.96743 -1.41096
6.11981 -1.42603
6.24606 -1.5167
6.14334 -1.69615
6.26141 -1.74513
6.32936 -1.89928
6.19537 -2.00027
6.32136 -2.14093
6.21303 -2.40164
6.32815 -2.66681
6.17824 -2.72207
6.06455 -2.6516
6.02193 -2.46151
6.06644 -2.22253
5.86561 -2.32996
5.85266 -2.69488
5.66864 -2.57616
5.67227 -2.34559
5.50789 -2.48102
5.55998 -2.24956
5.73482 -2.0648
5.49589 -2.01014
5.37594 -2.32644
5.28099 -2.12899
5.33837 -1.8504
5.50624 -1.70321
5.39031 -1.62291
5.69965 -1.74846
5.83235 -1.84403
5.88766 -1.65853
5.97851 -1.92386
6.02474 -1.61175
5.61192 -2.81893
6.22609 -2.93327
6.10754 -3.1966
6.13736 -3.42733
6.00888 -3.40209
5.83786 -3.52678
5.97275 -3.55521
5.84218 -3.69804
5.98143 -3.70986
6.17268 -3.60989
6.0444 -3.80489
6.15949 -3.78341
5.96339 -3.99369
5.81826 -4.22724
5.8739 -4.29778
5.62302 -4.47773
5.79203 -4.48314
5.95302 -4.44694
6.04087 -4.41037
5.36148 -4.6706
5.40922 -4.51007
5.61801 -4.35452
5.48587 -4.3383
5.71913 -4.14734
5.32135 -4.76847
5.89556 -3.92297
6.16739 -4.37844
6.08929 -4.5198
6.32017 -4.27388
6.26277 -4.3478
6.33883 -4.26027
6.46846 -4.12175
6.42297 -4.16803
6.51036 -4.05984
6.49591 -4.06574
6.36984 -4.17868
6.44906 -4.04432
6.27726 -4.14827
6.19054 -4.30874
6.29618 -4.29724
6.17612 -4.40693
6.21333 -4.40027
6.2304 -4.37985
6.10644 -4.5067
6.34566 -4.05388
6.34729 -3.98091
5.89035 -4.70618
6.93051 -1.62574
6.92606 -1.77481
6.93842 -1.96174
6.87268 -2.09143
6.78857 -1.97443
6.71765 -1.98967
0.872974 1.28757
0.985806 1.38549
1.11075 1.51144
1.12476 1.40823
1.24957 1.60247
1.40681 1.68736
1.30693 1.47056
0.956163 1.26507
6.99552 -3.07145
