-0.410995 -1.64522
-0.0910902 -1.64264
-0.0292859 -1.70754
-0.150043 -1.66983
0.115876 -1.80313
0.660199 -2.22139
0.780324 -2.33954
0.664479 -2.4236
0.815041 -2.52544
0.890837 -2.76789
0.749295 -2.68659
0.587403 -2.52631
0.429601 -2.30115
0.453082 -2.51632
0.321464 -2.33471
0.252501 -2.22547
0.169698 -2.27932
0.281546 -2.4788
0.0868635 -2.42126
0.232621 -2.69084
-0.00875854 -2.66929
0.256568 -2.94937
0.134424 -3.02463
-0.101632 -2.93189
0.169476 -3.3069
-0.156943 -3.20955
-0.319479 -2.89773
-0.273629 -2.7912
-0.382842 -2.70079
-0.256712 -2.65497
-0.4598 -2.45528
-0.559879 -2.74872
-0.683023 -2.43422
-0.913595 -2.59647
-0.754879 -2.90465
-0.996135 -2.96794
-1.2274 -2.7341
-1.19575 -2.95365
-1.38019 -2.93937
-1.58979 -2.72798
-1.39393 -2.51481
-1.65871 -2.48228
-1.50215 -2.33031
-1.27735 -2.36315
-1.27854 -2.17912
-1.07647 -2.31479
-1.02186 -2.10614
-1.1766 -2.00239
-1.4018 -2.01616
-1.24735 -1.86299
-1.49468 -1.89032
-1.39637 -1.78773
-1.25105 -1.71517
-1.47793 -1.69023
-1.54252 -1.80079
-1.64675 -1.76664
-1.69578 -1.86736
-1.79897 -1.79501
-1.7161 -1.70968
-1.95475 -1.75141
-1.97764 -1.91845
-2.29299 -1.82938
-2.20516 -1.94873
-2.36112 -1.97526
-2.65704 -1.95302
-2.68914 -1.81856
-3.03744 -1.95657
-2.96717 -1.78993
-2.70934 -1.69292
-2.93077 -1.66753
-2.63154 -1.64363
-3.22109 -1.71519
-3.45141 -1.81292
-3.93789 -1.94253
-4.14092 -2.08068
-3.67859 -1.90437
-4.12633 -2.17007
-4.34671 -2.22838
-4.43094 -2.41915
-4.55399 -2.38347
-5.81982 -4.25857
-5.8688 -4.381
-5.91993 -4.50185
-5.95438 -4.56392
-5.94881 -4.67869
-5.98044 -4.71409
-6.01608 -4.75194
-6.03717 -4.822
-6.04651 -4.92551
-6.20613 -5.36073
-6.16195 -5.2251
-6.12346 -5.1038
-6.09816 -5.26034
-6.13867 -5.34199
-6.10201 -5.40678
-6.04941 -5.31291
-6.05385 -5.17126
-6.00711 -5.20387
-6.00861 -5.07857
-6.05609 -5.07017
-6.02646 -4.97388
-6.073 -5.0245
-5.95218 -4.92285
-5.94347 -5.1308
-5.858 -4.93037
-5.86512 -4.74546
-5.95299 -4.77659
-5.82571 -4.52148
-5.7675 -4.61851
-5.69021 -4.41959
-5.65346 -4.64277
-5.54777 -4.35282
-5.6071 -4.25911
-5.65887 -4.24581
-5.59049 -4.10475
-5.66831 -4.1415
-5.6188 -4.03777
-5.65664 -4.01412
-5.56808 -3.88933
-5.37152 -3.6284
-5.1939 -2.99069
-5.10377 -2.8997
-5.01538 -2.77705
-4.88665 -2.64543
-4.88207 -2.75369
-4.72339 -2.52271
-4.69907 -2.65118
-4.43094 -2.41915
-4.54342 -2.64052
-4.68325 -2.82102
-4.85775 -2.8644
-4.84725 -2.99297
-5.09498 -3.06298
-4.98938 -3.16528
-5.08371 -3.11959
-5.11043 -3.32448
-5.15186 -3.22434
-5.15175 -3.02831
-5.21097 -3.357
-5.28675 -3.483
-5.21153 -3.47243
-5.15657 -3.58688
-4.981 -3.34064
-4.96835 -3.51431
-4.78822 -3.32272
-4.8327 -3.145
-4.66539 -3.07287
-4.71853 -2.97907
-4.55837 -2.86733
-4.51264 -2.99808
-4.36909 -2.84866
-4.36848 -2.6431
-4.54221 -2.74206
-4.41763 -2.52037
-4.25682 -2.4116
-4.11116 -2.47874
-3.99591 -2.3192
-4.0351 -2.22327
-4.41445 -2.44654
-3.71809 -2.12846
-3.44745 -1.9089
-3.39799 -2.0171
-3.21462 -1.87812
-3.35465 -2.08412
-3.10273 -2.10378
-2.91469 -2.00919
-2.7912 -2.0924
-2.45593 -2.09808
-2.62975 -2.23605
-2.93608 -2.20567
-2.86079 -2.35793
-3.24553 -2.2973
-3.31405 -2.1633
-3.4836 -2.22253
-3.61303 -2.17088
-3.65851 -2.27225
-3.85544 -2.36034
-3.62232 -2.3985
-3.83941 -2.51371
-4.0774 -2.66257
-3.76536 -2.66081
-4.00495 -2.91841
-4.2426 -2.92579
-4.32203 -3.19711
-4.40286 -3.02565
-4.55864 -3.17582
-4.63723 -3.47988
-4.87719 -3.62106
-4.8188 -3.81357
-4.9922 -3.90986
-5.06142 -3.76058
-5.17451 -4.09202
-5.24347 -3.89587
-5.35032 -3.78902
-5.29094 -3.60992
-5.37135 -3.69825
-5.47745 -3.76392
-5.48289 -3.98382
-5.37438 -3.998
-5.45284 -4.17205
-5.54086 -4.17391
-5.44026 -4.37228
-5.32826 -4.15184
-5.31999 -4.42051
-5.19603 -4.35426
-5.07091 -4.19848
-5.12472 -4.4686
-4.99211 -4.37778
-4.94237 -4.06164
-4.82804 -4.10386
-4.62871 -3.83299
-4.70337 -4.21605
-4.86321 -4.4739
-4.75091 -4.50614
-4.82509 -4.71282
-4.96057 -4.9062
-4.83428 -4.97187
-4.91145 -5.28136
-4.74758 -5.19303
-4.72882 -4.76811
-4.59631 -4.82689
-4.62247 -4.45343
-4.42751 -4.42849
-4.5251 -4.08289
-4.316 -3.93743
-4.17492 -4.24518
-4.13667 -3.88587
-4.16686 -3.65403
-4.31846 -3.64157
-4.21735 -3.42409
-4.00171 -3.44865
-4.02429 -3.19363
-3.77369 -3.2633
-3.77749 -3.00034
-3.46825 -3.07096
-3.54358 -2.79334
-3.27597 -2.85861
-3.21858 -2.67262
-2.94866 -2.80788
-2.95282 -2.61645
-2.66266 -2.65099
-2.80299 -2.50659
-3.09494 -2.48933
-2.42224 -2.4445
-2.29512 -2.71664
-1.95788 -2.58479
-1.90322 -2.28315
-2.29432 -2.23723
-2.12184 -2.1743
-2.26312 -2.14988
-2.19309 -2.05782
-1.97759 -2.10158
-1.71285 -2.03078
-1.55205 -2.16454
-1.96022 -2.87813
-1.64283 -3.02805
-1.89792 -3.13154
-2.18287 -3.08486
-2.27865 -2.91026
-2.47003 -3.03686
-2.49613 -3.24444
-2.09191 -3.33384
-2.37541 -3.58786
-2.68778 -3.47456
-2.83084 -3.31415
-2.77505 -3.06944
-3.16081 -3.26993
-2.99333 -3.5612
-3.30427 -3.55872
-3.2322 -3.85435
-3.56077 -3.76854
-3.52148 -3.39881
-3.78941 -3.56198
-3.84019 -3.88084
-3.99566 -3.71538
-4.01916 -3.9795
-3.93659 -4.25318
-3.72166 -4.09778
-3.77168 -4.50544
-3.47948 -4.13604
-3.50101 -4.42819
-3.59863 -4.62195
-3.70585 -4.9079
-3.93998 -5.03041
-3.83485 -5.26756
-4.0233 -5.5925
-3.76011 -5.58988
-3.90249 -5.90973
-4.04359 -6.02961
-3.92318 -6.25192
-4.11261 -6.3549
-4.20764 -6.00068
-4.34042 -6.40179
-4.43396 -5.94267
-4.55414 -6.29659
-4.5455 -6.08866
-4.62636 -5.98833
-4.76056 -6.33795
-4.81329 -5.96071
-4.94208 -6.21937
-4.95321 -5.91015
-5.11622 -6.04275
-5.05842 -6.48576
-5.17814 -6.35598
-5.32489 -6.3183
-5.20038 -6.58312
-5.29389 -6.69584
-5.40239 -6.75972
-5.52787 -6.52845
-5.45125 -6.22943
-5.52479 -6.12887
-5.41625 -5.98616
-5.49598 -5.86967
-5.59487 -5.94374
-5.53094 -5.66867
-5.64536 -5.71105
-5.56207 -5.44304
-5.69227 -5.41481
-5.57342 -5.23904
-5.60474 -5.05285
-5.51855 -5.07871
-5.49358 -4.87748
-5.56659 -4.76786
-5.65377 -4.89474
-5.7574 -4.89915
-5.78628 -4.76608
-5.83173 -5.12064
-5.73372 -5.11967
-5.80984 -5.36019
-5.90163 -5.33576
-5.97865 -5.32682
-5.97597 -5.55409
-5.88055 -5.55921
-5.92978 -5.74485
-5.98946 -5.74993
-6.03432 -5.68661
-6.04526 -5.85875
-6.09638 -5.80205
-6.1177 -5.94147
-6.15973 -5.93968
-6.17351 -5.8484
-6.11335 -5.67177
-6.17937 -5.7001
-6.12755 -5.55472
-6.18141 -5.57745
-6.1511 -5.46171
-6.23626 -5.5167
-6.22857 -5.65312
-6.27895 -5.63522
-6.27565 -5.72299
-6.24058 -5.76601
-6.21692 -5.82678
-6.27049 -5.86588
-6.30147 -5.8221
-6.33777 -5.97303
-6.2557 -5.94408
-6.32327 -6.10905
-6.226 -6.03969
-6.30787 -6.22535
-6.20871 -6.17107
-6.16699 -6.03795
-6.09821 -6.0544
-6.14568 -6.27917
-6.01395 -6.12935
-5.99137 -5.91597
-5.92308 -5.95723
-5.87415 -5.75157
-5.84433 -5.88505
-5.80271 -5.62411
-5.75182 -5.79366
-5.8179 -6.10117
-5.88963 -6.09656
-5.92209 -6.3575
-5.9626 -6.17929
-6.03923 -6.34895
-6.01871 -6.56347
-5.92829 -6.72753
-5.79728 -6.44331
-5.82413 -6.87419
-5.70365 -6.70881
-5.6479 -6.29115
-5.70817 -6.04123
-5.62152 -6.96157
-5.50995 -6.91396
-5.55024 -7.16613
-5.64966 -7.30743
-5.76684 -7.16858
-5.73619 -7.47923
-5.81976 -7.50823
-5.91553 -7.32474
-5.86275 -7.11427
-5.92646 -7.03088
-6.05367 -7.09991
-5.98116 -6.9385
-6.04657 -6.79695
-6.14335 -6.86592
-6.16289 -6.58669
-6.23768 -6.79243
-6.34885 -6.65238
-6.31341 -6.80478
-6.42686 -6.15057
-6.4275 -6.00388
-6.38759 -5.85576
-6.3338 -5.73999
-6.42727 -6.20426
-6.42216 -6.26029
-6.40967 -6.36785
-6.27999 -6.39848
-6.37634 -6.50832
-6.28534 -6.98724
-6.20194 -7.0539
-6.24395 -7.16164
-6.22847 -7.35547
-6.18668 -7.56913
-6.11985 -7.36374
-6.01996 -7.42723
-6.06138 -7.67632
-5.91793 -7.66802
-5.96645 -7.90947
-5.84758 -8.05268
-5.76398 -7.77326
-5.69759 -8.1659
-5.62333 -7.81951
-5.67042 -7.57863
-5.55498 -7.47852
-5.49436 -7.77261
-5.45706 -7.51447
-5.42559 -7.21081
-5.36622 -7.62953
-5.22287 -7.33297
-5.31283 -6.9679
-5.20995 -6.89955
-5.08422 -7.08038
-5.10357 -6.78358
-4.92735 -6.88391
-4.90255 -6.52375
-4.79398 -6.67114
-4.64208 -6.63709
-4.70671 -6.95248
-4.52434 -6.90477
-4.48925 -6.61618
-4.36198 -6.80233
-4.17748 -6.72412
-4.23513 -7.0015
-4.37323 -7.10673
-4.19898 -7.2542
-4.34182 -7.34802
-4.19497 -7.51735
-4.37928 -7.55306
-4.53111 -7.26447
-4.56176 -7.61729
-4.77307 -7.33173
-4.74105 -7.80701
-4.92857 -7.53821
-4.93044 -7.83084
-5.06463 -7.65533
-5.03271 -7.99061
-5.20212 -7.90537
-5.07063 -8.39522
-4.86018 -8.17733
-4.88994 -8.45483
-4.7103 -8.55015
-4.60723 -8.21916
-4.49243 -7.95041
-4.33598 -8.27665
-4.45729 -8.55213
-4.24211 -8.5726
-4.04461 -8.41565
-4.16741 -8.18879
-3.98766 -8.02896
-4.2714 -8.00229
-4.21545 -7.77049
-4.03159 -7.6999
-3.97753 -7.41929
-3.77097 -7.71355
-3.73184 -7.39021
-3.56404 -7.53768
-3.53372 -7.27441
-3.35439 -7.44175
-3.35938 -7.14514
-3.13392 -7.19347
-3.26964 -6.82758
-3.50248 -6.96762
-3.46412 -6.64491
-3.30933 -6.52184
-3.41145 -6.36403
-3.23016 -6.2195
-3.4494 -6.02351
-3.58756 -6.39033
-3.71655 -6.05523
-3.57188 -5.72566
-3.39449 -5.60466
-3.50989 -5.33605
-3.68419 -5.22028
-3.54623 -5.01223
-3.48693 -4.73243
-3.41079 -4.86868
-3.26981 -4.69459
-3.36286 -4.51308
-3.48963 -4.56598
-3.29503 -4.27629
-3.1438 -4.42791
-3.04123 -4.11848
-3.2609 -4.0878
-2.95634 -3.83444
-2.76975 -3.9783
-2.71709 -3.71152
-2.49175 -3.90197
-2.17773 -3.87455
-1.97185 -3.63543
-1.89097 -3.92942
-1.63392 -3.77033
-1.70289 -3.36032
-1.35162 -3.49399
-1.42021 -3.17915
-1.23309 -3.23684
-1.01401 -3.37346
-1.13898 -3.11162
-1.26761 -3.07684
-0.74858 -3.19803
-0.672479 -3.54694
-0.847607 -3.7717
-1.12861 -3.76523
-0.97144 -4.07195
-1.22813 -4.0972
-1.36567 -3.84512
-1.50311 -4.1414
-1.3354 -4.38439
-1.07694 -4.41842
-1.29675 -4.70772
-1.56768 -4.56864
-1.51472 -4.96846
-1.78677 -4.92296
-1.83315 -4.55079
-1.71963 -4.29345
-1.89616 -4.31511
-1.84527 -4.14365
-2.04695 -4.15095
-1.71205 -4.05132
-2.06465 -4.45326
-2.18268 -4.27922
-2.33768 -4.43496
-2.30313 -4.12871
-2.59896 -4.21674
-2.62756 -4.60207
-2.87838 -4.40056
-2.90886 -4.74604
-3.05941 -4.61676
-3.13876 -4.86331
-3.30511 -4.91339
-3.28783 -5.14452
-3.02432 -5.12914
-2.76284 -4.92999
-2.83023 -5.19107
-2.94654 -5.36619
-3.08771 -5.45751
-3.23463 -5.40604
-3.20882 -5.761
-3.36049 -5.36844
-3.41692 -5.04637
-2.98583 -5.63913
-3.03093 -5.98505
-2.8294 -5.83074
-2.76952 -5.45516
-2.57694 -5.72511
-2.53902 -5.35744
-2.31186 -5.48277
-2.3898 -5.04882
-2.64145 -5.12847
-2.56115 -4.87001
-2.41637 -4.72344
-2.2051 -4.7473
-2.06868 -5.13177
-1.99055 -4.75603
-1.85946 -5.19703
-1.66598 -5.28964
-1.89667 -5.44907
-1.68321 -5.81435
-1.97784 -5.76773
-2.0876 -5.51455
-2.16491 -5.7774
-2.35126 -5.88105
-2.17871 -6.11707
-2.37257 -6.17825
-2.50781 -6.04008
-2.69316 -6.07468
-2.55194 -6.35965
-2.80093 -6.38073
-2.69818 -6.62443
-2.94781 -6.78059
-2.69723 -6.86557
-2.50996 -6.73046
-2.54421 -7.05379
-2.2858 -6.95824
-2.29021 -6.5022
-2.07332 -6.74448
-2.06806 -6.41464
-1.94001 -6.12986
-2.06708 -5.94414
-1.86604 -6.56295
-1.71914 -6.27977
-1.45164 -6.28893
-1.36666 -5.85639
-1.39569 -5.46763
-1.1016 -5.6786
-1.14586 -5.35619
-1.26686 -5.09445
-0.982851 -5.14956
-1.00367 -4.80968
-0.798917 -4.99045
-0.71926 -4.76275
-0.853054 -4.5552
-0.841969 -4.32164
-0.682747 -4.10722
-0.626508 -4.47508
-0.429497 -4.29552
-0.45939 -4.03079
-0.247245 -4.16827
-0.32827 -3.79444
-0.601963 -3.83736
-0.479158 -3.38176
-0.199366 -3.50154
-0.355819 -3.23213
-0.553491 -3.07353
-0.396618 -3.02893
0.102266 -3.5829
0.0235019 -3.83896
0.331967 -3.96364
0.410776 -3.68568
0.378291 -3.45811
0.350394 -3.25292
0.553868 -3.54103
0.511776 -3.30638
0.41348 -3.12577
0.398494 -2.93055
0.539447 -3.16245
0.539173 -2.9449
0.410098 -2.70919
0.535539 -2.7452
0.631521 -2.71125
0.668555 -2.92844
0.78798 -2.86963
0.900849 -2.84245
0.948423 -2.8769
0.896487 -2.69191
0.897983 -2.62892
0.856859 -2.45841
1.54989 -3.79203
1.48222 -3.65857
1.42777 -3.54842
1.26482 -3.30227
1.17779 -3.17261
1.06714 -3.02179
1.06347 -3.07159
1.13204 -3.32154
1.00088 -3.12796
0.916389 -3.00053
0.916616 -3.13342
1.02782 -3.36407
0.905372 -3.36565
1.04991 -3.57304
1.17006 -3.6591
1.28071 -3.61364
1.23051 -3.38854
1.325 -3.51821
1.34033 -3.43506
1.37335 -3.70292
1.45035 -3.74141
1.52862 -3.95242
1.57195 -3.93492
1.60081 -4.1628
1.57361 -4.24973
1.47707 -3.96821
1.48538 -4.24505
1.38901 -3.93047
1.29379 -3.87805
1.38172 -4.18486
1.24166 -4.04322
1.34961 -4.41571
1.22262 -4.29213
1.31335 -4.58849
1.22035 -4.6188
1.0841 -4.34813
1.07335 -4.00932
0.947253 -4.03995
0.932483 -3.80983
0.792302 -3.75091
0.846108 -3.53939
0.668245 -3.42017
0.674619 -3.87881
0.58259 -4.04475
0.782374 -4.21584
0.834304 -4.03412
0.938579 -4.27024
0.914312 -4.47678
1.01821 -4.49439
1.11075 -4.70509
1.01173 -4.65517
1.02982 -4.8842
0.918173 -4.70111
0.912563 -4.91431
0.823373 -4.74
0.787468 -4.92152
0.680505 -4.64357
0.791087 -4.49989
0.661724 -4.41981
0.561354 -4.42997
0.546494 -4.23492
0.40545 -4.27284
0.473628 -4.59162
0.251012 -4.37014
0.205384 -4.10844
-0.0118356 -4.14836
0.0652161 -4.52324
0.298814 -4.64788
0.203438 -4.89454
-0.0703163 -4.84757
-0.195421 -4.48283
-0.280814 -4.71925
-0.314511 -4.9628
-0.477892 -4.74472
-0.394978 -4.54463
-0.570252 -4.99296
-0.410196 -5.25291
-0.137364 -5.20732
-0.218359 -5.62182
-0.528643 -5.47716
-0.712103 -5.25559
-0.74837 -5.54228
-0.940738 -5.41945
-0.909958 -5.60227
-0.831553 -5.81605
-1.00113 -5.93387
-0.890371 -6.22545
-0.59089 -6.07137
-0.545648 -5.74586
-0.343335 -5.97775
-0.00576305 -6.16197
0.152641 -5.73244
0.0502687 -5.40946
0.331023 -5.31742
0.0889468 -5.13752
0.424388 -4.91483
0.556322 -5.16107
0.620659 -4.89792
0.734837 -5.18448
0.891932 -5.14842
0.877783 -5.50078
1.021 -5.29511
0.989702 -5.07259
1.07169 -5.10229
1.14501 -5.00737
1.14033 -5.24339
1.25534 -5.18624
1.23219 -4.90644
1.32411 -4.86712
1.31374 -5.05197
1.3608 -5.06007
1.42241 -5.08963
1.39974 -4.76055
1.47953 -4.98606
1.47766 -4.63451
1.56519 -5.10748
1.62261 -4.86451
1.57168 -4.51213
1.649 -4.57828
1.64505 -4.34417
1.72585 -4.62861
1.71203 -4.87903
1.76843 -5.01139
1.7495 -5.11331
1.70391 -5.08784
1.6568 -5.25714
1.73455 -5.3414
1.72466 -5.61818
1.77357 -5.63441
1.7906 -5.96154
1.83291 -5.75725
1.78361 -5.49324
1.81022 -5.47735
1.77569 -5.2543
1.78558 -5.09296
1.80194 -5.13669
1.76423 -4.85712
1.82319 -5.19029
1.79615 -4.79962
1.77061 -4.66532
1.7803 -4.6691
1.71861 -4.46676
1.73508 -4.5336
1.67247 -4.49397
1.65822 -4.37764
1.62267 -4.12
1.6689 -4.19764
1.62813 -3.92588
1.69507 -4.05332
1.72182 -4.15041
1.74158 -4.23681
1.7295 -4.33349
1.70627 -4.2759
1.73871 -4.48517
1.79844 -4.49463
1.76917 -4.34629
1.82146 -4.62612
1.84899 -4.74696
1.80481 -4.69964
1.85241 -4.96205
1.86676 -4.85553
1.85093 -4.93635
1.85206 -4.95596
0.174926 -9.11652
-0.0290422 -9.11388
0.0790281 -9.25569
0.276776 -9.27532
0.105597 -9.41447
0.321481 -9.45266
0.156714 -9.58767
0.316352 -9.62333
0.461784 -9.53469
0.532674 -9.62129
0.610941 -9.48601
0.52886 -9.38987
0.677637 -9.37784
0.726362 -9.11611
0.814817 -9.31505
0.761122 -9.42228
0.926576 -9.35161
0.83094 -9.45165
0.733603 -9.52405
0.905238 -9.46402
0.758479 -9.57522
0.704021 -9.65653
0.915308 -9.54615
0.964982 -9.59475
1.06225 -9.49976
1.13804 -9.50183
1.19485 -9.42517
1.27151 -9.45028
1.33749 -9.35037
1.38812 -9.38633
1.47904 -9.27578
1.47654 -9.37337
1.33002 -9.45142
1.31207 -9.51469
1.42188 -9.45215
1.25796 -9.57692
1.36544 -9.48511
1.26814 -9.55104
1.28229 -9.52474
1.15209 -9.62949
1.08311 -9.63257
1.25878 -9.48603
1.36701 -9.42858
1.38217 -9.38223
1.33573 -9.37625
1.45718 -9.26626
1.47538 -9.32018
1.58478 -9.14722
1.53201 -9.15205
1.57852 -9.02288
1.48466 -9.11449
1.55856 -8.91049
1.64627 -8.80634
1.59455 -8.72609
1.66332 -8.58464
1.7021 -8.63303
1.69511 -8.76222
1.66408 -8.93815
1.73355 -8.8135
1.76584 -8.59059
1.77226 -8.7172
1.80813 -8.60701
1.76907 -8.81075
1.8383 -8.73819
1.87945 -8.5383
1.86721 -8.40564
1.89412 -8.36888
1.92479 -8.41749
1.9507 -8.21125
1.90939 -8.23205
1.95891 -8.04766
1.91865 -7.99907
1.965 -7.79947
1.93963 -7.63245
1.94834 -7.4471
1.90888 -7.20721
1.92519 -7.11362
1.87784 -6.83052
1.91559 -6.85288
1.96113 -7.2269
1.96713 -6.99165
1.92621 -6.38602
1.96147 -6.87774
1.96886 -6.99951
1.97091 -8.17129
1.96623 -8.28012
1.97516 -8.10748
1.95976 -8.20199
1.96907 -7.99172
1.97634 -7.89174
1.97482 -7.68122
1.97556 -7.49422
1.98106 -7.33918
1.96955 -7.10826
1.9755 -7.22102
1.97497 -8.06271
1.96337 -7.46294
1.94975 -8.38606
1.9147 -8.50869
1.87407 -8.59773
1.42184 -9.02081
1.30894 -9.03992
1.18394 -9.06627
0.553069 -9.11942
0.477086 -9.22648
0.369916 -9.11814
0.402041 -9.33605
0.892531 -9.10528
1.05406 -9.0864
0.957687 -9.23359
1.1177 -9.18553
1.09372 -9.33102
1.07523 -9.43778
1.25007 -9.32557
1.26149 -9.22039
1.34124 -9.23283
1.40372 -9.12623
1.39235 -9.23687
1.5105 -9.13282
1.59006 -9.12511
1.60584 -8.94905
1.67245 -9.01108
1.67309 -9.11666
1.72563 -8.96406
1.7374 -9.00531
1.80333 -8.83853
1.76661 -8.98596
1.70478 -9.11479
1.72893 -9.06225
1.8361 -8.83358
1.7652 -8.92946
1.88747 -8.5897
1.88727 -8.62186
1.87751 -8.67807
1.85287 -8.67924
1.80752 -8.73771
1.77149 -8.79744
1.7371 -8.85451
1.72849 -8.91705
1.69192 -8.90716
1.52204 -8.99399
1.69246 -9.07743
1.69659 -8.99065
1.63449 -9.14247
1.56818 -9.23568
1.61149 -9.22254
1.52294 -9.32019
1.49176 -9.37522
1.55289 -9.31734
1.65281 -9.20125
1.62763 -9.24753
1.57548 -9.24066
1.42336 -9.41405
1.94281 -6.57888
1.92988 -6.52239
1.94422 -6.65016
1.94991 -6.74815
1.92282 -6.47899
1.90578 -6.44234
1.91861 -6.29324
1.89945 -6.58971
1.88865 -6.35316
1.90955 -6.1193
1.8699 -5.72968
1.87431 -5.66251
1.87974 -5.7885
1.86817 -5.5058
1.86176 -5.33101
1.83831 -4.89867
1.89258 -5.89039
1.88361 -6.06795
1.8546 -6.22183
1.87737 -6.82564
1.81628 -6.36627
1.7607 -6.17408
1.80671 -6.34354
1.81628 -6.36627
1.79133 -6.63604
1.83394 -6.71916
1.87767 -6.82882
1.85507 -6.87562
1.87743 -6.83194
1.87748 -6.82561
1.86067 -7.10971
1.89008 -7.48349
1.83335 -7.41987
1.79208 -7.0621
1.82441 -6.88233
1.72876 -6.78472
1.73098 -6.56258
1.73909 -6.35876
1.67317 -6.46726
1.67789 -6.16655
1.72092 -5.96291
1.64641 -5.91185
1.62151 -6.12935
1.58675 -5.76228
1.5354 -5.99643
1.49478 -5.64623
1.4491 -5.85373
1.47885 -6.14208
1.4008 -6.04797
1.44477 -6.35921
1.3383 -6.2523
1.37138 -6.61427
1.27295 -6.41171
1.24359 -6.63314
1.15657 -6.4067
1.20576 -6.12579
1.08664 -6.18789
1.00619 -6.39538
0.963087 -6.14787
0.858726 -6.29354
0.813738 -6.63947
1.08738 -6.6422
1.04778 -6.85214
1.19312 -6.8474
1.30294 -6.8173
1.28032 -7.01783
1.38057 -6.9229
1.45369 -6.8289
1.47955 -6.63285
1.53752 -6.8842
1.55846 -6.43754
1.64227 -6.83211
1.69821 -7.15079
1.61955 -7.15601
1.66753 -7.44821
1.76089 -7.44831
1.72294 -7.697
1.80507 -7.74352
1.85021 -7.67035
1.87216 -7.85987
1.79474 -8.08338
1.85173 -8.1632
1.87357 -8.24965
1.82637 -8.39689
1.7939 -8.32849
1.73308 -8.39302
1.7097 -8.13958
1.65629 -8.36592
1.62767 -8.16194
1.58561 -8.35859
1.55494 -8.19987
1.50364 -8.33982
1.4831 -8.15292
1.55493 -7.99873
1.45242 -7.99218
1.39454 -8.10438
1.33137 -7.8943
1.47286 -7.81328
1.38593 -7.65382
1.50122 -7.5705
1.38743 -7.4067
1.48832 -7.36596
1.57313 -7.38933
1.52844 -7.18798
1.45232 -7.24065
1.4632 -7.04499
1.37693 -7.15644
1.25691 -7.2518
1.14104 -7.05173
1.07006 -7.26671
1.20394 -7.56636
0.992864 -7.45079
0.806622 -7.23519
0.946372 -7.01097
0.72599 -6.95699
0.480384 -7.0552
0.550654 -6.79416
0.506156 -6.58135
0.601868 -6.36919
0.344121 -6.34382
0.227397 -6.67812
-0.126524 -6.55132
-0.0352864 -6.81418
-0.218446 -6.76697
-0.170264 -7.00907
-0.38564 -6.88574
-0.373263 -6.6016
-0.589055 -6.72551
-0.590968 -6.40718
-0.77525 -6.56332
-0.989976 -6.60148
-0.843013 -6.87605
-1.13611 -6.87783
-1.01874 -7.1121
-1.26367 -7.17401
-1.36598 -6.96414
-1.53387 -7.13491
-1.54885 -6.8471
-1.70815 -7.00981
-1.73199 -6.80334
-1.63963 -6.5784
-1.8767 -6.91681
-2.0416 -7.04851
-1.80976 -7.22278
-2.1301 -7.32266
-1.84198 -7.53539
-2.10067 -7.60852
-2.36104 -7.54512
-2.38829 -7.25345
-2.58341 -7.34733
-2.77794 -7.14172
-2.75485 -7.43363
-2.92947 -7.36957
-2.83315 -7.66472
-3.10853 -7.65773
-2.91436 -7.9257
-3.15952 -8.15706
-2.83154 -8.17969
-2.90894 -8.51536
-2.53596 -8.33065
-2.64182 -7.94596
-2.29554 -8.071
-2.26374 -8.30944
-2.02068 -8.27465
-2.1912 -8.5744
-1.72558 -8.47334
-1.87053 -8.7423
-1.52596 -8.69947
-1.69739 -8.94959
-1.31484 -8.94242
-1.60745 -9.18997
-1.27483 -9.22434
-1.05251 -9.07989
-0.932421 -8.85081
-0.882719 -9.02406
-0.684811 -8.98003
-0.864884 -9.17187
-0.614125 -9.24222
-0.344532 -9.02422
-0.446225 -8.7313
-0.169438 -8.80542
-0.0805402 -8.95362
0.121543 -8.7742
0.106739 -9.02173
0.27632 -8.90816
0.479959 -8.73279
0.329487 -8.44025
-0.0884047 -8.51958
0.12394 -8.19907
0.389356 -8.14661
0.573845 -8.23159
0.59177 -7.97739
0.286374 -7.86255
0.554224 -7.66107
0.366416 -7.64414
0.23154 -7.60706
-0.0268173 -7.6879
0.152504 -7.40259
0.372086 -7.48123
0.33909 -7.2685
0.122938 -7.07727
0.567357 -7.36544
-0.129191 -7.34652
-0.389626 -7.19568
-0.403306 -7.51153
-0.693217 -7.39176
-0.699083 -7.77185
-0.952291 -7.62174
-1.05818 -7.37978
-0.832515 -7.17095
-0.609612 -7.04274
-1.23069 -7.62848
-1.13811 -7.86557
-1.55365 -7.75512
-1.51463 -8.03458
-1.17215 -8.12006
-0.896071 -8.04666
-0.973952 -8.29819
-0.55096 -8.13546
-0.347095 -7.77559
-0.219534 -7.95961
-0.220755 -7.57915
-0.000743866 -7.98683
-0.186464 -8.21059
-0.400271 -8.43295
-0.735662 -8.54948
-0.69903 -8.77743
-1.17487 -8.59788
-1.38013 -8.32268
-1.4391 -8.51804
-1.71213 -8.22238
-1.91874 -8.01648
-1.73347 -7.90441
-1.90329 -7.78082
-2.18463 -7.8088
-2.43144 -7.80345
-2.61038 -7.62778
-1.47413 -7.42718
0.804662 -7.52522
0.830124 -7.81257
1.00049 -7.65454
1.0913 -7.9268
1.25891 -8.19884
1.06489 -8.22408
0.836063 -8.14693
0.919272 -8.41509
0.66404 -8.43459
0.771414 -8.61705
0.961427 -8.63
1.12312 -8.44337
1.12614 -8.68979
1.29207 -8.50828
1.25159 -8.70476
1.34287 -8.72719
1.42835 -8.51325
1.40287 -8.29897
1.52248 -8.5347
1.45118 -8.68396
1.51774 -8.75526
1.59978 -8.55667
1.39877 -8.88382
1.47069 -8.96212
1.378 -9.10125
1.35574 -9.27319
1.21425 -9.25852
1.20114 -9.43532
1.05984 -9.41471
0.961114 -9.55681
1.09265 -9.56542
0.892619 -9.6725
0.908149 -9.70803
0.889596 -9.73897
0.735808 -9.76426
0.59003 -9.84565
0.659363 -9.81988
0.866555 -9.7456
1.04822 -9.6757
1.12731 -9.61907
0.942005 -9.72032
0.970383 -9.66066
1.16768 -9.54299
0.739664 -9.68746
0.797015 -9.74972
0.674096 -9.76116
0.621053 -9.81466
0.759331 -9.77923
0.628418 -9.82273
0.454817 -9.88466
0.397714 -9.91653
0.146852 -9.98906
0.224967 -9.91115
0.45501 -9.84498
0.517736 -9.79669
0.326139 -9.81482
0.549387 -9.7552
0.428782 -9.72599
0.212461 -9.80831
0.244179 -9.73989
0.0356145 -9.8437
0.00832939 -9.90605
-0.0927062 -9.8975
-0.241072 -9.93582
-0.299259 -9.99152
-0.480723 -9.98416
-0.576162 -10.0501
-0.700077 -9.99837
-0.634147 -9.93408
-0.390059 -9.91956
-0.389419 -9.88117
-0.18692 -9.87067
-0.241834 -9.81406
-0.00939369 -9.76551
-0.149215 -9.71296
0.0276413 -9.67138
-0.0746255 -9.55404
0.151915 -9.68604
-0.290337 -9.64806
-0.249359 -9.49391
-0.124368 -9.34509
-0.323481 -9.40164
-0.435663 -9.51966
-0.509189 -9.34351
-0.301202 -9.30629
-0.34427 -9.22166
-0.207637 -9.22014
-0.243033 -9.11559
-2.13354 -9.34891
-1.92723 -9.29533
-1.72457 -9.24839
-1.51926 -9.21354
-1.31357 -9.18397
-1.39131 -9.35489
-1.18858 -9.2871
-1.10522 -9.1607
-0.977211 -9.30079
-1.15228 -9.44725
-0.974071 -9.43261
-0.960742 -9.57711
-0.804759 -9.40582
-0.683456 -9.538
-0.721455 -9.24114
-0.461614 -9.12217
-0.679055 -9.13086
-0.893512 -9.14242
-0.831337 -9.69124
-1.08734 -9.72486
-0.943244 -9.7753
-0.763922 -9.78303
-0.925054 -9.84667
-1.08979 -9.82584
-1.07861 -9.89901
-1.25824 -9.88238
-1.16171 -10.0017
-0.913787 -9.92951
-0.900079 -10.0075
-1.07824 -10.0844
-0.852492 -10.0594
-1.01573 -10.1273
-1.23907 -10.1453
-1.25243 -10.084
-1.40166 -10.1079
-1.46282 -10.1686
-1.20256 -10.1877
-1.4619 -10.2428
-1.26719 -10.2333
-1.02721 -10.2251
-1.10459 -10.2572
-0.83655 -10.2271
-0.973012 -10.2145
-0.740958 -10.1909
-0.741942 -10.1483
-0.544395 -10.1478
-0.62059 -10.1848
-0.411339 -10.1388
-0.578506 -10.1893
-0.287026 -10.1266
-0.415477 -10.1176
-0.150697 -10.0651
-0.268204 -10.0509
-0.0329642 -9.99866
-0.123259 -9.98002
-0.360448 -10.04
-0.514243 -10.1092
-0.765734 -10.1379
-0.674699 -10.1557
-0.923224 -10.1829
-0.81298 -10.2011
-0.0497193 -10.0685
0.148026 -9.98651
-0.135995 -10.0695
0.074851 -9.99658
-0.109087 -10.0362
0.037066 -9.9634
-0.205556 -10.009
0.0053277 -9.89782
-0.187081 -9.91662
-0.0254302 -9.79401
-0.308653 -9.83603
-0.0975871 -9.66743
-0.387355 -9.68872
-0.201959 -9.502
-0.598427 -9.5231
-0.302749 -9.29143
-0.900898 -9.39432
-0.882401 -9.54879
-0.902244 -9.68375
-0.632359 -9.7221
-0.783587 -9.84871
-0.526283 -9.80937
-0.565337 -9.91353
-0.424226 -9.98191
-0.641919 -9.99235
-0.65548 -10.0619
-0.473322 -10.0798
-0.309462 -10.0883
-0.853911 -10.103
-0.850497 -10.0285
-1.05517 -10.0762
-0.979965 -10.0239
-1.04312 -9.95847
-0.768455 -9.95356
-1.10065 -9.82538
-1.23601 -9.8789
-1.43724 -9.79783
-1.20706 -9.70496
-1.14101 -9.55111
-1.46226 -9.63436
-1.48121 -9.43198
-1.16752 -9.38267
-1.04971 -9.25904
-1.73808 -9.56681
-2.00641 -9.4301
-1.90883 -9.1535
-2.24524 -9.21312
-2.03336 -8.97201
-2.40971 -8.95138
-2.11598 -8.81023
-2.60425 -8.70313
-2.66882 -8.91597
-2.73577 -9.06069
-2.7157 -9.30381
-2.95388 -9.17336
-2.93737 -8.90295
-3.22311 -9.1489
-3.32058 -8.8742
-3.09491 -8.72555
-3.23228 -8.56057
-3.52558 -8.62802
-3.41264 -8.38154
-3.47228 -8.15567
-3.43865 -7.82175
-3.67154 -8.02261
-3.70137 -8.33801
-3.8025 -8.62994
-3.69265 -8.88807
-4.03543 -8.7944
-3.9067 -9.14306
-3.54524 -9.1458
-3.6822 -9.36585
-3.41432 -9.32541
-3.44563 -9.5006
-3.14679 -9.3604
-3.09973 -9.59993
-2.69571 -9.53305
-2.42367 -9.42335
-2.44713 -9.58098
-2.24388 -9.64389
-1.97333 -9.6171
-2.09779 -9.73592
-1.76691 -9.71013
-1.93322 -9.83601
-1.70292 -9.80944
-1.65427 -9.90072
-1.3605 -9.92712
-1.49484 -9.99464
-1.28291 -10.0277
-1.2712 -10.1087
-1.1763 -10.1531
-0.995181 -10.1611
-1.18235 -10.2121
-1.21594 -10.2467
-1.36149 -10.2281
-1.37177 -10.1722
-1.50891 -10.2159
-1.62579 -10.1531
-1.46144 -10.0855
-1.70563 -10.0352
-1.84162 -10.1018
-1.92499 -10.0356
-1.91696 -9.95719
-2.14152 -10.0151
-2.11916 -9.91715
-2.32954 -9.94946
-2.23689 -9.851
-2.50934 -9.8906
-2.3898 -9.77901
-2.69437 -9.81989
-2.51719 -9.71073
-2.77375 -9.70002
-2.87307 -9.79895
-3.0544 -9.78702
-2.95772 -9.87314
-3.21974 -9.89372
-3.09802 -9.9595
-2.80035 -9.94663
-3.00546 -10.0212
-2.76014 -10.0302
-2.96322 -10.0736
-2.68137 -10.078
-2.74814 -10.1011
-2.52868 -10.1226
-2.64762 -10.1305
-2.40829 -10.1662
-2.26752 -10.1468
-2.40107 -10.0938
-2.53739 -10.09
-2.52191 -10.0538
-2.30435 -10.0685
-2.37728 -10.015
-2.12659 -10.0938
-2.00233 -10.0798
-1.97196 -10.1403
-1.81673 -10.1857
-1.94944 -10.194
-1.85042 -10.2202
-1.67431 -10.2253
-1.77334 -10.2411
-1.66098 -10.2511
-1.51176 -10.2521
-1.49937 -10.2479
-1.37619 -10.2552
-1.29397 -10.2502
-1.72043 -10.2483
-1.71888 -10.2391
-1.64934 -10.2049
-1.88713 -10.186
-1.72681 -10.159
-1.5678 -10.1087
-1.73782 -10.0579
-1.51763 -10.0418
-1.63642 -9.96118
-1.40271 -9.97792
-1.45744 -9.89106
-1.35571 -9.75607
-1.20389 -9.8024
-1.193 -9.63101
-1.37982 -9.55402
-1.59973 -9.66464
-1.62097 -9.82539
-1.84083 -9.72913
-1.84023 -9.87381
-1.8863 -9.97235
-2.052 -9.89784
-2.02446 -9.80578
-2.21309 -9.8327
-2.26077 -9.90856
-2.10333 -9.98132
-2.29776 -9.98843
-2.16991 -10.0413
-1.96577 -10.056
-2.05598 -10.0983
-1.87854 -10.0952
-1.93404 -10.153
-2.15095 -10.147
-2.27234 -10.0665
-2.42429 -10.102
-2.36041 -10.155
-2.16045 -10.2163
-2.48243 -10.1663
-2.40341 -10.2162
-2.67555 -10.1463
-2.52614 -10.1803
-2.2186 -10.2054
-2.31049 -10.1971
-2.0492 -10.2258
-2.20423 -10.1997
-2.52615 -10.1545
-2.03631 -10.1991
-2.09614 -10.1568
-2.23966 -10.1179
-1.89606 -10.2378
-1.82879 -10.2525
-1.9322 -10.2169
-1.91618 -10.231
-2.77521 -10.1268
-2.90081 -10.1035
-3.05194 -10.1119
-2.96785 -10.0989
-2.81477 -10.1229
-3.04938 -10.1193
-2.91669 -10.0951
-2.85664 -10.1075
-2.76132 -10.1228
-2.69885 -10.1109
-2.84977 -10.0907
-2.8472 -10.0467
-2.63757 -10.0673
-2.92498 -10.0229
-3.02692 -10.0115
-3.00905 -10.0567
-3.20836 -10.0276
-3.19729 -9.98386
-3.40941 -9.9939
-3.51171 -9.94042
-3.30588 -9.92578
-3.0702 -9.93182
-2.81849 -9.98961
-2.96009 -9.86854
-2.71362 -9.95667
-2.61681 -10.0369
-2.49996 -10.0235
-2.67458 -9.89836
-2.45675 -9.97609
-2.46003 -9.90749
-2.33961 -10.0255
-2.61984 -9.83231
-2.43854 -9.80494
-2.67221 -9.72828
-2.50811 -9.64873
-2.33299 -9.73768
-2.18468 -9.73864
-2.31874 -9.6706
-2.19825 -9.58516
-2.38229 -9.55428
-2.34232 -9.40385
-2.12394 -9.46668
-1.99169 -9.57502
-2.04816 -9.68601
-1.78729 -9.54523
-1.95278 -9.43696
-1.76249 -9.38783
-1.58641 -9.47243
-1.59696 -9.33411
-2.54065 -9.46749
-4.51982 -9.82253
-4.31084 -9.78729
-4.25802 -9.83461
-4.08847 -9.76337
-4.03004 -9.82018
-3.82825 -9.81556
-3.85456 -9.87199
-3.66063 -9.85602
-3.66778 -9.80683
-3.68505 -9.74207
-3.50688 -9.83106
-3.35278 -9.72125
-3.2643 -9.87674
-3.19901 -9.70444
-2.85182 -9.78717
-2.82789 -9.86163
-3.05462 -9.68101
-2.92078 -9.65654
-2.80571 -9.58764
-2.70871 -9.51924
-2.62677 -9.4689
-3.88653 -9.75323
-3.51571 -9.73345
-3.48674 -9.88898
-3.67211 -9.89694
-3.88877 -9.93381
-4.06621 -9.86374
-4.24146 -9.89793
-4.54705 -9.87929
-4.46949 -9.92331
-4.15612 -9.96176
-4.38035 -10.0029
-4.0244 -10.0018
-4.16772 -10.0322
-3.83085 -10.0573
-3.71531 -9.98352
-3.47188 -10.0422
-3.54305 -10.0684
-3.81619 -10.0852
-3.62956 -10.1053
-3.97607 -10.1085
-3.84086 -10.1245
-3.60265 -10.1158
-3.91345 -10.1283
-3.74535 -10.1246
-3.50112 -10.1016
-3.73184 -10.1033
-3.43659 -10.0863
-3.61019 -10.0757
-3.89775 -10.0882
-3.74149 -10.0563
-3.98519 -10.0548
-3.70956 -9.98787
-3.5025 -10.0319
-3.36864 -9.97456
-3.46317 -9.91454
-3.64534 -9.89614
-3.39831 -9.81005
-3.76829 -9.81145
-3.90575 -9.91378
-4.03625 -9.84553
-4.20487 -9.90783
-4.08502 -9.99033
-4.38214 -9.96998
-4.31475 -10.0518
-4.14745 -10.0926
-4.39665 -10.1061
-4.11639 -10.1075
-3.93763 -10.1039
-3.99252 -10.12
-4.29906 -10.1208
-4.205 -10.1308
-4.11292 -10.1237
-4.41795 -10.119
-4.35049 -10.1083
-4.15031 -10.0833
-4.4766 -10.0741
-4.48292 -10.049
-4.76766 -10.0505
-4.77004 -10.0299
-4.65688 -10.0016
-4.7122 -9.94442
-4.93679 -9.97375
-5.04815 -9.90467
-4.77584 -9.8873
-4.88534 -9.86357
-4.71188 -9.85062
-5.41805 -9.95423
-5.51196 -9.95379
-5.35297 -9.99017
-5.39217 -9.99481
-5.58105 -9.95262
-5.57257 -9.95805
-5.51386 -9.98518
-5.71729 -9.92226
-5.50603 -9.9817
-5.34802 -10.025
-5.30502 -10.0356
-5.1251 -10.0615
-5.04782 -10.0809
-5.16607 -10.058
-4.97438 -10.0851
-5.11883 -10.0415
-4.90265 -10.0679
-5.01689 -10.0218
-4.81398 -10.0554
-4.68373 -10.0903
-4.60746 -10.0599
-4.84115 -10.0048
-4.57434 -10.0047
-4.73454 -9.94036
-4.99451 -9.92273
-4.88538 -9.84611
-5.16926 -9.82513
-5.05131 -9.73585
-5.27249 -9.70222
-5.17016 -9.62443
-5.35771 -9.5489
-5.18153 -9.47328
-4.9678 -9.5956
-5.05237 -9.3969
-5.22144 -9.22341
-5.33972 -9.37169
-5.43341 -9.15645
-5.35105 -8.93365
-5.18042 -8.94263
-5.28498 -8.71627
-5.16734 -8.69205
-5.03307 -8.82746
-5.00279 -9.16921
-4.85016 -8.99784
-4.78945 -9.24986
-4.63549 -9.12395
-4.56436 -9.44568
-4.36226 -9.23614
-4.24029 -9.46213
-4.18967 -9.35228
-3.9949 -9.4062
-4.02349 -9.59945
-3.75526 -9.55811
-3.82509 -9.69399
-3.54907 -9.67884
-4.03196 -9.74273
-4.28225 -9.63999
-4.27515 -9.7977
-4.54179 -9.69654
-4.76567 -9.60653
-4.85867 -9.42571
-4.84518 -9.65618
-4.80221 -9.72867
-4.55114 -9.8724
-4.13931 -9.24742
-4.2126 -9.02691
-4.49412 -8.88464
-4.29678 -8.77651
-4.72257 -8.85857
-4.88579 -8.6875
-5.23561 -8.51813
-5.25631 -8.27516
-5.34785 -8.4586
-5.40924 -8.67703
-5.47807 -8.43048
-5.55446 -8.78243
-5.59259 -8.40983
-5.67492 -8.50743
-5.74147 -8.68117
-5.71123 -8.89271
-5.63835 -9.11986
-5.49782 -9.37371
-5.65004 -9.33998
-5.58319 -9.53133
-5.44221 -9.65755
-5.5591 -9.68401
-5.42221 -9.76579
-5.63091 -9.74835
-5.48444 -9.83866
-5.64048 -9.83609
-5.83716 -9.77819
-5.71299 -9.85131
-5.60026 -9.89156
-5.67115 -9.90481
-5.47942 -9.94341
-5.48889 -9.9036
-5.28121 -9.97703
-5.32463 -9.90853
-5.11625 -9.96567
-5.19548 -9.90133
-5.32948 -9.85351
-5.32687 -10.0101
-5.50971 -9.97647
-5.63974 -9.93908
-5.78097 -9.88207
-5.65583 -9.93124
-5.59112 -9.94816
-5.87362 -9.66282
-5.89229 -9.53644
-5.76958 -9.66561
-5.72839 -9.56038
-5.65941 -9.64943
-5.75475 -9.42882
-5.89644 -9.35744
-5.7728 -9.24374
-5.91472 -9.18339
-5.79163 -9.03402
-5.9328 -8.92979
-5.80722 -8.84173
-5.86389 -8.67188
-5.82033 -8.38812
-5.94376 -8.46179
-5.96834 -8.73473
-6.02301 -8.55345
-6.09127 -8.3846
-6.1325 -8.20345
-6.05325 -8.25334
-6.17083 -8.0212
-6.19058 -7.81832
-6.06485 -7.97577
-5.95138 -8.17373
-5.81317 -9.8406
-5.54776 -8.11825
-5.39361 -8.08572
-4.55853 -9.9496
-4.57645 -10.1175
-4.49179 -10.129
-4.77853 -10.1084
-4.65761 -10.1221
-4.69 -10.1133
-4.88362 -10.0976
-4.95855 -10.0868
-4.8935 -10.0709
-4.63899 -10.0894
-5.1137 -10.0264
-4.96827 -10.0317
-5.21091 -9.98411
-5.18598 -9.92512
-5.30928 -9.94357
-5.13891 -10.0492
-4.78804 -10.1022
-3.24596 -10.0185
-3.36072 -10.0615
-3.15951 -10.0493
-3.22387 -10.0806
-3.19946 -10.0877
-3.30265 -10.1039
-3.14014 -10.1027
-3.31533 -10.1063
-3.13951 -10.0962
-3.36013 -10.0852
-3.20658 -10.0767
-3.01208 -10.0916
-2.97799 -10.0927
-3.93737 -9.97963
-1.35234 -10.045
-2.55583 -9.98355
0.0454755 -9.26924
-0.114511 -9.12016
0.390097 -9.06067
0.318316 -9.30978
0.474034 -9.20521
0.643349 -9.11843
0.767761 -8.85948
0.851097 -9.03231
0.993953 -8.8866
0.97601 -8.76656
1.18736 -8.89496
0.992444 -9.06722
1.11536 -9.13964
1.2752 -9.03402
1.00779 -9.32468
0.9494 -9.22802
0.76815 -9.37338
0.848178 -9.4879
0.644229 -9.51834
0.495316 -9.49005
0.549021 -9.31342
0.336341 -9.45436
0.103803 -9.48557
0.211867 -9.6224
0.441334 -9.62408
0.220906 -9.76349
0.43066 -9.71372
0.6312 -9.60809
0.599249 -9.6978
0.769927 -9.60617
0.749432 -9.67545
0.57377 -9.75103
0.649609 -9.75819
0.472684 -9.85117
0.470954 -9.82366
0.268164 -9.90208
0.401869 -9.79377
0.198792 -9.85902
0.304526 -9.78341
0.262518 -9.94219
0.375706 -9.92457
0.800102 -9.19556
1.30853 -8.88758
-0.726752 -9.86557
-0.515476 -9.85899
-0.587902 -9.8019
-0.382156 -9.77022
-0.5592 -9.69324
-0.377395 -9.84084
-2.95202 -7.12048
-1.49619 -6.60995
-1.3335 -6.67593
-1.16646 -6.41534
-1.16726 -6.05841
-1.15793 -6.64767
-0.34002 -6.29255
0.285663 -6.04453
0.475409 -6.13693
0.463369 -5.80027
0.705135 -6.05889
0.642059 -5.77663
0.629995 -5.49557
0.753051 -5.74503
0.891747 -5.89731
1.01603 -5.7455
1.035 -5.5336
1.12271 -5.68678
1.1325 -5.46328
1.22357 -5.39525
1.23483 -5.64688
1.31065 -5.45997
1.37167 -5.24731
1.41647 -5.55013
1.453 -5.37216
1.52617 -5.35585
1.35394 -5.74762
1.29123 -5.94442
1.20022 -5.85675
1.11919 -5.90392
1.11519 -6.04868
1.03663 -5.98509
0.865643 -6.10317
0.750912 -6.35432
1.59409 -7.57427
1.64847 -7.68108
1.58178 -7.76172
1.66423 -7.91078
1.74907 -7.9186
1.63968 -5.55677
1.71818 -4.43362
-0.0879278 -4.31913
0.683884 -4.28286
0.708932 -3.20596
0.803271 -3.09745
0.991058 -3.69086
1.11754 -3.836
1.16832 -4.04568
-1.46939 -5.20659
-3.01165 -6.33626
-3.15705 -6.53621
-2.88186 -6.11963
-2.81758 -4.16688
-3.77669 -6.43647
-3.94301 -6.66505
-3.6905 -6.75541
-3.84786 -6.97486
-4.03842 -7.05149
-3.85991 -7.2059
-3.69372 -7.10903
-4.39253 -7.78121
-5.0563 -7.36617
-4.95783 -7.23782
-6.05642 -5.50928
-6.07003 -5.66402
-5.52792 -4.54746
-5.45744 -4.61925
-5.37451 -4.75416
-5.24092 -4.62978
-5.30133 -4.97879
-5.12122 -4.82549
-5.22763 -5.111
-5.32066 -5.34448
-5.40039 -5.19507
-5.454 -5.42029
-5.48701 -5.22768
-5.42999 -5.01483
-5.41976 -5.66877
-5.27707 -5.75363
-5.17008 -5.29419
-5.12537 -5.61724
-5.04386 -5.31113
-5.07802 -5.08593
-4.98476 -4.63305
-5.00528 -5.64161
-4.86052 -5.61438
-4.70139 -5.61098
-4.58266 -5.23615
-4.53299 -5.59102
-4.45043 -5.24855
-4.4476 -4.90162
-4.30539 -5.02961
-4.28753 -4.64972
-4.07155 -4.67218
-3.9323 -4.47143
-4.16722 -5.23861
-4.36265 -5.45522
-4.2472 -5.65215
-3.13945 -3.00349
-2.56771 -2.85914
-2.57802 -3.11053
-3.42718 -2.54092
-3.78032 -2.83676
-4.43284 -3.53636
-4.44766 -3.77944
-5.10208 -3.05812
-5.09456 -2.94211
-5.74629 -4.14297
-5.74399 -4.30313
-1.39333 -1.52612
-2.12411 -1.54415
-1.8707 -1.53905
-2.12811 -1.65746
-1.81563 -1.63567
-1.62276 -1.53086
-1.6044 -1.62685
-1.41527 -1.57537
-1.15408 -1.53832
-1.27839 -1.63523
-1.094 -1.65844
-0.892707 -1.56912
-0.621936 -1.60509
-0.733506 -1.72333
-0.905196 -1.72169
-0.776076 -1.87359
-1.00199 -1.90529
-1.08153 -1.74834
-0.808557 -2.03294
-0.851699 -2.26302
-0.636672 -2.19822
-0.637654 -2.01718
-0.402994 -2.14973
-0.573053 -1.85306
-0.340283 -1.8602
-0.194409 -1.64809
-0.101382 -1.97221
-0.198904 -2.09702
-0.0155611 -2.20039
0.0959792 -2.11723
0.0334921 -1.91836
0.235933 -2.10967
0.255238 -1.96401
0.365999 -2.11566
0.404377 -2.01523
0.499845 -2.19805
0.540951 -2.10361
0.589412 -2.23697
0.0369229 -1.82471
-0.0651793 -1.76395
-0.140805 -2.30811
-0.262833 -2.43212
-2.3732 -1.59133
-2.47066 -1.70958
-1.1705 -2.49499
