1.8308 0.16473
1.9088 0.905709
1.93838 1.06744
2.11524 1.78757
2.29126 2.17568
2.97266 3.4963
3.47505 4.26906
3.71872 4.61461
4.1851 5.06457
4.74275 5.51011
4.87386 5.60867
5.39331 5.93942
5.49856 5.99573
5.60355 6.05142
6.07187 6.17902
6.2325 6.19115
6.48542 6.21017
6.73521 6.22545
7.17854 6.17354
7.31642 6.14727
7.51554 6.06426
7.98554 5.77962
8.3325 5.4824
8.90866 4.67981
9.01645 4.52915
9.12471 4.3283
9.87463 2.78777
10.5231 1.06627
10.6369 0.493709
10.6503 0.345187
10.7419 -1.442
10.7406 -1.48425
10.6552 -2.04207
10.5882 -2.4749
10.556 -2.64842
10.5221 -2.80746
10.4927 -2.94149
10.4478 -3.13277
10.3804 -3.35769
10.2955 -3.56403
10.2623 -3.63708
10.1875 -3.77342
10.0808 -3.93795
9.88802 -4.22139
9.68984 -4.39334
9.57241 -4.4658
9.46495 -4.52595
9.30132 -4.59482
9.22695 -4.62166
9.0829 -4.65743
8.88692 -4.69337
8.57555 -4.7411
6.51681 -4.81855
5.07096 -4.83529
4.90903 -4.83628
4.65668 -4.81073
2.48578 -4.5518
2.26045 -4.51772
2.13009 -4.45419
2.00701 -4.36688
1.92778 -4.22448
1.89215 -4.1242
1.75702 -3.72507
1.75631 -3.66257
