1.1561 5.01017
1.04681 4.90294
1.25398 5.09807
1.09802 4.96862
1.2483 5.14223
1.34116 5.21409
1.34286 5.29993
1.41322 5.33688
1.44257 5.45839
1.56275 5.59947
1.49769 5.44143
1.52608 5.49833
1.59659 5.70462
1.65361 5.82646
1.52101 5.64054
1.58895 5.84252
1.71687 6.0083
1.74742 6.20435
1.77281 6.40016
1.7929 6.55398
1.7749 6.61422
1.72238 6.28639
1.60658 5.99597
1.61343 6.19336
1.52361 5.91525
1.48952 5.72921
1.38684 5.70434
1.31827 5.46868
1.43363 5.55804
1.36277 5.42245
1.26104 5.29391
1.26104 5.21961
1.15073 5.10782
1.16767 5.06944
1.04523 4.93449
0.963453 4.83199
0.949277 4.80814
0.815144 4.68314
0.463626 4.35195
0.585329 4.47323
0.338718 4.24044
-0.212549 3.84445
-0.0647659 3.93564
-0.0672493 3.91734
-0.216724 3.77725
-0.0419703 3.87782
-0.271201 3.7239
-0.186547 3.77127
0.029583 3.93879
-0.144588 3.8261
0.0189371 3.95897
0.221978 4.12301
0.237438 4.10749
0.147758 4.03004
0.310481 4.181
0.17871 4.07497
0.353971 4.24032
0.478303 4.3598
0.718266 4.58805
0.435139 4.30665
0.635858 4.55139
0.602407 4.51884
0.411281 4.30803
0.452343 4.4232
0.641711 4.62502
0.786062 4.75221
0.796079 4.81982
0.928335 4.91955
1.01418 5.08348
1.04534 5.0472
0.957993 4.88307
1.16039 5.22089
1.17791 5.31593
1.06241 5.26335
1.18342 5.41854
1.26937 5.48827
1.25189 5.56249
1.29202 5.7251
1.39494 5.88416
1.4919 5.96721
1.50179 6.15059
1.37188 6.03165
1.51118 6.37692
1.40161 6.2823
1.49135 6.59378
1.3132 6.37654
1.42385 6.84853
1.24167 6.61476
1.34434 7.03164
1.44394 7.17952
1.54064 7.21157
1.51778 7.48868
1.65097 7.5503
1.65375 7.26209
1.5791 6.94029
1.65847 6.98666
1.6795 6.75269
1.66071 7.83421
1.66479 8.08536
1.7544 9.35426
1.74479 9.28036
1.70405 8.9806
1.71553 8.88834
1.64126 8.7897
1.65458 8.3235
1.61951 8.52207
1.50097 8.33351
1.56812 8.06865
1.44211 8.03244
1.49232 7.78951
1.42119 7.54088
1.40682 7.31771
1.30346 7.34894
1.22745 6.93176
1.16894 7.13819
1.19253 7.58469
1.36287 7.76291
1.27342 8.03676
1.3641 8.0126
1.36546 8.21472
1.26578 8.35538
1.36637 8.50639
1.48407 8.65109
1.32749 8.85666
1.48256 8.97935
1.57787 8.70338
1.57879 9.06663
1.64931 9.01759
1.66477 8.91889
1.72253 9.10573
1.7346 9.19305
1.67605 9.15195
1.64682 9.28069
1.67109 9.48091
1.73203 9.64271
1.68419 9.63487
1.71061 9.72483
1.79675 9.85042
1.76196 9.47982
1.79706 9.99342
1.75286 9.92368
1.77747 10.1204
1.68567 9.92822
1.63105 9.68689
1.57159 9.9481
1.47669 9.64584
1.59213 9.44002
1.52139 9.2834
1.59747 9.24818
1.63391 9.15562
1.35016 9.30867
1.25699 9.81466
1.43832 10.0284
1.32195 10.2082
1.42796 10.3254
1.54277 10.2289
1.66124 10.1637
1.6261 10.4639
1.72377 10.2965
1.54995 11.1697
1.54765 10.7828
1.51465 10.9625
1.46531 10.8468
1.48162 10.7222
1.57971 10.6044
1.43154 10.5791
1.52394 10.4407
1.3082 10.4641
1.31484 10.6975
1.39235 10.795
1.26548 10.9524
1.16414 10.6925
1.0496 10.9871
0.936172 10.61
1.14238 10.2791
0.915125 10.2049
0.991207 9.88523
1.02876 9.47914
1.18434 9.42831
1.09226 9.2704
1.19097 9.14479
1.14491 8.78388
1.24296 8.61971
1.10021 8.36945
1.16409 8.13791
1.0401 7.97771
1.13984 7.87981
1.02582 7.60683
1.04131 7.21727
0.953585 7.34507
0.873115 7.44802
0.918772 7.75532
0.766877 7.65045
0.708499 7.21472
0.879603 7.10055
0.758504 6.87345
0.862175 6.76388
0.967286 6.84254
1.064 6.93516
1.13268 6.85256
1.05214 6.67065
1.14393 6.67345
1.08262 6.39057
1.16677 6.25433
1.03258 6.0364
1.16517 6.00442
1.01656 5.70814
1.19256 5.76758
1.04739 5.52018
1.13606 5.49779
1.27937 6.04526
0.957999 5.276
0.871235 5.03332
0.842506 5.09999
0.790227 5.16852
0.914296 5.41677
0.775406 5.35038
0.870365 5.55217
0.748671 5.57808
0.883991 5.77603
0.784513 5.74856
0.808441 5.88392
0.896955 6.05561
0.788882 6.10642
0.91312 6.43299
0.99003 6.20676
0.738593 6.39988
0.791825 6.61757
0.681599 6.66892
0.641056 6.90789
0.569995 6.75376
0.590361 6.50137
0.459152 6.67394
0.475178 6.39501
0.606506 6.16343
0.414998 6.16612
0.501718 5.84841
0.697937 5.82339
0.578835 5.5636
0.627067 5.34096
0.485281 5.34459
0.498942 5.15189
0.633817 5.12914
0.494561 5.00122
0.550021 4.9319
0.656219 5.00996
0.724992 4.94871
0.591944 4.87861
0.555406 4.74464
0.670827 4.77703
0.577278 4.5969
0.459256 4.54601
0.419873 4.41318
0.260501 4.24515
0.293671 4.23329
0.139718 4.09337
0.0719662 4.08292
0.143885 4.19646
-0.0037632 4.08933
0.110714 4.2574
0.281735 4.34058
0.286186 4.4225
0.380301 4.58531
0.470406 4.76613
0.299472 4.64294
0.409512 4.83763
0.23136 4.74616
0.358034 4.96511
0.124476 4.9017
0.329339 5.18151
0.0869207 5.2405
-0.082654 4.92814
-0.198583 5.10332
-0.110815 5.40583
0.0753632 5.70782
-0.269502 5.70166
-0.0652685 6.09396
-0.330563 6.14811
-0.134871 6.45588
-0.361843 6.48569
-0.166018 6.81582
-0.437306 6.74713
-0.300763 7.08448
-0.0741816 7.16958
0.0991755 7.00075
0.0108967 6.69253
0.160999 6.70541
0.305861 6.86511
0.323793 7.2371
0.50494 7.02499
0.546329 7.49053
0.357027 7.56363
0.482586 7.8281
0.667676 7.90597
0.573674 8.17078
0.748356 8.23519
0.879013 8.07068
0.917187 8.58086
0.711434 8.45987
0.770549 8.81137
0.912603 8.88791
1.03604 9.01185
0.909983 9.12991
1.02326 9.2339
0.805263 9.36886
0.906214 9.62812
0.791875 9.75261
0.873304 9.98379
0.758396 10.0655
0.597226 9.85464
0.571475 9.45476
0.439111 9.67469
0.318992 9.39084
0.423285 9.11575
0.607996 9.01371
0.385061 8.74035
0.542608 8.52154
0.773299 9.08542
0.291332 8.24134
0.458046 8.2392
0.421115 8.05295
0.298212 7.8187
0.09447 7.81975
0.139029 7.44125
-0.144434 7.4832
-0.099431 7.85556
0.05375 8.13084
-0.188382 8.16666
0.031146 8.42824
-0.154758 8.60608
0.0601549 8.79793
-0.102674 9.00905
0.100214 9.19957
0.249451 8.96992
0.197113 8.58237
0.142854 9.59881
0.305606 9.71865
0.230811 9.96585
-0.0228834 9.89945
-0.0770445 9.42541
-0.283716 9.64952
-0.235745 10.0001
-0.0896692 10.3263
-0.311138 10.1974
-0.286698 10.4873
-0.0361767 10.7463
0.119125 10.6068
0.15834 10.2999
0.341754 10.6636
0.227593 10.9376
0.514659 11.0828
0.341726 11.2696
0.0781031 11.1712
0.276305 11.5215
0.56717 11.5473
0.437585 11.7487
0.586261 11.8761
0.803499 11.8178
0.721132 12.0431
0.543734 12.0737
0.746398 12.2729
0.911296 12.0551
1.01275 12.2608
1.13035 12.0783
1.17918 12.2471
1.20898 12.3513
1.23634 12.275
1.28571 12.1354
1.46666 11.7444
1.49327 11.5161
1.52072 11.345
1.35518 11.268
1.4013 10.9658
1.13649 11.2537
1.18689 11.4885
1.30994 11.6553
1.14228 11.691
1.19022 11.8865
1.35242 11.9938
1.02559 11.8499
0.979671 11.5716
0.783092 11.5849
0.770248 11.3168
0.958801 11.251
0.844777 10.996
0.693356 11.0366
0.636144 10.6701
0.774286 10.3607
0.597403 10.2074
0.395552 10.3025
0.424949 9.95494
1.18406 12.6493
1.2461 12.5256
1.01089 12.576
0.959946 12.4022
0.817312 12.5508
0.59276 12.551
0.388171 12.2347
0.387801 12.489
0.440095 12.6807
0.569706 12.8313
0.42604 12.8572
0.457715 13.0224
0.612238 13.0388
0.736073 12.936
0.767046 13.1853
0.523532 13.2132
0.560441 13.3598
0.69625 13.269
0.408178 13.4336
0.189711 13.631
0.177996 13.5556
0.326287 13.227
0.272974 12.9439
0.16256 13.0883
0.152381 13.2597
-0.0186701 13.0998
0.0291548 13.3174
-0.180841 13.2419
-0.227562 13.0303
-0.143474 12.8577
0.0782747 12.9067
-0.0596838 12.6298
0.157553 12.763
0.299705 12.7374
0.146065 12.5695
0.303233 12.5776
0.207961 12.3871
-0.0681953 12.3019
0.0659037 12.1092
0.152904 11.8915
0.364963 11.995
0.297795 11.7928
0.44559 11.9139
0.109834 11.6055
0.0940552 11.4194
-0.103989 11.3319
-0.263593 10.8911
-0.372005 11.1315
-0.33869 11.4458
-0.0563879 11.6231
-0.116495 11.8085
-0.376664 11.7364
-0.174095 12.0009
-0.395714 12.0181
-0.676351 11.6577
-0.581047 11.4505
-0.807744 11.3508
-0.734147 11.1949
-0.554819 11.3086
-0.571909 11.1332
-0.853093 10.8687
-0.577014 10.8465
-0.834513 10.5601
-0.564652 10.4902
-0.465216 10.2386
-0.710798 10.0855
-0.475219 9.91622
-0.750276 9.74796
-0.583639 9.46448
-0.331256 9.19412
-0.581938 9.10138
-0.465916 8.84851
-0.272125 8.85613
-0.346022 8.63623
-0.335051 8.39373
-0.537382 8.50855
-0.499123 8.10258
-0.363945 7.74637
-0.548777 7.8149
-0.636536 7.59703
-0.477676 7.31658
-0.538842 6.97031
-0.666565 7.09989
-0.77014 7.30499
-0.84379 7.06549
-1.07989 7.21902
-0.9808 7.60623
-0.751074 7.88227
-1.02801 7.95655
-0.842325 8.30107
-1.16202 8.24007
-1.15285 8.64615
-1.45565 8.34843
-1.44623 8.7216
-1.32158 8.99233
-1.03495 9.07304
-1.24041 9.31698
-0.917356 9.44198
-0.77505 9.18301
-0.770531 8.81062
-1.11328 9.57019
-0.953569 9.6874
-1.1167 9.7709
-0.901797 9.86934
-1.01635 10.0278
-0.84616 10.2926
-1.13077 10.2777
-1.05158 10.574
-1.2622 10.4486
-1.49923 10.1798
-1.41047 9.83068
-1.74685 9.85577
-1.82616 9.51402
-1.55832 9.52191
-1.44119 9.65929
-1.34276 9.58191
-1.49929 9.29937
-1.42185 9.15895
-1.58198 8.96322
-1.78844 9.15652
-1.87591 8.69831
-1.6491 8.60303
-1.82555 8.23552
-1.57879 7.99902
-1.30042 7.95385
-1.47314 7.66581
-1.22605 7.6946
-1.23809 7.49082
-1.13565 7.7957
-1.42227 7.30885
-1.36057 6.93607
-1.00747 6.87034
-1.1918 6.594
-0.889083 6.56071
-0.753852 6.87541
-0.642885 6.70804
-0.639147 6.37497
-0.958906 6.1728
-0.821398 5.94562
-0.56768 6.06306
-0.47283 6.28078
-0.467391 5.86142
-0.688334 5.70774
-0.509097 5.63842
-0.495375 5.41643
-0.336294 5.30372
-0.5089 5.21722
-0.723159 5.16462
-0.6493 5.4679
-0.827802 5.40695
-1.07644 5.15746
-0.965852 4.88864
-0.758257 4.85421
-0.493585 5.00732
-0.621105 4.69688
-0.327114 4.80896
-0.459577 4.58267
-0.173903 4.65861
-0.460257 4.38845
-0.143044 4.46611
0.042881 4.64741
0.0860071 4.51706
-0.0875835 4.37091
0.0100031 4.36577
0.17227 4.42743
-0.0233421 4.25333
-0.102262 4.12107
-0.249438 4.12601
-0.133304 4.27553
-0.314382 4.25455
-0.56534 4.04152
-0.409405 3.99227
-0.261779 4.02666
-0.384467 3.93011
-0.195484 4.00796
-0.108389 3.9795
-0.303472 3.89674
-0.206214 3.88015
-0.0335722 3.97151
-0.135926 3.89006
-0.292183 3.80701
-0.37734 3.72265
-0.497859 3.72344
-0.401455 3.79182
-0.6381 3.71934
-0.548396 3.80925
-0.625149 3.8826
-0.761993 3.78009
-0.795936 3.72413
-0.98516 3.70743
-0.897966 3.79107
-1.12531 3.72813
-1.06243 3.79729
-1.24683 3.75068
-1.17536 3.86003
-0.869339 3.88955
-0.922348 4.02985
-0.612834 4.17606
-0.833209 4.22992
-0.739702 4.45034
-1.11851 4.32538
-1.16681 4.10672
-1.45715 4.17499
-1.40716 4.35019
-1.25675 4.48854
-1.49754 4.51188
-1.26586 4.7509
-0.963254 4.61152
-1.60391 4.72986
-1.43817 5.03929
-1.7778 4.98378
-1.58048 5.32349
-1.79484 5.25155
-1.72867 5.39865
-1.644 5.59483
-1.38431 5.67481
-1.50792 5.93855
-1.22757 6.03174
-1.10382 5.79226
-1.11074 6.32891
-1.35821 6.2852
-1.51502 6.577
-1.68534 6.21086
-1.86928 6.54086
-1.70244 6.86261
-1.6574 7.13559
-1.82489 7.04105
-1.9032 7.2274
-2.0097 6.92299
-2.19066 7.28286
-2.34184 6.90576
-2.21354 6.54669
-2.1107 6.06679
-2.42612 6.22253
-2.43512 5.91625
-2.35814 5.63054
-2.08416 5.58961
-1.81398 5.81264
-1.87646 5.4489
-2.0604 5.35758
-1.99307 5.17208
-2.25937 5.25714
-2.14327 4.8372
-1.84371 4.69367
-1.93851 4.51126
-1.721 4.53438
-1.67932 4.34138
-1.97891 4.27478
-1.72773 4.16551
-1.63858 4.0418
-1.43782 3.99857
-1.6954 3.88378
-1.40849 3.88501
-1.22524 3.96293
-1.47485 3.75625
-1.77158 3.68565
-1.60248 3.65237
-1.38774 3.65428
-1.59571 3.62016
-1.60387 3.57116
-1.42518 3.58585
-1.20272 3.6171
-1.1734 3.67003
-0.969538 3.6736
-0.913104 3.64478
-0.739102 3.66674
-0.950225 3.62799
-0.858471 3.62738
-0.610103 3.6802
-0.61114 3.65584
-0.378541 3.69915
-0.514556 3.65582
-0.395175 3.67983
-0.69667 3.62313
-0.361809 3.75499
-0.686344 3.65826
-0.520609 3.70863
-0.173868 13.7904
0.0121536 13.7293
-0.0111046 13.5884
-0.211869 13.6528
-0.17823 13.5286
-0.0527039 13.4443
-0.266643 13.4075
-0.388485 13.2589
-0.345002 13.1176
-0.575737 13.025
-0.399615 12.9716
-0.349498 12.8325
-0.531852 12.8245
-0.494547 12.6793
-0.350766 12.5972
-0.599295 12.4929
-0.547639 12.3211
-0.317279 12.3416
-0.536767 12.1337
-0.66023 11.9161
-0.797972 12.0391
-0.918639 11.7094
-1.01528 11.3799
-1.10985 11.4973
-1.18437 11.6218
-0.993341 11.8225
-1.08045 11.9057
-0.954648 12.1613
-0.740662 12.287
-0.832797 12.4075
-1.11565 12.273
-0.937896 12.575
-1.18897 12.4292
-1.15044 12.6239
-0.891769 12.8504
-0.718657 12.7839
-0.680595 12.6292
-0.768714 13.0729
-0.983245 13.0094
-0.823756 13.2088
-0.603621 13.2396
-0.670355 13.3869
-0.449157 13.4207
-0.556789 13.5042
-0.351458 13.5303
-0.44 13.6317
-0.339802 13.7785
-0.527667 13.7289
-0.714565 13.7093
-0.651038 13.599
-0.885255 13.5482
-0.87452 13.6706
-1.02222 13.6189
-1.2134 13.636
-1.35254 13.5895
-1.48076 13.541
-1.55056 13.4607
-1.42027 13.4179
-1.7568 13.3004
-1.63966 13.1811
-1.8289 13.1988
-1.83969 13.1183
-1.93012 12.9912
-1.96733 13.1042
-2.20814 12.9758
-2.18953 12.7732
-1.95548 12.8142
-2.13445 12.6177
-1.90279 12.6759
-1.70033 12.9431
-1.60266 12.749
-1.89273 12.4642
-2.16463 12.3929
-2.154 12.1649
-2.38381 12.0885
-2.4605 11.8145
-2.63046 11.8443
-2.80784 11.5494
-2.64816 11.5445
-2.4674 11.5658
-2.83993 11.2806
-2.63527 11.1853
-2.3268 11.4766
-2.40431 11.2581
-2.17406 11.4393
-2.31924 11.139
-1.99597 11.3763
-1.92747 11.6531
-1.77349 11.6338
-1.68928 11.8911
-1.58366 11.7571
-1.70215 11.47
-1.37411 11.7426
-1.39638 12.0184
-1.18183 12.0221
-1.3273 12.2626
-1.51828 12.1476
-1.41935 12.4008
-1.77207 12.1169
-1.88875 11.8529
-2.01144 11.8733
-2.08283 11.6765
-2.19953 11.7114
-2.13766 11.9363
-1.91297 12.2461
-1.62985 12.4913
-1.3423 12.661
-1.46185 12.7091
-1.27211 12.9123
-1.12626 12.8132
-1.04755 13.1426
-1.21339 13.104
-1.13572 13.2099
-0.94413 13.3122
-1.19497 13.3394
-1.27986 13.161
-1.4423 13.1233
-1.40377 13.0113
-0.951952 13.4185
-0.777641 13.464
-1.50547 11.3868
-1.31656 11.2837
-1.68582 11.0169
-1.46294 10.9921
-1.24457 11.1037
-1.38647 10.8056
-1.03235 11.0594
-1.17431 10.7086
-1.44956 10.4925
-1.66978 10.5122
-1.69931 10.2713
-1.78871 10.0449
-1.85732 10.1277
-1.92237 10.2378
-2.00305 9.94548
-2.23136 9.97528
-2.2538 9.67467
-2.02844 9.66492
-2.29451 9.41634
-2.11853 9.37432
-2.07832 9.13635
-2.04621 8.87206
-2.32141 8.73464
-2.32806 9.12179
-2.54379 8.85325
-2.57038 9.20282
-2.41384 9.46874
-2.49726 9.60322
-2.75453 9.34648
-2.70926 9.66242
-2.48209 9.91131
-2.30636 10.1438
-2.44983 10.1678
-2.23742 10.3437
-2.09828 10.3067
-1.99609 10.6136
-1.87388 10.4887
-1.67913 10.7431
-2.07654 10.8782
-1.77871 11.1933
-1.93888 11.1978
-2.16585 11.0625
-2.31092 10.834
-2.42557 10.5936
-2.31225 10.4701
-2.6654 10.1989
-2.64363 9.94012
-2.86389 9.77843
-2.948 9.42802
-3.12865 9.55582
-3.02693 9.93404
-3.29017 9.69221
-3.22809 9.9679
-3.44006 9.82116
-3.4894 9.54772
-3.6741 9.62124
-3.64094 9.25507
-3.37575 9.38345
-3.45927 9.10403
-3.21192 9.16695
-3.40386 8.80935
-3.16604 8.82275
-2.96607 9.08232
-2.78244 9.11487
-2.85146 8.91978
-2.73645 9.0284
-2.71959 8.87906
-2.8818 8.63525
-2.70895 8.6531
-2.79574 8.39034
-2.5936 8.52862
-2.68953 8.17064
-2.4889 8.38218
-2.32593 8.37347
-2.13765 8.5752
-2.19156 8.32208
-2.03718 8.4003
-2.11783 8.12993
-2.03521 7.85938
-1.77835 7.78911
-1.97909 7.53766
-1.71406 7.44226
-2.17962 7.61325
-2.37841 7.5364
-2.48003 7.20223
-2.63506 7.45601
-2.47016 7.80877
-2.25847 7.84372
-2.31586 8.09857
-2.50182 8.10757
-2.7001 7.81776
-2.80779 7.94671
-2.91815 8.06536
-2.90641 7.76282
-3.11264 7.76211
-3.02114 7.52039
-2.85624 7.4996
-2.84039 7.18723
-2.6822 7.12019
-2.82376 6.85553
-2.60972 6.86125
-2.78919 6.46255
-2.51224 6.549
-2.66284 6.19927
-2.59151 5.9884
-2.74823 5.90155
-2.64485 5.66847
-2.92098 5.63155
-2.81122 5.33036
-2.56945 5.3237
-2.5464 5.00441
-2.70774 5.15505
-2.85148 5.04466
-2.73524 4.83928
-2.48102 4.71689
-2.22532 4.51386
-2.50656 4.52612
-2.28858 4.32265
-2.11806 4.11816
-1.86355 4.05739
-2.00594 3.92705
-1.91797 3.78782
-2.0928 3.80184
-2.0036 3.6776
-1.93976 3.57878
-1.7516 3.58848
-1.90561 3.51401
-1.78003 3.52678
-1.71742 3.47752
-1.48821 3.5453
-1.56715 3.48696
-1.33436 3.55112
-1.12701 3.58443
-1.2319 3.56056
-1.10239 3.57567
-1.31084 3.52725
-1.08634 3.56145
-0.909132 3.58761
-1.23502 3.51237
-0.996033 3.55032
-0.745831 3.61629
-0.975038 3.55521
-0.917615 3.58016
-1.13022 3.51844
-1.13923 3.51309
-1.31582 3.46647
-1.28135 3.47873
-1.50321 3.42149
-1.514 3.42851
-1.5238 3.4543
-1.7243 3.38983
-1.70739 3.41754
-1.87804 3.3722
-1.76737 3.4378
-1.88224 3.42203
-2.02655 3.3897
-1.98601 3.45119
-2.13704 3.42741
-2.06063 3.50583
-2.24983 3.51253
-2.12245 3.58454
-2.29018 3.66525
-2.15133 3.69688
-2.23632 3.79443
-2.19752 3.87967
-2.31495 3.92279
-2.37786 3.83092
-2.45925 3.98058
-2.41067 4.07299
-2.21716 3.99548
-2.3571 4.18749
-2.56792 4.2425
-2.55123 4.38145
-2.80406 4.4364
-2.79456 4.59314
-2.68575 4.68201
-2.88625 4.78048
-3.06687 4.76204
-3.07832 4.95288
-3.32852 4.88126
-3.34362 5.10421
-3.5647 4.99578
-3.61139 5.24253
-3.79834 5.03289
-3.84727 5.19553
-3.84983 5.44813
-3.98566 5.24101
-4.14085 5.37112
-4.0194 5.59065
-4.13967 5.54134
-4.121 5.70718
-4.28742 5.57794
-4.24451 5.87331
-4.42847 5.75743
-4.54994 5.57475
-4.65184 5.84994
-4.85007 5.63409
-4.90284 5.89361
-5.12601 5.87757
-5.16097 5.61206
-4.87792 5.37862
-5.11487 5.34714
-4.87559 5.16193
-5.10548 5.1649
-4.96233 5.08601
-5.03835 5.03506
-5.19933 5.08666
-5.19192 4.98041
-5.3562 5.10489
-5.41402 5.01521
-5.29777 4.91052
-5.06307 4.85613
-5.21771 4.84496
-5.37558 4.8723
-5.27278 4.78919
-5.05843 4.76609
-5.14129 4.72533
-5.30475 4.75566
-5.21512 4.67902
-5.39807 4.75566
-5.22413 4.66523
-5.38674 4.75246
-5.27089 4.70243
-5.0356 4.60509
-5.03893 4.601
-4.84347 4.56684
-4.73827 4.50069
-4.57012 4.48956
-4.50255 4.44444
-4.32849 4.43183
-4.31723 4.38625
-4.1644 4.38051
-4.1009 4.29048
-3.99429 4.3282
-3.92325 4.22679
-3.87538 4.26798
-3.81751 4.21296
-3.78559 4.25466
-3.82159 4.32897
-3.70159 4.26099
-3.69138 4.18696
-3.56108 4.19972
-3.64155 4.28592
-3.49491 4.21372
-3.418 4.12331
-3.36211 4.13363
-3.30762 4.02421
-3.35924 4.01251
-3.27631 3.91995
-3.29834 3.88003
-3.16553 3.8098
-3.21637 3.91454
-3.12771 3.8278
-3.17867 3.93912
-3.11299 3.86712
-3.03939 3.80486
-3.05878 3.87565
-2.92758 3.74132
-3.04343 3.91429
-3.15867 3.98403
-3.23292 4.08936
-3.0983 4.04313
-2.9725 3.9358
-2.8664 3.79051
-2.89384 3.90182
-3.00889 4.01591
-2.88778 3.98029
-3.08545 4.12785
-3.13504 4.11388
-3.25513 4.2204
-3.23813 4.1502
-3.3455 4.24553
-3.40047 4.31937
-3.3373 4.3024
-3.46565 4.36546
-3.24834 4.27908
-3.43807 4.42779
-3.60869 4.45603
-3.65839 4.51924
-3.8609 4.51341
-3.8449 4.61021
-3.56519 4.54082
-3.66126 4.6195
-3.42838 4.56013
-3.60243 4.66667
-3.84411 4.70197
-3.75201 4.74127
-3.65189 4.79291
-3.4272 4.68299
-3.41268 4.77074
-3.23475 4.66254
-3.22507 4.74472
-3.03433 4.61979
-3.04746 4.53213
-2.91049 4.41602
-2.73599 4.26383
-2.93233 4.34147
-2.73603 4.15802
-2.65076 4.15176
-2.56488 4.12859
-2.59277 4.05045
-2.51909 3.90978
-2.64909 4.00925
-2.60231 3.86286
-2.47057 3.74952
-2.41325 3.59808
-2.5388 3.70645
-2.51712 3.59885
-2.38463 3.51055
-2.30757 3.43777
-2.45992 3.50074
-2.44457 3.42954
-2.31462 3.38025
-2.17899 3.37053
-2.214 3.35411
-2.07134 3.34057
-2.18657 3.33894
-2.03155 3.34034
-1.91012 3.34393
-1.86835 3.36115
-1.69942 3.37473
-1.68764 3.39125
-1.52506 3.43128
-1.65362 3.40081
-1.54214 3.44492
-1.32314 3.47614
-1.31726 3.51315
-1.11695 3.53688
-1.1118 3.55796
-0.909224 3.6104
-0.713692 3.66788
-2.26762 3.42805
-2.2017 3.39979
-2.44792 3.44023
-2.47131 3.39287
-2.11703 3.38211
-2.00653 3.378
-2.13734 3.34695
-2.33538 3.34993
-2.32141 3.36387
-2.4568 3.3936
-2.50704 3.39446
-2.5934 3.40862
-2.57584 3.41864
-2.44438 3.39237
-2.56475 3.44402
-2.68264 3.47575
-2.7092 3.46059
-2.81701 3.53514
-2.87456 3.5223
-2.71137 3.44523
-2.89353 3.51979
-2.68381 3.44558
-2.6576 3.46341
-2.8666 3.52144
-2.82696 3.52967
-2.64063 3.50163
-2.44423 3.46545
-2.53769 3.50758
-2.32486 3.46853
-2.44935 3.52566
-2.3863 3.52478
-2.44185 3.57313
-2.50893 3.62606
-2.58999 3.68373
-2.89722 3.86147
-2.78572 3.80062
-2.68331 3.74306
-2.80049 3.69751
-2.62325 3.63449
-2.77564 3.62051
-2.59021 3.56075
-2.72565 3.54696
-2.93526 3.60655
-2.98286 3.68129
-3.13806 3.70738
-3.18154 3.77104
-2.979 3.7757
-3.12573 3.84329
-3.01474 3.92519
-3.13457 3.98192
-3.30251 3.90183
-3.28599 3.99226
-3.28662 4.03184
-3.4061 4.04492
-3.40807 4.09205
-3.53535 4.13963
-3.69018 4.20493
-3.56842 4.09989
-3.84902 4.28491
-4.01035 4.4129
-4.17472 4.54806
-4.33551 4.62554
-4.18061 4.50139
-4.27148 4.50916
-4.47953 4.60809
-4.35009 4.51705
-4.51382 4.55911
-4.34228 4.46504
-4.16356 4.41071
-4.17638 4.37117
-3.996 4.27052
-4.10058 4.31465
-3.94896 4.22217
-4.09584 4.30978
-3.96354 4.2092
-4.21117 4.33555
-4.31168 4.39654
-4.40645 4.40707
-4.49176 4.44148
-4.24954 4.34322
-4.41632 4.40534
-4.15065 4.30617
-3.99915 4.22753
-3.93678 4.20155
-3.7521 4.10039
-3.76916 4.11668
-3.57673 4.00484
-3.69502 4.08606
-3.52522 3.9716
-3.61645 4.0883
-3.45766 4.00031
-3.56512 4.11218
-3.47408 4.08802
-3.78109 4.15163
-3.35159 3.87276
-3.4009 3.88765
-3.25366 3.78657
-3.29409 3.79419
-3.07919 3.65551
-3.16042 3.76121
-2.97795 3.62468
-3.04142 3.70522
-2.90176 3.62518
-2.76943 3.53154
-2.76517 3.57131
-2.78553 3.65585
-2.67113 3.5831
-2.5906 3.4982
-2.57851 3.55236
-2.68119 3.66168
-2.63168 3.71246
-2.76668 3.80833
-2.68902 3.84689
-2.82674 4.0151
-2.73716 4.00273
-2.56576 3.78178
-2.86765 4.09387
-2.83237 4.12185
-2.75812 4.09663
-2.8704 4.21692
-2.9631 4.21089
-3.05914 4.34278
-3.18311 4.33487
-3.0037 4.14717
-3.24241 4.44622
-3.18706 4.49246
-3.05698 4.48131
-3.22373 4.58629
-3.37846 4.60112
-3.36902 4.46942
-2.6714 3.49781
-3.03392 3.73711
-3.10335 3.62381
-3.0143 3.58256
-3.20674 3.6979
-3.08927 3.64574
-2.93996 3.59075
-2.81882 3.55617
-3.27745 3.76317
-3.33863 3.82658
-3.45818 3.90346
-3.47341 3.93851
-3.47646 3.9672
-3.66617 4.06569
-3.71499 4.14828
-3.44183 3.98894
-3.33253 3.84483
-3.93156 4.27009
-4.11361 4.41598
-3.84547 4.1882
-3.79664 4.13487
-3.6155 4.00299
-3.7779 4.10689
-3.61322 3.9951
-3.7644 4.09328
-3.51354 3.94162
-3.42339 3.86214
-3.30859 3.77181
-3.43934 3.90553
-3.90149 4.18382
-4.0705 4.2681
-4.26 4.34913
-4.49344 4.42982
-4.68662 4.49789
-4.57481 4.46243
-4.69919 4.50647
-4.78727 4.54405
-4.60293 4.50018
-4.90632 4.62014
-4.73464 4.57087
-4.53979 4.51641
-4.69335 4.59896
-4.68182 4.64483
-4.85345 4.66838
-4.8628 4.71401
-4.6695 4.75539
-4.50203 4.69859
-4.80963 4.80013
-4.92262 4.87301
-4.99198 4.85821
-5.0888 4.85982
-5.45735 4.85616
-5.35929 4.81918
-5.2558 4.79461
-5.2438 4.75722
-5.111 4.7117
-5.1401 4.69312
-5.33727 4.78139
-5.20058 4.67972
-5.39279 4.78308
-5.36195 4.74298
-5.09136 4.63204
-4.9309 4.58135
-4.91078 4.5642
-5.02702 4.62412
-5.41512 4.76674
-5.5083 4.82056
-5.54084 4.8304
-5.5738 4.86787
-5.54773 4.90069
-5.69035 4.93113
-5.73085 4.99401
-5.72719 5.03029
-5.80731 5.06008
-5.82079 5.14794
-6.1871 5.88764
-6.24345 6.03369
-6.19986 5.87881
-6.25091 6.00961
-6.24492 5.96115
-6.19057 5.77482
-6.14629 5.68014
-6.12231 5.56284
-6.16714 5.69493
-6.10791 5.51995
-6.04717 5.40049
-6.05032 5.40765
-5.97241 5.25844
-6.00984 5.3387
-6.0816 5.48727
-6.02493 5.44583
-6.10198 5.6708
-5.97178 5.41798
-5.95828 5.31437
-5.89971 5.28961
-5.89058 5.17202
-5.9369 5.22288
-5.85545 5.08141
-5.89578 5.15242
-5.78417 5.01615
-5.87363 5.15173
-5.7536 5.05625
-5.6651 4.9424
-5.65909 4.90817
-5.55392 4.85033
-5.42143 4.81924
-5.53226 4.89818
-5.48738 4.94338
-5.6301 4.9941
-5.593 5.05638
-5.72486 5.10381
-5.8318 5.17434
-5.78695 5.20721
-5.70918 5.19939
-5.81436 5.28696
-5.89811 5.29509
-5.90072 5.43052
-6.01713 5.47821
-5.94293 5.30072
-6.05606 5.47093
-6.13714 5.71443
-6.14788 5.63258
-6.05003 5.41348
-5.97057 5.3016
-6.20893 5.80058
-6.2353 5.88038
-6.25506 5.9903
-6.27366 6.0703
-6.27346 6.14498
-6.30255 6.44665
-6.28728 6.29499
-6.21638 7.5198
-6.22508 7.39218
-6.24174 7.26039
-6.28327 7.05908
-6.28053 7.02997
-6.22464 7.15191
-6.19551 7.42027
-6.1557 7.42628
-6.17463 7.19608
-6.23082 6.97309
-6.15209 7.09471
-6.1216 7.33649
-6.07227 7.36734
-6.06371 7.18236
-6.16754 6.87929
-6.09748 6.84563
-5.97613 7.20391
-5.96916 6.90984
-5.86316 7.26086
-5.8287 7.08553
-5.87941 6.82399
-5.97478 6.6056
-5.83056 6.59108
-5.7169 6.96925
-5.67351 6.69079
-5.7071 6.44972
-5.79523 6.27491
-5.59862 6.17302
-5.53131 6.52317
-5.33983 6.2073
-5.37731 5.89437
-5.56113 5.82915
-5.3789 5.71165
-5.37173 5.53462
-5.62263 5.61232
-5.44738 5.37807
-5.60127 5.41363
-5.49425 5.25109
-5.30854 5.20497
-5.54341 5.1488
-5.67692 5.32989
-5.78976 5.33715
-5.83273 5.48034
-5.94639 5.61156
-5.99546 5.57979
-6.04269 5.73208
-6.07356 5.66721
-6.13015 5.86139
-6.19637 5.91795
-6.23068 5.92579
-6.23001 6.05665
-6.26244 6.11901
-6.26591 6.16261
-6.29622 6.32532
-6.3075 6.4662
-6.3166 6.58252
-6.29654 6.81895
-6.31185 6.6366
-6.26708 6.85304
-6.28187 6.64131
-6.29666 6.51154
-6.2778 6.48787
-6.24554 6.2793
-6.23499 6.518
-6.20031 6.38829
-6.17264 6.27071
-6.16196 6.52256
-6.11865 6.39689
-6.09476 6.21543
-6.13023 6.06129
-6.07555 6.05397
-6.06976 5.90899
-6.19452 6.06915
-6.02068 5.95736
-5.98934 5.79596
-5.94334 5.89599
-6.00691 6.1288
-5.86266 6.04675
-5.81389 5.7705
-5.89197 5.67834
-5.74728 5.54104
-5.73027 5.86021
-5.72499 6.04001
-5.93489 6.33904
-6.04328 6.38187
-6.07531 6.60697
-6.18817 6.68238
-6.22904 6.70052
-6.25578 6.64685
-6.2192 6.83333
-6.2661 6.78048
-5.27161 5.3137
-5.0565 6.12766
-5.18784 6.4143
-5.36522 6.50375
-5.25228 6.67623
-5.39778 6.71406
-5.48207 6.942
-5.26647 6.93337
-5.17969 7.3175
-5.40519 7.28859
-5.56112 7.13797
-5.61753 7.23411
-5.69487 7.33529
-5.78982 7.30225
-5.73278 7.58999
-5.85234 7.54658
-5.71665 7.93039
-5.82475 7.80507
-5.94287 7.5296
-5.85364 7.9137
-5.98097 7.6639
-6.02506 7.42914
-6.06652 7.55474
-5.98487 7.81041
-6.0687 7.70461
-6.10947 7.49037
-6.12982 7.66954
-6.01179 8.00049
-5.93441 8.08597
-5.93961 8.18314
-5.88959 8.29214
-5.83942 8.35253
-5.82036 8.31777
-5.87241 8.07875
-5.72481 8.47154
-5.73951 8.2862
-5.60677 8.65365
-5.6178 8.46049
-5.459 8.84268
-5.50338 8.55755
-5.336 8.89998
-5.38513 8.6093
-5.56323 8.25043
-5.46743 8.32359
-5.54903 8.11384
-5.46168 8.17607
-5.58165 7.87987
-5.45831 8.01184
-5.3224 8.26831
-5.38878 7.99478
-5.5218 7.75243
-5.36532 7.81036
-5.54173 7.48862
-5.60025 7.52948
-5.63857 7.6043
-5.63553 7.94761
-5.39443 7.53041
-5.21646 7.78184
-5.25211 7.53337
-5.51437 7.32129
-5.04013 7.76293
-5.04824 8.04902
-4.83293 8.12314
-4.90721 8.33261
-4.72699 8.41624
-4.61248 8.31521
-4.6522 8.06727
-4.4399 8.23998
-4.43351 8.50348
-4.249 8.4936
-4.22332 8.23643
-4.38179 8.03411
-4.22095 7.94181
-4.48461 7.71254
-4.52914 7.98317
-4.68688 7.81785
-4.73645 7.5777
-4.89975 7.62633
-4.91285 7.35422
-4.67609 7.32325
-4.87805 7.13874
-4.74747 6.98412
-4.55413 7.08358
-4.5756 6.75252
-4.83479 6.67137
-4.9623 6.90067
-5.06064 6.64575
-5.13615 6.85054
-5.06488 7.0881
-4.94764 6.37965
-4.70094 6.39694
-4.8101 6.10744
-4.601 6.13988
-4.44396 6.42384
-4.42522 6.03184
-4.2132 6.26154
-4.03744 6.01323
-3.9519 6.55918
-4.22434 6.73609
-4.02749 6.99624
-4.19834 7.18938
-4.38736 6.97554
-4.41226 7.32733
-4.21379 7.58726
-3.95646 7.44456
-4.02059 7.82165
-3.99433 8.16913
-3.85267 7.95179
-3.89789 7.74525
-3.7737 7.70734
-3.71526 7.3784
-3.83312 7.03244
-3.63044 7.01981
-3.51962 7.3695
-3.41756 7.07362
-3.36648 7.4096
-3.19984 7.3299
-3.28161 7.61532
-3.31264 7.92683
-3.42367 7.64695
-3.4872 7.88038
-3.46768 8.15128
-3.29117 8.29544
-3.44613 8.46667
-3.28537 8.58033
-3.10533 8.51092
-2.99824 8.78973
-2.9684 8.34018
-3.12079 8.14327
-3.6079 8.61539
-3.62586 8.32329
-3.80464 8.46939
-3.78495 8.19255
-4.03428 8.48278
-3.85961 8.74703
-4.07526 8.7334
-4.27239 8.73291
-4.09731 8.99819
-3.93979 8.92564
-3.87866 9.13968
-3.78807 8.99317
-3.64249 8.89184
-3.72754 8.68791
-3.81919 9.37078
-4.00469 9.29688
-3.90168 9.54909
-4.13517 9.52806
-4.18732 9.19513
-4.37302 9.20279
-4.32292 8.95437
-4.52046 8.88616
-4.45996 8.70671
-4.63001 8.63983
-4.57135 8.51837
-4.78863 8.5474
-4.72033 8.76547
-4.9326 8.56423
-5.08126 8.25885
-5.13412 8.43103
-5.25061 8.13222
-5.15456 8.64234
-5.34419 8.46223
-5.22185 8.74642
-5.17783 9.00997
-5.03826 9.0147
-4.97681 9.322
-4.86213 9.32578
-4.81406 9.17138
-4.68664 9.51259
-4.62638 9.38962
-4.67554 9.17747
-4.82576 8.90002
-4.60382 9.04982
-4.4891 9.37454
-4.32959 9.43486
-4.30682 9.6322
-4.47082 9.70886
-4.23969 9.93987
-4.32569 10.1812
-4.5771 9.86157
-4.78084 9.59741
-4.70921 9.92106
-4.88158 9.61336
-5.01935 9.4449
-5.08049 9.24901
-5.16588 9.23967
-5.29396 9.13204
-5.14187 9.45581
-5.33134 9.20912
-5.48517 8.95795
-5.41324 9.1858
-5.58188 8.87403
-5.43652 9.21949
-5.58341 8.98525
-5.74004 8.6076
-5.71674 8.7451
-5.81471 8.47362
-5.87818 8.38383
-5.69692 8.8912
-5.83147 8.58822
-5.96716 8.29181
-5.99313 8.1018
-6.05913 8.05597
-6.09379 7.85945
-6.13374 7.89201
-6.17778 7.58377
-6.16533 7.73371
-6.19277 7.62515
-3.73742 12.0316
-3.54926 12.2184
-3.67462 12.0082
-3.8461 11.8779
-3.87617 11.7925
-4.02036 11.7079
-4.13562 11.5534
-4.03014 11.6023
-3.80511 11.7643
-4.0667 11.4939
-3.87706 11.6113
-4.07576 11.3899
-3.93452 11.441
-4.12543 11.2549
-4.21251 11.2294
-4.26185 11.1392
-4.35298 11.0768
-4.32695 10.9891
-4.2009 11.1169
-4.21392 10.9949
-4.05447 11.2384
-3.98974 11.1537
-3.80034 11.4526
-3.73599 11.3595
-3.84903 11.1266
-4.02427 10.9784
-3.95288 10.9053
-4.12574 10.7866
-4.16586 10.8979
-4.29257 10.6755
-4.31718 10.79
-4.46944 10.5651
-4.41047 10.7972
-4.59249 10.5864
-4.67118 10.3384
-4.57911 10.2693
-4.4085 10.4391
-4.48896 10.1801
-4.73657 10.0861
-4.92394 9.74877
-4.83425 10.085
-5.01186 9.81736
-5.20056 9.51859
-5.11819 9.76389
-5.28451 9.47194
-5.31001 9.35133
-5.18492 9.76346
-5.32834 9.47756
-5.43524 9.32256
-5.29537 9.59655
-5.37226 9.52896
-5.56413 9.13513
-5.48556 9.36602
-5.5685 9.22574
-5.67164 8.98932
-5.74077 8.80545
-5.72013 8.88328
-5.62793 9.14005
-5.64719 9.07325
-5.49924 9.38256
-5.58337 9.17949
-5.53359 9.27749
-5.45 9.53425
-5.26371 9.83494
-5.37571 9.68696
-5.40603 9.60367
-5.1859 10.0263
-5.12733 10.1483
-5.00046 10.4108
-4.92445 10.5411
-5.77583 8.83449
-5.70085 8.96138
-5.82435 8.70464
-5.79999 8.73748
-5.88763 8.57059
-5.8437 8.61454
-5.89312 8.47086
-5.94863 8.41199
-6.02448 8.15559
-5.98414 8.30134
-6.05274 8.05951
-5.8058 8.68358
-4.10513 11.6898
-3.92812 11.8614
-4.2656 11.5096
-4.38704 11.364
-4.36337 11.3146
-4.23609 11.3785
-4.42225 11.178
-4.38719 11.1525
-4.22808 11.3402
-4.21451 11.2794
-4.52927 10.901
-4.49265 10.8295
-4.70175 10.6001
-4.67218 10.7422
-4.90474 10.3952
-4.86545 10.3247
-4.78463 10.3255
-4.92467 10.1417
-4.89821 10.0843
-4.99553 9.97203
-5.04433 9.96105
-5.00477 10.0898
-5.16292 9.9179
-5.05617 10.2
-5.26175 9.8249
-5.10737 10.1389
-4.97776 10.3954
-4.8911 10.5188
-4.82838 10.6828
-4.79097 10.7262
-4.75878 10.7029
-4.66803 10.9257
-4.61248 10.9045
-4.54859 10.964
-4.50449 11.0571
-4.53818 11.0281
-4.59986 11.0271
-4.77299 10.7841
-4.8497 10.6719
-4.88972 10.6033
-4.90255 10.5707
-4.88267 10.6032
-5.06398 10.2705
-5.06307 10.2586
-4.87822 10.6222
-4.50853 11.2017
-5.40783 9.57447
-5.49884 9.38373
-5.05823 9.47316
-4.36505 10.3456
-4.23723 10.5286
-4.08612 10.507
-4.08562 10.2568
-3.89131 10.5404
-3.88592 10.279
-4.05239 10.0136
-3.86665 9.98753
-4.04067 9.78471
-4.16304 9.78716
-4.05435 9.67799
-3.9678 9.7161
-3.80402 9.78041
-3.59526 10.0396
-3.68934 10.2868
-3.51984 10.3546
-3.3749 10.3471
-3.33261 10.1206
-3.15253 10.4247
-3.16177 10.1942
-3.06428 10.1342
-2.98462 10.3839
-2.86718 10.2731
-2.74754 10.5696
-2.84446 10.7547
-3.08076 10.6746
-3.2368 10.5547
-3.17363 10.7353
-3.36823 10.5998
-3.19404 10.9388
-3.48213 10.7467
-3.55421 10.508
-3.69885 10.5396
-3.66438 10.833
-3.90553 10.7681
-3.72699 11.0496
-4.06408 10.7077
-3.51709 11.1065
-3.37736 11.0379
-3.26566 11.3517
-3.09595 11.2629
-3.03538 11.4656
-2.8871 11.686
-3.07677 11.5334
-3.07343 11.6624
-3.3511 11.5163
-3.50447 11.2624
-3.6187 11.3057
-3.50455 11.5412
-3.60537 11.5685
-3.38419 11.7808
-3.30017 11.7172
-3.11429 11.9523
-3.13396 11.7883
-3.00996 11.9537
-2.9355 11.9199
-2.86418 12.1269
-2.72119 12.0979
-2.5691 12.386
-2.78483 12.3302
-2.96365 12.1762
-3.17325 12.0619
-2.9817 12.335
-3.25829 12.13
-3.42443 11.9
-3.57588 11.6848
-3.6776 11.6961
-3.49102 11.9446
-3.68426 11.8077
-3.5782 11.9437
-3.5869 12.0054
-3.38637 12.1242
-3.30502 12.2476
-3.17635 12.2858
-3.1031 12.368
-2.95139 12.492
-2.72434 12.6288
-2.67225 12.5063
-2.53094 12.6762
-2.4126 12.6442
-2.36701 12.7822
-2.32084 12.5861
-2.34006 12.4166
-2.52582 12.2123
-2.38061 12.2398
-2.54091 12.0573
-2.65808 12.032
-2.82974 11.8815
-2.70779 11.8978
-2.48437 12.8259
-2.49329 12.9997
-2.58752 12.8964
-2.85489 12.6578
-2.78944 12.8131
-2.98522 12.6473
-3.09652 12.472
-3.18465 12.5823
-3.32685 12.3435
-3.48552 12.1616
-3.3586 12.3945
-3.00277 12.712
-2.39927 13.1037
-2.28695 13.134
-2.17212 13.1872
-2.04711 13.2318
-1.93447 13.2798
-1.83996 13.2906
-1.94408 13.205
-2.06554 13.1394
-1.68437 13.403
-1.60542 13.4977
-2.96853 10.9242
-2.55651 11.0358
-2.56394 10.8553
-2.37517 10.9216
-2.51622 10.7068
-2.65206 10.4663
-4.97905 8.88411
-5.0057 8.68381
-5.1951 8.01045
-3.65185 7.99141
-3.59231 7.66888
-3.26052 6.93818
-3.1278 7.05577
-3.01169 7.25291
-3.01386 6.90618
-3.16 6.82745
-3.1435 6.58938
-2.99335 6.54187
-3.16762 6.26086
-3.02239 6.1623
-2.87566 6.02603
-3.0766 5.79703
-3.14292 5.51905
-3.08203 5.26211
-3.34062 5.37953
-3.24239 5.62772
-3.40396 5.6429
-3.21622 5.90419
-3.36187 6.03999
-3.26737 6.3691
-3.3986 6.35951
-3.26906 6.6299
-3.4061 6.69142
-3.55142 6.40648
-3.5385 6.06487
-3.703 6.11431
-3.68538 5.77337
-3.5229 5.78652
-3.60036 5.52673
-3.49595 5.42186
-3.87957 5.82416
-3.85395 6.19225
-3.71472 6.50135
-3.75171 6.77237
-3.65792 6.75758
-3.55899 6.7409
-4.00852 5.76684
-4.39979 6.72213
-4.82372 7.88499
-5.63119 8.26597
-5.73198 8.11252
-6.03988 5.5444
-6.16031 5.79652
-5.00186 4.69248
-4.83913 4.62863
-5.03605 4.74065
-5.15261 4.83446
-5.18216 4.85571
-1.86798 3.39618
-1.70328 3.42929
-1.51733 3.47045
-3.54026 4.86612
-3.69062 4.90913
-3.85179 4.88893
-4.01378 4.9734
-4.04135 4.87108
-3.87353 4.79739
-4.05575 4.78468
-4.07071 4.70726
-4.09286 4.6549
-4.00753 4.60268
-4.24197 4.61052
-4.08162 4.53666
-3.79307 4.45362
-3.65571 4.43387
-3.57845 4.37651
-3.69888 4.36654
-3.48861 4.28542
-3.52358 4.25821
-3.36908 4.19825
-3.37953 4.19324
-3.33307 4.16744
-3.24426 4.08526
-3.29432 4.14827
-3.40306 4.24321
-3.39213 4.20868
-3.24286 4.07841
-3.25759 4.01741
-3.15078 3.95822
-3.19605 4.06731
-3.4608 4.22552
-3.51758 4.28245
-3.50046 4.29544
-3.59601 4.33427
-3.63108 4.32032
-3.55883 4.25363
-3.73441 4.3663
-3.86605 4.41627
-3.95214 4.39485
-4.05541 4.40693
-4.00002 4.42765
-4.12543 4.44253
-3.97037 4.44788
-4.19024 4.45687
-4.34432 4.45764
-4.22664 4.44459
-4.11332 4.41863
-4.24751 4.42256
-4.04128 4.4009
-4.28661 4.47601
-4.44188 4.50464
-4.68533 4.56926
-4.49432 4.55181
-4.6649 4.57357
-4.38854 4.55031
-4.67834 4.60722
-4.87592 4.5939
-4.79857 4.60441
-4.90281 4.60891
-5.06657 4.62295
-5.0029 4.64229
-4.91389 4.68573
-4.69904 4.6577
-4.47257 4.61239
-4.34157 4.5758
-4.28202 4.58248
-4.16367 4.52639
-4.1112 4.46527
-3.94391 4.46364
-3.88856 4.39197
-3.76068 4.35359
-3.80305 4.36942
-3.67167 4.32027
-3.67061 4.35325
-3.72921 4.38583
-3.61331 4.34748
-3.60528 4.35882
-3.73797 4.40283
-3.82827 4.40609
-3.88715 4.40854
-3.99927 4.39742
-3.51639 4.31109
-3.57028 4.30779
-3.44427 4.259
-4.57101 4.6709
-4.47771 4.70006
-4.306 4.72251
-4.55427 4.77941
-4.68524 4.75452
-4.78444 4.83931
-4.88677 4.78976
-4.81175 4.72102
-4.94583 4.92906
-4.72727 4.91649
-4.61257 4.84224
-4.52846 4.89354
-4.62752 5.01579
-4.86147 5.01412
-4.59435 5.21011
-4.38091 5.05172
-4.30209 5.19275
-4.16839 5.0642
-4.11564 5.17851
-3.98652 5.10155
-4.20636 4.95257
-4.42145 5.36846
-4.38958 4.93404
-4.22418 4.85605
-4.36856 4.85342
-4.4384 4.81226
-4.2474 4.78727
-4.6571 5.41164
-2.90017 4.89416
-2.12846 3.8965
-1.86256 3.47022
-1.8986 9.87732
-1.26515 5.41046
-0.967977 5.5611
1.07961 12.7721
1.02213 12.7321
0.955585 12.8878
0.876108 12.7789
0.853673 13.034
0.718159 12.7287
0.15058 8.33957
0.310056 6.49376
0.0976496 6.40289
0.255084 6.21533
0.298662 5.92054
0.140976 6.07199
0.35066 5.53331
1.78916 6.58527
1.71051 6.61528
1.68115 6.67424
1.62754 6.45682
0.787751 4.69907
0.89877 4.77305
0.775339 4.65509
0.206575 4.14004
0.0736065 4.0052
0.0753469 4.03485
