-6.13374 7.89201
-5.94863 8.41199
-5.88763 8.57059
-5.77583 8.83449
-5.45 9.53425
-5.37571 9.68696
-5.00046 10.4108
-4.88972 10.6033
-4.8497 10.6719
-4.50853 11.2017
-4.38704 11.364
-4.2656 11.5096
-4.10513 11.6898
-3.18465 12.5823
-3.00277 12.712
-2.39927 13.1037
-1.60542 13.4977
-1.35254 13.5895
-1.2134 13.636
-0.339802 13.7785
-0.173868 13.7904
0.0121536 13.7293
0.189711 13.631
0.69625 13.269
0.767046 13.1853
1.18406 12.6493
1.2461 12.5256
1.46666 11.7444
1.77747 10.1204
1.79706 9.99342
1.7929 6.55398
1.74742 6.20435
1.71687 6.0083
1.65361 5.82646
1.52608 5.49833
1.49769 5.44143
1.34116 5.21409
1.25398 5.09807
0.237438 4.10749
0.147758 4.03004
-0.0419703 3.87782
-0.186547 3.77127
-0.271201 3.7239
-0.395175 3.67983
-1.69942 3.37473
-1.91012 3.34393
-2.03155 3.34034
-2.18657 3.33894
-2.33538 3.34993
-2.5934 3.40862
-2.71137 3.44523
-2.89353 3.51979
-5.22413 4.66523
-5.39807 4.75566
-5.54084 4.8304
-5.65909 4.90817
-5.69035 4.93113
-5.78417 5.01615
-5.85545 5.08141
-5.97241 5.25844
-6.04717 5.40049
-6.10791 5.51995
-6.20893 5.80058
-6.2353 5.88038
-6.27366 6.0703
-6.29622 6.32532
-6.3075 6.4662
-6.3166 6.58252
-6.28327 7.05908
-6.21638 7.5198
