-4.87889 -0.0845507
-4.83195 0.455055
-4.77841 0.582479
-4.43288 1.25718
-3.01683 4.02118
-2.40841 4.96009
-2.26894 5.13228
-2.11324 5.29207
-1.92449 5.38122
-1.51384 5.54555
-1.29569 5.54177
-1.07723 5.52446
0.20382 4.82826
0.411021 4.70225
0.588411 4.54207
0.760686 4.38131
0.922643 4.2148
1.70304 3.28996
1.98517 2.86356
2.05563 2.72443
2.12313 2.58061
2.18435 2.42746
2.30018 2.08684
2.36138 1.89901
2.41544 1.69801
2.70626 0.554895
2.84672 -0.225616
2.88254 -0.46675
2.92345 -0.922983
2.92088 -1.03945
2.83224 -1.47365
2.72408 -1.87376
2.56436 -2.2378
2.28356 -2.68922
2.03642 -2.97148
1.87961 -3.14217
1.81427 -3.20427
1.6029 -3.38892
1.36724 -3.55182
0.90815 -3.78959
0.66243 -3.89713
0.597007 -3.9239
0.452221 -3.97133
0.373671 -3.99137
0.321065 -3.99451
0.318027 -3.99461
0.195074 -3.99287
-0.00348091 -3.98409
-0.113984 -3.97259
-1.86297 -3.43054
-2.36049 -3.20123
-2.52109 -3.11597
-2.70836 -3.01549
-2.91341 -2.87114
-3.25608 -2.60657
-3.46636 -2.41321
-4.1751 -1.71013
-4.24252 -1.64308
-4.34691 -1.50916
-4.46916 -1.33198
-4.71859 -0.910095
-4.77631 -0.740757
-4.85821 -0.412066
-4.88797 -0.234909
