-3.66402 -1.51876
-3.62134 -1.25851
-3.53434 -0.785868
-3.47653 -0.571353
-3.22491 0.241299
-2.71182 1.08996
-2.35634 1.39557
-1.84501 1.783
-1.67047 1.90716
-1.47831 2.00179
-1.32922 2.05962
-0.247041 2.4278
0.00110769 2.4568
0.236738 2.48194
0.456583 2.4874
1.14052 2.40818
1.35597 2.35956
1.5663 2.29437
1.77458 2.21902
2.30968 1.98568
2.86147 1.28404
3.16354 0.694385
3.22412 0.546132
3.47478 -0.0979806
3.59246 -0.546046
3.61138 -0.634898
3.67442 -0.96074
3.76682 -1.56763
3.79227 -1.82144
3.80235 -3.66145
3.7653 -4.42965
3.74163 -4.783
3.73155 -4.91683
3.72783 -4.96307
3.71168 -5.147
3.6642 -5.38588
3.5998 -5.58674
3.46362 -5.95905
3.38905 -6.10676
3.28733 -6.24722
3.18057 -6.35522
3.06075 -6.4568
2.97055 -6.52225
2.80558 -6.62451
2.71255 -6.67607
2.58099 -6.74244
2.27378 -6.81356
1.86569 -6.87598
1.00739 -6.98465
0.282086 -7.05201
-0.253549 -7.05051
-0.576338 -7.04453
-2.19557 -6.98151
-2.78341 -6.95437
-3.12904 -6.90822
-3.43984 -6.81943
-3.51468 -6.79258
-3.65597 -6.7286
-3.72998 -6.63164
-3.75158 -6.56907
-3.77529 -6.49359
-3.92063 -5.17374
-3.9153 -5.05112
