3.98147 -3.20582
3.96112 -3.45437
3.97723 -3.3287
3.96062 -3.16456
3.84626 -3.36399
3.88467 -3.07882
3.94672 -2.80236
3.77821 -2.98351
3.81669 -2.49029
3.67893 -2.60637
3.63735 -2.8718
3.55483 -2.51768
3.67003 -2.23287
3.53183 -2.16602
3.47029 -2.37672
3.40558 -2.25651
3.44291 -2.59312
3.33471 -2.46084
3.30962 -2.24471
3.36237 -1.96366
3.24986 -1.99365
3.21443 -2.50987
3.13638 -2.11541
3.15067 -1.66773
3.00312 -1.98751
3.04608 -2.40009
2.9026 -2.33187
2.93727 -2.68943
2.74919 -2.65583
2.86441 -2.97181
2.73552 -3.17899
2.58119 -2.89876
2.58961 -3.20297
2.4342 -3.18864
2.60363 -3.5005
2.47108 -3.51801
2.36523 -3.51542
2.45875 -3.83681
2.18816 -3.69695
2.24699 -3.32897
2.06927 -3.32468
1.92966 -3.65942
1.98063 -4.04123
1.74473 -3.98247
1.78747 -4.34137
1.58779 -4.27504
1.58536 -4.60361
1.34621 -4.45472
1.48733 -3.94762
1.14339 -4.12319
1.1112 -4.51177
0.975849 -4.43907
0.864755 -4.28306
0.93204 -3.99501
0.713443 -4.11488
0.612973 -4.45729
0.468361 -4.27281
0.422376 -4.48708
0.205731 -4.4853
0.399778 -4.70697
0.0984249 -4.84015
-0.195702 -4.62308
-0.033967 -4.24593
-0.329459 -4.40553
-0.454683 -4.55177
-0.613632 -4.38925
-0.34666 -4.18127
-0.633907 -4.0812
-0.340831 -3.89441
-0.607718 -3.76375
-0.406998 -3.70459
-0.479321 -3.46644
-0.206739 -3.61385
-0.256218 -3.38352
-0.372266 -3.28212
-0.479702 -3.2551
-0.428397 -3.06258
-0.216621 -3.16343
-0.284697 -2.93879
-0.429466 -2.68322
-0.568125 -2.88837
-0.634138 -3.1517
-0.736279 -2.80635
-0.595539 -2.72713
-0.63867 -2.53155
-0.84798 -2.44917
-0.993118 -2.82973
-0.846322 -3.08435
-0.989644 -3.16625
-1.11303 -3.0999
-1.10749 -3.37584
-1.25759 -3.25501
-1.18986 -2.88983
-1.34412 -3.06487
-1.38663 -3.31701
-1.457 -3.23282
-1.4484 -2.99612
-1.58447 -3.302
-1.54717 -2.95903
-1.43023 -2.72643
-1.54149 -2.68599
-1.40782 -2.47272
-1.50077 -2.39347
-1.37242 -2.21314
-1.42681 -2.1774
-1.49284 -2.14263
-1.58422 -2.38101
-1.67812 -2.68089
-1.6545 -2.4286
-1.59832 -2.25647
-1.67333 -2.28413
-1.73048 -2.54016
-1.76588 -2.40679
-1.79447 -2.62174
-1.93706 -3.41675
-1.93244 -3.26802
-1.9174 -3.12695
-1.79355 -2.82296
-1.84437 -2.96113
-1.75469 -3.02871
-1.64488 -2.8967
-1.68789 -3.13344
-1.77821 -3.2655
-1.84672 -3.24938
-1.85954 -3.54858
-1.94121 -3.57236
-1.96673 -3.72313
-1.99383 -4.36901
-2.00638 -4.21972
-2.01291 -4.07247
-1.99881 -3.95476
-1.97325 -3.84131
-1.97402 -3.96011
-1.92911 -3.84432
-1.96003 -4.08681
-1.84529 -3.90481
-1.72779 -3.60039
-1.73366 -3.36868
-1.61158 -3.61832
-1.6909 -3.86779
-1.58255 -3.79277
-1.49755 -3.51977
-1.47536 -3.85401
-1.36882 -3.5442
-1.32439 -3.79977
-1.24406 -3.54307
-1.12741 -3.75487
-0.842913 -3.46354
-0.887922 -3.91147
-1.10213 -4.09099
-0.926204 -4.28606
-1.18517 -4.37289
-1.29692 -4.10135
-1.37199 -4.44183
-1.48471 -4.21238
-1.51049 -4.50325
-1.64058 -4.43574
-1.63265 -4.09483
-1.70612 -4.29652
-1.81673 -4.4326
-1.72268 -4.67361
-1.84886 -4.688
-1.99316 -4.54
-1.91358 -4.79928
-2.00458 -4.67011
-1.95638 -4.89702
-2.03313 -4.80063
-2.04163 -4.94599
-1.93558 -5.06858
-1.86822 -5.04958
-1.79935 -5.17485
-1.88854 -5.20678
-1.72979 -5.31847
-1.84096 -5.27432
-1.74095 -5.36229
-1.60118 -5.41791
-1.46819 -5.39893
-1.43515 -5.47807
-1.26776 -5.4835
-1.23032 -5.52266
-1.05599 -5.51426
-1.08988 -5.46285
-1.25223 -5.42739
-1.11998 -5.41817
-1.27628 -5.35783
-1.01712 -5.3765
-0.930482 -5.44657
-0.714118 -5.41653
-0.84037 -5.28994
-1.17045 -5.27231
-1.06957 -5.1314
-0.746692 -5.16617
-0.857303 -5.00266
-1.11675 -4.95579
-1.02001 -4.85097
-0.76179 -4.79237
-1.01032 -4.70692
-1.23964 -4.72363
-1.06283 -4.54158
-0.85569 -4.56231
-0.646245 -4.60783
-0.481762 -4.70798
-0.476435 -4.85833
-0.340424 -4.77673
-0.236461 -4.89834
-0.434513 -4.98104
-0.6243 -4.95257
-0.561798 -5.08406
-0.301064 -5.07953
-0.400995 -5.18619
-0.168161 -5.21035
-0.0438118 -5.06858
0.215639 -5.07319
0.326247 -4.93608
0.40764 -5.05912
0.503386 -4.91941
0.627832 -4.73863
0.802836 -4.5727
0.783326 -4.79211
0.94726 -4.69532
0.863231 -4.98398
1.12853 -4.8065
1.05465 -5.02625
1.02123 -5.21412
0.688578 -5.21489
0.588474 -5.06912
0.674064 -4.91623
0.391911 -5.21376
0.508852 -5.36083
0.748864 -5.3466
0.636985 -5.45485
0.887403 -5.40844
1.0938 -5.37467
1.29494 -5.29793
1.34771 -5.09943
1.18854 -5.01908
1.36635 -4.83665
1.5903 -4.91895
1.83075 -4.69462
1.80036 -4.97392
1.99991 -4.86895
2.05053 -4.65047
2.01084 -4.40407
2.17745 -4.4887
2.23259 -4.16194
2.34871 -4.4536
2.44755 -4.2178
2.63038 -4.17894
2.67572 -3.85799
2.82342 -3.64659
2.91972 -3.28822
3.01475 -3.60342
3.04525 -3.27208
2.99325 -3.00021
3.13914 -3.01247
3.06225 -2.72758
3.28529 -2.91477
3.2526 -3.22324
3.14199 -3.44163
3.23501 -3.57622
3.14087 -3.73304
3.09865 -3.6711
3.06567 -3.8892
2.94187 -3.95162
2.9975 -4.19835
2.88653 -4.22361
2.80037 -4.05137
2.76871 -4.34298
2.87226 -4.48137
2.71443 -4.58307
2.75621 -4.74852
2.89355 -4.71056
3.04797 -4.4379
3.1082 -4.09291
3.19419 -4.14657
3.17721 -3.88898
3.28955 -3.83817
3.32356 -3.58428
3.33932 -3.33025
3.37095 -3.58782
3.41482 -3.28357
3.47809 -3.41477
3.47192 -3.12954
3.39091 -2.98084
3.51856 -2.86249
3.33927 -2.69163
3.32833 -3.10448
3.53936 -3.12833
3.62964 -3.14803
3.57276 -3.35283
3.68771 -3.38317
3.68892 -3.65261
3.77514 -3.6977
3.89827 -3.60859
3.77663 -3.90555
3.90282 -3.74957
3.93924 -3.60515
3.52959 -4.5517
3.44295 -4.66088
3.476 -4.67569
3.36776 -4.80091
3.43688 -4.7178
3.54103 -4.56384
3.5379 -4.56357
3.4389 -4.69416
3.52521 -4.54136
3.44421 -4.63004
3.32259 -4.80892
3.29787 -4.78367
3.2091 -4.96167
3.13906 -5.01796
3.18156 -4.88482
3.32359 -4.65694
3.22092 -4.72734
3.04727 -4.92342
3.13918 -4.70818
3.01018 -4.8247
3.09174 -4.61814
2.99023 -4.71734
3.18857 -4.38644
3.19943 -4.53586
3.29035 -4.33956
3.2784 -4.52797
3.38119 -4.2901
3.3786 -4.42223
3.49538 -4.24474
3.43379 -4.43656
3.62269 -4.20285
3.47978 -4.48766
3.66459 -4.23979
3.75752 -4.03344
3.63908 -3.95152
3.7796 -4.05411
3.71247 -4.21486
3.83586 -3.93877
3.67171 -4.30118
3.75583 -4.12201
3.62652 -4.40721
3.62935 -4.40015
3.57783 -4.42003
3.59108 -4.41638
3.32962 -4.56587
3.49913 -4.07401
3.57732 -3.87211
3.55602 -3.63804
3.49319 -3.90047
3.4135 -3.75743
3.38889 -4.06853
3.35093 -3.8877
3.29249 -4.12842
2.86983 -4.8976
2.90725 -4.97774
2.77342 -5.0654
2.84466 -5.12356
2.99259 -5.10394
2.78356 -5.23526
2.68575 -5.24042
2.63174 -5.19096
2.55057 -5.29524
2.38597 -5.30415
2.50552 -5.1303
2.6484 -5.1014
2.71198 -5.01621
2.64397 -4.94017
2.78032 -4.87743
2.56657 -4.79939
2.50534 -4.98957
2.42095 -4.94999
2.38617 -4.83694
2.24519 -4.98696
2.3756 -5.07759
2.208 -5.16227
2.33953 -5.16633
2.2681 -5.25604
2.04206 -5.29095
2.11501 -5.38696
2.20714 -5.43533
2.43641 -5.38645
2.24194 -5.47597
2.49969 -5.42831
2.55926 -5.37273
2.68768 -5.33764
2.76611 -5.34346
2.87047 -5.25121
2.93467 -5.23581
3.02236 -5.1732
3.07785 -5.14012
2.93223 -5.26421
3.04038 -5.16547
3.15084 -5.05168
3.25791 -4.93919
3.22856 -4.98316
3.33985 -4.84584
3.33027 -4.8632
3.24825 -4.9455
3.28501 -4.88074
3.36587 -4.75516
3.26675 -4.829
-0.357513 -4.98147
-0.572882 -4.93669
-0.656507 -5.06945
-0.521443 -5.21535
-0.250227 -5.18393
-0.334738 -5.34102
-0.0570974 -5.34563
-0.0159826 -5.1983
0.0825853 -5.28976
0.119049 -5.20796
0.210488 -5.29415
0.244712 -5.16017
0.335386 -5.31187
0.383665 -5.28924
0.515811 -5.41493
0.644156 -5.39924
0.774718 -5.37459
0.910266 -5.35074
1.05394 -5.32569
0.9072 -5.37568
0.89397 -5.45254
0.69958 -5.46634
0.786717 -5.56496
0.58535 -5.58057
0.412274 -5.5002
0.317939 -5.39819
0.271512 -5.48084
0.157325 -5.38813
0.115144 -5.51856
-0.131479 -5.47739
0.0030365 -5.54404
0.0877113 -5.58692
0.271626 -5.63009
0.103012 -5.62941
0.258313 -5.66774
0.448208 -5.67948
0.347658 -5.70829
0.551153 -5.72953
0.675236 -5.73467
0.7643 -5.735
0.951504 -5.6853
0.924888 -5.74028
0.679487 -5.76616
0.845466 -5.78013
0.589271 -5.77808
0.367232 -5.7395
0.380477 -5.76915
0.167835 -5.71077
0.275428 -5.74117
0.520168 -5.77442
0.470463 -5.74993
0.678079 -5.76064
0.576277 -5.72945
0.86114 -5.73024
0.702123 -5.70898
0.926723 -5.69357
0.733274 -5.6836
0.444978 -5.71036
0.563354 -5.6652
0.318971 -5.65646
0.436008 -5.61778
0.65454 -5.61101
0.532995 -5.55268
0.785083 -5.53397
0.357674 -5.48252
0.342336 -5.57036
0.171119 -5.5391
0.0955467 -5.46082
0.227981 -5.36395
-0.0810652 -5.35841
-0.0572109 -5.45045
-0.195838 -5.43018
-0.347248 -5.34978
-0.421289 -5.41964
-0.569675 -5.34538
-0.460199 -5.48335
-0.72822 -5.47713
-0.64034 -5.5112
-0.350804 -5.56605
-0.151066 -5.56208
-0.061861 -5.63519
-0.138856 -5.64934
0.0524664 -5.67746
0.171259 -5.67281
0.214935 -5.71125
0.341863 -5.7265
0.115908 -5.70144
-0.00441933 -5.68313
-0.282181 -5.63491
-0.114978 -5.64673
-0.438706 -5.56874
-0.349319 -5.5651
-0.180233 -5.60396
0.106126 -5.66227
-0.0484171 -5.60298
-0.200405 -5.53008
-0.0395508 -5.57454
-0.366876 -5.43641
-0.532086 -5.39416
-0.506386 -5.32157
-0.652149 -5.34734
-0.76409 -5.22805
-0.878538 -5.33033
-0.77916 -5.44959
-1.06429 -5.36849
-1.02548 -5.46243
-0.774736 -5.48539
-0.583574 -5.45687
-0.662612 -5.47031
-0.715861 -5.48008
-0.901733 -5.5057
-0.791325 -5.50209
-0.577004 -5.50247
-0.730064 -5.53596
-1.01723 -5.53792
-0.933733 -5.53248
-0.773514 -5.54011
-0.539324 -5.56969
-0.590612 -5.54929
-0.828458 -5.5323
-0.881131 -5.48583
-0.998393 -5.5363
-0.386164 -5.58748
-1.12553 -5.52592
-1.26276 -5.51771
-1.26652 -5.52324
-1.25642 -5.48982
-1.09232 -5.47689
-1.24572 -5.4725
-1.28618 -5.39855
-1.39306 -5.43647
-1.38895 -5.47442
-1.48928 -5.488
-1.5178 -5.44539
-1.67396 -5.39745
-1.7227 -5.39109
-1.58406 -5.46952
-1.98462 -5.14876
-1.87062 -5.2308
-1.92909 -5.19468
-1.69626 -5.23271
-1.61088 -5.22026
-1.61915 -5.28898
-1.52037 -5.20814
-1.41153 -5.17115
-0.979777 -5.01555
-1.14209 -5.06823
-1.28408 -5.11813
-1.08816 -5.1308
-1.09688 -5.2607
-0.945675 -5.21146
-0.917266 -5.10802
-0.790358 -4.97016
-1.31823 -5.27984
-1.46347 -5.34298
-1.49003 -5.38811
-1.62043 -5.37659
-1.79878 -5.24576
-1.90617 -4.24698
-2.02173 -5.07826
-1.92862 -5.21548
-1.38964 -5.50651
-0.584826 -5.47032
-0.404822 -5.49137
0.128856 -5.68116
0.0904665 -5.61896
0.233063 -5.6004
0.0597878 -5.56265
-0.0500488 -5.51044
-0.255499 -5.488
-0.539516 -5.26142
-0.300879 -5.27708
-0.561266 -5.17853
0.0948906 -5.22868
0.802597 -5.59221
0.953997 -5.57101
1.0292 -5.48285
1.2189 -5.53557
1.22154 -5.42478
1.45974 -5.40465
1.60775 -5.18327
1.76603 -5.34905
1.97472 -5.11252
1.91633 -5.40829
1.72845 -5.4879
1.61163 -5.45217
1.4834 -5.52565
1.56871 -5.59548
1.80453 -5.54766
1.93468 -5.46909
2.01195 -5.52608
2.06196 -5.4585
1.76981 -5.61591
2.04574 -5.57335
2.27647 -5.51991
2.17306 -5.56689
2.40508 -5.50381
2.60405 -5.43271
2.54381 -5.46123
2.76557 -5.35891
2.74944 -5.36553
2.9456 -5.25893
2.91042 -5.26974
3.04505 -5.18407
2.9545 -5.1697
3.08381 -5.10459
3.1022 -5.0631
3.16252 -5.03915
3.15328 -5.07372
3.20556 -4.97305
3.15445 -4.97139
3.17122 -4.87262
3.07363 -4.91063
2.70113 -4.92574
2.84959 -4.96492
2.61686 -5.03409
2.7153 -5.1275
2.54171 -5.19079
2.71074 -5.19641
2.8486 -5.10505
2.76684 -5.23214
2.62058 -5.27042
2.67363 -5.31047
2.49736 -5.35696
2.62645 -5.37457
2.78886 -5.28305
2.5528 -5.42785
2.43143 -5.43892
2.37845 -5.49599
2.25086 -5.50053
2.24238 -5.44608
2.35532 -5.36327
2.48314 -5.30186
2.34404 -5.27804
2.33826 -5.18612
2.41079 -5.07996
2.20821 -5.14288
2.18379 -5.24987
1.98477 -5.15865
2.0716 -5.3291
1.92211 -5.41242
1.7442 -5.37649
1.72785 -5.47884
1.78633 -5.5116
1.94828 -5.5016
1.73042 -5.5551
1.76083 -5.61194
2.03492 -5.56898
1.87352 -5.62852
1.96534 -5.61932
2.15843 -5.55714
2.019 -5.6179
2.28411 -5.53582
1.97858 -5.61398
1.78892 -5.65701
1.83709 -5.638
1.56596 -5.68409
1.49919 -5.64589
1.37346 -5.6815
1.31463 -5.66063
1.15233 -5.69932
1.16422 -5.66177
1.37162 -5.64098
1.28698 -5.60586
1.12009 -5.62666
1.06288 -5.60945
0.970433 -5.66111
0.818007 -5.63394
1.30992 -5.71668
1.11071 -5.73392
1.32372 -5.72815
1.56621 -5.69971
1.40107 -5.72691
1.7328 -5.68318
1.45443 -5.6906
1.58324 -5.62028
1.40664 -5.63711
1.60096 -5.56581
1.42694 -5.58591
1.56212 -5.49732
1.32003 -5.5109
1.57778 -5.25718
1.7846 -5.23642
2.0995 -5.05997
2.22223 -4.95562
2.3429 -4.86404
2.44367 -4.88812
2.61377 -4.92628
2.61276 -4.90775
1.21095 -5.30145
1.38519 -5.2794
1.27303 -5.35507
1.09892 -5.47215
1.11477 -5.59321
0.941825 -5.58954
1.23273 -5.62976
1.18006 -5.68974
0.74862 -5.66163
0.0711937 -5.08926
-0.127799 -5.0436
1.13995 -5.75666
1.19131 -5.75597
0.991174 -5.77869
1.10492 -5.75683
0.912935 -5.75544
0.7527 -5.78727
2.16199 -5.37692
3.0109 -5.03398
2.92475 -4.94799
2.99872 -4.92819
3.11083 -5.13385
0.515075 -5.67815
0.360111 -5.58368
2.61624 -5.31591
2.11293 -4.94158
2.22398 -4.74443
2.44968 -4.65119
2.52948 -4.42979
2.5942 -4.59171
2.65843 -4.43878
3.12735 -3.91004
-1.30088 -4.98921
-1.45801 -4.85269
-1.44684 -4.66008
-1.57503 -4.69416
-1.6243 -4.92013
-1.79576 -4.87041
-1.73733 -5.06577
-1.53951 -5.12627
-1.46495 -5.0234
-1.33683 -5.14602
-1.40739 -5.26059
-1.44992 -5.32879
-1.60788 -5.26226
-1.85877 -4.93754
-1.76481 -4.15534
-1.39932 -3.99687
3.80743 -0.20624
3.81364 -0.300744
3.7949 -0.148894
3.72214 0.0014028
3.73549 -0.235157
3.60793 -0.0407022
3.42477 0.311545
3.49698 -0.0190111
3.64547 -0.261534
3.51774 -0.286393
3.64985 -0.523052
3.54141 -0.47091
3.4396 -0.475315
3.39176 -0.218111
3.24844 -0.288898
3.33083 -0.658694
3.17377 -0.614003
3.04086 -0.330922
3.07264 -0.10718
3.15381 0.0640906
2.94354 0.106394
2.98382 -0.113462
2.86839 -0.156435
2.88925 -0.448558
2.73743 -0.379958
2.68392 -0.104484
2.52084 -0.269063
2.62402 -0.595972
2.45667 -0.63846
2.33591 -0.416359
2.26155 -0.74988
2.17634 -0.479375
2.08519 -0.628953
2.00362 -0.401712
2.18264 -0.218134
2.00107 -0.134726
2.11126 0.0396911
1.88013 0.0799881
1.82658 -0.223893
1.63021 -0.0621873
1.68606 0.241626
1.50734 0.189672
1.57587 0.344785
1.45908 0.453895
1.67 0.470946
1.60211 0.758582
1.45364 0.654526
1.33501 0.615651
1.23774 0.389185
1.1772 0.580757
1.27306 0.815181
1.05402 0.735046
1.18627 0.913634
1.13441 1.03559
0.967194 0.963163
0.811561 0.705127
0.882375 0.4873
0.727823 0.380604
0.596479 0.48745
0.656781 0.805314
0.803161 1.04941
0.672631 0.969987
0.658767 1.07645
0.730766 1.23461
0.504836 1.09421
0.542604 0.911936
0.377129 0.905423
0.274075 1.01775
0.203074 0.760471
0.077424 0.846057
0.0228233 0.657252
-0.0677013 0.72985
-0.0946035 0.790364
0.0134764 0.89787
0.142501 1.03259
0.270621 1.18858
0.426771 1.33517
1.11533 1.7546
2.03631 1.75616
2.22946 1.67599
2.39123 1.57821
2.62235 1.3326
2.51389 1.47636
2.54922 1.33612
2.41305 1.5046
2.39456 1.35042
2.19022 1.4015
1.9996 1.66442
2.00885 1.38878
1.83383 1.54407
1.80682 1.73215
1.83295 1.81441
1.6399 1.8596
1.45813 1.87221
1.50791 1.78087
1.39076 1.72016
1.28433 1.83451
1.16998 1.6513
0.944275 1.6707
0.979849 1.5509
0.796613 1.48254
0.780108 1.58277
0.599974 1.47664
0.578526 1.30049
0.409128 1.18763
0.909675 1.37284
0.87478 1.25569
1.02874 1.25368
1.05359 1.45179
1.1813 1.42742
1.38189 1.50643
1.27501 1.26519
1.49908 1.2891
1.62374 1.48441
1.54064 1.67269
1.69772 1.6883
1.75994 1.34881
1.89059 1.35105
1.84683 1.21545
1.69383 1.11317
1.64888 1.32208
1.45448 1.00508
1.38208 1.16178
1.28675 1.04059
1.42554 0.779957
1.81013 0.868667
1.90421 1.03129
1.99715 0.801113
2.09146 0.981659
1.98121 1.19629
2.15793 1.17562
2.30395 0.911366
2.34327 1.14459
2.50779 0.906241
2.49782 1.11568
2.59571 1.15253
2.64933 0.950109
2.75592 0.980117
2.73458 1.1881
2.87866 0.967072
3.31644 0.444514
3.19937 0.601106
3.24755 0.370746
3.16515 0.475015
3.07111 0.582558
3.13163 0.350149
2.95726 0.527073
2.90579 0.774257
2.82415 0.728577
2.77797 0.57401
2.6905 0.782191
2.61548 0.703614
2.62498 0.547088
2.4878 0.722623
2.49046 0.560404
2.3704 0.68018
2.36467 0.457792
2.58629 0.36402
2.51757 0.117928
2.73409 0.120129
2.76469 0.349712
2.90157 0.369336
3.02965 0.283646
2.26477 0.203751
2.08843 0.501842
2.04614 0.251498
1.86942 0.372353
1.84098 0.634946
2.20503 0.727485
2.26912 -0.0217652
2.39434 -0.0173884
2.35245 -0.177998
2.73941 0.826532
2.7848 0.859807
3.04829 0.765358
3.27395 0.149411
3.36875 0.204977
3.39203 -0.0396946
3.31308 -0.059964
3.55751 0.24493
3.62927 0.116213
-0.446107 0.30101
-0.382602 0.429901
-0.286808 0.57854
-0.195815 0.682435
-0.235329 0.552181
-0.300225 0.478354
-0.264216 0.451609
-0.177817 0.473751
-0.116438 0.598526
-0.0640812 0.500709
0.0563707 0.516327
0.12546 0.63488
0.210202 0.505753
0.369951 0.736937
0.369508 0.551122
0.325912 0.384058
0.241327 0.230443
0.161244 0.276329
0.0746899 0.313823
0.108727 0.044639
-0.0514717 0.132343
-0.0559692 0.369016
-0.160656 0.254494
-0.144856 0.404226
-0.23647 0.333047
-0.255393 0.151419
-0.183175 0.0715286
-0.256653 -0.0028927
-0.205971 -0.0831109
-0.11414 -0.0804866
-0.171064 -0.260118
-0.281927 -0.182926
-0.231291 -0.456033
-0.105552 -0.500079
-0.141967 -0.778504
-0.283553 -0.657106
-0.224709 -0.965848
-0.119981 -1.07293
-0.150096 -1.26739
-0.245537 -1.18191
-0.343132 -1.01018
-0.361489 -1.24031
-0.222453 -1.42297
-0.335428 -1.49643
-0.47199 -1.37014
-0.496368 -1.16546
-0.597425 -1.22507
-0.611984 -1.40239
-0.719261 -1.27155
-0.722329 -1.0952
-0.84635 -1.21852
-0.859559 -1.08282
-0.976326 -1.17464
-0.936872 -1.00346
-0.811343 -1.01671
-0.757352 -0.933684
-0.970319 -0.804763
-1.05282 -0.930423
-1.16694 -1.03435
-1.25464 -1.14757
-1.22567 -1.10068
-1.13541 -1.16107
-1.25328 -1.15394
-1.2755 -1.43769
-1.36396 -1.38923
-1.38185 -1.55945
-1.45474 -1.63139
-1.48078 -1.51407
-1.38994 -1.30485
-0.900576 -0.647034
-0.810087 -0.644798
-0.850463 -0.581414
-0.805244 -0.50255
-0.762157 -0.51963
-0.759408 -0.421785
-0.676529 -0.423312
-0.715117 -0.341471
-0.557542 -0.0775882
-0.510994 0.101478
-0.407248 0.295311
-0.33567 0.220338
-0.332088 0.0262913
-0.37721 -0.128119
-0.450637 -0.203063
-0.364717 -0.378532
-0.477337 -0.438146
-0.520199 -0.29079
-0.578571 -0.428519
-0.561167 -0.559333
-0.653825 -0.57786
-0.573042 -0.713796
-0.714992 -0.758869
-0.576435 -0.904399
-0.625293 -1.01202
-0.589476 -1.10122
-0.540799 -1.04013
-0.458626 -1.03383
-0.464653 -0.84902
-0.363832 -0.785593
-0.475085 -0.654114
-0.386864 -0.582486
-0.649434 -0.235825
-0.329999 0.379071
-1.68264 -1.9639
-1.74741 -2.18582
-1.61077 -1.94231
-1.5814 -1.72311
-1.5289 -1.72753
-1.52004 -1.82601
-1.42674 -1.78314
-1.57645 -2.04687
-1.3607 -1.96747
-1.2859 -1.68185
-1.17362 -1.45981
-1.18009 -1.71483
-1.09002 -1.50694
-1.06939 -1.34087
-0.968717 -1.40384
-1.05687 -1.67306
-0.891431 -1.64624
-0.814593 -1.39304
-0.716963 -1.53282
-0.717792 -1.38588
-0.592615 -1.56562
-0.515588 -1.52078
-0.493963 -1.72921
-0.428487 -1.56101
-0.337487 -1.71345
-0.2219 -1.68002
-0.230275 -1.90199
-0.353294 -1.9257
-0.242762 -2.10658
-0.360735 -2.14025
-0.475777 -1.99073
-0.649656 -1.91559
-0.556399 -2.11596
-0.683989 -2.2078
-0.753215 -2.03756
-0.823791 -2.15021
-0.95964 -2.19866
-1.0392 -2.50007
-1.11666 -2.28866
-1.17103 -2.58357
-1.10224 -2.69699
-1.31127 -2.73861
-1.24326 -2.42139
-1.34274 -2.5233
-1.29852 -2.29127
-1.19533 -2.12754
-1.26484 -1.99934
-1.27482 -1.83185
-1.15297 -1.88306
-1.04215 -1.95052
-0.846388 -1.93044
-0.747957 -1.73279
-0.638843 -1.68435
-0.522806 -2.33968
-0.379789 -2.36192
-0.45614 -2.18086
-0.258571 -2.31888
-0.284377 -2.52571
-0.157971 -2.50942
-0.143721 -2.28346
-0.15363 -2.0807
-0.027463 -2.20161
-0.108629 -1.90861
-0.0121641 -1.99848
-0.0234966 -1.82601
-0.113667 -1.63122
0.0160513 -1.63146
-0.0962038 -1.46151
-0.0619993 -1.29912
-0.152805 -1.44848
0.0257454 -1.28896
-0.0491648 -1.03481
0.0532703 -0.995523
-0.0330162 -0.753546
0.087656 -0.737441
0.0238714 -0.473163
-0.0629854 -0.268305
0.0392284 -0.21503
-0.0112648 -0.0799679
0.159966 -0.279931
0.256294 -0.0193194
0.358541 0.199556
0.427223 -0.052542
0.47514 0.244439
0.437426 0.422333
0.496196 0.661499
0.588344 0.168388
0.588571 -0.0639974
0.524897 -0.301419
0.379885 -0.387259
0.479693 -0.545017
0.353454 -0.724785
0.524835 -0.790278
0.439436 -0.984296
0.334399 -1.04603
0.428219 -1.26966
0.307473 -1.32177
0.37329 -1.39501
0.35121 -1.5333
0.260375 -1.56296
0.202116 -1.34863
0.13716 -1.52479
0.206614 -1.84664
0.128645 -1.74127
0.111004 -1.91515
0.0354662 -1.90769
0.0613403 -2.09534
0.169065 -2.18252
0.0844326 -2.2867
0.151545 -2.46089
0.0547447 -2.4249
-0.035429 -2.46775
0.0682955 -2.64668
-0.0564346 -2.68556
-0.197595 -2.75325
-0.054903 -2.87736
-0.156098 -2.97677
-0.0392675 -3.06826
-0.000999451 -3.3096
0.0977659 -3.07997
0.0793896 -2.89111
0.189425 -2.93627
0.201726 -2.70155
0.0114727 -2.79057
0.264848 -2.43064
0.332851 -2.60271
0.370014 -2.41552
0.318809 -2.13803
0.337268 -1.7872
0.468418 -1.95511
0.421645 -1.66482
0.53817 -1.57283
0.420108 -1.48123
0.580014 -1.14185
0.701139 -1.45394
0.767619 -1.13165
0.672568 -0.845302
0.826714 -0.819695
0.734338 -0.673338
0.822087 -0.498493
1.03506 -0.718042
1.00193 -0.326775
1.15114 -0.430885
1.18429 -0.122652
1.30936 -0.361546
1.40144 -0.0809072
1.31644 0.16944
1.14423 0.153227
1.01301 0.331792
0.999448 -0.0195852
0.822968 0.0403133
0.861917 -0.203461
0.6998 -0.22642
0.630286 -0.546931
0.68479 -0.0105219
0.635706 0.0581011
0.707638 0.149456
0.826306 0.274967
1.49724 -0.33948
1.66666 -0.352725
1.60024 -0.65162
1.40842 -0.575641
1.40357 -0.896091
1.24944 -0.643804
1.20863 -0.903948
1.10321 -1.05258
0.947345 -1.08635
1.0754 -1.34598
1.26571 -1.22317
1.2126 -1.60842
1.37287 -1.49524
1.47726 -1.26284
1.62136 -1.03302
1.64009 -1.32388
1.76613 -1.19149
1.82169 -0.872851
1.80697 -0.522122
1.9502 -0.655385
2.04599 -0.867427
1.95812 -1.2117
2.17416 -1.09533
2.36493 -1.04171
2.41778 -0.846595
2.57471 -0.961471
2.45136 -1.26404
2.29039 -1.34957
2.4438 -1.66956
2.18647 -1.70043
2.12104 -1.37752
1.99585 -1.57803
2.02746 -1.85061
1.87408 -1.85588
1.94947 -2.10225
2.10897 -2.07293
2.0173 -2.33902
2.1701 -2.44173
2.30137 -2.08526
2.40752 -2.56766
2.4586 -2.12216
2.61426 -2.0054
2.66652 -1.57491
2.57503 -1.32995
2.70788 -1.2234
2.72598 -0.999823
2.79123 -0.756033
2.83034 -1.08447
2.94993 -0.970294
3.00027 -0.661885
3.10808 -0.926053
3.25159 -0.901463
3.20108 -1.21499
3.03301 -1.27548
2.99318 -1.62087
2.86366 -1.43578
2.90546 -1.77286
2.7824 -1.82886
2.87084 -2.02301
2.75951 -2.19829
2.64669 -2.35138
2.53941 -2.31835
2.58476 -2.56292
2.91756 -1.18076
3.30109 -1.45733
3.30511 -1.13864
3.38543 -1.23672
3.37471 -0.960166
3.46406 -0.800336
3.48187 -1.12754
3.55127 -0.976199
3.57 -0.698209
3.6551 -1.01852
3.67249 -0.750055
3.75546 -0.719656
3.76308 -0.475182
3.83496 -0.708342
3.82604 -0.467435
3.79489 -0.417878
3.85927 -0.526148
3.88702 -0.705358
3.90209 -0.610407
3.96466 -0.672525
3.98593 -0.728021
4.0223 -0.804021
4.03623 -0.849585
4.01915 -0.75752
4.07363 -0.933156
4.07802 -1.05337
4.07139 -1.30506
4.00379 -1.08346
3.93488 -0.973891
3.9756 -1.21105
3.94255 -1.27305
3.8886 -0.955648
3.82197 -0.927542
3.86584 -1.14156
3.80329 -1.10427
3.74491 -0.932945
3.75282 -1.21972
3.67544 -1.33304
3.57765 -1.30308
3.64749 -1.57058
3.55871 -1.60248
3.61008 -1.76416
3.5367 -1.83719
3.43618 -1.5737
3.45776 -1.96111
3.32219 -1.73916
3.24868 -1.70988
3.62085 -1.97421
3.6813 -1.86106
3.79077 -2.03971
3.75115 -1.59763
3.86084 -1.80071
3.84313 -1.3833
3.91813 -1.53263
3.89881 -1.32371
3.98721 -1.6487
3.98994 -1.39638
4.02273 -1.52072
4.00384 -1.32379
4.03273 -1.40181
4.05042 -1.63068
4.0747 -1.54299
4.06687 -2.23235
4.06045 -2.45523
4.02532 -2.29761
4.01906 -1.96316
4.07752 -2.00772
4.04416 -1.81986
4.07473 -1.77792
4.02119 -1.71734
3.95946 -2.01477
3.93604 -1.76406
3.89273 -2.20724
3.96501 -2.41741
3.90254 -2.47915
4.04465 -2.70142
4.00575 -2.94656
2.18738 -2.93989
1.97622 -2.71218
1.99382 -3.05423
1.85742 -3.02359
1.8772 -3.31471
1.70038 -3.24496
1.72655 -2.82948
1.4874 -3.19192
1.54468 -3.52893
1.3338 -3.64032
1.23781 -3.34386
1.321 -2.95614
1.16879 -3.17271
1.00479 -3.38208
1.08468 -3.70614
0.842546 -3.7788
0.755369 -3.57489
0.557924 -3.90759
0.558322 -3.63088
0.239984 -3.7983
0.522871 -3.41258
0.301351 -3.3312
0.0599995 -3.5888
0.232373 -3.09126
0.424629 -2.9443
0.317691 -2.82351
0.464264 -2.57555
0.60026 -2.71323
0.590899 -2.49003
0.560213 -2.27622
0.709116 -2.38689
0.652283 -1.95612
0.829782 -2.07449
0.778233 -1.74479
0.664133 -1.68122
0.890328 -1.46296
0.93989 -1.83059
1.04651 -1.6377
1.11731 -1.92372
1.24732 -1.84985
1.35913 -1.76705
1.29051 -2.09024
1.46786 -1.94142
1.54173 -1.61159
1.65882 -1.96732
1.78212 -1.53108
1.80236 -2.1494
1.64678 -2.43397
1.46528 -2.26855
1.44782 -2.60643
1.25265 -2.56493
1.0963 -2.99926
1.01205 -2.68355
1.09692 -2.30085
0.907684 -2.39582
0.784597 -2.78267
0.570024 -3.06734
0.72718 -3.17631
0.911519 -3.02462
0.849201 -3.29708
0.969036 -3.17966
0.690037 -3.42225
0.98067 -2.11133
1.52958 -2.80408
1.85711 -2.42104
0.441483 -2.27778
-0.0659571 -3.79647
-0.106535 -3.99789
0.290314 -4.151
1.7131 -3.61231
0.132467 -1.20488
0.229738 -1.12361
0.159514 -0.945063
0.253854 -0.904668
0.197739 -0.718414
0.250442 -0.482286
0.143914 -0.540293
0.286929 -0.244509
-1.65234 -2.11519
