3.46267 -0.9176
3.53335 -0.847777
3.59317 -0.762007
3.49372 -0.88346
3.44276 -0.961834
3.34134 -1.08508
3.32702 -1.07371
3.21807 -1.2196
3.17201 -1.25113
3.06678 -1.36135
3.15635 -1.24285
2.98598 -1.40427
3.06371 -1.26946
2.89577 -1.42539
2.89326 -1.3739
2.6974 -1.55636
2.83818 -1.52024
2.70933 -1.67394
2.53502 -1.73588
2.43171 -1.70848
2.33514 -1.80518
2.23844 -1.89742
2.1626 -2.01352
2.24548 -2.04981
2.38256 -1.95081
2.46008 -1.84068
2.48267 -1.9042
2.36668 -1.99562
2.48949 -1.92831
2.36574 -2.02906
2.48468 -1.93819
2.60657 -1.83225
2.56833 -1.87458
2.39102 -2.01198
2.44193 -1.96561
2.28768 -2.08305
2.19223 -2.16448
2.10168 -2.21367
1.98833 -2.28725
1.9447 -2.2992
1.85809 -2.35413
1.78964 -2.37255
1.97471 -2.26731
1.77511 -2.35166
1.91074 -2.25641
2.03441 -2.16016
1.95884 -2.1391
1.76379 -2.29188
1.75589 -2.18355
1.55747 -2.32347
1.49711 -2.23839
1.62928 -2.08521
1.41426 -2.17692
1.27479 -2.27458
1.25481 -2.19401
1.38206 -2.05105
1.15327 -2.14836
1.14628 -2.04604
0.951687 -2.14497
0.943718 -1.96501
0.73444 -2.12425
0.684199 -2.26645
0.449778 -2.19398
0.612099 -2.03683
0.368229 -2.08602
0.446059 -1.94538
0.17359 -2.05953
0.169132 -2.20907
-0.0739193 -2.21022
-0.0792923 -2.37367
-0.317096 -2.34949
-0.37408 -2.48943
-0.533517 -2.4536
-0.536854 -2.53763
-0.693939 -2.56546
-0.519428 -2.6068
-0.68905 -2.65228
-0.836032 -2.67064
-0.954728 -2.56016
-1.04533 -2.70023
-1.20476 -2.61183
-1.15764 -2.47035
-1.41859 -2.48318
-1.27233 -2.33179
-1.47102 -2.25358
-1.32527 -2.13366
-1.50739 -1.98905
-1.34449 -1.86862
-1.54015 -1.57254
-1.31347 -1.56098
-1.17328 -1.76835
-1.14475 -1.43367
-1.02516 -1.63573
-0.941068 -1.30629
-1.07558 -1.1217
-1.22282 -1.13628
-1.13305 -0.772183
-1.32123 -0.828688
-1.25986 -0.500479
-1.12386 -0.325267
-1.31483 -0.0741403
-1.4287 -0.469251
-1.57776 -0.0281381
-1.45539 0.396493
-1.24156 0.386027
-1.36943 0.850969
-1.1615 0.706177
-1.17474 1.11998
-1.39867 1.36404
-1.56987 1.16381
-1.58247 1.58628
-1.73758 1.39406
-1.74089 1.75437
-1.85293 1.57411
-1.89926 1.25905
-1.99474 1.57424
-1.88156 1.81761
-2.01927 1.99695
-2.19393 1.59265
-2.09191 1.12914
-2.27091 1.18903
-2.37504 1.41465
-2.34949 1.75242
-2.46535 1.58585
-2.44829 1.86594
-2.60277 1.54881
-2.5226 1.26456
-2.67143 1.07551
-2.56186 0.862579
-2.69225 0.71555
-2.61319 0.426639
-2.43993 0.606098
-2.41042 1.02464
-2.25153 0.733621
-2.32052 0.338994
-2.45683 0.208466
-2.30171 -0.0679454
-2.1347 0.193374
-2.11685 -0.261276
-2.22116 -0.417998
-2.43387 -0.446908
-2.17149 -0.716307
-2.23216 -0.989879
-2.50426 -0.899504
-2.69079 -0.596962
-2.73492 -0.213108
-2.8927 -0.43327
-2.81859 -0.697591
-2.93689 -0.702808
-3.05425 -0.47318
-3.05303 -0.732405
-2.89308 -0.988884
-3.05802 -0.949681
-2.90743 -1.19152
-2.97552 -1.30273
-3.13897 -0.987566
-3.1533 -1.12642
-3.05482 -1.41682
-2.88365 -1.56843
-2.90082 -1.66279
-2.8142 -1.74477
-2.72742 -1.78894
-2.7379 -1.85694
-2.79537 -1.81079
-2.70474 -1.94587
-2.66891 -1.95939
-2.5692 -2.12844
-2.55288 -2.01377
-2.42518 -2.22909
-2.32606 -2.22412
-2.28192 -2.40259
-2.10505 -2.46691
-2.13442 -2.32136
-2.26669 -2.14128
-2.14511 -2.20048
-2.27203 -2.00547
-2.09625 -2.12547
-2.22684 -1.84457
-2.41862 -1.75241
-2.38763 -1.66239
-2.52853 -1.49983
-2.36228 -1.53919
-2.61832 -1.16188
-2.73596 -1.30426
-2.80415 -0.881963
-2.7016 -0.851805
-2.31361 -1.29585
-2.6124 -1.58743
-2.78951 -1.42809
-2.66945 -1.65223
-2.79815 -1.56933
-2.63941 -1.78348
-2.47442 -1.90056
-2.89938 -1.48439
-2.07825 -1.73747
-2.06455 -1.38794
-1.89907 -1.67953
-1.83311 -1.37309
-1.709 -1.81281
-1.66516 -1.0044
-1.95744 -0.863137
-1.82824 -0.550116
-1.98663 -0.49393
-1.95871 -0.186814
-1.78119 -0.157157
-1.92192 0.196113
-1.7582 0.198271
-1.84457 0.549447
-1.65762 0.468753
-1.75195 0.933163
-1.56374 0.76919
-1.93195 0.899074
-2.03511 0.615166
-1.62379 -0.517377
-2.08694 -0.559933
-2.09559 -0.941909
-2.03614 -1.12983
-1.48869 -0.820107
-1.40212 -1.20291
-1.82986 -1.97992
-1.64739 -2.11218
-1.73283 -2.16865
-1.6488 -2.31416
-1.84144 -2.17755
-1.8084 -2.36915
-1.64106 -2.48164
-1.54564 -2.60559
-1.37761 -2.65016
-1.44002 -2.71816
-1.60352 -2.67573
-1.77539 -2.54365
-1.70633 -2.67984
-1.88862 -2.58703
-1.78683 -2.67713
-1.95535 -2.59324
-1.89994 -2.6558
-2.09588 -2.54654
-2.05739 -2.60615
-2.24136 -2.48261
-2.41439 -2.33648
-2.38144 -2.40898
-2.188 -2.53072
-2.22766 -2.51232
-2.01701 -2.63337
-2.06207 -2.60106
-2.2475 -2.50279
-2.06659 -2.60174
-2.23898 -2.49864
-2.38833 -2.37163
-2.3163 -2.41723
-2.1173 -2.54983
-2.20725 -2.43419
-2.05995 -2.51406
-2.12426 -2.37626
-1.85226 -2.49798
-1.87247 -2.3933
-1.80576 -2.59253
-1.74166 -2.61602
-1.6395 -2.6996
-1.52642 -2.78028
-1.28736 -2.9196
-1.16384 -2.96486
-1.04054 -2.99954
-1.05912 -3.00679
-0.891761 -3.01596
-0.840727 -3.03074
-1.05763 -3.00894
-1.15852 -2.97484
-1.20772 -2.9452
-1.26832 -2.94611
-1.38106 -2.90737
-1.22394 -2.96197
-1.42873 -2.891
-1.60446 -2.80394
-1.57088 -2.83609
-1.78143 -2.74236
-1.73447 -2.77564
-1.90111 -2.68517
-1.88213 -2.69591
-1.678 -2.78077
-1.54274 -2.85655
-1.47979 -2.85497
-1.36376 -2.90958
-1.23257 -2.94409
-1.39309 -2.90023
-1.40958 -2.85853
-1.65114 -2.77502
-1.77878 -2.70059
-1.71117 -2.70403
-1.89708 -2.63209
-1.9629 -2.64665
-1.8991 -2.67771
-1.78039 -2.73177
-1.84056 -2.71455
-1.66805 -2.77486
-1.47218 -2.84522
-1.63499 -2.76374
-1.53266 -2.76406
-1.32371 -2.83078
-1.24403 -2.7406
-1.19386 -2.81875
-1.08471 -2.80369
-0.906243 -2.77235
-0.963497 -2.85265
-0.783253 -2.83514
-0.672474 -2.7312
-0.534803 -2.79385
-0.390811 -2.67402
-0.229379 -2.54398
-0.0948267 -2.59064
0.094697 -2.44991
0.199395 -2.31266
0.378693 -2.33854
0.330679 -2.43818
0.522466 -2.38583
0.721135 -2.37556
1.01016 -2.27862
0.881217 -2.41423
1.11775 -2.35782
1.31841 -2.35943
1.07954 -2.43164
1.23546 -2.43259
1.40038 -2.40022
1.55093 -2.40361
1.30949 -2.47348
1.38869 -2.49265
1.60404 -2.44196
1.44746 -2.49568
1.20912 -2.55421
1.18555 -2.53569
0.956112 -2.58215
1.01097 -2.60061
0.766223 -2.62241
0.753432 -2.60004
0.698464 -2.56738
0.577432 -2.61553
0.451808 -2.60103
0.316594 -2.65975
0.21306 -2.66109
0.419811 -2.58688
0.206861 -2.61984
0.00246906 -2.69781
0.0335732 -2.66383
0.0543909 -2.61163
-0.13634 -2.72309
-0.256371 -2.70758
-0.406076 -2.81064
-0.245899 -2.79173
-0.545133 -2.90585
-0.30275 -2.84385
-0.0535326 -2.76188
-0.114998 -2.79199
0.0951385 -2.71664
0.0832634 -2.72689
0.435547 -2.65684
0.233092 -2.6865
0.122365 -2.72457
0.0231781 -2.73988
-0.194099 -2.81946
-0.201802 -2.80965
-0.433238 -2.92198
-0.348346 -2.87607
-0.535601 -2.94378
-0.697552 -2.98946
-0.617118 -2.9866
-0.670203 -2.99025
-0.868315 -3.0185
-0.71489 -2.98239
-0.886989 -2.99678
-0.779823 -2.93771
-0.67945 -2.91817
-0.67034 -2.88409
-0.89079 -2.90969
-0.994244 -2.96006
-1.10654 -2.89133
-1.23549 -2.94273
-1.04453 -2.99781
-0.502185 -2.9353
-0.422951 -2.91507
-0.317666 -2.85982
-0.196193 -2.8268
-0.686081 -2.94029
-0.862366 -2.98719
-0.512928 -2.89255
-0.350443 -2.81489
0.122331 -2.53764
0.314108 -2.42943
0.21066 -2.5106
-0.0396223 -2.63104
0.200828 -2.58318
0.078043 -2.63916
-0.034585 -2.71066
-0.194459 -2.72544
-0.25805 -2.81375
-0.152465 -2.77712
0.0183296 -2.71783
-0.0798569 -2.75653
0.163971 -2.68669
0.325823 -2.64605
0.429906 -2.65164
0.52824 -2.61177
0.609387 -2.64721
0.701492 -2.61912
0.789217 -2.65102
0.868729 -2.61839
0.983068 -2.61046
1.09054 -2.56864
1.21297 -2.57408
1.14744 -2.5902
1.3304 -2.55543
1.42915 -2.52713
1.53666 -2.50088
1.63349 -2.4399
1.71608 -2.42038
1.82569 -2.3626
1.75674 -2.35445
1.96786 -2.28093
1.89874 -2.23719
2.11099 -2.17387
2.2685 -2.11127
2.08181 -2.13657
1.96302 -2.09851
2.05771 -1.96184
1.88046 -2.03612
1.69378 -2.18222
1.70311 -2.09098
1.52761 -2.13802
1.44029 -2.20757
1.46946 -2.32791
1.66622 -2.30679
1.51296 -2.43466
1.28434 -2.47322
1.31077 -2.53959
1.04538 -2.47348
1.22478 -2.36474
0.941935 -2.40617
0.813515 -2.48839
0.906613 -2.54092
0.711996 -2.56125
0.640215 -2.51983
0.640353 -2.46136
0.513467 -2.5255
0.523468 -2.55848
0.369504 -2.57164
0.388836 -2.60838
0.193176 -2.64573
0.396782 -2.5059
0.455781 -2.42537
0.727212 -2.39238
0.944778 -2.31838
1.19765 -2.27478
2.53276 -1.61296
2.63086 -1.50063
2.78918 -1.4035
2.74528 -1.396
2.86214 -1.2914
2.90546 -1.295
2.9978 -1.26898
3.00012 -1.24741
3.10005 -1.20382
3.2026 -1.13861
3.30335 -1.07298
3.38613 -0.999219
0.697948 -2.36024
0.498585 -2.38744
-1.96152 -1.56774
-1.89988 -1.71541
-1.86609 -1.86992
-2.07247 -1.72316
-2.03159 -1.60187
-2.19037 -1.57349
-2.04558 -1.43681
-2.21775 -1.50119
-2.23588 -1.4479
-2.20981 -1.3821
-2.0961 -1.39434
-2.15912 -1.35519
-2.23643 -1.32224
-2.32633 -1.28807
-2.37947 -1.43131
-2.46872 -1.36702
-2.46981 -1.29306
-2.42561 -1.24675
-2.52382 -1.19906
-2.59193 -1.14669
-2.67021 -1.09787
-2.66697 -1.20611
-2.7792 -1.13994
-2.79153 -1.03127
-2.89886 -1.06206
-2.90867 -0.960305
-3.51702 -0.347606
-3.52924 -0.28163
-3.50605 -0.418834
-3.51953 -0.213137
-3.50155 -0.404155
-3.52065 -0.114708
-3.49079 -0.256807
-3.47613 -0.434259
-3.44298 -0.628945
-3.44286 -0.442613
-3.38317 -0.768394
-3.34655 -0.956523
-3.30107 -0.979
-3.2248 -1.18927
-3.24046 -1.21688
-3.11938 -1.44172
-3.18726 -1.347
-3.01178 -1.6025
-3.10454 -1.46684
-3.16709 -1.32719
-3.26181 -1.16242
-3.25335 -1.12438
-3.29803 -1.06262
-3.33304 -0.981626
-3.32243 -0.892294
-3.37296 -0.826203
-3.41117 -0.674688
-3.3406 -0.656533
-3.422 -0.48435
-3.34786 -0.565692
-3.28376 -0.64462
-3.21473 -0.725708
-3.12007 -0.806983
-3.18874 -0.89622
-3.10058 -0.988485
-3.16026 -1.04244
-3.08416 -1.1513
-3.17302 -1.1823
-3.23011 -0.979716
-3.25396 -1.04662
-3.28091 -0.817575
-3.14239 -1.31011
-3.07542 -1.39596
-3.01171 -1.53263
-2.99065 -1.50176
-2.89034 -1.61452
-2.79116 -1.76179
-2.69316 -1.78058
-2.64165 -1.95049
-2.49864 -2.0271
-2.51615 -1.87286
-2.6425 -1.69336
-2.46506 -1.81343
-2.46323 -1.71731
-2.5739 -1.61459
-2.40907 -1.65632
-2.38866 -1.59496
-2.26428 -1.66712
-2.33405 -1.72838
-2.20528 -1.76964
-2.28805 -1.84271
-2.08103 -1.89897
-2.15895 -1.99421
-2.30431 -1.96833
-2.17482 -2.06022
-2.16867 -2.13904
-2.34521 -2.04386
-2.22833 -2.2066
-2.32915 -2.22975
-2.49478 -2.20622
-2.29359 -2.33082
-2.06201 -2.13862
-1.94307 -2.179
-2.03922 -2.05216
-1.94271 -2.03419
-1.85661 -2.02104
-1.86193 -2.158
-1.87073 -2.2794
-2.33432 -1.52307
-2.52358 -1.53541
-2.56577 -1.43726
-2.67833 -1.49945
-2.73347 -1.40259
-2.60473 -1.3441
-2.72973 -1.30859
-2.77088 -1.23013
-2.81661 -1.3075
-2.86713 -1.19777
-2.92012 -1.2774
-2.99215 -1.12211
-3.01975 -0.886398
-3.00525 -1.24941
-3.04734 -1.30199
-2.96193 -1.37213
-2.95121 -1.48901
-2.8632 -1.47774
-2.79947 -1.57124
-2.7346 -1.5412
-2.70541 -1.61264
-2.64475 -1.56856
-2.78955 -1.47072
-2.80658 -1.6196
-2.85849 -1.38671
-2.68426 -2.00021
-2.55437 -2.20161
-2.68021 -2.02607
-2.83812 -1.80498
-2.80269 -1.8707
-2.96535 -1.67416
-2.84241 -1.81578
-2.67151 -2.06673
-2.65173 -2.08385
-2.5465 -2.24277
-2.51685 -2.25122
-2.43026 -2.36527
-2.5835 -2.1975
-3.0042 -1.5738
-3.13327 -1.37827
-3.18136 -1.20321
-3.23708 -1.09076
-3.27641 -0.979492
-3.33047 -0.85801
-3.36108 -0.688037
-3.25545 -0.837486
-3.32364 -0.501023
-3.39064 -0.375169
-3.4428 -0.222639
-3.47515 -0.152778
-3.53078 0.0078223
-3.47696 0.0494644
-3.45156 -0.0511162
-3.45187 0.157736
-3.40171 -0.0872099
-3.3715 0.268915
-3.43056 0.446334
-3.4766 0.296491
-3.49126 0.419626
-3.48778 0.274037
-3.57506 0.357059
-3.60486 0.538505
-3.82103 0.539677
-3.84795 0.28588
-3.83101 0.415052
-3.52437 0.179244
-3.49302 0.149551
-3.47976 0.185323
-3.51753 -0.0523564
-3.5137 -0.166054
3.8811 -0.303077
3.79637 -0.442308
3.86369 -0.314019
3.76386 -0.473883
3.75085 -0.498669
3.69786 -0.583872
3.60586 -0.624198
3.54136 -0.783453
3.45494 -0.871523
3.45966 -0.785272
3.31553 -1.00913
3.30216 -0.933031
3.43093 -0.675557
3.56703 -0.561703
3.54705 -0.482806
3.64766 -0.370833
3.60733 -0.332981
3.50697 -0.427665
3.62664 -0.186665
3.7096 -0.160867
3.74252 0.0583019
3.86752 0.10108
3.83429 0.270302
3.94405 0.397002
3.8756 0.493875
3.7629 0.315966
3.81231 0.581781
3.73356 0.472538
3.74698 0.66815
3.83278 0.790819
3.78787 0.977862
3.68957 0.808933
3.61955 0.539726
3.60371 0.792776
3.64957 1.05794
3.5343 0.923633
3.53867 1.2271
3.4345 1.09777
3.404 0.743389
3.32033 1.02655
3.24393 0.721087
3.17726 1.06465
3.24456 1.30169
3.34531 1.27964
3.27718 1.57964
3.43289 1.4111
3.40289 1.75506
3.24174 1.95059
3.10937 1.83563
3.08519 2.16823
2.95691 2.07908
2.9168 2.3813
2.71699 2.24071
2.74426 2.64173
2.5558 2.56788
2.51603 2.89577
2.36554 2.70641
2.44818 2.4954
2.2782 2.49947
2.45155 2.26989
2.18184 2.23064
2.36722 1.95087
2.57407 2.01874
2.54709 2.39912
2.76819 1.79939
2.89633 1.93233
3.00879 1.62783
2.88193 1.41133
2.66253 1.50027
2.77554 1.20142
2.50685 1.12282
2.81358 0.883435
2.65959 0.829948
2.52508 0.723842
2.32162 0.822836
2.12241 1.02561
2.07848 0.611918
1.79889 0.844621
1.8391 1.30113
1.53733 1.07353
1.57015 1.45465
1.74228 1.60342
1.9778 1.70639
1.76466 1.86402
1.59968 1.71867
1.58776 1.92763
1.39562 1.76064
1.35774 1.32144
1.14537 1.45909
1.21732 0.896048
0.877702 1.18325
0.936992 1.71454
0.693059 1.5846
0.776601 1.98318
0.574958 1.84323
0.602255 2.18616
0.395118 1.90451
0.389571 2.20227
0.171666 1.99347
0.242551 1.67404
0.421571 1.48908
0.211461 1.41231
0.0372057 1.53855
0.105936 1.13805
-0.125339 1.08699
-0.238346 1.55694
-0.0713387 1.88324
-0.02666 2.28837
-0.287292 2.03449
-0.209517 2.35241
-0.371606 2.43725
-0.149214 2.63603
-0.33389 2.74173
-0.487805 2.68295
-0.432772 2.95851
-0.647914 2.82604
-0.568812 3.19198
-0.826092 3.07768
-0.903029 2.61968
-0.984972 2.89397
-1.13756 2.80348
-1.1735 2.38258
-1.38033 2.71709
-1.50151 2.27117
-1.62368 2.7216
-1.72289 2.44427
-1.79988 2.65377
-1.77562 2.90088
-1.63975 3.02065
-1.50154 2.98121
-1.54299 3.30942
-1.74068 3.16528
-1.72051 3.40115
-1.87651 3.27804
-1.81241 3.60492
-2.05364 3.35708
-2.01255 3.03702
-1.87359 3.03503
-1.95767 2.74891
-2.14039 2.74222
-2.1316 2.38264
-2.26031 2.50687
-2.28051 2.72209
-2.39586 2.44944
-2.34152 2.18907
-2.54222 2.07244
-2.34797 1.96816
-2.23442 1.99461
-1.90773 2.40301
-1.77795 2.10504
-2.50441 2.43546
-2.40308 2.73146
-2.56404 2.61407
-2.60709 2.29462
-2.69945 2.28247
-2.67964 2.05248
-2.79477 1.92974
-2.83242 2.21002
-2.9026 1.82877
-2.94292 1.93785
-2.90906 2.17375
-2.97877 2.1524
-2.86042 2.39898
-2.87553 2.58029
-2.78344 2.73161
-2.798 2.91484
-2.69318 3.05651
-2.72516 3.18812
-2.6149 3.39887
-2.71254 3.38418
-2.82 3.08861
-2.78507 3.36022
-2.90397 2.96259
-2.91844 3.05553
-2.88455 3.3088
-2.94385 3.07834
-2.92548 3.21194
-1.85292 4.87337
-1.72257 5.03514
-1.76071 4.88003
-1.92102 4.71669
-1.99907 4.54422
-2.12793 4.4391
-2.06567 4.3546
-1.94395 4.43854
-2.04659 4.21057
-2.18466 4.1232
-2.07529 3.93159
-2.27095 3.75124
-2.18565 3.53014
-2.29741 3.51103
-2.38011 3.53411
-2.38661 3.68925
-2.4867 3.52807
-2.47867 3.31497
-2.58785 3.19907
-2.51478 3.64926
-2.44452 3.71038
-2.4908 3.76718
-2.59617 3.60365
-2.54437 3.76344
-2.64294 3.64415
-2.53336 3.86744
-2.6075 3.82495
-2.53488 3.9648
-2.44221 4.0884
-2.66588 3.69193
-2.82838 3.40556
-2.77889 3.49583
-2.71948 3.57411
-2.34831 4.22066
-2.25362 4.34201
-2.26856 4.21652
-2.36255 3.92899
-2.44923 3.93647
-2.54878 2.98034
-2.68101 2.85482
-2.69612 2.58422
-2.77556 2.55736
-2.42531 2.98182
-2.37988 3.28152
-2.29419 3.24239
-2.29244 3.39808
-2.20259 3.23368
-1.97903 3.72771
-2.18126 3.00197
-2.29755 3.01222
-2.29084 2.86993
-1.91127 3.98303
-1.92868 4.18649
-1.78749 4.16051
-1.78886 4.38414
-1.7677 4.61557
-1.69427 4.82295
-1.57414 4.75435
-1.63682 4.53788
-1.47806 4.63672
-1.34044 4.89337
-1.48877 4.98277
-1.26484 5.13585
-1.04144 5.11009
-1.09127 5.35086
-0.889525 5.47011
-0.953995 5.55591
-0.813047 5.67646
-1.12812 5.50302
-1.24936 5.45073
-1.24458 5.30902
-1.36609 5.26024
-1.44834 5.26347
-1.43276 5.34456
-1.52511 5.25881
-1.59986 5.14341
0.0150604 6.20583
-0.183832 6.12767
-0.142505 6.03141
-0.355886 6.02812
-0.675258 5.80226
-0.492644 5.90512
-0.332704 5.90527
-0.446104 5.70507
-0.674079 5.64142
-0.715178 5.4392
-0.463842 5.44749
-0.209918 5.72735
-0.224677 5.87073
0.0317039 5.96512
0.0625448 6.12589
0.191927 6.13481
0.223545 6.29284
0.366699 6.21399
0.398833 6.39459
0.564072 6.47247
1.3792 6.72898
1.21149 6.70214
0.903576 6.5685
0.763588 6.5288
0.661628 6.41419
0.890547 6.45426
0.780175 6.33165
0.952753 6.33431
1.13239 6.39406
1.03823 6.61055
1.32331 6.51233
1.27805 6.62694
1.43851 6.58269
1.56169 6.58403
1.47092 6.68775
1.91608 6.36762
2.04658 6.23684
2.14843 6.08665
2.23457 5.94381
2.33623 5.64176
2.3961 5.2946
2.58433 4.93502
2.66851 4.73921
2.51673 4.79262
2.44585 4.98101
2.3844 4.72909
2.52093 4.58121
2.3848 4.48597
2.517 4.3272
2.33802 4.23362
2.17669 4.56032
2.08258 4.12829
1.9011 4.38917
1.95681 4.69233
1.7804 4.66894
1.74304 4.37809
1.62127 4.4799
1.63776 4.10886
1.47492 4.33293
1.39286 3.92766
1.28393 4.23806
1.39136 4.63348
1.51892 4.56995
1.58522 4.78809
1.45294 4.9109
1.27258 4.99938
1.56371 5.15322
1.40971 5.40756
1.18493 5.36501
1.03443 5.11346
0.907419 5.37039
0.809183 4.98015
0.637665 5.09562
0.69731 5.34335
0.517726 5.26479
0.371915 4.89359
0.258529 5.11689
0.0481491 4.71218
0.0460968 5.00637
-0.154479 4.78917
-0.076335 5.07781
0.140012 5.26685
-0.0207443 5.31565
0.192045 5.52296
-0.0281792 5.53018
0.231882 5.74511
0.382138 5.68552
0.469361 5.88204
0.550788 5.72233
0.740789 5.91393
0.697172 5.56877
0.997541 5.76796
0.984282 6.02935
0.849537 6.1543
1.07887 6.20691
0.876626 6.25401
0.723166 6.22473
0.533157 6.09698
0.575191 6.28651
0.279682 6.07589
0.281096 5.95959
0.0328293 5.78144
1.19757 6.01733
1.38706 6.16553
1.24895 6.28454
1.39649 6.35862
1.60835 6.27668
1.65562 6.47023
1.75613 6.43193
1.94925 6.20839
1.81511 6.13621
2.01935 5.99368
2.1965 5.8559
2.30399 5.79074
2.36057 5.52696
2.11349 5.79123
2.07513 5.67806
2.08582 5.44677
2.39239 5.41463
2.41857 5.32644
2.50798 5.13058
2.25414 4.97125
2.23723 5.25335
2.02059 5.09988
2.06231 4.84119
1.90152 4.88088
1.77012 5.00357
1.8148 5.29392
1.62901 5.51154
1.82515 5.54952
1.89517 5.72004
1.69403 5.76969
1.75256 5.95952
1.92575 5.90337
1.78342 6.02323
1.63514 6.08756
1.58172 5.9569
1.5024 6.07517
1.40222 5.97185
1.47322 5.72853
1.29563 5.58521
1.25801 5.79067
1.13807 5.59073
0.401923 5.47008
-0.183199 5.59304
-0.307472 5.34202
-0.623315 5.07162
-0.734691 5.22234
-0.905772 4.92717
-1.11677 4.78529
-1.09672 4.57446
-1.27532 4.55708
-1.28578 4.73821
-1.47129 4.44701
-1.55485 4.4765
-1.63951 4.34516
-1.62347 4.1643
-1.79294 3.91956
-1.60934 3.90147
-1.38287 4.24544
-1.3901 3.86087
-1.15627 4.2265
-0.955603 4.50383
-0.85813 4.75401
-0.705329 4.66919
-0.401464 5.02352
-0.492377 4.70159
-0.285262 4.88927
-0.193156 5.1289
-0.185788 5.2778
-0.392358 4.56986
-0.25227 4.42686
-0.48007 4.25506
-0.661844 4.333
-0.663176 3.94673
-0.401756 3.99926
-0.639934 3.54213
-0.83288 3.66879
-0.910156 3.90695
-0.984807 3.59586
-1.10094 3.66491
-1.11978 3.39753
-0.918814 3.38883
-1.05382 3.10569
-1.29929 3.12075
-1.3033 3.54807
-1.46629 3.58383
-1.59607 3.61124
-1.14036 3.90968
-0.929931 4.26004
-0.343665 3.68237
-0.256517 3.94492
-0.107224 4.21707
0.186687 4.47649
0.11405 4.05369
0.282901 4.35065
0.434017 4.61923
0.413232 4.24128
0.673589 4.60291
0.615696 4.8458
0.515224 4.87524
0.960586 4.74665
0.815505 4.46111
0.950533 4.44999
1.13798 4.50067
0.987514 4.24935
0.833381 4.21474
0.902146 3.95784
1.09688 4.07831
1.041 3.7553
0.766637 3.5393
0.67988 3.89122
0.458833 3.5087
0.583985 3.29711
0.41946 3.07787
0.219497 3.21343
0.209145 2.93668
0.0239086 2.9613
0.101851 2.67224
0.274185 2.44997
0.295104 2.77447
0.480886 2.76085
0.689402 3.08844
0.697517 2.73568
0.873112 2.94633
0.991112 3.30085
1.07059 2.94084
1.26435 3.25282
1.212 3.61458
1.37499 3.574
1.53725 3.71827
1.47649 3.39431
1.63896 3.53118
1.6897 3.79828
1.84376 3.99705
1.78059 4.22184
1.79711 3.6353
2.0145 3.66232
2.2572 3.82004
2.20869 3.43768
2.43497 3.5128
2.51653 3.87717
2.50007 4.16568
2.68402 4.08063
2.66504 4.41302
2.76335 4.2259
2.83896 4.06039
2.87694 3.85603
2.97754 3.92253
3.02814 3.75262
2.74451 4.56484
2.85533 4.22915
2.80821 4.37823
2.83391 4.1952
2.91541 4.07983
4.18511 1.17337
4.12881 1.30757
4.13969 1.07523
4.08801 1.36059
4.03437 1.50505
4.04443 1.40366
4.01916 1.56285
3.94232 1.68519
3.86447 1.77989
3.85656 1.86061
3.79619 1.9846
3.72191 2.13341
3.61712 2.138
3.63797 2.3081
3.06787 3.56932
2.9504 3.60352
3.08862 3.37426
3.16512 3.39811
3.24003 3.214
3.14587 3.08472
3.28956 3.02061
3.51881 2.49665
3.38795 2.69298
3.42932 2.27524
3.31973 2.54163
3.25098 2.44658
3.34668 2.08304
3.19609 2.23422
3.07403 2.47921
3.14053 2.63765
2.99012 2.77627
2.91712 2.62835
2.83435 2.80103
2.70716 2.91323
2.81668 2.99897
2.61064 3.18508
2.36704 3.21241
2.67427 3.48755
2.79581 3.22116
2.91838 3.36044
2.97288 3.03367
3.17953 2.76315
3.33037 2.82564
2.77394 3.71186
2.26503 2.99546
2.21415 3.20736
2.0238 3.15666
2.13377 2.76938
1.97868 2.85979
1.81989 2.86193
1.76825 3.17431
1.61301 2.95806
1.60844 3.25276
1.73145 3.40116
1.86106 3.40993
1.44169 3.07437
1.26586 2.90704
1.41958 2.6941
1.12431 2.56786
0.892949 2.67537
0.859005 2.34914
1.02427 2.13169
1.30754 2.22839
1.15214 1.86849
1.50885 2.10695
1.55689 2.41093
1.6314 2.69331
1.76757 2.52789
1.95349 2.64813
1.9465 2.36075
2.09892 2.50295
1.95361 2.05059
1.72453 2.18269
2.14115 1.9413
2.2206 1.73486
2.42407 1.60168
2.56469 1.78783
2.18083 1.42474
0.716821 2.48766
0.525865 2.46971
3.45661 2.00026
3.56275 1.93527
3.67199 1.85145
3.64516 1.62103
3.50879 1.79302
3.53531 1.52751
3.42958 1.91281
3.63537 1.35304
3.75636 1.32526
3.78768 1.59856
3.84801 1.43369
3.85598 1.58151
3.93667 1.43903
3.9512 1.59721
4.03611 1.23932
3.95525 1.16804
3.88101 1.22289
3.8949 0.97427
3.99522 0.962947
3.90924 0.743983
3.98553 0.661279
4.09086 0.857525
4.06823 1.09876
4.13274 0.890587
4.17877 0.888454
4.18721 1.02647
4.18697 0.702026
4.16494 0.527031
4.12174 0.557907
4.12329 0.742542
4.05631 0.561312
4.07032 0.422128
3.99916 0.303113
4.079 0.29072
3.93954 0.0588417
3.79901 -0.186221
3.87893 -0.146373
3.78203 -0.342045
3.6848 -0.419045
3.88345 -0.200088
3.94686 -0.157774
3.9543 -0.0422862
3.98798 -0.0214318
4.01127 0.0901156
4.02891 0.131827
3.99937 0.0976615
4.12341 0.399166
1.1912 3.9184
1.1118 3.91386
-0.207075 2.99175
-0.00848866 3.33081
-0.313595 3.31914
-0.10004 3.65927
-0.147268 3.90549
0.133546 3.68244
0.285566 3.9134
0.466174 3.90923
0.648869 4.22727
0.312863 3.69637
0.223549 3.48267
-0.47831 3.42972
-1.51492 5.11463
-1.63025 4.96393
-1.37672 5.16206
-1.33752 5.39258
-2.97264 3.01168
-3.01248 2.7991
-3.0701 2.58161
-2.98454 2.82023
-2.99792 2.69139
-2.93507 2.75988
-3.00701 2.54315
-3.05711 2.4692
-3.05438 2.30861
-3.09399 2.22662
-3.11573 2.28739
-3.14629 2.09198
-3.13211 1.99023
-3.23609 1.71653
-3.17946 2.14132
-3.13369 2.36075
-3.28641 1.69756
-3.22992 1.92387
-3.33067 1.52223
-3.31578 1.31611
-3.2389 1.51245
-3.20637 1.67208
-3.23354 1.38895
-3.11346 1.77184
-3.04935 2.13845
-2.96958 2.48065
-3.03765 1.74857
-3.13839 1.36262
-2.99753 1.54187
-3.08282 1.13983
-2.99366 1.28082
-2.90179 1.53591
-2.9418 1.19016
-3.0231 1.03174
-2.98202 1.01727
-3.01416 0.883031
-2.91827 1.00816
-3.00816 0.67479
-2.83971 0.774925
-2.771 1.23679
-2.86423 1.32665
-2.74325 1.67452
-2.98788 0.31111
-3.1241 0.377971
-3.13097 0.0487576
-3.21418 0.141325
-3.22155 -0.100191
-3.28741 -0.0522277
-3.29465 0.216468
-3.33696 0.0222239
-3.27805 0.551572
-3.216 0.397645
-3.12895 0.740248
-3.2081 0.932223
-3.30332 0.774241
-3.25964 1.0489
-3.3768 0.78627
-3.32919 1.09639
-3.41275 0.932402
-3.46243 0.629278
-3.55748 0.692644
-3.51434 0.848073
-3.4652 1.0003
-3.38246 1.33095
-3.42977 1.146
-3.35871 0.563757
-3.33593 -0.214461
-3.24852 -0.345183
-3.193 -0.702307
-3.15016 -0.543969
-3.16073 -0.264598
-3.01415 -0.138461
-3.12113 -0.732841
-3.36494 -0.297988
-2.86591 0.0508813
-2.79046 0.404423
-2.71784 0.136692
-2.56947 0.00494978
-2.44862 -0.0768737
-2.88984 -0.186698
-2.86079 2.77807
-1.6068 1.92475
-1.42637 1.79793
-1.24277 1.96308
-1.2332 1.565
-1.07025 1.68937
-1.04063 2.01369
-0.958634 2.26078
-0.854305 2.01338
-0.805787 2.28001
-0.629685 2.44102
-0.669465 2.07545
-0.495495 2.16912
-0.50759 1.8618
-0.382169 1.73187
-0.49001 1.47771
-0.352915 1.13687
-0.556984 1.05351
-0.687152 1.31835
-0.790151 0.962343
-0.890811 1.41953
-0.716377 1.70034
-0.914839 1.76423
-1.07234 1.38847
-0.984431 1.13402
-0.991606 0.782753
-0.810995 0.408245
-0.607612 0.65009
-0.609385 0.279968
-0.456772 0.424546
-0.428651 0.785989
-0.326428 0.588868
-0.281099 0.849941
-0.174338 0.628681
0.025239 0.728147
-0.0466185 0.250965
0.183114 0.398205
0.23243 0.839944
0.404732 0.5484
0.424584 1.01023
0.658839 0.743034
0.607143 1.21134
0.944351 0.647075
0.814331 0.299779
0.585464 0.296027
0.713717 -0.0730187
0.387889 -0.00753209
0.603395 -0.468908
0.37202 -0.391294
0.169288 -0.346184
0.35712 -0.706842
-0.0207605 -0.729405
0.00477695 -0.406917
-0.00636005 -0.162663
-0.0948267 -0.377537
-0.173068 -0.108049
-0.254991 -0.464947
-0.278533 -0.81335
-0.451779 -0.711098
-0.419227 -0.347122
-0.578625 -0.410169
-0.481868 -0.00331771
-0.699437 -0.0649063
-0.79061 -0.544554
-0.934793 -0.0961995
-1.04276 0.37047
-1.12686 0.0498447
-0.98188 -0.532754
-0.947636 -0.890142
-0.774796 -1.00155
-0.635556 -0.76309
-0.589903 -1.11279
-0.404093 -1.02448
-0.442431 -1.32984
-0.24653 -1.1038
-0.262196 -1.44645
-0.0364437 -1.2146
0.230441 -1.06687
0.164173 -1.35008
-0.038765 -1.5373
0.275661 -1.58973
0.420009 -1.30551
0.636938 -1.48179
0.685236 -1.25645
0.971617 -1.35358
0.847666 -1.03756
0.528668 -1.04327
0.632663 -0.816298
0.830373 -0.737692
1.10246 -0.816244
0.964286 -0.438844
1.32078 -0.55458
1.21925 -0.232684
1.53648 -0.247329
1.35973 -0.024665
1.54742 0.0822915
1.33505 0.344628
1.18418 0.045137
1.05407 0.286952
0.982988 -0.0393929
1.12755 0.5292
1.51401 0.69803
1.72143 0.400034
1.80545 0.0167539
1.99671 0.266267
2.24439 0.328014
2.34456 0.580755
2.51498 0.379787
2.74676 0.556063
2.71501 0.25138
2.90564 0.22827
2.99359 0.583109
3.13131 0.252156
3.1453 0.557827
3.09347 0.825185
2.97583 0.831208
2.96465 1.06012
3.08192 1.03961
3.0496 1.25385
3.13529 1.35162
3.163 1.53957
2.99318 1.87269
3.20905 0.478991
3.29004 0.443006
3.29525 0.127913
3.41937 0.412202
3.51479 0.629934
3.51104 0.394314
3.53623 0.24077
3.64525 0.302156
3.69007 0.495298
3.53937 0.0244585
3.63792 0.0393931
3.5025 -0.259646
3.41896 -0.169703
3.46164 0.0348843
3.36377 -0.0607443
3.30063 -0.267932
3.31 -0.436522
3.1997 -0.431444
3.22114 -0.203717
3.11309 -0.420929
3.08525 -0.271646
2.99479 -0.510525
2.94691 -0.332398
3.04608 -0.0799869
2.87998 -0.105895
2.99959 0.0668744
2.75781 0.0403323
2.63259 -0.227819
2.57516 0.0638768
2.3704 -0.177113
2.41125 -0.447387
2.55832 -0.540081
2.76629 -0.409417
2.659 -0.649536
2.82651 -0.590165
2.64272 -0.860126
2.86978 -0.75876
3.0662 -0.655877
2.9128 -0.89104
3.0167 -0.905262
3.18398 -0.709666
3.19179 -0.564543
3.35547 -0.604079
3.2753 -0.84559
3.21457 -0.814581
3.16942 -0.958557
3.10311 -0.941533
3.05898 -1.1033
2.9518 -1.10956
2.84399 -1.07706
2.75625 -1.31042
2.67604 -1.2087
2.52105 -1.41387
2.50328 -1.2243
2.72829 -1.01648
2.56578 -1.05289
2.3673 -1.10524
2.41468 -0.825314
2.09919 -1.08809
2.14485 -0.828697
1.81128 -1.03831
1.92255 -0.676465
2.20755 -0.612527
2.11608 -0.558
2.23242 -0.434082
2.07024 -0.467677
2.1447 -0.289825
1.89394 -0.330486
1.62886 -0.557653
1.48441 -0.885959
2.12349 -0.0124331
2.37791 0.117757
2.35784 -0.659297
1.41082 -1.29905
1.79362 -1.35259
1.48311 -1.64188
1.13725 -1.58234
0.853255 -1.58984
0.904024 -1.76256
1.15495 -1.77702
0.705256 -1.89124
0.582444 -1.73616
0.225037 -1.86531
-0.0360785 -1.80735
-0.0563192 -2.03281
-0.284391 -2.00087
-0.278366 -1.7538
-0.475221 -1.66481
-0.517752 -1.97266
-0.648147 -1.83083
-0.656169 -1.54675
-0.790891 -1.81962
-0.862738 -1.6161
-0.995235 -1.93652
-0.775062 -2.05868
-0.971761 -2.21671
-1.14665 -2.18414
-1.20118 -2.00781
-1.1039 -2.3367
-0.962299 -2.39314
-0.822012 -2.27596
-0.737194 -2.41157
-0.64332 -2.2136
-0.458462 -2.15288
-0.292713 -2.18964
-0.504329 -2.30987
-0.763347 -1.33047
1.27353 -1.89676
1.50961 -1.85718
1.77599 -1.72972
1.78267 -1.54194
1.99122 -1.50925
1.9008 -1.43701
2.06136 -1.31077
2.24189 -1.34651
2.35606 -1.41244
2.173 -1.52474
2.30728 -1.57169
2.40612 -1.63889
2.5838 -1.54165
2.44373 -1.7244
2.30299 -1.79924
2.18545 -1.76593
2.1318 -1.95606
1.99748 -1.92622
1.94544 -2.06027
1.83635 -2.03617
1.83697 -1.90095
1.62844 -1.93188
1.95013 -1.7517
2.0028 -1.6402
2.11382 -1.67829
2.02187 -1.80819
2.1585 -2.04683
2.30811 -1.89498
2.29506 -1.96759
2.45988 -1.8225
2.5801 -1.65675
2.63161 -1.6761
2.74119 -1.49855
2.91178 -1.28737
2.90098 -1.42051
3.04121 -1.23906
3.17192 -1.049
3.1613 -1.15751
3.00562 -1.34605
3.08999 -1.28302
3.20182 -1.1693
3.33439 -1.05557
3.13115 -1.29041
2.98523 -1.4607
2.99351 -1.42875
2.85913 -1.60794
2.87959 -1.51797
2.77302 -1.56338
2.71441 -1.69582
2.54068 -1.84303
2.71303 -1.75023
2.78236 -1.68906
2.60753 -1.81356
2.89986 -1.53575
2.56004 -1.79579
2.36989 -1.96791
2.17646 -2.10332
1.1668 -1.10084
3.16387 -0.0457652
3.43655 0.182004
-0.32518 -0.137677
-0.285723 0.236351
0.130054 0.0259262
0.273791 1.18618
3.64514 -0.672114
-3.47881 -0.410725
-3.48308 -0.497978
-3.44924 -0.675676
-3.47662 -0.594298
-3.42199 -0.767786
-3.4687 -0.599602
-3.4254 -0.780106
-3.37358 -0.922352
-3.34083 -0.977904
-3.30215 -1.10558
1.61909 -2.44494
0.172431 -2.51657
0.486153 -2.49681
0.846119 -2.49441
1.05067 -2.51751
-1.98318 -2.46729
-1.98741 -2.34169
-1.94678 -2.22819
-2.01288 -2.03495
-1.93773 -2.00267
-1.27021 -1.35593
