-2.92548 3.21194
-2.88455 3.3088
-2.53488 3.9648
-2.34831 4.22066
-1.85292 4.87337
-1.72257 5.03514
-1.52511 5.25881
-1.43276 5.34456
-0.355886 6.02812
-0.183832 6.12767
0.564072 6.47247
1.21149 6.70214
1.3792 6.72898
1.47092 6.68775
1.91608 6.36762
2.04658 6.23684
2.14843 6.08665
2.23457 5.94381
2.30399 5.79074
4.18511 1.17337
4.18721 1.02647
4.18697 0.702026
4.16494 0.527031
3.94686 -0.157774
3.8811 -0.303077
3.79637 -0.442308
3.59317 -0.762007
3.53335 -0.847777
3.44276 -0.961834
3.34134 -1.08508
3.21807 -1.2196
2.85913 -1.60794
2.78236 -1.68906
2.71303 -1.75023
2.56833 -1.87458
2.2685 -2.11127
2.19223 -2.16448
1.98833 -2.28725
1.85809 -2.35413
1.71608 -2.42038
1.53666 -2.50088
1.3304 -2.55543
-0.617118 -2.9866
-0.840727 -3.03074
-1.05763 -3.00894
-1.22394 -2.96197
-1.54274 -2.85655
-1.73447 -2.77564
-2.01701 -2.63337
-2.2475 -2.50279
-2.38144 -2.40898
-2.43026 -2.36527
-2.5465 -2.24277
-2.5835 -2.1975
-2.96535 -1.67416
-3.18726 -1.347
-3.30215 -1.10558
-3.84795 0.28588
-3.82103 0.539677
