-3.57851 5.36351
-3.52827 5.48603
-3.4794 5.53657
-3.41301 5.61941
-3.29954 5.58219
-3.18526 5.68569
-3.18941 5.5535
-3.28071 5.43864
-3.15855 5.42836
-3.09352 5.54088
-3.03939 5.37112
-2.9802 5.49785
2.46997 3.10779
2.54678 3.26732
2.68148 3.47734
2.53522 3.37385
2.64829 3.59041
2.49365 3.45846
2.58486 3.71022
2.39789 3.52612
2.53845 3.93712
2.34944 3.68501
2.33714 3.95831
2.49776 4.20575
2.41289 4.36969
2.55347 4.45238
2.63254 4.33007
2.66107 4.65607
2.79787 4.57868
2.80604 4.91591
2.924 4.90555
2.93787 4.71526
3.01051 4.90876
3.08564 4.90505
3.05898 5.16157
3.19093 5.25931
3.1621 5.52588
3.30868 5.6844
3.25896 5.80332
3.37928 6.03126
3.43983 5.92411
3.42634 5.75659
3.48176 5.97023
3.50058 6.01938
3.48598 6.14322
3.55815 6.22574
3.56015 6.1199
3.52875 5.9712
3.60012 6.07725
3.6088 6.25627
3.6643 6.25342
3.54379 5.87489
3.66449 6.42594
3.60889 6.52159
3.60234 6.37172
3.54338 6.37955
3.53111 6.57644
3.45725 6.36089
3.34059 6.24983
3.25084 6.0048
3.23673 6.22663
3.31206 6.36323
3.37702 6.46381
3.27825 6.48701
3.37133 6.66235
3.45018 6.62358
3.43909 6.82799
3.5186 6.78438
3.50603 6.98506
3.37251 7.17419
3.29839 7.01602
3.27164 7.2557
3.14808 6.96903
3.08246 7.24416
3.00508 6.93923
3.05952 6.81743
2.97511 6.66201
3.10821 6.72469
3.06578 6.50074
3.18328 6.59934
3.21668 6.81116
3.26893 6.68873
3.34062 6.84436
3.15823 6.36966
3.10017 6.15966
3.10748 5.94056
2.97864 5.98685
2.94826 5.77016
3.01773 5.65041
3.14183 5.74011
3.05866 5.45008
2.93989 5.42001
2.93515 5.18213
2.80818 5.24189
2.68945 4.96766
2.69378 5.23742
2.77119 5.40574
2.87625 5.54059
2.79153 5.56653
2.86502 5.66991
2.8227 5.77154
2.67735 5.56123
2.69441 5.42399
2.60976 5.32565
2.57708 5.06268
2.49878 5.19346
2.45108 4.92943
2.54186 4.72288
2.39697 4.64718
2.25791 4.42051
2.27015 4.15797
2.0803 4.05817
2.09377 4.47445
2.26946 4.78617
2.06951 4.82863
2.21975 5.02231
2.12649 5.07628
2.22606 5.25017
2.36372 5.16236
2.38709 5.44897
2.25064 5.58715
2.4851 5.77155
2.52302 5.46812
2.66396 5.77187
2.6621 6.00145
2.55719 5.99721
2.62645 6.17948
2.46602 6.00893
2.47837 6.19213
2.30854 6.03546
2.34875 5.84647
2.23065 5.81781
2.02689 5.79007
1.99799 5.18759
1.75743 5.3199
1.67898 4.93016
1.82228 4.72729
1.93577 4.51704
1.70917 4.33641
1.91698 4.23656
1.75602 4.0167
1.90975 4.02948
1.85237 3.82631
1.9606 3.70614
2.11052 3.72743
1.88966 3.46202
1.99036 3.35325
2.20398 3.62335
2.21189 3.97601
2.2052 3.41338
2.00062 3.12386
2.21115 3.22515
2.01661 2.94716
2.25157 3.0782
2.06077 2.87181
2.14949 2.85791
2.34819 3.00089
2.21018 2.80992
2.04929 2.70329
2.08842 2.66091
1.96216 2.53417
1.966 2.58809
1.8083 2.44872
1.915 2.59427
1.78603 2.52134
1.95778 2.70505
1.77875 2.63496
1.5807 2.43882
1.63141 2.35106
1.47655 2.28381
1.47734 2.18189
-3.13262 4.84631
-3.28204 4.82831
-3.25564 5.0744
-3.06845 4.97504
-3.10567 5.18041
-3.21477 5.29938
-3.12637 5.32844
-3.36691 5.30421
-3.42337 5.47436
-3.42429 5.19174
-3.53278 5.16642
-3.67537 5.21401
-3.56755 5.03715
-3.41718 5.02437
-3.43896 4.86032
-3.30243 4.60134
-3.48112 4.75356
-3.58323 4.92184
-3.64027 4.81631
-3.68234 5.01029
-3.66139 5.06807
-3.75115 5.1495
-3.76434 4.96181
-3.76385 5.06049
-3.71905 4.7887
-3.57378 4.5529
-3.43583 4.57449
-3.4242 4.40323
-3.3554 4.40026
-3.31541 4.44029
-3.29916 4.25914
-3.17403 4.30392
-3.2541 4.00411
-3.44066 4.24321
-3.36658 3.98501
-3.50354 4.11853
-3.61415 4.42208
-3.68618 4.64591
-3.71829 4.62901
-3.70727 4.49107
-3.60948 4.26811
-3.64762 4.23112
-3.53887 4.07509
-3.4637 3.98163
-3.47033 3.92917
-3.40483 3.88206
-3.40214 3.92635
-3.32177 3.78004
-3.25335 3.80032
-3.2949 3.62921
-0.838961 1.71728
-0.651183 1.63737
1.06006 1.79563
0.925928 1.78686
0.757773 1.76097
0.536125 1.7265
0.302704 1.70835
0.0247412 1.64609
-0.394316 1.62833
-0.507819 1.62613
-0.391874 1.68009
-0.602462 1.68601
-0.769067 1.72689
-0.713998 1.76003
-0.553679 1.74136
-0.663086 1.81761
-0.512837 1.83879
-0.711187 1.94367
-0.55026 1.98577
-0.341135 1.93586
-0.328066 1.81846
-0.227193 1.87284
-0.133582 1.94962
-0.100357 1.87627
-0.175116 1.8125
0.00713444 1.83304
-0.10495 1.77595
0.0224838 1.7577
0.218767 1.84223
0.163197 1.89001
0.355331 1.9679
0.0773029 1.94186
0.245836 2.07887
0.472146 2.10727
0.44938 2.2739
0.0600119 2.20112
0.0118036 2.04163
-0.18075 2.06713
-0.238114 2.22461
-0.404001 2.08407
-0.492901 2.25659
-0.589722 2.11604
-0.695376 2.06589
-0.761079 2.24261
-0.814425 2.07963
-0.91871 2.03164
-0.804043 1.87989
-0.943829 1.94323
-0.871665 1.83209
-1.04322 1.95078
-0.944836 1.82451
-0.998457 1.81298
-1.05345 1.91094
-1.14142 1.95292
-1.10622 1.89732
-1.99436 2.37885
-1.92505 2.42887
-2.06763 2.43317
-2.10492 2.41764
-2.24552 2.51887
-2.19797 2.46604
-2.39891 2.5996
-2.30952 2.53796
-2.51588 2.66245
-2.67887 2.75631
-2.9249 2.922
-3.17656 3.04896
-3.18397 3.1045
-3.22255 3.18566
-3.28666 3.22894
-3.35406 3.41054
-3.31761 3.55742
-3.41609 3.63975
-3.39151 3.73498
-3.51075 3.83802
-3.52147 3.94354
-3.62133 4.07611
-3.68828 4.3065
-3.73538 4.49858
-3.74634 4.43971
-3.6984 4.27802
-3.75568 4.48351
-3.70516 4.29519
-3.74837 4.45997
-3.74309 4.46498
-3.68289 4.23651
-3.63666 4.10373
-3.60002 4.02777
-3.63475 4.18564
-3.56622 3.97142
-3.59592 4.14896
-3.52707 3.91877
-3.51975 3.9775
-3.46507 3.72828
-3.50163 3.8012
-3.451 3.61636
-3.40426 3.47784
-3.4024 3.55526
-3.34152 3.42331
-3.3476 3.33038
-3.37456 3.33072
-3.41598 3.41375
-3.35909 3.25244
-3.31532 3.20547
-3.29453 3.14669
-3.2808 3.14281
-3.23898 3.04927
-3.19095 3.0146
-3.13814 2.95641
-3.16586 2.9949
-3.08249 2.94036
-3.00768 2.92701
-3.0963 2.96793
-2.99072 2.93643
-2.86837 2.89838
-2.81059 2.85947
-2.60212 2.79137
-2.78815 2.89086
-2.64745 2.84188
-2.44894 2.73414
-2.35279 2.66794
-2.41601 2.70137
-2.26673 2.61221
-2.42114 2.68138
-2.23179 2.56715
-2.02231 2.46988
-2.11223 2.50749
-2.02981 2.48036
-2.14789 2.50847
-1.95917 2.43917
-1.86387 2.37667
-1.71415 2.30477
-1.71951 2.3234
-1.83184 2.37553
-1.70942 2.31719
-1.5536 2.20111
-1.53159 2.21447
-1.42302 2.12229
-1.26879 2.02051
-1.44718 2.17771
-1.31368 2.1031
-1.52109 2.23403
-1.42531 2.17205
-1.67767 2.33117
-1.73066 2.35695
-1.94283 2.47409
-1.9402 2.46443
-2.19349 2.61478
-2.11121 2.55841
-1.90243 2.41882
-1.73939 2.34919
-1.86434 2.39318
-1.59949 2.25524
-1.59885 2.27043
-2.10679 2.56949
-2.201 2.65132
-2.39909 2.74163
-2.32139 2.77743
-2.51712 2.83574
-2.67694 2.91276
-2.82323 2.9322
-2.82769 2.92848
-2.90186 2.95638
-2.95457 2.94412
-2.96762 2.98992
-3.11132 3.01167
-3.21902 3.0851
-3.19447 3.15391
-3.28778 3.243
-3.24822 3.09742
-3.24873 3.31427
-3.28247 3.47962
-3.37991 3.62449
-3.32038 3.68944
-3.44243 3.93028
-3.34635 3.93298
-3.23186 3.72041
-3.21727 3.51939
-3.13196 3.55028
-3.14545 3.38649
-3.21001 3.38016
-3.16221 3.26978
-3.0838 3.28388
-3.04446 3.40753
-2.95632 3.24433
-3.08449 3.17528
-2.9598 3.08765
-2.7766 3.10053
-2.73355 3.27623
-2.61359 3.12862
-2.57143 3.0169
-2.6771 2.99093
-2.50335 2.90214
-2.37087 2.92677
-2.34739 2.84658
-2.16767 2.78973
-2.19986 2.92332
-2.42941 3.05486
-2.30258 3.06002
-2.39845 3.12057
-2.50765 3.19785
-2.32389 3.15879
-2.38715 3.31281
-2.57417 3.34919
-2.69955 3.48612
-2.89785 3.47966
-2.81207 3.66029
-2.97164 3.791
-3.03163 3.58611
-3.1357 3.78496
-3.09488 3.96937
-3.2111 4.05188
-3.25472 3.91902
-3.33561 4.15283
-3.46751 4.23697
-3.4156 4.47013
-3.53028 4.62267
-3.58617 4.50877
-3.53585 4.19557
-3.48116 4.11501
-3.65581 4.47955
-3.66478 4.7499
-3.73186 4.79217
-3.74945 4.61407
-3.67741 4.36132
-3.71502 4.40151
-3.77688 4.58297
-3.80871 4.68373
-3.7755 4.59492
-3.79843 4.66271
-3.84373 4.79954
-3.78466 4.63843
-3.83909 4.80334
-3.80432 4.70352
-3.7643 4.61646
-3.78279 4.73343
-3.85077 4.86884
-3.86452 4.92243
-3.77739 4.81467
-3.87615 4.98448
-3.80803 4.94473
-3.95009 5.17099
-3.89002 5.00825
-3.90381 5.17172
-3.81089 4.90545
-3.81978 4.78294
-3.80681 5.04719
-3.73497 4.94533
-3.7653 5.12368
-3.86207 5.31668
-3.71351 5.29463
-3.67553 4.98189
-3.58137 4.96612
-3.61041 4.77147
-3.47726 4.76798
-3.47835 5.05492
-3.58219 5.22552
-3.52822 5.40143
-3.42275 5.23133
-3.30906 5.04661
-3.33434 5.39883
-3.19147 5.24233
-3.08832 4.93655
-3.21531 4.74192
-3.08201 4.5587
-2.94986 4.64702
-2.88704 4.27446
-2.80835 4.55839
-2.79256 4.39343
-2.68492 4.39412
-2.67508 4.04564
-2.81847 3.8972
-2.64379 3.72048
-2.51503 3.88731
-2.42777 3.68989
-2.50546 3.49561
-2.22735 3.47278
-2.23928 3.76836
-2.01772 3.66085
-2.00073 3.41671
-1.8729 3.47101
-1.82045 3.2314
-2.04371 3.29354
-1.97519 3.1639
-1.84799 3.00626
-2.01287 3.077
-2.16461 3.21463
-2.13284 3.03624
-1.95655 2.95963
-1.98227 2.85192
-1.81386 2.8289
-1.70099 2.84262
-1.65021 2.9654
-1.57637 2.77563
-1.62002 2.66541
-1.44667 2.6319
-1.46155 2.80826
-1.30082 2.65025
-1.29961 2.85834
-1.48244 3.03444
-1.63776 3.11946
-1.58405 3.293
-1.7286 3.44553
-1.56534 3.64062
-1.78872 3.6732
-1.65274 4.00693
-1.87246 3.92529
-2.08024 3.99569
-1.91023 4.17341
-1.77933 4.14387
-1.79462 4.37371
-1.91195 4.39691
-2.0233 4.2797
-2.00382 4.61018
-2.18519 4.2645
-2.2723 4.00608
-2.383 3.88966
-2.44099 4.19527
-2.24999 4.58815
-2.47223 4.63519
-2.65813 4.75948
-2.83973 4.94629
-2.64268 5.05603
-2.70471 5.30658
-2.97929 5.38465
-2.66318 5.6912
-2.89186 5.78713
-3.1754 5.71246
-3.18383 5.43658
-3.43938 5.7007
-3.59549 5.65789
-3.65668 5.51444
-3.62173 5.3676
-3.76081 5.57696
-3.82922 5.51706
-3.79458 5.77245
-3.94825 5.41913
-2.65438 8.2192
-2.73033 8.04047
-2.52199 8.16997
-2.40441 8.41527
-2.35288 8.30913
-2.45937 8.13879
-2.62088 8.01785
-2.64197 7.94527
-2.80135 7.86616
-2.79578 7.72974
-2.52275 7.9668
-2.68002 7.68723
-2.47402 7.86209
-2.30304 8.09776
-2.26524 8.25929
-2.28639 8.33472
-2.1779 8.43743
-2.06923 8.50458
-2.07403 8.59714
-2.18871 8.47416
-2.10613 8.60904
-2.23312 8.47787
-2.26015 8.39241
-2.15447 8.72118
-1.79028 9.25251
-1.60353 9.36939
-1.72227 9.20381
-1.92092 9.00913
-1.7966 9.03771
-1.63801 9.17878
-1.57876 9.31566
-1.48995 9.33884
-1.46694 9.44597
-1.47894 9.52979
-1.29773 9.60252
-1.37769 9.68643
-1.2202 9.74591
-1.21128 9.85618
-1.00899 9.92434
-0.843007 9.97024
-0.949017 9.83898
-0.712154 9.95532
-0.77498 9.84751
-0.902384 9.73978
-0.734948 9.75132
-0.942953 9.565
-1.09957 9.64379
-1.18655 9.42144
-1.06981 9.32946
-1.20502 9.27692
-1.2063 9.13122
-0.991229 9.16637
-0.862949 9.40256
-0.758849 9.26497
-0.845246 9.06588
-1.00978 8.94298
-0.827958 8.85757
-1.06979 8.71214
-0.905063 8.62787
-1.05361 8.46751
-1.21149 8.521
-1.30111 8.68712
-1.16217 8.85713
-1.27887 8.91854
-1.44674 8.77968
-1.53688 8.51795
-1.38712 8.42945
-1.55418 8.30719
-1.46793 8.18091
-1.66729 8.07753
-1.72212 8.23838
-1.90891 7.90417
-1.76897 7.78564
-1.57962 7.95465
-1.61045 7.69124
-1.38889 7.95805
-1.24616 8.27337
-1.19141 8.05387
-1.01067 8.19462
-0.848551 8.42782
-0.751789 8.18094
-0.885005 7.95507
-1.07358 7.92148
-0.972203 7.73418
-1.15491 7.65307
-1.01172 7.40388
-0.754595 7.69031
-0.786679 7.28134
-1.00059 7.01105
-1.19125 7.07249
-1.2679 7.33641
-1.41748 6.98921
-1.47779 7.2428
-1.67006 6.94637
-1.68663 7.30395
-1.92221 6.93353
-1.86635 6.71974
-1.75044 6.61463
-1.97591 6.46282
-1.85428 6.21593
-1.57467 6.56201
-1.47998 6.2381
-1.76854 5.94592
-1.64834 5.75494
-1.4443 5.91188
-1.44984 5.52812
-1.30777 5.88127
-1.17449 5.75056
-1.22744 5.31531
-0.964919 5.64566
-1.05081 5.19484
-0.85437 5.45187
-0.911073 5.13636
-0.749919 5.38438
-0.800287 5.0848
-0.638161 5.3222
-0.588039 5.6998
-0.726933 5.5815
-0.736293 5.77044
-0.528243 6.22329
-0.778246 6.01169
-0.958796 6.03975
-0.739179 6.38845
-0.983822 6.37294
-1.15209 6.07791
-1.19757 6.30448
-1.31451 6.09173
-1.19706 6.54131
-1.32663 6.73952
-1.12675 6.78011
-0.992826 6.68033
-1.08389 6.47866
-0.820654 6.63455
-0.796744 6.92818
-0.640163 6.79243
-0.518007 6.64029
-0.432659 7.00055
-0.593567 7.15294
-0.355287 7.42753
-0.59144 7.46049
-0.482361 7.72244
-0.593099 7.97729
-0.747611 7.95737
-0.484351 8.26729
-0.656765 8.41464
-0.48204 8.52847
-0.691361 8.64625
-0.456889 8.76221
-0.611101 8.87349
-0.604239 9.10869
-0.436483 8.98314
-0.410057 9.13268
-0.332269 9.31313
-0.534617 9.37107
-0.655087 9.46581
-0.48061 9.53869
-0.537517 9.62291
-0.707182 9.60034
-0.490363 9.78525
-0.576956 9.90567
-0.300262 9.98336
-0.4658 10.0527
-0.665222 10.0737
-0.381072 10.2074
-0.0167866 10.2581
-0.178486 10.1349
0.118004 10.1687
-0.0685015 10.0718
0.0742054 10.0126
-0.119548 9.97836
-0.260426 9.87626
-0.101919 9.87231
-0.325879 9.71009
-0.0996294 9.71957
-0.317006 9.5336
-0.0970364 9.54155
-0.0697136 9.36506
-0.232133 9.13531
-0.00265026 9.22367
-0.0583963 9.03531
-0.254576 8.89609
-0.217675 8.6199
-0.0810833 8.84566
0.0849247 8.73809
0.0425472 8.45823
0.254755 8.58927
0.234469 8.38586
0.386678 8.49142
0.383829 8.30247
0.113064 8.13819
0.424464 8.07488
0.256842 7.85122
0.483839 7.80034
0.294182 7.55517
0.499498 7.48282
0.279528 7.16723
0.521152 7.17779
0.351558 6.82083
0.151618 6.80861
-0.0127859 6.90109
-0.00869274 6.59673
0.131926 6.5048
-0.0795097 6.23493
-0.161071 6.43832
-0.32255 6.04044
-0.291416 6.43073
-0.28399 6.7786
-0.171389 6.64652
-0.0889244 6.65552
-0.102098 7.13813
-0.246602 7.17066
-0.0911369 7.4499
-0.164441 7.65026
-0.280655 7.74287
-0.100829 7.88953
-0.324414 8.00348
-0.127452 8.08664
-0.195445 8.29038
-0.350077 8.42767
0.0774231 7.85041
-0.0257168 7.70599
0.109346 7.63517
0.0882702 7.32364
-0.180043 5.70184
0.0759459 6.11788
0.065443 5.78271
0.243146 6.07481
0.223362 5.80165
0.386416 6.00097
0.325125 5.5829
0.116838 5.58023
0.065505 5.30359
0.175797 5.19552
0.0124226 4.96472
-0.130071 5.07451
-0.152554 4.77116
-0.309567 4.79038
-0.270133 4.47476
-0.0263405 4.56795
-0.206543 4.13146
0.0759459 4.23599
-0.0399542 3.89243
-0.2971 3.72304
-0.112587 3.62603
-0.272887 3.42606
-0.450349 3.47509
-0.484382 3.23601
-0.635954 3.37043
-0.747619 3.09669
-0.817169 3.30761
-1.01365 3.12073
-0.922 2.86903
-0.746396 2.86319
-0.815203 2.67548
-1.01608 2.66499
-0.889593 2.4733
-1.11527 2.50508
-0.974101 2.33592
-1.11866 2.32419
-0.952394 2.19063
-1.10141 2.18912
-1.08012 2.07297
-1.25825 2.22127
-1.22587 2.11219
-1.17497 2.01306
-1.07728 1.933
-1.20219 2.02997
-1.33464 2.14091
-1.53092 2.26004
-1.47282 2.30281
-1.72995 2.42049
-1.84217 2.45946
-1.93091 2.53598
-1.94712 2.50411
-2.04245 2.56493
-2.09661 2.65584
-1.91227 2.62031
-1.97689 2.74593
-1.83674 2.63997
-1.71846 2.51312
-1.78671 2.66988
-1.57047 2.49124
-1.43051 2.48526
-1.39869 2.36131
-1.26701 2.33324
-1.28163 2.47717
-1.1782 2.69494
-0.607924 2.50417
-0.286185 2.42911
-0.366455 2.6357
-0.126272 2.61482
-0.0456371 2.47533
-0.070158 2.34778
0.185445 2.43235
0.0768232 2.59412
0.317715 2.68511
0.0651197 2.77434
0.255675 2.89772
0.499902 2.93515
0.621058 2.70754
0.738891 2.89036
0.910375 2.74855
0.742822 2.52796
0.500794 2.49639
0.615037 2.40874
0.746878 2.36193
0.673929 2.19085
0.949114 2.29171
1.00562 2.52374
1.16214 2.44484
1.29224 2.63463
1.36264 2.51933
1.54226 2.7439
1.60112 2.61895
1.7916 2.85679
1.81614 2.76722
1.92149 2.7855
1.74572 3.01827
1.46654 2.90566
1.70536 3.1969
1.50072 3.10373
1.61015 3.2977
1.40396 3.23183
1.52095 3.51006
1.30561 3.40865
1.31615 3.68685
1.56346 3.81967
1.67932 3.69202
1.76143 3.53333
1.72241 3.82717
1.58303 4.06964
1.41676 3.95819
1.42289 4.22523
1.55188 4.56501
1.32793 4.43004
1.37154 4.74105
1.54081 5.07413
1.30896 5.09607
1.55898 5.32341
1.68658 5.64553
1.44497 5.51521
1.53231 5.88982
1.77681 6.04475
1.59115 6.25505
1.82424 6.39576
1.98548 6.24042
1.98294 6.49081
2.09758 6.43846
2.18799 6.23107
2.2655 6.5063
2.40596 6.35225
2.41055 6.54903
2.5673 6.59523
2.58958 6.3529
2.77607 6.46105
2.80343 6.81549
2.57071 6.89079
2.34593 6.75485
2.39403 7.06413
2.15104 6.9638
2.21046 7.17291
2.00731 7.16905
2.1464 7.379
1.92252 7.37106
2.00342 7.51809
2.17057 7.64727
1.89031 7.69968
1.88277 7.50788
1.75388 7.45678
1.7667 7.20045
1.54267 7.30091
1.57954 6.97913
1.31687 7.07052
1.32944 6.72489
1.11171 6.83925
1.08331 7.12165
1.28941 7.41775
1.03219 7.42604
1.17712 7.58762
1.08089 7.75958
0.871864 7.59858
0.836004 7.35146
0.875772 7.13273
0.702461 7.16115
0.691189 7.42129
0.560559 6.95087
0.697387 6.88889
0.499392 6.6693
0.650159 6.57614
0.882558 6.81581
0.79415 6.47049
0.967381 6.63095
1.11059 6.6149
0.970984 6.35543
1.1866 6.45682
1.3831 6.3943
1.63998 6.62986
1.39441 6.09381
1.15979 6.11677
1.27447 5.74824
1.0157 5.71135
0.878836 5.96066
0.773975 5.59415
0.878954 5.32537
0.699237 5.34813
0.615589 5.07089
0.842984 4.89873
1.08563 5.17459
1.06136 4.90284
0.93743 4.68745
1.12067 4.71056
0.93953 4.49995
0.732971 4.49631
0.834469 4.25389
0.604189 4.18681
0.683428 3.96642
0.40584 3.93385
0.528045 3.74391
0.342884 3.66141
0.477238 3.48417
0.760372 3.69072
0.739542 3.38211
0.87254 3.54915
1.03647 3.68887
0.961016 3.41896
1.14394 3.47817
1.13069 3.1979
0.896936 3.21464
0.917165 3.00433
1.09144 2.92881
1.30804 2.99843
1.18373 2.77059
0.715888 3.10327
0.504502 3.20566
0.317108 3.06659
0.264506 3.25416
0.0746889 3.02781
0.0465441 3.25677
-0.230833 3.11718
-0.174665 2.82822
-0.421303 2.81981
-0.520624 2.66926
-0.624006 2.74187
-0.554112 2.97344
-0.0410824 3.42328
0.202741 3.45815
0.127435 3.70608
1.22842 3.96983
0.980619 4.02541
1.20458 4.21406
1.10682 4.40636
0.184733 4.00999
0.390444 4.34642
0.200355 4.55301
0.393498 4.76575
0.592735 4.70336
0.406138 5.06859
0.202306 4.90147
0.321673 5.22744
0.533897 5.38582
0.622098 5.77923
0.527664 5.9556
0.7237 6.14039
0.582911 6.25099
0.440228 6.33274
1.25772 5.39629
1.10853 5.47335
0.290398 6.42175
0.694873 7.71715
0.885926 7.8917
0.700235 8.06541
0.886292 8.08409
0.912642 8.27094
0.745951 8.37654
0.941176 8.53691
0.778427 8.59235
0.924672 8.79343
0.700267 8.71798
0.578659 8.49472
0.487712 8.71516
0.726851 8.96408
0.466228 8.96602
0.637883 9.22872
0.401395 9.14566
0.479902 9.41078
0.186668 9.16461
0.249055 8.95409
0.0707483 8.94185
0.30548 8.78808
0.189963 9.42545
0.400929 9.60011
0.256503 9.6296
0.421725 9.78164
0.162674 9.75877
0.0879602 9.54714
0.396828 9.96078
0.214724 9.95224
0.308972 10.0925
0.0619907 9.87295
0.572287 10.1271
0.392483 10.2306
0.232654 10.2822
0.434276 10.3325
2.6116 9.11622
2.50503 9.24784
2.46462 9.10793
2.62333 8.93973
2.42163 8.9172
2.27974 9.133
2.21438 8.95552
2.29253 8.7325
2.07635 8.81322
2.10594 8.58883
2.27713 8.51448
2.13522 8.35791
2.38358 8.31415
2.42944 8.56957
2.55223 8.45785
2.58167 8.63217
2.46579 8.73404
2.57379 8.79574
2.72173 8.72583
2.80392 3.72596
2.85141 3.97966
2.92526 4.24947
2.80055 4.0954
2.72047 3.83896
2.67158 3.94943
2.71911 4.20523
2.87217 4.40189
3.02933 4.62116
3.4512 5.65101
3.38636 5.45453
3.30889 5.4339
3.31374 5.24997
3.25019 5.16809
3.15885 4.92106
3.47878 5.85574
3.10486 4.80544
-3.00171 5.65346
-3.01664 5.78264
-3.08108 5.85252
-3.20751 5.81764
-3.11749 5.7819
-3.17747 5.88112
3.35946 7.52403
3.39124 7.33623
3.20911 7.51482
3.28875 7.66323
3.20806 7.74174
3.01535 8.22825
3.1047 8.02336
3.00968 8.03442
3.07352 7.95682
3.04149 7.89754
3.11728 7.85098
3.03939 7.73059
2.92937 7.88776
2.90397 7.55993
2.7791 7.79912
2.73108 7.60459
2.62942 7.74067
2.59009 7.52933
2.49829 7.66077
2.48759 7.83088
2.63746 7.99546
2.46125 7.99141
2.49198 8.13586
2.60893 8.26547
2.36474 8.08588
2.16583 8.09315
2.29851 7.88495
2.09601 7.85664
1.96136 7.96639
1.73729 7.99725
1.569 7.66136
1.47169 8.0067
1.30131 7.73479
1.24087 7.96576
1.30914 8.21164
1.06409 8.0933
1.15833 8.43068
1.40506 8.45173
1.34121 8.66466
1.13437 8.7003
1.26145 8.79332
1.18852 8.91785
1.00847 9.06528
1.21716 9.12185
1.12707 9.32826
1.3765 9.24293
1.36756 9.41392
1.25782 9.53481
1.5035 9.56225
1.21384 9.76743
1.07204 9.55713
0.90052 9.66988
0.855057 9.4296
0.870056 9.21229
0.670075 9.40891
0.710604 9.53707
0.639165 9.71081
0.889071 9.91852
0.626282 9.95054
0.771675 10.0739
0.80661 10.1858
0.634655 10.2659
0.911304 10.2719
1.2102 10.1399
1.52439 9.99707
1.3362 9.96203
1.09991 10.0284
0.992802 10.1649
0.919325 10.0953
1.60296 9.77708
1.82285 9.84309
2.10897 9.66531
1.88854 9.68945
2.0277 9.55077
1.9088 9.60654
1.78898 9.62791
1.89507 9.53483
1.72698 9.48844
1.66382 9.62578
1.60324 9.4802
1.56509 9.37962
1.76792 9.27672
1.58521 9.16821
1.39434 9.0431
1.6145 8.95004
1.38912 8.85735
1.54098 8.75377
1.51029 8.60196
1.67212 8.63673
1.72457 8.7912
1.88127 8.67328
1.8748 8.92539
1.76491 9.09634
1.94926 9.14455
1.97604 9.36677
2.04946 9.22067
2.14201 9.25216
2.17135 9.39725
2.15583 9.53119
2.26571 9.48595
2.4252 9.41212
2.33881 9.29455
2.23735 9.27155
2.11695 9.11728
2.04749 8.99061
1.75749 8.50411
1.59854 8.46731
1.72967 8.29503
1.92273 8.43645
1.93773 8.1915
1.61598 8.14901
1.51898 8.27043
2.36932 7.7031
2.38145 7.49653
2.83014 8.16599
2.72335 8.46854
2.87608 8.39156
2.97265 8.46797
2.80346 7.97291
2.5371 7.28706
2.72314 7.38854
2.68924 7.19106
2.58586 7.08799
2.33771 7.27974
2.71234 7.02822
2.87218 7.18516
2.98872 7.36906
3.06493 7.5114
3.13727 7.6709
0.566431 8.26406
1.87001 6.90299
1.88305 6.63323
2.08514 6.68083
2.93002 6.41812
2.80727 6.22307
2.98922 6.24282
2.82206 6.00876
1.74164 3.35307
1.39248 2.40043
1.4095 2.29102
1.24873 2.22763
1.32168 2.15157
1.12145 2.06579
0.972251 1.92387
1.1488 1.93604
1.11786 1.86777
0.948981 1.85268
0.742691 1.81462
0.688415 1.86962
0.514709 1.7742
0.473439 1.80743
0.342921 1.7517
0.135878 1.7185
0.306262 1.79508
-0.123379 1.68477
-0.228118 1.74404
-0.411635 1.74961
0.515862 1.86238
0.445076 1.89412
0.659989 1.94699
0.573484 1.98959
0.582894 2.06415
0.78166 2.08446
0.887597 2.0044
1.03729 2.15942
1.19173 2.33246
-1.11514 2.85367
-1.19606 2.99245
-1.31446 3.06272
-1.19357 3.12811
-1.13111 3.32075
-1.26884 3.21317
-1.26591 3.39691
-1.39485 3.22678
-1.41248 3.46065
-1.26257 3.61661
-1.36473 3.71989
-1.39216 4.04241
-1.15897 3.96922
-1.19004 4.29729
-1.01434 4.35783
-0.986941 4.1912
-0.937289 4.04818
-1.07944 3.65227
-0.84526 3.84744
-0.913597 3.48727
-0.721837 3.72606
-0.732171 3.50193
-0.549298 3.65598
-0.567786 3.92824
-0.688344 3.97562
-0.576287 4.14984
-0.700819 4.24202
-0.471772 4.43924
-0.422596 4.16824
-0.530342 4.79958
-0.81984 4.45486
-0.695479 4.83797
-0.860651 4.74317
-1.04655 4.59684
-0.940988 4.8748
-0.708132 5.03227
-1.06983 4.84867
-1.17984 4.56816
-1.30696 4.40729
-1.25812 4.80746
-1.48885 4.44519
-1.67566 4.31453
-1.66829 4.66546
-1.83582 4.5816
-1.81237 4.86212
-1.93028 4.97199
-2.0886 4.96739
-2.28401 4.91873
-2.16675 5.12268
-2.25411 5.23452
-2.46643 5.03183
-2.38527 5.39937
-2.54684 5.25558
-2.53088 5.49372
-2.36639 5.79384
-2.5125 5.9362
-2.65549 6.09595
-2.37925 6.13534
-2.41666 6.3774
-2.19392 6.4135
-2.14802 6.15944
-2.10716 5.91361
-1.97455 5.79319
-2.1876 5.58891
-2.03769 5.38194
-1.85638 5.67871
-1.83274 5.45273
-1.94001 5.20046
-1.80405 5.18467
-1.67755 5.4244
-1.64607 5.11974
-1.45612 4.97894
-2.03615 6.64563
-2.24213 6.71351
-2.07615 7.02108
-2.24354 7.02392
-2.43628 6.8103
-2.57756 6.499
-2.66205 6.7699
-2.77388 6.46129
-2.78699 6.27104
-2.95839 6.2847
-2.94535 6.03019
-3.15627 6.04276
-3.30769 5.88788
-3.31388 6.08177
-3.42496 5.92961
-3.54439 5.90262
-3.44283 6.07767
-3.50312 6.17223
-3.66257 6.03926
-3.68285 5.74466
-3.79906 6.05388
-3.86236 5.84481
-3.70093 6.73118
-3.64194 6.68689
-3.59071 6.89193
-2.97096 7.64479
-3.12871 7.4506
-3.03804 7.45704
-3.21267 7.25829
-3.29496 7.27708
-3.44706 6.99437
-3.33666 7.02457
-3.13072 7.24204
-3.26436 7.03387
-3.38333 6.82519
-3.51355 6.76197
-3.53425 6.54236
-3.43054 6.56919
-3.30452 6.76091
-3.30927 6.56161
-3.43679 6.38961
-3.5499 6.3335
-3.34528 6.30504
-3.12282 6.55079
-3.14616 6.79055
-2.95414 6.81134
-2.88868 6.67465
-3.00309 6.45268
-2.86001 6.5192
-2.75698 6.80244
-2.71021 6.96684
-2.52299 7.182
-2.41054 7.0685
-2.32975 7.33656
-2.21662 7.3117
-2.1591 7.60306
-2.00331 7.56273
-2.09063 7.85116
-2.18842 7.68773
-2.32748 7.53218
-2.2138 7.75876
-2.34538 7.71195
-2.52742 7.42053
-2.55783 7.6208
-2.75007 7.27373
-2.79959 7.42946
-2.93753 7.21198
-2.96449 7.02574
-2.81242 7.01919
-2.81542 6.84769
-2.66383 7.17537
-3.16205 7.03131
-2.98558 7.28011
-2.90324 7.4766
-3.13067 7.32983
-2.32553 7.91779
-2.13815 7.97878
-2.12185 8.17943
-2.09245 8.3587
-1.92301 8.42763
-1.88501 8.64362
-1.93983 8.70365
-1.73753 8.92966
-1.95309 8.80282
-1.69033 8.82852
-1.73446 8.64863
-1.56547 8.83236
-1.60369 8.6549
-1.76227 8.41847
-1.97004 8.23787
-1.92683 8.11824
-1.40132 8.99484
-1.54272 9.00885
-1.34545 9.20443
-1.51467 9.18026
-1.36171 9.3644
-1.37186 9.46174
-1.26311 9.50949
-1.135 9.74035
-1.10425 9.82647
-1.13368 9.00487
-2.05602 7.26266
-1.84357 7.47428
-1.91878 7.20034
-1.39609 7.59056
-3.15972 6.28026
-3.68749 6.29685
-3.64058 6.49768
-3.71949 6.35504
-3.77059 6.25191
-3.47903 7.08103
-0.56622 5.14282
-0.445314 5.5375
-0.39831 5.27815
-0.273886 5.18142
-0.0591078 5.43462
-0.41444 3.91487
-1.153 6.90369
-1.47093 6.7706
-1.57292 6.77962
-1.23453 7.84951
-2.92263 3.99613
-3.02114 4.07688
-3.07244 4.30834
-3.15204 4.19604
-3.20213 4.47177
-3.28642 4.33788
-3.35229 4.70064
-2.82534 3.00149
-3.07635 3.07356
-2.09514 2.46865
-2.37775 2.61216
-2.57009 2.6903
-2.60036 2.74537
-2.77293 2.81152
-2.75146 2.79435
-2.75784 2.78543
-2.57932 2.71404
-2.67592 2.76241
-2.84283 2.84054
-2.9228 2.8724
-3.03292 2.93403
-3.03539 2.92305
-3.28682 3.14379
-3.34142 3.26367
-3.34319 3.22653
-3.39525 3.35895
-3.43402 3.52645
-3.43072 3.50019
-3.45824 3.62143
-3.51322 3.80083
-3.47724 3.70473
-3.56928 3.90965
-3.51119 3.79047
-3.57943 3.9273
-3.63692 4.08906
-2.88048 2.85284
-2.97223 2.89894
-3.39558 3.8096
2.42809 3.18475
2.41259 3.27643
2.35224 3.3098
2.45559 3.13357
-3.39558 3.8096
