-3.70093 6.73118
-3.47903 7.08103
-2.65438 8.2192
-1.79028 9.25251
-1.37769 9.68643
-1.21128 9.85618
-0.381072 10.2074
0.434276 10.3325
0.911304 10.2719
1.2102 10.1399
1.52439 9.99707
1.82285 9.84309
2.10897 9.66531
2.4252 9.41212
2.6116 9.11622
2.97265 8.46797
3.35946 7.52403
3.66449 6.42594
3.6643 6.25342
3.54379 5.87489
2.80392 3.72596
2.68148 3.47734
2.46997 3.10779
2.08842 2.66091
1.96216 2.53417
1.06006 1.79563
0.0247412 1.64609
-0.394316 1.62833
-0.507819 1.62613
-0.651183 1.63737
-0.838961 1.71728
-3.13814 2.95641
-3.23898 3.04927
-3.35909 3.25244
-3.41598 3.41375
-3.70516 4.29519
-3.74634 4.43971
-3.95009 5.17099
-3.94825 5.41913
