2.55278 -5.67272
2.66585 -5.69412
2.47527 -5.7851
2.45196 -5.93541
2.66203 -5.84061
2.54694 -5.97834
2.33442 -6.09937
2.5047 -6.05548
2.7311 -5.9227
2.60623 -6.03418
2.74278 -5.97679
2.55787 -6.06095
2.69647 -6.01639
2.86794 -5.92754
2.747 -5.95223
2.92648 -5.83403
2.81096 -5.84618
2.63095 -5.94797
2.70533 -5.84338
2.49801 -5.91852
2.69447 -5.76027
2.85259 -5.73979
2.87639 -5.6115
2.6868 -5.6631
2.51275 -5.79649
2.55378 -5.66601
2.7757 -5.50508
2.57147 -5.5569
2.65515 -5.40765
2.85481 -5.30328
2.73551 -5.2433
2.51951 -5.31211
2.70061 -5.07381
2.90009 -5.09173
2.83739 -4.89499
2.68702 -4.85122
2.79145 -4.65296
2.89561 -4.7692
2.94085 -4.6257
2.99604 -4.81452
3.08774 -4.56287
2.98649 -4.39286
2.85827 -4.41255
2.89448 -4.16379
2.76682 -4.16569
2.80379 -3.95835
2.68038 -3.87701
2.7592 -3.6753
2.89874 -3.83944
2.82686 -3.40842
2.93283 -3.59513
2.91787 -3.31207
2.85528 -3.17111
2.89933 -3.05541
2.83687 -2.93085
2.89278 -2.75849
2.98344 -3.07714
2.9759 -2.51937
2.83891 -2.35502
2.85378 -1.94293
2.95434 -2.16296
3.03178 -2.24302
2.89548 -1.64395
3.02303 -1.9725
2.98215 -1.72324
3.10009 -2.02116
3.09771 -2.23153
3.12557 -2.2273
3.18008 -2.42129
3.20985 -2.59743
3.26438 -2.75916
3.19306 -2.66291
3.24047 -2.91961
3.16328 -2.77207
3.1916 -3.09169
3.32119 -3.19592
3.29913 -3.03886
3.30037 -2.90168
3.04621 -1.7475
2.98445 -1.47211
2.92111 -1.56552
2.89495 -1.64042
2.86894 -1.6148
2.88282 -1.63511
2.80827 -1.48563
2.72886 -1.64483
2.74606 -1.99762
2.62601 -1.71863
2.60426 -1.38086
2.70399 -1.35126
2.59723 -1.16578
2.68487 -1.14168
2.79037 -1.29246
2.71597 -0.991921
2.8104 -1.10222
2.72391 -0.822372
2.83466 -0.933325
2.9187 -1.19752
2.8808 -1.37465
2.55808 -0.557519
2.64315 -0.694252
2.45754 -0.629882
2.46158 -0.790587
2.59245 -0.912599
2.49438 -1.00673
2.49565 -1.20404
2.39893 -1.06777
2.40265 -1.30182
2.5062 -1.46639
2.42719 -1.53546
2.52125 -1.70252
2.58254 -1.96049
2.66913 -2.03441
2.63584 -2.27216
2.73255 -2.29638
2.79999 -2.62183
2.71046 -2.56377
2.76308 -2.85172
2.79646 -3.09927
2.71429 -3.08103
2.7019 -3.38101
2.5965 -3.16191
2.5913 -2.81152
2.68497 -2.77907
2.62378 -2.55441
2.56378 -2.35524
2.53713 -2.52115
2.46315 -2.261
2.43946 -2.59756
2.48691 -2.93298
2.34116 -2.86752
2.46772 -3.19445
2.59511 -3.51268
2.43213 -3.46793
2.52617 -3.7703
2.60931 -4.11388
2.44646 -3.9504
2.39148 -3.68519
2.25628 -3.81914
2.382 -4.10947
2.49457 -4.20318
2.42338 -4.43379
2.60128 -4.39268
2.72536 -4.39091
2.69429 -4.52807
2.62794 -4.62546
2.51419 -4.82016
2.61245 -4.9651
2.52155 -5.07294
2.3338 -5.00447
2.38622 -5.20633
2.29803 -5.36274
2.28486 -5.52528
2.4525 -5.52546
2.27071 -5.67089
2.39495 -5.68411
2.14593 -5.88363
2.37256 -5.79904
2.26427 -5.96652
2.28073 -6.06513
2.40453 -6.06484
2.17935 -6.18734
2.09175 -6.15573
2.01198 -6.27588
1.89298 -6.27385
1.87551 -6.38992
2.07052 -6.30603
1.98467 -6.39758
2.13451 -6.29655
2.07052 -6.35686
2.21625 -6.25413
2.09043 -6.3455
2.24548 -6.21345
2.38254 -6.14457
2.36202 -6.15577
2.46098 -6.09608
2.43828 -6.10166
2.53988 -6.07326
2.43094 -6.10622
2.25673 -6.19637
2.24186 -6.2312
2.57206 -6.02835
2.6484 -6.02194
2.3182 -6.14221
2.19151 -6.23909
2.21067 -6.20948
2.11057 -6.23079
2.16034 -6.09989
1.94356 -6.25613
1.92214 -6.35924
2.08232 -6.30253
1.94603 -6.41067
2.11464 -6.31895
1.94977 -6.44132
1.7784 -6.50369
1.688 -6.46942
1.6151 -6.52664
1.62603 -6.54604
1.8196 -6.49175
1.67813 -6.48267
1.50095 -6.5147
1.52076 -6.45219
1.35022 -6.47215
1.36047 -6.41276
1.16691 -6.39843
1.23358 -6.3377
1.49157 -6.34465
1.32205 -6.26393
1.10276 -6.23835
0.91843 -6.29598
0.900404 -6.20289
0.682452 -6.18345
0.800598 -6.13244
0.981906 -6.13951
0.783283 -6.03589
1.06239 -6.04341
0.890312 -5.94894
1.13132 -5.91183
0.885086 -5.86702
0.594294 -5.90013
0.793679 -5.77353
1.01807 -5.80781
1.02449 -5.71922
1.24322 -5.77027
1.21972 -5.59603
0.828695 -5.63611
0.955836 -5.4489
0.56434 -5.54451
0.539363 -5.34211
1.02685 -5.21505
0.716622 -5.09144
0.989571 -5.04169
0.933594 -4.84798
1.27454 -4.95865
1.24893 -4.70665
1.04621 -4.54193
0.729961 -4.63939
0.793661 -4.28795
0.376314 -4.58954
0.405495 -4.22079
0.626625 -4.07855
0.461565 -3.8841
0.117907 -4.03979
0.0977039 -4.39208
-0.0787992 -4.24234
-0.132341 -4.0005
-0.0210791 -3.83852
-0.189281 -3.63507
-0.313416 -3.97509
-0.269123 -4.24268
-0.473231 -4.17921
-0.485969 -3.79164
-0.657495 -4.06241
-0.684412 -4.44914
-0.410512 -4.51844
-0.555406 -4.8717
-0.267255 -4.79742
-0.296119 -5.12766
-0.0981922 -4.96163
0.00141811 -5.15774
0.170047 -4.92166
0.00160694 -4.7072
-0.165345 -4.49502
0.529174 -4.88453
0.330318 -5.13692
0.153369 -5.32355
0.123735 -5.54401
-0.121469 -5.35785
-0.237515 -5.50968
-0.356929 -5.36578
-0.558142 -5.23579
-0.501095 -5.50297
-0.787825 -5.36311
-0.797865 -5.06845
-1.00757 -5.17169
-1.0385 -4.87936
-1.18579 -5.04396
-1.28921 -4.84208
-1.19304 -4.59603
-0.959938 -4.53695
-1.11481 -4.32151
-1.32475 -4.3176
-1.19821 -3.98616
-0.905985 -4.12115
-0.998099 -3.69285
-0.745638 -3.74248
-0.838368 -3.27856
-1.08625 -3.38403
-1.07679 -3.10643
-0.953553 -2.82646
-0.726206 -2.83915
-0.817505 -2.50112
-1.05076 -2.3895
-0.848378 -2.05742
-1.03264 -2.09103
-1.04516 -1.88809
-0.966273 -1.58572
-1.19314 -1.70307
-1.18005 -1.42593
-1.39182 -1.48362
-1.25749 -1.15425
-1.06385 -1.25072
-1.05141 -0.916066
-1.33226 -0.797167
-1.15223 -0.53958
-0.923519 -0.626995
-0.931333 -0.289986
-1.1982 -0.217176
-1.06769 0.0889462
-1.35743 0.0402865
-1.22898 0.318784
-1.07028 0.428257
-0.863216 0.356512
-0.937147 0.635147
-0.721518 0.652322
-0.8569 0.918253
-1.02298 0.822168
-1.03232 1.06119
-1.20131 0.817756
-1.22999 1.13994
-1.40406 0.925967
-1.41115 0.497303
-1.2032 0.543585
-1.09027 0.652779
-1.6133 0.737767
-1.66621 0.437374
-1.60665 0.112618
-1.52205 -0.140239
-1.41212 -0.385158
-1.69574 -0.339998
-1.56286 -0.71627
-1.49811 -1.09338
-1.67286 -0.99247
-1.73884 -0.729374
-1.83651 -1.00571
-1.71503 -1.45378
-1.96549 -1.30576
-1.9481 -1.61517
-1.89226 -1.94155
-1.67089 -1.92998
-1.74084 -2.35751
-1.47125 -2.13909
-1.52439 -1.76378
-1.35819 -1.82554
-1.2057 -2.06008
-1.28996 -2.40603
-1.22173 -2.79365
-1.4873 -2.64671
-1.39161 -2.93742
-1.28871 -3.20456
-1.55046 -3.08732
-1.44649 -3.47024
-1.23255 -3.59235
-1.37757 -3.76783
-1.4563 -4.02558
-1.5763 -3.7192
-1.69983 -3.9855
-1.56929 -4.30984
-1.42841 -4.59465
-1.698 -4.59977
-1.49527 -4.82008
-1.38061 -5.03073
-1.6708 -4.95916
-1.42577 -5.21737
-1.20065 -5.22004
-1.17906 -5.42203
-1.01836 -5.35451
-0.91213 -5.51676
-0.70485 -5.56805
-0.774793 -5.71061
-0.54896 -5.67526
-0.262459 -5.69088
-0.484901 -5.83146
-0.166021 -5.90685
0.0517693 -5.7575
0.437252 -5.71912
0.201777 -5.8859
0.320609 -5.98519
0.51462 -6.0284
0.650356 -6.09535
0.48533 -6.11553
0.467631 -6.18444
0.551701 -6.26812
0.29954 -6.22597
0.328659 -6.15609
0.118968 -6.17415
0.294972 -6.08241
0.0533342 -6.04358
-0.0946922 -6.15127
-0.108766 -6.24719
0.103421 -6.26822
-0.0249443 -6.33115
0.247019 -6.31863
0.0344019 -6.40268
0.263263 -6.40821
0.503271 -6.3537
0.730227 -6.33496
0.940197 -6.37782
1.15331 -6.45536
0.911039 -6.42302
1.05483 -6.46641
1.25425 -6.50415
1.15586 -6.49595
1.34262 -6.52229
1.22686 -6.47814
1.45395 -6.50048
1.29023 -6.45532
1.47155 -6.47211
1.53265 -6.42838
1.73858 -6.37402
1.55196 -6.33419
1.75981 -6.25167
1.94862 -6.17294
1.81891 -6.12253
2.04527 -6.04525
2.2812 -5.92837
2.11388 -5.84378
2.42324 -5.66652
2.28239 -5.6361
2.08054 -5.69644
1.94392 -5.75496
1.87074 -5.84683
1.90437 -5.96078
1.67096 -5.95433
1.71768 -5.73185
1.51549 -5.84152
1.34343 -6.01741
1.5245 -6.18357
1.33644 -6.15712
1.28432 -6.23365
1.1858 -6.16115
1.07137 -6.23707
0.955386 -6.15839
1.13253 -6.09773
1.05678 -5.96266
1.32525 -5.78493
1.098 -5.76573
1.28497 -5.59497
1.45679 -5.58847
1.5193 -5.72116
1.58021 -5.65627
1.62647 -5.58062
1.79379 -5.58004
1.95906 -5.58696
2.122 -5.60627
0.928916 -5.5943
1.10967 -5.59792
0.998022 -5.6608
0.741855 -5.58745
0.821426 -5.81539
0.564897 -5.73922
0.548536 -5.58127
-1.03417 -5.52486
-1.545 -5.38771
-1.78469 -5.2875
-1.71393 -5.56699
-1.4543 -5.62066
-1.29248 -5.46377
-1.24919 -5.6941
-1.33875 -5.76136
-1.15429 -5.81375
-0.999886 -5.77731
-1.05887 -5.84008
-1.02345 -5.93009
-0.747583 -6.00244
-0.871134 -6.02527
-0.700764 -6.11545
-0.548637 -6.13431
-0.517388 -6.22329
-0.358606 -6.20109
-0.315684 -6.32727
-0.560513 -6.29683
-0.297423 -6.4303
-0.126419 -6.40424
-0.0298023 -6.46272
0.0969334 -6.40696
0.164128 -6.45832
0.322301 -6.41081
0.326329 -6.46238
0.10777 -6.49335
0.308135 -6.49044
0.00337791 -6.50753
0.111374 -6.51293
0.285363 -6.47376
0.240145 -6.46268
0.47486 -6.44099
0.486728 -6.40773
0.0428638 -6.45787
-0.0223398 -6.50745
-0.137362 -6.47074
-0.154523 -6.44102
-0.189705 -6.37726
-0.372969 -6.40097
-0.393366 -6.32894
-0.216238 -6.31941
-0.346136 -6.24145
-0.259038 -6.17791
-0.474782 -6.11711
-0.590398 -6.22564
-0.732075 -6.09162
-0.792157 -6.15668
-0.764001 -6.2298
-0.62197 -6.31782
-0.877097 -6.2412
-0.948256 -6.15306
-1.08662 -6.15303
-1.23981 -6.00678
-1.31623 -6.08203
-1.05497 -6.20926
-1.26438 -6.15832
-1.00961 -6.27084
-0.806617 -6.3137
-0.742149 -6.36744
-0.556395 -6.39805
-0.490367 -6.44375
-0.323405 -6.45526
-0.255656 -6.50022
-0.428681 -6.4888
-0.16928 -6.52235
-0.405673 -6.48958
-0.214264 -6.50828
-0.132112 -6.48577
-0.375867 -6.45992
-0.574047 -6.37272
-0.670051 -6.41135
-0.600036 -6.44211
-0.856238 -6.36123
-0.671574 -6.41017
-0.955181 -6.31159
-1.22913 -6.21922
-1.03218 -6.2824
-1.38498 -6.13889
-1.20506 -6.18532
-0.862041 -6.27463
-1.03128 -6.18934
-0.755141 -6.26951
-0.851493 -6.17783
-0.724689 -6.16437
-0.952882 -6.08769
-1.19913 -6.05425
-1.38615 -6.07348
-1.58296 -5.94499
-1.46485 -5.92155
-1.17187 -5.99822
-1.37736 -5.88776
-1.25767 -5.8913
-1.04444 -5.99835
-0.895807 -6.06207
-1.57821 -5.80229
-1.81705 -5.82586
-1.90685 -5.73412
-2.00797 -5.53006
-2.15246 -5.70231
-2.25511 -5.51603
-2.23098 -5.31791
-2.17966 -5.13652
-2.00672 -5.16964
-2.21018 -5.041
-2.94405 -4.70533
-3.04304 -4.70547
-3.12482 -4.67559
-3.04459 -4.92452
-3.23963 -4.60049
-3.41703 -1.441
-3.38528 -1.62258
-3.27201 -1.61818
-3.33863 -1.80191
-3.38925 -2.13958
-3.33188 -1.97542
-3.195 -1.86061
-3.08163 -1.51066
-3.1669 -1.28305
-2.89844 -1.14247
-3.04595 -1.05344
-2.94228 -0.854752
-2.80608 -0.853668
-2.70488 -0.894514
-2.69765 -1.08314
-2.55823 -0.912168
-2.56461 -0.715694
-2.41572 -0.643866
-2.50941 -0.4641
-2.29401 -0.279622
-2.41926 -0.261907
-2.36713 -0.129479
-2.25288 0.0295936
-2.38207 0.0241562
-2.52436 -0.214101
-2.53326 -0.00554138
-2.64878 -0.143351
-2.72576 -0.314911
-2.7009 -0.503231
-2.68159 -0.684149
-2.80431 -0.703105
-2.8611 -0.65191
-3.015 -0.689286
-3.06923 -0.920127
-3.18663 -0.937699
-3.15118 -1.06891
-3.28437 -1.15418
-3.43322 -1.20272
-3.3654 -0.992115
2.51111 -0.343528
2.30588 -0.133103
2.41065 -0.217489
2.25175 -0.208408
2.32931 -0.329892
2.43875 -0.382783
2.38417 -0.467024
2.17097 -0.369965
2.31477 -0.551872
2.33384 -0.733117
2.20044 -0.574292
2.17738 -0.7607
2.30115 -0.931218
2.40154 -0.904705
2.29642 -1.17406
2.17121 -1.04158
2.20286 -1.29837
2.30885 -1.41451
2.23356 -1.49962
2.34863 -1.66898
2.20861 -1.67223
2.3259 -1.97854
2.4651 -1.91445
2.44494 -1.70094
2.35445 -2.2971
2.24681 -2.18262
2.28198 -2.4747
2.14419 -2.28488
2.1661 -2.62923
2.16934 -3.04824
2.33951 -3.20177
2.28266 -3.43613
2.08955 -3.42494
1.98791 -3.78821
2.14465 -4.05953
2.2869 -4.14738
2.21144 -4.33059
2.28178 -4.52023
2.32199 -4.71105
2.12734 -4.58809
2.17408 -4.85516
2.11593 -5.0596
2.19503 -5.24326
1.89143 -5.27644
2.04901 -5.51389
1.79578 -5.52345
1.56161 -5.45703
1.48235 -5.19422
1.29741 -5.41344
1.20174 -5.32765
1.5722 -4.93946
1.5667 -4.69559
1.88038 -4.86653
1.82246 -4.54537
1.96412 -4.56273
1.95136 -4.23936
1.653 -4.35292
1.68603 -4.03025
1.42383 -4.16134
1.4444 -3.84523
1.13866 -4.01305
1.15804 -3.72661
1.06039 -3.88101
0.854831 -3.89532
0.905587 -3.55748
1.17021 -3.4
0.982891 -3.33064
1.10778 -3.09952
1.36193 -3.18699
1.46799 -3.47443
1.65925 -3.07088
1.36335 -2.87767
1.56045 -2.67968
1.35582 -2.51783
1.08816 -2.70184
1.15793 -2.38587
0.929343 -2.37628
1.07292 -2.13055
1.31155 -2.18233
1.19172 -1.90149
1.44668 -1.88717
1.25899 -1.6522
1.47165 -1.58412
1.61585 -1.72499
1.70577 -1.5133
1.78268 -1.77852
1.92951 -1.65632
1.93339 -1.89363
2.11049 -1.91443
1.99573 -2.14029
2.03941 -2.41875
1.87763 -2.36817
1.97991 -2.72062
1.76554 -2.66025
1.84521 -2.88159
1.93982 -3.08759
1.85516 -3.40642
1.68586 -3.4063
1.72015 -3.69112
1.84756 -3.93031
1.60704 -2.2765
1.81542 -2.05199
1.65889 -1.93254
2.06633 -1.59496
1.93594 -1.34172
2.12513 -1.43413
2.09487 -1.23325
1.99615 -1.06701
2.04109 -0.845847
1.86475 -0.872787
1.94105 -0.641583
2.06491 -0.698866
2.08011 -0.562279
1.93581 -0.380476
1.76601 -0.476483
1.7334 -0.203729
1.63578 -0.344344
1.56061 -0.198612
1.59402 -0.033276
1.70192 0.0320816
1.50538 0.158298
1.67261 0.309369
1.82013 0.112294
1.84143 0.280678
1.98082 0.0473224
1.9785 0.247365
2.08451 0.0927576
1.86807 0.407419
1.74212 0.559135
1.6244 0.715899
1.58197 0.584177
1.48929 0.433105
1.46183 0.650426
1.47258 0.807388
1.32489 0.815946
1.32596 0.974147
1.15948 1.02837
1.18062 1.14925
0.969531 1.2842
1.14788 1.29468
1.29623 1.16066
1.24831 1.42003
1.36002 1.24778
1.10624 1.63548
1.0063 1.84216
0.908157 2.04671
0.765275 2.23983
-0.547271 2.60244
-0.306379 2.61324
-0.533734 2.47559
-0.240702 2.43605
-0.0872669 2.62622
0.141126 2.57193
0.36021 2.52198
0.226296 2.40103
0.391506 2.32478
0.57268 2.39157
0.564291 2.20523
0.725204 2.00435
0.520248 2.08521
0.521733 1.88359
0.800069 1.74381
0.682587 1.55061
0.894657 1.5376
1.05458 1.4682
0.971357 1.64465
0.695513 1.28367
0.884794 1.16159
1.02728 1.08422
0.919183 0.971749
1.1238 0.858003
0.91614 0.710828
1.12877 0.581924
1.25065 0.715603
1.3372 0.562904
1.19376 0.321039
1.38084 0.333573
1.30184 0.0850988
1.44849 -0.0483284
1.30531 -0.145591
1.11345 -0.209681
1.10481 0.0599017
0.973821 -0.106707
0.932979 0.122876
0.835524 -0.186529
0.896949 -0.382659
0.728906 -0.44896
0.806032 -0.696878
0.905921 -0.586325
0.900104 -0.732998
1.00167 -0.622035
0.991199 -0.452117
1.0951 -0.44877
1.24416 -0.369983
1.13497 -0.581856
1.28014 -0.564077
1.15378 -0.750177
1.32865 -0.70382
1.27433 -0.907162
1.50409 -0.724712
1.4396 -0.547379
1.59623 -0.51108
1.5111 -0.371577
1.3767 -0.41805
1.4136 -0.249617
1.67715 -0.632715
1.79565 -0.679667
1.68071 -0.809236
1.69633 -1.00788
1.84169 -1.09827
1.68461 -1.22318
1.50548 -1.36056
1.51412 -1.2048
1.57121 -1.1062
1.45088 -1.12333
1.49883 -0.969141
1.31107 -1.10487
1.37312 -1.24447
1.18967 -1.27193
1.30466 -1.42588
1.0787 -1.45517
1.07928 -1.69396
0.907863 -1.59179
0.847221 -1.28779
1.01829 -1.25156
0.930141 -1.0947
1.11559 -1.10402
1.04522 -0.939034
0.890254 -0.890219
0.769927 -0.987399
0.649751 -0.769212
0.639056 -1.09947
0.676086 -1.46448
0.502461 -1.17973
0.493712 -0.852801
0.30684 -1.01316
0.446528 -1.46367
0.190375 -1.4533
0.397529 -1.85004
0.627891 -1.81898
0.805496 -1.76429
0.840259 -2.049
0.982107 -1.85868
0.60385 -2.29733
0.811784 -2.64711
0.57477 -2.85187
0.864161 -2.95598
0.896523 -3.19556
0.713067 -3.18757
0.828635 -3.3553
0.665491 -3.44452
0.662975 -3.67977
0.440734 -3.55501
0.148882 -3.65087
0.264427 -3.34127
0.478434 -3.24454
0.278079 -2.99184
0.0133743 -3.19278
0.0564632 -2.69276
0.318273 -2.5472
0.101876 -2.22603
0.322309 -2.16566
0.202909 -1.88518
0.00239563 -1.75653
-0.10149 -1.25359
0.0871572 -1.0217
-0.0803881 -0.84884
-0.291937 -0.907156
-0.218596 -0.531166
0.107365 -0.608424
0.0168333 -0.140759
-0.331303 -0.142194
-0.119008 0.156904
0.134595 0.280838
0.254166 0.0785255
0.373925 0.352699
0.30361 0.57836
0.449295 0.560739
0.484182 0.811447
0.251312 0.886336
0.109945 0.593123
0.023859 0.878825
0.18356 1.29216
0.399704 1.15443
0.333843 1.29389
0.440178 1.41086
0.529838 1.24516
0.601048 1.08517
0.772404 1.08788
0.72634 0.868589
0.630028 0.504494
0.899846 0.419249
0.687156 0.14479
0.454156 0.116666
0.502748 -0.188195
0.280945 -0.212615
0.367916 -0.556141
0.561668 -0.494556
0.702536 -0.165732
1.0483 0.377415
0.288088 1.60469
0.445764 1.6982
0.300252 1.85102
0.0893698 1.68671
0.116036 2.04665
0.331289 2.01071
0.375119 2.13337
0.21646 2.24046
0.413446 2.19736
-0.0309181 2.21575
-0.110583 2.13346
-0.112717 2.0061
-0.0613289 1.86032
-0.220212 1.86862
-0.173024 1.60673
-0.0117664 1.45276
-0.138804 1.19919
-0.401682 1.35915
-0.38683 1.02366
-0.221502 0.740609
-0.478726 0.692223
-0.360855 0.461587
-0.183943 0.40968
-0.05336 0.591903
-0.0185299 0.392578
-0.351298 0.193339
-0.584179 0.334373
-0.53683 0.0268701
-0.630156 -0.227376
-0.475086 -0.425029
-0.702369 -0.522064
-0.487468 -0.695421
-0.733147 -0.865811
-0.500399 -0.96183
-0.390637 -1.24915
-0.611897 -1.1717
-0.60982 -1.63475
-0.263721 -1.67513
-0.386072 -2.14922
-0.130766 -2.10634
-0.196791 -2.46461
-0.0532703 -2.42124
-0.0874138 -2.60167
-0.147723 -2.80617
-0.378119 -2.69028
-0.278336 -3.15028
-0.419645 -3.43468
-0.542022 -3.09284
-0.604019 -3.47385
-0.567298 -2.72709
-0.544523 -2.42454
-0.664357 -2.56637
-0.691242 -2.32514
-0.610257 -2.10708
-0.840826 -1.22528
-0.776398 0.0387453
-0.616113 1.00639
-0.490803 1.16325
-0.580257 1.26176
-0.600658 1.47581
-0.815148 1.29016
-0.757203 1.64821
-1.01561 1.55063
-1.07274 1.30888
-1.26221 1.41106
-1.21349 1.68233
-0.945354 1.84269
-1.17655 1.89613
-0.916639 2.05174
-0.756944 2.02734
-0.675391 2.19275
-0.50771 2.07592
-0.690998 1.88809
-0.455593 1.75942
-0.280007 2.02874
-0.250199 2.21218
-0.40509 2.25537
-0.180915 2.29556
0.0216084 2.35756
-0.577224 2.32479
-0.836366 2.22077
-0.774412 2.36935
-0.75886 2.50873
-0.970183 2.40281
-0.97295 2.27875
-1.18054 2.28461
-1.10725 2.12059
-1.39533 2.17344
-1.29374 1.99573
-1.36438 1.85935
-1.38607 1.6994
-1.53421 1.76081
-1.62673 1.47668
-1.39505 1.51534
-1.48763 1.30912
-1.39374 1.19778
-1.55734 1.06935
-1.68554 1.18023
-1.76391 0.898158
-1.90382 0.50344
-1.94046 0.830348
-1.88746 1.07068
-2.08098 0.967869
-1.97887 1.09607
-1.95563 1.25514
-2.01711 1.09864
-1.9248 1.40766
-1.91623 1.60523
-1.80205 1.62378
-1.75951 1.53511
-1.81552 1.27702
-1.68302 1.63351
-1.69065 1.7778
-1.83723 1.78059
-1.72595 1.93786
-1.55732 1.93918
-1.56509 2.05462
-2.33996 0.944344
-2.47979 0.828353
-2.38606 0.776392
-2.14339 0.878381
-2.07803 0.722404
-2.24593 0.64841
-2.15594 0.504407
-2.13187 0.28871
-2.00112 0.242329
-1.91991 0.129189
-1.77371 0.245987
-1.7926 -0.0155416
-1.96981 -0.270433
-1.90761 -0.64286
-2.0289 -0.541479
-2.17992 -0.569965
-2.13477 -0.27349
-2.09066 -0.0110379
-2.0588 -0.720704
-2.18321 -0.937944
-2.38999 -0.962808
-2.3089 -1.2018
-2.4896 -1.32773
-2.37312 -1.55731
-2.15653 -1.25029
-2.13249 -1.58173
-2.01371 -0.967621
-2.25776 -1.70536
-2.34314 -1.83818
-2.5232 -1.92333
-2.37952 -2.16767
-2.20663 -1.86027
-2.1187 -2.08093
-2.05182 -1.81311
-2.01153 -2.35709
-2.2165 -2.36421
-2.19919 -2.70141
-2.40985 -2.53491
-2.46826 -2.86209
-2.66355 -2.70423
-2.62859 -2.94139
-2.75628 -2.99523
-2.93394 -2.89865
-2.89848 -3.22077
-2.61225 -3.20261
-2.81242 -3.48272
-2.6098 -3.525
-2.70622 -3.68503
-2.89116 -3.76231
-3.03889 -3.49775
-3.12708 -3.74996
-3.00159 -3.98297
-2.78854 -4.04136
-2.87024 -4.18247
-2.64055 -4.30129
-2.8165 -4.39135
-3.04173 -4.20357
-2.96096 -4.44813
-3.11976 -4.33113
-3.07514 -4.52808
-3.20873 -4.34602
-3.22718 -4.47839
-3.0963 -4.68748
-2.91649 -4.77851
-2.97624 -4.9107
-3.11264 -4.78857
-3.07329 -4.89121
-3.16 -4.80655
-3.22542 -4.64259
-3.23875 -4.73505
-3.32864 -4.60158
-3.26749 -4.77351
-3.18237 -4.86833
-3.18184 -4.92447
-3.07275 -5.03427
-3.09228 -5.06913
-2.96924 -5.22084
-2.98793 -5.24374
-2.84306 -5.38696
-2.91705 -5.32641
-3.03045 -5.17854
-2.99937 -5.23084
-3.14325 -5.0225
-3.18485 -4.96518
-3.05278 -5.1429
-2.91978 -5.29556
-2.80983 -5.41344
-2.85392 -5.41472
-2.70251 -5.53653
-2.64399 -5.56193
-2.53391 -5.65466
-2.49366 -5.6598
-2.52638 -5.59821
-2.37729 -5.70346
-2.33911 -5.75351
-2.16994 -5.79648
-2.06612 -5.88342
-2.24643 -5.8119
-2.03697 -5.90486
-1.74692 -5.99974
-1.82702 -5.9559
-1.97164 -5.89528
-1.74411 -5.95069
-1.55897 -6.07003
-1.97375 -5.85625
-1.85079 -5.87298
-2.05922 -5.78508
-2.29861 -5.69312
-2.43454 -5.58381
-2.61692 -5.50571
-2.57654 -5.45825
-2.43491 -5.41655
-2.59996 -5.36948
-2.50778 -5.24704
-2.43617 -5.08662
-2.678 -5.04288
-2.61312 -4.85558
-2.39797 -4.90959
-2.57385 -4.77477
-2.74507 -4.64858
-2.84485 -4.68242
-2.89388 -4.97549
-2.78278 -5.18246
-2.66066 -5.24143
-2.72876 -5.34442
-2.89265 -5.12868
-2.88457 -5.26462
-2.74239 -5.43883
-2.96581 -5.20403
-3.03043 -5.09391
-3.16582 -4.90932
-3.15894 -4.84948
-3.26943 -4.68348
-3.33253 -4.49074
-3.37816 -4.50059
-3.41231 -4.36041
-3.48758 -4.21924
-3.54821 -4.06894
-3.49374 -4.29009
-3.56108 -4.09988
-3.50504 -4.29
-3.56927 -4.1334
-3.48024 -4.37656
-3.42205 -4.55124
-3.38423 -4.64295
-3.44565 -4.41304
-3.36713 -4.40645
-3.47368 -4.21823
-3.52762 -4.18455
-3.53282 -4.01675
-3.6109 -3.91863
-3.61828 -3.8912
-3.65248 -3.64905
-3.64817 -3.73863
-3.64081 -3.77492
-3.60199 -3.91932
-3.63804 -2.97808
-3.63564 -3.11595
-3.63573 -3.17947
-3.65172 -3.23646
-3.61476 -3.26113
-3.67186 -3.32635
-3.68665 -3.42015
-3.62663 -3.41306
-3.62574 -3.60729
-3.57105 -3.50718
-3.56232 -3.7079
-3.55075 -3.65209
-3.50663 -3.77931
-3.50321 -3.61042
-3.41666 -3.77893
-3.3965 -3.57191
-3.48221 -3.35867
-3.53765 -3.37125
-3.57985 -3.35794
-3.53739 -3.25514
-3.49683 -3.06833
-3.57061 -2.94239
-3.48085 -2.81325
-3.39569 -2.83505
-3.35233 -3.09045
-3.29234 -2.82671
-3.16259 -2.88744
-3.15784 -3.21995
-3.34507 -3.3635
-3.24846 -3.53274
-3.30498 -3.75842
-3.18914 -3.96064
-3.33013 -3.9339
-3.24739 -4.14885
-3.42309 -4.0131
-3.32867 -4.26612
-3.42724 -4.19728
-3.47852 -4.06934
-3.51845 -3.89994
-3.5867 -3.8175
-2.98783 -2.59957
-3.17055 -2.63252
-3.07438 -2.47363
-2.95761 -2.29944
-2.70632 -2.33962
-2.77642 -1.95434
-2.58607 -1.70035
-2.71564 -1.54217
-2.9136 -1.80577
-3.00972 -2.07463
-3.07823 -1.94827
-3.12393 -2.11985
-3.15619 -2.33606
-3.2229 -2.1269
-3.34835 -2.36914
-3.30379 -2.6007
-3.41486 -2.61726
-3.43527 -2.4749
-3.50743 -2.61344
-3.54886 -2.79641
-3.64096 -2.81503
-3.61322 -2.62849
-3.5469 -2.45171
-3.45491 -2.30287
-3.00558 -1.70349
-2.88607 -1.62787
-2.90166 -1.46255
-2.76229 -1.28377
-2.59882 -1.18539
-2.5388 -1.53016
-2.83449 -2.63568
-2.53557 -2.43346
-3.62392 -3.74252
-3.68481 -3.5206
-3.66643 -3.64139
-3.29683 -4.80911
-3.24776 -4.88171
-3.32409 -4.71029
-3.40726 -4.50132
-3.30369 -4.7199
-1.54282 -6.08494
-1.76282 -6.00609
-1.56003 -6.08363
-1.87042 -5.96174
-1.71617 -6.00677
-1.49282 -6.08579
-1.66931 -5.99247
-1.46692 -6.06466
-1.25162 -6.1946
-1.57685 -5.98042
-1.78619 -5.89544
-1.93485 -5.89811
-2.017 -5.77694
-2.25111 -5.73383
-2.13664 -5.85145
-2.33397 -5.77185
-2.31072 -5.757
-2.39418 -5.72671
-2.42041 -5.68143
-2.49739 -5.66727
-2.57738 -5.58176
-2.66975 -5.55422
-2.56766 -5.64046
-2.41109 -5.72911
-2.76845 -5.48808
-2.7134 -5.47251
-2.81678 -5.35249
-2.66319 -5.47663
-2.74866 -5.33022
-2.91418 -5.19127
-2.82918 -5.14842
-2.99698 -5.01883
-3.09495 -4.92066
-2.77247 -5.03693
-2.71337 -5.19541
-2.55674 -5.24496
-2.6104 -5.03193
-2.7511 -4.8933
-2.79832 -4.75701
-2.90872 -4.62765
-2.75056 -4.63519
-2.66107 -4.85179
-2.52307 -4.80453
-2.50968 -4.97334
-2.33849 -4.9897
-2.39068 -5.16143
-2.15354 -5.18165
-2.14246 -5.01435
-2.29874 -4.78637
-1.9819 -4.91889
-1.91238 -5.17258
-1.80802 -5.07043
-1.89692 -4.72593
-2.00378 -4.44555
-1.82263 -4.25154
-2.03961 -4.15915
-1.94841 -3.93569
-1.83955 -3.60218
-2.08894 -3.65833
-2.07788 -3.33334
-2.34785 -3.49845
-2.29558 -3.09919
-2.06684 -2.99582
-1.9321 -2.72013
-1.83276 -3.13545
-1.71148 -2.78896
-1.64954 -3.40845
-2.22643 -3.90045
-2.50358 -3.75756
-2.44115 -4.03154
-2.21967 -4.21498
-2.41944 -4.27454
-2.22719 -4.42825
-2.13313 -4.64627
-2.38379 -4.51039
-2.5743 -4.57444
-2.59513 -4.11292
-2.6643 -3.90015
-1.66096 -5.20534
-1.68666 -5.37513
-1.44511 -5.39662
-1.47039 -5.54978
-1.23812 -5.57286
-1.02596 -5.60449
-1.04697 -5.75987
-0.717752 -5.93535
-0.419497 -5.98368
-0.234214 -6.07546
-0.934511 -5.9017
-1.11252 -5.90028
-1.32808 -5.72169
-1.26855 -5.65447
-1.63164 -5.6127
-1.42862 -5.80903
-1.70128 -5.72105
-1.86095 -5.57999
-1.91164 -5.4079
-2.09161 -5.49814
-2.1859 -5.32282
-2.33234 -5.35626
-2.2949 -5.50631
-2.06446 -5.65059
-1.91369 -5.65347
-1.78825 -5.80489
-2.215 -5.65287
-1.54057 -5.86056
-1.52884 -5.94775
-0.946242 -6.05467
-0.882789 -5.98445
-1.67583 -5.90924
-2.39316 -5.56883
-2.48493 -5.59223
-2.57965 -5.45957
-2.49302 -5.421
-2.6592 -5.30874
-2.42543 -5.38558
-1.68102 -5.48764
-2.30126 0.2186
-2.25489 0.393288
-2.42699 0.293136
-2.33216 0.472446
-2.47753 0.407994
-2.63171 0.25066
-2.54251 0.140885
-2.7063 0.000265777
-2.42522 0.16592
-2.8392 0.0401947
-2.91971 -0.0972004
-2.77364 -0.180228
-2.8658 -0.345628
-3.0113 -0.476049
-2.93153 -0.503554
-3.25056 -0.80056
-3.13523 -0.383574
-3.23657 -0.534281
-2.60992 0.694569
-2.72397 0.511697
-2.79609 0.281668
-2.65773 0.400858
-2.55926 0.434827
-2.59549 0.526281
-2.43759 0.586032
-2.30696 0.723263
-3.03581 -0.234804
-2.84427 -0.502402
-1.42856 1.94286
0.999153 -0.788526
1.06363 -0.698908
1.48261 1.0947
1.52209 0.883383
2.19278 -0.0570987
2.1028 -0.143738
1.92061 -0.129532
1.16269 -4.29151
1.36529 -4.45759
1.5585 -5.67877
1.82105 -5.65761
1.70898 -5.81143
1.90789 -5.72722
2.06828 -5.74129
1.83527 -5.88403
1.93448 -5.93403
1.87593 -6.07307
1.99457 -6.11146
1.74147 -6.23732
1.70145 -6.38822
1.5284 -6.17341
1.71868 -6.14529
1.74962 -6.04585
1.60824 -5.98581
1.44272 -5.87489
1.3398 -6.03826
1.22744 -6.15962
2.54208 -2.15244
0.702457 -6.42108
0.717233 -6.38266
0.871809 -6.44743
0.725789 -6.43989
0.954638 -6.46004
0.765735 -6.46274
0.998828 -6.44262
1.08679 -6.47298
0.766803 -6.43752
0.730135 -6.38929
0.962743 -6.3672
1.18668 -6.40372
1.37012 -6.43278
1.3403 -6.36567
1.13112 -6.33638
1.19658 -6.29561
1.38249 -6.29474
0.959986 -6.28179
0.779111 -6.31849
0.718952 -6.28913
0.874338 -6.2355
0.697226 -6.21771
0.715461 -6.05339
0.580162 -5.90614
0.429895 -6.06595
0.475193 -6.19772
0.285757 -6.14234
0.287769 -6.23857
0.497404 -6.27335
0.30898 -6.32976
0.129939 -6.30282
0.0668335 -6.16751
-0.105884 -6.30721
-0.258224 -6.09414
-0.100156 -5.90766
0.192434 -5.97811
0.101286 -5.75707
0.366995 -5.85336
0.325143 -5.69422
0.192307 -5.70241
0.146003 -5.65455
0.349283 -5.58043
0.143232 -5.58883
-0.0706635 -5.59904
-0.29509 -5.6045
-0.0280924 -5.65484
-0.531144 -5.59721
-0.410119 -5.81163
-0.749802 -5.71749
-0.524854 -5.9166
-0.506657 -6.06774
-0.704472 -5.89324
-1.01895 -5.62441
-0.778203 -5.56951
0.545203 -6.33984
0.498446 -6.42184
0.566956 -6.4517
0.56929 -6.44878
1.9365 -5.65778
1.50176 -6.53043
1.4354 -6.54526
1.34727 -6.50686
-0.810943 -4.77796
3.27446 -5.49174
3.19206 -5.59683
3.24333 -5.52428
3.22869 -5.46716
3.14287 -5.58336
3.13275 -5.53125
3.18652 -5.42017
3.31609 -5.3184
3.22737 -5.29775
3.11667 -5.36903
3.19505 -5.19692
3.31723 -5.18056
3.33591 -5.05533
3.33757 -4.90041
3.30151 -5.39756
3.36806 -3.83857
3.33143 -4.27459
3.27995 -4.51522
3.3625 -4.77234
3.27182 -4.63486
3.25785 -4.87657
3.15806 -4.78018
3.19843 -4.58264
3.18713 -4.41954
3.09908 -4.3225
3.16709 -4.12768
3.02087 -4.11016
3.04138 -3.81947
3.15522 -3.76265
3.2958 -4.06096
3.2386 -3.71975
3.29753 -3.96458
3.30456 -3.70065
3.34695 -3.68636
3.32987 -3.52789
3.31761 -3.37105
3.25133 -3.46298
3.13504 -3.36355
3.0722 -2.94694
3.09059 -2.6798
3.03346 -3.48753
3.30586 -4.18033
3.26749 -4.40602
3.18433 -5.01156
3.07096 -4.97611
3.05604 -5.17772
3.09515 -5.27824
2.98081 -5.3566
2.96972 -5.47028
3.05863 -5.51729
3.01328 -5.63673
3.07194 -5.69832
2.93983 -5.75675
3.02236 -5.76798
3.13454 -5.66532
3.1243 -5.62782
3.06756 -5.65774
3.00833 -5.68171
2.92484 -5.83731
2.94174 -5.69896
2.86166 -5.70559
2.76798 -5.70309
2.79602 -5.77956
3.12821 -2.50168
