-2.67006 0.129242
-2.63519 0.323695
-2.39839 1.07946
-1.76934 2.76659
-1.65084 3.00389
-1.26674 3.7728
-0.57186 4.99285
-0.217355 5.29869
0.0406752 5.40106
0.664761 5.37836
0.991852 5.358
1.22826 5.33101
1.7099 5.25099
2.22351 4.91616
2.61118 4.59796
3.06287 4.14169
3.18068 4.0034
3.26986 3.89175
3.87108 2.98
4.02763 2.66083
4.55135 1.45563
4.62522 1.21612
4.80456 0.361297
4.82709 0.0850955
4.82463 -0.265271
4.80931 -0.431294
4.75569 -0.835033
4.73406 -0.983923
4.71945 -1.04173
4.65417 -1.27107
4.62616 -1.35695
4.52928 -1.57878
4.42036 -1.78024
4.29241 -1.97034
4.21959 -2.07183
4.09976 -2.21589
3.98312 -2.33159
3.9614 -2.35172
3.63352 -2.64802
3.16894 -3.01922
2.91658 -3.19948
2.67638 -3.35678
2.45061 -3.49238
1.60186 -3.96709
1.47925 -4.00854
1.26478 -4.02132
-0.698715 -3.62505
-0.892272 -3.57766
-1.07938 -3.4984
-1.2381 -3.41417
-1.38187 -3.3259
-1.83412 -2.91382
-2.03269 -2.71571
-2.33838 -2.39239
-2.48962 -2.15318
-2.5314 -2.03465
-2.62991 -1.75291
-2.64366 -1.68528
