0.634987 3.09099
0.365733 3.20013
0.444112 3.08837
0.203533 3.189
0.156173 3.13892
-0.0522523 3.20329
0.0606318 3.26725
-0.271638 3.26767
-1.00985 3.24913
-0.655311 3.26079
-0.891292 3.18146
-1.09218 3.12813
-1.27179 3.13828
-1.3068 2.98787
-1.53943 3.01926
-1.58712 2.86938
-1.7858 2.87175
-1.83572 2.98834
-1.96827 2.85374
-1.9922 2.75138
-1.8443 2.71766
-2.06673 2.62898
-2.1919 2.64647
-2.14815 2.75658
-2.30894 2.65523
-2.50446 2.56518
-2.73337 2.50544
-2.68119 2.40929
-2.8718 2.30389
-2.75664 2.23786
-2.9661 2.13038
-2.95549 2.00032
-3.12805 1.9508
-3.30407 1.7222
-3.50024 1.45412
-3.29058 1.5537
-3.13497 1.8052
-2.98227 1.76423
-2.74351 2.06895
-2.67573 1.93951
-2.81289 1.69569
-2.51399 1.84454
-2.41382 2.0801
-2.2734 2.01147
-2.24743 1.83611
-2.01916 2.10732
-2.16112 2.20265
-1.96351 2.29861
-2.01889 2.39361
-2.28582 2.30751
-2.53363 2.14446
-2.52726 2.28973
-2.52496 2.42552
-2.28775 2.48858
-2.36477 2.5584
-2.05284 2.52382
-1.83625 2.57535
-1.62549 2.72785
-1.44731 2.84545
-1.42459 2.73144
-1.63442 2.5456
-1.39132 2.58505
-1.15911 2.75182
-1.29385 2.85801
-1.12884 2.93928
-1.08241 3.04498
-0.907472 3.00711
-0.94223 3.1116
-0.692407 3.12102
-0.650263 2.96948
-0.368899 3.058
-0.364819 3.17689
-0.105532 3.13201
-0.100205 3.04673
0.077508 3.07698
0.305002 3.02871
0.0858345 2.95615
0.374756 2.88645
0.618277 2.89837
0.723811 2.96959
0.940286 2.79456
0.91001 2.94007
1.12465 2.7512
1.11613 2.85021
1.27359 2.69008
1.63509 2.16486
1.52771 2.34321
1.42674 2.48961
1.44429 2.30673
1.28597 2.55819
1.25823 2.4591
1.14969 2.62161
1.08435 2.48676
1.30393 2.29178
1.25658 2.15983
1.47565 2.04082
1.59852 2.04049
1.7512 1.90634
1.68676 1.76384
1.83389 1.69791
1.96786 1.5258
2.12617 1.29298
2.0056 1.31715
1.85995 1.51954
1.90948 1.32789
2.01286 1.11576
2.16811 1.04402
2.13818 0.862553
2.28315 0.725215
2.32726 0.830596
2.25562 1.05269
2.4535 0.663042
2.55405 0.42804
2.64696 0.191899
2.73469 -0.0148853
-4.88242 -6.30789
-4.90774 -6.21003
-4.92575 -5.92989
-4.90646 -5.71601
-4.93368 -5.4549
-4.87349 -5.45468
-4.94484 -5.29955
-4.9197 -5.19278
-4.87948 -5.1915
-4.90993 -5.03397
-4.86517 -4.97184
-4.89947 -4.76955
-4.82787 -4.72526
-4.82347 -5.08936
-4.74084 -4.90348
-4.76527 -4.52234
-4.66369 -4.50315
-4.73559 -4.15555
-4.63769 -4.06882
-4.56783 -4.25968
-4.50984 -4.68132
-4.45645 -4.2043
-4.34601 -4.46363
-4.35965 -4.14775
-4.25331 -4.07769
-4.18744 -4.4703
-4.26842 -4.7467
-4.14919 -4.84585
-4.26649 -5.02559
-4.17486 -5.30244
-3.96286 -4.96054
-4.02291 -4.5111
-3.86902 -4.5318
-3.7203 -4.72562
-3.75245 -5.20818
-3.58407 -4.93956
-3.51339 -5.19661
-3.62574 -5.51604
-3.38576 -5.46055
-3.49912 -5.87654
-3.18002 -5.68084
-3.19586 -6.03669
-2.93437 -5.87835
-2.97446 -6.16657
-2.72444 -6.11715
-2.82685 -6.4441
-2.55438 -6.37512
-2.6292 -6.57436
-2.43781 -6.62112
-2.67829 -6.81779
-2.35328 -6.84886
-2.41696 -7.07491
-2.07885 -6.98715
-2.14104 -6.66022
-1.81795 -6.72371
-1.90302 -6.33541
-1.55381 -6.46335
-1.60333 -6.08989
-1.30072 -6.19469
-1.37858 -5.88286
-1.22998 -5.97343
-1.07368 -6.06458
-1.16644 -5.801
-0.915158 -5.86181
-1.05682 -5.52387
-0.808784 -5.6437
-0.844098 -5.40213
-0.627077 -5.55094
-0.616881 -5.92709
-0.324599 -5.75559
-0.376391 -6.11829
-0.184732 -6.12528
0.0430965 -5.93798
-0.0241103 -6.29014
0.250619 -6.28377
0.331444 -5.92391
0.274384 -5.56014
0.504923 -5.76354
0.567432 -5.53784
0.750909 -5.76003
0.750372 -5.3218
0.484828 -5.31985
0.518596 -5.04175
0.257127 -5.16031
0.2364 -4.79316
0.550394 -4.72479
0.358162 -4.48415
0.592717 -4.46982
0.493821 -4.23673
0.257854 -4.23433
0.365967 -3.9504
0.06634 -4.04917
0.153968 -3.61686
0.586503 -3.5606
0.344752 -3.28824
0.531166 -3.01284
0.321037 -3.09865
0.29117 -2.93943
0.0983729 -3.14805
0.117768 -2.74738
0.374244 -2.68974
0.231658 -2.40281
0.460678 -2.4278
0.6023 -2.61282
0.779099 -2.77465
0.876842 -3.14661
1.01316 -2.66286
0.800494 -2.45505
0.979222 -2.20649
0.728565 -2.17428
0.737124 -1.80572
0.463373 -2.11284
0.338861 -1.64409
0.123405 -2.05364
-0.0315342 -1.73803
0.079452 -1.25748
0.404501 -1.22596
0.612417 -1.40329
0.690003 -0.986151
0.304523 -0.901233
0.4424 -0.574305
0.228126 -0.644503
0.164281 -0.361686
0.521965 -0.139588
0.181066 0.0637433
-0.0569754 -0.105227
-0.133385 0.225109
-0.33383 -0.0822752
-0.5552 0.269669
-0.281513 0.434029
-0.0660639 0.534567
-0.377596 0.664367
-0.0332618 0.805599
-0.27843 0.991364
-0.671488 0.950216
-0.440049 1.18618
-0.684748 1.27758
-0.397388 1.45901
-0.135352 1.27368
-0.128226 1.53056
0.0688515 1.46126
0.0610328 1.71463
0.293945 1.52283
0.228276 1.23846
0.541169 1.33572
0.529105 1.05076
0.760957 1.13002
0.82775 0.782921
1.01089 1.02666
0.839211 1.38435
1.11145 1.21361
1.09311 1.52402
1.26971 1.20786
1.29734 0.909677
1.46804 1.06351
1.33275 1.33681
1.45934 1.3084
1.33841 1.60188
1.10607 1.81187
1.18971 1.97224
0.928762 2.08876
1.01605 2.27967
1.42341 1.83343
0.744025 2.40004
0.867967 2.52782
0.618377 2.69471
0.83785 2.70002
0.484678 2.56009
0.350659 2.74216
0.205129 2.84805
0.124474 2.72781
0.0825496 2.85291
-0.0958681 2.80779
-0.210308 2.95183
-0.345748 2.83237
-0.444618 2.93049
-0.641371 2.76868
-0.342144 2.62816
-0.582704 2.55636
-0.49883 2.35599
-0.170255 2.34841
-0.424131 2.00853
-0.0802431 2.00496
0.10623 2.21904
0.124689 2.48959
-0.0721822 2.61535
0.28608 2.61365
0.35592 2.45238
0.559464 2.36542
0.44168 2.26496
0.603065 2.19386
0.550917 2.05147
0.747954 2.03206
0.719069 2.22322
0.931911 1.85116
0.74064 1.77043
0.442105 1.88318
0.531712 1.61254
0.307817 1.74799
0.192816 1.95818
0.328209 2.12489
0.266167 2.32468
-0.241712 1.74085
-0.484817 1.69786
-0.642644 1.52833
-0.703494 1.75873
-0.913112 1.46538
-0.987971 1.12956
-1.20153 1.27895
-1.16698 1.55461
-0.945006 1.74933
-1.13127 1.85844
-0.802469 2.093
-1.12241 2.15905
-0.911702 2.39741
-1.20016 2.44868
-0.927102 2.63664
-0.9093 2.79934
-0.989844 2.88651
-0.823258 2.89599
-0.748756 2.56563
-0.704101 2.40834
-1.37978 2.15464
-1.34663 1.93378
-1.47747 1.97846
-1.58082 1.78999
-1.42122 1.61271
-1.77934 1.45622
-1.58596 1.30618
-1.36892 1.37517
-1.45249 1.14933
-1.27766 1.03062
-1.58176 0.841226
-1.11566 0.776995
-0.753344 0.612676
-1.02122 0.375424
-0.839434 0.161898
-0.714802 0.0409449
-0.574145 -0.071839
-0.761844 -0.18414
-0.54464 -0.425652
-0.188208 -0.440655
-0.386402 -0.942177
0.00451851 -0.795394
-0.149856 -1.10624
-0.273884 -1.45731
-0.539344 -1.40422
-0.718113 -1.17622
-0.774579 -1.65861
-0.535647 -1.78803
-0.697934 -1.95995
-0.599172 -2.25706
-0.300007 -2.00552
-0.0959044 -2.04666
-0.119984 -2.39987
-0.373824 -2.34482
-0.432214 -2.70409
-0.145369 -2.89143
-0.340344 -3.14922
-0.145095 -3.15857
-0.159036 -3.41872
-0.220273 -3.85856
-0.460468 -3.52667
-0.653662 -3.14979
-0.748945 -3.5943
-0.58131 -3.90959
-0.838398 -3.88822
-0.782013 -4.23909
-0.365729 -4.26948
-0.524424 -4.63813
-0.244952 -4.58419
0.00962067 -4.41957
-0.137923 -4.16033
-0.0541334 -4.72748
-0.00334406 -4.98042
-0.250671 -4.83535
-0.204383 -5.08282
-0.00647402 -5.27994
-0.0613909 -5.57573
-0.31782 -5.32611
-0.491614 -5.44668
-0.701104 -5.14561
-0.445142 -4.98187
-0.642788 -4.85805
-0.876129 -4.67659
-1.02656 -4.92287
-1.23575 -4.6665
-1.17487 -4.26937
-1.49499 -4.40432
-1.4732 -4.04348
-1.71229 -4.14031
-1.67496 -3.79877
-1.89445 -3.84915
-1.84155 -3.53227
-2.10898 -3.4601
-1.91907 -3.09652
-1.64143 -3.39756
-1.66479 -2.93716
-1.49527 -3.15911
-1.44683 -2.83414
-1.31033 -3.14008
-1.39988 -3.46402
-1.16422 -3.47594
-1.27289 -3.82349
-1.1222 -3.74589
-1.03851 -3.95368
-0.981525 -3.67841
-0.927249 -3.33416
-1.09398 -3.06195
-0.887692 -2.9743
-1.01345 -2.58975
-0.736354 -2.6898
-0.806853 -2.42104
-0.867549 -2.12639
-1.11736 -2.17347
-1.3375 -2.41851
-1.2441 -2.8135
-1.61849 -2.52281
-1.5864 -2.09067
-1.80374 -2.25503
-1.86093 -1.87584
-2.10192 -2.20112
-1.87203 -2.61304
-2.15074 -2.68568
-2.18917 -3.03745
-2.39291 -2.7935
-2.46656 -2.4016
-2.56676 -2.64606
-2.79417 -2.54894
-2.80853 -2.12306
-2.46371 -1.8444
-2.84194 -1.7139
-2.64929 -1.58118
-2.47803 -1.44068
-2.26538 -1.52048
-2.12814 -1.76283
-1.99118 -1.4
-1.58998 -1.57187
-1.73655 -1.04039
-2.10788 -0.905838
-2.29616 -1.18187
-2.30456 -0.930071
-2.36527 -0.737064
-2.1539 -0.616835
-1.90951 -0.593406
-2.2135 -0.352622
-1.88623 -0.237562
-1.59971 -0.439185
-1.65943 0.00841208
-2.02534 0.0457899
-1.77515 0.310984
-1.56746 0.257191
-1.46368 0.482914
-1.33792 0.153537
-1.04556 0.0887741
-1.18574 -0.0666945
-1.37089 -0.183974
-1.14417 -0.290544
-0.989457 -0.154304
-0.91597 -0.506438
-0.868722 -0.00212304
-1.24348 -0.566966
-1.05365 -0.741048
-0.919514 -0.922555
-0.691411 -0.792884
-1.01088 -1.35218
-1.15646 -0.964564
-1.29264 -1.30175
-1.4504 -0.89532
-1.48996 -1.25425
-1.67054 -0.726924
-1.4241 -1.43442
-1.35894 -1.57282
-1.31954 -1.89578
-1.20175 -1.59339
-1.04763 -1.80539
-1.77904 0.555974
-2.11939 0.39887
-1.93033 0.689498
-2.24274 0.708549
-2.58349 0.374945
-2.60526 0.711513
-2.35857 0.92245
-2.15808 0.92171
-2.11381 1.14489
-1.92855 0.929819
-1.81425 1.17826
-2.10706 1.47187
-1.85611 1.72768
-2.10926 1.70239
-1.93903 1.92273
-1.64326 2.0124
-1.78007 2.14429
-1.53833 2.32577
-1.79155 2.31815
-1.84186 2.43394
-2.38137 1.5581
-2.45942 1.70998
-2.64156 1.59681
-2.65255 1.32932
-2.38662 1.26061
-2.64349 1.01885
-2.37634 1.07548
-2.86952 1.1562
-2.93771 0.956138
-2.8867 0.75436
-2.89316 0.487658
-3.0855 0.583974
-3.11747 0.786877
-3.28796 0.569528
-3.3331 0.798954
-3.12175 1.06831
-3.37912 1.0297
-3.19568 1.30948
-2.9225 1.3979
-3.03765 1.54441
-3.19673 1.49412
-3.42126 1.25168
-3.45187 1.34963
-3.6108 1.17553
-3.59446 1.08274
-3.57605 0.972868
-3.55675 0.735931
-3.68839 0.774347
-3.72108 0.90973
-3.79605 0.679059
-3.75128 0.56611
-3.90336 0.455473
-3.83707 0.306003
-3.64945 0.414349
-3.46634 0.576683
-3.46536 0.346861
-3.20572 0.30963
-3.47907 0.0146773
-3.23425 -0.0512164
-2.95433 0.182091
-2.76852 0.0517466
-2.45732 -0.0113682
-2.7976 -0.217211
-3.01954 -0.149086
-3.04214 -0.556855
-2.65205 -0.528302
-2.95406 -0.943789
-3.19456 -0.947407
-3.3241 -0.766348
-3.40461 -1.16351
-3.53808 -0.922531
-3.6736 -1.35746
-3.41985 -1.65808
-3.18138 -1.28555
-3.11026 -1.59655
-3.12633 -1.92372
-2.89792 -1.35363
-2.77301 -1.51019
-2.66932 -1.34936
-2.65436 -1.00117
-2.51203 -1.18454
-2.4329 -0.98938
-3.37971 -2.13115
-3.10063 -2.30135
-3.30923 -2.45312
-3.08895 -2.67199
-2.85436 -2.87483
-2.61513 -2.86251
-2.68252 -3.18753
-2.39664 -3.15358
-2.43105 -3.58512
-2.13893 -3.90728
-2.40856 -4.03855
-2.11317 -4.27589
-1.92925 -4.15036
-1.82038 -4.48473
-2.08548 -4.55816
-1.93494 -4.757
-1.75844 -4.73419
-1.55026 -4.75449
-1.75238 -4.92223
-1.53128 -5.0762
-1.27792 -4.97339
-1.29907 -5.2769
-1.03329 -5.19497
-1.3479 -5.58518
-1.56448 -5.37912
-1.63343 -5.71733
-1.82304 -5.47021
-1.77601 -5.19006
-2.02485 -5.29152
-1.9925 -5.01515
-2.24569 -4.78921
-2.25628 -5.13305
-2.53191 -4.9786
-2.62472 -4.6341
-2.34471 -4.42958
-2.64544 -4.23985
-2.99575 -4.35584
-2.86821 -3.98017
-3.18137 -3.90548
-2.98191 -3.62666
-3.26294 -3.44919
-3.48011 -3.68082
-3.48086 -3.30039
-3.67417 -3.3987
-3.58376 -2.94148
-3.35502 -3.10709
-3.33838 -2.77792
-3.56343 -2.45745
-3.75722 -2.6582
-3.83045 -2.3188
-3.91153 -2.64585
-3.84235 -3.01733
-4.04248 -2.85432
-3.99775 -3.19612
-3.88986 -3.52117
-3.74969 -3.73051
-3.87697 -4.07278
-3.64053 -3.99492
-3.63933 -3.6915
-3.4122 -4.09547
-3.56575 -4.38107
-3.73978 -4.34514
-3.52058 -4.67596
-3.32787 -4.46109
-3.36814 -4.87109
-3.14959 -4.6845
-3.1199 -4.98302
-2.90915 -4.76855
-2.83253 -5.10942
-3.12362 -5.31753
-2.87159 -5.51233
-2.52631 -5.34586
-2.72261 -4.86874
-2.58955 -5.75672
-2.34305 -5.56898
-2.24565 -5.37885
-2.08496 -5.57138
-2.26459 -5.80442
-2.03643 -5.81397
-2.11995 -6.05944
-1.85803 -5.95122
-1.88253 -5.70136
-2.25974 -6.36222
-2.42137 -6.08273
-3.31023 -5.16723
-3.23507 -4.19716
-4.0107 -3.79469
-4.08372 -4.12368
-4.14658 -3.77092
-4.26919 -3.70636
-4.39024 -3.83763
-4.35714 -3.40607
-4.47053 -3.48666
-4.5453 -3.82315
-4.56802 -3.38027
-4.50333 -3.18393
-4.4422 -3.27134
-4.40654 -2.99566
-4.2678 -3.10546
-4.28116 -2.74935
-4.18102 -2.90163
-4.16093 -2.6764
-4.13177 -3.15654
-4.04716 -2.4517
-4.20975 -2.45056
-4.13014 -2.17947
-3.9741 -2.08289
-3.82149 -1.97319
-3.63338 -2.03942
-3.70288 -1.74635
-3.89583 -1.70829
-3.911 -1.30052
-4.0296 -1.60352
-4.06848 -1.87907
-4.14251 -1.69749
-4.19933 -1.97373
-4.24696 -2.22162
-4.32168 -2.05778
-4.33973 -2.42483
-4.37811 -2.69896
-4.45661 -2.62018
-4.49945 -2.91712
-4.54274 -2.73945
-4.57005 -3.02733
-4.61206 -2.7301
-4.65235 -3.19149
-4.61708 -3.54318
-4.70124 -3.52941
-4.63479 -3.77249
-4.69345 -3.87296
-4.74706 -3.81444
-4.79352 -3.96899
-4.80576 -4.30231
-4.86608 -4.17751
-4.83894 -4.45113
-4.79987 -4.50659
-4.86852 -4.52048
-4.90146 -4.449
-4.92166 -4.61701
-4.97634 -4.80551
-4.95022 -4.99976
-5.00547 -5.01207
-4.9532 -5.14098
-4.97709 -5.34312
-4.94019 -4.1493
-4.93485 -4.44584
-4.93904 -3.72423
-4.95644 -3.45929
-4.90515 -3.46219
-4.93231 -3.25899
-4.87576 -3.16231
-4.85137 -3.36845
-4.8419 -3.01128
-4.80949 -2.90989
-4.77255 -3.21792
-4.73222 -2.64121
-4.78109 -2.54287
-4.7329 -2.25281
-4.69152 -2.26358
-4.65112 -2.45128
-4.63506 -2.10377
-4.5828 -2.17411
-4.59449 -2.42792
-4.54108 -2.3999
-4.51961 -1.98661
-4.57764 -1.77274
-4.49439 -1.68628
-4.5039 -1.47513
-4.40017 -1.46488
-4.44312 -1.81008
-4.3575 -1.79127
-4.28449 -1.49609
-4.28853 -1.24452
-4.17454 -1.20627
-4.24508 -0.950642
-4.08049 -0.787051
-4.02236 -1.06398
-4.08925 -1.40249
-4.1941 -1.51728
-4.2568 -1.76026
-3.87089 -0.958204
-3.9191 -0.743532
-3.77206 -0.682649
-3.82126 -0.456663
-3.94777 -0.526997
-4.04871 -0.406752
-3.8762 -0.271205
-3.93374 -0.0197295
-4.09828 -0.20672
-4.20886 -0.439792
-4.2006 -0.218679
-4.09983 0.0330415
-3.96635 0.21186
-3.76861 0.169182
-3.77008 -0.0358107
-3.63526 0.1479
-3.66237 -0.074933
-3.65063 -0.333584
-3.446 -0.330597
-3.60299 -0.640306
-3.73067 -0.981682
-3.44223 -0.609139
-3.25752 -0.402049
-3.75733 -0.223053
-4.2767 -0.23365
-4.30021 -0.360738
-4.3286 -0.542732
-4.43524 -0.717509
-4.30259 -0.72697
-4.17787 -0.653022
-4.3509 -0.960872
-4.34519 -1.14403
-4.44512 -1.16976
-4.40479 -0.897416
-4.5181 -0.976287
-4.53284 -1.17946
-4.55011 -1.38977
-4.58131 -1.30044
-4.63757 -1.5735
-4.67241 -1.95931
-4.71559 -1.92539
-4.78791 -2.26064
-4.75945 -1.93153
-4.70408 -1.67587
-4.75484 -1.73625
-4.74161 -1.5506
-4.68296 -1.43025
-4.64072 -1.30919
-4.81754 -1.88978
-4.83259 -2.02306
-4.79395 -1.90846
-4.82294 -2.15025
-4.85828 -2.19455
-4.85245 -2.37011
-4.84092 -2.40146
-4.83476 -2.66842
-4.85869 -2.56308
-4.84867 -2.65757
-4.86194 -2.72431
-4.8565 -2.91303
-4.87568 -2.96285
-4.90589 -3.10624
-4.90535 -2.83386
-4.95222 -2.61797
-4.88066 -2.5318
-4.8982 -2.37109
-4.43653 -2.15457
-4.6993 -2.90333
-4.71303 -3.21198
-4.76901 -3.58227
-4.80354 -3.58272
-4.78129 -3.74893
-4.80487 -3.77475
-4.83149 -3.77943
-4.87621 -3.77978
-4.20764 -3.43506
-4.06525 -3.4775
-3.04913 -3.14251
-2.74665 -3.51851
-2.76351 -3.78112
-2.59165 -3.78544
-2.64854 -3.97182
-1.67313 1.07671
-1.49396 -3.72066
1.48187 1.60434
1.60554 1.57787
1.54423 1.40582
1.74364 1.16807
1.78617 1.43515
1.55141 1.80966
1.88857 1.19437
1.97473 0.874166
1.84506 0.764986
1.97439 0.562511
2.074 0.571804
2.09923 0.284362
2.20491 0.411784
2.12589 0.682826
2.23499 0.629242
2.30468 0.438486
2.34919 0.193911
2.39418 0.329501
2.31362 0.542332
2.37813 0.513394
2.43357 0.549909
2.4751 0.342435
2.56367 0.283289
2.66681 -0.00178933
2.57372 0.147282
2.61175 -0.103264
2.72354 -0.276908
2.70181 -0.496616
2.80174 -0.558554
2.78245 -0.281483
2.88504 -0.61748
2.83902 -0.355808
2.88119 -0.486536
2.92594 -0.647171
2.7863 -0.202781
2.47658 -6.06298
2.2756 -6.0477
2.23326 -6.34633
2.01719 -6.27902
1.95056 -6.57196
2.12201 -6.58556
2.28801 -6.5075
2.1744 -6.69518
1.93819 -6.76746
1.97017 -6.91849
1.70991 -6.9611
1.56877 -7.18
1.93583 -7.07233
2.15647 -6.92712
2.28442 -6.76344
2.40395 -6.83459
2.15672 -6.99637
2.25285 -6.9924
2.00956 -7.13554
2.22023 -7.11038
2.45576 -6.94396
2.46167 -7.02298
2.65217 -6.84451
2.66958 -6.89746
2.52794 -7.00744
2.63307 -6.94444
2.47818 -7.08427
2.63071 -6.9709
2.82585 -6.85471
2.82053 -6.87774
2.57684 -7.01376
2.77631 -6.87618
2.98208 -6.72939
2.96636 -6.68827
3.11082 -6.53895
3.02851 -6.52979
3.18522 -6.34464
3.07097 -6.34211
3.20569 -6.08772
3.07097 -6.13574
2.90931 -6.37326
2.92814 -6.12904
2.79096 -6.29108
2.77208 -6.11491
2.6145 -6.3107
2.5832 -6.07567
2.39035 -6.38243
2.36582 -6.20111
2.42058 -6.00031
2.25961 -6.13419
2.31862 -5.93226
2.16394 -5.98775
2.11079 -6.24509
2.17545 -6.41253
1.96887 -6.43988
1.97095 -6.21126
1.82169 -6.41411
1.75926 -6.19065
1.6506 -6.53131
1.56894 -6.40304
1.56404 -6.21148
1.42592 -6.40409
1.42276 -6.10273
1.63613 -5.94158
1.47023 -5.72973
1.71876 -5.60804
1.5625 -5.42096
1.77041 -5.24094
1.50516 -5.14973
1.31036 -5.38908
1.27252 -4.98085
1.03411 -5.15983
1.01179 -4.80532
1.18608 -4.67853
1.40518 -4.71119
1.45164 -4.94318
1.63734 -4.89917
1.6109 -4.55406
1.43655 -4.41802
1.24718 -4.41222
1.37132 -4.07345
1.56005 -4.26914
1.60186 -3.95839
1.44948 -3.58944
1.6464 -3.64874
1.62528 -3.31224
1.42429 -3.03362
1.27007 -3.36162
1.16308 -3.04205
1.25805 -2.62928
1.50842 -2.42977
1.23936 -2.22786
1.13649 -2.42569
1.1019 -1.76436
1.36528 -1.96937
1.35432 -1.5588
1.0757 -1.23801
1.35689 -1.03208
1.01448 -0.732824
0.729924 -0.513154
0.93399 -0.211789
0.742034 0.206034
0.417506 0.296513
0.615698 0.546502
0.26597 0.625488
0.505555 0.802029
0.254401 0.935984
0.00890875 1.05237
0.869894 0.451844
1.08425 0.461953
1.16125 0.692401
1.27861 0.410258
1.24807 0.163461
1.43084 0.178942
1.40158 0.515022
1.58293 0.246084
1.5774 0.630192
1.75883 0.226909
1.78149 0.552268
1.67663 0.892497
1.89597 0.505369
1.89948 0.279509
1.97969 0.348545
2.04296 0.0879237
2.16191 -0.0549131
2.281 0.0183413
2.29898 -0.356567
2.38243 -0.284544
2.43116 -0.133516
2.48581 -0.459906
2.57134 -0.366628
2.47937 0.026132
2.5044 0.16
2.57842 -0.671026
2.68866 -0.808273
2.63486 -0.933394
2.7287 -1.18213
2.79683 -1.13201
2.83434 -0.925119
2.88904 -1.32991
2.82423 -1.44373
2.92443 -1.66605
2.87121 -1.75823
2.97261 -1.99321
2.87711 -2.07087
3.03347 -2.36986
2.96462 -2.4676
3.10148 -2.76657
3.1683 -2.64375
3.09786 -2.41502
3.15313 -2.4231
3.26355 -2.58384
3.19804 -2.24244
3.28556 -2.43029
3.24959 -2.18984
3.30149 -2.24894
3.23909 -6.03868
3.14296 -6.25338
2.99119 -6.24041
3.00833 -6.04904
2.92807 -5.97239
2.71074 -6.08129
2.85282 -6.19127
2.6431 -6.37248
2.78313 -6.42066
2.92697 -6.49167
2.69199 -6.64296
2.54589 -6.60169
2.61433 -6.79076
2.79266 -6.69472
2.83337 -6.76561
2.93124 -6.62203
3.0003 -6.65367
3.03572 -6.49115
3.1537 -6.43743
3.10316 -6.59099
3.00788 -6.74519
3.1027 -6.59622
3.18833 -6.46886
3.18462 -6.47001
3.25084 -6.33747
3.23276 -6.34372
3.31996 -6.1788
3.30765 -6.10069
3.40972 -5.94899
3.41593 -5.85108
3.34896 -5.8584
3.44233 -5.71758
3.43492 -5.61651
3.51014 -5.54505
3.49926 -5.37344
3.39524 -5.45094
3.47607 -5.14913
3.54011 -5.14277
3.53626 -4.92735
3.46432 -4.83303
3.54745 -4.63797
3.47561 -4.42754
3.56023 -4.3228
3.59311 -4.49007
3.62117 -4.64314
3.66703 -4.34913
3.60831 -3.94963
3.49864 -4.07239
3.51452 -3.80864
3.52699 -3.654
3.53968 -3.52833
3.52498 -3.3492
3.43624 -3.13303
3.36188 -2.80446
3.39529 -3.11272
3.46303 -3.37792
3.39441 -3.25139
3.4401 -3.53214
3.32099 -3.24343
3.33299 -3.5394
3.42474 -3.81205
3.34268 -3.81254
3.4038 -4.08451
3.34601 -4.35579
3.39482 -4.64434
3.30464 -4.70347
3.37305 -4.86514
3.36927 -5.13471
3.30365 -4.97674
3.24872 -5.19401
3.27147 -5.43203
3.27193 -5.6792
3.34541 -5.70251
3.26645 -5.85548
3.17559 -5.90351
3.14744 -5.67596
3.04802 -5.92301
3.02109 -5.75333
2.89603 -5.91001
2.93048 -5.65976
3.05687 -5.58265
3.01193 -5.39179
2.82179 -5.50969
2.88408 -5.23062
3.04745 -5.09866
2.93744 -4.95412
2.80588 -5.0762
2.82058 -4.82635
2.6923 -5.00375
2.70031 -4.74177
2.55458 -4.85322
2.6224 -4.48641
2.80555 -4.50014
2.70798 -4.24052
2.58233 -4.13767
2.67412 -3.88079
2.81882 -4.15342
2.81859 -3.81905
2.70194 -3.48276
2.84281 -3.49938
2.91459 -3.78328
2.96608 -3.61303
2.99637 -3.88748
3.07757 -3.81647
3.06071 -4.12141
3.16604 -4.14089
3.19453 -3.88725
3.12021 -3.56162
3.23576 -3.61753
3.13492 -3.32742
3.03781 -3.25034
3.06741 -3.02813
3.21033 -3.20973
2.97109 -2.7085
2.95102 -2.94543
2.86004 -2.66308
2.8637 -2.40926
2.77903 -2.42908
2.74457 -2.11299
2.74428 -1.83367
2.75341 -1.58623
2.68983 -1.661
2.64734 -1.48198
2.63861 -1.20607
2.51475 -1.228
2.61806 -1.70274
2.51044 -1.51203
2.49244 -1.7444
2.60986 -1.99383
2.66142 -2.31954
2.54144 -2.06773
2.51289 -2.31128
2.66778 -2.66412
2.76912 -2.63692
2.78064 -2.88973
2.84922 -2.86355
2.90238 -3.20068
3.02286 -3.48531
2.71681 -3.08442
2.54925 -2.73297
2.56397 -3.11215
2.5466 -3.47501
2.40102 -3.08405
2.43249 -2.78978
2.24663 -2.60052
2.38398 -2.41461
2.34756 -2.01759
2.438 -1.94971
2.31027 -1.60004
2.39948 -1.36678
2.24978 -1.14035
2.34015 -0.973884
2.40184 -0.750372
2.52824 -0.820258
2.42779 -0.526153
2.28109 -0.624229
2.12524 -0.318323
2.1888 -0.749739
2.02178 -0.546612
2.09351 -0.923636
2.15786 -1.25769
1.9888 -1.10987
2.1222 -1.55476
2.24503 -1.79719
2.19313 -2.03305
2.01314 -1.73015
1.97609 -2.1513
2.0732 -2.68614
2.22084 -3.05792
2.00268 -3.05792
2.1899 -3.47742
2.3774 -3.45633
2.34254 -3.82272
2.50021 -3.81216
2.45571 -4.06581
2.48988 -4.30367
2.31747 -4.22587
2.44202 -4.57283
2.21922 -4.68021
2.38799 -4.85708
2.42849 -5.11898
2.57264 -5.14808
2.47436 -5.39154
2.68338 -5.3329
2.53295 -5.62428
2.67521 -5.62554
2.75578 -5.80223
2.56797 -5.82866
2.75776 -5.97434
2.43213 -5.82071
2.33627 -5.70122
2.25341 -5.38212
2.14886 -5.71335
2.10434 -5.53786
2.10711 -5.38731
2.06911 -5.12633
2.28016 -5.03756
2.00803 -4.78777
2.01068 -4.47453
1.82624 -4.66817
1.78135 -4.2742
2.01927 -4.07568
1.80125 -3.84789
1.96769 -3.58082
2.17605 -3.88584
2.17379 -4.12867
2.15958 -4.31994
1.7673 -3.51753
1.81108 -3.2006
1.65783 -2.89538
1.82464 -2.85902
1.73263 -2.59263
1.74451 -2.24562
1.55947 -1.91519
1.74298 -1.86112
1.58794 -1.49303
1.82161 -1.54277
1.63329 -1.10743
1.50569 -0.680961
1.24399 -0.48384
1.41854 -0.203555
1.18488 -0.100349
1.024 0.177792
1.66552 -0.470745
1.5952 -0.0794065
1.75569 -0.233821
1.85497 -0.513959
1.82314 -0.796629
1.95518 -0.771803
1.8176 -1.12269
1.95146 -1.40195
1.68711 -0.828443
1.90285 -0.283196
2.00439 -0.297419
1.93529 -0.0537287
1.8102 -0.0699393
1.70422 0.0163248
1.89768 -2.59025
1.86989 -4.95388
1.95848 -5.49104
2.01675 -5.70194
1.85048 -5.8134
1.99077 -5.94276
3.22542 -2.96339
3.32355 -2.94531
3.29464 -3.99366
3.2484 -4.16702
3.23622 -4.41177
3.13169 -4.38904
3.18596 -4.65224
3.19974 -4.95712
3.07748 -4.81972
3.08141 -4.58203
2.96251 -4.63757
3.0248 -4.36936
2.91327 -4.35653
2.93891 -4.0774
3.14085 -5.21571
3.15076 -5.41814
3.62837 -5.03829
3.61208 -5.23281
3.53537 -5.54144
3.56665 -5.30661
3.47686 -5.68296
3.47069 -5.75016
3.50543 -5.66777
3.46078 -5.80248
3.45487 -5.84053
3.38484 -6.0482
3.40845 -5.93093
3.47002 -5.78057
3.37262 -5.88978
3.41125 -5.88831
3.32921 -6.07546
3.3575 -6.08576
3.27696 -6.28328
3.31694 -6.20283
3.24594 -6.22679
3.29178 -6.02115
3.59902 -5.13422
3.56921 -5.11096
3.60432 -5.00675
3.57946 -4.97617
3.61521 -4.85851
3.57354 -4.80978
2.40863 -6.55217
2.46655 -6.32114
3.24862 -1.83089
3.20343 -1.67366
3.20329 -1.78673
3.21366 -1.9061
3.24602 -2.07036
3.18541 -1.95315
3.15516 -1.71367
3.08694 -1.62056
3.11145 -1.91025
3.06819 -2.18427
3.02026 -1.87085
3.00322 -1.57536
3.007 -1.39872
3.01957 -1.30356
2.94322 -1.08554
2.96597 -1.00507
3.06267 -1.29151
3.05276 -1.09704
2.95981 -0.850053
3.11767 -1.07495
3.13128 -1.184
3.15547 -1.32578
3.18559 -1.52484
3.14947 -1.5065
3.09 -1.49022
2.90203 -0.824362
2.94979 -1.2499
1.58617 1.16569
0.136248 0.362883
0.853834 -1.42598
1.08477 -3.42933
1.2171 -3.71722
1.03385 -3.74214
1.09318 -4.07537
0.849103 -3.91394
0.895378 -3.56015
0.616708 -3.98928
0.757653 -4.26723
0.92661 -4.18107
1.00148 -4.44145
0.785591 -4.61255
0.782313 -4.94352
1.02732 -5.55046
1.23645 -5.77073
1.3416 -5.92585
1.20079 -6.14612
1.28655 -6.37704
1.10218 -6.55043
1.26574 -6.65615
1.45645 -6.63359
1.30657 -6.90607
1.54051 -6.82134
1.76776 -6.66524
1.66323 -6.85187
1.7773 -6.8884
1.96194 -6.65094
1.97868 -6.8154
2.09757 -6.64209
2.223 -6.56323
2.30404 -6.62654
2.4673 -6.51108
2.37324 -6.73894
2.64441 -6.51457
2.53618 -6.77603
2.76814 -6.61932
2.93814 -6.51998
2.83241 -6.71262
2.64702 -6.80575
2.58896 -6.92641
2.46518 -7.05951
2.30949 -7.11951
2.41136 -6.96546
2.08453 -7.19898
2.27305 -6.96505
2.06062 -7.10983
2.1506 -6.94717
1.95139 -7.08686
2.04502 -6.91108
1.86008 -7.01737
2.14111 -6.73284
2.20168 -6.79998
1.77301 -7.17882
1.83765 -7.26569
1.60573 -7.31867
1.63409 -7.14522
1.40533 -7.34399
1.45544 -7.18126
1.57604 -7.00613
1.38902 -7.07637
1.2872 -7.27701
1.17835 -7.16649
1.02139 -6.96299
0.977882 -7.27019
1.09512 -7.37417
0.859019 -7.46751
1.05114 -7.51997
1.21112 -7.42062
1.23105 -7.52637
1.42789 -7.44964
1.34671 -7.57065
1.58332 -7.4543
1.4523 -7.59277
1.64064 -7.52055
1.80151 -7.38275
1.87454 -7.40355
2.06984 -7.26934
1.92079 -7.39258
2.17139 -7.23256
1.96372 -7.39886
2.2972 -7.17822
2.40143 -7.12366
2.17346 -7.26885
2.20828 -7.24364
2.35359 -7.15341
2.07409 -7.28319
2.24255 -7.15992
2.07259 -7.23477
1.97811 -7.22142
1.8269 -7.33468
1.76278 -7.28972
1.75672 -7.21502
1.52281 -7.33504
1.32571 -7.37576
1.27446 -7.48369
1.51112 -7.43971
1.22732 -7.57835
1.39493 -7.5554
1.21116 -7.6041
1.28246 -7.61682
0.98559 -7.69063
1.15491 -7.67813
0.897184 -7.74976
1.212 -7.69818
1.42854 -7.61136
1.48105 -7.6243
1.59349 -7.5843
1.69963 -7.54748
1.44055 -7.63871
1.64799 -7.57783
1.41776 -7.67743
1.53475 -7.6236
1.76664 -7.52916
1.69017 -7.52265
1.42545 -7.64407
1.24863 -7.7313
1.14948 -7.73292
1.25392 -7.66644
1.02233 -7.73138
1.13107 -7.6564
0.886194 -7.72062
1.03612 -7.62035
0.875752 -7.61451
0.696434 -7.68946
0.706054 -7.58887
0.542071 -7.49511
0.539949 -7.63471
0.366033 -7.59446
0.381554 -7.68031
0.531771 -7.71605
0.418802 -7.75643
0.627328 -7.7682
0.465372 -7.80652
0.628077 -7.81148
0.788508 -7.78415
0.654276 -7.84874
0.798905 -7.8234
0.933249 -7.78464
0.84034 -7.83435
1.02776 -7.79337
0.981996 -7.8122
1.2003 -7.74407
0.910563 -7.78555
0.675258 -7.85573
0.550923 -7.85961
0.648952 -7.82624
0.417272 -7.87373
0.406752 -7.81763
0.664018 -7.74392
0.434932 -7.68941
0.623063 -7.55641
0.734881 -7.64083
0.842622 -7.66149
0.867069 -7.56182
1.03614 -7.59998
1.10587 -7.48542
0.993719 -7.44136
1.20814 -7.33475
1.00217 -7.35006
1.19092 -7.2386
1.03504 -7.19777
1.38864 -7.07399
1.33579 -7.21585
1.18089 -7.03554
1.39611 -6.87061
1.68131 -6.81448
1.67011 -6.5823
1.1065 -6.92133
0.772433 -6.96633
0.967104 -7.07013
0.741384 -7.1869
0.786132 -7.36009
0.507452 -7.35227
0.430867 -7.49917
0.412069 -7.59413
0.313564 -7.5304
0.253898 -7.62321
0.145314 -7.50757
0.303454 -7.42674
0.125665 -7.36704
0.281418 -7.28823
0.406541 -7.09626
0.0607595 -7.18262
0.126753 -6.95136
0.297296 -6.90411
0.480149 -6.84671
1.82815 -6.3185
1.65335 -6.39874
-3.68545 -6.7678
-3.45975 -6.78211
-3.56526 -7.00146
-3.76073 -6.99457
-3.87297 -6.77114
-3.93315 -7.02106
-4.03829 -6.76595
-4.32467 -6.83637
-4.21411 -6.98062
-4.14543 -6.8365
-4.0815 -6.99054
-4.11717 -7.16206
-4.22728 -7.19076
-4.12882 -7.31833
-4.22352 -7.32595
-4.15081 -7.4396
-4.29165 -7.39744
-4.15362 -7.53324
-4.29933 -7.55016
-4.09108 -7.61944
-4.21682 -7.62921
-4.02492 -7.64825
-3.90728 -7.63757
-3.97696 -7.62572
-3.88331 -7.63159
-3.71686 -7.62919
-3.75182 -7.61951
-3.62499 -7.63033
-3.49294 -7.63872
-3.51756 -7.66348
-3.62252 -7.63877
-3.47604 -7.6609
-3.3453 -7.68628
-3.33636 -7.69794
-3.20488 -7.7554
-3.25103 -7.7358
-3.41452 -7.67912
-3.32505 -7.67561
-3.4904 -7.62971
-3.51692 -7.59493
-3.40264 -7.58007
-3.57919 -7.50374
-3.44393 -7.47581
-3.65776 -7.36857
-3.51768 -7.38072
-3.39813 -7.39748
-3.28618 -7.54565
-3.2409 -7.49422
-3.1154 -7.66315
-3.21533 -7.64184
-3.13304 -7.73006
-3.00862 -7.83264
-3.07493 -7.8297
-2.91998 -7.91869
-3.03004 -7.85341
-2.93966 -7.89937
-2.73221 -7.96735
-2.76338 -7.96522
-2.61666 -7.97908
-2.68183 -7.95857
-2.53916 -7.95337
-2.44543 -7.96579
-2.35794 -7.91633
-2.5531 -7.91468
-2.38786 -7.85061
-2.57864 -7.82845
-2.39299 -7.7692
-2.22874 -7.8222
-2.16595 -7.89034
-2.13457 -7.85346
-2.10645 -7.82415
-2.01813 -7.87238
-1.98353 -7.81701
-2.14462 -7.74218
-1.81217 -7.74956
-1.81726 -7.86299
-1.56766 -7.82148
-1.51018 -7.71902
-1.64168 -7.59384
-1.28404 -7.63284
-1.29827 -7.48608
-1.05156 -7.54355
-0.995353 -7.6636
-0.738356 -7.4912
-1.01692 -7.38317
-0.732248 -7.19322
-1.08367 -7.17523
-0.90971 -7.00587
-1.15711 -6.91222
-0.9371 -6.83151
-0.690703 -6.82884
-0.91595 -6.60127
-0.728886 -6.56759
-0.558985 -6.53514
-0.790979 -6.27078
-0.514939 -6.27205
-0.273441 -6.44937
-0.412791 -6.7476
-0.178428 -6.81089
0.0217423 -6.57947
0.0574055 -6.85362
0.280757 -6.67927
0.528633 -6.4363
0.561895 -6.80529
0.740517 -6.51563
0.858385 -6.71847
0.953455 -6.35226
0.763907 -6.18458
1.00183 -5.95439
0.533467 -6.06132
0.740395 -6.99809
0.731811 -7.26006
0.508168 -7.12232
0.249119 -7.01347
0.306589 -7.21536
0.438494 -7.32567
0.214154 -7.33787
0.302583 -7.45172
0.348253 -7.5275
0.165055 -7.56742
0.197426 -7.66518
-0.0108891 -7.68227
0.0657902 -7.74615
0.243699 -7.73903
0.139389 -7.78917
0.294172 -7.77525
0.250522 -7.83086
0.428441 -7.85069
0.406654 -7.89434
0.177948 -7.871
0.240205 -7.89584
0.265858 -7.85579
0.0878191 -7.85005
0.00362444 -7.85832
-0.136364 -7.82517
0.0736098 -7.82855
-0.0845356 -7.78553
0.0959935 -7.78133
0.24455 -7.82707
0.220531 -7.80005
0.26076 -7.73233
0.116494 -7.744
0.119264 -7.68606
0.0615339 -7.61969
-0.00383806 -7.68906
0.00152111 -7.71769
-0.122949 -7.72117
-0.123024 -7.75006
0.00158119 -7.75419
-0.255166 -7.7532
-0.234566 -7.78492
-0.379703 -7.76774
-0.31776 -7.81243
-0.375811 -7.87841
-0.484318 -7.84096
-0.635475 -7.91994
-0.649921 -7.8849
-0.839472 -7.94157
-0.777853 -7.91237
-0.569931 -7.79809
-0.702865 -7.82411
-0.442834 -7.74736
-0.486794 -7.74955
-0.276121 -7.74289
-0.259271 -7.72158
-0.34451 -7.63064
-0.111026 -7.67117
-0.065907 -7.55827
-0.0035162 -7.44868
-0.193062 -7.46908
-0.0659003 -7.34457
-0.150821 -7.24557
-0.277409 -7.34544
-0.338443 -7.20476
-0.174388 -7.13525
-0.368671 -7.0199
-0.111878 -6.99924
-0.599715 -7.13251
-0.86393 -7.28093
-0.524505 -7.30464
-0.651538 -7.38614
-0.798253 -7.48069
-1.11764 -7.4315
-1.07264 -7.55865
-1.42419 -7.54519
-1.18594 -7.68478
-0.869259 -7.64171
-0.948071 -7.75316
-1.17908 -7.76986
-1.05061 -7.82207
-0.789006 -7.79395
-0.934161 -7.85014
-1.00072 -7.91157
-1.15228 -7.87028
-1.28777 -7.92531
-1.21917 -7.93925
-1.52301 -7.95602
-1.32842 -7.97577
-1.39754 -7.97183
-1.70666 -7.97944
-1.67015 -7.99313
-1.45157 -8.00257
-1.20935 -7.99176
-1.16715 -8.00692
-1.44125 -8.01088
-1.79393 -8.01726
-1.6344 -8.00986
-1.87791 -8.00754
-1.74155 -7.9875
-1.87353 -7.94727
-2.10522 -7.94784
-2.04895 -7.99097
-2.2533 -7.94186
-2.1576 -7.96094
-1.97532 -7.9778
-2.25399 -7.95103
-2.23233 -7.91225
-1.96344 -7.94224
-2.25133 -7.90046
-2.20236 -7.88036
-2.01861 -7.88685
-1.77481 -7.91719
-1.83209 -7.84544
-1.52256 -7.8887
-1.57164 -7.82081
-1.31659 -7.8434
-1.32361 -7.87637
-1.38136 -7.75874
-1.55833 -7.7433
-1.43587 -7.68839
-1.59542 -7.67079
-1.74792 -7.61696
-1.72552 -7.49676
-1.57479 -7.3487
-1.33956 -7.4057
-1.23888 -7.29932
-1.419 -7.15562
-1.13714 -7.14805
-3.21368 -6.77193
-2.97399 -6.70642
-3.055 -6.9091
-3.27979 -7.04765
-3.00227 -7.06842
-2.76834 -6.89775
-2.81965 -7.19084
-3.06539 -7.25396
-2.87687 -7.4109
-2.6573 -7.34195
-2.70293 -7.50572
-2.52747 -7.45783
-2.46886 -7.32207
-2.52822 -7.12998
-2.28926 -7.23671
-2.30889 -7.42444
-2.09301 -7.33148
-2.10236 -7.46316
-1.8915 -7.41475
-1.95197 -7.546
-2.21759 -7.5956
-1.98235 -7.67421
-1.76519 -7.74128
-2.01996 -7.77946
-2.1071 -7.83059
-2.23547 -7.7734
-2.1641 -7.72002
-2.34172 -7.71107
-2.42356 -7.63895
-2.41578 -7.54578
-2.56606 -7.59031
-2.55134 -7.69242
-2.75655 -7.63545
-2.82368 -7.53513
-2.94375 -7.55641
-3.09245 -7.43966
-3.13478 -7.57401
-2.96365 -7.67475
-3.14899 -7.6685
-3.041 -7.73461
-2.92115 -7.73994
-2.77099 -7.75175
-2.88066 -7.77422
-2.75709 -7.81777
-2.54568 -7.83352
-2.60482 -7.75435
-2.43863 -7.77124
-2.67827 -7.71433
-2.31746 -7.81556
-2.34281 -7.85337
-2.41234 -7.88871
-2.67209 -7.89022
-2.42161 -7.91117
-2.50441 -7.94368
-2.81249 -7.89704
-2.50678 -7.97514
-2.3617 -7.94929
-2.3515 -7.95627
-2.98057 -7.80123
-2.87261 -7.80817
-3.24181 -7.68592
-3.26482 -7.65901
-3.40527 -7.63633
-3.16355 -7.76276
-3.58046 -7.61438
-3.43427 -7.60961
-3.55079 -7.58393
-3.49818 -7.52457
-3.29985 -7.59016
-3.34709 -7.4796
-3.49301 -7.37644
-3.28949 -7.33412
-3.49416 -7.20633
-3.22904 -7.47095
-3.6574 -7.1469
-3.6265 -7.27841
-3.78398 -7.21558
-3.66494 -7.39685
-3.86017 -7.40001
-3.92897 -7.21831
-4.02033 -7.1418
-4.01618 -7.28749
-4.02114 -7.44098
-3.89734 -7.55807
-4.04569 -7.51239
-4.01053 -7.58923
-3.75408 -7.61483
-3.68691 -7.54344
-3.2525 -7.53626
-3.03108 -7.81823
-3.10245 -7.82506
-2.19977 -7.83183
-1.86249 -7.26133
-1.67051 -7.17043
-1.84377 -7.10461
-1.9686 -6.95868
-2.24309 -7.02239
-2.0581 -7.15719
-1.63633 -7.91239
-1.54738 -7.95842
-1.36945 -7.88707
-1.27867 -7.75993
-1.01232 -7.81234
-1.2002 -7.93212
-0.921069 -7.89635
-0.685539 -7.81695
-0.69686 -7.68607
-0.416003 -7.71846
-0.407337 -7.55159
-0.133224 -7.59878
-0.143362 -7.4343
0.0741167 -7.45344
0.0339022 -7.35049
-0.0890923 -7.29136
-0.363299 -7.31487
-0.0862913 -7.08999
0.103846 -7.22237
-0.403221 -7.01707
-0.215285 -7.73271
-0.399162 -7.8497
-0.122376 -7.79214
-0.158053 -7.84952
-0.0115232 -7.80873
0.0413289 -7.82683
-0.0874872 -7.87679
-0.234035 -7.89946
-0.356688 -7.91529
-0.483821 -7.92924
-0.611978 -7.95002
-0.567823 -7.91649
-0.778949 -7.93684
-0.722214 -7.90986
-1.02109 -7.95591
-0.981093 -7.98726
-0.797945 -7.97565
-0.920504 -7.98912
-0.72539 -7.96018
-0.937768 -7.97451
-1.19658 -7.99816
-1.34693 -7.98491
-1.09254 -7.96789
-1.01049 -7.94765
-1.20036 -7.96528
-0.664828 -7.69869
-0.615917 -7.59097
-0.473543 -7.4645
-1.05511 -6.33863
-1.21395 -6.58573
-1.04999 -6.73995
-1.48996 -6.8173
-1.45214 -7.13459
-1.74038 -6.99385
-1.85074 -7.22306
-1.58629 -7.38529
-1.27823 -7.32455
-1.99717 -7.45529
-2.01734 -7.63381
-2.26654 -7.5625
-2.36343 -7.41717
-2.20424 -7.25608
-2.45954 -7.26843
-2.67026 -7.16327
-2.59061 -7.35418
-2.8114 -7.32334
-2.59115 -7.53094
-2.89313 -7.49076
-3.0655 -7.27718
-2.99276 -7.02809
-3.32563 -7.05971
-3.2887 -6.7771
-3.56183 -6.7959
-3.49492 -6.53213
-3.78261 -6.534
-3.63474 -6.24715
-3.84224 -6.23665
-3.94707 -6.35236
-3.98767 -6.50115
-3.93986 -6.69001
-4.12846 -6.61164
-3.95326 -6.90955
-3.78561 -6.79934
-3.64927 -7.01591
-3.82424 -7.04122
-3.91909 -7.08906
-4.09786 -7.10662
-3.93719 -7.24221
-3.74987 -7.16344
-3.8067 -7.24095
-3.79844 -7.28378
-3.71906 -7.26162
-3.57457 -7.28481
-3.54284 -7.18324
-3.44409 -7.28137
-3.29848 -7.34801
-3.42383 -7.23849
-3.41636 -7.18328
-3.24127 -7.26205
-3.10421 -7.43279
-3.14434 -7.52224
-2.96851 -7.63883
-2.91502 -7.80873
-2.76544 -7.76492
-2.76965 -7.64081
-2.58845 -7.70597
-2.37459 -7.66181
-2.20748 -7.65315
-2.73208 -7.88621
-2.84333 -7.91631
-3.87802 -7.38135
-3.76299 -7.4594
-3.91694 -7.45559
-3.8762 -7.5328
-3.69479 -7.54835
-3.79869 -7.56352
-3.72853 -7.58503
-3.88934 -7.58571
-3.76961 -7.60208
-3.86948 -7.61502
-3.72889 -7.60881
-3.60526 -7.62034
-3.9677 -7.61529
-4.05624 -7.62201
-4.01017 -7.56221
-4.17468 -7.5677
-4.33592 -7.5031
-4.36719 -7.48123
-4.43842 -7.34872
-4.37759 -7.35664
-4.286 -7.46804
-4.29397 -7.33975
-4.39058 -7.20062
-4.48577 -7.16706
-4.47396 -7.06256
-4.56797 -6.90356
-4.58436 -7.00106
-4.55179 -7.14118
-4.61776 -6.96208
-4.66164 -6.90991
-4.58437 -7.14286
-4.47862 -7.32397
-4.50239 -7.29584
-4.42472 -7.42871
-4.4065 -7.38132
-4.4964 -7.24752
-4.59447 -7.13094
-4.54684 -7.0886
-4.6537 -6.92378
-4.5716 -6.94715
-4.62754 -6.7864
-4.54711 -6.88238
-4.51198 -7.05061
-4.45912 -6.99764
-4.44684 -7.13733
-4.46735 -7.18875
-4.38742 -7.26019
-4.39266 -7.14447
-4.31518 -7.23922
-4.37506 -7.34593
-4.41962 -7.29317
-4.34393 -7.04593
-4.42784 -6.84868
-4.70705 -6.70122
-4.71525 -6.55964
-4.8393 -6.4111
-4.7683 -6.56859
-4.81199 -6.51381
-4.78282 -6.62139
-4.819 -6.47007
-4.76592 -6.63544
-4.7687 -6.58365
-4.84338 -6.36138
-4.86247 -6.1677
-4.79512 -6.39209
-4.8405 -6.1546
-4.75854 -6.36492
-4.84124 -6.027
-4.76977 -6.13639
-4.6856 -6.4352
-4.66966 -6.64388
-4.58667 -6.69077
-4.59641 -6.47455
-4.51136 -6.70076
-4.5051 -6.46052
-4.42669 -6.71903
-4.39228 -6.53894
-4.33494 -6.74763
-4.27964 -6.62778
-4.21725 -6.88409
-4.35901 -6.91417
-4.29002 -7.13085
-4.15422 -7.29379
-4.16707 -7.45495
-4.03717 -7.38006
-4.01168 -7.44185
-4.0311 -7.50729
-4.41131 -7.03126
-4.44505 -6.86976
-4.49287 -6.89354
-4.3119 -6.29897
-4.11151 -6.24494
-4.25429 -6.03913
-4.35143 -5.94957
-4.46662 -5.99136
-4.44905 -6.29601
-4.548 -6.15122
-4.59995 -6.2731
-4.65154 -6.01806
-4.68319 -6.21854
-4.74763 -5.91722
-4.82998 -5.81308
-4.79703 -5.59752
-4.70407 -5.66651
-4.76344 -5.32904
-4.68956 -5.42734
-4.61138 -5.48128
-4.66916 -5.20036
-4.56634 -5.12598
-4.49871 -5.39694
-4.52549 -5.6809
-4.42398 -5.67718
-4.36204 -5.30348
-4.28332 -5.71076
-4.14089 -5.68646
-3.97688 -5.503
-4.03441 -5.92424
-4.17207 -5.93127
-3.97594 -6.17218
-3.90846 -6.03804
-3.87987 -5.80671
-3.75885 -6.00112
-3.7256 -5.75721
-3.80491 -5.56541
-3.38207 -6.26552
-4.46703 -5.08282
-4.37094 -4.88788
-4.62677 -4.88817
-4.58982 -5.83684
-4.84256 -5.34602
-4.69342 -6.73765
-4.88048 -5.9655
-4.87063 -6.03701
-4.71473 -6.7488
-4.73316 -6.73701
-4.73115 -6.77476
-4.66115 -6.94855
-4.74191 -6.76817
-4.50603 -6.82042
-3.60821 -7.59857
-3.27484 -6.52351
-3.12617 -6.35273
-3.04068 -6.66496
-3.15219 -7.77759
-3.17877 -7.73623
-3.25147 -7.65449
-3.32014 -7.58467
0.843729 -7.468
1.9682 -7.40182
1.73029 -7.52849
1.96542 -7.38625
1.79558 -7.42043
1.61265 -7.45803
1.54488 -7.54096
0.620266 -2.34857
-4.92575 -5.92989
