3.86363 5.35669
3.9585 5.9372
3.98744 6.08013
4.6847 7.66173
4.8883 8.03644
5.01648 8.23465
5.59336 8.94443
6.09448 9.29239
6.31665 9.37878
6.65117 9.45339
7.17371 9.31829
7.53972 9.07354
7.78083 8.88665
8.22715 8.49173
8.93221 7.74354
9.59139 6.72576
10.6034 4.9767
10.8444 4.45133
10.9461 4.22112
11.0589 3.92758
11.2288 3.47292
11.4218 2.73295
11.5257 2.04625
11.5134 1.89447
11.4557 1.60366
11.427 1.46424
11.3289 1.10458
11.2839 1.01796
10.7712 0.795261
10.6373 0.740959
8.64245 0.283731
7.05862 -0.057573
6.36543 -0.169531
6.02057 -0.0176427
5.27458 0.504624
4.90586 0.764731
4.79381 0.877445
4.47701 1.24823
4.28373 1.52079
4.13937 1.76533
4.11965 1.9105
