1.99637 4.72273
2.04327 4.70273
2.07009 4.81948
2.03083 4.86133
2.13348 4.98474
2.14524 4.87089
2.20869 5.07184
2.21876 5.00345
2.2727 5.15323
2.2916 5.25876
2.37158 5.39769
2.36581 5.40039
2.29906 5.3414
2.38789 5.48947
2.43289 5.54273
2.49154 5.60889
2.42257 5.5224
2.50153 5.68724
2.46147 5.64242
2.51842 5.77039
2.51802 5.79386
2.57148 5.90366
2.56209 5.81669
2.4983 5.82404
2.45683 5.68228
2.44249 5.57845
2.42006 5.50865
2.37627 5.379
2.40042 5.48916
2.34374 5.30703
2.30029 5.14024
2.26677 5.10078
2.2079 4.97612
2.22367 4.95733
2.14913 4.82298
2.09012 4.67849
2.10213 4.6468
2.15589 4.80332
2.13037 4.70948
2.19602 4.86459
2.2284 4.96066
2.28303 5.0595
2.23631 4.96735
2.33824 5.2023
2.3694 5.26965
2.41713 5.38987
2.43965 5.57265
2.38446 5.417
2.45464 5.62825
2.38259 5.42415
2.40713 5.58716
2.47363 5.77991
2.50868 5.85853
2.49262 5.89928
2.50025 6.0254
2.50187 6.03416
2.5092 6.22111
2.49504 6.18488
2.50231 6.39223
2.46875 6.40492
2.46396 6.56292
2.42826 6.61699
2.46428 6.72831
2.40963 6.83681
2.42136 6.91968
2.47945 6.73494
2.46718 6.82804
2.43966 6.9797
2.50935 6.90903
2.41842 7.14424
2.38753 7.08646
2.31811 7.27108
2.33887 7.29843
2.272 7.46525
2.16479 7.52022
2.14718 7.72095
2.09574 7.74379
2.00169 7.93684
2.05732 7.94841
2.14666 7.83104
2.10024 7.99579
2.01433 8.09918
2.05307 8.14766
2.13168 8.03217
2.0565 8.26103
2.57153 6.85149
2.48885 7.0402
2.4723 7.13693
2.4292 7.22707
2.36494 7.33793
2.38342 7.39694
2.32622 7.47828
2.22924 7.63612
2.32614 7.52648
2.28997 7.61659
2.22907 7.7151
2.26829 7.7245
2.1926 7.82322
2.183 7.77739
2.32909 7.6137
2.38593 7.47969
2.44782 7.30114
2.56517 6.43749
2.54424 6.23236
2.52823 6.27496
2.5116 6.08997
2.51971 6.08419
2.5108 5.9595
2.4941 5.94409
2.49302 5.84297
2.46632 5.70073
2.47427 5.79535
2.52038 6.49758
2.50588 6.67286
2.47991 6.56304
2.51257 6.395
2.48637 6.65265
1.80924 8.73675
1.88433 8.62279
1.94985 8.42085
1.87703 8.56352
1.81827 8.56338
1.86151 8.45385
1.95202 8.31318
1.82963 8.41578
1.76546 8.55806
1.71199 8.54627
1.7989 8.37006
1.91017 8.26817
1.92861 8.13419
1.81814 8.20118
1.8922 8.01654
2.00969 7.81547
1.86292 8.01425
2.00517 7.73171
2.11594 7.497
2.2587 7.24613
2.28891 7.29038
2.34207 7.13445
2.35349 7.01406
2.31623 6.96069
2.38972 6.75265
2.3129 6.74173
2.37642 6.59997
2.4166 6.4267
2.3356 6.47636
2.38246 6.23467
2.44426 6.22658
2.41915 6.04042
2.47307 6.05628
2.48428 5.9413
2.44023 5.88092
2.44619 5.76769
2.39232 5.65265
2.35543 5.44044
2.35214 5.39344
2.2987 5.25453
2.31855 5.24899
2.33709 5.27692
2.27199 5.10416
2.23382 5.06132
2.18299 4.88388
2.12901 4.72898
2.0739 4.68696
1.99053 4.50706
2.02169 4.53326
1.88427 4.30345
1.87639 4.25975
1.97549 4.51649
1.89458 4.28525
1.94554 4.46055
1.93155 4.4216
1.86084 4.22638
1.89614 4.37175
1.81974 4.34001
1.81786 4.0868
1.7489 4.00048
1.79533 4.10867
1.41175 3.58834
0.591913 3.07643
0.80249 3.27216
0.967201 3.27162
1.03414 3.5322
1.10084 3.40785
1.20678 3.57142
1.25684 3.77471
1.35671 3.7445
1.41107 3.916
1.509 3.93953
1.51432 4.12288
1.36876 4.02248
1.50298 4.30235
1.59249 4.2846
1.65257 4.44282
1.67227 4.26108
1.74891 4.49197
1.75124 4.65773
1.82588 4.64108
1.79509 4.46707
1.88229 4.6102
1.96074 4.63736
1.93185 4.4773
1.98317 4.58032
2.04204 4.82408
2.01025 4.85235
1.96368 4.81373
2.03316 4.99687
2.0744 4.98953
2.1257 5.18618
2.05266 5.12212
2.09053 5.28438
2.21642 5.496
2.15443 5.58203
2.08899 5.43363
2.06436 5.58988
1.99838 5.29756
1.97831 5.02196
1.89341 5.06661
1.88993 5.26422
1.95175 5.466
1.84796 5.39519
1.88218 5.56513
1.96064 5.73073
1.84979 5.73463
1.89726 5.90648
1.98256 6.04552
1.85261 6.12028
1.90098 6.30739
1.78939 6.344
1.78246 6.58325
1.66152 6.53816
1.62658 6.78289
1.47118 6.84346
1.49653 7.10147
1.67973 6.90382
1.58521 7.15482
1.71322 7.07756
1.54896 7.35965
1.65638 7.36236
1.50539 7.58325
1.55638 7.68654
1.37182 7.84858
1.37208 7.63217
1.23065 7.93243
1.16273 7.83613
1.06356 8.14231
1.18179 8.15968
1.00257 8.38121
0.86744 8.41919
0.846385 8.6723
1.05889 8.47377
0.89913 8.7659
0.795362 8.88193
0.658845 8.99426
0.640087 8.76782
0.465187 9.0845
0.471889 9.2396
0.579092 9.21692
0.460926 9.37649
0.361727 9.43661
0.363886 9.6109
0.546166 9.40034
0.462713 9.70053
0.272717 9.91286
0.296672 10.024
0.449478 9.9129
0.263525 10.2079
0.184486 10.2184
0.0629749 10.4471
0.152863 10.4932
0.300221 10.2932
0.23967 10.477
0.433709 10.1894
0.418311 10.0924
0.601011 9.83444
0.666742 9.9279
0.526755 10.2464
0.360656 10.4659
0.444618 10.4462
0.318708 10.6667
0.475264 10.5158
0.589001 10.2955
0.570465 10.4221
0.522176 10.5429
0.629811 10.4365
0.688511 10.2918
0.611083 10.5248
1.76213 8.69479
1.68927 8.68133
1.66638 8.66475
1.59032 8.79041
1.59118 8.73992
1.69269 8.55928
1.60955 8.64002
1.68519 8.45676
1.59277 8.63061
1.69252 8.3946
1.77897 8.16961
1.68669 8.29606
1.75194 8.12168
1.81143 7.95772
1.66744 8.25399
1.56608 8.33749
1.64143 8.11382
1.81162 7.82831
1.93857 7.61623
2.0013 7.63089
2.10471 7.40756
2.04242 7.33561
2.181 7.17286
2.17823 6.98616
2.04024 7.16715
2.08545 6.90455
2.23603 6.72278
2.20527 6.55609
2.26139 6.26971
2.34019 6.27192
2.33254 6.1088
2.37897 6.08747
2.35802 5.96211
2.38076 5.82313
2.30523 5.76592
2.31825 5.61528
2.30477 5.44425
2.27009 5.47748
2.22311 5.33005
2.23079 5.25813
2.30106 5.29611
2.19758 5.09564
2.09791 4.8122
2.08492 4.89003
2.13649 5.08793
2.02424 4.73696
2.05096 4.76281
1.99637 4.61436
2.23351 5.75853
2.30135 5.92133
2.23837 5.99754
2.15288 5.79351
2.14911 5.98697
2.18515 6.1469
2.15696 6.35018
2.0967 6.14814
2.06825 6.37845
2.06067 6.63918
2.00969 6.49691
1.9397 6.69375
1.92993 6.88337
1.99077 6.91929
1.88249 7.0696
1.80992 7.10677
1.77566 7.34527
1.92696 7.13489
1.83342 7.41341
1.68188 7.62612
1.51402 7.95817
1.70893 7.71944
1.58664 8.00402
1.72937 7.85326
1.52776 8.21264
1.41856 8.25023
1.30624 8.51283
1.2802 8.4328
1.16375 8.62245
1.13568 8.76596
1.20666 8.77671
1.06649 8.9584
1.0811 9.07731
1.26122 8.82363
1.20389 9.051
1.28452 8.84606
1.34054 8.84505
1.39225 8.65696
1.5113 8.55572
1.39897 8.8788
1.56126 8.60438
1.4597 8.84173
1.52325 8.82072
1.40088 9.02854
1.34067 9.07345
1.29894 9.20593
1.20832 9.31057
1.27242 9.12592
1.26726 9.04095
1.14818 9.28119
0.997382 9.3563
0.996964 9.4941
1.04046 9.5217
0.929741 9.65406
0.955335 9.71957
1.03095 9.67028
1.10762 9.53013
1.0551 9.69249
0.960076 9.83756
1.13588 9.58489
1.37441 9.28858
1.26075 9.41916
1.39027 9.18152
1.34765 9.2092
1.45724 8.98892
1.47437 9.02771
1.43526 9.1384
1.50388 9.01757
1.53511 8.91937
1.53301 8.90137
0.924217 9.98736
0.810344 10.1517
0.820681 10.0313
0.823806 9.88563
0.708211 10.1008
0.651803 10.0941
0.87117 9.65513
0.792079 9.59339
0.918425 9.34376
0.934566 9.18944
0.773109 9.47884
0.79578 9.29861
0.977443 8.94811
0.765903 9.07213
1.02092 8.7097
1.25759 8.34869
1.21984 8.26416
1.35689 8.04903
0.639428 9.42038
0.622511 9.60964
0.721025 10.1872
1.21627 9.37679
1.41724 8.4988
1.8916 7.46491
1.88691 7.61314
1.94929 7.20208
1.84474 6.90094
1.82376 6.7727
1.92352 6.51635
2.00328 6.30394
2.07069 5.87444
0.451056 10.6647
0.324104 10.7486
0.410861 10.6358
0.22329 10.8394
0.139691 10.88
0.190141 10.7001
0.0219612 10.922
0.0680008 10.7167
-0.0858793 10.9265
-0.173622 11.111
-0.0420895 11.0979
-0.277789 11.3092
-0.150338 11.2834
-0.306779 11.4397
-0.222588 11.4181
-0.073122 11.3
0.0192347 11.1455
0.174167 11.0278
0.252268 10.8845
0.118898 10.9806
-0.647658 11.926
-0.536606 11.7357
-0.407721 11.5804
-0.441679 11.5247
-0.609426 11.6772
-0.510311 11.4793
-0.399978 11.4117
-0.366301 11.2853
-0.451018 11.3078
-0.265068 11.0765
-0.452434 11.1798
-0.234096 10.8733
-0.0551567 10.7535
-0.085434 10.6744
-0.138447 10.5649
0.110021 10.21
0.0079422 10.2753
0.0967445 10.0745
0.202708 9.83831
0.0147953 9.97903
-0.0629816 10.2609
-0.12445 10.2188
-0.253085 10.4688
-0.438678 10.8807
-0.371742 10.9324
-0.520285 11.1333
-0.628415 11.2205
-0.649679 11.3902
-0.583071 11.4527
-0.745011 11.6104
-0.650245 11.6144
-0.751514 11.7595
-0.858415 11.8092
-0.826982 11.5898
-1.00227 11.8492
-0.95981 12.03
-0.82575 11.9149
-0.832411 12.016
-0.713564 11.8812
-0.775008 12.0431
-0.899284 12.1416
-0.825012 12.2023
-0.953469 12.2993
-0.884089 12.365
-1.01964 12.4454
-0.969396 12.5197
-1.08236 12.5591
-1.07947 12.6585
-1.19354 12.6486
-1.15193 12.5326
-1.28101 12.6186
-1.29347 12.4849
-1.09967 12.3832
-1.18952 12.2544
-1.02759 12.2231
-1.06644 12.1608
-1.09641 12.0713
-1.21522 12.0204
-1.09114 11.7229
-0.947069 11.6008
-0.974156 11.4623
-0.801986 11.3472
-0.727891 11.4091
-0.626026 11.047
-0.754807 11.1239
-0.646768 10.901
-0.484166 10.7277
-0.543212 10.6233
-0.367652 10.4192
-0.190404 10.1889
-0.294766 10.1392
-0.113673 9.94431
0.0489368 9.72186
0.225318 9.63789
0.170787 9.51968
0.312703 9.35077
0.196144 9.37788
0.30232 9.20255
0.415016 8.97917
0.250086 9.12188
0.145482 9.30465
0.111775 9.1902
0.296411 8.9409
0.0688057 9.05121
0.289531 8.76773
0.451813 8.68973
0.502752 8.76281
0.68035 8.4275
0.959299 8.08292
0.873857 7.90076
1.09816 7.71841
1.3042 7.4829
1.20043 7.48682
1.29494 7.23894
1.46681 7.34531
1.09657 7.51042
1.15892 7.25852
1.28864 7.02857
1.34117 6.77101
1.5267 6.50555
1.37164 6.43519
1.54593 6.25812
1.69304 6.24056
1.63341 6.03302
1.78353 5.95618
1.69376 5.76996
1.78649 5.54199
1.64073 5.52808
1.53291 5.73765
1.5591 5.91209
1.42567 5.94107
1.48246 6.12023
1.31304 6.17325
1.28219 5.95479
1.37288 5.77785
1.16563 5.75022
1.4394 5.53159
1.25656 5.36803
1.4492 5.2548
1.5882 5.32192
1.58696 5.00645
1.73631 5.30775
1.79771 5.12591
1.76461 4.88651
1.86017 4.83993
1.61215 4.63598
1.49531 4.71841
1.34564 4.76301
1.31102 5.055
1.25166 4.87189
1.11153 4.91727
1.08406 5.17454
0.894749 4.99769
0.852955 5.26491
0.672832 5.10709
0.63526 5.40474
0.432867 5.21844
0.413999 5.50776
0.571087 5.72595
0.711024 5.57464
0.837586 5.72236
0.810979 5.47758
1.01149 5.45498
0.902277 6.08045
1.12864 6.14542
0.912344 6.45631
1.1468 6.46626
1.15722 6.77645
0.92781 6.8147
0.94916 7.12625
1.14781 7.0675
0.938394 7.47481
0.78223 7.40992
0.682388 7.68834
0.729793 7.85572
0.53954 8.00487
0.580756 8.22532
0.365924 8.29918
0.328522 8.53852
0.157249 8.5641
0.113017 8.81693
-0.113547 8.8663
-0.0395279 9.01708
-0.187515 9.27028
-0.427615 9.24961
-0.354291 8.9047
-0.162551 8.48952
0.0532541 8.4866
0.192909 8.12214
0.00754547 7.93123
0.379845 7.59282
0.467882 7.84851
0.357319 8.12058
0.225344 8.32488
0.607921 7.55331
0.694701 7.22257
0.507899 7.21162
0.654685 6.84329
0.648926 6.3932
0.388507 6.72628
0.430045 7.058
0.23169 7.16854
0.345914 7.31276
0.178212 7.50288
-0.0623093 7.46488
0.0877485 6.89991
-0.153324 7.03803
-0.0506773 6.65796
0.196082 6.31533
0.43476 6.38305
0.400432 6.24602
0.521345 6.22416
0.656435 6.0308
0.441816 6.0579
0.297573 5.81148
0.05585 5.87193
-0.00751305 6.12876
-0.108452 6.33926
-0.144187 5.99032
-0.350509 6.26004
-0.256368 6.6946
-0.481086 6.76633
-0.61228 6.4291
-0.542622 5.8839
-0.297819 5.75195
-0.409784 5.42452
-0.239929 5.4008
-0.0994568 5.59371
0.160619 5.40513
-0.0779219 5.16576
0.0840511 5.08315
0.253594 4.99911
0.500546 4.91629
0.333899 4.62954
0.598454 4.69399
0.560513 4.40538
0.878335 4.65988
0.710975 4.87146
0.791384 4.18278
1.11755 4.48209
1.15832 4.74347
1.36968 4.45102
1.07999 4.08752
1.31022 4.14852
1.17095 3.87424
0.924565 3.69529
0.804989 3.43712
0.623593 3.47691
0.774724 3.80866
0.60557 3.64802
0.578979 3.82342
0.482327 4.05153
0.386084 3.79294
0.259864 3.93505
0.21725 3.68481
0.0995712 3.83963
-0.0082016 3.64026
-0.0366468 3.92705
0.0966434 4.09167
-0.117536 4.27641
0.0931082 4.41314
-0.0374222 4.51059
0.0395021 4.77788
-0.119978 4.60794
-0.160188 4.85365
-0.294696 4.65292
-0.284267 5.08063
-0.492988 5.01429
-0.589142 5.44984
-0.740097 5.21586
-0.768999 5.7455
-0.933562 5.56184
-0.963414 5.94753
-0.867736 6.04225
-0.769017 6.17304
-0.977499 6.33153
-0.850786 6.66368
-1.08833 6.78747
-0.989831 7.11969
-1.24129 7.22209
-1.12675 7.4473
-1.27565 7.60521
-1.14994 7.72989
-0.981342 7.51646
-1.03473 7.9221
-1.22125 7.96851
-1.24822 8.23371
-1.05287 8.26469
-1.21589 8.53494
-0.972374 8.51999
-1.20673 8.84529
-1.46007 8.77509
-1.42595 9.09991
-1.63765 9.03918
-1.65555 9.32322
-1.86537 9.14777
-1.86855 9.38661
-1.79494 9.57192
-1.57751 9.58764
-1.72505 9.79708
-1.93199 9.76791
-1.87962 10.0021
-2.08351 9.95134
-2.05335 10.2683
-2.26392 10.1084
-2.28154 10.3213
-2.22751 10.5118
-2.04144 10.5793
-2.18496 10.6941
-2.37175 10.7109
-2.22844 10.8647
-2.06092 10.7899
-2.08757 10.977
-2.2705 11.0682
-2.41803 10.9442
-2.46898 11.1522
-2.64819 11.0345
-2.66312 11.2812
-2.85817 11.2145
-2.89129 11.5315
-2.6362 11.4481
-2.5101 11.322
-2.46991 11.47
-2.66525 11.6583
-2.46631 11.6772
-2.64793 11.9331
-2.45962 11.8553
-2.33008 11.7202
-2.22365 11.479
-2.17106 11.7236
-2.32747 11.9051
-2.13465 11.9711
-2.02765 11.7432
-1.91105 11.8061
-1.93769 12.0289
-1.74472 11.9176
-1.83481 12.2419
-2.07128 12.2087
-2.00822 12.3927
-1.88819 12.3662
-1.84205 12.4274
-1.62525 12.357
-1.75077 12.5527
-1.52302 12.523
-1.65151 12.6749
-1.44101 12.6412
-1.55781 12.7706
-1.36049 12.7452
-1.49472 12.8555
-1.36523 12.8901
-1.21446 12.7741
-1.54899 12.9697
-1.76927 12.9931
-2.01004 12.9925
-1.87543 12.894
-1.66408 12.8822
-1.76481 12.7956
-1.95814 12.8147
-1.91702 12.6965
-2.1448 12.7836
-2.09882 12.887
-2.29881 12.8574
-2.30379 12.973
-2.51929 12.8801
-2.40269 12.7601
-2.66004 12.7813
-2.77004 12.8902
-2.62534 13.0074
-2.89914 12.9842
-3.34907 12.9568
-3.20108 13.0066
-3.2291 12.9269
-3.30587 12.8337
-3.15723 12.8413
-3.0956 12.9551
-2.9842 12.8722
-3.05123 12.7309
-2.87045 12.772
-2.92819 12.6241
-2.75019 12.66
-2.56403 12.6825
-2.63068 12.6154
-2.48293 12.5534
-2.38309 12.644
-2.23596 12.5211
-2.18149 12.6629
-1.98661 12.5509
-2.22112 12.3672
-2.35914 12.4417
-2.3417 12.3617
-2.29605 12.2317
-2.34526 12.0907
-2.45161 12.2214
-2.4669 12.3819
-2.60258 12.296
-2.66162 12.5044
-2.76723 12.37
-2.68181 12.1785
-2.51024 12.0703
-2.82871 12.1861
-2.88717 11.9185
-3.0129 12.2594
-2.91807 12.4285
-2.82127 12.532
-3.0695 12.5279
-3.21537 12.371
-3.10797 12.0634
-3.29279 12.1331
-3.4129 12.346
-3.35359 12.5416
-3.49472 12.5505
-3.39862 12.706
-3.22817 12.663
-3.43257 12.835
-3.5439 12.7236
-3.7096 12.7413
-3.67584 12.5433
-3.57118 12.359
-3.70526 12.3333
-3.8578 12.4111
-3.83618 12.604
-3.98851 12.5345
-3.92836 12.7324
-3.72849 12.9007
-3.88259 12.9236
-4.0554 12.8253
-4.22283 12.7371
-4.34721 12.6475
-4.24531 12.6143
-4.11493 12.7013
-4.11342 12.591
-4.25533 12.4836
-4.13156 12.4648
-4.04744 12.3625
-4.2242 12.316
-4.09963 12.1741
-3.94129 12.2055
-4.00703 11.9627
-3.8306 12.0489
-3.80467 11.7738
-3.61392 12.0642
-3.79216 12.2213
-3.61891 11.7515
-3.47435 11.7667
-3.38209 11.9499
-3.28883 11.7134
-3.20121 11.8884
-3.11374 11.6789
-3.03698 11.812
-3.1785 11.4763
-3.02977 11.3219
-3.18485 11.2704
-3.38316 11.3129
-3.40523 11.5425
-3.57244 11.413
-3.54632 11.6027
-3.66865 11.5838
-3.80166 11.4188
-4.06081 11.5863
-3.97596 11.2945
-3.86058 11.1227
-3.66966 11.2226
-3.70415 11.0346
-3.51399 11.1239
-3.57893 10.9413
-3.41388 10.9897
-3.29245 11.1188
-3.53818 11.2642
-3.20808 10.9071
-3.06612 11.1164
-3.02738 10.9566
-2.88107 10.9952
-2.96702 10.8007
-2.73901 10.8245
-2.80276 10.6078
-2.58528 10.6421
-2.63012 10.3919
-2.42341 10.4722
-2.43755 10.2528
-2.56912 10.1894
-2.44545 10.0328
-2.27364 9.82613
-2.50574 9.79304
-2.33835 9.56718
-2.18141 9.60793
-2.17575 9.37011
-2.00904 9.53913
-2.09626 9.73787
-2.00103 9.32598
-2.06256 9.17704
-2.02682 8.93946
-1.77127 8.79865
-2.00689 8.59374
-1.78834 8.49896
-1.58729 8.53057
-1.38755 8.49263
-1.45438 8.31934
-1.40848 8.04576
-1.65391 8.23332
-1.59687 7.84488
-1.40341 7.78612
-1.29137 7.84083
-1.43907 7.52876
-1.62969 7.48026
-1.45536 7.17268
-1.29565 6.84849
-1.45799 6.83446
-1.32792 6.50729
-1.16762 6.53699
-1.1449 6.20358
-1.11003 5.83263
-1.32064 6.06832
-1.20711 5.75193
-1.1086 5.47893
-0.941705 5.18423
-1.0774 5.15021
-0.995022 4.89874
-0.836245 4.84301
-0.656816 4.74361
-0.7805 4.4121
-0.611697 4.44026
-0.490806 4.55976
-0.522906 4.30118
-0.36501 4.22603
-0.216869 3.85676
-0.424963 3.88562
-0.50484 4.10061
-0.58277 3.91981
-0.622463 4.19417
-0.734086 4.01262
-0.892453 4.08997
-0.984751 4.37839
-0.928722 4.63236
-1.07991 4.66468
-1.19739 4.41154
-1.05227 4.10007
-1.23757 4.06231
-1.41317 4.35264
-1.39071 4.63041
-1.56717 4.62598
-1.51842 4.80123
-1.66962 4.89885
-1.57264 5.0075
-1.42374 4.90792
-1.52127 5.25423
-1.7437 5.24773
-1.70899 5.61318
-1.92022 5.65289
-1.86903 5.96233
-1.69519 5.9778
-1.84985 6.31575
-2.02076 6.3162
-2.02137 6.69324
-1.84747 6.66485
-1.68434 6.34137
-1.72391 6.62626
-1.55685 6.54078
-1.57128 6.2687
-1.48728 6.1642
-1.43728 5.91285
-1.30908 5.63992
-1.5136 5.67555
-1.37385 5.371
-1.2184 5.26931
-1.32002 5.07529
-1.15184 4.95987
-1.25496 4.76379
-1.5637 6.04869
-1.8008 6.97206
-1.63027 7.08126
-1.83753 7.45858
-1.77811 7.74742
-1.95833 7.88095
-2.02305 7.64424
-1.97671 7.35524
-2.17586 7.59524
-2.11187 7.88747
-2.24064 8.0267
-2.10061 8.22417
-1.95512 8.11685
-1.89676 8.29159
-1.81666 8.02774
-2.20577 8.54144
-2.3406 8.3727
-2.33212 8.67298
-2.20327 8.80214
-2.39968 8.94498
-2.21524 9.08869
-2.39613 9.29016
-2.55335 9.1489
-2.595 9.40012
-2.70714 9.26088
-2.77771 9.5385
-2.92075 9.36856
-2.98547 9.76006
-3.13139 9.60215
-3.19335 9.86081
-3.14422 10.0624
-2.91921 10.045
-3.08604 10.266
-3.28824 10.3047
-3.16306 10.5016
-2.88883 10.3532
-2.99315 10.6009
-3.13203 10.7074
-3.31372 10.6983
-3.44777 10.8376
-3.49943 10.6862
-3.41113 10.5227
-3.65519 10.5546
-3.50841 10.3246
-3.37407 10.0531
-3.58107 10.1237
-3.54231 9.81842
-3.31311 9.74714
-3.38771 9.56003
-3.25158 9.49949
-3.11668 9.30627
-3.30948 9.22952
-3.11952 9.04591
-2.96294 9.05087
-2.76386 9.03471
-2.84604 8.82631
-2.6803 8.71161
-2.58716 8.93355
-2.65024 9.08994
-2.48576 8.67793
-2.54767 8.40627
-2.41412 7.99894
-2.6347 8.18031
-2.5555 7.77177
-2.35976 7.57711
-2.21918 7.14216
-2.00957 7.07129
-2.20458 6.68701
-2.35043 7.00481
-2.42836 7.35505
-2.50102 7.14251
-2.60203 7.47605
-2.70379 7.74944
-2.74762 8.03755
-2.83727 7.89298
-2.95622 8.23169
-2.81428 8.3762
-3.00801 8.70137
-2.8102 8.61938
-2.69928 8.46373
-3.12096 8.49146
-3.19046 8.71523
-3.19937 8.91861
-3.3439 8.88519
-3.51218 9.12341
-3.51653 9.4537
-3.65089 9.33896
-3.70479 9.62177
-3.70661 9.83555
-3.82275 9.81239
-3.83255 9.63446
-3.81842 9.40792
-3.97449 9.66995
-3.99142 9.37892
-3.88967 9.10955
-3.69282 9.08527
-3.74566 8.7936
-3.51648 8.74023
-3.60752 8.39515
-3.3701 8.31066
-3.28385 8.5653
-3.15634 8.22608
-3.22056 7.85425
-2.98773 7.87433
-2.99277 7.45941
-2.78709 7.55521
-2.76922 7.14157
-2.64307 7.27331
-2.5859 7.03216
-2.43874 6.69951
-2.6277 6.87466
-2.62524 6.65525
-2.56389 6.34466
-2.35999 6.23212
-2.20281 6.28498
-2.19303 5.81589
-2.03608 5.99729
-1.98255 5.36338
-2.18035 5.39616
-2.43275 5.63089
-2.43615 6.00889
-2.63436 6.00783
-2.7465 6.26691
-2.74211 6.5221
-2.86722 6.39681
-2.88401 6.63918
-3.04094 6.50423
-2.89967 6.05654
-3.17103 6.18752
-3.11576 5.77939
-2.85888 5.59669
-2.69492 5.72625
-2.59217 5.326
-2.27941 5.1189
-2.43959 4.97168
-2.24655 4.69144
-2.02882 4.74833
-1.99009 4.41538
-1.83987 4.49611
-1.74191 4.21388
-1.63641 4.40159
-1.79919 4.7452
-1.4698 4.04183
-1.63235 3.88882
-1.40447 3.65725
-1.2455 3.74506
-1.05733 3.76833
-1.13092 3.58581
-1.03917 3.46107
-0.945997 3.54661
-0.852074 3.74662
-0.838253 3.45504
-0.692961 3.46913
-0.677384 3.74627
-0.522789 3.61965
-0.536628 3.3307
-0.389229 3.41335
-0.352633 3.64384
-0.215444 3.50507
-0.0476732 3.31413
0.156607 3.46979
0.2079 3.2649
0.404008 3.5457
0.412046 3.35196
0.391578 3.18486
0.616516 3.24619
0.462443 3.07412
0.25728 2.96615
0.098712 3.00838
0.00948811 2.83
-0.102937 2.8629
-0.114285 2.95342
-0.00662041 3.10799
-0.181276 3.07831
-0.262374 2.92616
-0.373532 3.02289
-0.388581 2.81082
-0.55493 2.89961
-0.532691 3.11118
-0.423248 3.21105
-0.638715 3.22599
-0.64814 3.06573
-0.763773 3.21038
-0.726334 2.94754
-0.66531 2.7146
-0.524206 2.74446
-0.480559 2.6244
-0.237712 2.72943
-0.227127 2.84228
-0.337175 2.5595
-0.109674 2.66563
0.170815 2.79521
0.390901 2.95614
-0.534391 2.45053
-0.705091 2.32591
-1.13795 1.95894
-1.33272 1.95231
-1.19176 2.15232
-1.36517 2.12225
-1.49884 2.07926
-1.49577 2.22771
-1.34098 2.28566
-1.52209 2.4198
-1.35901 2.54213
-1.60663 2.66888
-1.70946 2.54991
-1.85208 2.79177
-1.91672 2.57054
-2.09984 2.88143
-2.20969 2.71483
-2.0816 2.46624
-2.39955 2.55265
-2.09859 2.23495
-1.82858 2.27721
-1.79432 2.07222
-1.65634 2.10258
-1.63021 2.19154
-1.55766 1.96196
-1.67897 2.35659
-1.71118 1.91282
-1.54485 1.84997
-1.62527 1.80159
-1.46896 1.76572
-1.40003 1.82902
-1.34784 1.71896
-1.29219 1.77133
-1.30406 1.83429
-3.35682 2.22815
-3.49226 2.34987
-3.66408 2.52663
-3.52542 2.46697
-3.36917 2.32883
-3.51062 2.52472
-3.3362 2.4258
-3.53026 2.66843
-3.65114 2.69901
-3.72698 2.82028
-3.69573 2.89185
-3.49473 2.83139
-3.81394 3.13991
-3.88699 3.00326
-4.07037 3.24508
-4.05185 3.445
-3.81123 3.44907
-4.0418 3.72059
-3.81788 3.81788
-4.04377 4.00705
-3.91445 4.30329
-3.65458 4.01854
-3.5573 3.71973
-3.67324 3.55261
-3.49689 3.44891
-3.61368 3.35788
-3.42864 3.20853
-3.58242 3.14047
-3.24377 2.8766
-3.22684 2.62735
-3.05008 2.56479
-3.04227 2.37912
-2.79309 2.36693
-2.91179 2.64131
-2.63881 2.48466
-2.77042 2.68084
-2.62524 2.61781
-2.67102 2.78693
-2.96092 2.92165
-2.75791 3.10634
-2.47006 2.88306
-2.49706 3.1709
-2.30423 2.95361
-2.27509 3.10722
-2.39323 3.38312
-2.06772 3.14202
-2.2189 3.51243
-2.47139 3.72278
-2.32827 3.79846
-2.11173 3.69788
-2.32203 4.07167
-2.50508 3.98474
-2.64374 4.33503
-2.46396 4.50833
-2.73173 4.80531
-2.56263 4.75849
-2.60393 4.97399
-2.4442 4.74209
-2.80296 5.22072
-2.96472 5.14795
-2.98958 5.44185
-3.15253 5.43646
-3.13902 5.07714
-2.94412 4.87073
-3.01589 4.69714
-2.8436 4.61538
-2.88058 4.38396
-2.74724 4.00624
-2.95993 4.21443
-2.98947 3.99558
-2.83535 3.84047
-2.68134 3.62395
-2.95117 3.73258
-2.84477 3.52578
-2.70021 3.36523
-2.88671 3.35855
-3.08739 3.26435
-3.04738 3.52365
-3.30324 3.55864
-3.31982 3.31953
-3.22211 3.11524
-3.16362 3.72628
-3.13257 3.88779
-3.19021 4.06405
-3.3733 3.94339
-3.34117 4.28315
-3.13344 4.25171
-3.26846 4.5401
-3.07283 4.47215
-3.20891 4.7981
-3.40744 4.88575
-3.47975 4.62525
-3.59947 4.98335
-3.68809 4.77786
-3.60478 4.35697
-3.81287 4.62767
-4.01537 4.77811
-4.16986 4.59286
-4.23687 4.27424
-4.42835 4.65612
-4.27763 4.98668
-4.5418 5.05492
-4.42677 5.24591
-4.32267 5.39797
-4.0893 5.21498
-4.23349 5.72836
-3.98846 5.45527
-4.06686 5.88603
-3.81356 5.52241
-3.79158 5.16038
-3.68477 5.2331
-3.57173 5.26911
-3.67036 5.67292
-3.88571 5.97465
-3.70356 6.11619
-3.50654 5.72249
-3.48729 5.95898
-3.32884 5.72308
-3.33903 6.02913
-3.52464 6.24943
-3.35845 6.33477
-3.50497 6.56055
-3.36182 6.59543
-3.23816 6.47887
-3.23918 6.83287
-3.44062 6.84125
-3.3847 7.16519
-3.5353 7.10158
-3.53628 7.46865
-3.67982 7.22026
-3.67145 7.4757
-3.78503 7.50197
-3.8588 7.2192
-3.76684 6.93824
-3.61655 6.86056
-3.70831 6.57282
-3.92073 6.86791
-3.86603 6.49546
-3.92366 6.30926
-4.03444 6.62951
-4.10639 6.3266
-4.22734 6.18629
-4.19889 5.97397
-4.29421 6.05741
-4.42139 6.05029
-4.46664 5.757
-4.57942 6.06751
-4.59347 6.32351
-4.39883 6.30525
-4.54633 6.6384
-4.32649 6.51097
-4.40087 6.82208
-4.55037 6.99354
-4.35031 7.19802
-4.22834 6.75364
-4.12103 7.02196
-4.00919 7.22811
-3.95613 7.58006
-4.14931 7.4606
-4.10585 7.91831
-3.9401 7.89853
-3.84049 7.78801
-3.69704 7.70715
-3.78282 7.99416
-3.8754 7.97727
-3.93009 8.1552
-3.7788 8.27965
-3.9455 8.51194
-3.80482 8.57263
-3.59736 7.95117
-3.43546 8.04888
-3.38973 7.68737
-3.22394 7.34076
-3.37899 7.41507
-3.93548 8.82561
-4.10594 8.76853
-4.10192 9.14333
-4.24104 9.00498
-4.30953 9.31888
-4.41769 9.07031
-4.49778 9.43639
-4.60541 9.29244
-4.64999 9.52053
-4.76155 9.46122
-4.73606 9.65416
-4.59187 9.69149
-4.73092 9.88031
-4.4886 9.95168
-4.64197 10.0889
-4.49813 10.2255
-4.32528 10.1824
-4.33937 10.3982
-4.50796 10.4483
-4.67425 10.2885
-4.63074 10.5096
-4.7838 10.4425
-4.6923 10.7187
-4.50835 10.6656
-4.48882 10.9368
-4.66789 11.0372
-4.81838 10.8591
-4.85372 11.1272
-4.93897 10.824
-5.04334 10.9049
-5.00254 11.1621
-5.11784 11.0055
-5.11203 11.1899
-5.1967 11.0383
-5.19288 11.2305
-5.26986 11.0605
-5.26645 11.1797
-5.26072 11.3081
-5.13235 11.4533
-5.18499 11.5922
-5.03524 11.6813
-5.06422 11.8642
-4.95842 11.8565
-4.88219 11.7646
-4.88137 11.9376
-4.9366 12.0043
-4.82679 12.0685
-4.79817 11.9561
-4.71049 12.0861
-4.70406 11.8722
-4.54722 12.0844
-4.52616 11.8575
-4.37076 11.9692
-4.38282 12.1976
-4.50122 12.2693
-4.63102 12.2478
-4.53555 12.4063
-4.39008 12.3717
-4.39745 12.5216
-4.50779 12.5152
-4.47049 12.6076
-4.69549 12.3737
-4.76871 12.2214
-4.88132 12.1556
-5.33935 11.3968
-5.4494 10.9061
-5.42376 10.6622
-5.34811 10.9216
-5.32673 11.0948
-5.36882 11.1672
-5.2801 10.868
-5.29641 10.65
-5.41142 10.437
-5.31244 10.3732
-5.17539 10.6803
-5.18674 10.4435
-5.06813 10.6381
-5.13505 10.865
-5.20054 10.8545
-5.11015 10.3687
-4.92409 10.5677
-5.03034 10.3
-4.91772 10.343
-4.85506 10.2226
-4.98185 10.1636
-4.91695 9.97986
-4.77013 10.0919
-4.89144 9.66917
-5.05962 9.79666
-5.05199 9.53654
-4.90296 9.31846
-5.10641 9.26157
-4.94457 8.97304
-4.75684 9.00833
-4.71529 9.22457
-4.59183 8.94694
-4.67249 8.73907
-4.5529 8.45119
-4.43529 8.72885
-4.27112 8.67282
-4.37861 8.44572
-4.25522 8.23754
-4.10458 8.38806
-4.28331 7.86528
-4.21046 7.70516
-4.28254 7.57465
-4.44245 7.6538
-4.56925 7.32198
-4.62518 7.60182
-4.72722 7.39462
-4.72211 7.12258
-4.92657 7.23543
-4.8742 6.93695
-5.06723 6.86954
-4.84993 6.58884
-4.70556 6.86108
-5.17259 6.51489
-4.99654 6.25669
-4.76514 6.21632
-4.8482 6.04102
-4.66682 5.92767
-4.75819 5.79699
-4.59282 5.64088
-4.70338 5.53141
-4.55798 5.36251
-4.67579 5.29148
-4.77766 5.13166
-4.66435 4.82065
-4.87699 4.92027
-4.78572 4.6603
-4.96981 4.75755
-4.89446 4.50441
-5.15333 4.74481
-5.09618 4.44362
-4.84317 4.22356
-4.70912 4.31987
-4.70364 4.46953
-4.5185 4.35052
-4.5728 4.09983
-4.3917 4.11223
-4.22578 3.9519
-4.3829 3.93448
-4.26025 3.70173
-4.48064 3.83528
-4.69024 3.965
-4.87907 4.04924
-5.07142 4.21432
-4.98031 4.00486
-4.77273 3.85833
-4.89486 3.83599
-4.72908 3.72324
-4.78654 3.68193
-4.69072 3.64386
-4.66307 3.54438
-4.62035 3.60249
-4.52016 3.46486
-4.48368 3.55173
-4.39513 3.38132
-4.43258 3.32604
-4.5426 3.37815
-4.40133 3.21402
-4.27081 3.19013
-4.20101 3.00382
-4.04582 2.94859
-3.97494 2.81182
-4.03442 2.82633
-3.89653 2.67838
-3.82585 2.65205
-3.8483 2.72683
-3.668 2.62888
-3.85165 2.84272
-4.07884 3.09684
-5.51204 4.46896
-5.51346 4.6286
-5.4264 4.45159
-5.38005 4.55265
-5.31908 4.38831
-5.36389 4.33983
-5.42348 4.31126
-5.34748 4.26452
-5.28145 4.24448
-5.29186 4.19005
-5.14812 4.11948
-5.26711 4.07783
-5.35102 4.20108
-5.22032 4.27956
-5.23852 4.41645
-5.28999 4.63144
-5.45619 4.78838
-5.34941 4.87627
-5.29842 5.04112
-5.11226 5.04276
-5.30549 5.32452
-5.15231 5.39823
-4.97155 5.20012
-5.00003 5.47841
-4.89723 5.29993
-4.83268 5.43163
-4.95849 5.63011
-4.86083 5.69666
-5.02793 5.85205
-5.03471 5.67738
-5.14455 5.7155
-5.16048 5.9647
-5.26561 5.91517
-5.30517 5.65991
-5.42763 5.99974
-5.45902 5.58148
-5.45252 5.25136
-5.56516 5.48617
-5.61306 5.26635
-5.47701 5.03477
-5.57807 4.98073
-5.56601 4.80909
-5.61618 4.72968
-5.65608 4.89593
-5.68825 5.0794
-6.03599 6.13297
-6.13373 6.2713
-6.01884 6.40689
-6.12264 6.53603
-6.03981 6.58187
-6.05933 6.74442
-6.01269 6.70083
-5.99263 6.58361
-5.95163 6.76141
-6.00986 6.88467
-5.95834 7.0477
-6.01907 7.09569
-5.97632 7.31808
-6.06531 7.23556
-6.02197 7.46224
-6.12556 7.04432
-6.06776 6.97259
-6.12439 6.82463
-6.2389 6.31637
-0.745222 12.2705
-0.681429 12.0825
-5.72045 9.51786
-5.64008 9.68784
-5.62888 9.86138
-5.57518 9.81295
-5.56228 9.71028
-5.62018 9.54796
-5.53632 9.59906
-5.5557 9.38826
-5.47428 9.58401
-5.45858 9.78045
-5.39844 9.73088
-5.31551 9.95896
-5.41026 10.0444
-5.30648 10.1914
-5.23044 10.2409
-5.25774 10.3177
-5.19774 10.1331
-5.12997 10.2039
-5.16745 10.0608
-5.09834 10.1124
-5.15675 9.89754
-5.06619 9.99955
-5.15526 9.65728
-5.26269 9.69774
-5.2165 9.52147
-5.15726 9.47401
-5.19432 9.38274
-5.21006 9.24908
-5.1758 9.14241
-5.12429 8.99138
-5.28202 9.05749
-5.19595 8.72439
-5.0498 8.76547
-4.9348 8.64115
-5.08576 8.46376
-4.96079 8.37117
-5.09488 8.07106
-4.86861 8.16178
-4.85319 8.48541
-4.73313 8.46747
-4.69734 8.15379
-4.58985 7.94665
-4.40877 8.10154
-4.80442 7.72181
-5.0063 7.81641
-5.07076 7.48264
-5.18401 7.13257
-5.25864 7.35681
-5.38463 7.10088
-5.33129 6.76545
-5.55095 6.79169
-5.47989 6.42193
-5.67167 6.42546
-5.62677 6.09874
-5.34462 6.337
-5.22361 6.17065
-5.33772 6.51955
-5.59266 5.76166
-5.74392 5.82776
-5.67396 5.56973
-5.74741 5.62428
-5.72585 5.46316
-5.83196 5.64873
-5.90754 5.95701
-5.76774 6.16644
-5.89642 6.31331
-5.79085 6.43363
-5.72615 6.69838
-5.84855 6.64521
-5.78532 6.93906
-5.84472 6.92655
-5.79551 7.12904
-5.85803 7.13247
-5.81835 7.3855
-5.7449 7.26436
-5.70849 7.68703
-5.58983 7.41624
-5.55367 7.7253
-5.54931 8.03167
-5.46497 7.85605
-5.46931 7.65148
-5.33746 7.84211
-5.3989 8.04538
-5.26181 8.19743
-5.20176 7.66404
-5.40186 7.44563
-5.38423 8.30763
-5.24375 8.45071
-5.31771 8.55826
-5.35924 8.76017
-5.42503 8.53283
-5.52626 8.32639
-5.61311 8.20384
-5.6937 8.07609
-5.63878 8.35029
-5.7704 8.23826
-5.81189 7.89944
-5.82937 7.66039
-5.8696 7.73255
-5.92543 7.77839
-5.87856 8.05389
-5.97392 7.91887
-5.89209 8.81326
-5.75226 9.30287
-5.81822 9.17327
-5.75684 9.07467
-5.85525 9.01136
-5.80362 8.85978
-5.71038 8.89056
-5.67423 9.04645
-5.62859 8.93811
-5.56799 9.0987
-5.55596 8.89426
-5.63121 8.74138
-5.50066 8.71162
-5.45175 8.96026
-5.43552 9.22318
-5.31424 9.39371
-5.4468 9.43482
-5.37942 9.59498
-5.32643 9.75916
-5.28719 9.83375
-5.23213 9.93141
-5.66553 9.22063
-5.66555 9.39589
-5.591 8.56345
-5.5261 8.50105
-5.70018 8.50344
-5.7595 8.66486
-5.79451 8.44484
-5.87415 8.2957
-5.85891 8.51179
-5.83858 8.69232
-6.02077 7.67672
-5.97741 7.56263
-5.90248 7.53749
-5.9037 7.24015
-5.52437 7.14871
-5.66143 7.03385
-5.89752 6.97731
-5.88824 6.78069
-5.90801 6.66459
-5.93218 6.54366
-4.80615 8.73568
-5.46233 10.1894
-5.52786 9.96464
-5.51183 9.85889
-5.558 10.0357
-5.39019 5.04912
-5.08699 6.08129
-4.98331 6.0465
-4.90143 5.89967
-4.28382 3.35863
-4.21597 3.46687
-4.38626 3.60643
-4.57139 3.75094
-4.63975 3.69491
-4.61774 4.57846
-4.46875 5.47299
-4.23169 12.1052
-4.18628 11.8847
-4.13209 12.0392
-4.1911 11.7055
-4.29588 11.769
-4.25084 11.5831
-4.37923 11.6289
-4.41115 11.7984
-4.48293 11.6943
-4.50212 11.4937
-4.35357 11.385
-4.5053 11.2258
-4.37716 11.1438
-4.25573 11.1984
-4.2074 11.4008
-4.10962 11.2633
-4.14501 11.0315
-4.02129 11.1149
-3.99561 10.9021
-4.20646 10.7827
-4.05625 10.6364
-3.8295 10.7321
-3.83023 10.932
-3.72238 10.8826
-3.62979 10.776
-3.9054 10.4487
-3.71046 10.298
-3.86719 10.2193
-3.74571 10.0324
-3.9695 10.0061
-4.0102 10.2449
-4.15583 10.1194
-4.14425 10.3741
-4.22612 10.5614
-4.36078 10.6059
-4.3702 10.7902
-4.3077 10.9774
-4.30183 9.99888
-4.17089 9.85499
-4.33203 9.84758
-4.27304 9.73379
-4.18241 9.54526
-4.38914 9.65486
-4.66116 11.335
-4.63278 11.6316
-4.76091 11.4348
-4.79922 11.6278
-4.89211 11.5863
-4.90017 11.4052
-4.99666 11.516
-5.0281 11.3288
-5.10208 11.3502
-2.98481 6.96268
-3.33187 5.427
-3.48856 5.44851
-3.35343 5.14974
-3.93224 5.19995
-3.88206 4.95766
-2.55983 3.39105
-2.33507 4.55837
-2.18519 4.30677
-2.00041 3.88327
-1.88649 4.0776
-1.76194 3.76915
-1.55521 3.57758
-1.6846 3.4953
-1.49839 3.33811
-1.36517 3.34487
-1.18212 3.37528
-1.22788 3.06268
-1.06864 3.00972
-1.0024 3.18827
-0.951869 2.94622
-0.867661 3.06177
-0.835354 2.81751
-0.976949 2.73379
-0.82924 2.58276
-0.680511 2.48252
-0.868265 2.34922
-0.96543 2.4931
-1.04789 2.32961
-1.12868 2.56274
-1.19904 2.35544
-1.29599 2.82545
-1.1266 2.81942
-1.38821 3.11139
-1.46338 2.99752
-1.5533 3.21937
-1.64531 3.10155
-1.50976 2.82988
-1.75691 2.97176
-1.90894 3.33548
-1.72923 3.3393
-1.87427 3.57556
-1.82998 3.68298
-0.998498 2.14215
-0.913954 3.31599
-2.41023 2.28593
-2.58068 2.30742
-2.51716 2.13037
-2.2409 2.08476
-1.96929 1.98546
-2.15522 1.93796
-2.31521 2.01358
-2.37404 1.94357
-2.18962 1.86437
-2.05761 1.85002
-1.97878 1.8734
-1.90366 1.80062
-1.70232 1.74639
-2.62664 2.01018
-2.80186 2.17391
-2.86145 2.0508
-3.21003 2.14234
-3.2159 2.258
-3.06212 2.15316
-3.14961 2.3098
-2.97897 2.19868
-3.00822 2.02251
-3.29491 2.52897
-1.8048 1.85485
-0.274986 3.24395
-0.959501 3.91877
-2.02145 5.06311
-1.8408 5.05247
-2.76899 6.80614
-2.7726 10.1211
-2.71545 9.9094
-2.6205 10.0462
-2.69989 10.2239
-2.64862 9.65689
-2.49514 9.53541
-2.80873 9.78343
-2.5492 10.8311
-3.43846 12.1461
-3.50939 12.2388
-1.39574 12.3576
-1.44355 12.1769
-1.31902 12.2102
-1.33765 12.1291
-1.34449 12.029
-1.26686 11.799
-1.43302 11.9333
-1.60712 12.1017
-1.57044 11.867
-1.6018 11.6467
-1.45128 11.6966
-1.40537 11.4328
-1.33291 11.5536
-1.18882 11.3416
-1.25519 11.5929
-1.3484 11.7247
-1.12892 11.5361
-0.996984 11.2798
-0.871153 11.2528
-0.819886 11.0278
-0.997006 11.0437
-0.800324 10.7708
-0.684026 10.7806
-0.633404 10.5357
-0.461382 10.3448
-0.54805 10.2645
-0.387126 10.0937
-0.224184 9.90486
-0.346486 9.86826
-0.152108 9.65251
-0.0706968 9.752
0.0470362 9.53169
-0.00328255 9.41357
-0.14181 9.45997
-0.039814 9.28728
-0.32391 9.62666
-0.410527 9.50293
-0.503428 9.70794
-0.511421 9.90809
-0.65456 9.88602
-0.618202 9.62186
-0.83563 9.92493
-0.81747 9.6685
-0.68657 9.40337
-0.566334 9.08854
-0.778309 9.197
-0.94248 9.51063
-0.983517 9.21158
-1.18921 9.48169
-1.13427 9.70718
-1.30202 9.74367
-1.23936 9.93057
-1.0278 9.87007
-1.23394 10.2061
-1.03015 10.1479
-1.15586 10.4833
-1.34261 10.4968
-1.34818 10.677
-1.27881 10.8637
-1.42754 10.8126
-1.55503 10.98
-1.45539 11.1913
-1.26295 11.1562
-1.12274 10.9529
-1.14323 11.1228
-0.950009 10.7552
-1.08576 10.7625
-0.970847 10.5212
-0.748971 10.4228
-0.822411 10.2731
-0.684291 10.1142
-0.59423 10.147
-0.475394 10.0518
-0.779073 10.084
-0.928018 10.2401
-1.12335 10.6656
-1.56904 11.4098
-1.68331 11.275
-1.71308 11.5097
-1.76201 11.6973
-1.8538 11.6092
-1.82992 11.4406
-1.99318 11.5581
-1.93048 11.2925
-1.76802 11.0963
-1.76214 10.8733
-1.53183 10.6804
-1.72862 10.656
-1.63093 10.495
-1.45659 10.3843
-1.61405 10.2502
-1.40081 10.1249
-1.51126 10.0288
-1.38598 9.92772
-1.50431 9.81793
-1.39188 9.60523
-1.40382 9.38516
-1.19828 9.16417
-1.67241 10.0201
-1.80914 10.2038
-1.82645 10.4557
-1.89339 10.7138
-1.94393 10.8822
-1.92979 11.0548
-2.12365 11.1907
-2.33873 11.2751
-1.94278 11.6726
-0.992155 8.90018
-0.807505 8.94441
-0.79411 8.63476
-0.626637 8.6847
-0.601747 8.3651
-0.423532 8.39155
-0.442466 8.10372
-0.253732 7.99677
-0.236797 8.27255
-0.330514 8.48765
-0.454336 8.73078
-0.345294 7.75032
-0.279633 7.38331
-0.468779 7.53049
-0.583261 7.98002
-0.653768 7.69083
-0.83099 8.05182
-0.752879 8.32005
-0.810094 7.61477
-0.609651 7.25809
-0.815117 7.22511
-0.696165 6.87923
-0.371205 7.11126
-0.836102 6.96684
-0.652485 8.94742
0.300889 4.24495
0.471642 8.53414
1.81395 5.26709
1.90305 4.78283
1.64054 4.0264
1.51694 3.80737
1.42098 3.7259
1.32305 3.57285
1.21228 3.41889
1.10043 3.26732
1.96093 8.17634
1.97918 8.20055
2.2691 5.28917
2.23508 5.1939
2.18143 5.15798
2.06809 4.96328
1.94798 4.80983
2.14524 4.87089
2.16479 7.52022
-0.680511 2.48252
