5.91534 8.4569
5.72019 8.5809
5.83474 8.38812
5.57434 8.52672
5.76467 8.28419
5.54377 8.42658
5.33576 8.57144
5.32463 8.69444
5.17135 8.70704
5.07717 8.66106
5.22083 8.50668
4.95216 8.59068
5.14945 8.39275
4.93389 8.47973
4.78831 8.57802
4.69506 8.69275
4.55687 8.62159
4.80115 8.42727
4.54556 8.44416
4.37985 8.56833
4.39132 8.48739
4.27793 8.51544
4.30845 8.42283
4.10672 8.45977
4.19895 8.58803
4.00001 8.59385
3.94793 8.50707
3.96418 8.45138
3.86185 8.4251
3.82646 8.52267
3.6916 8.37913
3.66716 8.52496
3.53577 8.41175
3.51366 8.52773
3.3842 8.41416
3.34486 8.53659
3.20714 8.40328
3.18001 8.50427
3.05871 8.43505
3.05972 8.53828
2.93539 8.46646
2.87485 8.57141
2.78218 8.44466
2.91198 8.35091
2.69606 8.31408
2.85752 8.25201
2.81887 8.15084
2.58589 8.17442
2.76469 8.00676
2.6177 8.02112
2.49167 8.07962
2.53961 7.92092
2.3563 8.05154
2.382 8.19797
2.22094 8.21507
2.19472 8.07827
2.28345 7.91254
2.11013 7.952
2.24568 7.72945
2.3937 7.72739
2.41813 7.88034
2.5216 7.74478
2.65733 7.70987
2.59104 7.63058
2.64967 7.49073
2.76551 7.56401
2.7979 7.71074
2.70631 7.8782
2.84067 7.8427
2.89543 7.92896
2.88854 8.0264
3.0095 7.95647
2.95571 8.08902
2.99788 8.20965
3.06583 8.07013
3.16626 8.15859
3.14288 8.28249
3.06311 8.33876
3.27485 8.28473
3.30874 8.14405
3.41767 8.28822
3.44743 8.15374
3.54018 8.28678
3.61616 8.15715
3.80878 8.25154
3.73839 8.06714
3.87308 8.08433
3.78362 7.86793
3.96695 7.91165
3.90478 7.70506
4.09504 7.72523
3.97564 7.52967
4.13483 7.44128
4.31787 7.65619
4.23669 7.83273
4.36236 7.84531
4.28656 7.97285
4.13145 7.95283
4.19313 8.12985
4.02681 8.10654
4.07608 8.27115
3.94421 8.22328
3.95575 8.36199
4.24585 8.29615
4.40296 8.11522
4.38431 8.31495
4.4334 8.40119
4.51967 8.27824
4.72485 8.23489
4.60566 8.08956
4.79653 7.98403
4.89812 8.12356
4.88958 8.2587
5.04348 8.15478
4.9686 8.30912
5.10814 8.27622
4.99384 8.38768
5.24359 8.22524
5.33971 8.24716
5.38089 8.34742
5.51877 8.16698
5.60346 8.28107
5.42205 8.43629
5.6796 8.13175
5.73764 8.16907
5.74296 8.21601
5.85269 8.09987
5.97865 8.07545
5.95176 8.21165
6.1082 8.05857
6.06918 8.24593
6.20949 8.04323
6.33927 7.92601
6.49071 7.76724
6.68336 7.20247
6.6961 6.92494
6.79003 6.81825
6.85721 6.67004
6.76765 6.73707
6.87705 6.5407
6.8064 6.55616
6.89331 6.38965
6.85556 6.32737
6.97833 6.15561
6.97178 6.3557
7.05486 6.17394
7.0449 6.35026
6.95556 6.5152
7.9845 -0.935117
8.08271 -0.733893
8.0652 -0.668134
8.11539 -0.53811
8.1466 -0.548624
8.11588 -0.674314
8.16864 -0.544944
8.11515 -0.724671
8.15532 -0.64232
8.20306 -0.465947
8.21451 -0.355826
8.2491 -0.239978
8.24106 -0.310583
8.26552 -0.13975
8.28518 -0.0384799
8.25442 -0.104746
8.24232 -0.237959
8.22274 -0.240882
8.24968 -0.108529
8.29247 0.0754356
8.28151 0.00343447
8.33949 0.161402
8.33366 0.263388
8.38073 0.377789
8.39097 0.591574
8.34564 0.448992
8.37191 0.602946
8.37496 0.740491
8.42589 0.814421
8.38304 0.950146
8.41853 1.08479
8.35368 1.20641
8.3948 1.37792
8.39955 1.56065
8.4007 1.73209
8.35514 1.67838
8.35995 1.89425
8.31986 2.07254
8.31968 1.93345
8.29337 2.08687
8.28479 2.04356
8.31022 1.83687
8.32197 1.64726
8.34875 1.47509
8.3211 1.48733
8.3011 1.3082
8.33944 1.09259
8.3516 0.899486
8.32156 0.965423
8.32085 0.638445
8.35202 0.680923
8.32991 0.491415
8.35316 0.601864
8.32042 0.370967
8.30728 0.236244
8.306 0.283991
8.2973 0.12532
8.28409 0.0595062
8.2898 0.091275
8.31513 0.368943
8.28774 0.274126
8.25755 0.0570482
8.254 -0.166552
8.24017 -0.142833
8.24712 0.0882536
8.27477 0.24565
8.24866 0.366682
8.18135 0.163867
8.18776 -0.110969
8.1034 -0.0961232
8.10762 0.17993
8.15747 0.342684
8.10275 0.42744
8.1645 0.560268
8.19952 0.403819
8.22359 0.621874
8.173 0.914998
8.25153 0.912064
8.20847 1.0998
8.21881 1.32519
8.29209 1.09042
8.26094 1.30714
8.2437 1.553
8.28271 1.59628
8.30166 1.5378
8.28121 1.78154
8.22366 1.8203
8.21237 2.06173
8.2496 2.10559
8.27923 1.94304
8.2456 2.22254
8.19701 2.35701
8.22216 2.40729
8.16618 2.61918
8.21172 2.57138
8.18092 2.78037
8.23128 2.67449
8.24551 2.85917
8.28703 2.63351
8.26464 2.52268
8.32896 2.47694
8.35868 2.56297
8.3323 2.72821
8.36198 2.81998
8.36231 2.94079
8.3573 3.10844
8.31015 3.05349
8.30866 2.89836
8.25933 3.02095
8.19196 3.14492
8.16026 2.99352
8.07589 3.23659
8.11057 2.93221
7.98734 3.17556
8.08799 2.74147
8.16395 2.45675
8.1303 2.39448
8.18043 2.26738
8.17153 2.09462
8.20651 2.26624
8.10731 2.13994
8.18181 1.85976
8.18262 1.71276
8.10907 1.72716
8.16987 1.28817
8.08029 1.51205
8.13899 1.19904
8.11053 1.04653
8.05806 1.25508
8.06542 1.00442
8.10375 0.889372
8.04958 0.818406
8.10719 0.690527
8.03146 0.566287
8.00404 0.241871
7.88594 0.489989
7.97965 0.754122
7.89812 0.882642
7.9948 1.0389
7.89714 1.18547
7.94031 1.41205
7.85846 1.41283
7.82123 1.64765
7.87833 1.78554
7.72132 1.98906
7.79402 2.05056
7.69805 2.27403
7.78302 2.20598
7.87576 2.01308
7.81715 2.26561
7.72894 2.42954
7.78959 2.50377
7.6678 2.64695
7.55683 2.65774
7.58728 2.84177
7.67601 2.80548
7.565 3.03084
7.47022 3.08433
7.48066 3.3666
7.63813 3.08932
7.57956 3.37815
7.67742 3.23939
7.75186 2.97414
7.76738 3.09301
7.86422 2.83496
7.85305 3.09472
7.72667 3.36058
7.79233 3.36078
7.87337 3.28168
7.76995 3.56565
7.73228 3.54063
7.67162 3.76992
7.64307 3.66943
7.58234 3.56192
7.52535 3.85794
7.56405 3.93395
7.44709 4.14231
7.50298 4.15151
7.59404 4.01534
7.6822 3.90804
7.50828 4.30059
7.60869 4.2071
7.47855 4.51397
7.37293 4.66547
7.37239 4.87677
7.28599 4.95934
7.27537 5.10238
7.29164 5.16727
7.21392 5.31411
7.21678 5.44334
7.2817 5.31758
7.35463 5.11007
7.24205 5.64083
7.2433 5.49407
7.20011 5.62382
7.17297 5.59969
7.14648 5.57841
7.13761 5.74089
7.06018 5.85447
7.07929 5.65767
7.15806 5.39263
7.2345 5.18381
7.18019 5.09935
7.27029 4.78449
7.15816 4.86798
7.10412 5.2043
7.08538 5.4668
7.01816 5.40323
7.06513 5.12639
6.96508 5.27076
7.07247 4.84469
7.22382 4.45621
7.26393 4.55274
7.23396 4.73677
7.31163 4.56547
7.36645 4.5387
7.41015 4.35168
7.35869 4.3846
7.34729 4.26801
7.44066 4.02696
7.3695 4.0227
7.48345 3.82377
7.48051 3.65286
7.36023 3.78579
7.323 3.61775
7.39856 3.34863
7.31954 3.36932
7.37361 3.02253
7.38895 2.76918
7.48199 2.54347
7.58443 2.32198
7.47317 2.39331
7.55309 2.09196
7.69614 1.78389
7.59897 1.68983
7.40875 2.06712
7.3366 2.43788
7.23625 2.3414
7.19685 2.53353
7.15857 2.73412
7.05676 2.66572
7.00848 3.01029
6.86515 3.07645
6.88793 3.3118
6.72702 3.56297
6.84329 3.62808
6.99478 3.32905
6.92974 3.70837
7.04621 3.48893
7.03157 3.74867
7.12793 3.47187
7.14967 3.19762
7.24149 3.28307
7.16729 3.64744
7.24842 3.63413
7.16857 3.93433
6.99894 4.1095
7.02709 4.37846
6.85876 4.63108
6.9386 4.7159
6.83853 5.01139
6.94069 4.92252
7.03638 4.63456
7.00136 4.8622
6.96489 5.0342
6.85732 5.263
6.86707 5.5286
6.76361 5.6309
6.79258 5.81047
6.91885 5.66301
6.80235 6.03882
6.71398 6.05816
6.68171 6.25487
6.71225 6.41085
6.85279 6.14262
6.95409 6.00199
6.92093 5.88445
7.00415 5.75785
7.02059 5.82903
6.99285 5.64675
7.09041 5.96071
6.74412 6.56013
6.64278 6.71152
6.69711 6.73322
6.59607 6.90007
6.66268 6.87283
6.59708 7.02158
6.49969 7.09336
6.53271 6.88957
6.42827 7.03071
6.45348 6.80971
6.57965 6.6795
6.57841 6.49434
6.44864 6.50387
6.60551 6.23328
6.5358 6.1087
6.68128 5.94057
6.64602 5.79016
6.69218 5.4514
6.55317 5.82073
6.554 5.62544
6.58966 5.39315
6.71661 5.07708
6.60359 5.14965
6.69339 4.81317
6.78817 4.56782
6.85168 4.36568
6.72027 4.44995
6.89261 4.06538
6.78954 3.99877
6.6419 4.2594
6.71881 3.90094
6.56872 4.07808
6.51485 3.76396
6.65357 3.24678
6.4242 3.5395
6.30008 3.96724
6.35624 4.24291
6.19102 4.30956
6.15801 4.62158
6.0127 4.53037
5.92602 4.87166
6.0311 5.0626
6.26205 4.78716
6.17177 5.27289
6.48059 4.74296
6.37798 5.23103
6.24288 5.65536
6.45511 5.415
6.54013 5.02602
6.36252 5.79096
6.18782 6.12082
6.34549 6.04891
6.45375 5.83879
6.48099 5.61603
6.42247 6.09212
6.28117 6.3499
6.38869 6.34103
6.29013 6.60438
6.17675 6.63961
6.17124 6.87241
6.04631 6.809
6.11306 6.50254
5.94732 6.65964
6.01896 6.35848
6.05533 6.17347
6.07205 5.9843
5.95401 6.2028
5.90069 5.98978
6.05706 5.70849
5.91794 5.60169
5.9993 5.33281
5.86601 5.35496
5.85032 5.153
5.69918 5.34847
5.7178 5.59362
5.56866 5.55633
5.5728 5.7674
5.39971 5.74244
5.48116 5.3121
5.19075 5.56444
5.26007 5.15345
5.43685 4.98512
5.59043 4.97851
5.71822 5.07669
5.78129 4.73119
5.57045 4.71909
5.74993 4.43985
5.91408 4.4184
5.93953 4.15008
6.09288 4.19557
6.16938 3.78951
5.94743 3.86496
6.09494 3.47345
6.33376 3.33517
6.51217 3.18661
6.48396 2.92004
6.64098 2.93094
6.83915 2.73623
6.70963 2.61157
6.90274 2.39675
7.08286 2.31368
7.27523 2.08375
7.21751 1.95028
7.4005 1.80819
7.32113 1.64022
7.51638 1.47182
7.63257 1.43305
7.72116 1.37399
7.64883 1.21489
7.78805 1.09357
7.6925 0.956878
7.7751 0.767068
7.62464 0.736847
7.67726 0.463142
7.69087 0.138215
7.85081 0.119707
7.71172 -0.185956
7.90393 -0.104652
8.03149 0.00495083
7.9936 -0.213436
8.01524 -0.369088
8.11036 -0.321522
8.04775 -0.507742
8.10056 -0.509362
8.1796 -0.327009
8.21871 -0.332715
8.16104 -0.509371
8.20472 -0.478262
8.22958 -0.329234
8.12764 -0.680372
8.15273 -0.657911
8.07041 -0.86166
8.09819 -0.791004
8.00673 -0.9866
8.0521 -0.85877
8.06386 -0.808743
7.98893 -0.985203
8.03049 -0.866998
7.83247 -1.22944
7.8959 -1.17972
7.91189 -1.17018
7.99018 -1.04051
7.89921 -1.16676
8.00179 -0.995171
7.95603 -1.03713
8.05237 -0.86173
7.98915 -0.873214
7.87138 -1.06642
7.82874 -1.22226
7.74424 -1.26823
7.75967 -1.0993
7.90301 -0.872851
7.80396 -0.849579
7.66068 -1.04199
7.68911 -0.800283
7.5698 -1.02453
7.53663 -0.884979
7.61057 -0.589444
7.75523 -0.546726
7.77331 -0.357146
7.51915 -0.393858
7.56588 -0.137887
7.426 -0.280266
7.47626 -0.130578
7.39438 -0.193347
7.41756 -0.0612464
7.54436 0.00368752
7.52419 0.181251
7.27357 0.0650309
7.46544 0.461065
7.23709 0.375655
7.35116 0.619672
7.19637 0.628294
7.31712 0.848064
7.46921 0.785225
7.42997 1.05126
7.57585 0.991263
7.52484 1.21141
7.38257 1.33363
7.22577 1.14125
7.18536 1.50132
6.97662 1.3883
6.98081 1.72354
6.82441 1.69131
6.75773 2.01263
6.62548 1.82238
6.48489 2.17163
6.56002 2.46732
6.82566 2.25715
6.30765 2.80725
6.26703 3.12697
6.09806 3.10863
5.91471 3.40909
5.89451 3.67286
5.72987 3.68334
5.7907 3.89268
5.62762 4.03194
5.76835 4.14309
5.5682 4.38146
5.42318 4.16706
5.53852 3.83224
5.3626 3.74631
5.59177 3.50545
5.76429 3.38143
5.7043 3.20099
5.88786 3.10639
5.7855 2.828
6.08572 2.72835
5.97459 2.47365
6.22001 2.26758
6.33255 2.48982
6.41446 1.94779
6.24527 1.88099
6.5067 1.58549
6.74477 1.52222
6.75209 1.14792
7.0166 1.01648
6.89688 0.893421
6.99929 0.701621
7.16453 0.864005
7.02358 0.380676
6.81506 0.442567
6.75986 0.0704777
7.05971 0.112557
6.92889 -0.131115
7.08444 -0.0402544
7.07649 -0.196939
7.23179 -0.30294
7.05017 -0.357534
6.99325 -0.518708
7.10284 -0.644924
7.32609 -0.522349
7.20743 -0.829215
7.41655 -0.644519
7.39899 -0.864617
7.20019 -1.09138
7.38809 -1.11232
7.15627 -1.32966
7.31497 -1.31891
7.48713 -1.22155
7.35039 -1.43735
7.50199 -1.3911
7.61744 -1.22102
7.633 -1.32468
7.50055 -1.49193
7.60566 -1.43974
7.68424 -1.40252
7.52813 -1.56918
7.62403 -1.52741
7.75965 -1.36132
7.68669 -1.48637
7.80785 -1.3282
7.72616 -1.44443
7.82292 -1.30181
7.76586 -1.37775
7.65217 -1.5375
7.63753 -1.52753
7.64792 -1.45159
7.31725 -1.8522
7.41823 -1.77202
7.29975 -1.89169
7.38321 -1.83154
7.49691 -1.70222
7.54217 -1.63732
7.51636 -1.69446
7.35766 -1.85553
7.47927 -1.72035
7.60248 -1.5901
7.5776 -1.61203
7.48518 -1.66792
7.32867 -1.8172
7.39229 -1.70808
7.39122 -1.6398
7.24085 -1.80733
7.23294 -1.73552
7.34081 -1.58542
7.10971 -1.73452
7.21006 -1.58257
7.04498 -1.64741
7.19181 -1.48971
7.00382 -1.5458
6.85455 -1.71654
6.91548 -1.80313
6.75222 -1.85384
6.78428 -1.93377
6.95043 -1.87843
7.07815 -1.87245
6.85704 -1.99536
7.01201 -1.9709
7.12027 -1.90078
7.15509 -1.92367
7.196 -1.95931
7.19582 -1.97211
7.05766 -2.02799
7.02333 -2.01365
6.88438 -2.10975
6.84439 -2.08325
6.76483 -2.14649
6.65239 -2.16849
6.66669 -2.10967
6.51367 -2.18836
6.45738 -2.15174
6.3131 -2.23027
6.20338 -2.21734
6.31809 -2.13801
6.4803 -2.07361
6.37022 -2.05628
6.16042 -2.13613
6.20935 -2.03056
5.99362 -2.12151
6.03814 -2.00456
5.8252 -2.10486
5.84377 -1.97204
5.67393 -2.09025
5.58271 -2.02372
5.7063 -1.86512
5.95242 -1.78282
5.80797 -1.72016
5.96229 -1.62348
6.13899 -1.62994
6.1148 -1.76167
6.27482 -1.73816
6.40524 -1.49781
6.18321 -1.42108
6.39697 -1.27917
6.62854 -1.24512
6.67472 -1.45623
6.83375 -1.27213
6.83481 -1.10525
6.74298 -0.987212
6.95807 -0.904705
6.87508 -0.754918
6.66026 -0.819896
6.80304 -0.621851
6.88293 -0.394993
6.6217 -0.600666
6.69277 -0.300507
6.48504 -0.466688
6.4596 -0.235467
6.40202 0.0874655
6.62522 0.302864
6.44686 0.463999
6.17148 0.329916
6.23041 0.774698
5.97489 0.688288
6.05184 0.925949
6.09973 1.09648
6.27283 1.15409
6.03203 1.47555
6.26624 1.52309
6.4693 1.24457
6.52494 0.854092
6.78458 0.748667
6.64892 0.542895
6.07422 1.80008
5.83909 1.95982
6.02068 2.13544
5.79941 2.40443
5.6177 2.30848
5.556 1.95136
5.79236 1.61772
5.6495 1.51415
5.87029 1.17385
5.59378 1.21809
5.72673 0.861605
5.76087 0.481926
5.94346 0.330646
5.78748 0.18689
5.96834 0.0327526
6.17178 0.0356214
6.12475 -0.246508
5.84139 -0.237152
5.68762 -0.063793
5.59043 -0.355568
5.35448 -0.1298
5.539 0.233515
5.27496 0.161128
5.30876 0.460342
5.5305 0.667997
5.29716 0.813125
5.05347 0.679168
5.10656 1.04714
4.89034 1.02255
4.9382 1.34853
4.57889 1.28732
4.79661 1.76872
5.10752 1.65718
4.94417 2.06375
4.66403 2.32106
4.49893 1.94159
4.38663 2.37078
4.37824 2.85508
4.66148 2.79518
4.52046 3.02873
4.41751 3.27931
4.19496 3.36164
4.30461 3.5961
4.50179 3.59295
4.30255 3.90798
4.11867 3.7616
4.09347 4.13743
3.87808 3.94309
3.81338 4.35097
3.65309 4.08126
3.51456 4.32207
3.49954 4.71132
3.91923 4.71798
3.80331 4.99227
4.10584 4.98789
4.14963 4.73555
4.31683 4.83868
4.27693 4.60086
4.45972 4.59369
4.3321 4.28727
4.60863 4.20847
4.47703 3.97288
4.66102 3.78059
4.79566 3.90921
4.89221 4.26116
4.98843 3.68931
5.12555 3.86836
5.21767 3.39164
5.18446 4.2571
5.50055 3.19148
5.31045 3.00988
5.5561 2.70694
5.34527 2.54355
5.06825 3.13417
5.19793 3.16756
5.08088 2.62835
5.20075 2.12195
5.40897 1.596
5.28098 1.40301
5.41932 1.29603
5.4728 1.11156
5.5619 0.958396
5.44158 0.934984
5.3124 1.13185
5.15026 1.3185
4.91176 2.46728
4.85453 2.92076
4.61873 3.16773
4.7565 3.36708
4.85165 3.57671
5.01634 4.76282
5.31809 4.69533
5.12461 5.00676
5.00127 5.0747
5.05456 5.2785
4.8269 5.1886
4.93699 5.58442
5.03155 5.89579
4.84485 5.86078
4.88523 6.13234
4.68396 5.99132
4.69933 6.31713
4.48157 6.10114
4.49411 5.83435
4.68619 5.63211
4.4148 5.53604
4.58262 5.32922
4.55081 4.96606
4.78799 4.76259
4.65852 4.57009
4.41997 5.25414
4.32503 5.08247
4.20094 5.30069
3.97205 5.19071
3.93896 5.44016
4.18956 5.56258
4.06451 5.73391
3.71686 5.67894
3.96742 5.95346
3.66528 5.98441
3.94561 6.19521
3.74316 6.25581
3.95017 6.41509
3.80176 6.48688
4.05642 6.7282
4.17441 6.42335
4.34014 6.70154
4.31937 6.94348
4.5289 6.91296
4.45728 7.20647
4.66248 7.13846
4.65046 7.35039
4.74837 7.26272
4.84435 7.41225
4.83393 7.15271
5.02819 7.21917
5.08098 7.51785
4.91615 7.56814
4.93005 7.68761
4.79338 7.64208
4.80679 7.79462
4.56897 7.81582
4.67444 7.54732
4.50143 7.50189
4.3229 7.39782
4.1856 7.14383
4.03059 7.22851
3.93862 6.99213
3.69418 6.68681
3.74143 6.96077
3.86743 7.1827
3.72096 7.09085
3.72794 7.24022
3.59286 7.0866
3.54581 7.25747
3.43247 7.05482
3.46601 6.92601
3.62304 6.97578
3.55509 6.82706
3.33803 6.75016
3.4497 6.65837
3.43307 6.51511
3.53933 6.36193
3.26329 6.35696
3.29718 6.15583
3.52892 6.13545
3.38271 5.98109
3.33538 5.76123
3.06893 5.94859
3.03597 5.74833
3.05819 5.55513
3.40292 5.52706
3.60757 5.37644
3.27128 5.31275
3.51851 5.10494
3.77515 5.22008
3.12355 5.02548
3.09499 4.73725
3.17695 4.41579
2.81752 4.64115
2.8661 4.88782
2.60022 4.91622
2.72855 5.11902
2.90856 5.32138
2.50639 5.43049
2.7842 5.51526
2.67868 5.78134
2.30518 5.71641
2.19552 5.99459
2.42881 6.14201
2.10287 6.26394
2.23701 6.4535
1.96816 6.49293
1.95687 6.70408
2.19241 6.71886
2.43027 6.55214
2.36893 6.67877
2.53306 6.68265
2.64971 6.52791
2.62716 6.34325
2.91887 6.49497
2.7568 6.64936
2.92506 6.67375
2.8505 6.78419
3.01941 6.80479
3.10556 6.68486
3.23847 6.89661
3.22487 6.54312
3.09669 6.3966
3.00119 6.23871
3.08072 6.93299
3.17637 7.01927
3.04989 7.07022
3.21774 7.16935
3.30843 7.0774
3.3726 7.23741
3.41795 7.14637
3.45498 7.39889
3.28937 7.40993
3.46667 7.59502
3.31588 7.74663
3.50533 7.79268
3.62389 7.7218
3.62565 7.93199
3.47544 7.96879
3.75118 7.63015
3.59887 7.50529
3.72823 7.42646
3.8495 7.53718
3.8634 7.38238
3.9824 7.35868
3.34725 7.99983
3.19085 7.95936
3.19277 7.79652
3.15395 7.68109
3.19626 7.54481
3.05286 7.52643
3.0513 7.69086
3.09568 7.81295
2.96824 7.79966
2.97544 7.65125
2.89822 7.71051
2.89491 7.55177
2.94862 7.38991
2.80479 7.35974
2.94458 7.21023
3.04282 7.34873
3.1137 7.26193
3.14039 7.4104
2.89702 7.0322
2.94468 6.91558
2.79725 6.91596
2.68545 6.79472
2.65946 6.9432
2.52339 6.87223
2.33603 6.82334
2.38892 6.97089
2.53101 7.10027
2.3257 7.12362
2.22444 7.01256
2.15071 7.2294
2.03048 7.12375
2.13612 6.91861
1.92985 6.96894
1.82298 7.24711
1.94599 7.39895
1.71829 7.50829
1.83684 7.6154
1.9816 7.63561
1.81559 7.8086
1.94803 7.89488
2.08768 7.75105
2.14836 7.5367
2.1792 7.67448
2.24434 7.56325
2.26861 7.40206
2.18534 7.35793
2.26609 7.26026
2.08253 7.42364
2.38487 7.27695
2.37085 7.50957
2.52191 7.3563
2.51153 7.57235
2.65764 7.27403
2.75659 7.10359
2.15553 7.78202
1.91212 8.12648
1.77513 8.03469
1.71822 8.2422
1.86738 8.29466
2.04647 8.2163
1.94405 8.40814
2.12591 8.36172
2.04926 8.50432
2.25728 8.43524
2.17367 8.59545
2.34796 8.52071
2.3613 8.63051
2.18788 8.73236
2.07944 8.68186
1.99811 8.74397
2.06148 8.82542
1.87066 8.83616
-0.209789 7.22265
-0.0182757 7.49075
0.178918 7.7096
0.146841 7.56046
0.335767 7.75644
0.303128 7.60515
0.492045 7.77264
0.456229 7.58475
0.637872 7.76362
0.689692 7.65222
0.837499 7.81448
0.694473 7.91755
0.905249 7.98611
0.797726 8.04706
0.940561 8.1128
1.09165 8.05318
1.10688 8.20142
1.2831 8.09595
1.23533 7.94839
1.416 7.95991
1.35272 7.82204
1.48951 7.82571
1.44812 7.71121
1.58335 7.70409
1.6169 7.9184
1.7173 7.71427
1.4855 7.5116
1.63962 7.32718
1.48397 7.1868
1.71044 7.14153
1.71871 6.93555
1.75417 6.66636
1.53666 6.8746
1.57504 6.58526
1.83601 6.36653
1.63415 6.27739
1.89038 6.09406
1.99915 6.17425
2.01531 5.82202
1.70955 5.94574
1.87851 5.60247
2.15958 5.57663
2.13959 5.31084
2.42285 5.12665
2.23975 5.01088
2.01053 5.08846
2.11031 4.80751
2.4395 4.74187
2.4092 4.95426
2.31451 4.41997
2.67684 4.40357
2.91473 4.3831
2.98981 4.0701
3.39914 4.03273
3.33265 3.75571
3.46013 3.83935
3.61494 3.73154
3.43994 3.29717
3.7525 3.34258
3.93349 3.54344
3.99552 3.06991
3.72289 3.06176
3.8118 2.71574
4.11997 2.56618
3.86946 2.2146
4.21882 2.13364
4.08296 1.92132
4.28757 1.73726
4.2091 1.40121
4.28151 1.01279
4.5101 0.59112
4.77943 0.785809
4.8658 0.41237
5.11048 0.327917
5.01946 0.0474913
4.71727 0.182548
4.7213 -0.163692
5.05713 -0.270384
5.26387 -0.499025
4.89807 -0.489666
5.04161 -0.761787
5.33123 -0.756206
5.55219 -0.62662
5.82127 -0.477506
5.77467 -0.741531
6.02714 -0.590518
6.27668 -0.493649
6.17177 -0.701015
6.36566 -0.675495
6.20383 -0.889652
6.43605 -0.869322
6.5166 -1.06308
6.25001 -1.13884
5.99125 -1.08352
5.98574 -0.840517
5.72619 -1.01646
5.52354 -0.869708
5.48283 -1.05975
5.54172 -1.23467
5.77226 -1.27982
5.56181 -1.44918
5.78392 -1.53979
5.99975 -1.32847
5.99985 -1.49138
6.07086 -1.54283
5.52967 -1.64779
5.62191 -1.74911
5.47373 -1.77111
5.41602 -1.91232
5.31337 -1.74012
5.12245 -1.90603
5.13909 -2.06174
5.33471 -2.10456
5.4816 -2.14737
5.27037 -2.21926
5.08335 -2.20446
5.09148 -2.29403
4.92517 -2.31169
4.88021 -2.24946
4.74455 -2.31803
4.72697 -2.22964
4.91745 -2.15463
4.73662 -2.12323
4.93276 -2.036
4.76192 -2.00375
4.90763 -1.91498
4.69919 -1.85533
4.53613 -2.05007
4.42386 -1.91822
4.48295 -1.72248
4.75748 -1.58051
4.50864 -1.53511
4.62455 -1.37105
4.87284 -1.31694
4.67947 -1.15331
4.45951 -1.21741
4.49434 -1.03226
4.2712 -1.04362
4.38158 -0.807096
4.65754 -0.936503
4.629 -0.749399
4.81003 -0.833205
4.92766 -1.03465
4.7789 -0.670243
5.25983 -0.988622
5.13851 -1.23867
5.35396 -1.18491
5.32787 -1.39653
5.0609 -1.47984
5.22472 -1.59058
5.3947 -1.57114
5.01507 -1.73233
4.50487 -0.486395
4.38719 -0.13673
4.45722 0.14649
4.11847 0.154508
4.29723 0.368276
4.11056 0.649343
3.83793 0.434306
3.74157 0.903519
3.56054 0.594254
3.47876 0.912444
3.52794 1.18449
3.73623 1.42472
3.39598 1.54209
3.64447 1.87611
3.37884 2.085
3.60635 2.16889
3.54148 2.48335
3.26137 2.45275
3.12098 2.22273
2.99241 2.6187
3.28205 2.84616
3.01424 2.99643
2.73172 3.05098
2.91597 3.2711
3.14227 3.19469
3.03309 3.56961
2.64718 3.53963
2.73729 3.86421
2.61938 4.15033
2.39384 3.98279
2.09309 4.24274
1.94404 4.56584
1.78922 4.24673
1.64323 4.64638
1.7952 4.96411
1.47641 4.96714
1.6042 5.29934
1.33214 5.38665
1.51152 5.60649
1.32361 5.77089
1.47614 5.907
1.21594 6.18882
1.07302 5.72505
0.980303 6.10224
0.952024 6.43531
1.1163 6.5317
1.02323 6.75019
1.20582 6.72318
1.2224 6.48942
1.37648 6.47255
1.47485 6.16547
1.64768 5.72203
1.37784 6.78409
1.25651 6.94927
1.37235 7.00771
1.2466 7.14913
1.21495 7.4196
1.07212 7.21491
1.0353 7.36296
0.956667 7.50491
1.13833 7.63117
1.30728 7.65709
1.18636 7.79066
1.00614 7.73085
1.04752 7.90053
0.850672 7.658
0.738637 7.51423
0.756867 7.34332
0.89398 7.24996
0.737512 7.00266
0.941304 7.00786
1.12019 6.98244
0.83374 6.74022
0.633188 6.67666
0.743888 6.48311
0.774039 6.17926
0.548061 6.3306
0.57927 6.00018
0.738974 5.90394
0.882639 5.92933
0.825072 5.6831
0.913546 5.43108
1.07716 5.22355
1.25667 5.03815
1.11381 4.89095
1.26653 4.68766
1.45555 4.67782
1.45074 4.37813
1.14521 4.2342
0.975134 4.56229
0.887538 4.16382
0.683218 4.28443
0.76602 4.73064
0.51669 4.5261
0.612735 4.94057
0.388682 4.72021
0.435322 5.14135
0.227749 4.80833
0.179838 5.16284
0.402522 5.47268
0.537278 5.42851
0.601986 5.67485
0.407316 5.78414
0.238767 5.55545
0.201841 5.87829
0.0254853 5.42753
-0.074357 5.77925
0.112243 6.23231
0.324559 6.26163
0.409322 6.05793
0.432352 6.56649
0.270702 6.47512
0.332952 6.72827
0.525441 6.87474
0.405096 7.04984
0.202083 6.79671
0.228326 7.0488
0.369175 7.32213
0.581814 7.32829
0.573457 7.49468
0.320611 7.44742
0.21066 7.33265
0.15923 7.15037
0.0315158 6.84498
0.116921 7.40897
-0.0474739 7.32589
-0.179911 6.4185
0.0398016 6.50208
0.191216 6.54896
-0.108482 6.14788
-0.249573 5.82516
-0.256047 5.54477
-0.171238 5.38278
-0.321355 5.22128
-0.374193 5.43886
-0.313674 5.61691
-0.374042 5.66185
-0.348806 5.90862
-0.438217 5.68408
-0.438233 5.81853
-0.585415 5.52953
-0.724053 5.44568
-0.736054 5.19075
-0.660842 5.2235
-0.577919 5.25705
-0.477598 5.45695
-0.49469 5.12178
-0.597676 5.05631
-0.620672 4.82312
-0.510485 4.73809
-0.406684 4.93885
-0.406151 4.66067
-0.279505 4.94328
-0.233076 5.17385
-0.141257 5.14355
-0.157344 4.86957
-0.0359597 5.04941
-0.0426915 4.61274
-0.273482 4.58772
-0.275175 4.29156
-0.170346 4.17999
-0.0460842 4.17647
0.189058 4.36701
0.0266356 3.88606
0.280641 3.93834
0.0779343 3.43541
0.416003 3.4248
0.501354 3.94164
0.462668 4.20001
0.706223 3.84669
0.357991 4.3036
0.361156 4.48209
0.840695 3.36455
0.971642 3.86231
1.13239 3.60109
1.2105 3.14709
1.34096 3.4896
1.55704 3.18249
1.53913 3.67928
1.29787 3.75539
1.35358 4.01518
1.17217 3.9064
1.57835 4.04565
1.81767 3.81738
2.07693 3.93577
2.10978 3.55212
2.31992 3.68096
2.40967 3.33039
2.47395 2.95959
2.66924 2.61023
2.34788 2.63573
2.21208 3.13114
2.07018 2.90759
1.87331 3.32541
1.83138 2.8941
2.05231 2.50954
1.73622 2.53292
1.912 2.03234
2.31858 2.05868
2.5781 2.24726
2.63721 1.80234
2.86192 2.13658
2.88049 1.63794
3.11906 1.81588
3.09205 1.26033
3.3437 1.13311
3.28235 0.767019
2.96837 0.74833
3.17738 0.375126
3.41052 0.395468
3.65114 0.212445
3.40442 0.0974809
3.6288 -0.0703947
3.86574 -0.0312443
3.86768 0.176598
4.12832 -0.240816
3.79483 -0.323491
4.10547 -0.551702
4.00255 -0.832127
3.82497 -0.58576
3.6424 -0.727693
3.59594 -0.487567
3.30252 -0.54852
3.42689 -0.241195
3.12799 -0.284684
3.13929 0.0065858
2.86367 0.307549
2.82722 -0.127865
2.56385 0.182187
2.63212 0.42591
2.35087 0.619039
2.19998 0.128763
2.45286 -0.165318
2.07537 -0.213008
2.35368 -0.452277
2.65524 -0.375234
2.6716 -0.60232
2.93385 -0.454027
3.00962 -0.726962
3.38552 -0.910027
3.02671 -1.03994
3.33898 -1.15108
3.59657 -1.20433
3.76707 -1.01153
3.92955 -1.31688
4.0415 -1.09742
4.22919 -1.27812
4.22684 -1.57068
4.41781 -1.40251
3.90228 -1.59462
4.04195 -1.79826
4.26491 -1.82893
4.1444 -1.95976
4.27985 -1.95422
4.29314 -2.03422
4.09028 -2.0987
4.31329 -2.18009
4.54341 -2.19769
4.42408 -2.25322
4.54429 -2.30706
4.30583 -2.32501
4.46713 -2.38992
4.61701 -2.3802
4.55269 -2.43976
4.78141 -2.38559
4.75375 -2.45149
4.92755 -2.40565
4.95974 -2.35022
5.08475 -2.35365
5.21897 -2.29406
5.25362 -2.34573
5.39275 -2.25269
5.49965 -2.28241
5.60808 -2.18414
5.75138 -2.21426
5.60162 -2.30408
5.76832 -2.26251
5.93829 -2.21133
5.8569 -2.27222
6.05977 -2.22502
5.9556 -2.28127
6.06394 -2.27708
5.80753 -2.33293
5.71929 -2.33046
5.49499 -2.39548
5.52279 -2.35702
5.69159 -2.30711
5.37714 -2.3498
5.27496 -2.41368
5.14106 -2.41887
5.06676 -2.40556
4.9347 -2.4552
4.95839 -2.49054
4.77212 -2.48496
4.56231 -2.51017
4.66173 -2.52376
4.49956 -2.54231
4.46459 -2.58292
4.72351 -2.54928
4.98257 -2.50708
5.19487 -2.45909
5.29805 -2.45527
5.68345 -2.38171
5.64042 -2.40208
5.93674 -2.3407
5.97304 -2.32922
6.20091 -2.28093
6.23958 -2.2807
6.4047 -2.25423
6.43778 -2.26553
6.63941 -2.20997
6.42795 -2.25176
6.80806 -2.1573
6.9962 -2.08538
6.06592 -2.31715
6.28159 -2.2702
5.71554 -2.39057
5.47678 -2.43744
5.2824 -2.48258
5.33971 -2.46049
5.54369 -2.43509
5.06487 -2.51032
5.10555 -2.49508
4.88167 -2.54488
4.78702 -2.571
4.61274 -2.60026
4.45347 -2.62943
4.29358 -2.64495
4.08325 -2.67448
4.26004 -2.65103
4.50173 -2.61905
4.66031 -2.61473
4.83881 -2.55102
5.03795 -2.51556
3.38504 -2.52182
2.24497 -2.51228
1.97634 -2.52109
1.93684 -2.45552
1.69809 -2.4945
1.76539 -2.44374
1.72811 -2.3728
0.472881 -1.96201
0.517901 -2.12522
0.706806 -2.20455
0.519134 -2.22953
0.727653 -2.28465
0.908449 -2.24788
0.944052 -2.34039
1.11243 -2.30072
1.12183 -2.36626
0.980678 -2.39751
0.74877 -2.37062
0.778948 -2.42024
0.520622 -2.37993
0.4903 -2.30482
0.251777 -2.34449
0.265917 -2.40947
0.565487 -2.45568
0.312281 -2.47478
0.0254529 -2.45312
-0.0781476 -2.35018
-0.231716 -2.39445
-0.225065 -2.44812
-0.121817 -2.49074
0.0719564 -2.50307
0.224605 -2.49466
0.238531 -2.52472
-0.000385046 -2.53084
0.182983 -2.55917
-0.152042 -2.55863
-0.0162082 -2.56977
-0.345249 -2.55133
-0.155792 -2.56808
-0.326 -2.55567
-0.165465 -2.54734
0.10623 -2.55489
0.086771 -2.52757
0.273774 -2.54628
0.469601 -2.55306
0.294089 -2.5607
0.592337 -2.54843
0.790113 -2.55243
0.815282 -2.52939
0.454905 -2.53155
0.706332 -2.49318
1.01526 -2.5067
1.22123 -2.5305
1.06127 -2.53819
1.32442 -2.55038
1.54183 -2.56788
1.47797 -2.54645
1.75072 -2.56856
1.56579 -2.52663
1.79089 -2.5406
1.69002 -2.51395
1.96406 -2.53323
1.98956 -2.57084
2.26565 -2.56556
2.18083 -2.51571
2.43872 -2.54302
2.43383 -2.51343
2.7091 -2.56284
2.58982 -2.59022
2.89245 -2.62002
2.73827 -2.61854
2.99611 -2.63445
2.72569 -2.63701
3.11043 -2.66269
3.28175 -2.64651
3.51366 -2.67299
3.33325 -2.66067
3.575 -2.67302
3.79242 -2.6856
3.77551 -2.68146
4.00318 -2.67925
3.76744 -2.66856
3.62637 -2.57232
3.57169 -2.61954
3.36611 -2.58448
3.26172 -2.54653
3.06041 -2.52745
2.96595 -2.57246
3.13839 -2.56847
2.93897 -2.58165
2.62147 -2.57216
2.80221 -2.53745
2.61693 -2.52939
2.42478 -2.54069
2.21317 -2.56465
2.33702 -2.59111
2.57774 -2.60158
2.4262 -2.60906
2.72189 -2.62718
2.84013 -2.5993
3.06761 -2.61339
3.04276 -2.64349
3.29658 -2.65061
3.34688 -2.61578
3.43591 -2.66016
3.15593 -2.59311
2.66025 -2.62955
2.35012 -2.61025
2.44113 -2.61141
2.49338 -2.60392
2.20389 -2.57798
1.91096 -2.60331
2.08461 -2.61524
2.30188 -2.61624
2.1853 -2.6061
2.48597 -2.61527
1.93456 -2.58213
2.0586 -2.58884
1.80746 -2.58143
1.91078 -2.56729
1.7593 -2.54704
1.684 -2.55825
1.5546 -2.5231
1.40795 -2.49689
1.50753 -2.44872
1.21989 -2.46368
1.23635 -2.4168
1.48393 -2.37048
1.64746 -2.31518
1.29106 -2.35083
1.00959 -2.44886
0.989875 -2.48345
1.15949 -2.50155
0.952765 -2.48914
1.0714 -2.52175
1.31837 -2.51776
1.24755 -2.53381
0.977886 -2.53336
1.05314 -2.52832
1.36903 -2.55134
1.47277 -2.56106
1.65525 -2.58187
1.61801 -2.56894
1.47962 -2.54579
1.55241 -2.58671
1.82958 -2.60896
1.22502 -2.56379
0.992457 -2.54096
0.830251 -2.53926
0.736463 -2.53815
0.454444 -2.55431
0.479038 -2.5436
0.778634 -2.52147
0.480541 -2.50832
0.765723 -2.50335
0.824728 -2.46646
1.96479 -2.58623
3.98832 -2.65375
3.73913 -2.6584
3.92048 -2.63758
4.11523 -2.63191
4.28775 -2.61735
4.08969 -2.6209
4.2457 -2.59548
4.07567 -2.58576
4.30375 -2.55283
4.04667 -2.54326
4.12894 -2.49095
4.3762 -2.49539
4.31652 -2.43249
4.05992 -2.40954
4.02259 -2.24766
3.82475 -2.34086
3.6865 -2.20545
3.86144 -2.1097
3.58779 -1.94892
3.91832 -1.96823
3.78841 -1.78206
3.5635 -1.70017
3.68507 -1.59707
3.71353 -1.43413
3.41913 -1.41807
3.29883 -1.67625
3.14934 -1.47024
2.86006 -1.56436
3.14899 -1.9059
3.3823 -2.12177
3.1449 -2.09587
2.91891 -2.02438
2.7518 -1.84105
2.62635 -1.99595
2.40644 -1.8608
2.31306 -2.01002
2.08705 -1.9055
2.05343 -2.01051
1.79403 -1.97964
1.96505 -2.04952
1.90352 -2.11078
1.54729 -2.08122
1.67634 -2.19175
2.05667 -2.21588
2.20196 -2.1564
2.36965 -2.22691
2.44493 -2.16239
2.58093 -2.21493
2.63363 -2.29982
2.79179 -2.21345
2.63388 -2.15628
2.76083 -2.11152
2.52588 -2.09313
2.32474 -2.10876
2.12651 -2.07726
2.98898 -2.16263
3.01386 -2.26257
3.21334 -2.22156
3.23913 -2.33611
3.44889 -2.26842
3.63114 -2.31465
3.48576 -2.34857
3.65791 -2.39157
3.84417 -2.41896
3.70255 -2.46277
3.92372 -2.46798
3.83711 -2.52309
3.49602 -2.50928
3.6501 -2.55583
3.86228 -2.57407
3.65254 -2.61308
3.88566 -2.62508
3.69469 -2.63893
3.42963 -2.63131
3.37272 -2.57094
3.08128 -2.59721
3.24535 -2.64318
3.52702 -2.65062
3.514 -2.66458
3.10995 -2.54836
2.80564 -2.51612
3.16779 -2.51265
2.93461 -2.46429
2.63912 -2.4278
2.91691 -2.41724
3.1422 -2.45754
3.12805 -2.4052
2.93264 -2.34656
2.72571 -2.3747
2.85152 -2.28344
2.50325 -2.35711
2.22867 -2.375
2.36843 -2.44987
1.99975 -2.4068
2.1042 -2.46344
1.77367 -2.43216
1.65143 -2.3618
1.89887 -2.33729
1.70373 -2.31002
1.46019 -2.29678
1.62131 -2.25982
1.92014 -2.28328
1.3853 -2.22545
1.36497 -2.14939
1.12369 -2.16467
1.14381 -2.25941
1.31439 -2.33607
1.0699 -2.31966
1.15312 -2.381
1.46003 -2.40523
1.33171 -2.42889
1.58056 -2.45571
1.87742 -2.48833
1.38495 -2.48248
1.09807 -2.44305
1.14234 -2.49058
1.30383 -2.51283
0.907746 -2.48214
0.831192 -2.44659
0.94364 -2.40403
0.751359 -2.40351
0.887437 -2.35431
0.676081 -2.34781
0.549566 -2.37883
0.640096 -2.4285
0.421193 -2.43765
0.649847 -2.47484
0.408729 -2.48852
0.155016 -2.47273
0.00371623 -2.49271
-0.0651405 -2.46772
0.036839 -2.41535
-0.173479 -2.42436
-0.0969793 -2.36519
0.0714173 -2.35347
0.176771 -2.38287
0.241179 -2.3216
0.34426 -2.37864
0.222381 -2.42292
0.474447 -2.32653
0.408581 -2.25558
0.652003 -2.27213
0.768986 -2.31654
0.887096 -2.2832
0.84284 -2.19823
0.54775 -2.18685
0.691597 -2.10055
0.393182 -2.0935
0.333719 -2.1905
0.220567 -2.24551
0.114854 -2.17421
0.0184827 -2.28657
-0.161061 -2.2238
-0.231151 -2.32053
-0.273677 -2.39507
-0.456411 -2.37119
-0.376638 -2.44574
-0.235209 -2.46398
-0.389834 -2.48895
-0.147938 -2.49781
-0.260748 -2.52444
-0.506934 -2.51266
-0.407679 -2.5492
-0.621168 -2.54293
-0.520705 -2.5656
-0.622327 -2.54911
-0.816777 -2.52747
-0.704336 -2.52037
-0.536095 -2.54291
-0.588338 -2.52191
-0.734872 -2.48879
-0.54011 -2.51036
-0.3808 -2.53351
-0.362646 -2.48604
-0.215605 -2.5204
-0.253659 -2.53153
-0.603376 -2.45246
-0.412421 -2.42243
-0.577034 -2.38597
-0.434643 -2.34092
-0.683714 -2.3293
-0.604291 -2.26863
-0.490314 -2.27231
-0.541458 -2.18354
-0.68854 -2.1902
-0.714898 -2.06142
-0.519094 -2.03325
-0.349931 -2.15452
-0.3258 -2.01918
-0.128037 -2.15052
-0.143915 -2.02296
-0.0228584 -2.10666
0.13484 -2.19463
0.0433064 -2.27714
-0.17695 -2.25555
-0.352218 -2.27554
0.262693 -2.28233
0.369191 -2.24283
0.466921 -2.26222
0.31915 -2.15511
0.11139 -2.09352
0.266667 -2.04458
0.0516567 -2.00191
0.168275 -1.91344
0.32506 -1.80391
0.0382509 -1.75417
0.270545 -1.63421
-0.194184 -1.68527
-0.176037 -1.80848
-0.313543 -1.79401
-0.263057 -1.90556
-0.0723642 -1.91085
-0.0633895 -1.99756
-0.0291815 -2.04628
-0.453799 -1.87532
-0.42067 -1.66901
-0.579534 -1.7376
-0.61057 -1.55796
-0.810606 -1.41669
-0.869936 -1.55096
-0.753422 -1.55017
-0.709134 -1.38068
-0.690573 -1.68848
-0.792839 -1.71345
-0.669171 -1.85927
-0.854869 -1.88871
-0.886864 -1.71737
-0.857543 -2.0524
-0.736635 -2.24793
-0.809871 -2.34219
-0.708895 -2.38531
-0.829494 -2.4149
-0.871431 -2.4954
-0.781369 -2.53687
-0.955444 -2.45498
-0.707716 -2.51191
-0.619111 -2.49136
-0.888744 -2.41459
-0.824416 -2.37839
-0.728173 -2.37995
-0.60927 -2.41225
-0.648513 -2.33173
-0.543935 -2.45769
-0.550624 -2.28167
-0.704202 -2.20487
-0.794127 -2.31357
-0.85441 -2.22755
-0.932863 -2.29755
-0.947347 -2.17525
-1.00042 -2.2155
-1.07027 -2.23266
-1.01184 -2.354
-1.13127 -2.2981
-1.07507 -2.40431
-1.17872 -2.33998
-1.25273 -2.24459
-1.32328 -1.95646
-1.29227 -2.11222
-1.2538 -2.09016
-1.21438 -2.21321
-1.1716 -2.1372
-1.24606 -1.9648
-1.16615 -1.98449
-1.10771 -2.09806
-1.02788 -2.12341
-1.07702 -1.95628
-0.962719 -2.03283
-0.852998 -2.11338
-0.851182 -1.93631
-0.986231 -1.85151
-0.900586 -1.70156
-0.778652 -1.79651
-0.681891 -1.93897
-0.650104 -1.75568
-0.552218 -1.8783
-0.516876 -1.99879
-0.615406 -2.09004
-0.471336 -2.10007
-0.344288 -2.04679
-0.392844 -1.91102
-0.17548 -1.95937
-0.226709 -1.78209
-0.474892 -1.7531
-0.364936 -1.61953
-0.582571 -1.50224
-0.773863 -1.60563
-0.771689 -1.37699
-0.889595 -1.41581
-1.00251 -1.52189
-0.992546 -1.70928
-1.08155 -1.70908
-1.16276 -1.80837
-1.25204 -1.69583
-1.28837 -1.79432
-1.31062 -1.86505
-1.19911 -1.58922
-1.22537 -1.33547
-1.26656 -1.05594
-1.16359 -1.15431
-1.12504 -1.4351
-1.04791 -1.24089
-0.978585 -1.35334
-0.958741 -1.18309
-0.839919 -1.09532
-0.961411 -0.903432
-1.02162 -1.01774
-1.06159 -0.781022
-1.11584 -0.961437
-1.1664 -0.675626
-1.22246 -0.864813
-1.2695 -0.574458
-1.32502 -0.763654
-1.48687 -0.189751
-1.52115 -0.0207893
-1.40071 0.00784359
-1.50421 0.217898
-1.41228 0.293549
-1.31591 0.290048
-1.37989 0.517841
-1.30756 0.515135
-1.31769 0.749069
-1.39798 0.686295
-1.43918 0.827553
-1.36795 1.06785
-1.50575 1.02785
-1.45156 1.21488
-1.36768 1.33383
-1.30486 1.26706
-1.30352 1.48396
-1.37752 1.622
-1.28528 1.72174
-1.29928 1.95352
-1.3478 1.81786
-1.38113 1.9439
-1.52567 1.55699
-1.44933 1.39203
-1.49769 1.2691
-1.53049 0.795138
-1.46733 0.65
-1.48266 0.451991
-1.36536 2.4116
-1.31568 2.64276
-1.29627 2.82886
-1.26927 2.84562
-1.30113 2.5738
-1.21298 2.78243
-1.18322 3.14527
-1.14094 3.03543
-1.07166 3.34038
-1.06753 3.03293
-0.972786 3.28904
-0.973198 3.55134
-1.00706 3.70808
-0.893963 3.81805
-0.892 3.52997
-0.833055 3.71897
-0.811576 3.49939
-0.738705 3.73904
-0.751247 3.44812
-0.665072 3.52464
-0.635455 3.88097
-0.527191 3.65022
-0.522028 4.06672
-0.392139 3.95115
-0.39286 4.33662
-0.517581 4.41049
-0.321242 4.40398
-0.602412 4.18915
-0.630419 4.46929
-0.702043 4.11794
-0.746232 4.37861
-0.695764 4.60531
-0.707653 4.77996
-0.660267 4.95413
-0.715985 4.98122
-0.780559 4.75235
-0.792954 4.5523
-0.8489 4.59409
-0.876931 4.39722
-0.835658 4.2916
-0.93227 4.07861
-0.860543 4.08143
-0.788578 4.17726
-0.799585 3.95323
-0.960268 4.4124
-1.02884 3.98201
-1.0207 3.81974
-1.10202 3.52772
-1.09389 3.73106
-1.15542 3.53182
-1.17496 3.33632
-1.23865 3.10762
-1.19178 3.3461
-1.25655 3.27877
-1.27886 3.26754
-1.22919 3.48775
-1.19427 3.47692
-1.13884 3.72273
-1.20059 3.73441
-1.2845 3.43656
-1.26779 3.62837
-1.24422 3.78766
-1.19002 3.96603
-1.08929 4.05481
-1.12853 4.16741
-1.05558 4.34379
-0.992921 4.55451
-0.926887 4.79439
-0.865292 5.09771
-0.838372 5.03592
-0.788633 5.23328
-0.799703 5.36921
-0.836496 4.82856
-0.640459 5.10094
-0.277325 3.99936
-0.319673 3.76411
-0.176799 3.85112
-0.293971 3.45299
-0.111765 3.55504
-0.160408 3.17051
0.00854707 2.88424
0.177684 3.16097
0.253272 2.85245
0.0969391 2.40669
0.334437 2.37955
0.188916 1.95664
0.4196 1.93874
0.290146 1.47648
0.561607 1.5881
0.597961 1.11151
0.882546 1.50461
0.679818 1.93634
0.965853 1.94672
0.80194 2.35322
0.546246 2.28642
0.576934 2.79188
0.957939 2.79269
1.15865 2.3252
1.22536 2.72188
1.47101 2.78102
1.36122 2.52018
1.52659 2.46658
1.61486 2.19678
1.41727 2.30403
1.40721 2.03542
1.63096 1.86531
1.77094 1.46534
2.14705 1.65842
2.21347 1.21947
2.41612 1.57459
2.66911 1.18193
2.70846 0.648909
1.83757 0.875449
1.90879 0.412633
1.6286 0.568891
1.47103 0.795748
1.32374 0.510736
1.597 0.313686
1.31322 0.0865792
1.80271 0.0663234
1.70108 -0.208427
1.89299 -0.517893
1.38731 -0.374697
1.45841 -0.728292
1.90295 -0.796613
2.32681 -0.74296
2.1241 -0.990398
2.56454 -1.00845
2.72611 -0.8219
2.79936 -1.26579
3.11284 -1.29613
2.99065 -1.39487
2.61903 -1.37476
2.35692 -1.23696
2.42846 -1.46889
2.04076 -1.41697
2.1854 -1.57734
2.47189 -1.67359
2.13317 -1.74334
1.82744 -1.62252
1.79975 -1.81313
1.54599 -1.7581
1.53227 -1.62567
1.5378 -1.44671
1.22956 -1.68292
0.993396 -1.52892
1.25603 -1.31607
1.53336 -1.21283
1.29594 -1.12275
0.903132 -1.28374
1.02656 -1.00944
0.709772 -1.14351
0.729895 -0.969177
0.973322 -0.74112
1.20987 -0.856768
1.341 -0.940795
1.65776 -0.996364
1.21423 -0.576093
1.00211 -0.43627
1.06225 -0.182654
0.850921 0.0608291
0.941401 0.340315
1.15459 0.366549
1.04963 0.558469
1.09223 0.947823
0.766712 0.661556
0.442297 0.702242
0.549465 0.338039
0.11179 0.462273
0.240132 0.959976
0.0540826 0.840019
0.00515056 1.21287
-0.113845 0.762462
-0.235282 1.04522
-0.195586 1.52274
-0.331012 1.23116
-0.356201 1.45666
-0.348451 1.75194
-0.465661 1.53206
-0.450751 1.23617
-0.584092 1.28018
-0.544064 1.00458
-0.671387 0.937864
-0.609186 0.66258
-0.424284 0.914312
-0.487772 0.577507
-0.328899 0.671428
-0.433058 0.389902
-0.593021 0.286428
-0.455689 0.0553732
-0.24765 0.391356
-0.187709 0.0507459
-0.38406 -0.33346
-0.127096 -0.264742
-0.243924 -0.507548
-0.0603526 -0.502678
0.147569 -0.306094
0.177863 -0.665112
0.330728 -0.42741
0.59468 -0.509048
0.514746 -0.829593
0.218872 -0.966536
0.415984 -1.11032
0.0911994 -1.1816
0.211862 -1.31815
0.486293 -1.32456
0.179514 -1.51919
0.564994 -1.52104
0.617167 -1.71822
0.887946 -1.7106
0.741575 -1.78938
0.598824 -1.88987
0.351347 -1.8371
0.278584 -1.97039
0.466966 -1.99456
0.134673 -2.06944
-0.113444 -2.0994
0.0274293 -1.99761
0.0623882 -1.86152
0.637278 -2.01661
0.889411 -1.95042
0.846225 -2.04864
1.1606 -2.0453
0.924785 -2.10056
1.24262 -1.87599
0.918337 -1.82133
1.57447 -1.87268
1.45336 -1.97731
0.280819 -1.70352
0.00923157 -1.70469
-0.143685 -1.58418
-0.0365665 -1.38785
-0.312369 -1.39492
-0.133391 -1.22946
-0.0372291 -0.996921
-0.284302 -1.09955
-0.197448 -0.7716
-0.442191 -0.912675
-0.499564 -1.19915
-0.681857 -1.18719
-0.597432 -0.984688
-0.722707 -0.874956
-0.862932 -0.666912
-0.719539 -0.564896
-0.566886 -0.672989
-0.603519 -0.308384
-0.38287 -0.64793
-0.778242 -0.257447
-0.643214 -0.0374216
-0.72473 0.0690335
-0.837129 0.0473882
-0.951802 -0.285355
-0.99022 -0.627664
-1.08811 -0.479755
-1.09423 -0.108239
-1.19045 -0.387062
-1.20464 -0.169395
-1.2831 -0.304055
-1.33603 -0.210798
-1.2799 -0.0272943
-1.41398 -0.272482
-1.44698 -0.45028
-1.51706 -0.44014
-1.48309 -0.332745
-1.1681 -0.00141056
-1.19174 0.232962
-1.12747 0.0936611
-1.06983 0.279294
-0.960434 0.12628
-0.925729 0.532373
-0.855703 0.326269
-0.733314 0.32925
-0.773083 0.613236
-0.812075 0.907528
-0.713787 1.17569
-0.818179 1.30335
-0.970122 0.921247
-0.971379 1.3386
-0.866738 1.71421
-0.75076 1.65961
-0.74901 1.98838
-0.62837 1.86068
-0.68078 1.47427
-0.573242 1.59974
-0.48514 1.84933
-0.504654 2.19997
-0.370834 2.11982
-0.373468 2.49646
-0.516964 2.58665
-0.638847 2.27099
-0.652032 2.63768
-0.756025 2.35189
-0.841982 2.11879
-0.828193 2.38082
-0.799051 2.72811
-0.923041 2.33132
-0.949887 2.67624
-0.885496 2.9466
-0.815809 3.07995
-0.727298 3.182
-0.668259 2.94989
-0.606233 3.25668
-0.545202 2.94755
-0.469254 3.30869
-0.375564 2.95433
-0.401511 3.61424
-0.79141 3.29126
-0.878532 3.23696
-0.971267 2.98395
-1.0717 2.67579
-1.04124 2.35771
-1.17245 2.25973
-1.1015 2.08817
-1.00867 2.07597
-1.09316 1.81038
-1.0065 1.88325
-1.00058 1.68444
-1.11436 1.4197
-1.09692 1.04794
-1.23071 1.09609
-1.19375 0.779868
-1.08832 0.767193
-1.13798 0.522904
-1.25118 0.511299
-1.03956 0.597633
-1.23063 1.37222
-1.2079 1.61722
-1.19983 1.91073
-0.94803 1.96415
-1.27321 2.24872
-1.18993 2.55043
-1.26531 2.49067
-1.1231 2.82142
-1.33456 2.29783
-1.4161 2.16166
-0.2161 2.71631
-0.259652 2.35571
-0.10899 2.39184
-0.222164 2.01715
-0.0326374 1.9232
-0.0374777 1.56295
0.0771046 1.62043
0.429704 -0.247081
0.740341 -0.21807
0.518893 0.00699243
0.284688 -0.0694837
0.295752 0.153975
0.0734227 0.00812554
1.88309 -1.20585
3.23359 -1.21964
1.47948 1.13195
1.23755 1.37233
1.47276 1.39586
1.40589 1.66275
1.1302 1.67182
1.20883 1.91923
1.65527 2.85609
-0.337727 -2.16116
-0.384449 -2.26853
-0.520049 -2.19569
-0.745675 -2.05864
2.28237 -2.30758
3.40004 -2.4271
3.30571 -2.47349
4.52194 -2.59748
4.77856 -2.56062
4.99821 -2.51407
6.15569 -2.29662
5.93246 -2.32408
6.19282 -2.17916
0.626246 7.14862
0.688479 5.35933
0.847784 5.10873
0.961441 4.9098
1.69132 5.51465
1.84283 5.30476
3.5662 2.88155
3.90462 1.7789
3.9895 1.49668
4.00814 1.14895
4.0987 1.67886
1.62654 8.1236
1.47384 8.1072
1.52498 8.25479
1.33347 8.24007
1.38875 8.39192
1.18224 8.33598
0.940559 8.28224
0.943359 8.19562
0.772103 8.13939
0.731993 8.23264
0.768051 8.33154
0.593206 8.2532
0.799561 8.44465
1.1456 8.52477
0.969274 8.49861
1.06499 8.41875
0.909462 8.40011
1.22436 8.44536
1.3298 8.52733
1.52629 8.50117
1.45443 8.64577
1.67135 8.59697
1.84458 8.72618
1.81202 8.64637
1.97067 8.63994
1.86069 8.54638
1.73661 8.43174
1.58069 8.37036
0.548901 8.02988
0.665606 8.02276
0.521197 7.90791
0.363023 7.89044
4.95294 8.93199
5.24404 8.83577
5.48644 8.7135
5.13635 8.79642
4.98924 8.79513
4.80334 8.88022
4.80624 8.76855
4.61038 8.89888
4.67329 8.98032
4.49234 8.98714
4.33982 9.03005
4.37203 8.92609
4.13733 8.9922
3.84239 8.97865
2.43771 8.76485
2.64845 8.72559
2.7206 8.6377
2.55068 8.63545
2.67068 8.53885
2.50012 8.5282
2.62223 8.446
2.47797 8.4109
2.53904 8.30293
2.41281 8.3101
2.27321 8.31552
3.0906 8.66283
3.31951 8.72465
3.22951 8.6021
3.38548 8.64717
3.52392 8.73561
3.73831 8.82393
3.68369 8.70455
3.51458 8.62982
3.63557 8.61373
3.81221 8.63807
3.89199 8.75855
3.9949 8.69424
4.15157 8.77791
3.98895 8.87493
4.19251 8.88849
4.32813 8.83734
4.53436 8.80789
4.40122 8.75238
4.54481 8.72836
4.30184 8.67488
4.12816 8.67379
2.75758 6.07567
4.92135 7.83619
5.01635 7.94814
5.03607 7.75129
5.21792 7.76564
5.17033 7.98966
5.3316 7.93416
5.21847 8.11534
5.39275 8.09218
5.48437 7.90761
5.4745 7.7124
5.63934 7.79874
5.56691 7.99177
5.70486 7.92035
5.65058 8.05062
5.75922 8.00085
5.78868 8.07309
5.89435 7.9171
5.81812 7.8651
5.92832 7.6602
6.04537 7.74834
6.02653 7.90904
6.20449 7.69989
6.14777 7.51748
6.30926 7.48127
6.34526 7.58175
6.3191 7.72157
6.15534 7.89168
6.26007 7.89488
6.38955 7.76101
6.4097 7.66672
6.47473 7.62886
6.58054 7.55153
6.5216 7.48437
6.61568 7.39596
6.56045 7.34251
6.55349 7.2164
6.45204 7.4295
6.41349 7.29792
6.38297 7.18307
6.28991 7.3234
6.30736 7.0978
6.19558 7.29631
6.17397 7.1129
6.31117 6.85095
6.01333 7.12961
6.05692 7.3625
5.90218 7.42044
5.78401 7.6289
5.78005 7.7825
5.65137 7.61287
5.75433 7.44531
5.5871 7.46304
5.71206 7.25177
5.85107 7.25453
5.85981 6.99734
5.65446 7.04974
5.76078 6.77132
5.84912 6.441
5.65354 6.56993
5.72818 6.24903
5.86197 6.22735
5.70166 5.91637
5.58019 6.16697
5.53557 6.3913
5.45508 6.2481
5.34403 6.4374
5.45775 6.65294
5.56221 6.85505
5.34194 6.91927
5.46803 7.10669
5.26876 7.22464
5.41554 7.27381
5.37439 7.46786
5.53793 7.27144
5.15418 7.02538
4.96745 6.92359
5.16364 6.7997
5.03042 6.61141
5.19246 6.56801
5.29765 6.68426
5.13718 6.25222
5.34326 6.20158
5.31246 6.03181
5.48062 6.01457
5.21146 5.90691
4.91125 6.40182
4.80215 6.64861
4.60154 6.54454
4.64246 6.74931
4.74238 6.92661
4.51112 6.68367
4.41754 6.49797
4.51127 6.34788
4.33295 6.25821
4.24274 5.98839
4.38343 5.92853
4.30202 5.76981
4.13781 6.16277
6.42498 7.58118
4.10228 4.48303
7.01079 -1.08755
7.0045 -1.27891
6.85092 -1.41429
6.96016 -1.4379
6.78072 -1.58063
6.52791 -1.65602
6.62187 -1.80095
6.41609 -1.81261
6.41401 -1.93773
6.58272 -1.9641
6.24465 -1.9066
6.08005 -1.86578
6.64071 -2.04214
7.5092 -1.54213
6.95055 1.9752
7.02519 2.10732
7.12437 1.8073
7.87947 -0.376933
7.8322 -0.61337
7.93251 -0.469353
7.93761 -0.626598
7.96316 -0.35491
8.0113 -0.683629
8.08034 -0.690568
7.81678 1.3125
7.7684 1.53285
6.61253 4.76355
6.42443 4.46172
6.53463 4.38674
6.30516 4.52879
7.13571 4.46446
7.14239 4.24745
7.24557 4.14981
7.25023 3.94073
7.28307 3.01393
7.25855 2.81495
7.38908 2.58787
7.11124 3.00939
7.17252 5.80321
8.24421 3.17346
8.17437 3.31753
8.10268 3.4098
8.13074 3.46007
8.16676 3.42408
8.12782 3.54961
7.97951 3.87248
8.04354 3.63121
7.90947 3.8682
8.0058 3.6092
8.01287 3.48468
7.94112 3.51193
7.93847 3.68079
7.77469 3.93989
7.8458 3.56236
7.9646 2.94906
7.77772 4.08878
7.82109 4.0918
7.87134 4.04994
7.79507 4.18431
7.63982 4.43241
7.73108 4.26467
7.67276 4.2717
7.56936 4.52404
7.60402 4.36235
7.47997 4.66057
7.4956 4.7726
7.43181 4.99183
7.41107 4.90198
7.36029 5.01356
7.9475 2.80177
8.04486 2.59863
7.98079 2.52532
8.00622 2.2089
8.01958 1.93089
8.05212 1.74181
7.98751 1.82315
7.99267 1.59523
7.94109 1.80084
7.92363 2.17909
7.88904 2.48783
7.7823 2.68141
7.81933 2.74221
7.89672 2.60984
7.93908 2.45743
7.72962 2.85723
8.30465 2.39213
8.32808 2.24081
8.25968 2.39467
8.27694 2.22871
8.27712 2.14983
8.29728 0.779397
8.26906 0.623178
8.28063 0.475247
8.29896 0.437831
8.10161 -0.498239
8.15326 -0.407844
8.16144 -0.39616
8.21833 -0.257366
8.25745 -0.137499
8.18513 -0.389339
4.40547 7.94227
4.30583 -2.32501
4.05992 -2.40954
-0.143915 -2.02296
-1.31769 0.749069
-1.37752 1.622
-0.893963 3.81805
-1.2799 -0.0272943
-1.2799 -0.0272943
