-8.2285 4.24934
-8.12378 4.56282
-7.64654 5.83871
-6.14009 8.85978
-5.4266 9.64551
-5.19225 9.82902
-4.97673 9.9711
-4.7233 10.0803
-4.24516 10.2222
-3.87718 10.1411
-3.09686 9.86678
-2.34461 9.18117
-2.2175 9.01557
-2.12533 8.87332
-1.92683 8.47699
-1.39185 7.05712
-1.31273 6.82178
-0.731677 5.00148
-0.979883 2.82188
-1.01492 2.7382
-1.1339 2.47561
-1.16842 2.41015
-1.2441 2.3156
-1.59152 1.8907
-2.15388 1.23831
-2.32457 1.06869
-2.48267 0.924133
-2.62233 0.801562
-2.76752 0.69007
-3.16583 0.40273
-3.33314 0.299156
-3.99127 0.0581914
-4.19074 0.0334235
-4.48392 0.00749838
-5.18206 -0.0492843
-5.31624 -0.0092724
-8.02284 1.05569
-8.49683 1.27317
-8.50602 1.32124
-8.53218 1.63524
-8.52184 2.77091
-8.46015 3.15374
-8.38698 3.56815
