-5.13844 9.84147
-2.91541 14.4081
-2.12755 15.046
-1.74637 15.2852
-1.55057 15.4021
-1.31332 15.4598
-0.582688 15.5235
0.375822 15.4373
0.582944 15.3339
1.16223 15.0065
1.42418 14.8384
1.81216 14.4735
2.01907 14.2283
2.23764 13.6319
2.32156 13.3042
2.8861 10.8103
2.953 10.469
3.03887 8.44392
2.98686 8.0479
2.68287 6.77148
2.6381 6.60287
2.48866 6.04664
0.57652 4.42618
0.452776 4.33014
0.348187 4.2619
0.193636 4.18319
0.159719 4.16969
0.0417995 4.15151
-2.61762 3.82103
-2.73391 3.86336
-4.74182 5.26032
-5.17363 6.23358
-5.25854 6.43389
-5.53899 7.51854
-5.61194 7.97696
-5.61995 8.1101
-5.58519 8.61825
-5.55447 8.80191
-5.50632 8.97743
-5.42137 9.23262
