3.99436 0.384935
4.06465 0.0842844
4.00073 0.203569
3.96915 0.0343578
3.83426 0.182646
3.83438 -0.0904212
3.63795 0.112376
3.7044 -0.270465
3.53967 -0.137224
3.41337 0.153014
3.43935 0.496448
3.27012 0.412844
3.2088 0.724005
3.03258 0.47274
3.24884 0.219467
3.07591 0.121111
2.85748 0.323938
2.66438 0.62116
2.6135 0.295671
2.26662 0.428728
2.41602 0.020361
1.98703 0.0329113
1.84643 0.395537
1.99313 0.711105
1.64638 0.642648
1.55083 0.333394
1.2544 0.476201
1.36637 -0.0403003
0.973185 0.0592308
0.919172 0.373662
0.625798 0.158905
0.735905 0.546367
0.987544 0.626752
0.863107 0.870037
0.518066 0.814667
0.723628 1.18657
0.404799 1.18773
0.58473 1.57407
0.201853 1.49009
0.356089 1.76726
0.119922 1.86954
0.354409 2.01251
0.52418 1.87795
0.523512 2.07284
0.646652 2.0033
0.671219 2.20125
0.443333 2.24018
0.589585 2.39676
0.835222 2.39973
0.636061 2.61536
0.36693 2.48369
0.427717 2.66477
0.501732 2.7871
0.195582 2.69974
0.348747 2.88718
0.0496453 2.89099
-0.115691 2.71544
-0.326832 2.82378
-0.113692 2.97925
0.0962956 3.12347
0.265138 3.01323
0.318242 3.14983
1.89936 2.74046
1.97025 2.73099
1.82583 2.74331
2.14887 2.69012
2.34103 2.57865
3.12898 1.83826
2.98072 1.98862
2.82165 2.1332
2.66746 2.27376
2.61306 2.18055
2.50651 2.42395
2.34452 2.34321
2.20838 2.54013
2.08447 2.46412
2.20775 2.23946
2.46261 2.15937
2.44708 1.99216
2.68456 1.9496
2.84936 1.96545
2.94047 1.75284
3.05482 1.789
3.18769 1.52834
3.24603 1.6714
3.35451 1.5312
3.56831 1.03802
3.45969 1.40381
3.52477 1.12281
3.4651 1.22704
3.60747 0.912648
3.26311 1.22315
2.99098 1.51334
2.95918 1.22223
2.76887 1.60823
2.81557 1.74153
2.65126 1.81817
2.52925 1.76667
2.59478 1.47302
2.28461 1.72212
2.37072 1.88893
2.20276 2.01305
1.89878 1.93167
1.99787 1.56239
2.34986 1.33012
1.99179 1.23378
1.80921 1.43888
1.64533 1.67351
1.60527 1.27727
1.24022 1.53377
1.29737 1.15486
1.03361 1.18303
0.9105 1.47947
1.01711 1.65374
0.849941 1.73901
1.05692 1.85535
0.829472 2.01097
1.04675 2.18458
0.84537 2.20782
1.07306 2.43635
1.29108 2.34256
1.19632 2.57573
0.951327 2.64735
1.09428 2.71732
1.22025 2.68658
1.15537 2.85186
0.944491 2.82502
0.965064 2.98455
0.750825 2.94129
0.764719 3.09076
0.995029 3.15165
0.807361 3.24264
1.17702 3.06016
1.34002 2.95433
1.66195 2.80605
1.48632 2.8501
1.75811 2.75818
1.83383 2.45022
1.508 2.47598
1.33837 2.72986
1.31175 2.56166
1.54031 2.17772
1.74498 2.21372
1.7072 2.07623
1.97775 2.16928
1.62522 1.96629
1.35489 1.97116
0.558936 3.21103
0.510918 3.02798
0.571681 2.89317
0.746509 2.8158
0.688915 1.84261
1.15097 0.870033
1.45838 0.901995
1.7955 0.960829
2.07984 0.965642
2.26747 1.07112
2.3127 0.807418
2.54577 0.99701
2.66759 1.1803
2.88706 0.881692
3.10828 0.942741
3.36705 0.94176
3.3327 0.914217
3.36705 0.94176
3.69057 0.812757
3.6471 0.69944
3.77454 0.70276
3.85814 0.586016
3.9257 0.484649
3.8591 0.380634
3.68572 0.451731
3.49959 0.701252
-1.20608 2.73535
-1.36855 2.63225
-1.34957 2.46611
-1.54056 2.45562
-1.59781 2.31858
-1.72329 2.30116
-1.80465 2.19014
-1.88408 2.0836
-1.80944 2.03272
-1.55808 2.17394
-1.73877 1.94843
-1.56623 1.89901
-1.25075 2.20458
-1.23992 1.9604
-0.842681 2.27768
-1.03701 2.3545
-1.14984 2.42042
-0.901047 2.5114
-1.02074 2.65756
-1.32952 2.31804
-0.747469 2.73902
-0.786682 2.89984
-0.608889 2.97595
-0.569656 2.78478
-0.308798 2.98724
-0.490671 3.00045
-0.230926 3.06963
-0.0747281 3.07327
-0.37088 3.0663
-0.998583 2.8269
-0.598672 2.60791
-0.334458 2.63269
-0.46213 2.47873
-0.157503 2.51936
-0.430586 2.21183
-0.743002 1.94834
-1.03277 1.84784
-0.895194 1.77701
-1.03751 1.6023
-1.21797 1.59406
-1.26831 1.34889
-1.46546 1.42446
-1.29085 1.70651
-1.51128 1.66904
-1.68493 1.39461
-1.83614 1.54873
-1.82216 1.7804
-2.01962 1.63897
-1.931 1.84905
-2.14044 1.74065
-2.03834 1.84427
-1.96046 1.96926
-1.52934 2.55992
-2.91441 0.0981536
-2.41492 1.17104
-2.30302 1.36176
-2.27665 1.33258
-2.24463 1.48105
-2.21712 1.64985
-2.12063 1.41415
-2.2541 1.11995
-2.05637 1.25055
-1.89497 1.16839
-2.10738 0.948802
-1.95842 0.837519
-1.84571 1.00884
-1.70946 1.15599
-1.78513 0.876357
-1.53899 1.05208
-1.68837 0.719458
-1.48934 0.76705
-1.31541 1.07447
-1.23997 0.880301
-1.01196 1.30775
-0.985632 0.990828
-0.741241 1.271
-0.694619 1.53839
-0.806949 1.6793
-0.49456 1.82229
-0.443984 1.54308
-0.399594 1.73238
-0.290491 1.78089
-0.124008 1.60028
-0.102119 1.878
-0.230761 2.01502
-0.0947607 2.26864
-0.0234728 2.06442
0.177593 2.2154
0.0950911 2.45907
-0.313256 1.31716
-0.0877979 1.24036
0.13883 1.14423
-0.0743305 0.853458
-0.387539 0.972119
-0.373633 0.657503
-0.621496 0.623425
-0.697735 0.856088
-0.886885 0.531237
-0.941316 0.76525
-1.08327 0.488624
-1.16441 0.660505
-1.25493 0.36532
-1.42247 0.466117
-1.40612 0.0951428
-1.10832 0.114379
-1.37636 -0.236682
-1.18539 -0.334085
-0.93401 -0.208607
-1.07564 -0.700754
-0.778989 -0.472994
-0.729418 -0.809681
-0.445584 -0.439193
-0.642395 -0.173775
-0.41525 -0.108397
-0.482115 0.115771
-0.273304 0.0957936
-0.233272 0.410536
-0.0298309 0.172763
0.168379 0.545963
0.23526 0.912743
0.469603 0.446387
0.2735 0.178294
0.326253 -0.164442
0.658791 -0.294502
0.327949 -0.484932
-0.0123421 -0.43514
0.0734901 -0.0796241
-0.187999 -0.133176
-0.305977 -0.924673
0.15182 -0.794944
0.00197561 -1.12443
0.388908 -1.08637
0.515891 -0.700703
0.73465 -0.920148
0.826033 -0.59922
1.01662 -0.32575
1.02399 -0.560176
1.25294 -0.5444
1.56616 -0.395094
1.68183 -0.120118
1.67596 0.13292
1.84379 -0.377877
2.19298 -0.344057
2.00621 -0.627187
1.80071 -0.6612
1.69473 -0.550198
1.56597 -0.755286
1.88573 -0.974423
1.52174 -1.1679
1.24075 -0.961607
1.14112 -1.40487
0.955976 -1.10558
0.897236 -1.31763
0.704411 -1.23415
0.773575 -1.52799
0.45587 -1.43688
0.14401 -1.37728
0.219365 -1.62929
-0.0648163 -1.63248
0.0782875 -1.94711
-0.291221 -1.91306
-0.215495 -2.24158
-0.514944 -2.22905
-0.398778 -2.6458
-0.734059 -2.58451
-0.593842 -2.97147
-0.825451 -2.9989
-0.923636 -2.7232
-0.995954 -2.44431
-1.07899 -2.91332
-1.27571 -2.61043
-1.30868 -2.99793
-1.51229 -2.84512
-1.47953 -2.34472
-1.68684 -2.56173
-1.72476 -2.96135
-1.85396 -2.74596
-1.95063 -3.11213
-2.02365 -2.72138
-1.86955 -2.37419
-2.04091 -2.41543
-2.19418 -2.63295
-2.23024 -3.06452
-2.3949 -2.87796
-2.4925 -3.22878
-2.57961 -3.05707
-2.73278 -3.35928
-2.71142 -3.01652
-2.52853 -2.76926
-2.66206 -2.70645
-2.48524 -2.43387
-2.34167 -2.52022
-2.3217 -2.21743
-2.15484 -2.23805
-2.22272 -1.91476
-2.44419 -2.04061
-2.31084 -1.64535
-2.53338 -1.67409
-2.61193 -2.05812
-2.72426 -1.96028
-2.73851 -1.62787
-2.85958 -1.90971
-2.92318 -1.59234
-3.04599 -2.08452
-3.09914 -1.68153
-3.02783 -1.38175
-2.90866 -1.10914
-3.06545 -1.1172
-3.15035 -1.40847
-3.15169 -1.22329
-3.21299 -1.31687
-3.22002 -1.49112
-3.22607 -1.65893
-3.24419 -1.95956
-3.34197 -1.83418
-3.29024 -1.58107
-3.45377 -2.0738
-3.38567 -1.9435
-3.41578 -2.22536
-3.33794 -2.26941
-3.20843 -2.25892
-3.13819 -2.47303
-3.02471 -2.57627
-2.87039 -2.22356
-2.83573 -2.50831
-2.73935 -2.23258
-2.64862 -2.38239
-2.78101 -2.69034
-2.80717 -2.91865
-2.94642 -2.88474
-2.92252 -3.23387
-3.10358 -3.16936
-3.11181 -2.94255
-3.21026 -2.79803
-3.24335 -3.10062
-3.34948 -3.00253
-3.37831 -2.73418
-3.27274 -2.50588
-3.3544 -2.50017
-3.42037 -2.4894
-3.5034 -2.77322
-3.51423 -2.56869
-3.5789 -2.81186
-3.57572 -2.66552
-3.56495 -2.51773
-3.50478 -2.37294
-3.46141 -2.34699
-3.54605 -2.35233
-3.50238 -2.21052
-3.60636 -2.96536
-3.62677 -3.12862
-3.50674 -3.07517
-3.59736 -3.28972
-3.53705 -3.41441
-3.40322 -3.30602
-3.47011 -3.53266
-3.41392 -3.6357
-3.26201 -3.38854
-3.10666 -3.46949
-3.25298 -3.65518
-3.10228 -3.76634
-2.9583 -3.60545
-2.78559 -3.76775
-2.58577 -3.53005
-2.46965 -3.80901
-2.37678 -3.44873
-2.28188 -3.62162
-2.15285 -3.42544
-1.93744 -3.49611
-1.70459 -3.35871
-1.7572 -3.78042
-1.48403 -3.71425
-1.43663 -3.30168
-1.6023 -3.12178
-1.19325 -3.73256
-1.18174 -3.30919
-1.05571 -3.54899
-0.94352 -3.34768
-0.583863 -3.51826
-0.863836 -3.79905
-0.54112 -4.06476
-0.695146 -4.2929
-0.968325 -4.0853
-0.893146 -4.4589
-1.1677 -4.13648
-1.32805 -3.93805
-1.45127 -4.17548
-1.14739 -4.44173
-1.24372 -4.72197
-1.62616 -4.54475
-1.84125 -4.1437
-2.00067 -4.4502
-2.09776 -4.13857
-2.10846 -3.80546
-2.30329 -4.05745
-2.22153 -4.26205
-2.38032 -4.23909
-2.29405 -4.44622
-2.12907 -4.79174
-1.76657 -4.85139
-1.84547 -5.16897
-2.14256 -5.13316
-2.35718 -4.88033
-2.40025 -5.08631
-2.62379 -4.77771
-2.45305 -4.61365
-2.70432 -4.45364
-2.52385 -4.32981
-2.71099 -4.1176
-2.93591 -4.30507
-2.9163 -4.02832
-3.05744 -4.04452
-3.15922 -4.33977
-3.22496 -3.95454
-2.98558 -3.8641
-3.26486 -4.12956
-3.31889 -4.02324
-3.36486 -3.71365
-3.40687 -3.82816
-3.33896 -4.19692
-3.42845 -4.13028
-3.44369 -3.92717
-3.52179 -4.00546
-3.51082 -3.96636
-3.56561 -4.08888
-3.6143 -4.17446
-3.71537 -4.52009
-3.69944 -4.38918
-3.6531 -4.59015
-3.61656 -4.46041
-3.59112 -4.67047
-3.5388 -4.64689
-3.54851 -4.41725
-3.59277 -4.25238
-3.53987 -4.21746
-3.47575 -4.32378
-3.48612 -4.6
-3.40709 -4.5573
-3.39742 -4.33868
-3.31526 -4.4832
-3.19413 -4.65515
-3.03773 -4.71741
-2.98612 -4.54121
-2.84881 -4.78285
-2.84119 -4.57074
-2.63718 -5.05342
-2.86339 -5.04812
-2.61705 -5.29886
-2.40715 -5.32507
-2.20006 -5.34067
-2.15158 -5.63486
-1.89701 -5.50498
-1.79709 -5.88143
-2.01218 -5.98475
-2.31693 -5.81233
-2.16708 -6.07177
-2.40072 -6.00752
-2.51817 -5.77836
-2.54282 -5.60215
-2.66689 -5.62421
-2.76222 -5.37814
-2.58744 -5.45337
-2.43297 -5.52609
-2.83101 -5.53731
-2.67298 -5.79341
-2.87376 -5.66179
-2.98612 -5.49003
-3.00083 -5.27487
-3.13167 -5.34533
-3.0307 -5.62925
-3.16215 -5.45903
-3.16375 -5.56853
-3.23022 -5.43759
-3.2351 -5.333
-3.29624 -5.33566
-3.30177 -5.25602
-3.39669 -5.16789
-3.36944 -5.34796
-3.45307 -5.23363
-3.48555 -5.04512
-3.53016 -5.02794
-3.49607 -5.18803
-3.52153 -5.14267
-3.59707 -4.92758
-3.59968 -4.79623
-3.65917 -4.6987
-3.69136 -4.65125
-3.6364 -4.93474
-3.6835 -4.7561
-3.64149 -4.92484
-3.66815 -4.84259
-3.55705 -5.04807
-3.60843 -4.98812
-3.52218 -5.09687
-3.50619 -5.24411
-3.58972 -5.10482
-3.50759 -5.28966
-3.58433 -5.09221
-3.46539 -5.30474
-3.40071 -5.46509
-3.36011 -5.44673
-3.25823 -5.64607
-3.25691 -5.56037
-3.26874 -5.48715
-3.18936 -5.66807
-3.09554 -5.73563
-3.07979 -5.87509
-2.9374 -5.90701
-2.81607 -5.8558
-2.74241 -6.06418
-2.59813 -6.04214
-2.36276 -6.24174
-2.17185 -6.22639
-2.16491 -6.35317
-2.22476 -6.38806
-2.37323 -6.37221
-2.17997 -6.4625
-2.01791 -6.46177
-1.97997 -6.54314
-1.74423 -6.58211
-1.77655 -6.46066
-1.60646 -6.56555
-1.44376 -6.54974
-1.60566 -6.38225
-1.92078 -6.24733
-2.00818 -6.3561
-1.70802 -6.16683
-1.45974 -6.31219
-1.30555 -6.4718
-1.22638 -6.34747
-1.45923 -6.11775
-1.17023 -6.20168
-1.01121 -6.3539
-0.95346 -6.23843
-0.736383 -6.37226
-0.793651 -6.12221
-1.0722 -6.03536
-0.93421 -5.74687
-1.28725 -5.77753
-1.30518 -6.00549
-1.55158 -5.80944
-1.57041 -5.50134
-1.5423 -5.20317
-1.29588 -5.48785
-1.31573 -5.24067
-1.44478 -4.94891
-1.16358 -5.13579
-0.894008 -5.09206
-0.96714 -4.72438
-0.658428 -4.90495
-0.622521 -4.6148
-0.340024 -4.84961
-0.521636 -4.55475
-0.426388 -4.45488
-0.148924 -4.64476
-0.307962 -4.303
-0.335072 -4.00505
-0.0827589 -4.32637
-0.133165 -3.79503
-0.340264 -3.19191
-0.0992684 -3.36151
-0.120787 -2.93016
-0.143675 -2.53583
0.0389183 -2.64682
0.0653485 -2.34315
0.138462 -2.5172
0.255796 -2.45713
0.385625 -2.19691
0.476834 -1.78658
0.647627 -2.01682
0.757596 -1.81059
0.964303 -1.72509
1.22247 -1.87066
1.53196 -1.56809
1.52891 -1.95088
1.75761 -1.75548
1.79862 -1.51423
1.7428 -1.31511
1.97147 -1.32489
2.16616 -1.12839
2.28631 -0.777355
2.44354 -1.15224
2.6749 -0.843775
2.60669 -0.393482
2.80407 -0.00420958
2.8983 -0.313987
3.07346 -0.212401
3.32992 -0.191739
3.20454 -0.514711
3.38996 -0.686833
3.56687 -0.571844
3.49996 -0.827937
3.45273 -1.10129
3.22256 -0.916555
3.29012 -1.26832
3.09034 -1.24088
3.21226 -1.53538
2.99879 -1.52486
3.08931 -1.87369
2.76619 -1.71471
2.78483 -1.26838
2.48674 -1.51236
2.45369 -1.85707
2.21759 -1.70942
2.17755 -2.0373
1.96274 -1.89364
1.89329 -2.26757
1.74084 -2.03072
1.57016 -2.32651
1.34709 -2.19322
1.29506 -2.60379
1.50486 -2.60396
1.68807 -2.68177
1.47364 -2.83079
1.58085 -3.1795
1.84093 -2.98478
1.98641 -2.63625
2.14295 -2.33634
2.26556 -2.5812
2.41634 -2.22078
2.50598 -2.51134
2.72566 -2.30921
2.64638 -2.01156
2.85429 -2.01676
3.00934 -2.23283
3.16896 -2.16293
3.30608 -2.07695
3.31629 -1.77919
3.49484 -1.89533
3.42266 -1.5113
3.59532 -1.58435
3.67508 -1.8928
3.76234 -1.55294
3.82305 -1.95535
3.95465 -1.57295
3.94738 -2.12768
4.03902 -1.96525
4.14988 -1.69995
4.10396 -1.25814
4.00138 -1.0766
4.08571 -0.937373
4.02961 -0.788258
4.10188 -0.707578
4.05066 -0.476767
3.92011 -0.776091
3.87194 -0.392386
3.76278 -0.640536
3.80371 -0.940024
3.68574 -0.926219
3.77071 -1.20534
3.62924 -1.24586
3.8483 -1.37703
3.88305 -1.16153
3.57048 -0.93904
3.53164 -1.3698
3.96405 -0.214743
4.09928 -0.146573
4.16941 -0.381916
4.21856 -0.258341
4.14577 -0.0787126
4.31812 -0.656736
4.26472 -0.454358
4.19334 -0.579845
4.25329 -0.858415
4.38309 -0.859079
4.23581 -1.25322
4.15633 -1.01358
4.16212 -0.808402
4.34625 -1.35852
4.46247 -1.3382
4.4775 -1.07182
4.69835 -3.23872
4.69474 -2.95646
4.69459 -2.67814
4.64553 -2.88215
4.6196 -2.51749
4.69358 -2.40528
4.63907 -2.13068
4.54757 -2.26933
4.51714 -2.58216
4.58038 -2.80042
4.49416 -2.89818
4.58466 -3.10295
4.48875 -3.2569
4.37709 -3.00841
4.41723 -3.37354
4.47622 -3.65005
4.57648 -3.50771
4.55542 -3.66691
4.56365 -3.8146
4.50827 -3.9725
4.44676 -3.91782
4.42954 -4.15308
4.36715 -3.89443
4.29435 -4.10131
4.33515 -4.39284
4.18028 -4.18183
4.23044 -3.99279
4.18158 -3.85862
4.07386 -3.80172
4.05136 -4.19948
4.11612 -4.38537
4.05004 -4.49447
4.19758 -4.57638
4.04583 -4.86071
4.23921 -4.91089
4.3922 -4.80699
4.34557 -5.0762
4.49058 -5.09402
4.65041 -4.81877
4.47718 -4.53722
4.64453 -4.52064
4.54186 -4.25337
4.62751 -4.29179
4.58846 -4.04355
4.66852 -4.06958
4.63191 -3.85818
4.69792 -3.79346
4.64764 -3.73174
4.60779 -3.69349
4.65438 -3.57982
4.71435 -3.51163
4.59759 -5.75557
4.61624 -5.67673
4.52576 -5.76438
4.58605 -5.88237
4.48453 -5.98567
4.41125 -5.83516
4.47008 -5.69323
4.41184 -5.62226
4.62525 -5.58885
4.50365 -5.46056
4.39658 -5.33519
4.23507 -5.55444
4.2547 -5.85232
4.07153 -5.78811
4.03893 -6.10823
3.86167 -5.97442
3.76575 -6.24033
3.66439 -6.1021
3.53119 -6.29335
3.40825 -6.08192
3.67801 -5.86885
3.48537 -5.77035
3.65665 -5.5445
3.87798 -5.68379
3.86653 -5.37956
3.67819 -5.21384
3.53886 -5.33301
3.41877 -5.04475
3.34367 -5.49349
3.01195 -5.19912
3.18152 -4.77443
3.35758 -4.74856
3.48425 -4.64124
3.66059 -4.84664
3.6507 -4.36859
3.83625 -4.66208
3.83973 -4.21585
3.68876 -3.82998
3.56534 -4.03319
3.54541 -3.74257
3.46405 -3.93297
3.46834 -4.26118
3.31801 -4.04673
3.4116 -3.57471
3.1334 -3.66288
3.08109 -4.32077
2.87843 -4.03534
2.82357 -3.53973
2.65184 -3.95738
2.55327 -3.61455
2.41835 -3.95776
2.34274 -3.65532
2.18917 -3.92245
2.14357 -3.52424
2.41572 -3.27352
2.12866 -3.028
1.85158 -3.43827
1.95525 -3.86247
1.75744 -3.84347
1.59243 -3.68233
1.35419 -3.5547
1.41441 -4.04399
1.13885 -3.86485
1.20089 -4.39195
0.938321 -4.09734
0.888946 -4.494
0.65772 -4.03531
0.84 -3.57065
0.39375 -3.44547
0.341593 -3.99749
0.106961 -3.64516
0.126788 -3.95648
0.22141 -4.33173
0.572643 -4.45628
0.522091 -4.83685
0.210678 -4.82788
0.0285489 -5.07174
0.37156 -5.33101
0.525483 -5.16724
0.717087 -5.54206
0.774954 -5.21998
1.02097 -5.54105
1.03638 -5.22151
1.40486 -5.41946
1.18121 -4.91724
0.825697 -4.88612
1.51025 -5.04464
1.84507 -5.17411
1.7187 -4.83501
1.4442 -4.7218
1.63831 -4.52422
1.44918 -4.41619
1.57798 -4.25937
1.77869 -4.19971
1.62057 -4.01605
1.88032 -4.54583
2.02823 -4.23488
2.26287 -4.27412
2.10493 -4.52393
2.32994 -4.6353
2.50067 -4.28882
2.6289 -4.55083
2.70376 -4.26098
2.83323 -4.40177
2.84315 -4.76468
3.31938 -4.47803
2.52984 -4.842
2.57834 -5.15974
2.71576 -5.42872
2.4643 -5.45346
2.20426 -5.35007
2.2434 -5.66176
1.86231 -5.56928
1.94907 -5.91835
1.59936 -5.81068
1.59284 -6.16774
1.25398 -5.8944
1.18426 -6.30487
1.06298 -6.04973
0.858218 -6.09974
0.940427 -6.39912
0.757535 -6.33769
0.567538 -6.12588
0.536763 -6.41827
0.259699 -6.13715
0.22577 -6.37491
0.0762449 -6.24378
0.0211005 -6.11431
-0.108655 -6.18942
-0.201442 -5.96816
0.039923 -5.96869
-0.0811356 -5.72158
-0.372941 -5.64225
-0.305705 -5.32242
-0.480692 -5.43297
-0.595758 -5.25417
-0.678895 -5.49576
-0.956764 -5.3825
-0.540822 -5.85783
-0.666837 -6.00209
-0.407647 -6.214
-1.13217 -5.40357
0.133248 -5.53121
-0.110083 -5.199
0.154902 -5.85919
0.348897 -5.89518
0.552474 -5.77416
-0.0421405 -6.33945
-0.172929 -6.44969
0.0992677 -6.49374
0.366128 -6.54135
0.237366 -6.62035
-0.045339 -6.58845
0.118887 -6.70692
-0.0987018 -6.67889
-0.309324 -6.61825
-0.275445 -6.69158
-0.490984 -6.65067
-0.611986 -6.56234
-0.410468 -6.4682
-0.962491 -6.51417
-0.760897 -6.64661
-1.10159 -6.62725
-1.26434 -6.62997
-1.43886 -6.61897
-1.21258 -6.65407
-1.09567 -6.66155
-1.04704 -6.69183
-0.8489 -6.6941
-0.86274 -6.73146
-0.57407 -6.73829
-0.544132 -6.70739
-0.359599 -6.73593
-0.172611 -6.72965
-0.0159865 -6.74707
0.0255868 -6.75115
0.252365 -6.73718
0.34223 -6.7092
0.528296 -6.68075
0.498977 -6.65376
0.726535 -6.6732
0.664742 -6.6033
0.527852 -6.57789
0.818596 -6.55573
0.803881 -6.64946
0.910337 -6.67473
1.05571 -6.61521
1.01565 -6.74841
1.1345 -6.75537
1.21154 -6.70277
1.25854 -6.5784
1.47246 -6.48391
1.40229 -6.70256
1.70405 -6.63417
1.74724 -6.41827
2.00484 -6.23805
2.00861 -6.50086
2.33255 -6.35647
2.45436 -5.98814
2.64416 -6.26856
2.97041 -6.08707
2.91191 -5.67247
3.24387 -5.82675
3.17802 -6.31854
3.37554 -6.29811
3.33068 -6.44781
3.57571 -6.51418
3.22561 -6.65052
3.05469 -6.52889
2.96667 -6.67446
2.73271 -6.60956
2.86509 -6.38956
2.57989 -6.46004
2.31843 -6.62275
2.54093 -6.75041
2.79971 -6.7582
2.65576 -6.8391
2.44151 -6.85175
2.31104 -6.77867
2.20265 -6.86464
2.38086 -6.90443
2.6023 -6.89838
2.46007 -6.93247
2.6044 -6.94385
2.78747 -6.90474
2.90736 -6.85507
2.98823 -6.87079
3.19502 -6.86448
3.1998 -6.81207
3.42607 -6.83527
3.41672 -6.71329
3.65301 -6.71713
3.78392 -6.55514
3.86402 -6.37739
3.95409 -6.47366
4.05117 -6.30099
4.13454 -6.18278
4.22051 -6.07346
4.2067 -6.2282
4.31308 -6.08873
4.32937 -5.96995
4.39306 -6.00676
4.36247 -6.1616
4.47014 -6.15717
4.49878 -6.05716
4.59276 -6.01087
4.5084 -6.21677
4.57913 -6.12558
4.4548 -6.3829
4.50552 -6.31668
4.44484 -6.3846
4.54067 -6.2316
4.43453 -6.32579
4.38965 -6.43108
4.32843 -6.42425
4.37432 -6.29162
4.23419 -6.37243
4.18013 -6.54386
4.2951 -6.53467
4.13228 -6.66671
4.20795 -6.66754
4.3416 -6.54646
4.23411 -6.66969
4.40944 -6.43576
4.23179 -6.67502
4.12185 -6.75602
4.10416 -6.75436
3.96443 -6.8426
3.98436 -6.8302
3.85879 -6.88777
3.77026 -6.89208
3.69782 -6.92294
3.55603 -6.9201
3.52126 -6.93617
3.29203 -6.93974
3.39393 -6.91357
3.18819 -6.91689
3.27016 -6.89262
3.42743 -6.88309
3.10887 -6.88647
3.59469 -6.90369
3.63915 -6.85395
3.81294 -6.86573
3.84252 -6.78529
3.87565 -6.62684
4.01784 -6.67544
3.98798 -6.77184
4.08782 -6.74593
4.05539 -6.52134
4.10297 -6.39147
3.05228 -6.90651
2.95681 -6.94347
2.93209 -6.90572
2.69541 -6.96065
2.64861 -7.00041
2.45167 -6.96991
2.41045 -6.98517
2.22476 -6.9454
2.19028 -6.97525
2.00499 -6.96385
2.00884 -6.9694
1.84339 -6.96834
1.90288 -6.92374
2.14173 -6.96573
2.08725 -6.91144
2.31599 -6.92531
2.36336 -6.96877
2.52653 -6.95252
2.58567 -6.98652
2.74097 -6.95207
2.79995 -6.98509
3.01853 -6.95782
3.33 -6.92114
3.0548 -6.93552
2.86507 -6.92498
2.86752 -6.91334
2.6061 -6.9316
2.57832 -6.90052
2.3275 -6.90515
2.14814 -6.88487
2.08275 -6.87505
1.92141 -6.87749
1.89511 -6.82669
2.13946 -6.83139
1.86646 -6.7926
1.68426 -6.79171
1.67939 -6.81752
1.51064 -6.78306
1.48506 -6.72911
1.68588 -6.73116
1.4592 -6.64767
1.26468 -6.66184
1.31044 -6.74207
1.081 -6.67676
1.11678 -6.74601
0.832261 -6.67934
0.919868 -6.74323
0.617019 -6.69688
0.763162 -6.77322
0.41983 -6.74262
0.651781 -6.82238
0.325772 -6.79021
0.519982 -6.82087
0.291707 -6.76142
0.349845 -6.77126
0.243181 -6.75563
0.165415 -6.73856
0.104782 -6.74392
0.0193694 -6.71659
-0.0913986 -6.71884
-0.147033 -6.74025
-0.255879 -6.72892
-0.240725 -6.69873
-0.482727 -6.68242
-0.331025 -6.75166
-0.629441 -6.72746
-0.78081 -6.65099
-0.9211 -6.65767
-0.908412 -6.71657
-1.2081 -6.69531
-1.05949 -6.63241
-1.32319 -6.67398
-1.46079 -6.67531
-1.49256 -6.67862
-1.71886 -6.6169
-1.77749 -6.60466
-1.54302 -6.65196
-1.21462 -6.68308
-1.94954 -6.57691
-1.9724 -6.59151
-2.07628 -6.57009
-2.20489 -6.53445
-2.07583 -6.5125
-1.75724 -6.56929
-1.83994 -6.51456
-2.06893 -6.46015
-2.30448 -6.42115
-2.2688 -6.35132
-2.50814 -6.30585
-2.42095 -6.24119
-2.62818 -6.179
-2.65475 -6.23641
-2.70383 -6.27547
-2.7647 -6.17353
-2.86719 -6.16699
-2.88976 -6.09597
-2.99808 -6.03605
-2.94612 -5.99146
-2.8207 -6.04844
-2.96139 -5.88348
-3.06356 -5.89043
-3.07625 -5.76567
-3.01617 -5.70089
-3.17468 -5.63209
-3.16344 -5.71644
-3.20273 -5.64827
-3.25853 -5.59175
-3.28717 -5.46322
-3.16633 -5.48672
-3.33119 -5.34617
-3.41897 -5.31513
-3.37026 -5.44505
-3.4418 -5.35516
-3.42793 -5.3855
-3.32843 -5.5184
-3.38684 -5.4405
-3.30953 -5.56448
-3.27815 -5.6185
-3.21913 -5.70321
-3.20077 -5.75525
-3.17176 -5.81628
-3.18104 -5.76471
-3.09102 -5.95052
-3.01052 -6.04631
-2.92578 -6.0605
-2.87854 -6.17673
-2.78909 -6.21749
-2.81505 -6.09237
-2.68663 -6.21623
-2.56352 -6.22824
-2.52776 -6.34707
-2.32233 -6.45626
-2.49949 -6.40887
-2.64099 -6.31222
-2.67359 -6.331
-2.44355 -6.46424
-2.33035 -6.483
-2.14512 -6.52493
-2.12713 -6.51036
-1.9975 -6.55269
-2.32124 -6.47298
-2.53735 -6.39726
-2.68556 -6.3181
-2.80018 -6.22968
-2.97375 -6.09181
-3.08512 -5.96206
-3.14293 -5.83402
-3.15069 -5.82809
-3.22313 -5.67776
-3.27337 -5.60123
-3.08331 -5.93677
-3.44226 -5.1711
-3.332 -5.18868
-3.23704 -5.1893
-2.92327 -5.15363
-2.79625 -5.12349
-3.04666 -5.18202
-3.14244 -5.18288
-3.08434 -5.34481
-3.21573 -5.29198
-2.98904 -5.53387
-2.87881 -5.69565
-2.82 -5.88112
-2.68463 -5.7806
-2.63369 -5.96138
-2.45516 -5.95281
-2.46621 -6.1088
-2.68654 -6.05187
-2.17048 -6.09385
-2.18918 -6.25283
-1.95615 -6.22272
-1.89069 -6.34419
-2.05624 -6.37995
-1.80231 -6.46188
-1.58323 -6.40537
-1.44482 -6.48138
-1.64155 -6.51743
-1.6355 -6.55271
-1.42745 -6.57886
-1.46458 -6.63728
-1.31345 -6.63727
-1.16743 -6.64745
-1.5512 -6.61714
-1.17442 -6.58949
-0.888973 -6.61366
-0.917633 -6.64368
-0.691988 -6.64648
-0.604467 -6.64146
-0.48296 -6.66613
-0.403076 -6.65242
-0.223802 -6.6624
0.0394572 -6.73161
-0.042647 -6.72415
0.226659 -6.74049
0.0923985 -6.70203
0.220503 -6.65645
-0.154216 -6.63324
-0.448106 -6.62295
-0.473916 -6.64265
-0.687862 -6.60441
-0.733914 -6.54675
-0.41373 -6.5786
-0.558858 -6.47386
-0.157205 -6.54623
-0.32055 -6.45285
-0.0749457 -6.48117
0.211932 -6.56928
0.508428 -6.64282
0.482788 -6.57412
0.679528 -6.63253
0.874709 -6.62723
0.679823 -6.58173
0.889292 -6.54103
1.06255 -6.61707
1.18799 -6.52576
0.941575 -6.40547
0.765204 -6.44493
0.67303 -6.50006
0.571535 -6.41837
0.787807 -6.28167
0.451516 -6.30969
0.316987 -6.39543
0.466288 -6.49828
0.17623 -6.46874
0.0445329 -6.35725
-0.0692622 -6.39325
-0.224498 -6.32585
-0.11516 -6.24917
-0.47117 -6.21613
-0.190757 -6.1202
-0.58602 -6.09007
-0.665967 -5.97627
-0.755122 -6.03717
-0.850759 -6.11273
-0.922055 -5.96097
-1.23232 -6.01675
-1.29092 -5.88789
-1.58911 -5.91196
-1.53385 -6.05821
-1.87399 -5.97241
-1.84194 -5.87619
-2.06894 -5.80528
-2.21568 -5.92333
-2.02412 -6.03259
-1.78279 -6.1275
-2.35206 -5.75568
-2.4702 -5.82949
-2.56114 -5.68346
-2.39484 -5.60219
-2.20219 -5.66609
-2.20628 -5.51614
-1.98502 -5.64455
-1.80633 -5.7699
-1.70093 -5.61186
-1.50748 -5.77674
-1.44178 -5.72408
-1.35483 -5.80735
-1.17976 -5.84204
-0.426136 -6.04709
0.294287 -6.17758
0.0490946 -6.16048
0.319314 -6.21823
0.540963 -6.19525
0.182597 -6.29193
0.947843 -6.24813
1.10487 -6.35434
1.16899 -6.20568
1.28126 -6.37443
1.46575 -6.48865
1.69408 -6.60126
1.7163 -6.44248
1.93855 -6.5712
1.95584 -6.72913
2.23863 -6.67439
2.1824 -6.77847
2.42125 -6.81447
2.42381 -6.87977
2.65277 -6.88436
2.72715 -6.84282
2.86786 -6.89568
3.10131 -6.90585
3.15019 -6.90913
3.34124 -6.90579
3.5041 -6.91433
3.64448 -6.8988
3.63665 -6.88699
3.51612 -6.88521
3.67143 -6.80229
3.79174 -6.85012
3.91323 -6.72677
3.99056 -6.79971
4.07892 -6.69007
4.1445 -6.70313
4.1757 -6.63329
4.26248 -6.61972
4.24073 -6.56119
4.34662 -6.47784
4.26371 -6.47785
4.17478 -6.47321
4.16593 -6.57423
4.05909 -6.60639
4.07035 -6.45152
3.95058 -6.6099
3.91946 -6.5163
3.8029 -6.64357
3.74647 -6.53155
3.5825 -6.6625
3.37995 -6.82859
3.2938 -6.62556
3.08376 -6.79357
2.86603 -6.65568
2.85333 -6.78391
2.6001 -6.73188
2.4737 -6.58584
2.15131 -6.52016
2.32255 -6.41108
2.688 -6.48338
2.57696 -6.25475
2.86751 -6.29021
3.03812 -6.50262
3.20008 -6.31696
3.29203 -6.47124
3.45811 -6.49134
3.5584 -6.52663
3.71058 -6.33094
3.83853 -6.3766
3.95867 -6.41987
3.53666 -6.23846
3.3536 -6.15401
3.24307 -6.16736
3.16116 -6.08979
2.95855 -6.05011
2.74806 -6.02925
2.5299 -6.02637
2.73485 -6.15148
2.31728 -6.16975
2.3056 -6.03804
2.07721 -6.06149
2.08573 -6.24203
1.84778 -6.08992
1.61916 -6.12586
1.39286 -6.16361
-2.48784 -5.19747
-2.31909 -5.27343
-2.52127 -5.2603
-2.63981 -5.14954
-2.76454 -5.36556
-2.46685 -5.44705
-2.57495 -5.53686
-2.68536 -5.58699
-2.84133 -5.56939
-2.9511 -5.41587
-2.33283 -5.39834
-2.13142 -5.36821
-1.92487 -5.48253
1.47876 -6.29595
1.70832 -6.25967
1.88017 -6.34229
1.93572 -6.46178
2.0611 -6.41011
3.43104 -6.3804
2.93769 -6.85585
3.84314 -6.86344
-1.49536 -6.14468
-1.44662 -6.225
-1.2091 -6.16196
-1.12164 -6.29331
-0.783163 -6.26341
-0.835976 -6.38921
-0.536407 -6.38092
-0.932595 -6.44809
-1.10393 -6.39763
-1.26024 -6.42847
-1.09996 -6.48897
-1.23262 -6.53326
-0.972948 -6.56209
-1.37135 -6.35657
-1.68128 -6.28079
-0.458831 -6.3097
-0.280805 -6.39803
0.334932 -6.52989
-0.601524 -6.76099
-0.389725 -6.7767
-0.300185 -6.74561
-0.0958347 -6.73582
0.180633 -6.75391
0.259784 -6.74342
0.35161 -6.7552
0.456668 -6.71725
0.476837 -6.75435
0.641466 -6.74038
0.640963 -6.6943
0.729437 -6.68916
0.809375 -6.73291
0.895611 -6.73489
0.878905 -6.68737
1.09606 -6.80987
1.18257 -6.83571
1.24236 -6.85735
1.23094 -6.87999
1.10838 -6.83356
1.16431 -6.84431
1.24638 -6.85817
1.40671 -6.93522
1.37145 -6.9326
1.61555 -6.97179
1.4552 -6.90413
1.30837 -6.88343
1.31106 -6.86129
1.25981 -6.79595
1.39105 -6.82012
1.56261 -6.79776
1.64662 -6.89282
1.81364 -6.78732
1.98139 -6.67113
2.0909 -6.76218
1.97106 -6.85104
1.79628 -6.89992
1.91922 -6.88682
1.83572 -6.92629
1.81422 -6.96879
1.6984 -6.99092
1.55897 -6.9734
1.64994 -6.91902
1.43808 -6.89099
1.45241 -6.83542
1.30374 -6.82634
1.1093 -6.80162
1.24121 -6.807
1.01788 -6.79696
0.900822 -6.79806
0.963387 -6.79949
0.830546 -6.80413
0.723324 -6.80986
0.862278 -6.77833
0.693436 -6.78257
0.548677 -6.78472
0.794129 -6.75613
0.912225 -6.76591
0.988787 -6.77677
1.05104 -6.80447
1.14152 -6.7911
1.39308 -6.79699
1.66758 -6.85439
1.92797 -6.91743
1.99378 -6.89499
2.06954 -6.92497
2.24942 -6.91255
2.05277 -6.8791
0.148384 -6.73288
2.489 -6.9576
3.01888 -6.7707
2.563 -5.64415
-0.232472 -6.53611
0.778711 -5.82674
0.952493 -5.83977
2.25114 -5.01467
2.01959 -4.8137
0.0713776 -3.26841
0.154508 -2.98215
0.379236 -2.95021
0.651146 -3.04019
0.486445 -2.6065
0.233885 -2.6835
0.801044 -2.64129
0.694506 -2.30272
0.916264 -2.35584
0.907125 -2.03912
1.12277 -2.2638
1.03142 -2.5669
1.00725 -2.99562
1.30245 -3.09814
1.12457 -3.42526
2.44087 -2.83303
2.64444 -3.01234
2.6845 -2.67738
2.82899 -2.88555
2.92676 -2.59855
3.02368 -3.05379
3.2275 -2.50864
3.33151 -3.09335
3.47907 -2.68618
3.46603 -2.28308
3.61907 -2.44096
3.60529 -2.14191
3.72459 -2.21782
3.74104 -2.52701
3.84326 -2.3658
3.82676 -2.78752
3.97231 -2.61132
4.04493 -2.29933
4.12852 -2.66942
4.12208 -2.15664
4.22405 -2.36009
4.20072 -1.98913
4.29468 -1.70301
4.29233 -2.10164
4.39373 -1.91407
4.4134 -1.60671
4.48541 -1.76923
4.48191 -1.55891
4.55469 -1.5231
4.57943 -1.38974
4.61586 -1.73453
4.61501 -1.83968
4.55894 -1.93524
4.6751 -1.94761
4.69778 -2.13745
4.57205 -1.2348
4.4692 -2.08019
4.45054 -2.36986
4.377 -2.22335
4.39514 -2.43313
4.33375 -2.506
4.42437 -2.63836
4.26159 -2.78774
4.28679 -3.08697
4.324 -3.44291
4.21168 -3.09735
4.17507 -3.49324
4.11882 -3.10876
4.04488 -3.33147
3.93916 -3.54712
3.93588 -3.0876
4.04084 -2.95814
3.7838 -3.31441
3.84243 -3.77902
3.58646 -3.35733
3.65683 -2.86258
3.51065 -3.02724
3.46545 -3.24291
3.94957 -3.97878
3.964 -4.29602
3.94539 -4.5229
4.2611 -3.80444
2.80648 -3.15132
2.65674 -3.31078
3.85767 -5.04845
4.01061 -5.21852
4.20091 -5.23293
4.0567 -5.48981
4.54824 -5.30216
4.70414 -5.06673
4.66685 -5.32527
4.6856 -5.19138
4.63219 -5.46323
1.98982 -1.59894
2.21635 -1.40319
2.96884 -0.919973
2.89091 -0.588498
3.08056 -0.673588
3.0458 -0.449668
-3.53938 -4.85793
-3.46662 -4.87797
-3.42226 -4.76898
-3.36361 -4.98566
-3.29536 -4.78482
-3.19492 -5.08182
-3.08178 -4.95325
-2.94008 -5.1616
-3.27711 -5.19318
-3.64992 -4.2728
-2.49441 -4.11046
-3.17252 -1.05401
-3.07565 -0.800822
-2.92447 -0.329798
-2.91694 -0.107467
-2.75936 0.331361
-2.71763 0.54369
-2.61754 0.43362
-2.65041 0.729272
-2.48159 0.611123
-2.45508 0.911744
-2.54145 0.960128
-2.30114 0.76655
-2.15281 0.531489
-2.34255 0.469442
-2.47267 0.248652
-2.29528 0.18642
-2.40453 -0.00722909
-2.29738 -0.164235
-2.09202 -0.0184085
-1.9017 0.489946
-1.84013 0.0576874
-1.67478 0.426466
-1.62062 0.0850865
-1.74034 -0.316869
-1.55472 -0.179249
-1.55819 -0.472528
-1.36371 -0.593085
-1.53458 -0.760139
-1.38136 -0.97724
-1.18003 -1.07886
-0.976542 -1.04675
-1.11701 -1.34859
-0.755965 -1.23595
-0.426907 -1.32559
-0.221452 -1.18669
-0.15683 -1.3755
-0.382359 -1.62177
-0.727653 -1.63352
-0.604499 -1.91995
-0.895849 -2.01456
-0.762317 -2.21915
-1.20172 -2.13428
-1.01536 -1.80717
-1.23335 -1.72817
-1.43805 -2.02815
-1.52739 -2.15319
-1.639 -2.09651
-1.48851 -1.72658
-1.70419 -1.66019
-1.52658 -1.34527
-1.77616 -1.25866
-1.6233 -1.00608
-1.77966 -0.935769
-1.89 -1.01059
-1.88689 -0.671949
-1.69853 -0.702048
-1.93478 -0.294183
-2.06103 -0.511754
-2.21599 -0.438584
-2.16748 -0.728616
-2.03986 -0.914208
-2.19758 -1.01335
-2.10423 -1.20556
-1.96964 -1.25059
-2.10645 -1.53873
-1.90876 -1.58526
-2.03386 -1.88673
-1.85727 -1.9526
-1.98457 -2.16215
-2.23141 -1.32449
-2.37117 -1.41933
-2.34395 -1.13888
-2.32357 -0.765689
-2.49981 -0.997023
-2.47463 -0.605338
-2.3472 -0.448994
-2.43809 -0.280095
-2.58194 -0.425998
-2.54071 -0.0921295
-2.72448 -0.227672
-2.70422 -0.593427
-2.8574 -0.651157
-2.75203 -0.90534
-2.97602 -0.846879
-2.96732 -0.562465
-2.7724 -1.27078
-2.65299 -1.05361
-2.61507 -0.757178
-2.6124 -1.327
-2.46978 -1.31252
-2.62403 0.139131
-1.31585 -1.25892
-1.34225 -1.48978
-0.974971 -1.55282
1.00639 -0.782196
-0.548825 0.371433
-0.733592 0.0781089
-0.814091 0.302127
-0.910215 0.067896
-0.785334 1.01896
-0.557153 1.17307
-1.66535 2.45277
