5.38463 2.72018
5.21609 2.74372
5.53502 2.61017
5.26611 2.60332
5.50706 2.45212
5.8349 2.41598
5.67851 2.54725
5.77308 2.5085
6.53562 1.80938
6.43247 1.8902
6.62698 1.67304
6.68929 1.50064
6.3898 1.82665
6.32594 1.96138
6.12225 2.06753
6.36756 1.70286
6.1611 1.83735
6.26748 1.6419
6.14018 1.61631
6.28404 1.51493
6.20804 1.41491
6.08968 1.38397
5.92893 1.61858
5.93879 1.25529
6.12901 1.10396
6.03959 0.98405
5.8941 0.933737
5.74569 1.22151
5.68795 0.965783
5.55094 1.23555
5.59793 1.45084
5.43083 1.47972
5.46314 1.65801
5.32619 1.69145
5.32005 1.8796
5.47061 1.84501
5.36788 2.0655
5.58629 1.94332
5.45457 2.20744
5.25474 2.30748
5.45964 2.32387
5.26174 2.43696
5.68035 2.31128
5.6027 2.22394
5.77362 2.16932
5.90001 2.26059
5.9862 2.14795
6.22638 2.03733
6.04788 2.10875
6.01428 1.88048
5.81291 1.9457
5.73635 1.73691
5.75422 1.49339
5.60089 1.68295
5.64642 2.09976
5.05754 2.36006
5.13659 2.15207
4.96056 2.29041
4.94757 2.13599
5.13862 1.88058
4.94718 1.94604
4.74949 2.07319
4.87886 1.84785
5.04496 1.73198
4.91821 1.63252
4.75014 1.81356
4.71384 1.53601
4.97797 1.34055
4.82576 1.17391
5.02676 1.09768
4.95099 0.964354
4.78768 0.909441
4.70723 1.08669
4.62244 0.996236
4.58347 1.24454
4.41652 1.00026
4.61475 0.694937
4.3697 0.615055
4.54601 0.350688
4.37393 0.222469
4.61894 -0.105902
4.38941 -0.0595525
4.44754 -0.220113
4.31775 -0.252557
4.21839 0.0460919
4.10581 -0.249317
4.01802 0.138584
3.87615 -0.0542208
3.93841 -0.449281
3.71799 -0.338579
3.68173 0.0727106
3.79164 0.251251
3.66576 0.36657
3.75077 0.486394
3.61965 0.707807
3.50025 0.299039
3.38638 0.694207
3.29039 0.381338
3.19748 0.707916
3.25764 0.998575
3.0556 0.998098
3.14577 1.22794
3.29123 1.30169
3.13484 1.47906
2.95109 1.33675
2.95589 1.62886
2.73847 1.43701
2.73494 1.73141
2.93198 1.87405
2.7709 2.04086
2.94983 2.06449
2.85263 2.11486
2.91282 2.19318
2.95406 2.2969
3.01198 2.3511
2.63891 1.8988
2.54754 1.72881
2.56128 1.50928
2.45131 1.56161
2.37276 1.38922
2.28284 1.24495
2.11989 0.925589
2.03344 0.747822
1.95585 0.556525
1.91373 0.377165
1.3707 -1.00634
1.28491 -3.41244
1.26896 -3.32127
1.31247 -3.37261
1.27135 -3.23962
1.22577 -2.62021
1.21855 -2.37827
1.21665 -2.15089
1.20263 -1.92685
1.23169 -1.73372
1.27231 -1.67112
1.25898 -1.53863
1.29507 -1.36144
1.34959 -1.19102
1.40667 -1.29769
1.4704 -0.840663
1.56243 -0.658982
1.73211 -0.219391
1.80375 0.000165761
1.86952 -0.0266906
2.01321 0.180814
1.89809 0.165112
2.06169 0.270078
2.09261 0.437509
2.15461 0.738102
2.30201 0.544017
2.38081 0.876862
2.22768 1.05968
2.51612 1.20829
2.61188 0.977273
2.74461 1.18677
2.77584 1.0423
2.88688 1.10995
2.89584 0.840088
3.04935 0.699029
2.94775 0.46242
2.8094 0.620095
2.7827 0.33283
2.6707 0.556395
2.7218 0.838002
2.52954 0.707798
2.50016 0.44662
2.31136 0.242852
2.17965 0.343122
2.13485 0.214002
2.1149 0.0281243
1.95787 -0.0747028
2.05608 -0.292293
2.23873 -0.107418
2.20587 -0.357458
2.30452 -0.287137
2.38487 -0.0817295
2.47216 0.141976
2.55673 -0.183293
2.40129 -0.338264
2.45872 -0.574542
2.60457 -0.535095
2.75729 -0.325344
2.72093 0.0243321
2.8898 0.0546159
2.62181 0.227897
2.96538 -0.284091
3.00912 -0.0268579
3.04637 0.182071
3.11119 -0.059433
3.18137 0.182383
3.31964 -0.0667356
3.12646 0.441134
3.14128 -0.364279
3.00204 -0.638877
2.84957 -0.596663
2.85682 -0.970486
2.70333 -0.722916
2.66549 -1.0259
2.54552 -0.848395
2.52653 -1.25936
2.34708 -0.965999
2.3537 -1.35702
2.18972 -1.29249
2.1376 -0.910918
2.27568 -0.568323
2.10049 -0.573507
2.00744 -0.800473
1.98687 -1.07082
1.86024 -0.92129
1.94202 -0.598817
1.79631 -0.639658
1.67966 -0.875769
1.72498 -1.18348
1.59547 -1.15361
1.66444 -1.34349
1.59792 -1.50466
1.4907 -1.42995
1.48951 -1.07611
1.40822 -1.57768
1.44501 -1.7176
1.36825 -1.83951
1.33793 -1.60168
1.28893 -1.86219
1.32586 -2.0766
1.26637 -2.05612
1.29001 -2.26476
1.369 -2.32551
1.39207 -2.11148
1.44359 -2.31914
1.49024 -2.11253
1.51628 -2.40991
1.57813 -2.24026
1.60518 -1.89153
1.50072 -1.86511
1.52617 -1.67861
1.43171 -1.92989
1.72409 -1.52982
1.77642 -1.9527
1.84317 -1.59471
1.9502 -1.82246
2.00004 -1.41315
1.85548 -1.27634
2.08398 -1.16431
2.12327 -1.7213
2.27882 -1.59079
2.26241 -1.92986
2.44636 -1.74551
2.3644 -2.302
2.54109 -2.16455
2.60651 -1.88273
2.63911 -1.6102
2.73191 -1.31608
2.83027 -1.69148
2.91955 -1.35948
3.01318 -1.15014
3.06197 -0.913791
3.16747 -1.11285
3.21594 -0.894714
3.17136 -0.668452
3.34081 -0.7248
3.29281 -0.454164
3.48698 -0.454112
3.54366 -0.0959636
3.65568 -0.680654
3.834 -0.723381
3.69789 -1.05641
3.51626 -0.834089
3.52141 -1.0594
3.36239 -1.03379
3.4848 -1.30698
3.28017 -1.28607
3.29076 -1.59935
3.11176 -1.36457
3.04643 -1.66205
3.18383 -1.90906
3.44036 -2.03824
3.52403 -1.6511
3.71986 -1.85923
3.69908 -1.46631
3.85838 -1.32034
3.97413 -1.0651
4.01677 -1.40292
4.23605 -1.30843
4.17184 -0.884921
4.00284 -0.745233
4.09947 -0.586514
4.29243 -0.594076
4.4497 -0.991093
4.46739 -0.714257
4.49435 -0.461322
4.66297 -0.788074
4.69659 -0.517312
4.92697 -0.494288
4.96768 -0.0606395
4.78625 0.323377
5.01515 0.244802
4.96387 0.498671
4.81831 0.638048
4.95718 0.752528
5.0892 0.621616
5.12619 0.856858
5.24753 0.58479
5.35994 0.804981
5.21403 1.13277
5.46789 1.0318
5.34915 1.31665
5.13017 1.45776
5.24189 1.58718
5.59164 0.71871
5.82878 0.63533
5.71692 0.35834
5.46243 0.446188
5.59454 0.050633
5.40276 0.194807
5.29908 0.345722
5.24024 0.0735972
5.13983 0.397036
5.41989 0.0347843
5.44545 -0.182624
5.69645 -0.383793
5.84102 -0.16801
5.78977 0.0937839
5.96991 0.00388259
5.84624 0.199728
5.91536 0.301714
6.12011 0.119293
6.0267 0.435047
5.97446 0.670596
6.06283 0.762674
6.09826 0.549578
6.22459 0.562999
6.1909 0.833803
6.38965 0.599326
6.31041 0.932835
6.50896 0.744418
6.40954 1.05507
6.56762 0.923618
6.4839 1.15939
6.63702 1.06412
6.48558 1.34213
6.34874 1.29814
6.38441 1.53598
6.52371 1.48074
6.6696 1.30776
6.77066 1.36781
6.81395 1.23981
6.86458 1.23858
6.93137 1.0995
6.89849 1.02873
7.10913 0.86228
6.96566 1.12645
7.0444 0.999839
7.40511 0.305913
7.31306 0.500394
7.23314 0.616326
7.27837 0.504241
7.19263 0.500118
7.37766 0.293676
7.36883 0.115119
7.23272 0.210244
7.3898 -0.178817
7.17381 0.120195
7.01083 0.480855
7.02952 0.188554
6.87256 0.440516
6.91149 0.241954
6.79516 0.397279
6.74936 0.56472
6.67808 0.515287
6.64416 0.703008
6.75364 0.741184
6.58869 0.434814
6.79409 0.225419
6.68066 0.187818
6.52837 0.325613
6.40746 0.317267
6.60726 0.0894804
6.47785 0.0316069
6.24198 0.276217
6.37457 -0.106827
6.21668 -0.210261
6.41376 -0.389573
6.32003 -0.564653
6.59051 -0.654519
6.55366 -0.382827
6.70279 -0.535629
6.66297 -0.364057
6.82999 -0.473314
6.66902 -0.182615
6.55554 -0.202673
6.86522 -0.156338
7.03243 -0.548905
7.07464 -0.396365
7.04004 -0.246576
7.03316 -0.0547509
7.17659 -0.376673
7.19056 -0.234078
7.19411 -0.0993592
7.32952 -0.39994
7.49979 -0.553994
7.63919 -0.605621
7.59214 -0.298361
7.4735 -0.0996605
7.5352 -0.0403911
7.74888 -0.300879
7.64187 -0.081594
7.52119 0.113483
8.02382 -0.804556
8.15513 -1.18075
8.15503 -1.09149
8.2226 -1.33484
8.21708 -1.29846
8.27924 -1.49095
8.29076 -1.56046
8.32896 -1.70508
8.32769 -1.81195
8.25598 -1.50688
8.28741 -1.75114
8.42353 -2.11368
8.36221 -1.98996
8.28228 -1.87931
8.37086 -2.25285
8.27282 -2.13163
8.21345 -1.91151
8.1542 -1.68347
8.20546 -1.54084
8.07973 -1.30434
8.00869 -1.46291
8.0818 -1.8051
8.18975 -1.99328
8.17353 -2.19277
8.26435 -2.30859
8.25331 -2.41948
8.24123 -2.52419
8.32279 -2.66755
8.29088 -2.87242
8.40901 -3.09481
8.36252 -3.2764
8.44165 -3.34762
8.4581 -3.53904
8.51434 -3.40968
8.53837 -3.7544
8.60624 -3.77535
8.59825 -3.51104
8.67788 -3.79579
8.63887 -3.49119
8.69048 -3.66545
8.65374 -3.41719
8.6724 -3.51881
8.62592 -3.19694
8.60065 -3.18923
8.58162 -3.00434
8.59436 -2.93547
8.56341 -2.83245
8.53136 -2.86645
8.5348 -2.65356
8.5644 -2.70398
8.52201 -2.40521
8.48559 -2.53194
8.43317 -2.66024
8.49489 -2.81034
8.53774 -3.05771
8.58191 -3.30147
8.52819 -3.20225
8.49335 -2.93634
8.43909 -2.93059
8.35633 -2.48943
8.44014 -2.10551
8.4788 -2.27883
8.38207 -1.97208
8.40018 -2.08357
8.34896 -1.84078
8.28883 -1.56697
8.30587 -1.72158
8.23985 -1.50875
8.22081 -1.38669
8.20076 -1.34016
8.16539 -1.21715
8.21965 -1.40761
8.2767 -1.60586
8.42645 -2.26817
8.50217 -2.50783
8.53503 -2.6447
8.51954 -2.53477
8.46556 -2.37322
8.44462 -2.28111
8.39976 -2.12489
8.36958 -1.99836
8.31223 -1.80741
8.55211 -2.59528
8.58585 -2.85203
8.56578 -2.7516
8.701 -3.8549
8.69097 -3.60455
8.7022 -3.81677
8.67776 -3.35393
8.71068 -3.9318
8.71628 -4.03377
8.71839 -4.03409
8.71043 -3.89169
8.71037 -4.06414
8.71142 -4.19605
8.72123 -4.20474
8.71715 -4.4087
8.71094 -4.26922
8.68733 -4.47412
8.67098 -4.30127
8.66808 -4.07635
8.62294 -4.21315
8.62308 -4.40403
8.54804 -4.20302
8.59133 -4.00866
8.51962 -3.93736
8.46992 -3.7584
8.4249 -3.89675
8.39106 -3.59516
8.328 -3.64299
8.28794 -3.3804
8.20184 -3.52631
8.14426 -3.1783
8.03325 -3.27179
8.06974 -3.58599
7.96972 -3.38038
7.88292 -3.48822
8.01082 -3.74194
7.90866 -3.81749
8.04674 -3.92755
8.12545 -3.86546
8.15558 -4.11236
8.22682 -3.997
8.20938 -3.79618
8.31616 -3.98523
8.29729 -3.77731
8.42075 -4.20734
8.49262 -4.45469
8.56601 -4.4171
8.56156 -4.57188
8.62948 -4.58334
8.642 -4.68812
8.69332 -4.58519
8.66739 -4.71626
8.69862 -4.59689
8.71928 -4.48767
8.72422 -4.36363
8.71861 -4.41881
8.72184 -4.19328
8.71511 -4.02265
8.6354 -4.58125
8.70678 -4.50653
8.67698 -4.65652
8.70111 -4.60747
8.66325 -4.72533
8.60775 -4.77027
8.59928 -4.83853
8.6012 -4.8343
8.5263 -4.91262
8.53836 -4.8971
8.48358 -4.97333
8.44557 -4.96118
8.48187 -4.8459
8.54384 -4.63075
8.40916 -4.8005
8.41621 -4.68326
8.28931 -4.74298
8.12625 -4.78427
8.14515 -4.96091
8.29029 -4.91238
8.2329 -5.07018
8.09022 -5.14693
8.16906 -5.24861
8.01683 -5.28649
8.03117 -5.39318
8.18236 -5.38239
8.2633 -5.2229
8.33235 -5.24204
8.36441 -5.1182
8.304 -5.13068
8.3914 -5.06284
8.37164 -4.98003
8.42949 -5.03169
8.45547 -5.01826
8.41118 -5.08844
8.52493 -4.9543
8.46655 -5.02581
8.3667 -5.17891
8.255 -5.33683
8.32547 -5.2476
8.41944 -5.10834
8.3725 -5.10658
8.27076 -5.28106
8.19697 -5.39737
8.15026 -5.39753
8.02296 -5.54537
8.09475 -5.50697
8.01164 -5.51306
7.94385 -5.59752
7.93456 -5.6305
7.81178 -5.69343
7.79376 -5.72671
7.8908 -5.63331
7.84944 -5.67298
7.88842 -5.55563
8.07302 -5.44703
8.06131 -5.39566
7.92201 -5.41098
7.74597 -5.52858
7.82124 -5.42382
7.90181 -5.30269
7.66087 -5.45645
7.69288 -5.27615
7.48308 -5.44771
7.39967 -5.34972
7.60794 -5.20268
7.51154 -5.10981
7.76159 -5.07867
7.74535 -4.86396
7.94489 -4.90901
7.93692 -4.70341
7.74421 -4.60646
7.64126 -4.75765
7.46991 -4.67965
7.52047 -4.8927
7.34093 -4.88853
7.19058 -4.81707
7.23452 -4.62904
6.99582 -4.72822
7.09515 -4.5221
6.8671 -4.60613
6.92981 -4.44322
7.11755 -4.35055
7.34342 -4.42679
7.25492 -4.17935
6.89468 -4.23057
7.10927 -3.91446
6.66147 -3.91453
6.48252 -4.30305
6.29248 -4.14228
6.28353 -3.90775
6.43714 -3.68157
6.05494 -3.61525
6.41277 -3.37224
6.07681 -3.15667
5.92243 -3.35103
5.82738 -3.19078
5.68294 -3.40283
5.63029 -3.09346
5.79207 -2.91108
5.49686 -2.81765
5.34917 -3.13206
5.23024 -2.76401
4.98739 -2.93678
5.01131 -2.47269
4.72965 -2.60942
4.67186 -2.96333
4.50269 -2.63268
4.57473 -2.44181
4.68073 -2.2519
4.41954 -2.30557
4.48195 -2.06093
4.62388 -1.88522
4.98658 -2.04684
4.84872 -1.61928
5.18938 -1.77498
5.21961 -1.40186
4.81631 -1.18238
4.55065 -1.40989
4.9604 -0.883922
4.80772 -0.684282
5.21186 -0.746077
5.24409 -0.37505
5.41887 -0.665831
5.49563 -0.479725
5.67163 -0.74154
5.91014 -0.672453
5.92584 -0.441754
6.10779 -0.627918
6.10573 -0.855206
5.94817 -0.947292
6.24124 -1.1558
6.30688 -0.867669
6.53204 -1.15537
6.50347 -0.858966
6.75099 -1.05182
6.84754 -0.788677
6.96095 -1.11033
7.05613 -0.989482
6.99285 -0.73324
7.17344 -0.883917
7.22661 -0.662108
7.32814 -0.945414
7.43349 -0.886669
7.32858 -0.611101
7.47323 -0.709091
7.58081 -0.952618
7.62937 -0.824728
7.7236 -1.15703
7.78234 -0.970401
7.85162 -0.830285
7.75646 -0.569081
7.9008 -0.712306
7.83746 -0.46223
7.95754 -0.6731
7.91934 -0.622935
8.02714 -0.870332
8.08552 -0.950575
8.14732 -1.1844
8.0494 -0.978935
8.13876 -1.25538
8.21808 -1.44517
8.07469 -1.12903
7.99685 -1.00712
7.92805 -1.13754
7.86838 -1.30047
7.95622 -1.64738
7.83109 -1.51128
7.71916 -1.4027
7.78798 -1.69422
7.66782 -1.50302
7.59307 -1.20709
7.52715 -1.47303
7.70133 -1.78716
7.60323 -1.85809
7.49857 -1.66461
7.48818 -1.85093
7.63634 -2.21729
7.75644 -2.15714
7.78579 -2.46527
7.72238 -2.57615
7.57373 -2.50066
7.72332 -2.84559
7.58929 -2.81732
7.44688 -2.61039
7.38782 -2.28689
7.3058 -2.41448
7.28752 -2.66254
7.1213 -2.28021
7.23937 -2.17732
7.10039 -1.9791
6.93373 -1.95007
6.97145 -1.8051
7.04658 -1.74745
6.90327 -1.61029
6.85108 -1.72885
6.76865 -1.56708
6.65829 -1.71981
6.87057 -2.17556
6.58944 -2.10547
6.83882 -2.4338
6.68413 -2.52708
6.38568 -2.27211
6.31385 -1.93713
6.11507 -1.9776
6.10634 -1.68117
5.82557 -1.7359
5.91867 -2.0303
5.69388 -1.95741
5.48841 -1.73447
5.41428 -2.12014
5.8108 -2.25573
5.6494 -2.53396
5.32841 -2.48672
5.18242 -2.26877
6.0302 -2.66939
6.13304 -2.30917
6.29142 -2.60249
6.3936 -2.94842
6.50653 -2.66023
6.33643 -2.4522
6.6097 -2.93514
6.76021 -2.89033
6.9768 -2.79593
6.9942 -3.17047
6.70852 -3.21285
6.97492 -3.55164
7.20237 -3.39229
7.23945 -3.12235
7.39572 -3.41892
7.49127 -3.21897
7.34573 -2.96236
7.19047 -2.82907
7.48212 -2.91729
7.05424 -2.53833
7.68924 -3.16276
7.65231 -3.38786
7.56429 -3.49953
7.73625 -3.60583
7.74337 -3.41768
7.87732 -3.15226
7.85681 -2.80927
7.94382 -3.05909
8.00089 -2.96169
7.92973 -2.52966
8.0806 -2.85218
8.05423 -2.57543
7.96923 -2.29487
7.85236 -2.06624
7.94924 -1.95751
8.04867 -2.33359
8.09543 -2.23232
8.04968 -1.95299
8.1694 -2.38759
8.15609 -2.59738
8.13107 -2.77322
8.21363 -3.00462
7.58266 -3.74656
7.47562 -3.58504
7.32521 -3.65629
7.43231 -3.96103
7.70178 -4.04991
7.76695 -3.84894
7.86389 -4.00506
8.00348 -4.07541
7.90269 -4.2155
8.08743 -4.34683
8.23468 -4.34447
8.29571 -4.19168
8.36426 -4.46042
8.22775 -4.58529
8.34254 -4.74031
8.44676 -4.65852
8.50583 -4.61279
8.50936 -4.74396
8.58397 -4.74006
8.49491 -4.93897
8.5774 -4.86861
8.6325 -4.80666
8.57286 -4.86112
8.40339 -4.9027
8.29307 -5.13453
8.28607 -4.967
8.18376 -5.16504
8.19604 -5.00944
8.08489 -5.13833
8.10717 -4.93168
8.23642 -4.83318
8.15609 -4.746
8.05937 -4.77627
7.93792 -5.10797
8.08078 -4.60439
7.93342 -4.46854
8.06139 -5.28644
8.12811 -5.29037
8.17222 -5.30452
7.74921 -4.33564
7.52823 -4.2299
7.58496 -4.45107
6.66569 -3.55562
5.58449 -1.48777
5.84997 -1.39239
5.52189 -1.22266
5.24351 -1.06047
5.47363 -0.924651
5.74503 -1.0692
5.98963 -1.19252
6.15795 -1.42261
6.36812 -1.71113
6.38434 -1.46886
6.49194 -1.37929
6.64436 -1.43235
6.77091 -1.37258
5.05991 -1.14094
7.0062 -1.45237
7.23035 -1.88928
7.21701 -1.57835
7.13477 -1.29186
7.34845 -1.49285
7.21561 -1.15997
7.3453 -1.17554
7.45229 -1.13179
7.3532 -1.77966
7.45519 -2.09023
6.06736 -0.335939
4.40151 -1.69156
4.124 -1.70273
4.29947 -1.98417
4.10986 -1.99895
3.95237 -1.91543
3.89271 -1.61061
3.86684 -2.1705
3.68512 -2.19697
3.81873 -2.47453
3.60225 -2.4753
3.36225 -2.489
3.53834 -2.85135
3.26975 -2.90014
3.47968 -3.18317
3.29121 -3.34794
3.03434 -3.17296
3.06388 -2.77799
2.89506 -2.82095
2.79085 -3.2093
2.88569 -3.53887
2.69146 -3.56694
2.79686 -3.79225
2.66456 -3.94449
2.85803 -4.00348
2.9771 -3.83314
3.09671 -4.13912
3.20787 -3.87835
3.11077 -3.57838
3.32394 -3.66168
3.56642 -3.5712
3.46564 -3.90465
3.79931 -3.98572
3.86236 -3.64064
3.74025 -3.24717
4.03345 -3.44292
3.9035 -3.15715
3.79754 -2.85623
4.04364 -3.06973
3.96353 -2.73017
4.03355 -2.44788
4.15211 -2.80955
4.27304 -2.56206
4.18537 -2.23976
4.02297 -2.15322
4.3958 -2.95478
4.2375 -3.09533
4.23625 -3.36024
4.28053 -3.66591
4.14779 -3.90478
4.5171 -3.9867
4.44613 -3.57081
4.66125 -3.74011
4.59702 -3.34674
4.80034 -3.59616
4.85991 -3.3106
4.37966 -3.27125
5.04025 -3.67199
5.10902 -3.32653
5.34517 -3.5558
5.62747 -3.81743
5.29377 -3.93298
5.49158 -4.17693
5.23471 -4.248
5.3669 -4.41255
5.21136 -4.47904
5.37105 -4.65511
5.56537 -4.41723
5.74419 -4.62176
5.89779 -4.14966
6.11543 -4.41889
6.02603 -4.69726
6.28662 -4.57109
6.62275 -4.54629
6.2251 -4.87372
6.66374 -4.81592
6.40603 -5.13285
6.09596 -5.13476
5.9848 -5.05876
5.82998 -4.96664
5.87699 -5.21279
5.59569 -5.26452
5.81102 -5.43252
5.5841 -5.52693
5.39887 -5.4271
5.29916 -5.21835
5.20071 -5.44911
5.37952 -5.61253
5.17671 -5.66283
5.36245 -5.81496
5.15137 -5.81434
5.19983 -5.94151
5.035 -5.88225
4.97028 -5.71533
4.83651 -5.8545
4.98678 -6.02401
4.63362 -5.95881
4.82766 -6.13087
4.58096 -6.11849
4.46611 -6.01067
4.28967 -6.02947
4.42395 -6.13609
4.25304 -6.13172
3.941 -5.98474
3.99813 -5.88238
3.76924 -5.86037
3.66265 -5.71219
3.49389 -5.85713
3.24599 -5.60079
3.11963 -5.6891
3.22384 -5.83093
3.42516 -5.95531
3.14983 -5.8283
2.99321 -5.72461
2.91575 -5.71204
3.08853 -5.78173
2.83904 -5.64002
2.71025 -5.58704
2.62593 -5.49728
2.53096 -5.45749
2.61413 -5.51504
2.47075 -5.39507
2.60931 -5.45975
2.42426 -5.30431
2.52152 -5.32186
2.40737 -5.18498
2.50942 -5.21786
2.38459 -5.05197
2.57855 -5.11935
2.37282 -4.87634
2.50706 -4.86266
2.36083 -4.67411
2.48196 -4.63787
2.33824 -4.45414
2.46392 -4.39945
2.32204 -4.15286
2.45726 -4.22538
2.46339 -4.01071
2.32041 -3.76978
2.48674 -3.58697
2.31292 -3.28849
2.46243 -3.16998
2.39566 -2.81871
2.21766 -2.75351
2.15091 -3.24747
2.06067 -2.92698
2.07341 -2.4208
1.94716 -2.69901
1.95732 -3.05212
1.84851 -2.94776
1.90872 -3.28671
1.7846 -3.34002
1.73354 -2.98568
1.73584 -2.64092
1.62903 -2.8468
1.61437 -2.51169
1.53518 -2.65633
1.51339 -2.90408
1.44268 -2.5785
1.40341 -2.83137
1.31306 -2.60338
1.34751 -2.97846
1.25781 -2.85012
1.2402 -3.0312
1.25308 -3.13623
1.31277 -3.18115
1.36208 -3.20683
1.35619 -3.35975
1.44719 -3.46984
1.42759 -3.23009
1.45365 -3.09304
1.52245 -3.40219
1.55323 -3.20467
1.59436 -3.07972
1.64926 -3.3014
1.67591 -3.11905
1.7134 -3.59047
1.8105 -3.73711
1.92586 -3.66079
1.92662 -4.06321
2.0294 -3.98589
2.09161 -3.73874
2.02832 -3.35995
2.11435 -3.50087
2.19564 -3.58896
2.21193 -3.8808
2.15696 -4.07533
2.22304 -4.30669
2.10426 -4.2958
2.23378 -4.50602
2.16607 -4.56557
2.03544 -4.47745
1.90237 -4.27361
1.82001 -4.03678
1.82349 -3.89909
1.74205 -3.82667
1.71473 -3.9281
1.80403 -4.14788
1.72351 -4.10178
1.84907 -4.33925
1.94915 -4.4944
1.92342 -4.56332
1.80357 -4.36546
1.86995 -4.59152
1.76238 -4.34036
1.71443 -4.17529
1.61031 -3.94823
1.63502 -4.10104
1.52622 -3.83649
1.52344 -3.71316
1.58978 -3.74637
1.43746 -3.61133
1.64617 -3.65829
1.60442 -3.43517
1.76773 -3.77657
1.45245 -3.73014
1.53535 -3.95106
1.46952 -3.84092
1.56477 -4.07227
1.49258 -3.95618
1.55762 -4.10751
1.55885 -4.11347
1.64113 -4.26915
1.71545 -4.4068
1.75178 -4.43478
1.74883 -4.43821
1.65976 -4.24346
1.61537 -4.13598
1.71027 -4.29318
1.78983 -4.47752
1.86972 -4.6625
1.98805 -4.84614
1.9803 -4.78294
2.03764 -4.89592
2.08608 -4.91649
2.05455 -4.72844
2.19507 -4.95642
2.21056 -4.81063
2.30033 -5.03511
2.30751 -5.1356
2.18333 -5.07425
2.29938 -5.23817
2.16147 -5.11702
2.09478 -4.98249
2.07463 -5.00275
2.00222 -4.90786
2.14814 -5.10985
2.15504 -5.11177
2.0533 -4.9705
1.95599 -4.81055
1.99353 -4.85452
2.06923 -4.96554
2.01089 -4.84568
1.88149 -4.65216
1.93966 -4.68576
1.82172 -4.50638
1.7517 -4.43574
1.69115 -4.32215
1.74106 -4.34584
1.63246 -4.16479
1.69827 -4.17967
1.55983 -3.98393
1.61834 -3.98846
1.52774 -3.83085
1.47473 -3.85301
1.4616 -3.83799
1.53638 -4.01622
1.47509 -3.94543
1.40807 -3.76766
1.4616 -3.83798
1.33781 -3.59279
1.38999 -3.57491
1.40507 -3.5527
1.39169 -3.52028
1.46007 -3.58416
1.43834 -3.49114
1.5573 -3.63387
1.61856 -3.77378
1.66396 -3.91556
1.71576 -4.05548
1.60856 -3.88124
1.78964 -4.18022
1.82539 -4.2742
1.96258 -4.45643
1.85214 -4.3561
1.79612 -4.37773
1.84071 -4.50073
1.93966 -4.61438
1.90086 -4.6066
1.96471 -4.69616
2.0162 -4.81018
2.03424 -4.76066
2.14858 -4.94094
2.06292 -4.91283
2.12112 -5.02058
2.26535 -5.10038
2.25401 -5.16014
2.1686 -5.13009
2.36645 -5.2768
2.30402 -5.26795
2.25938 -5.25255
2.42844 -5.37242
2.3685 -5.33038
2.23893 -5.21808
2.50866 -5.39848
2.74802 -5.53528
2.61555 -5.41688
2.89639 -5.60933
2.98454 -5.6744
3.12582 -5.76173
3.15782 -5.79908
3.30998 -5.89402
3.27092 -5.87679
3.30755 -5.91785
3.46194 -6.01734
3.49963 -6.02175
3.66198 -6.07348
3.75008 -6.04674
3.80929 -6.10576
3.88711 -6.17059
3.67192 -6.13532
3.91385 -6.23021
4.11763 -6.27179
4.10017 -6.23233
4.26887 -6.29664
4.27605 -6.2457
4.47468 -6.34836
4.37866 -6.35859
4.63605 -6.43971
4.53759 -6.40054
4.67431 -6.45124
4.89965 -6.50447
4.81249 -6.46118
4.67675 -6.40045
4.84875 -6.41207
5.00376 -6.46382
5.14992 -6.39355
5.04067 -6.34879
4.80526 -6.27655
5.10403 -6.1962
5.26761 -6.30307
5.35471 -6.20636
5.46349 -6.24921
5.60852 -6.16446
5.63341 -6.25336
5.85558 -6.17594
5.87891 -6.06703
5.63963 -6.02709
5.88643 -5.94163
6.14897 -5.9729
6.12137 -5.8527
6.43962 -5.82784
6.23726 -5.6749
5.88977 -5.77816
5.97964 -5.66907
5.80348 -5.62597
6.02526 -5.54202
6.07322 -5.33032
6.32289 -5.428
6.66523 -5.27974
6.86789 -4.99501
6.99516 -5.17332
7.14744 -4.9901
7.28921 -5.0617
7.14208 -5.30308
6.84402 -5.36749
6.84244 -5.51689
6.57768 -5.50419
6.58428 -5.65804
6.83848 -5.68384
7.0871 -5.49668
7.20754 -5.58077
6.99251 -5.7458
7.22403 -5.70625
7.41784 -5.57318
7.48468 -5.65021
7.63716 -5.67541
7.40751 -5.78627
7.25015 -5.78507
7.15659 -5.90002
6.98692 -5.85869
6.86747 -5.98757
6.70956 -5.9612
6.73033 -5.85703
6.42841 -5.9944
6.54714 -6.06685
6.29277 -6.10223
6.11698 -6.09114
6.06651 -6.17137
5.80453 -6.2545
6.01619 -6.22632
6.2775 -6.12794
6.2854 -6.15829
6.46315 -6.112
6.45972 -6.14157
6.73721 -6.06926
7.05225 -5.98708
6.97255 -6.03253
7.20327 -5.96866
7.34726 -5.89241
7.43413 -5.90206
7.56944 -5.82184
7.54368 -5.79181
7.71077 -5.72233
7.70998 -5.75144
7.61644 -5.81948
7.65688 -5.79973
7.50096 -5.88698
7.52038 -5.82509
7.6217 -5.71775
7.84001 -5.58845
7.75745 -5.53443
7.90789 -5.49249
7.89029 -5.40102
7.68714 -5.38432
7.87764 -5.25162
7.98906 -5.19849
7.9674 -5.09914
7.71768 -5.14876
7.80813 -4.99003
7.96337 -4.91528
7.78265 -4.86473
7.9561 -4.81889
7.60529 -4.91788
7.4213 -4.97205
7.39275 -5.13889
7.55955 -5.12272
7.51801 -5.28215
7.49073 -5.46694
7.55064 -5.59363
7.30131 -5.62923
7.36032 -5.75811
7.07132 -5.81832
7.1948 -5.84965
7.28689 -5.86007
7.41178 -5.833
7.2424 -5.93982
7.37858 -5.92125
7.18262 -5.99849
7.05942 -6.03057
6.94633 -6.07556
6.84301 -6.08658
6.64802 -6.11759
6.67664 -6.10922
6.48568 -6.15027
6.29265 -6.2007
6.487 -6.1489
6.25473 -6.19917
6.05965 -6.24926
6.02173 -6.25012
5.79078 -6.31791
5.81368 -6.29203
5.61796 -6.35491
5.636 -6.31718
5.41986 -6.39336
5.36466 -6.36757
5.47454 -6.32812
5.59967 -6.2946
5.45985 -6.30474
5.33765 -6.34107
5.21236 -6.42551
5.2647 -6.43337
5.44751 -6.40846
5.17611 -6.47858
5.303 -6.4479
5.38672 -6.41405
5.64467 -6.35488
5.95826 -6.29515
5.8194 -6.30847
6.16313 -6.23084
5.99943 -6.23282
6.20198 -6.20939
6.41356 -6.14501
6.2363 -6.16523
6.47501 -6.09487
6.63245 -6.09131
6.69746 -6.09427
6.81913 -6.03596
6.69601 -6.03684
6.85884 -5.974
6.63368 -6.0011
6.86713 -5.93181
6.64445 -5.90497
7.04455 -5.91232
6.96685 -5.67314
6.55993 -5.77679
6.24996 -5.91666
6.25495 -6.01061
6.43262 -6.01189
6.21274 -6.08305
6.02375 -6.10503
5.94042 -6.03979
5.75396 -6.1804
5.97826 -6.16437
5.75186 -6.22767
5.88579 -6.21923
5.68728 -6.29377
6.08557 -6.17668
6.27543 -6.13492
6.18058 -6.11528
6.37546 -6.07072
5.54645 -6.28289
5.39182 -6.37687
5.51744 -6.3753
5.21914 -6.43093
5.21468 -6.45576
4.99887 -6.49577
4.93185 -6.43324
5.11867 -6.40517
4.8255 -6.31235
5.06874 -6.3076
5.29543 -6.32915
5.22373 -6.23917
5.46547 -6.22115
5.64293 -6.1165
5.39703 -6.11266
5.72544 -5.99901
5.98439 -5.96269
6.04624 -5.87072
6.31093 -5.82082
6.34388 -5.66871
6.75721 -5.60583
6.55604 -5.45165
6.82725 -5.44006
7.03747 -5.48765
7.24895 -5.41362
7.11109 -5.37263
7.16329 -5.24517
7.22768 -5.02179
7.00222 -5.18376
6.99008 -5.34024
6.79038 -5.30489
6.81026 -5.12141
7.02442 -5.07122
6.58647 -5.1764
6.35615 -5.23534
6.12487 -5.29816
5.8989 -5.35548
5.68193 -5.40369
5.86844 -5.47567
6.06639 -5.41302
6.20782 -5.46246
5.96288 -5.66108
5.56521 -5.64372
5.47402 -5.43964
5.27264 -5.45525
5.20016 -5.72203
5.43263 -5.9051
5.13153 -5.9386
5.2564 -6.05181
5.1186 -6.11458
5.02926 -6.21706
4.91529 -6.1285
4.90321 -6.19991
4.93538 -6.25918
4.82269 -6.2264
4.77755 -6.14851
4.64413 -6.19011
4.61072 -6.0862
4.73014 -6.03735
4.90785 -6.00723
4.671 -5.90203
4.88178 -5.78709
4.63482 -5.72534
4.43682 -5.74963
4.45347 -5.94774
4.1375 -5.76398
4.14311 -5.94656
3.89702 -5.76933
3.86957 -5.85317
3.94029 -6.00013
4.24735 -6.11093
4.12121 -6.17264
4.37743 -6.21949
4.29506 -6.27519
4.03444 -6.22362
3.82912 -6.07072
3.77426 -6.13367
3.58136 -5.95993
3.51703 -6.00101
3.44073 -5.9013
3.31596 -5.833
3.7121 -6.15071
3.30253 -5.78074
3.08945 -5.68931
3.03875 -5.59979
3.14293 -5.59821
3.468 -5.83047
3.42633 -5.72288
3.6705 -5.90998
3.66718 -5.80634
3.64619 -5.95649
3.39419 -5.60081
3.66161 -5.70103
3.44891 -5.52102
3.6808 -5.60339
3.87426 -5.64938
3.71405 -5.49753
4.00848 -5.55261
4.24869 -5.60715
4.18751 -5.39814
4.47285 -5.5536
4.44614 -5.27668
4.64281 -5.47582
4.66092 -5.35607
4.92066 -5.55611
4.71092 -5.62301
5.07271 -5.44709
4.86966 -5.41343
4.00351 -5.06292
3.77636 -4.94152
3.04842 -4.61985
2.83777 -4.60279
2.83298 -4.74538
3.12415 -4.77824
3.07783 -4.93146
3.36322 -4.91091
3.31971 -5.09448
3.57029 -5.07947
3.5788 -5.27702
3.80229 -5.17797
3.88616 -5.36175
3.51151 -5.43901
3.24693 -5.28445
3.24103 -5.42942
3.03891 -5.28754
3.12628 -5.43191
2.93347 -5.3137
3.00658 -5.42812
3.2093 -5.56134
2.92683 -5.41956
2.82791 -5.40609
2.78156 -5.27722
2.53177 -5.17787
2.55954 -5.07836
2.79603 -5.15399
2.6261 -4.97514
2.77951 -5.03064
2.68591 -4.89188
2.89265 -4.96998
2.96234 -5.13234
3.07911 -5.08568
2.5719 -4.73063
2.50083 -4.78947
2.35935 -4.56043
2.32509 -4.70214
2.43559 -4.88588
2.27699 -4.79866
2.32764 -4.95738
2.14738 -4.79531
2.32466 -5.06255
2.40953 -5.17702
2.40541 -5.24311
2.59632 -5.31452
2.84067 -5.506
2.15138 -4.64225
2.02962 -4.68665
2.09328 -4.50727
2.22558 -4.54021
2.49326 -4.57199
2.60718 -4.58227
2.72136 -4.59125
2.65502 -4.66095
4.02149 -5.2372
4.22663 -5.17743
3.75148 -5.04495
3.60175 -4.96011
3.54279 -4.82269
3.29984 -4.71283
3.96448 -6.25392
4.16574 -6.33325
4.22305 -6.31968
4.4426 -6.3984
4.4482 -6.34656
4.70435 -6.41756
4.821 -6.47096
5.10621 -6.46964
4.57085 -6.31219
4.7604 -6.36959
4.57706 -6.23935
4.45584 -6.16457
4.42919 -6.08045
5.74686 -5.82089
6.32998 -5.33275
6.41113 -5.38319
6.54926 -5.28595
7.00322 -5.98864
7.16762 -5.93174
7.10184 -5.99347
6.93864 -6.04449
6.20856 -6.19463
6.76633 -6.0866
7.07644 -6.03273
7.30764 -5.96047
5.60163 -5.72027
5.63068 -5.88627
5.41463 -5.98457
5.42046 -6.10688
5.23462 -6.07663
5.27688 -6.15519
4.70393 -6.32934
4.52766 -6.23452
4.58391 -6.35239
4.03261 -6.11887
3.966 -6.16467
1.52358 -3.71315
1.31006 -3.60768
1.32064 -3.57172
1.30408 -3.51454
1.33348 -3.56779
1.37426 -3.60008
1.39514 -3.73553
1.4353 -3.85635
1.39984 -3.78675
1.47079 -3.96204
1.54507 -4.08193
1.58547 -4.13128
1.6382 -4.25609
1.36537 -3.57852
1.84598 -4.62546
1.38762 -3.5347
2.26268 -4.69287
1.6813 -2.26156
1.78765 -2.33647
1.91523 -2.25956
1.84216 -2.57588
2.03808 -2.04542
2.14052 -2.06093
2.21126 -2.27857
2.49516 -2.52248
2.54423 -2.85237
2.62966 -2.48558
2.68395 -2.12616
2.81288 -2.4072
2.80257 -2.02139
2.71359 -1.85284
2.9865 -2.07817
2.99543 -2.48073
3.07998 -2.31203
3.19684 -2.21111
3.15694 -2.51829
2.70679 -2.84511
2.60462 -3.22442
2.61396 -4.28959
2.84909 -4.24048
2.85984 -4.53344
2.64742 -4.58905
2.89536 -4.82686
2.65616 -4.81946
2.80754 -4.97449
2.68211 -5.01523
2.85782 -5.12952
2.75858 -5.17956
2.92499 -5.28811
2.80746 -5.32422
2.67977 -5.37286
2.94674 -5.50572
2.84327 -5.57722
2.77531 -5.6093
3.00778 -5.4317
3.15871 -5.39964
3.02133 -5.23218
3.1915 -5.25808
3.02059 -5.08452
3.21079 -5.15235
3.24978 -5.01866
3.15607 -4.74182
3.48949 -4.90998
3.43298 -4.66788
3.11893 -4.45923
3.4347 -4.37407
3.34705 -4.10236
3.57591 -4.16274
3.84637 -4.39535
4.10225 -4.24058
4.38503 -4.28668
4.27822 -4.57964
4.54775 -4.54992
4.6487 -4.38297
4.78668 -4.24161
4.74677 -4.00407
4.89408 -4.11619
4.86326 -3.87313
5.05416 -4.04498
5.01941 -4.34534
4.86896 -4.5287
5.09199 -4.64685
4.90606 -4.83545
5.18566 -4.93487
5.49045 -4.95913
4.98869 -5.18875
4.81529 -4.99904
4.6298 -4.82196
4.72973 -4.63519
4.70048 -5.10571
4.34051 -4.97453
4.56929 -5.23232
4.36493 -5.23666
4.57847 -5.44344
4.78789 -5.34725
4.82253 -5.54692
4.99588 -5.4981
4.72234 -5.67145
4.43787 -5.60795
4.24173 -5.38413
4.04079 -5.54733
4.35413 -5.76625
4.61006 -5.78258
4.30537 -5.90358
4.02992 -5.74804
3.81194 -5.61857
3.5899 -5.53959
3.74737 -5.50244
3.56819 -5.41901
3.72576 -5.37013
3.41826 -5.25494
3.38052 -5.40666
3.64844 -5.14541
3.9387 -5.3172
4.01903 -5.11091
3.73069 -5.00937
3.77292 -4.85888
4.04549 -4.92269
4.0056 -4.73201
3.69637 -4.61305
3.39892 -5.53876
4.44093 -1.90265
4.59593 -1.64986
8.63892 -3.14373
8.61911 -3.05629
8.6037 -2.95095
8.58624 -2.80621
6.83113 0.896754
7.01022 0.754643
7.15742 0.731823
6.2476 1.20665
1.65263 -0.442469
1.85929 -0.367175
3.39755 2.64623
3.30027 2.54585
3.07635 2.41279
3.23627 2.44437
3.08596 2.19872
3.25503 2.18897
3.33451 2.35798
3.42083 2.14863
3.45785 2.47796
3.62176 2.34992
3.61383 2.58312
3.8018 2.56364
3.67062 2.81402
3.52778 2.72039
3.82571 2.8523
3.974 2.88124
4.04224 2.69067
4.12422 2.90839
4.32042 2.93303
4.46549 2.95982
4.60147 2.87889
4.75784 2.91209
4.60758 2.9886
4.90575 2.83695
5.0416 2.79013
5.02916 2.57563
4.74922 2.54597
4.55715 2.74781
4.47241 2.56609
4.29476 2.72369
4.25478 2.50366
4.02434 2.40461
3.82234 2.24654
4.0386 2.10473
4.1906 2.32878
4.28011 2.11793
4.50687 2.29906
4.51066 1.90946
4.84454 2.31332
4.91976 2.44896
4.22908 1.81944
4.42884 1.55686
4.20394 1.476
3.94046 1.663
3.82329 1.98138
3.68706 1.8213
3.65719 1.52948
3.38878 1.85142
3.62709 2.06725
3.38878 1.85142
3.30137 2.03948
3.14105 1.96801
3.16286 1.72927
3.04765 1.80113
3.31034 1.64024
3.36029 1.83166
3.4534 1.4214
3.43842 1.04988
3.63322 1.15237
3.83762 1.26419
3.79558 0.927847
3.95393 1.02599
4.05106 1.26321
4.15396 0.907975
4.2325 1.19627
4.36909 1.3053
3.9513 0.741514
4.13684 0.450183
3.9008 0.422556
3.89396 0.191693
3.79841 0.662907
