0.257046 2.11418
0.507436 4.82024
0.737638 6.02391
0.973073 7.12478
1.03698 7.26145
1.34997 7.76101
1.73215 8.2502
1.94482 8.33836
2.15818 8.39734
3.4082 8.65636
4.11306 8.5814
4.86843 8.43922
5.74376 7.88898
6.05103 7.54797
6.52639 6.90146
6.63821 6.73903
6.7938 6.44559
6.87091 6.26883
7.10283 5.72089
7.38708 5.02899
7.75834 3.997
7.83701 3.77554
7.88194 3.6031
7.94449 3.33658
8.12025 2.51298
8.15086 2.31327
8.17319 1.5708
8.14544 1.36664
8.07866 1.16779
8.03615 1.05908
7.97626 0.907472
7.76545 0.481429
7.70159 0.368839
7.62763 0.255874
6.53107 -1.31703
6.37375 -1.5097
6.23774 -1.66557
6.11206 -1.80281
5.99905 -1.89948
5.91241 -1.96621
5.80225 -2.02734
5.65032 -2.09305
5.45981 -2.14884
5.13629 -2.19924
5.05206 -2.20816
4.88695 -2.22225
4.84897 -2.22277
4.71511 -2.21635
4.6095 -2.20719
4.54255 -2.19933
4.44575 -2.16923
4.20121 -2.05484
2.0654 -0.85671
1.84447 -0.726029
1.77024 -0.650391
1.68219 -0.553052
1.51135 -0.353738
0.823502 0.619559
0.779986 0.689605
0.761838 0.720468
0.70111 0.844146
0.461069 1.45602
0.35417 1.75964
