1.41284 10.1858
1.23305 10.229
1.22845 10.1195
1.01402 10.1603
1.07147 10.2688
0.925238 10.3083
0.815993 10.1166
0.642877 10.1624
0.681885 10.3007
0.563769 10.2741
0.251148 10.254
0.0780239 10.2519
-0.00341702 10.106
-0.0826473 10.2022
-3.91737 5.60827
-1.20215 9.72689
-1.05849 9.73627
-1.28555 9.65901
-1.40366 9.56975
-1.65021 9.32146
-1.78888 9.15026
-1.69846 9.24191
-1.52144 9.44774
-1.545 9.3125
-1.39569 9.48997
-1.37946 9.40832
-1.26162 9.56808
-1.18548 9.54651
-0.933911 9.80052
-1.06824 9.55174
-0.903129 9.67184
-0.965119 9.49593
-0.751418 9.72226
-0.770002 9.57154
-0.49267 9.77301
-0.574201 9.89828
-0.773501 9.89077
-0.619703 9.9808
-0.85906 9.74033
-0.818208 9.75009
-0.380209 10.1298
-0.230891 10.166
-0.480541 10.0728
-0.378268 9.98407
-0.195844 10.0633
-0.318766 9.96363
-0.21136 9.95695
-0.0698738 9.95217
0.202148 10.0698
-0.0585461 9.81993
-0.266079 9.78416
-0.292522 9.55448
-0.528188 9.5299
-0.565821 9.3143
-0.827797 9.18687
-0.70011 9.03085
-0.96429 8.7759
-1.1074 8.85788
-1.13718 8.67445
-1.30345 8.56281
-1.16738 8.48246
-1.37374 8.22687
-1.56076 8.25939
-1.46763 8.56305
-1.63173 8.43132
-1.8082 8.13875
-1.78688 8.45112
-1.53293 8.68526
-1.62525 8.81885
-1.88177 8.56524
-2.01273 8.26729
-2.11232 8.29319
-1.9991 8.51756
-1.86659 8.72234
-2.02701 8.63227
-2.15756 8.37123
-2.18103 8.43856
-2.12945 8.60816
-1.94013 8.87098
-2.06681 8.74144
-2.20441 8.56085
-2.1006 8.73725
-1.95185 8.92125
-1.98495 8.9188
-2.06185 8.85146
-2.18681 8.62866
-2.15313 8.71872
-2.24534 8.5838
-2.32604 8.45889
-2.35162 8.3689
-2.63917 7.91759
-2.51124 8.13917
-2.61836 7.94988
-2.57963 8.01399
-2.50359 8.18217
-2.58317 8.04514
-2.65987 7.86956
-2.62047 7.90628
-2.6633 7.83103
-2.71092 7.75325
-2.67393 7.82599
-2.70445 7.76514
-2.70529 7.81991
-2.77794 7.71019
-2.78749 7.66032
-2.63833 7.88025
-2.49372 8.12556
-2.47654 8.10211
-2.61481 7.84641
-2.46162 8.04221
-2.28573 8.3581
-2.35288 8.34848
-2.23429 8.5264
-2.34207 8.16814
-2.52772 7.86833
-2.4576 7.90188
-2.29181 8.1272
-2.26544 8.04655
-2.17721 8.08554
-2.36403 7.76199
-2.38478 7.90956
-2.54027 7.66353
-2.63816 7.63136
-2.73215 7.35883
-2.62589 7.35547
-2.83141 7.06467
-2.89252 7.10203
-2.84807 7.31907
-2.99782 6.98607
-3.07661 6.95209
-3.10056 6.77049
-3.01681 6.77215
-3.15001 6.56902
-3.21506 6.57402
-3.26266 6.32377
-3.38608 6.25886
-3.33937 6.46688
-3.20072 6.7004
-3.28945 6.67739
-3.15544 6.86489
-3.05102 7.0948
-3.15424 6.89406
-3.16413 6.96053
-2.98041 7.31901
-3.08123 7.12886
-2.91677 7.44393
-2.8552 7.57804
-2.8563 7.49438
-2.74095 7.67607
-2.90099 7.40348
-2.76482 7.56933
-2.59886 7.80091
-2.67422 7.64038
-2.93833 7.27576
-3.18213 6.93886
-3.29875 6.77239
-3.48845 6.4139
-3.46277 6.49672
-3.42131 6.60211
-3.53412 6.38442
-3.51306 6.45079
-3.70295 6.10034
-3.61019 6.2871
-3.71676 6.061
-3.64977 6.17139
-3.55509 6.3032
-3.66486 6.06329
-3.58414 6.14038
-3.4405 6.38119
-3.49115 6.20242
-3.61824 5.97849
-3.56249 5.9473
-3.42824 6.03291
-3.59338 5.68732
-3.69068 5.66242
-3.68702 5.78388
-3.78804 5.52593
-3.74674 5.77865
-3.83564 5.51025
-3.90024 5.4403
-3.82996 5.7138
-3.94441 5.45639
-3.90011 5.6149
-3.77526 5.91068
-3.82605 5.80701
-3.76766 5.92231
-3.76735 5.9543
-3.87638 5.69245
-3.84244 5.75387
-3.91403 5.62174
-3.93446 5.56807
-3.98235 5.4723
-3.97106 5.4727
-4.06104 5.28671
-4.02631 5.31706
-4.10481 5.14248
-4.12179 5.04361
-4.03867 5.1851
-4.14316 4.87487
-4.20403 4.76453
-4.16164 4.96101
-4.21139 4.80497
-4.19262 4.91406
-4.13134 5.09829
-4.24716 4.73241
-4.28369 4.5524
-4.24885 4.65469
-4.31393 4.42397
-4.21872 4.58831
-4.25348 4.33824
-4.20729 4.42204
-4.14739 4.69741
-4.11476 4.49558
-4.05392 4.82915
-3.99677 4.73055
-3.93323 5.07558
-3.87815 4.99277
-3.77895 5.34804
-3.86631 5.31132
-3.8994 5.29526
-4.00057 5.06234
-3.98089 5.17705
-4.07821 4.95856
-3.76962 5.14738
-3.66698 5.40152
-3.52145 5.5681
-3.4339 5.84084
-3.32327 5.80244
-3.27057 6.11777
-3.15447 6.13805
-3.14591 6.28141
-3.15078 6.42155
-3.03809 6.4638
-2.9131 6.78236
-2.76411 6.98287
-2.8786 6.59995
-2.69227 6.87433
-2.61152 7.17844
-2.49415 7.42268
-2.38184 7.53984
-2.24004 7.73215
-2.13936 7.99209
-2.09845 7.89623
-1.96951 8.12675
-1.98996 7.92697
-1.94435 7.78874
-1.75961 7.89655
-1.89756 7.62313
-2.05852 7.48389
-2.15531 7.62914
-2.23733 7.29039
-2.32254 7.34895
-2.31733 7.50417
-2.47911 7.23636
-2.40948 7.07685
-2.56123 6.90604
-2.67837 6.61693
-2.79892 6.54028
-2.81184 6.30108
-2.91552 6.2762
-2.97454 5.93079
-3.04 6.02458
-3.14574 5.74182
-3.15957 5.92933
-3.02618 6.23958
-3.27483 5.6367
-3.24322 5.567
-3.33044 5.39776
-3.2102 5.52703
-3.23305 5.3706
-3.11505 5.61475
-3.08098 5.4749
-3.02062 5.68374
-2.9144 5.73618
-2.81541 6.06751
-2.71085 6.01177
-2.67465 6.34494
-2.50762 6.34025
-2.51041 6.70699
-2.3765 6.66355
-2.29699 6.97312
-2.13935 7.22722
-2.10515 7.05449
-1.96044 7.35353
-1.89109 7.13518
-1.82434 7.36315
-1.75447 7.60066
-1.6732 7.3936
-1.57338 7.68372
-1.57516 7.93246
-1.40796 7.91491
-1.20972 8.17698
-1.25345 7.86875
-1.04516 8.1228
-1.00352 8.44844
-0.825637 8.39361
-0.775554 8.7154
-0.545559 8.68583
-0.57511 8.94465
-0.367278 9.06184
-0.450062 9.22728
-0.15477 9.41524
-0.141087 9.16758
0.083827 9.43063
0.135935 9.69078
-0.0396843 9.69193
0.123111 9.84843
0.377252 9.96447
0.448825 10.1428
0.641736 9.94265
0.374142 9.689
0.611726 9.75601
0.820324 9.86638
0.856278 10.0115
0.991312 9.95807
1.14106 10.0118
1.08646 9.91571
1.03216 9.78635
1.18397 9.90987
1.3157 9.82178
1.34905 10.0145
1.56402 9.92378
1.60703 10.1231
1.81021 10.0479
1.77743 9.8322
2.0148 9.97009
1.96177 9.76327
2.20048 9.84144
2.49692 9.8593
2.66183 9.73978
2.79392 9.62124
2.98299 9.26558
2.84834 9.38775
2.75392 9.18092
2.4121 9.33199
2.58081 9.12403
2.37261 9.04746
2.21308 9.16414
2.1345 8.91776
2.03276 9.15831
2.10886 9.36285
1.9511 9.32233
1.79538 9.13242
1.75693 9.35475
1.92685 9.44335
1.78126 9.58449
1.48492 9.41433
1.5616 9.21516
1.32389 9.06584
1.12925 9.24717
1.23782 9.58387
0.898454 9.3999
0.824728 9.60979
0.846443 9.74213
0.706516 9.66278
0.64302 9.40986
0.492872 9.52302
0.38227 9.21166
0.575582 9.03316
0.860619 9.09066
0.731025 8.85876
0.530226 8.68711
0.351723 8.71855
0.241205 8.87022
0.109563 8.51884
-0.0623589 8.69991
0.116963 9.05057
-0.114177 8.9549
0.0346403 9.20006
0.245049 9.35969
-0.299188 8.90889
-0.303592 8.68888
-0.48285 8.42164
-0.289122 8.47111
-0.165625 8.32847
-0.420905 8.21396
-0.357945 7.99779
-0.590599 7.92392
-0.639775 8.1345
-0.676347 8.33432
-0.873619 8.03723
-0.784688 7.86669
-1.02838 7.60445
-1.09862 7.8344
-1.27866 7.57524
-1.30662 7.25593
-1.49537 7.32491
-1.52301 7.07618
-1.69375 7.09613
-1.65473 6.81218
-1.86369 6.85356
-1.83571 6.60112
-2.01114 6.61529
-1.96095 6.37015
-2.16821 6.35098
-2.0785 6.0825
-2.27826 6.02289
-2.37235 6.19192
-2.30821 6.5001
-2.55108 5.92046
-2.40575 5.97955
-2.41726 5.75936
-2.20766 5.73254
-2.40551 5.39017
-2.62719 5.47726
-2.62268 5.08455
-2.78032 5.18187
-2.82235 5.34761
-2.77547 5.64231
-2.98382 5.34892
-3.22293 5.15069
-3.12275 5.03684
-3.29614 4.84061
-3.40014 4.9192
-3.47912 4.67911
-3.55986 4.83349
-3.40556 5.1232
-3.5496 5.03176
-3.66334 4.88598
-3.69921 4.63637
-3.75743 4.72941
-3.74156 4.96567
-3.85726 4.69042
-3.82296 4.47733
-3.9081 4.46131
-3.96264 4.52724
-3.91205 4.76797
-4.04423 4.44005
-4.0268 4.2821
-4.10934 4.18468
-4.18712 4.20654
-4.17241 3.95034
-4.23671 4.01239
-4.21939 3.74114
-4.27296 3.93369
-4.26466 3.66289
-4.30288 3.86295
-4.30436 4.0688
-4.27981 4.14397
-4.28964 4.25896
-4.31889 4.21891
-4.32164 4.37005
-4.34378 4.26793
-4.33349 4.13012
-4.34993 4.18461
-4.36169 4.10868
-4.35994 4.02727
-4.34412 3.93275
-4.35765 4.01687
-4.33857 3.86012
-4.33663 3.89688
-4.31923 3.93337
-4.32531 3.77798
-4.29405 3.72819
-4.27671 3.60685
-4.25762 3.51943
-4.22859 3.41358
-4.20075 3.45054
-4.16184 3.18584
-4.1653 3.26602
-4.11564 2.97186
-4.10117 3.08105
-4.13831 3.21852
-4.19029 3.41463
-4.17373 3.29665
-4.12131 3.16137
-4.1248 3.15572
-4.16386 3.23182
-4.23312 3.40081
-4.19228 3.24828
-4.24145 3.42602
-4.18241 3.27681
-4.1149 3.17413
-4.03901 3.07852
-4.0271 3.01817
-4.11291 3.10848
-3.99886 2.95589
-4.07876 3.06212
-4.1355 3.15497
-4.11054 3.1334
-4.07408 3.04928
-4.07695 3.04862
-3.99594 2.92915
-4.0271 2.94526
-4.07943 3.05927
-4.03114 2.85329
-3.96871 2.81206
-3.95934 2.70214
-3.94446 2.60226
-4.00416 2.65794
-4.06124 2.82617
-3.96006 2.61424
-3.98803 2.76236
-3.84738 2.46051
-3.9235 2.70826
-3.77767 2.42849
-3.85174 2.69398
-3.70611 2.40778
-3.76204 2.66945
-3.60589 2.40024
-3.70246 2.81521
-3.89887 2.98171
-3.84731 3.19877
-3.96061 3.29426
-3.92338 3.5295
-4.02141 3.50537
-4.04509 3.24759
-4.10042 3.58451
-4.14971 3.49149
-4.11471 3.22328
-4.15788 3.72087
-4.03212 2.97566
-3.97272 2.92324
-4.08608 2.99234
-4.10827 2.99374
-4.1073 3.86881
-4.05803 3.70469
-4.02129 3.90503
-4.05837 4.07334
-3.99958 4.15445
-3.93737 4.06611
-3.92165 4.28388
-3.8551 4.23183
-3.73314 4.31737
-3.61675 4.57545
-3.56861 4.412
-3.36739 4.5031
-3.52345 4.2017
-3.35189 4.18202
-3.16728 4.40982
-3.11688 4.7692
-2.96117 4.57739
-2.86524 4.90458
-2.9538 5.09671
-2.73717 4.70282
-2.49301 4.80421
-2.45257 5.10248
-2.29089 5.11624
-2.2058 5.42897
-2.07213 5.30723
-2.06688 5.57142
-1.85755 5.52427
-1.97628 5.8336
-1.86965 6.14832
-1.75034 5.91389
-1.64098 6.27061
-1.79937 6.3893
-1.6893 6.53662
-1.497 6.59703
-1.41795 6.93113
-1.23415 6.80448
-1.22669 7.07068
-1.0147 7.1275
-1.11279 7.28149
-0.94812 7.40297
-0.773092 7.3954
-0.783005 7.64303
-0.557652 7.68561
-0.538483 7.41323
-0.304895 7.74258
-0.118645 8.0794
0.0162401 7.85283
0.102919 8.23929
-0.0163364 8.29307
0.314796 8.46741
0.301016 8.20238
0.48749 8.44196
0.720984 8.59555
0.55412 8.24369
0.789952 8.3937
0.96437 8.60819
0.983446 8.89986
1.15948 8.79747
1.36187 8.80264
1.57232 9.01874
1.58197 8.74681
1.70321 8.94788
1.84909 8.88712
1.67268 9.18793
1.73309 8.62152
1.92612 8.68343
2.07014 8.57141
2.34174 8.75876
2.20518 8.42604
1.95302 8.20485
1.80017 8.42175
1.59704 8.06945
1.481 8.38164
1.33703 8.07276
1.21211 8.16297
1.1092 7.92503
0.959923 8.07637
1.19102 8.36025
0.967025 8.36341
1.16823 8.58889
1.35748 8.57718
0.738402 8.14348
0.648128 7.79844
0.517159 7.95714
0.339049 7.64734
0.312355 7.93443
0.147363 7.67918
-0.0343246 7.4894
-0.272591 7.42203
-0.169153 7.26447
-0.325761 7.08602
-0.534629 7.11349
-0.770783 7.12297
-0.753652 6.84781
-0.97959 6.85343
-0.940262 6.61532
-1.12122 6.62201
-1.31244 6.45013
-1.10536 6.39907
-1.25869 6.17412
-1.4478 6.19963
-1.47794 6.37762
-1.56938 6.00176
-1.40487 5.93601
-1.59524 5.69213
-1.67117 5.38658
-1.5101 5.41435
-1.35268 5.65058
-1.30961 5.27861
-1.07862 5.66402
-1.05 5.33502
-0.802413 5.57597
-0.817399 5.93258
-1.00329 5.96773
-0.855565 6.18078
-1.05705 6.1665
-1.19695 5.92198
-0.910451 6.38724
-0.74757 6.59197
-0.743467 6.38974
-0.60975 6.52367
-0.525108 6.79723
-0.437066 6.57162
-0.263424 6.84423
-0.166518 7.09082
-0.0330706 7.02333
-0.021739 7.26264
0.189381 7.27262
0.118506 7.46697
0.468226 7.4169
0.324853 7.17507
0.499384 7.08451
0.649364 7.38394
0.840541 7.32177
0.801795 7.53654
0.680317 7.57902
0.86172 7.7598
1.00749 7.64299
1.29144 7.81448
1.16893 7.48391
1.51545 7.66063
1.77009 7.90687
1.81647 7.66701
1.96849 7.92638
2.20176 8.11135
2.07518 7.73954
2.30104 7.85499
2.49375 8.17577
2.48976 7.79246
2.65979 8.06459
2.73382 7.80571
2.86101 8.19024
2.73694 8.37209
2.92423 8.48055
3.07296 8.35936
3.02583 8.66628
2.83762 8.72962
2.93316 8.87059
3.0631 8.90386
2.94219 9.06104
2.79495 8.99021
2.70567 9.09878
2.68751 9.09608
2.68586 8.88816
2.55313 8.98862
2.53135 8.75037
2.40625 8.47004
2.62469 8.5742
3.12476 9.15289
3.19509 8.92421
3.22995 9.04968
3.31324 8.89845
3.38453 8.74221
3.26842 8.79074
3.2864 8.64003
3.42168 8.57246
3.32371 8.42665
3.46992 8.39259
3.52544 8.21585
3.39274 8.19672
3.43585 8.0096
3.57308 8.04299
3.45346 7.80745
3.5678 7.73966
3.62388 7.87198
3.66315 7.68581
3.65345 7.48924
3.49475 5.96865
3.48304 6.05076
3.45054 5.7911
3.40349 5.60839
3.54593 4.26582
3.55232 4.18279
3.48681 4.13657
3.55828 4.00794
3.55002 3.87971
3.51924 3.72948
3.45205 3.44808
3.46758 3.57216
3.40828 3.36111
3.41921 3.31673
3.37092 3.19907
3.3321 2.93027
3.31448 2.80589
3.25565 2.70137
3.19495 2.62531
3.20777 2.74194
3.12633 2.55395
3.12035 2.60847
3.03637 2.41347
3.05809 2.38768
2.99873 2.30664
2.91511 2.18268
2.81564 2.04958
2.82031 2.0441
2.64807 1.84806
2.74542 1.96809
2.51379 1.73836
2.50904 1.68822
2.39563 1.58828
2.30136 1.4933
2.23582 1.4286
2.41922 1.62748
2.23587 1.45486
2.14531 1.33992
2.05956 1.23246
2.15305 1.31619
2.02523 1.17174
2.14526 1.33599
2.27058 1.51531
2.38073 1.62498
2.47226 1.74358
2.72749 1.98992
2.63472 1.92113
2.53734 1.87707
2.34337 1.70966
2.4723 1.83892
2.21547 1.57913
2.09943 1.44045
2.18845 1.52655
2.09795 1.38978
1.97126 1.3176
1.87042 1.22588
1.7392 1.14131
1.56678 1.08081
1.73384 1.0631
1.47746 0.987903
1.38367 1.06993
1.24478 1.02682
1.20052 1.07335
1.02916 1.06649
0.817531 1.05902
0.605839 1.04742
0.831642 0.989867
0.62298 0.964049
0.737572 0.905262
0.938507 0.90889
0.831935 0.835554
1.04873 0.837901
0.87088 0.770453
0.690494 0.81789
0.691177 0.723436
0.502264 0.774103
0.500349 0.660745
0.294318 0.725225
0.263073 0.61047
0.0850964 0.65307
0.0926256 0.800555
-0.0670691 0.696387
-0.215226 0.572984
-0.356812 0.445753
-0.12325 0.545162
-0.235291 0.383006
-0.495127 0.3188
-0.447748 0.228047
-0.634598 0.195332
-0.661056 0.0984949
-0.448173 0.153548
-0.547216 0.0615669
-0.756334 -0.00544477
-0.639083 0.00701618
-0.445831 0.0565914
-0.637085 -0.0312157
-0.795452 -0.0683093
-0.814284 -0.104286
-0.943561 -0.182833
-0.939538 -0.203646
-1.05403 -0.28599
-1.01612 -0.285362
-1.14605 -0.358061
-1.21568 -0.403603
-1.26519 -0.412378
-1.36457 -0.465833
-1.32539 -0.426631
-1.48557 -0.479651
-1.3697 -0.409541
-1.52563 -0.463079
-1.46195 -0.400023
-1.64325 -0.449077
-1.63727 -0.406802
-1.53358 -0.354696
-1.76763 -0.378586
-1.69332 -0.318876
-1.89239 -0.317953
-1.9372 -0.365292
-2.08592 -0.340576
-2.06875 -0.260439
-1.93329 -0.227717
-2.07285 -0.188436
-2.18715 -0.194309
-2.18067 -0.082829
-1.97271 -0.139443
-1.97986 -0.0202179
-2.13972 0.088423
-1.92664 0.139175
-2.02065 0.314082
-1.82077 0.314461
-1.85114 0.491758
-1.94754 0.482717
-1.89366 0.651109
-2.03573 0.53096
-1.98776 0.863647
-2.16621 0.598837
-2.16036 0.806885
-2.29279 0.668765
-2.26152 0.918488
-2.10618 1.08864
-2.23826 1.22683
-2.07575 1.51333
-2.24919 1.51583
-2.38055 1.36623
-2.38456 1.05491
-2.49381 1.20444
-2.54375 0.945597
-2.41499 0.778985
-2.57718 0.653305
-2.42759 0.577608
-2.33348 0.46781
-2.50085 0.437835
-2.39136 0.280335
-2.19869 0.381678
-2.22238 0.21975
-2.3339 0.112274
-2.26201 0.023216
-2.37716 -0.000961423
-2.35738 -0.142985
-2.53107 -0.00215161
-2.54853 0.152848
-2.66918 0.0998073
-2.74551 0.235741
-2.68004 0.301328
-2.56265 0.31278
-2.67947 0.468215
-2.74998 0.686505
-2.683 0.850169
-2.80435 0.894404
-2.74633 1.02285
-2.84035 1.16002
-2.91311 0.996199
-2.99228 1.3634
-3.03074 1.09147
-3.1886 1.52059
-3.12152 1.10175
-3.24861 1.36426
-3.1995 1.05322
-3.31131 1.34761
-3.2626 1.14083
-3.34854 1.24878
-3.41847 1.5173
-3.4086 1.60254
-3.36975 1.59648
-3.47887 1.84339
-3.48033 1.74747
-3.54175 1.90545
-3.57769 1.91663
-3.62505 2.11139
-3.69403 2.15922
-3.59885 1.87767
-3.7412 2.15039
-3.8646 2.38459
-3.77315 2.12956
-3.83538 2.2711
-3.89242 2.40712
-3.79081 2.16352
-3.83984 2.37604
-3.88205 2.57572
-3.79379 2.47798
-3.87257 2.6646
-3.782 2.57406
-3.89108 2.75989
-3.94025 2.86688
-4.02105 2.97054
-3.84495 2.81906
-3.86221 2.76365
-3.74909 2.7103
-3.80855 2.67906
-3.7218 2.58357
-3.67962 2.49193
-3.6239 2.33633
-3.59152 2.47319
-3.4467 2.32271
-3.41047 2.49675
-3.60007 2.62017
-3.49921 2.66523
-3.3318 2.3213
-2.82145 0.368831
-2.88233 0.566473
-2.9643 0.56734
-2.99412 0.758342
-3.08413 0.79482
-3.02968 0.63199
-3.03745 0.537553
-2.88806 0.324594
-2.91474 0.246028
-2.78327 0.072596
-2.85337 0.0615684
-2.97714 0.253294
-2.89964 0.141378
-3.0167 0.277892
-2.85028 -0.00365257
-2.97271 0.214214
-3.09033 0.376926
-3.0701 0.357078
-3.15278 0.525748
-3.05279 0.316573
-3.13085 0.521884
-3.20685 0.71617
-3.27104 0.872893
-3.28184 0.948423
-3.19226 0.726408
-3.23763 0.964391
-3.37305 1.2043
-3.44975 1.45106
-3.44608 1.50479
-3.50239 1.63841
-3.50173 1.69733
-3.53576 1.67383
-3.65419 1.90734
-3.56059 1.70596
-3.67437 1.93453
-3.66705 1.97028
-3.70853 2.10919
-3.59656 1.88762
-3.57186 1.93637
-3.62338 2.15126
-3.73558 2.29384
-3.48304 2.013
-3.40289 2.12084
-3.33488 1.93709
-3.244 1.9634
-3.28384 2.1522
-3.20967 1.76949
-3.16809 1.57734
-3.20726 1.4996
-3.09459 1.38694
-3.10451 1.23912
-3.03577 1.18479
-2.98117 0.980926
-2.92273 0.77932
-3.10261 1.0406
-3.2081 1.34095
-3.19708 1.15085
-3.33119 1.51382
-3.31499 1.2927
-3.46071 1.66201
-3.46144 1.79189
-3.3774 1.75061
-3.3349 1.8179
-3.27848 1.6153
-3.40553 1.37345
-3.29315 1.11484
-3.3014 1.03179
-3.38859 1.24498
-3.47314 1.51003
-3.46241 1.4667
-3.53881 1.73572
-3.21411 0.803495
-3.16353 0.562867
-3.15608 0.7001
-3.09634 0.473007
-3.13535 0.66898
-3.19497 0.814151
-3.2392 0.85649
-3.23302 0.950733
-3.18804 0.904874
-3.13229 0.760143
-3.09236 0.8037
-3.03347 0.555536
-2.94987 0.615577
-3.03193 0.864902
-2.94216 0.806862
-2.83515 0.607863
-2.80632 0.416503
-2.90415 0.366606
-2.81515 0.147373
-2.97477 0.347004
-3.09252 0.529587
-3.04279 0.340363
-2.92138 0.20888
-2.91366 0.161638
-2.80739 0.0673697
-2.68403 -0.0383604
-2.66074 0.00982714
-2.5386 -0.110079
-2.56795 -0.179145
-2.39509 -0.262213
-2.22719 -0.267844
-2.23471 -0.318883
-2.16667 -0.3592
-2.0474 -0.406669
-2.18118 -0.39105
-2.28207 -0.354746
-2.27819 -0.413053
-2.3846 -0.34823
-2.37908 -0.410965
-2.27096 -0.455689
-2.13272 -0.459833
-2.05373 -0.502882
-1.94089 -0.476196
-1.87093 -0.519607
-1.78184 -0.483318
-1.67116 -0.499319
-1.77846 -0.436521
-1.78045 -0.515313
-1.6286 -0.512434
-1.52057 -0.511679
-1.7119 -0.536412
-1.63303 -0.538974
-1.82173 -0.520571
-1.8971 -0.479464
-1.89927 -0.518221
-2.00827 -0.491464
-2.05196 -0.451582
-2.17518 -0.447202
-1.95859 -0.512132
-2.13313 -0.442811
-2.29875 -0.467192
-2.33932 -0.427277
-2.45905 -0.431144
-2.43088 -0.476313
-2.54208 -0.374803
-2.56791 -0.338433
-2.6737 -0.230744
-2.58819 -0.335924
-2.73961 -0.175942
-2.84972 0.0157447
-2.75697 -0.0931094
-2.85425 0.0415214
-2.78317 -0.00382555
-2.67867 -0.156957
-2.71797 -0.0540947
-2.6525 -0.132716
-2.59671 -0.207403
-2.49709 -0.271635
-2.57526 -0.26854
-2.47438 -0.349565
-2.54375 -0.324808
-2.44159 -0.404844
-2.65274 -0.248655
-2.91428 0.156052
-2.73295 -0.139887
-2.60533 -0.154502
-2.69854 0.0108398
-2.75901 0.18393
-2.37472 -0.423865
-2.49661 -0.305413
-2.43942 -0.437151
-2.27276 -0.507437
-2.26476 -0.528105
-2.16773 -0.540467
-2.12496 -0.491889
-2.20541 -0.482417
-1.99277 -0.440849
-2.01743 -0.431228
-1.99274 -0.490251
-1.88755 -0.527855
-1.76786 -0.52721
-1.7407 -0.54895
-1.59061 -0.474845
-1.46315 -0.47831
-1.38986 -0.422966
-1.28455 -0.401625
-1.3814 -0.47206
-1.17559 -0.352193
-1.0793 -0.266599
-1.17778 -0.283194
-1.0384 -0.184311
-0.922043 -0.122976
-0.967973 -0.118593
-0.86707 -0.0380299
-1.05018 -0.116075
-0.845602 0.0433214
0.258842 0.897198
0.430691 0.979478
0.509777 0.887559
0.329937 0.824774
2.8251 2.0656
3.11464 2.45964
3.19174 2.56984
-2.00647 -0.531344
-1.44996 -0.415997
-1.2542 -0.264691
-3.56707 2.75497
-3.66297 2.7395
-3.62944 2.81283
-3.73837 2.85029
-3.69199 2.86315
-3.77562 2.90652
-3.78245 2.88501
-3.86442 2.94981
-3.95806 2.99579
-3.89357 2.90532
-1.89479 -0.41394
-2.85459 0.777766
-3.54158 2.10061
-3.42048 1.83137
-3.40017 1.97973
-3.43914 2.39955
-3.27851 1.95125
-3.24535 2.1128
-3.2633 2.37884
-3.38312 2.66229
-3.23066 2.66361
-3.36698 2.97522
-3.55074 2.89893
-3.51423 3.13926
-3.63531 3.19966
-3.71639 3.11301
-3.75695 3.45798
-3.5475 3.41434
-3.63057 3.70533
-3.73539 3.77509
-3.83988 3.7648
-3.93691 3.82459
-3.84707 4.02953
-3.75082 4.00331
-3.65148 4.18139
-3.64188 3.96789
-3.50494 3.94255
-3.49124 3.70051
-3.33905 3.87886
-3.1757 4.1031
-3.12799 3.74634
-3.05894 4.05075
-3.02075 4.26822
-2.93183 4.03141
-2.82647 4.3542
-2.68962 4.02901
-2.63128 4.45799
-2.41208 4.35452
-2.30077 4.77154
-2.18871 4.58397
-2.09939 4.95864
-2.01259 4.69707
-1.88188 4.96598
-1.82272 4.60224
-1.62315 5.04762
-1.60343 4.63525
-1.38678 4.80961
-1.16057 5.01219
-1.22972 4.77271
-1.08423 4.71411
-0.882175 5.12206
-0.864516 4.72698
-0.689036 5.00199
-0.714699 5.18807
-0.667644 5.37053
-0.541057 5.64544
-0.559747 5.95034
-0.379869 5.86592
-0.313953 6.16625
-0.210446 6.01339
-0.0451317 6.27786
-0.168201 6.4683
-0.371306 6.38138
-0.459661 6.19372
-0.604765 6.2655
-0.263224 6.60391
-0.0831156 6.75008
0.0657053 6.61485
0.174511 6.95095
0.297937 6.76368
0.543101 6.69365
0.760798 6.9897
0.801455 6.77806
0.90129 6.92632
1.03661 7.12805
1.33489 7.30042
1.24391 7.03071
1.0453 6.79724
1.39361 6.769
1.43006 7.10462
1.57749 7.03457
1.62722 7.33552
1.78557 7.09697
1.92819 7.40999
2.03096 7.11326
2.23191 7.47956
2.26946 7.06723
2.50953 7.38753
2.45817 6.94366
2.65594 7.15536
2.73244 7.48145
2.91829 7.69962
2.9846 8.02472
3.11287 7.89118
3.20188 8.15763
3.2856 7.99108
3.17447 8.56816
3.20918 7.80516
3.09154 7.61457
3.24405 7.65229
3.3361 7.83193
3.35708 7.65341
3.46513 7.54279
3.29097 7.43299
3.41967 7.28625
3.55256 7.31936
3.64723 7.32964
3.64668 7.17263
3.60743 6.69145
3.63201 6.85109
3.55749 6.80366
3.57425 6.96443
3.45904 6.85401
3.50151 6.66096
3.36158 6.63099
3.46948 6.45206
3.57582 6.53123
3.55044 6.36819
3.51442 6.16745
3.34392 6.30167
3.33154 6.03321
3.18169 6.04272
3.15652 6.43578
3.23861 6.97615
3.07509 6.67059
3.00362 6.81762
2.96648 7.05444
2.83741 6.76995
2.78571 7.0217
2.62372 6.7423
2.89004 7.34441
2.72111 6.38929
2.93147 6.5448
2.84722 6.26936
2.97459 6.31357
3.03823 6.50449
3.02429 6.04796
2.88327 6.03271
2.92475 5.79396
3.04853 5.65426
3.2291 5.76354
3.13669 5.38328
3.30271 5.56926
3.38911 5.87094
3.35328 5.41852
3.30603 5.22342
3.29707 5.02168
3.31001 4.81911
3.36279 4.77933
3.40807 4.69344
3.4322 4.54104
3.49228 4.32742
3.44784 4.362
3.50575 4.2607
3.47936 4.22597
3.30917 3.99707
3.40617 3.86983
3.32982 3.73024
3.25804 3.66838
3.15881 3.63989
3.12621 3.88081
3.03077 3.59288
3.00988 3.82118
3.09336 4.053
2.91629 3.96243
3.06003 4.24379
3.1348 4.22935
3.18678 4.39533
3.07852 4.47538
2.94209 4.29459
2.94407 4.58422
3.10588 4.73831
3.00234 4.88541
2.8781 4.79189
2.91134 5.0223
2.78551 4.82574
2.74742 4.58702
2.62563 4.72586
2.75268 4.98575
2.61864 5.01321
2.72632 5.10351
2.70651 5.20808
2.84942 5.23999
2.74067 5.42355
2.5881 5.29904
2.6281 5.59305
2.48946 5.55246
2.5519 5.76565
2.666 5.82849
2.77848 5.73928
2.74999 6.0453
2.60356 6.02821
2.49407 6.29266
2.43993 5.86635
2.33187 6.06729
2.27728 5.75006
2.17845 6.09272
2.30357 6.36291
2.13206 6.43649
2.2777 6.69771
2.08937 6.77735
1.94345 6.51972
1.88138 6.82332
1.77774 6.59206
1.66835 6.8081
1.61811 6.48876
1.43219 6.37586
1.16849 6.4445
1.33666 6.10029
1.64756 6.06758
1.4912 5.82163
1.70387 5.65341
1.85633 5.79588
1.87508 6.02135
2.05141 5.80318
1.99516 6.18745
1.808 6.30772
1.92052 5.48122
2.15495 5.37386
2.3509 5.45108
2.38912 5.64885
2.44503 5.28993
2.30283 5.11711
2.46247 5.05368
2.44606 4.75214
2.34163 4.87988
2.29127 4.68986
2.20001 4.79325
2.13957 5.01282
1.95585 5.05341
2.04018 4.75397
1.83767 4.63116
1.76877 4.90828
1.64991 4.66172
1.59208 4.94496
1.7191 5.25565
1.44734 5.20539
1.37286 4.89237
1.33102 5.09187
1.24805 5.19462
1.2496 5.41075
1.09254 5.25482
0.904255 5.39536
1.19806 5.7471
0.79822 5.7665
1.00745 6.11676
0.670631 6.08423
0.549322 5.8317
0.401381 5.97003
0.337297 5.68154
0.178518 5.82279
0.0477476 5.48539
-0.0297012 5.75777
-0.184361 5.52299
-0.243351 5.75126
-0.0520468 5.99328
0.0928173 5.96785
0.146975 6.18225
0.238223 6.47473
0.435558 6.28555
0.811462 6.46458
0.247046 6.05373
-0.42664 5.43679
-0.255394 5.19753
-0.503564 5.11366
-0.603147 5.22768
-0.57651 4.9195
-0.451955 4.86601
-0.649301 4.65908
-0.513096 4.65827
-0.38531 4.60763
-0.25077 4.88487
-0.014102 5.08512
0.305404 5.34023
0.183791 4.94029
0.524084 5.18321
0.51084 5.411
0.664237 5.48398
0.705292 5.08053
0.89482 5.06564
0.62946 4.76843
0.511333 4.90527
0.355984 4.60918
0.332159 4.83522
0.0830612 4.52163
0.156799 4.16827
0.424116 4.44874
0.396029 4.2076
0.590608 4.48712
0.893003 4.68737
0.611934 4.2847
0.806552 4.21733
1.03912 4.41821
1.16826 4.71509
1.19382 4.96743
1.07876 5.06342
1.2905 4.49802
1.49256 4.69261
1.48964 4.42533
1.64079 4.36321
1.48324 4.17741
1.32425 4.15668
1.3809 3.90532
1.56846 4.05848
1.46032 3.6882
1.66178 3.98894
1.7594 4.25977
1.82822 4.10917
1.96484 4.44085
2.00147 4.23303
2.14485 4.50429
2.09201 4.62171
2.15012 4.22665
2.29309 4.51787
2.41045 4.40003
2.60108 4.50456
2.58194 4.27656
2.78888 4.33649
2.66672 4.10498
2.47509 3.90077
2.3391 4.04122
2.22219 3.72013
2.11021 3.82221
1.95879 3.46613
1.86772 3.62629
1.70336 3.24496
1.63197 3.364
1.45775 3.00402
1.40171 3.14878
1.25974 2.83605
1.14467 2.89338
1.0546 2.57133
0.901315 2.59473
0.819382 2.28119
0.653612 2.28507
0.570911 1.96943
0.499475 2.04966
0.434018 2.11463
0.550062 2.38564
0.339496 2.20559
0.23109 1.92868
0.162439 2.0713
0.0166063 1.78979
-0.0336971 2.03527
-0.215373 1.66244
-0.230465 1.87956
-0.200323 2.10036
-0.0362206 2.36019
0.071866 2.2725
0.199306 2.47775
0.149519 2.72665
-0.089488 2.6444
-0.312748 2.3367
-0.244514 2.65915
-0.422547 2.78504
-0.551294 2.34072
-0.695998 2.54902
-0.604713 2.83631
-0.721385 2.97087
-0.888573 2.64128
-0.922248 2.17523
-0.727312 2.13959
-0.874948 1.74996
-0.575194 1.95274
-0.686608 1.54008
-0.487525 1.71491
-0.359857 1.94133
-0.349077 1.72523
-0.47539 1.46934
-0.345579 1.33446
-0.130904 1.46973
-0.292619 1.14302
-0.0492935 1.30951
0.0938272 1.62286
0.165719 1.47974
0.339486 1.81395
0.365822 1.59947
0.568741 1.75374
0.744923 2.00208
0.711319 1.74482
0.844273 2.02105
0.948124 2.25238
0.981405 2.09161
1.21702 2.54681
1.19736 2.21529
1.35333 2.52842
1.52624 2.85837
1.50592 2.62753
1.71375 2.90322
1.76534 3.13958
1.93219 3.20431
1.90439 2.94503
2.13907 3.28646
2.15009 3.07298
2.40643 3.4087
2.35145 3.10711
2.53651 3.32043
2.66384 3.55398
2.67743 3.37315
2.8375 3.58869
2.78561 3.73901
2.67659 3.84328
2.80536 4.11476
2.56424 3.6302
2.48782 3.68271
2.30752 3.58533
2.75032 3.27363
2.90647 3.31191
3.06273 3.26204
2.93972 3.15859
2.844 3.08784
2.81099 3.18169
2.69666 3.02713
2.75903 2.85312
2.91291 2.94889
2.7906 2.69869
2.65976 2.57429
2.61039 2.74911
2.48147 2.50262
2.46994 2.67372
2.50131 2.86788
2.37844 2.70607
2.33536 2.84104
2.24115 2.58661
2.13851 2.64455
2.11606 2.82074
1.94895 2.54206
1.90594 2.64679
1.96282 2.83531
1.77614 2.63243
1.72637 2.36843
1.52679 2.34084
1.48907 2.06453
1.33088 2.01718
1.33364 2.22759
1.46388 2.44402
1.35974 2.40363
1.64265 2.6485
1.18244 1.98029
0.951715 1.80492
1.11729 1.69385
1.33462 1.87648
1.40568 1.77354
1.65536 2.04375
1.5845 1.84826
1.69556 1.90888
1.86225 2.1058
1.84207 2.29214
2.0405 2.3959
2.08352 2.1866
2.19452 2.39105
2.34166 2.52096
2.2639 2.243
2.48907 2.25037
2.22797 1.97927
2.07432 2.0167
2.14457 2.14391
1.95989 2.0386
1.8325 1.86836
1.96124 1.72154
1.72363 1.63299
1.58646 1.70713
1.50668 1.4572
1.38205 1.54824
1.14688 1.44142
1.2899 1.37908
1.11991 1.25788
0.939034 1.20429
0.78895 1.25555
0.658047 0.963607
0.355644 0.896555
0.257692 0.683421
0.0125151 0.606043
0.0620451 0.760414
0.248788 0.934988
0.128505 0.911473
-0.0793171 0.771395
0.075346 0.996925
0.272621 1.09889
0.257867 1.23645
0.0669718 1.19542
0.258655 1.37419
0.205717 1.39979
0.438273 1.49596
0.469179 1.36427
0.682733 1.50201
0.802032 1.47772
0.480545 1.18248
0.273069 1.01526
-0.14159 0.885991
-0.194227 1.02353
-0.343829 0.778258
-0.376451 0.901213
-0.534707 0.698905
-0.495536 0.912711
-0.46171 1.10003
-0.654578 0.93731
-0.654339 0.742389
-0.842566 0.644163
-0.860131 0.861913
-0.732991 1.16286
-0.952757 0.957024
-1.07218 0.663628
-1.09678 0.916966
-0.963918 1.248
-1.20725 1.03474
-1.14731 1.47522
-1.36229 1.15746
-1.33233 1.6242
-1.50206 1.29028
-1.50951 1.67018
-1.36916 2.03479
-1.22406 2.03454
-1.24408 2.41345
-1.39336 2.42037
-1.28488 2.87412
-1.45497 2.74407
-1.51722 2.40313
-1.60122 2.59702
-1.65029 2.18762
-1.73476 2.47196
-1.85544 2.16415
-1.76518 1.76815
-1.61471 1.83675
-1.50794 2.08894
-1.67264 1.4779
-1.5842 1.37948
-1.66502 1.10576
-1.55604 0.8614
-1.74231 0.738834
-1.81606 0.893319
-1.80828 1.17078
-1.93897 1.29646
-1.80451 1.44588
-1.86851 1.55005
-1.9186 1.74265
-1.94709 1.51707
-2.04275 1.97006
-2.20058 1.81707
-2.189 2.20596
-2.03061 2.40454
-2.18724 2.61697
-2.04471 2.85833
-2.17795 2.87826
-2.16474 3.09913
-2.01772 3.34235
-2.2646 3.45871
-2.31038 2.9168
-2.52273 3.17629
-2.48511 2.74816
-2.65008 2.8266
-2.62246 3.04041
-2.69706 3.12155
-2.68141 3.5138
-2.8287 3.29939
-2.87502 3.6616
-2.47296 3.7664
-3.01968 3.30894
-3.26665 3.30585
-3.37219 3.56855
-3.41086 3.3734
-3.43075 3.2339
-3.14737 2.96033
-2.8937 2.87396
-3.06515 2.65374
-3.10236 2.37573
-2.93886 2.41402
-2.96882 2.08917
-2.81735 2.08714
-2.75932 2.43537
-2.56855 2.40754
-2.65027 2.04027
-2.46965 2.01987
-2.36488 2.41703
-2.3161 2.02854
-2.3613 1.70832
-2.56877 1.55649
-2.73708 1.77359
-2.73566 1.54276
-2.80191 1.65005
-2.86495 1.51231
-2.71526 1.27212
-2.86011 1.81153
-2.98671 1.80097
-3.11432 2.08104
-3.11304 1.76674
-2.99058 1.59842
-2.59244 1.1864
-2.6569 1.03427
-2.25588 4.02343
-2.23469 4.33202
-2.06718 4.32673
-2.05893 3.84094
-1.86248 4.13795
-1.69028 4.34376
-1.66228 3.95678
-1.48595 4.33612
-1.45615 3.89528
-1.30246 4.13207
-1.2762 4.52348
-1.14571 4.32659
-0.996759 4.45301
-1.01749 4.0973
-0.848386 4.36596
-0.673208 4.20348
-0.544215 4.4839
-0.467734 4.28173
-0.303036 4.40093
-0.126747 4.67972
-0.166033 4.35524
-0.117414 4.10338
-0.325777 4.11097
-0.310308 3.67053
-0.0769138 3.86569
0.0378504 3.84817
0.205333 3.82275
-0.0741224 3.5922
0.0599566 3.43666
0.301128 3.52484
0.40365 3.82889
0.433632 4.03152
0.577692 4.01211
0.521987 3.74259
0.690832 3.92016
0.867117 3.92955
0.956157 4.18174
1.09613 4.11355
1.18425 3.82748
0.990013 3.75128
1.0442 3.52527
1.23046 3.58835
1.04987 3.27484
1.2357 3.39281
1.27946 3.25353
1.59033 3.54205
1.68549 3.84335
1.86948 3.89317
1.74026 3.61155
2.04907 3.93696
2.22098 4.08796
1.1324 3.20544
0.94769 2.925
0.845681 3.07521
0.880259 3.29262
0.669193 3.08768
0.731084 3.38897
0.899805 3.50846
0.835151 3.64212
0.673793 3.6442
0.567121 3.37438
0.484491 3.49132
0.35309 3.1478
0.569934 3.20801
0.50862 3.06005
0.429284 2.82163
0.667054 2.83568
0.414902 2.48149
0.67313 2.6417
0.75332 2.57147
0.174415 2.25916
0.267344 2.25208
0.0674562 2.93759
0.117931 3.20577
-0.00316715 3.04962
-0.0510578 3.18742
-0.0832758 3.34978
-0.227517 3.23647
-0.43252 3.22543
-0.593582 3.40474
-0.52952 3.8921
-0.766408 3.70179
-0.781592 3.29268
-0.925795 3.34998
-0.967994 3.71075
-0.858366 4.02093
-1.11117 3.7582
-1.17041 3.99904
-1.28157 3.64698
-1.1215 3.30479
-1.27005 3.25918
-1.40477 3.20685
-1.44822 3.56594
-1.56072 3.36231
-1.56642 2.98266
-1.70327 3.1832
-1.69687 3.54581
-1.56393 3.67424
-1.8597 3.7054
-1.83212 3.36123
-1.86081 3.03038
-1.71826 2.8101
-1.87222 2.62274
-1.12419 2.79546
-1.01384 3.04509
-0.890887 3.01375
-0.999921 2.77266
-1.07456 2.39603
-0.56185 3.04651
-0.13879 2.9158
-1.6949 0.534761
-1.55468 0.560686
-1.39023 0.74457
-1.4737 0.425084
-1.64637 0.324133
-1.54255 0.236424
-1.40133 0.273539
-1.30051 0.516393
-1.21121 0.351702
-1.02411 0.432786
-0.867813 0.375962
-0.715987 0.575587
-0.646402 0.472389
-0.475498 0.591069
-0.4986 0.419226
-0.304908 0.650033
-0.224296 0.54702
-0.429109 0.311084
-0.227668 0.417182
-0.0760078 0.428822
-0.350896 0.251951
-0.264082 0.230897
-0.45759 0.122393
-0.608549 0.100036
-0.624443 0.221892
-0.803349 0.0780625
-0.759754 0.249505
-0.89393 0.108132
-0.975174 0.151082
-1.02488 -0.0144449
-1.18627 0.029716
-1.26516 -0.147395
-1.1282 -0.165376
-0.935081 -0.0696751
-0.798425 0.00642622
-0.834508 -0.0699185
-0.618229 0.00142074
-0.817728 -0.108724
-1.00958 -0.209641
-1.04024 -0.181526
-1.15533 -0.266842
-1.19662 -0.245919
-1.31604 -0.324067
-1.32529 -0.261985
-1.51516 -0.237948
-1.40912 -0.083462
-1.64308 -0.139744
-1.75113 -0.244961
-1.8246 -0.184923
-1.81667 -0.0859514
-1.66051 -0.00646043
-1.80595 0.0439529
-1.6583 0.125867
-1.77386 0.177382
-1.52057 0.10538
-1.51538 -0.0153687
-1.33467 0.104668
-1.10381 0.225929
-1.21348 -0.333873
-1.00782 -0.242455
-1.18123 -0.375147
-0.793296 -0.130608
-0.592096 -0.0394489
-0.54981 -0.0498688
-0.345996 0.0632528
-0.412868 0.0856285
-0.193787 0.210032
-0.0397921 0.35533
0.0204105 0.353516
0.138728 0.45392
0.177596 0.532518
0.452374 0.727494
0.356268 0.588307
0.576488 0.747514
0.685301 0.857695
0.868782 0.995103
0.903405 1.10061
1.03846 1.13803
1.06366 1.04032
1.29056 1.21738
1.2567 1.06691
1.47717 1.14341
1.54616 1.31008
1.71799 1.31573
1.72749 1.47865
1.91196 1.50242
2.17801 1.7008
2.37984 1.98989
2.44518 1.91592
2.54938 2.12984
2.72104 2.40946
2.65706 2.13933
2.79247 2.32528
2.86499 2.53155
2.87005 2.69481
2.92796 2.69275
3.00761 2.88688
3.15778 3.12519
3.20539 3.42737
3.28811 3.32777
3.29439 3.54414
3.36597 3.57456
3.37777 3.41126
3.46611 4.12186
3.33274 3.23045
3.21718 3.00472
3.32428 3.08523
3.16973 2.77406
3.0525 2.66207
3.08802 2.86553
2.96764 2.66572
2.89711 2.43331
2.92891 2.3503
2.77721 2.16194
2.77344 2.07077
2.66492 1.97638
2.5899 1.96632
2.53329 1.83368
2.44808 1.81375
2.36321 1.66787
2.31792 1.71924
2.18526 1.52753
2.22425 1.46195
2.06855 1.34041
1.94704 1.37658
1.8725 1.17315
1.69044 1.16017
1.63945 1.02069
1.47011 1.01094
1.31602 1.01071
1.24531 0.910884
1.11569 0.956323
0.998154 0.822734
0.834398 0.850111
0.76204 0.712413
0.561544 0.67189
0.575952 0.626238
0.461647 0.582224
0.351424 0.53215
0.323371 0.488609
0.151558 0.400258
0.179038 0.423448
0.0408468 0.317755
0.19707 0.426342
-0.0442085 0.295959
0.109448 0.38995
0.227067 0.460122
0.333286 0.499272
0.342181 0.492383
0.490772 0.567943
0.373896 0.510095
0.454416 0.559484
0.675179 0.624776
0.60777 0.579807
0.869747 0.703574
0.818868 0.650289
1.03894 0.743121
1.14122 0.805239
1.2651 0.801362
1.41017 0.888179
1.44548 0.856872
1.60654 0.923256
1.76187 1.0266
1.74721 0.982478
1.90272 1.11571
2.07266 1.2832
1.89181 1.06686
1.73458 0.943607
1.57319 0.870074
1.57365 0.858486
1.48146 0.819341
1.39561 0.80133
1.51334 0.871707
1.70518 0.937415
1.61973 0.956831
1.84048 1.0615
1.85797 1.05912
1.99419 1.17502
1.98043 1.22202
2.11157 1.35917
2.19771 1.50472
1.88034 1.17658
1.4112 0.911196
1.28345 0.844581
1.23194 0.879116
1.11113 0.909102
1.26637 0.94801
1.0702 0.973498
1.09424 0.776442
1.24408 0.793026
1.18008 0.738596
1.3634 0.794767
1.16963 0.752874
0.986674 0.696396
0.931205 0.714714
0.760233 0.656182
0.624234 0.580583
0.374241 0.51398
0.151651 0.430044
0.144518 0.407783
-0.013689 0.351569
-0.0111132 0.335466
-0.11897 0.278096
-0.16289 0.248639
-0.225432 0.210665
-0.284234 0.148802
-0.261492 0.141471
-0.453242 0.0276083
-0.223141 0.153617
-0.421805 0.0292052
-0.524525 -0.0242472
-0.660528 -0.0741501
-0.0931435 0.243964
-0.360179 0.143295
-0.233852 0.260451
-0.0414639 0.374443
0.0661783 0.485401
0.204321 0.463808
2.38064 1.61173
2.4898 1.74991
2.55708 1.76843
2.64108 1.87383
2.72824 1.955
2.88042 2.16141
3.06726 2.55877
0.995197 1.18749
-0.849474 -0.153114
-1.22323 0.759578
-1.09763 2.02758
-1.05462 1.82725
-1.18151 1.78451
-0.529205 1.19684
2.54443 3.13027
2.11374 3.45985
0.530391 5.59586
-0.399294 5.67207
1.48941 5.5254
2.42831 6.60679
2.87886 5.53386
2.94056 5.42191
2.99883 5.30136
3.04495 5.12713
3.13003 5.0478
3.18856 4.60915
3.27769 4.60934
3.33741 4.4409
3.20611 4.16297
3.49479 4.33248
3.11526 7.33504
3.17676 7.51407
3.48328 7.09557
3.64324 7.0123
-1.78935 5.233
-1.9355 5.20601
-4.0007 3.68846
-3.31898 1.65089
3.16731 8.74867
-3.96745 4.33853
-4.33396 3.8183
-4.31471 3.72026
-4.28897 3.58511
-4.28821 3.53918
-4.24352 3.49401
-4.30881 4.42942
-4.23606 4.19479
-4.24744 4.06717
-3.83779 4.91077
-3.63524 5.26961
-3.60043 5.12962
-3.45924 5.42629
-3.47711 5.21391
-2.1588 6.62601
-2.22461 6.78133
-2.04971 6.848
-1.45155 7.61873
1.52698 9.69427
2.0288 9.58698
2.18869 9.53064
0.42615 10.2568
-2.41865 8.32163
-1.99849 8.93025
-1.93278 9.00971
-1.88173 9.07305
-1.8239 9.11941
-1.73679 9.1841
-1.72698 9.09093
-1.86695 8.86131
-1.73015 8.94965
-1.54064 9.19041
-1.60726 8.99172
-1.38287 9.16937
-1.34634 9.3447
-1.22756 9.39306
-1.15932 9.36204
-1.15997 9.21176
-0.922441 9.35583
-1.09152 9.07985
-0.707739 9.4952
-1.23173 9.0243
-1.37705 8.96555
-1.30402 8.82765
-1.74323 8.81278
0.799633 10.3282
