8.0677 -4.15134
8.07282 -4.28842
8.03115 -4.12932
8.06123 -4.31553
8.04342 -4.2765
8.01018 -4.0668
8.05368 -4.29012
8.01433 -4.08165
7.97001 -3.84765
7.97052 -3.94998
8.00048 -4.09365
8.03866 -4.26127
8.05495 -4.40998
8.00476 -4.22974
7.96557 -3.98349
7.98228 -4.19439
8.03754 -4.5298
7.98944 -4.31178
7.95035 -3.973
7.92794 -4.19273
7.97615 -4.44803
7.95479 -4.44672
8.00454 -4.70614
7.97816 -4.77401
8.03802 -5.03882
8.06368 -4.91774
8.01466 -4.58276
8.10332 -4.94315
8.07718 -4.67741
8.07832 -4.65435
8.04653 -4.4588
8.08567 -4.65215
8.06128 -4.47793
8.06835 -4.42645
8.07762 -4.55263
8.07878 -4.53344
8.05523 -4.43406
8.08524 -4.59701
8.08516 -4.46992
8.13087 -4.68417
8.11753 -4.79905
8.07851 -4.67055
8.12023 -4.86719
8.16162 -5.04521
8.14226 -5.04813
8.11523 -4.86183
8.13236 -5.07021
8.09363 -4.84877
8.16202 -5.21745
8.13762 -5.29376
8.18225 -5.42305
8.19588 -5.5991
8.22296 -5.62623
8.19024 -5.31832
8.21013 -5.43548
8.16357 -5.21961
8.16482 -5.17454
8.15853 -4.96543
8.15577 -4.8461
8.38942 -6.60615
8.40612 -6.78066
8.35475 -6.70823
8.3821 -6.89671
8.42218 -6.90354
8.41586 -6.99348
8.42397 -7.1052
8.39452 -7.05236
8.40411 -7.23541
8.44758 -7.38427
8.42576 -7.77601
8.42829 -7.61004
8.37578 -7.65442
8.41259 -7.46595
8.45008 -7.51165
8.34384 -7.36572
8.33776 -7.01025
8.29744 -7.22951
8.26508 -6.80283
8.22515 -7.08934
8.16969 -6.60251
8.22019 -6.47326
8.15457 -6.18253
8.08922 -6.17058
8.05972 -5.82664
8.00667 -5.84153
8.03078 -6.13905
7.93708 -5.89916
7.93479 -5.52061
7.86325 -5.47053
7.83643 -5.76538
7.79984 -5.40994
7.79532 -5.15215
7.72678 -5.19166
7.71649 -4.89566
7.63612 -4.95304
7.62708 -4.64032
7.52428 -4.67704
7.5619 -5.0764
7.45853 -4.89436
7.39343 -4.57481
7.4221 -4.29546
7.32651 -4.31436
7.31343 -4.10162
7.37086 -3.94529
7.24653 -3.84654
7.26053 -3.5477
7.11211 -3.54503
7.06719 -3.17428
6.98632 -3.2464
6.88831 -2.92698
6.88605 -3.15958
6.7424 -2.96171
6.72106 -2.68249
6.56615 -2.5739
6.63617 -2.4237
6.7836 -2.55833
6.6861 -2.30521
6.56507 -2.15113
6.66127 -2.08213
6.79391 -2.32919
6.75339 -2.09604
6.84259 -2.21824
6.9417 -2.52548
6.92712 -2.30763
6.87163 -2.12139
6.95812 -2.22986
6.88005 -1.91726
6.77361 -1.94999
6.73257 -1.675
6.66841 -1.73876
6.63165 -1.51764
6.68176 -1.39216
6.79013 -1.57611
6.75938 -1.29055
6.88364 -1.64751
6.86478 -1.38978
6.76212 -1.08323
6.65683 -0.961258
6.68793 -0.852925
6.76366 -0.877801
6.65756 -0.621523
6.77157 -0.674157
6.67818 -0.406738
6.79208 -0.558581
6.74909 -0.366929
6.66021 -0.23622
6.69702 -0.197252
6.66073 0.050503
6.67472 -0.0699707
6.60681 0.026294
6.6204 -0.0939969
6.51826 0.0145651
6.21624 0.785523
6.12055 0.764299
6.21274 0.573796
6.05813 0.666267
6.18421 0.46828
6.10441 0.426651
5.94806 0.620783
5.91008 0.784597
5.73952 0.873955
5.92019 0.937408
5.68693 1.17231
5.82226 1.13766
5.74542 1.28102
5.5834 1.42258
5.70839 1.40733
5.82042 1.31855
5.61269 1.55732
5.46183 1.68091
5.38318 1.77883
5.26754 1.73582
5.24134 1.88727
7.46003 -1.91574
8.01067 -4.00805
7.97305 -3.85004
7.99855 -3.95108
7.95153 -3.7865
7.92228 -3.68058
7.88314 -3.52041
7.93283 -3.62557
7.87698 -3.41615
7.87418 -3.38683
7.83926 -3.26658
7.83852 -3.28182
7.78582 -3.10617
7.78252 -3.08707
7.71268 -2.88711
7.71855 -2.8664
7.79072 -3.1081
7.74558 -2.92656
7.8747 -3.67303
7.86325 -3.6899
7.84276 -3.57972
7.86628 -3.56973
7.84572 -3.50966
7.85767 -3.47809
7.8372 -3.431
7.82349 -3.2216
7.79092 -3.07172
7.82176 -3.28357
7.84369 -3.37244
7.84574 -3.39083
7.86258 -3.45731
7.881 -3.53092
7.89034 -3.50474
7.88949 -3.64748
7.92053 -3.75697
7.9098 -3.72235
7.90782 -3.71612
7.82318 -3.31544
7.86183 -3.76442
7.84299 -3.63906
8.32249 -8.80606
8.32243 -8.83619
8.30205 -8.94136
8.27563 -9.00692
8.28985 -8.88739
8.22688 -9.08077
8.21086 -9.19767
8.1585 -9.23416
8.11654 -9.38507
8.10708 -9.32394
8.16169 -9.16157
8.08107 -9.24888
8.03595 -9.39494
7.9906 -9.35419
8.06903 -9.14313
7.98764 -9.15239
8.05668 -9.01286
8.12888 -8.95142
8.10318 -8.84397
8.02766 -8.93274
8.05961 -8.75989
7.98509 -8.78161
8.03896 -8.58168
7.93582 -8.56519
8.01598 -8.31589
7.91338 -8.30851
7.94169 -8.0581
8.03541 -8.00793
8.08271 -8.18898
8.12298 -7.94214
8.12662 -8.20052
8.20355 -8.05488
8.19638 -7.73169
8.12505 -7.5894
8.17999 -7.37706
8.11737 -7.29612
8.13891 -6.97868
8.0619 -7.07619
8.07475 -7.41819
8.00056 -7.38222
7.98377 -7.03316
7.91373 -7.14281
7.93843 -6.8528
7.99059 -6.68342
7.88289 -6.52181
7.87967 -6.84798
7.81244 -6.66469
7.82335 -7.01823
7.75291 -6.77119
7.7293 -6.51386
7.65927 -6.63133
7.72212 -6.97914
7.6369 -6.87236
7.57797 -6.66374
7.55253 -6.36488
7.48105 -6.55091
7.46552 -6.28952
7.39511 -6.30676
7.42718 -6.17816
7.46862 -6.06734
7.37164 -6.07891
7.36779 -5.81639
7.28991 -5.92466
7.25991 -5.66204
7.17554 -5.89084
7.1292 -5.54227
7.01077 -5.7813
6.9722 -5.3918
7.0857 -5.20359
6.93852 -5.03129
7.04974 -4.91827
7.17083 -4.99368
7.08775 -4.65854
6.92992 -4.68839
6.96239 -4.46005
6.85167 -4.40228
6.87943 -4.15704
6.79705 -4.24395
6.71915 -4.08227
6.72383 -3.82695
6.59619 -3.85574
6.58265 -4.08714
6.4546 -3.78475
6.43315 -4.05424
6.28385 -3.78122
6.30068 -4.17014
6.09987 -3.86176
6.10094 -3.38557
5.90782 -3.55224
5.91392 -3.93616
5.72991 -3.73227
5.71308 -4.20588
5.54005 -3.8929
5.4089 -4.20285
5.3873 -4.60379
5.83312 -4.74013
6.07156 -4.33776
6.24331 -4.90055
6.3458 -4.53627
6.53255 -4.8359
6.55864 -4.41833
6.75377 -4.78477
6.76901 -4.52713
6.75089 -5.18124
6.71698 -4.30047
6.48624 -5.18011
6.663 -5.41895
6.82129 -5.60497
6.67218 -5.62129
6.50867 -5.50457
6.56621 -5.76686
6.72445 -5.79602
6.65445 -5.95508
6.83248 -6.00496
7.08221 -6.25834
6.84803 -6.45384
6.63136 -6.19166
6.59227 -6.46719
6.34943 -6.27279
6.46346 -5.98571
6.2388 -5.99112
6.31374 -5.70594
6.07849 -5.82995
5.99423 -6.12519
5.82444 -5.77604
5.58667 -6.08845
5.79245 -6.45799
6.11677 -6.44499
6.39074 -6.68851
6.054 -6.69269
6.19474 -6.98558
5.78001 -6.93492
6.09448 -7.31274
5.78306 -7.50487
5.40687 -7.16883
5.36012 -7.52741
5.04423 -7.33229
5.08613 -7.59532
4.79903 -7.57194
4.95941 -7.8595
4.66577 -7.80933
4.70339 -8.02959
4.37148 -7.99951
4.48024 -7.65691
4.001 -7.69032
3.88169 -8.19845
3.58569 -7.98247
3.40597 -7.72408
3.63542 -7.41643
3.34746 -7.52272
3.25845 -7.38569
3.12797 -7.59224
2.97496 -7.45227
2.82449 -7.67844
3.04001 -7.80284
3.13494 -8.09133
2.78426 -7.94707
2.56639 -8.33134
2.44916 -7.82361
2.09906 -8.16598
1.99388 -7.74979
2.33396 -7.42404
2.6921 -7.4555
2.63142 -7.19339
3.05351 -7.17019
2.78948 -6.91601
2.35935 -7.00295
2.62093 -6.63311
2.95522 -6.65482
3.18082 -6.81929
3.23662 -6.55482
2.98114 -6.31138
3.52583 -6.31104
3.30955 -6.02553
3.67234 -6.04985
3.52724 -5.77829
3.86988 -5.8
3.70531 -5.56682
3.98798 -5.47611
3.67849 -5.25357
3.45487 -5.51194
3.41746 -5.32202
3.43475 -5.13964
3.54691 -4.9381
3.2721 -4.94404
3.24756 -5.23301
3.10779 -5.09011
2.97594 -4.87432
3.2007 -4.63477
2.89781 -4.46328
3.23779 -4.32106
3.41262 -4.52369
3.56203 -4.31703
3.65281 -4.64806
3.89093 -4.43186
3.94253 -4.69371
4.24986 -4.58948
4.08989 -4.86958
4.37452 -4.96865
4.69376 -4.71488
4.718 -5.07757
5.02721 -4.88259
5.03532 -4.60546
4.86584 -4.44204
5.16252 -4.34187
4.81617 -4.10536
5.19376 -3.9799
4.95625 -3.79819
4.7302 -3.78797
4.8184 -3.5932
4.51568 -3.51946
4.50766 -3.88107
4.15262 -3.75591
4.0872 -3.26062
4.40599 -3.23056
4.36927 -2.95241
4.65265 -3.21237
4.7019 -2.93801
4.604 -2.65955
4.17403 -2.54829
4.4962 -2.33453
4.20452 -2.23356
4.40305 -2.05082
4.08159 -2.00633
4.28374 -1.8226
4.65137 -1.80779
4.25875 -1.51692
4.0093 -1.76448
3.70231 -1.56488
3.89061 -1.24531
3.48836 -1.22203
3.19547 -1.54247
3.11068 -1.19057
2.86703 -1.44689
2.67561 -1.19757
2.58144 -1.68151
2.37256 -1.53737
2.32321 -1.29828
2.3905 -0.978959
2.12427 -1.23922
2.13632 -0.867182
2.43488 -0.594184
2.22895 -0.5228
2.01444 -0.644156
1.91599 -0.929213
1.78314 -0.801772
1.75281 -1.13025
1.62336 -1.06144
1.6046 -0.870896
1.68142 -0.557543
1.47716 -0.814965
1.47158 -1.11062
1.28138 -1.0769
1.30182 -1.42588
1.55466 -1.40091
1.37838 -1.65477
1.51075 -1.82167
1.68683 -1.61532
1.75534 -1.38004
1.90004 -1.54082
1.92241 -1.18501
2.14121 -1.56874
1.97946 -1.82688
2.21891 -1.95266
1.93279 -2.1201
1.74823 -1.92647
1.7029 -2.41706
1.56091 -2.13297
1.35894 -2.17058
1.3216 -1.89105
1.15514 -2.08992
1.2233 -1.75689
1.07668 -1.8779
0.981258 -2.13932
0.956089 -1.82741
1.11453 -1.63161
1.01458 -1.55216
0.894852 -1.58513
0.798397 -1.87361
0.759706 -1.60924
0.878082 -1.30856
0.739621 -1.34278
0.833551 -1.12555
0.757056 -1.06442
0.885118 -0.87844
0.816163 -0.766775
0.665194 -0.97086
0.761234 -0.616199
0.871797 -0.578295
0.994476 -0.520572
0.910714 -0.424272
0.984468 -0.330827
0.978106 -0.208556
1.07386 -0.203772
1.09973 0.051468
1.16514 -0.0548923
1.26906 0.103043
1.29794 0.351798
1.11841 0.277744
1.2457 0.542384
1.01677 0.244759
0.901773 0.173263
0.698237 -0.0622691
0.614961 -0.238919
0.706157 -0.165352
0.805197 0.018976
0.841272 -0.0975271
0.94088 0.0962233
0.932308 0.0195141
1.01256 0.101939
0.948689 -0.0653752
0.825892 -0.314202
0.701993 -0.326538
0.677182 -0.559514
0.636008 -0.78721
0.555401 -0.820919
0.590176 -0.577197
0.497918 -0.802571
0.480504 -0.73555
0.497826 -0.620441
0.560385 -0.489138
0.506905 -0.469255
0.61912 -0.363897
0.298506 -0.957407
0.400492 -0.736624
0.318422 -0.98513
0.410712 -0.822538
0.338552 -1.02002
0.402017 -0.965383
0.280255 -1.26867
0.35074 -1.22126
0.454924 -1.01249
0.403856 -1.25774
0.480612 -1.07091
0.549453 -1.02613
0.461643 -1.2842
0.54767 -1.27754
0.638003 -1.30053
0.545286 -1.52472
0.450498 -1.58669
0.495277 -1.83446
0.419641 -1.86801
0.353846 -1.83719
0.370456 -2.10874
0.254572 -2.18186
0.303751 -2.3033
0.238308 -2.59091
0.146294 -2.53097
0.0973256 -2.90311
0.0366073 -2.79848
-0.0326307 -3.22694
-0.0787132 -3.0643
-0.129922 -3.37804
-0.186628 -3.37011
-0.224785 -3.72926
-0.13026 -3.5804
-0.196872 -3.96619
-0.0691297 -3.66162
0.0450082 -3.32066
0.012408 -3.77128
0.0984173 -3.39091
0.168071 -3.06336
0.154166 -3.45846
0.261092 -3.05669
0.254936 -2.82927
0.338631 -2.67014
0.346975 -2.374
0.447245 -2.2395
0.432814 -2.00721
0.568512 -2.01238
0.622154 -1.64339
0.678197 -1.91022
0.623057 -2.16883
0.705364 -2.17912
0.83105 -2.16311
0.718464 -2.52712
0.855494 -2.49422
1.01314 -2.43533
0.900117 -2.84404
1.04546 -2.6734
1.17096 -2.43158
1.16035 -2.75036
1.32636 -2.52782
1.48591 -2.36488
1.47637 -2.60916
1.54896 -2.89031
1.82619 -2.85385
2.04946 -2.47029
2.10197 -2.96265
2.31513 -2.69484
2.3078 -2.32946
2.49697 -2.08416
2.72061 -1.91705
2.86022 -1.69991
3.0407 -1.978
3.3945 -1.80843
3.37998 -2.06421
3.71181 -1.94927
3.57635 -2.24142
3.8991 -2.2557
3.68861 -2.57381
3.9853 -2.86449
3.63704 -2.99937
3.36211 -2.73362
3.25142 -2.38169
3.1232 -2.67004
2.98906 -2.50305
2.94228 -2.29977
2.78623 -2.4698
2.91517 -2.70798
2.70738 -2.67274
2.80826 -2.89443
3.14964 -3.02858
2.75828 -3.22673
3.10073 -3.46261
3.56866 -3.52144
3.2663 -3.67121
3.05907 -3.75721
2.84218 -3.58444
2.81904 -3.8334
3.00679 -4.06756
3.3595 -3.95506
2.68766 -4.11387
2.51403 -3.66249
2.33379 -4.21535
2.1512 -3.83797
2.169 -3.40564
1.97951 -3.61339
1.87841 -3.29019
2.39541 -3.12375
1.77674 -3.6712
1.62176 -3.47187
1.66664 -3.15105
1.44331 -3.29088
1.39192 -3.06975
1.25681 -3.22609
1.23264 -3.56958
1.07255 -3.45667
1.05562 -3.81578
0.93466 -3.71036
0.920486 -4.0788
0.785432 -3.88323
0.905754 -3.32674
0.74335 -3.5343
0.655861 -3.84238
0.633488 -3.44648
0.774763 -3.20622
0.735358 -2.9098
0.563802 -2.99982
0.607868 -2.4674
0.476552 -2.67244
0.541203 -2.30287
0.447825 -3.07374
0.362376 -3.02737
0.269479 -3.38051
0.366757 -3.39154
0.27475 -3.64842
0.185351 -3.75211
0.0876436 -3.85649
0.00212789 -4.15732
-0.0756361 -4.1894
-0.14152 -4.15204
-0.136009 -4.4008
-0.0880716 -4.43872
-0.160408 -4.60083
-0.121068 -4.72284
-0.0172067 -4.49189
0.0981846 -4.14632
0.105304 -4.55515
0.229741 -4.00983
0.277361 -4.30025
0.34732 -3.89522
0.393186 -4.07701
0.474038 -3.6298
0.515071 -4.04094
0.365351 -4.47933
0.488537 -4.48781
0.631658 -4.31129
0.543913 -4.77344
0.678148 -4.75356
0.789374 -4.3983
0.81285 -4.82835
0.973885 -4.52657
1.05677 -4.13825
1.19767 -4.32306
1.212 -3.93401
1.39056 -4.06057
1.40495 -3.68977
1.57358 -3.82386
1.56424 -4.1199
1.70624 -3.95928
1.89458 -3.92763
1.73583 -4.28002
2.02062 -4.22672
1.89404 -4.56749
2.11381 -4.49745
2.28944 -4.6855
2.56555 -4.45823
2.62189 -4.82352
2.28988 -5.09082
2.07421 -4.93861
2.03486 -4.73654
1.81127 -4.92624
1.96898 -5.20447
1.64998 -5.32882
1.45219 -4.98414
1.32537 -5.4827
1.16782 -5.20313
1.01055 -5.62347
0.932173 -5.10262
1.18385 -4.77591
0.809396 -5.48767
0.785187 -5.23386
0.805716 -5.06897
0.721261 -5.06994
0.681424 -5.37211
0.597639 -5.11551
0.522531 -5.53609
0.672095 -5.71422
0.810286 -5.79312
0.704868 -6.04237
0.549363 -5.96708
0.592843 -6.26054
0.443718 -6.26551
0.370669 -5.90747
0.335811 -5.4754
0.453648 -5.14149
0.328928 -5.11477
0.409981 -4.8157
0.29003 -4.88441
0.256776 -5.08946
0.180577 -5.07774
0.211665 -4.71216
0.0870929 -4.942
0.0669072 -5.22625
-0.0178988 -5.16976
-0.0247345 -5.52666
-0.107017 -5.4471
-0.13309 -5.24598
-0.0566041 -4.8812
-0.179382 -5.03531
-0.209687 -4.82706
-0.269737 -5.11485
-0.295713 -4.86501
-0.210719 -4.564
-0.289271 -4.48972
-0.310287 -4.20582
-0.397454 -4.63418
-0.42423 -4.40056
-0.46418 -4.74169
-0.479014 -4.60233
-0.465574 -4.43588
-0.408295 -4.16145
-0.445796 -4.1438
-0.523001 -4.46243
-0.542644 -4.7985
-0.611765 -4.77135
-0.647032 -5.08845
-0.610161 -5.19794
-0.538451 -5.03068
-0.464319 -4.92745
-0.51505 -5.19418
-0.403776 -5.00719
-0.489368 -5.39486
-0.414276 -5.37254
-0.353232 -5.15217
-0.348654 -5.3849
-0.244587 -5.38497
-0.335146 -5.62456
-0.413557 -5.64875
-0.399932 -5.9584
-0.273136 -5.72121
-0.277121 -6.05236
-0.166041 -5.7403
-0.188535 -5.51646
-0.187187 -5.96777
-0.0946133 -5.88084
0.0654917 -5.78601
0.119419 -5.40769
0.196782 -5.54688
0.233368 -5.28511
0.226001 -5.79038
0.143294 -6.00456
0.24277 -6.02692
0.277584 -6.26327
0.185072 -6.17217
0.151718 -6.36479
0.215898 -6.5161
0.350378 -6.58244
0.543505 -6.56188
0.452869 -6.75632
0.581212 -6.93748
0.661117 -6.67692
0.7609 -6.40544
0.785928 -6.78117
0.925225 -6.57741
0.990115 -6.85159
0.842082 -7.21731
1.16362 -7.15264
1.0763 -7.55974
1.36233 -7.48593
1.24105 -7.87143
1.47542 -7.89932
1.5783 -7.62235
1.69751 -7.79868
1.74223 -8.12491
1.76709 -7.56535
1.97695 -7.2992
1.64318 -7.33206
1.79853 -7.08563
1.60393 -7.02866
1.4621 -7.20667
1.38507 -6.9605
1.33653 -7.20466
1.1987 -6.77004
1.39117 -6.61189
1.23946 -6.4537
1.07561 -6.58187
1.04998 -6.25097
1.36462 -6.1277
1.38964 -6.38668
1.57968 -6.36893
1.56979 -6.09354
1.78787 -6.05717
1.86334 -6.37742
2.09452 -6.18954
2.08368 -5.79963
1.79151 -5.75468
1.88039 -5.51102
2.15049 -5.43141
2.30867 -5.60892
2.43719 -5.8537
2.50087 -5.59456
2.40389 -5.38249
2.64337 -5.43649
2.74487 -5.70447
2.85837 -5.49766
3.12611 -5.66568
2.99433 -5.38303
2.79871 -5.28146
2.95704 -5.15507
3.08831 -5.25868
3.14547 -5.40704
3.27727 -5.43947
2.78497 -5.05529
2.58342 -5.17396
2.91141 -5.84813
3.01736 -5.98216
2.75517 -6.00017
2.44325 -6.25565
2.26049 -6.02312
2.20213 -6.37695
2.22879 -6.61397
2.06204 -6.44083
1.94348 -6.63231
2.00911 -6.91693
1.77584 -6.83346
1.74411 -6.59034
1.57562 -6.73387
1.67153 -5.60031
1.5745 -5.84976
1.50782 -5.60092
1.38335 -5.77992
1.18329 -5.86989
1.02389 -5.94814
0.884612 -6.02131
1.46254 -8.25699
1.33787 -8.07411
1.21903 -8.22684
1.03871 -7.93947
1.02051 -8.24229
1.12945 -8.56
1.37694 -8.568
1.28727 -8.78997
1.52285 -8.92862
1.69934 -8.57637
1.72515 -8.86534
1.92037 -8.83855
2.08154 -8.54448
1.88561 -8.3639
2.21116 -8.82289
2.32491 -8.62198
2.52042 -8.73503
2.8681 -8.6138
2.99432 -8.38268
3.1682 -8.52371
3.25988 -8.34183
3.4807 -8.21923
3.50478 -8.49968
3.90954 -8.65983
4.23941 -8.35887
4.39422 -8.63754
4.13744 -8.99491
3.78152 -8.94584
3.68338 -8.8448
3.5591 -8.75675
3.45261 -8.97212
3.20446 -8.7647
3.08268 -9.01223
2.80841 -8.89828
2.8006 -9.14556
2.44877 -9.04236
2.54605 -9.25408
2.27469 -9.2524
2.09298 -9.06288
1.98994 -9.26599
1.81046 -9.0549
1.69185 -9.26961
1.94926 -9.45748
2.20875 -9.42578
2.24042 -9.61217
2.42102 -9.52265
2.46791 -9.39757
2.63239 -9.50712
2.82417 -9.37727
2.88572 -9.55554
3.33432 -9.49501
3.18786 -9.21386
3.68675 -9.20737
3.82675 -9.46209
4.06693 -9.29156
4.42535 -9.22998
4.61984 -8.91942
4.82547 -9.18282
5.05314 -8.85083
4.8131 -8.56012
5.10309 -8.54418
4.98851 -8.41875
4.92031 -8.22506
5.12161 -8.34195
5.27147 -8.10198
5.25068 -7.77627
5.55453 -7.86596
5.5243 -8.10388
5.50496 -8.27198
5.32647 -8.41318
5.63508 -8.5443
5.73817 -8.18571
5.94254 -8.40032
6.02871 -8.17725
6.24108 -8.39919
6.24077 -7.94869
5.9072 -7.90741
6.01775 -7.74502
6.10141 -7.61946
6.33219 -7.58758
6.37252 -7.28431
6.56791 -7.51363
6.57139 -7.2783
6.47252 -7.04456
6.69885 -7.15324
6.61773 -6.91748
6.71141 -6.73244
6.79768 -6.99431
6.97668 -6.89929
7.04664 -6.61929
7.13093 -6.83881
7.1731 -7.07494
7.08345 -7.16234
6.94929 -7.28044
7.18062 -7.35899
7.11323 -7.66013
7.33048 -7.69618
7.36464 -7.2177
7.23965 -6.92158
7.30491 -6.79476
7.17855 -6.65453
7.24177 -6.49364
7.27329 -6.21104
7.37045 -6.5774
7.40391 -6.89639
7.46174 -6.79674
7.5496 -6.86288
7.50124 -7.07433
7.6456 -7.17736
7.55002 -7.42585
7.69181 -7.5976
7.76268 -7.32947
7.85495 -7.31722
7.91125 -7.49668
7.83793 -7.54765
7.87815 -7.78945
7.97613 -7.75093
8.06207 -7.69647
7.82934 -8.10685
7.78393 -7.80112
7.82567 -7.69376
7.7748 -7.60337
7.70525 -7.96762
7.58658 -7.79413
7.59869 -8.13745
7.71028 -8.32158
7.82607 -8.43529
7.74318 -8.6285
7.83888 -8.65405
7.89331 -8.80382
7.80195 -8.81682
7.83633 -8.98346
7.93488 -8.9774
7.86459 -9.17001
7.86876 -9.37744
7.76372 -9.34211
7.74722 -9.1449
7.68293 -9.29632
7.63729 -9.21633
7.60222 -9.35277
7.49549 -9.24578
7.65257 -9.01966
7.5265 -8.91411
7.36253 -9.05416
7.3119 -9.31698
7.15343 -9.22948
7.18575 -9.50601
7.00032 -9.48954
6.99392 -9.34334
6.81181 -9.41085
6.8184 -9.62734
7.00798 -9.73045
6.7033 -9.8147
6.54566 -9.62971
6.43669 -9.81449
6.22103 -9.74451
6.24948 -9.54208
6.5278 -9.36964
6.24907 -9.31224
6.49228 -9.11259
6.23982 -9.10196
6.39116 -8.88985
6.04634 -8.94137
5.97329 -9.23484
5.64047 -9.13
5.75868 -8.83731
5.9922 -8.64945
5.44086 -8.87242
5.31475 -8.65398
5.2174 -9.15916
5.35935 -9.39845
5.67941 -9.40704
5.46362 -9.5621
5.20308 -9.62302
4.95961 -9.46324
4.87766 -9.7729
4.58434 -9.62471
4.49621 -9.82066
4.29027 -9.71184
4.1712 -9.85016
3.94441 -9.71807
4.2181 -9.51189
3.92867 -9.58374
3.71277 -9.6097
3.52584 -9.75465
3.06242 -9.7121
3.26846 -9.836
3.04679 -9.85768
2.76311 -9.80641
2.63054 -9.6466
2.4691 -9.7636
2.18097 -9.77822
1.90227 -9.63513
1.92627 -9.78775
1.6743 -9.69711
1.64756 -9.56704
1.73416 -9.47813
1.51808 -9.41532
1.42141 -9.56431
1.25229 -9.34861
1.20215 -9.49549
1.08302 -9.3817
1.0391 -9.49087
0.860662 -9.2764
1.04894 -9.25065
0.94206 -9.1122
0.78618 -9.01046
0.896363 -8.90365
1.11775 -9.06034
1.00058 -8.75198
1.15728 -8.84168
0.889138 -8.4093
0.840085 -8.65809
0.703304 -8.43034
0.71207 -8.73572
0.548268 -8.46337
0.571116 -8.71152
0.39848 -8.55984
0.526378 -8.85896
0.352654 -8.81643
0.217038 -8.53842
0.231683 -8.30228
0.0721033 -8.27406
0.0755055 -8.51628
-0.0247817 -8.38887
-0.0856562 -8.16676
-0.0213835 -8.01488
-0.14444 -7.87756
-0.224674 -8.0671
-0.275024 -7.78346
-0.19532 -7.60407
-0.122303 -7.68833
-0.043936 -7.77799
-0.0889218 -7.49401
0.0291758 -7.63307
0.123419 -7.94973
0.145531 -7.59708
0.03231 -7.37148
0.161628 -7.3082
0.0653312 -7.13259
-0.0668638 -7.11064
-0.212006 -7.29301
-0.208562 -6.93461
-0.0551438 -6.71201
-0.193083 -6.60488
-0.327239 -6.75184
-0.273993 -6.41198
-0.36355 -6.54869
-0.408069 -6.35298
-0.165138 -6.15375
-0.166595 -6.37814
-0.100764 -6.26021
-0.0856912 -6.4389
-0.00850916 -6.24431
-0.0489841 -6.06781
0.0508673 -6.06187
0.0931723 -6.21015
0.0323374 -6.42803
0.101655 -6.60792
0.0650759 -6.88671
0.207259 -6.75732
0.18314 -7.03491
0.351893 -6.93585
0.29426 -7.23779
0.455405 -7.26699
0.626224 -7.28702
0.718364 -7.49587
0.86641 -7.67295
0.708579 -7.78448
0.86509 -8.03321
0.710368 -8.11136
0.555736 -7.85184
0.579926 -7.53867
0.441486 -7.56937
0.420706 -7.86049
0.294608 -7.5351
0.262545 -7.81939
0.359715 -8.1601
0.544461 -8.12466
0.506491 -7.95168
0.36612 -7.39551
-0.431749 -6.66546
-0.496812 -6.57417
-0.523667 -6.37069
-0.57479 -6.66231
-0.509821 -6.81064
-0.583794 -6.92964
-0.523871 -7.07916
-0.433113 -6.94322
-0.342469 -7.14729
-0.4531 -7.199
-0.412067 -7.42081
-0.307891 -7.48964
-0.38285 -7.68263
-0.353077 -7.95262
-0.452193 -7.81949
-0.47244 -7.61332
-0.545296 -7.73255
-0.523327 -7.39067
-0.619125 -7.47348
-0.590077 -7.19435
-0.664306 -7.24661
-0.691809 -7.50847
-0.640299 -7.74122
-0.722596 -7.79152
-0.750774 -7.51749
-0.775266 -7.73772
-0.745012 -7.99549
-0.676112 -8.06511
-0.669527 -8.21515
-0.596925 -8.27106
-0.61086 -8.38242
-0.659254 -8.35636
-0.581917 -8.54199
-0.522508 -8.48566
-0.435757 -8.75699
-0.399043 -8.59972
-0.328912 -8.79207
-0.263111 -8.73732
-0.337207 -8.46189
-0.166194 -8.68916
-0.195389 -8.47537
-0.032712 -8.61889
-0.147672 -8.33437
-0.293186 -8.23882
-0.454681 -8.08387
-0.497176 -8.31568
-0.53427 -8.12807
-0.573306 -7.96372
-0.585252 -8.11848
-0.647591 -7.94123
-0.0195205 -8.85159
0.12814 -8.88256
0.163218 -8.72326
0.267323 -8.90765
0.389661 -9.01196
0.516837 -9.03507
0.485828 -9.20278
0.64627 -9.20091
0.665603 -9.05922
0.681412 -9.36334
0.858255 -9.4956
0.703515 -9.5156
0.530197 -9.39618
0.336409 -9.25535
0.289839 -9.06369
0.119248 -9.06748
0.180046 -9.29978
0.402544 -9.4395
0.29267 -9.49222
0.521924 -9.60184
0.571352 -9.52673
0.705399 -9.6277
0.870239 -9.62179
0.887389 -9.73366
1.05791 -9.70125
1.00864 -9.59806
1.20853 -9.62559
1.25334 -9.74325
1.44796 -9.72569
1.70371 -9.84118
1.39999 -9.83895
1.60516 -9.90407
1.41634 -9.89255
1.21711 -9.86949
1.30827 -9.91155
1.07205 -9.88734
1.17658 -9.93955
1.42854 -9.95873
1.52077 -9.93261
1.61112 -9.98059
1.53835 -9.97647
1.67658 -10.0017
1.5493 -9.99186
1.68594 -10.015
1.42323 -9.98338
1.68494 -10.0174
1.5604 -9.99553
1.85925 -10.0404
1.87737 -10.0449
2.07474 -10.0672
2.07129 -10.0581
2.26495 -10.0844
2.26019 -10.0723
2.41603 -10.0891
2.46754 -10.1051
2.59344 -10.1103
2.48877 -10.0907
2.69259 -10.1104
2.73397 -10.0874
2.5517 -10.0699
2.57902 -10.0306
2.7495 -10.031
2.62309 -9.96971
2.41542 -9.96875
2.45134 -9.87815
2.69365 -9.89969
2.58964 -9.84212
2.8831 -9.90021
2.86737 -9.98004
3.03972 -9.94156
3.25567 -9.94236
3.13288 -10.0208
3.34063 -10.0288
3.48728 -9.97396
3.44503 -9.88946
3.6695 -9.89561
3.76651 -9.81376
3.9106 -9.85839
3.85222 -9.95055
4.03869 -9.90995
4.12978 -9.90135
4.15996 -9.94251
4.33809 -9.92004
4.31834 -9.99615
4.51 -9.93822
4.65721 -9.87749
4.73003 -9.95084
4.93057 -9.90463
5.15606 -9.86301
5.15776 -9.75325
5.40687 -9.72413
5.51637 -9.86775
5.69205 -9.74615
5.90539 -9.83621
5.9553 -9.66687
5.69002 -9.60421
5.96628 -9.47085
6.20231 -9.91183
5.97337 -9.92667
5.76197 -9.95505
6.00404 -9.98952
5.83848 -10.0306
5.62209 -10.0395
5.77965 -10.0975
6.00313 -10.0588
5.97294 -10.123
6.18339 -10.0958
6.20494 -10.021
6.44487 -10.0625
6.34021 -9.9867
6.48084 -9.93755
6.7158 -9.98593
6.88497 -9.89448
6.92985 -9.99131
7.05251 -9.89774
7.14402 -9.81873
7.26786 -9.69091
7.23994 -9.87889
7.4228 -9.76629
7.51436 -9.54446
7.35671 -9.47785
7.52096 -9.69602
7.62611 -9.6636
7.68933 -9.5027
7.75876 -9.56412
7.78735 -9.45463
7.87814 -9.54662
7.95845 -9.54434
7.82682 -9.69253
7.78576 -9.66747
7.73436 -9.76372
7.68743 -9.71369
7.61355 -9.83068
7.61036 -9.75373
7.53934 -9.77955
7.43519 -9.90461
7.53427 -9.95572
7.71268 -9.85031
7.58096 -9.98915
7.74761 -9.89282
7.88429 -9.73359
7.88019 -9.80662
7.96567 -9.66977
7.95073 -9.67515
8.06772 -9.53262
8.01029 -9.56221
8.05997 -9.45579
8.1895 -9.3323
8.13489 -9.43495
8.22018 -9.25699
8.25473 -9.11341
8.25751 -9.08112
8.23732 -9.16905
8.26321 -9.02441
8.19897 -9.09156
8.29478 -8.93921
8.28378 -8.96078
7.98085 -9.20849
8.09859 -9.17599
7.97397 -9.38608
8.07777 -9.37316
7.94716 -9.54617
8.05553 -9.48212
7.97209 -9.59667
8.02517 -9.57697
7.91681 -9.67372
7.84962 -9.77045
7.80839 -9.74889
7.87687 -9.64809
7.76758 -9.70284
7.86197 -9.54073
7.72728 -9.58618
7.87867 -9.4368
7.80028 -9.37149
7.63269 -9.5489
7.55471 -9.70909
7.61833 -9.74613
7.48048 -9.83712
7.55815 -9.84339
7.67394 -9.82856
7.54959 -9.91453
7.61832 -9.9233
7.44055 -9.98592
7.5576 -9.97315
7.41303 -10.0459
7.60573 -9.98897
7.6869 -9.92106
7.74701 -9.89336
7.7892 -9.85373
7.74077 -9.84036
7.39663 -10.076
7.41626 -10.0516
7.25169 -10.1089
7.26407 -10.0663
7.38672 -10.0013
7.26341 -9.99778
7.11987 -10.0704
7.10441 -9.9997
6.97151 -10.06
6.83777 -10.0522
6.85296 -10.0939
6.96751 -10.1175
6.77448 -10.1403
6.94651 -10.1443
7.10928 -10.1126
7.08013 -10.1384
7.20148 -10.1242
7.01709 -10.1383
7.23174 -10.095
7.10432 -10.1
7.24988 -10.0642
7.35271 -10.0481
7.27709 -10.0501
7.31478 -10.0027
7.42441 -9.94803
7.25932 -9.988
7.41329 -9.91927
7.31531 -9.89586
7.3974 -9.80011
7.23946 -9.84528
7.295 -9.72355
7.47812 -9.65634
7.41821 -9.57094
7.55226 -9.48919
7.68257 -9.39844
7.63844 -9.30975
7.78113 -9.21298
6.64961 -8.87112
6.2721 -8.84347
6.03449 -8.60962
5.86131 -8.93381
5.69414 -8.57643
5.35832 -8.69253
5.41702 -9.1057
5.75723 -9.22177
5.95229 -9.17276
5.96939 -9.32245
6.10527 -9.24417
6.09345 -9.11737
6.34906 -9.20298
6.18344 -9.37988
6.44427 -9.41067
6.23997 -9.49301
6.43593 -9.55278
6.19842 -9.61184
6.05693 -9.47532
6.15163 -9.4595
5.81762 -9.41006
5.89792 -9.5589
5.69725 -9.49644
5.70135 -9.61402
5.53821 -9.49999
5.57794 -9.35719
5.2728 -9.39565
5.11311 -9.18345
5.00409 -8.93812
4.88524 -9.15929
5.0009 -9.31906
4.80414 -9.29751
4.87337 -9.44593
4.60394 -9.35066
4.61399 -9.52074
4.81629 -9.56429
4.70603 -9.61928
4.87968 -9.64578
4.99384 -9.56777
5.08293 -9.65787
4.95157 -9.70345
5.1418 -9.71633
5.03456 -9.77628
4.8308 -9.73663
4.83083 -9.79607
4.96958 -9.84172
5.17671 -9.83602
5.16491 -9.91025
5.37432 -9.86178
5.45678 -9.93713
5.58855 -9.90507
5.66979 -9.9366
5.80436 -9.9162
5.82158 -9.96654
5.67476 -9.95976
5.94581 -10.0147
5.7983 -10.0083
5.96692 -10.0788
6.1588 -10.0716
6.0971 -10.1429
5.80701 -10.0878
5.80753 -10.1524
5.56339 -10.1314
5.5896 -10.1713
5.9544 -10.1953
5.85299 -10.2064
6.14335 -10.2237
6.01448 -10.2262
6.20347 -10.2226
6.05219 -10.1835
6.21794 -10.1789
6.38571 -10.1943
6.32187 -10.1545
6.5442 -10.1527
6.70002 -10.092
6.59729 -10.1926
6.79438 -10.1753
6.66303 -10.1871
6.84478 -10.1733
6.93743 -10.1661
6.8192 -10.1648
6.90695 -10.1369
6.67957 -10.171
6.68265 -10.1564
6.92779 -10.1051
7.10899 -10.088
7.15778 -10.0385
7.0383 -10.0233
7.11204 -9.93154
6.92523 -9.98246
6.90773 -9.90414
7.06877 -9.81426
6.82651 -9.83943
6.92444 -9.74091
7.13783 -9.67972
7.30274 -9.55309
7.16375 -9.5316
7.30517 -9.39074
7.46729 -9.40073
7.43968 -9.21932
7.59111 -9.20149
6.95667 -9.08731
6.64906 -9.12166
6.80621 -9.22609
6.62791 -9.29065
6.79979 -9.34791
6.92161 -9.2744
6.92131 -9.39091
6.78058 -9.48888
6.65777 -9.41321
6.59383 -9.49831
6.62851 -9.57286
6.79371 -9.6264
6.5133 -9.65265
6.6475 -9.76114
7.01341 -9.62665
6.99466 -9.48692
7.16103 -9.38727
7.04632 -9.30854
7.23713 -9.19402
6.36665 -9.72268
6.44739 -9.8112
6.64006 -9.82936
6.52128 -9.88426
6.26379 -9.82974
6.31751 -9.91687
6.03034 -9.88185
6.26717 -9.98119
6.49676 -9.9695
6.47554 -10.0165
6.34649 -10.0572
6.57556 -10.0686
6.37397 -10.0957
6.15289 -10.0272
6.5679 -10.1189
6.41736 -10.1532
6.48219 -10.1803
6.24212 -10.1931
6.35663 -10.1969
6.51811 -10.212
6.40922 -10.2261
6.72459 -10.1027
6.80538 -10.0455
6.62808 -10.0186
6.72627 -9.95494
6.73307 -9.87368
6.00671 -9.9684
5.72063 -9.85034
5.82675 -9.78154
6.03433 -9.7732
5.78392 -9.71512
5.95602 -9.67637
6.15633 -9.71249
6.25024 -9.77034
5.62864 -9.67552
5.57128 -9.74164
5.45965 -9.6167
5.29962 -9.6878
5.20288 -9.57577
5.08251 -9.48685
5.05923 -9.41559
5.31009 -9.769
5.51498 -9.8289
6.43267 -9.01834
6.2069 -9.02533
6.11503 -10.147
5.91814 -10.162
5.85201 -10.1871
5.71532 -10.1638
5.80961 -10.1507
5.66258 -10.1385
5.53469 -10.1115
5.48375 -10.1612
5.29363 -10.1417
5.30973 -10.1505
5.30363 -10.1568
5.59074 -10.1805
5.37931 -10.1457
5.25322 -10.0979
5.34283 -10.1098
4.98915 -10.0704
5.01981 -10.0845
5.15351 -10.1304
4.91582 -10.0884
4.76228 -10.0598
4.65326 -10.089
4.85242 -10.1086
5.06021 -10.1355
4.99395 -10.1288
5.16747 -10.1437
5.05911 -10.134
4.86014 -10.1352
4.92456 -10.1367
4.72045 -10.1306
4.80539 -10.1136
4.9999 -10.0839
4.96526 -10.0071
4.66852 -10.0705
4.58704 -10.1193
4.43899 -10.1055
4.38899 -10.1222
4.53858 -10.1216
4.37966 -10.0994
4.65885 -10.1038
4.39221 -10.051
4.12607 -10.074
4.15541 -10.0972
4.18738 -10.1091
3.96374 -10.1047
4.04107 -10.1071
4.24055 -10.0981
4.12175 -10.0811
3.95128 -10.0853
3.80619 -10.1143
3.78581 -10.0874
3.85579 -10.0589
4.09813 -10.0311
3.97543 -9.98324
3.81197 -10.0163
3.67326 -9.99872
3.6761 -10.0602
3.5157 -10.0532
3.51592 -10.092
3.66468 -10.0981
3.49199 -10.1169
3.64503 -10.1011
3.4897 -10.1204
3.64232 -10.0996
3.63449 -10.1021
3.82709 -10.0558
4.08014 -10.038
3.89416 -10.0182
4.17594 -10.0239
4.59737 -10.0577
4.73394 -10.0476
4.79719 -10.0208
5.04774 -10.0256
5.29081 -10.0508
5.21626 -9.98913
5.54896 -10.0032
5.43725 -9.9714
5.25762 -9.95997
4.98156 -9.95647
4.89314 -9.9759
4.7142 -9.93133
4.54275 -9.95146
4.43946 -9.90511
4.68518 -9.90707
4.388 -9.83505
4.69205 -9.8307
4.90102 -9.89511
4.46045 -9.78366
4.62424 -9.75431
4.40995 -9.73803
4.45538 -9.69367
4.70757 -9.68809
4.50295 -9.6268
4.18047 -9.65934
4.34353 -9.5382
4.43896 -9.43802
4.2342 -9.4099
4.07089 -9.52522
3.9569 -9.3625
4.18161 -9.22129
4.38209 -9.32923
4.44945 -9.19192
4.32469 -8.98301
4.55743 -9.04746
4.63465 -8.82929
4.74302 -9.03184
4.66822 -9.18385
1.16225 -8.97689
1.29359 -8.82345
1.40376 -8.69698
1.61519 -8.68518
1.47584 -8.8348
1.6618 -8.92131
1.82163 -8.7627
1.94094 -8.91148
1.774 -9.09189
2.07853 -9.1128
1.81625 -9.233
1.9864 -9.31852
2.37873 -9.25479
2.10901 -9.45049
2.35437 -9.46734
2.69386 -9.37855
2.74115 -9.1892
2.98053 -9.2343
2.99013 -9.37969
2.85929 -9.52421
3.19809 -9.44433
3.20122 -9.29509
3.56207 -9.2817
3.25565 -9.12195
3.53871 -8.96156
3.77826 -9.07523
3.86398 -8.85556
4.02639 -9.04186
3.90167 -9.20318
4.1214 -8.85925
4.3318 -8.68533
4.06721 -8.70445
4.13646 -8.51383
4.60189 -8.55948
3.8758 -8.61195
3.588 -8.51187
3.65384 -8.73031
3.40596 -8.74323
2.56063 -8.61863
2.78601 -8.65284
2.86311 -8.80963
3.13418 -8.77248
2.98434 -9.0133
3.25812 -8.92663
2.66087 -9.01897
2.5925 -8.8225
2.39798 -9.01413
2.27713 -8.82684
2.30985 -8.598
2.05633 -8.6953
1.8578 -8.57458
3.76774 -9.49521
3.43842 -9.51892
3.63155 -9.61194
3.33859 -9.61438
3.44325 -9.68107
3.64506 -9.69511
3.84962 -9.66622
3.76061 -9.71939
3.9416 -9.72077
3.82182 -9.73506
3.76108 -9.77698
3.99454 -9.75752
4.06805 -9.8059
4.21606 -9.75269
4.18095 -9.8603
3.89401 -9.85179
4.1298 -9.90942
3.66949 -9.89095
3.57055 -9.84187
3.28425 -9.79138
3.53142 -9.72613
3.29791 -9.71122
3.21662 -9.66408
3.02739 -9.72538
3.02554 -9.66631
3.17367 -9.63437
3.12214 -9.57485
2.83306 -9.62509
2.63928 -9.59025
2.57101 -9.67374
2.79123 -9.69388
2.62306 -9.70553
2.69567 -9.75055
2.9133 -9.78679
2.93502 -9.82985
3.26506 -9.86184
2.90718 -9.88249
3.11672 -9.91666
3.39231 -9.90196
3.52361 -9.9346
3.91825 -9.94886
3.74386 -10.001
3.30001 -10.0069
3.64558 -10.0201
3.46318 -10.0607
3.10208 -10.0638
3.26257 -10.1059
3.25965 -10.1376
2.98699 -10.1203
2.99931 -10.1283
3.19468 -10.1044
2.9484 -10.0547
3.26216 -10.0648
3.36894 -10.0827
3.36796 -10.1078
2.84448 -10.1227
2.78076 -10.1233
2.84158 -10.122
2.88191 -10.1055
2.68804 -10.1369
2.54723 -10.0941
2.71761 -10.0418
2.98371 -10.0184
2.8191 -9.95014
2.62218 -9.90168
2.43313 -9.94819
2.5782 -9.97723
2.37068 -10.0072
2.47831 -10.0736
2.30964 -10.0636
2.1217 -10.0327
2.01304 -9.94877
1.86994 -10.0096
2.08454 -10.0534
1.60646 -9.95092
1.59543 -9.8914
1.92519 -9.8872
2.24591 -9.9004
2.26892 -9.88086
2.61545 -9.86384
2.33203 -9.81324
2.65248 -9.79315
2.44595 -9.75804
2.4523 -9.72449
2.11823 -9.76119
2.27542 -9.69816
2.39559 -9.62628
2.10672 -9.64865
2.0209 -9.69313
1.77594 -9.64561
1.82625 -9.71848
1.52557 -9.67751
1.69096 -9.75689
1.91605 -9.81636
1.52601 -9.76836
1.56251 -9.82481
1.22524 -9.75404
1.21358 -9.822
0.881559 -9.73264
0.931351 -9.80256
1.05615 -9.84393
1.30127 -9.88725
1.05412 -9.88802
1.33285 -9.93984
1.18077 -9.9383
0.962315 -9.8874
0.862948 -9.88924
1.11239 -9.9242
1.20177 -9.95419
1.38955 -9.97471
0.909351 -9.91447
0.942552 -9.91216
0.778874 -9.88682
0.816249 -9.85573
0.623767 -9.82778
0.6637 -9.87368
0.49859 -9.80068
0.586548 -9.85002
0.567329 -9.80954
0.792385 -9.84335
0.556821 -9.75848
0.83959 -9.81909
0.744497 -9.75753
0.583622 -9.70054
0.592337 -9.65309
0.950009 -9.69142
0.830308 -9.63766
1.23927 -9.69537
0.967751 -9.61583
1.19171 -9.61655
1.41989 -9.60812
1.09975 -9.5285
1.32347 -9.5064
1.60355 -9.56127
1.57896 -9.46358
1.92715 -9.55424
1.85416 -9.45038
2.15988 -9.52264
2.24634 -9.56764
2.53451 -9.53679
1.70104 -9.33684
1.42862 -9.3005
1.57491 -9.18629
1.3104 -9.15301
1.20448 -9.24403
1.24853 -9.36639
0.97649 -9.2168
1.0174 -9.39238
0.712307 -9.21941
0.770933 -9.41035
0.889364 -9.55991
0.643889 -9.48053
0.680895 -9.56266
0.456287 -9.44536
0.456213 -9.51621
0.577105 -9.5829
0.363981 -9.54292
0.249783 -9.43104
0.101961 -9.47291
0.013716 -9.35191
0.138529 -9.30415
0.288985 -9.3456
0.193883 -9.1631
0.472588 -9.33656
0.427685 -9.16713
0.276261 -9.09426
0.320877 -9.02827
-0.227677 -8.66947
-0.36475 -8.78695
-0.47078 -8.6475
-0.491573 -8.74761
-0.436084 -8.92024
-0.30518 -9.01993
-0.345472 -9.09281
-0.441226 -9.00939
-0.361382 -9.16533
-0.461785 -9.0555
-0.359651 -9.22958
-0.435684 -9.14135
-0.343459 -9.28822
-0.41381 -9.19704
-0.302428 -9.31595
-0.354478 -9.20377
-0.230674 -9.31807
-0.272132 -9.19475
-0.119196 -9.33013
-0.187072 -9.18982
-0.0582011 -9.28423
0.0161798 -9.41585
0.0147834 -9.48982
0.187511 -9.52676
0.178515 -9.61234
0.302002 -9.6529
0.390847 -9.63202
0.456135 -9.72854
0.328977 -9.71435
0.374292 -9.78862
0.20231 -9.68162
0.348618 -9.7817
0.14984 -9.69518
0.332814 -9.74264
0.194243 -9.70213
0.297234 -9.68504
0.435234 -9.71323
0.384955 -9.64849
0.208536 -9.61374
0.276661 -9.58065
0.0792787 -9.54658
-0.0716705 -9.46062
-0.130978 -9.34449
-0.188706 -9.37246
-0.259954 -9.24893
-0.255063 -9.18664
-0.138426 -9.15551
-0.203012 -8.92214
-0.0381525 -9.03553
0.0211601 -9.20902
0.0705273 -8.91535
0.210477 -9.0158
-0.0997052 -8.85338
-0.275545 -9.31813
-0.174653 -9.44192
-0.261792 -9.38018
-0.123049 -9.51637
-0.231625 -9.4157
-0.105501 -9.51472
-0.17727 -9.41372
-0.0626273 -9.51126
-0.122137 -9.41659
0.0600333 -9.58723
0.0270829 -9.60173
-0.00446701 -9.59327
0.0698924 -9.62953
-0.0559177 -9.5307
0.60398 -9.74627
0.700323 -9.70224
0.787521 -9.78559
0.980159 -9.83518
1.13461 -9.79309
0.103063 -9.38551
0.0142314 -9.24865
-0.149004 -9.0866
0.0124316 -9.1335
-0.109763 -8.93546
-0.230064 -8.90157
-0.293508 -8.91946
-0.320562 -9.02621
-0.467229 -8.90744
-0.408833 -9.07504
-0.507208 -8.95535
-0.469329 -9.08741
-0.550919 -8.94871
-0.50426 -9.06189
-0.559261 -8.93437
-0.511131 -8.98695
-0.601105 -8.84295
-0.562852 -8.89632
-0.534847 -8.92375
-0.600635 -8.81828
-0.560539 -8.81261
-0.500179 -8.89694
-0.520606 -8.83114
-0.560349 -8.73202
-0.581298 -8.5814
-0.626029 -8.68601
-0.66814 -8.53209
-0.689135 -8.55071
-0.653721 -8.72811
-0.708502 -8.5524
-0.669352 -8.67191
-0.623772 -8.78399
-0.687815 -8.5711
-0.718961 -8.48933
-0.759328 -8.35108
-0.712606 -8.41022
-0.667915 -8.64567
-0.656252 -8.5883
-0.70591 -8.39314
-0.64878 -8.4893
-0.710715 -8.27819
-0.767678 -8.1444
-0.756143 -8.06289
-0.716045 -8.18868
-0.771842 -7.87642
-0.799381 -7.87608
-0.803827 -7.70092
-0.829657 -7.63567
-0.843307 -7.82113
-0.800398 -8.12142
-0.885489 -7.83282
-0.823023 -8.12498
-0.885525 -7.94131
-0.833635 -8.14291
-0.865929 -8.02853
-0.79296 -8.25317
-0.782967 -8.30954
-0.758345 -8.41342
-0.763364 -8.38053
-0.819829 -8.1854
-0.805846 -8.19643
-0.731086 -8.39086
-0.893353 -7.80137
-0.918996 -7.61164
-0.892138 -7.81788
-0.920519 -7.6666
-0.908906 -7.78877
-0.862764 -8.00782
-0.942332 -7.58972
-0.930126 -7.68205
-0.966597 -7.44391
-0.940409 -7.4975
-0.908637 -7.61832
-0.938249 -7.42762
-0.880481 -7.51322
-0.929873 -7.2322
-0.864734 -7.35236
-0.813771 -7.55338
-0.792176 -7.52393
-0.800577 -7.27888
-0.733466 -7.25899
-0.782598 -6.98667
-0.848184 -7.00133
-0.7967 -6.7159
-0.711369 -6.63292
-0.700932 -6.99409
-0.648291 -6.7923
-0.62222 -6.49536
-0.667763 -6.33763
-0.691679 -6.30968
-0.762487 -6.39722
-0.694506 -6.0579
-0.631191 -6.10375
-0.614064 -5.85316
-0.642685 -5.74542
-0.593631 -5.6859
-0.581075 -5.49923
-0.556118 -5.6563
-0.489972 -5.64137
-0.55644 -5.88697
-0.492649 -5.90438
-0.579682 -6.17147
-0.495075 -6.1238
-0.470398 -6.20341
-0.662449 -5.53356
-0.706021 -5.84566
-0.7557 -5.74215
-0.784955 -6.14205
-0.834629 -5.93269
-0.881452 -6.27486
-0.828768 -6.37444
-0.853317 -6.55864
-0.921596 -6.61652
-0.872354 -6.82105
-0.939122 -6.90697
-0.888854 -7.06704
-0.972172 -7.07414
-0.954887 -7.28423
-0.981246 -7.20104
-0.990855 -6.98189
-0.996939 -6.98492
-1.0033 -7.08127
-0.996598 -7.27369
-0.962822 -7.42993
-0.963724 -7.45246
-0.933664 -4.96248
-0.970642 -5.16013
-0.88558 -5.0736
-0.853819 -4.796
-0.804342 -4.83915
-0.734837 -4.57614
-0.85015 -4.56978
-0.785395 -4.39212
-0.828876 -4.37099
-0.763374 -4.19801
0.0682867 -1.45558
0.180206 -1.20003
0.108045 -1.43491
0.184329 -1.26625
0.249155 -1.1096
0.223565 -1.2115
0.274412 -1.16398
0.171635 -1.41748
0.188854 -1.52808
0.229151 -1.5244
0.278193 -1.42657
0.229727 -1.69184
0.312893 -1.47791
0.270179 -1.80089
0.369195 -1.53157
0.210781 -1.89123
0.110495 -2.03621
0.149386 -1.75441
0.0213196 -2.07232
0.0893476 -1.73401
-0.0417471 -2.01738
0.0541406 -1.69285
0.141468 -1.43914
0.0517387 -1.66376
0.0210707 -1.62796
-0.0245218 -1.83261
-0.0627742 -1.9705
-0.130112 -2.03418
-0.0949161 -1.91388
-0.051017 -1.77494
-0.116826 -1.88746
-0.0784233 -1.74006
-0.142108 -1.86185
-0.189651 -1.97622
-0.27813 -2.20867
-0.217974 -2.09743
-0.211706 -2.20608
-0.153912 -2.02563
-0.209834 -2.28729
-0.262877 -2.41742
-0.298417 -2.36269
-0.345594 -2.52879
-0.386686 -2.49309
-0.44797 -2.63594
-0.403931 -2.61114
-0.442707 -2.70319
-0.399106 -2.70046
-0.319112 -2.60936
-0.388476 -2.76873
-0.338021 -2.71256
-0.293425 -2.51707
-0.287116 -2.60553
-0.170596 -2.31314
-0.121037 -2.40518
-0.254983 -2.67374
-0.229755 -2.80162
-0.137042 -2.58234
-0.0610738 -2.43341
0.0272224 -2.22048
0.0139496 -2.38644
0.0929604 -2.31605
0.187699 -2.07517
0.155795 -2.30658
0.0854318 -2.50673
-0.0124133 -2.67541
-0.103936 -2.714
-0.14888 -3.04434
-0.253761 -3.09801
-0.161324 -2.7175
-0.325406 -3.13956
-0.34321 -3.02335
-0.405877 -3.29689
-0.462698 -3.29928
-0.356458 -2.91405
-0.410043 -3.03098
-0.354376 -2.84381
-0.408688 -2.92309
-0.479206 -3.1351
-0.474468 -3.02263
-0.452831 -2.89401
-0.55748 -3.10997
-0.513663 -2.90553
-0.487246 -2.78116
-0.465743 -2.79538
-0.575206 -3.38452
-0.535113 -3.54927
-0.648545 -3.72291
-0.704593 -4.01154
-0.63622 -3.97244
-0.55102 -3.7703
-0.620385 -4.13867
-0.568471 -4.11965
-0.494713 -3.80939
-0.462435 -3.53256
-0.391692 -3.46352
-0.429971 -3.81752
-0.342541 -3.52242
-0.256814 -3.41404
-0.369494 -3.81573
-0.271712 -3.66051
-0.333176 -3.99682
-0.507386 -4.13763
-0.596422 -4.46265
-0.631423 -4.41431
-0.645413 -4.58252
-0.702061 -4.70767
-0.790695 -4.90845
-0.76842 -5.03041
-0.661873 -4.76225
-0.703545 -5.03921
-0.800479 -5.29213
-0.830643 -5.27731
-0.89894 -5.55162
-0.815656 -5.58854
-0.736663 -5.28527
-0.701787 -5.40906
-0.906377 -5.92702
-0.957708 -5.85306
-0.977007 -6.12598
-0.942449 -6.21858
-0.97558 -6.3598
-0.934844 -6.45198
-0.977902 -6.5965
-0.946652 -6.67972
-0.97543 -6.83946
-0.997776 -6.80777
-1.00726 -6.59738
-1.01274 -6.85378
-1.03807 -6.70847
-1.05639 -6.79596
-1.04314 -6.58888
-1.05212 -6.34021
-1.03619 -6.08372
-1.03586 -5.90573
-0.997698 -5.83802
-1.00227 -6.01723
-0.952301 -5.69994
-0.960824 -5.56875
-0.865868 -5.24874
-0.932411 -5.34272
-0.966261 -5.32191
-0.981562 -5.47844
-1.01494 -5.49907
-1.0129 -5.63237
-1.01769 -5.75033
-1.01378 -6.2191
-1.00543 -6.35738
-1.02383 -6.41775
-0.994501 -6.47048
-0.659807 -4.33647
-0.690107 -4.23144
-3.71933e-05 -1.63033
-0.937757 -4.7504
-0.941569 -7.54416
-0.836555 -6.72847
-0.81695 -6.49329
-0.584788 -5.29317
-0.646016 -7.03279
-0.565719 -8.71673
-0.595148 -8.79842
-0.536973 -8.85617
1.08644 -9.11464
1.01173 -9.00818
1.43752 -9.0058
0.588799 -9.29492
1.60544 -9.06648
2.29017 -10.0879
4.26257 -9.95969
4.52346 -10.0108
4.31374 -9.71404
3.90672 -9.59933
4.2844 -10.0687
4.49361 -10.0327
5.19294 -10.0432
5.25352 -9.9577
5.45081 -9.98885
5.37053 -10.08
5.13532 -10.1123
8.16339 -9.34057
8.16486 -9.24233
7.65451 -9.4143
2.22538 -9.89593
2.22561 -9.97537
2.00894 -9.90234
2.08445 -9.84155
1.83542 -9.94225
2.04871 -9.98603
1.88896 -9.98743
2.06626 -10.0413
2.24908 -10.0418
2.41561 -10.0328
1.86517 -10.0324
1.759 -9.99696
1.71172 -9.96071
0.648857 -8.88965
1.28842 -8.97515
1.39052 -9.18081
4.61304 -9.41221
6.25439 -8.7078
6.51303 -8.6101
6.59981 -8.25911
6.75377 -8.53208
6.88681 -8.34392
6.97021 -8.61096
7.05851 -8.36409
7.20228 -8.49749
7.14985 -8.17338
7.00376 -8.20056
6.99838 -8.01348
6.83531 -8.09413
6.84664 -7.89005
6.60789 -7.85576
6.78089 -7.6736
6.9687 -7.79103
6.91963 -7.56676
7.10895 -7.92279
7.24726 -7.96172
7.31083 -8.24222
7.38077 -8.04636
7.48237 -7.94958
7.47163 -7.62904
7.45619 -8.35014
7.60001 -8.40019
7.55256 -8.61919
7.65666 -8.55346
7.6464 -8.76477
7.72474 -8.84414
7.75287 -8.96287
7.42039 -8.73096
7.3414 -8.56706
7.33683 -8.4151
7.25173 -8.84214
7.10635 -8.77222
7.09549 -8.99223
6.97073 -9.18113
6.9489 -8.92458
6.75655 -9.14265
6.70659 -8.834
6.74947 -7.41066
4.5809 -8.30057
0.0257885 -4.8921
1.44519 -4.46442
1.66018 -4.65596
0.394583 -3.59316
0.327017 -3.714
0.456038 -3.3329
1.0159 -2.93343
1.1139 -3.09467
1.32098 -2.87894
2.57187 -2.84297
2.54018 -2.46636
3.83403 -4.05128
4.20626 -4.08619
4.33746 -3.96757
4.46836 -4.12975
4.57676 -4.3893
4.32671 -4.30362
4.10288 -4.29555
2.73309 -2.19615
4.64002 2.18623
4.44119 2.2707
3.90266 2.49777
3.92598 2.39482
4.20011 2.33381
3.98661 2.24352
4.15533 2.20978
4.34622 2.14721
4.4922 2.17548
4.56409 2.08604
4.72837 2.05505
4.8822 2.08821
4.86929 1.96234
5.05918 1.92384
4.98217 1.79704
5.1586 1.65713
5.34474 1.5435
5.46211 1.59334
5.46757 1.34274
5.267 1.4431
5.17889 1.56402
5.10949 1.5158
5.02936 1.64054
4.94579 1.52311
5.15164 1.38386
5.06122 1.32489
5.21678 1.2159
5.35572 1.25611
5.35256 1.10775
5.49322 1.03476
5.54613 1.14678
5.58698 0.836647
5.42728 0.925724
5.558 0.652363
5.72398 0.626034
5.74159 0.391074
5.87431 0.356819
5.85594 0.569407
6.02205 0.330041
6.04807 0.0394385
5.89082 0.163153
5.97927 -0.167521
5.78118 0.135602
5.6352 0.375909
5.63133 0.161537
5.80726 -0.128583
5.65131 -0.124
5.8173 -0.388629
5.94736 -0.39139
6.04834 -0.4354
6.11178 -0.412293
6.14922 -0.310239
6.20632 -0.569606
6.29316 -0.505605
6.25985 -0.197017
6.12645 0.0814457
6.18157 0.15482
6.3382 0.00815829
6.2398 0.271631
6.34205 0.187156
6.31803 0.361759
6.4117 0.194135
6.41017 0.0666631
6.45569 -0.109377
6.46077 -0.360739
6.5626 -0.305889
6.5669 -0.550674
6.55718 -0.725069
6.42575 -0.669359
6.59919 -1.04703
6.62857 -0.738429
6.45987 -1.01586
6.32722 -0.774135
6.33996 -1.03302
6.19281 -0.785054
6.12995 -0.567234
6.05936 -0.603865
6.03088 -0.821522
6.20135 -1.06598
6.05713 -1.11547
5.86853 -0.901
5.84308 -0.641619
5.68143 -0.666782
5.67544 -0.412553
5.53278 -0.433452
5.49319 -0.163534
5.34252 -0.247659
5.29006 0.0920815
5.11063 0.0173058
5.1537 -0.321516
4.86684 0.0183797
4.92449 -0.336003
4.73132 -0.103183
4.62014 0.140418
4.57459 0.496229
4.37144 0.29823
4.30466 0.512132
4.22681 0.721943
4.06146 0.5202
3.908 0.934722
3.65135 0.632592
3.86373 0.359702
3.61516 0.322915
3.37079 0.484338
3.28791 0.734389
3.00898 0.409049
3.0366 0.768295
3.19952 1.04381
2.88946 0.946507
2.84088 0.670059
2.69087 0.753476
2.618 0.971319
2.82189 1.18012
2.65264 1.29254
2.41042 1.12757
2.36281 0.798439
2.17228 0.966978
2.12055 0.559401
1.97361 0.755744
1.97796 1.04028
2.10441 1.20379
1.96669 1.2799
2.15993 1.42285
1.9708 1.48503
2.10576 1.586
1.89142 1.59483
2.10833 1.69157
2.04554 1.78611
1.89151 1.77547
1.96682 1.86015
3.4689 2.45051
3.7194 2.48103
3.67832 2.2882
3.39248 2.3305
3.26354 2.41009
3.15073 2.29338
3.39371 2.16261
3.07986 2.11328
2.95359 2.22903
2.92761 2.32821
2.81164 2.25678
2.65351 2.21765
2.80379 2.13445
2.55695 2.1084
2.37333 2.07329
2.46427 1.99475
2.67404 1.99497
2.52764 1.87482
2.77644 1.83717
2.88489 2.00599
3.07174 1.91583
3.28139 2.00172
3.34484 1.79747
3.48811 1.99163
3.70432 1.84529
3.67521 2.07276
3.87056 2.13089
4.10261 2.08298
3.92053 1.9723
4.12757 1.90759
4.33353 1.94397
4.50123 2.00491
4.57523 1.85497
4.70968 1.92744
4.80591 1.73101
4.64876 1.68328
4.77949 1.61666
4.74413 1.52629
4.89645 1.34386
4.64921 1.36937
4.5685 1.58677
4.45307 1.74167
4.35337 1.55811
4.25779 1.77921
4.03965 1.73508
4.14135 1.52122
4.27021 1.37528
4.45839 1.30015
4.66243 1.03664
4.86704 1.1305
4.87711 0.946698
5.00111 0.947989
5.10524 1.08566
5.16707 0.739306
5.33352 0.813525
5.28554 1.04348
5.3196 0.648751
5.46365 0.489732
5.32421 0.506733
5.44447 0.202402
5.22354 0.415514
5.07463 0.325117
5.03116 0.606846
4.86067 0.542031
4.90266 0.276985
4.70115 0.749113
4.53337 0.851419
4.35854 1.11035
4.37054 0.841945
4.17681 0.991543
4.04627 1.29469
3.71851 1.27041
3.83533 1.48241
3.98213 1.54961
3.83452 1.65003
3.5864 1.56003
3.41313 1.28265
3.52296 0.999958
3.22196 1.2735
3.22529 1.4793
3.04552 1.23571
2.91543 1.42087
3.01659 1.68238
2.72232 1.57439
2.52009 1.70644
2.42712 1.44312
2.27599 1.6412
2.37623 1.78903
2.31914 1.90773
2.21129 1.78736
2.11582 1.89568
2.32378 1.99924
2.25178 1.24495
4.85597 0.781937
4.98793 0.808315
1.82 1.47945
1.74469 1.38533
1.68209 1.20019
1.83234 1.33328
1.81029 1.08677
1.68036 1.02246
1.56114 0.967487
1.57093 1.12878
1.55909 1.22261
1.4854 1.06278
1.44307 1.16912
1.17195 0.810108
1.27142 0.966649
1.34027 1.11178
1.37525 1.00634
1.29494 0.863087
1.38424 0.83369
1.44715 0.649443
1.66256 0.774147
1.52336 0.523706
1.59516 0.377509
1.79438 0.610369
1.84381 0.868708
1.90256 0.464766
1.75736 0.377482
1.80879 0.24552
1.94629 0.198414
2.14817 0.218374
2.35033 0.479558
2.36095 0.134962
2.62163 0.474215
2.64357 0.166232
2.83252 -0.00537014
3.19193 0.0553395
3.35472 0.263184
3.63972 -0.0108731
3.86686 0.146615
4.06516 -0.110373
4.16497 0.142394
4.40391 -0.200289
4.50375 -0.00638364
4.68485 -0.285686
4.60046 -0.44026
4.8437 -0.565996
5.17749 -0.73039
4.90285 -0.906217
5.20999 -1.06302
5.37187 -1.03802
5.47952 -0.945835
5.44144 -0.61952
5.67921 -0.923156
5.66567 -1.19687
5.88172 -1.16598
5.89399 -1.42862
6.08138 -1.40041
6.2199 -1.31501
6.26502 -1.57146
6.34337 -1.45112
6.33879 -1.26384
6.45066 -1.25207
6.44068 -1.4436
6.53833 -1.44664
6.56909 -1.27592
6.58874 -1.614
6.52029 -1.58905
6.57882 -1.80728
6.68936 -1.92763
6.57433 -1.98388
6.48878 -1.91227
6.43159 -1.65408
6.35382 -1.8255
6.23735 -1.757
6.15578 -1.61754
6.12891 -1.7861
6.2746 -2.00621
6.1139 -2.01817
6.24666 -2.33858
6.4122 -2.29428
6.41845 -2.54202
6.53132 -2.88536
6.34105 -2.68148
6.36823 -3.03484
6.55316 -3.20811
6.73139 -3.28517
6.84816 -3.26232
6.8983 -3.48867
6.97199 -3.4097
7.04579 -3.74557
7.1612 -3.81412
7.19891 -4.10653
7.03271 -4.0909
7.14998 -4.41296
7.27743 -4.49299
7.22674 -4.74563
7.33963 -4.80938
7.30875 -5.10767
7.40118 -5.06531
7.48992 -5.2193
7.41697 -5.34349
7.50912 -5.50286
7.59817 -5.48066
7.6693 -5.29887
7.71932 -5.64194
7.75598 -5.50817
7.78341 -5.78495
7.82588 -6.08385
7.91743 -6.21903
7.76626 -6.26255
7.75018 -5.93246
7.68223 -5.88448
7.63468 -6.19999
7.57284 -5.79202
7.54256 -5.98275
7.55926 -6.15415
7.46752 -5.71267
7.34296 -5.49118
7.22348 -5.33048
7.0271 -4.36242
6.86349 -3.73043
6.65767 -3.5065
6.57226 -3.63924
6.48617 -3.3862
6.47429 -3.58346
6.33298 -3.42714
6.19531 -3.07699
6.01772 -2.91569
6.1592 -2.67864
5.93597 -2.55734
5.98843 -2.22771
5.77301 -2.31306
5.73685 -1.98682
5.49986 -2.12521
5.52914 -1.85026
5.6319 -1.66137
5.91472 -1.76576
5.72161 -1.47041
6.04237 -1.59433
5.45322 -1.3122
5.36231 -1.61918
5.08761 -1.32122
5.05389 -1.71999
4.82387 -1.45755
4.71155 -1.16005
4.55726 -1.35388
4.2658 -1.09519
4.63392 -1.55192
4.51642 -0.833405
4.12012 -0.717689
3.70015 -0.88861
3.81388 -0.581029
3.46941 -0.540114
3.71384 -0.339946
4.00089 -0.470931
3.96079 -0.276351
4.31091 -0.465669
3.34857 -0.229627
3.07074 -0.454642
3.15272 -0.838745
2.73181 -0.718546
2.74535 -0.345124
3.02866 -0.181264
2.44575 -0.193076
3.36016 -1.01567
4.6566 -0.64992
4.80497 -1.63322
5.00732 -2.07902
5.2467 -1.99493
5.35041 -1.86194
5.27417 -2.17355
5.38652 -2.34427
5.61473 -2.49922
5.30599 -2.6161
5.18434 -2.32214
4.90218 -2.41741
4.6945 -2.13104
4.98786 -2.83869
5.36724 -3.09313
5.62238 -2.88477
5.68287 -3.30593
5.86739 -3.12196
5.82025 -2.73902
5.79722 -2.51863
5.50748 -3.52194
5.25296 -3.41851
5.10026 -3.15167
4.95273 -3.39152
4.88555 -3.09354
4.73909 -3.4274
4.97611 -3.61591
5.12886 -3.65785
5.35788 -3.74022
5.39608 -3.9575
5.50043 -1.12482
6.52221 -3.7107
6.52003 -2.29686
6.4318 -2.0752
2.25976 -0.119194
2.10074 -0.0922679
2.15606 -0.329172
1.92702 -0.428222
1.86168 -0.156566
2.01598 0.0396997
1.74783 0.00990804
1.6284 -0.290162
1.56403 -0.103708
1.43272 -0.401256
1.38397 -0.179539
1.19495 -0.569618
1.20843 -0.184778
1.00818 -0.772091
0.941 -1.01539
1.06486 -0.88357
1.02006 -1.11062
1.16164 -0.921108
1.34378 -0.724727
1.11269 -1.16705
1.13474 -1.36877
1.00443 -1.35202
1.40388 0.0871038
1.42455 0.326169
1.51854 0.0751001
1.66526 0.166947
1.50952 -0.555887
2.52322 0.693916
1.4347 0.468921
1.22915 0.704365
1.11354 0.538788
1.09262 0.626725
1.00182 0.490528
5.94235 -0.5827
6.60902 -0.187672
5.33502 -4.3905
5.30177 -5.1269
5.58528 -4.93754
5.58401 -5.17545
5.7562 -5.07318
5.99207 -5.15352
5.74766 -5.39178
6.039 -5.52971
6.2807 -5.29751
6.34347 -5.12458
5.52396 -5.67741
5.4889 -5.37506
5.27115 -5.525
5.02897 -5.39857
4.97956 -5.15924
4.78794 -5.3227
4.76771 -5.59085
4.42042 -5.39567
4.47116 -5.85073
4.17616 -5.70448
4.06293 -5.1503
4.10539 -5.99221
3.88619 -6.0121
3.87196 -6.19098
4.10027 -6.17668
4.30291 -6.19625
4.0779 -6.30488
4.18941 -6.46725
4.49674 -6.40325
4.6068 -6.14064
4.84269 -6.31483
4.86168 -5.93926
5.04726 -6.11892
5.22568 -5.90756
5.0339 -5.6711
5.2418 -6.32576
5.52967 -6.3605
5.49923 -6.58827
5.39608 -6.84809
5.23144 -6.65543
5.04551 -6.95524
4.95561 -6.62015
4.70924 -6.87398
4.62759 -6.63196
4.34145 -6.91402
4.34132 -6.63768
3.96955 -6.74397
3.87251 -6.45199
3.55242 -6.64511
3.69431 -6.19098
3.52162 -6.94861
3.89668 -7.0997
3.4724 -7.20174
4.06615 -7.32029
4.22056 -7.14955
4.5318 -7.2705
3.82918 -4.92584
3.41595 -4.73145
8.01025 -6.34795
8.08018 -6.70315
8.08568 -6.44083
8.11746 -6.68152
8.25862 -7.51787
8.25574 -7.82381
8.29105 -7.7496
8.31724 -7.55938
8.33287 -7.79583
8.36515 -7.97555
8.29171 -7.99979
8.3174 -8.29172
8.24706 -8.24391
8.17765 -8.34212
8.22266 -8.47729
8.13481 -8.60402
8.09945 -8.389
8.17876 -8.7294
8.27224 -8.60244
8.34372 -8.48139
8.37005 -8.22303
8.39282 -8.30694
8.41103 -8.19738
8.40334 -8.08793
8.43803 -7.95195
8.42505 -8.2423
8.40804 -8.41086
8.33367 -8.7001
8.29257 -8.74984
8.21785 -8.96871
8.20528 -8.84972
8.14769 -9.06264
7.63227 -2.66979
7.56634 -2.50099
7.45137 -2.05032
7.40338 -1.97044
7.45551 -2.14163
7.41312 -2.14542
7.48919 -2.30176
7.48396 -2.37995
7.5074 -2.41862
7.56393 -2.53927
7.64862 -2.74256
7.65317 -2.71289
7.70057 -2.85612
7.76465 -2.99073
7.75654 -3.02169
7.80349 -3.17212
7.84373 -3.30141
7.91395 -3.56743
7.89237 -3.48965
7.81311 -3.23247
7.84803 -3.41708
7.77763 -3.15884
7.76026 -3.07511
7.71799 -2.92649
7.61547 -2.72892
7.65097 -2.92674
7.5742 -2.72157
7.53341 -2.56385
7.45408 -2.38262
7.54679 -2.67036
7.48143 -2.60417
7.58679 -2.83731
7.68389 -3.15036
7.75627 -3.23729
7.80944 -3.372
7.80333 -3.45976
7.86525 -3.63349
7.92169 -3.69895
7.94007 -3.79452
7.88875 -3.90518
7.82659 -3.68362
7.88409 -4.08097
7.81785 -3.81364
7.75263 -3.52313
7.77011 -3.4066
7.66777 -3.37304
7.58919 -3.10629
7.53037 -2.84211
7.49417 -2.93115
7.4351 -2.68057
7.36938 -2.68254
7.32942 -2.36642
7.43007 -2.56457
7.37656 -2.31433
7.2314 -1.93652
7.16338 -2.03366
7.07706 -1.65233
7.09741 -1.46998
6.97223 -1.28965
6.97036 -1.10963
6.86413 -0.950352
6.90893 -0.909013
6.94734 -0.966538
7.00381 -1.0557
6.94454 -0.85933
7.02443 -0.947733
7.06327 -1.08815
6.97013 -0.797518
6.96522 -0.676543
6.90382 -0.684493
6.85956 -0.754932
6.85556 -0.536815
7.16325 -1.26588
7.19482 -1.41863
7.26495 -1.56174
7.33517 -1.7521
7.24876 -1.61549
7.31988 -1.86743
7.22932 -1.71877
7.32774 -2.05373
7.1433 -1.4425
7.0917 -1.23536
7.06214 -1.24694
7.10872 -1.16013
6.86476 -1.16472
6.97144 -1.48181
6.97458 -1.70673
7.04487 -1.76126
7.07544 -1.94881
7.15213 -2.21527
7.25963 -2.36501
7.24211 -2.52201
7.14295 -2.36902
7.01673 -2.04939
7.08146 -2.4329
6.98686 -2.1549
7.00554 -2.45371
7.10614 -2.76099
7.22703 -2.81172
7.20871 -2.60421
7.3264 -2.85623
7.45861 -3.03401
7.42693 -3.16168
7.52621 -3.33441
7.56822 -3.21749
7.63166 -3.51965
7.73717 -3.72375
7.68373 -3.83938
7.75107 -3.93812
7.81284 -4.07142
7.76139 -4.11649
7.82155 -4.36066
7.90012 -4.47466
7.86811 -4.72649
7.7658 -4.41213
7.80129 -4.7446
7.71379 -4.60105
7.66138 -4.2676
7.68645 -4.08693
7.61238 -4.02091
7.55681 -4.10069
7.53414 -3.7774
7.62119 -3.87111
7.58506 -3.62868
7.46767 -3.43307
7.44733 -3.59785
7.34231 -3.38772
7.34143 -3.12383
7.2453 -3.05156
7.18429 -3.13818
7.03289 -2.87865
6.91766 -2.72401
6.85935 -2.53442
6.98487 -2.92459
7.43005 -3.78176
7.46847 -4.09715
7.53946 -4.36478
7.62326 -4.39202
7.78218 -4.8929
7.87903 -5.11466
7.96213 -5.15222
7.94934 -4.84798
8.0118 -5.11105
8.04113 -5.46071
7.99895 -5.51434
7.9358 -5.31875
8.11963 -5.78807
8.07547 -5.38403
8.11814 -5.58347
8.09455 -5.30621
8.14379 -5.57456
8.17635 -5.82687
8.20117 -5.77255
8.23512 -5.83884
8.23762 -5.95862
8.25712 -6.07687
8.24577 -6.22967
8.29785 -6.27207
8.31658 -6.15453
8.26746 -5.9296
8.31727 -6.04784
8.37698 -6.16539
8.3771 -6.3807
8.25931 -5.76648
8.24698 -5.62078
8.32257 -6.47929
8.30902 -6.65711
8.33991 -6.82038
8.27029 -6.54202
7.98298 -3.86047
7.99819 -3.96382
6.05954 1.05005
6.18776 0.9203
6.07357 0.926336
5.93993 1.0768
5.85106 1.2031
