5.81354 6.29587
6.39521 8.69504
6.93685 10.434
7.64855 11.167
8.70476 11.7439
9.77043 11.9326
10.1388 11.9044
10.6529 11.812
11.2229 11.5816
11.7684 11.0739
12.08 10.6679
12.304 10.3025
12.6351 9.70287
12.7897 9.38364
12.9997 8.92548
13.125 8.63297
13.6788 7.19238
14.2115 5.79995
14.5168 4.64442
14.5469 4.48711
14.5528 4.31834
14.5101 3.82721
14.4777 3.70885
14.3971 3.44097
14.1967 2.92154
14.071 2.69929
13.9516 2.55074
13.8083 2.37702
13.4947 2.02257
13.4206 1.93985
13.3466 1.85844
13.2047 1.7713
13.0427 1.71781
12.9384 1.6849
12.2498 1.55539
10.9726 1.36726
9.23638 1.11406
8.73044 1.05626
8.57521 1.04204
8.39847 1.02767
8.02692 1.03895
7.87812 1.07957
7.74684 1.13706
7.65296 1.21595
7.51634 1.34497
7.36641 1.49398
6.58834 2.38519
6.50982 2.48182
5.94357 3.44335
5.60744 4.14599
5.56466 4.35249
