1.64959 1.86929
1.82845 1.90179
1.71214 1.68408
1.94238 1.59924
2.02429 1.75552
2.02649 1.88943
1.92304 1.89848
2.14102 1.87677
2.47351 1.80603
2.64999 1.77261
2.82718 1.74652
4.58735 -1.06361
4.54085 -0.962858
4.46417 -0.680934
4.46853 -0.849236
4.43485 -0.951658
4.34872 -0.782506
4.32922 -0.890428
4.23279 -0.701709
4.25094 -0.819734
4.1652 -0.725896
4.27369 -0.962634
4.13951 -0.835354
4.19991 -1.0817
4.38553 -1.27014
4.43129 -1.12432
4.57353 -1.45629
4.53405 -1.24003
4.50479 -1.09345
4.60032 -1.18354
4.57141 -1.33993
4.61651 -1.23096
4.67917 -1.67365
4.62962 -1.55027
4.64333 -1.69214
4.57659 -1.60274
4.59562 -1.72372
4.53616 -1.68566
4.60051 -1.83247
4.50134 -1.82303
4.62153 -1.99128
4.68609 -1.97425
4.64767 -1.80551
4.74592 -1.80089
4.79276 -2.0279
4.79734 -1.90825
4.85499 -2.02134
4.90664 -2.11877
4.94301 -2.22915
5.16704 -2.91619
5.11544 -2.76767
5.07526 -2.60835
5.06588 -2.74641
4.99305 -2.53736
5.03573 -2.45716
4.99361 -2.33183
4.91312 -2.38062
4.90224 -2.25285
4.86668 -2.26545
4.84507 -2.17189
4.80001 -2.17437
4.85303 -2.353
4.75845 -2.25374
4.83404 -2.39907
4.81842 -2.51355
4.87892 -2.50006
4.95334 -2.72918
4.92617 -2.84561
4.83484 -2.8032
4.91117 -3.00983
4.84077 -3.02603
4.91413 -3.21036
4.84958 -3.25883
4.93468 -3.44298
4.88708 -3.4878
4.98012 -3.76877
5.02667 -3.61669
5.01064 -3.41086
5.14179 -3.687
5.07242 -3.42878
5.21356 -3.64716
5.06895 -3.27261
4.98102 -3.21493
4.98479 -3.06071
5.04976 -3.06264
5.15812 -3.33317
5.18254 -3.24657
5.08862 -2.94515
4.9969 -2.69995
5.16582 -3.02052
5.22104 -3.10156
5.18775 -3.11797
5.25385 -3.28202
5.2774 -3.30219
5.42645 -3.52539
5.47479 -3.59261
5.51877 -3.65684
5.54143 -3.76334
5.57155 -3.71914
5.60637 -3.78965
5.63431 -3.91162
5.67708 -3.99767
5.72259 -4.11256
5.75686 -4.24556
5.69075 -4.17981
5.73251 -4.3369
5.81545 -4.47033
5.76024 -4.55279
5.66272 -4.2312
5.64507 -4.32142
5.67059 -4.63256
5.76024 -4.83648
5.73104 -4.84836
5.71603 -5.00493
5.76621 -5.03899
5.77896 -5.30571
5.81274 -5.25898
5.83558 -5.12185
5.83353 -4.81852
5.85937 -5.10109
5.88786 -5.38243
5.84914 -5.42354
5.89468 -5.61819
5.88232 -5.75544
5.93517 -5.89871
5.94177 -6.15182
5.9592 -6.17982
5.99904 -6.47059
5.96059 -6.43804
5.92865 -6.30138
5.9294 -6.60144
5.95926 -6.65309
5.9401 -6.88015
5.9815 -6.85982
6.01509 -6.66361
5.99393 -6.33245
6.01375 -6.43103
5.99417 -6.19989
5.97186 -6.01323
5.98454 -6.00746
5.97086 -5.80982
5.9417 -5.66441
5.95174 -5.5653
5.91933 -5.3679
5.92035 -5.36049
5.90398 -5.13822
5.88231 -4.88895
5.85062 -4.75763
5.85944 -4.79762
5.84194 -4.65872
5.78911 -4.331
5.96934 -5.81062
5.96363 -5.59107
5.93195 -5.36594
5.9683 -5.79936
5.99222 -5.9777
5.99832 -6.15009
5.99862 -6.2145
6.00065 -6.41936
6.01163 -6.49396
6.01798 -6.72138
6.02094 -6.68295
6.00171 -6.92436
5.99392 -6.97354
5.98615 -7.18672
5.98173 -7.09666
5.9776 -7.32391
5.97793 -7.48389
5.98786 -7.38455
5.95003 -7.66636
5.93624 -7.7572
5.91032 -7.94137
5.87944 -8.00685
5.86073 -8.12924
5.86069 -8.15483
5.88934 -8.02839
5.91986 -7.87451
5.8596 -8.15612
5.87438 -8.01359
5.82943 -8.26415
5.80177 -8.40874
5.77693 -8.45252
5.81903 -8.24797
5.77824 -8.37986
5.75741 -8.47917
5.77695 -8.30983
5.72816 -8.52639
5.71276 -8.67529
5.65161 -8.72482
5.61957 -8.91901
5.58958 -8.9533
5.57193 -8.8997
5.52627 -9.06123
5.49986 -9.05951
5.52135 -8.89535
5.41974 -9.15084
5.44243 -9.24739
5.33325 -9.35238
5.33118 -9.42732
5.26437 -9.49848
5.28398 -9.55015
5.18373 -9.64227
5.23027 -9.468
5.06915 -9.62476
5.04505 -9.76089
4.94443 -9.78634
4.90887 -9.88885
4.80824 -9.85645
4.88008 -9.74348
4.74481 -9.82116
4.78908 -9.71417
4.58188 -9.83101
4.66376 -9.92076
4.51228 -9.97228
4.39254 -9.96766
4.36866 -10.0783
4.19921 -10.0586
4.32787 -9.87866
4.07672 -9.95867
3.95019 -10.134
3.81516 -10.0534
3.93757 -9.81612
3.66288 -9.9614
3.53768 -10.17
3.42508 -10.0367
3.26163 -10.2066
3.19795 -10.0702
3.35147 -9.86729
3.09641 -9.92618
2.9584 -10.0999
3.06214 -10.2003
2.84348 -10.2453
3.0193 -10.3304
2.71129 -10.3786
2.87018 -10.4363
3.05487 -10.4393
3.3014 -10.3375
3.23748 -10.4533
3.42249 -10.3961
3.56575 -10.2981
3.73419 -10.1965
3.80218 -10.2745
4.07299 -10.2057
3.93277 -10.3081
3.75049 -10.3544
3.59607 -10.3766
3.60921 -10.4363
3.41106 -10.4617
3.365 -10.5119
3.2235 -10.5126
3.09831 -10.5417
3.01677 -10.5281
2.88748 -10.601
3.01809 -10.5828
2.74573 -10.6401
2.69628 -10.636
2.7449 -10.5872
2.56101 -10.6366
2.48183 -10.6055
2.42862 -10.6526
2.28055 -10.669
2.34391 -10.6874
2.16494 -10.7121
2.36453 -10.6863
2.45173 -10.6677
2.53136 -10.6644
2.31469 -10.7111
2.56454 -10.6824
2.7719 -10.6338
2.43085 -10.6741
2.80396 -10.568
3.04657 -10.5527
3.23619 -10.5159
3.39739 -10.5079
3.58471 -10.4584
3.70265 -10.4463
3.87079 -10.3739
3.91755 -10.3565
3.79175 -10.3837
4.03408 -10.3126
4.12401 -10.2643
4.1191 -10.3033
4.29245 -10.232
4.25152 -10.1835
4.2204 -10.133
4.42972 -10.1446
4.58552 -10.0397
4.5975 -10.0911
4.74986 -9.99811
4.74598 -9.95907
4.929 -9.94744
5.09421 -9.79938
5.11502 -9.84738
4.97198 -9.94885
4.84251 -10.0085
4.80044 -10.0172
4.7242 -10.0453
4.75008 -10.0456
4.61694 -10.1259
4.45895 -10.1787
4.46342 -10.1842
4.32001 -10.2372
4.31706 -10.2211
4.21682 -10.2759
4.08401 -10.3243
3.94648 -10.3527
4.18655 -10.273
4.11927 -10.2754
4.3738 -10.1869
4.31912 -10.1994
4.55554 -10.1068
4.63225 -10.1016
4.81904 -10.0041
4.73906 -10.0162
4.92241 -9.91124
5.03779 -9.86973
5.14675 -9.80981
5.1749 -9.74835
5.26761 -9.67871
5.23779 -9.72274
5.21036 -9.74322
5.30947 -9.60814
5.2357 -9.66317
5.31943 -9.55379
5.39882 -9.45347
5.37185 -9.4311
5.47174 -9.28989
5.54185 -9.10851
5.58177 -9.11984
5.66879 -8.87776
5.62947 -9.02894
5.56503 -9.19758
5.48911 -9.31344
5.5154 -9.3208
5.42034 -9.46115
5.44995 -9.4361
5.35032 -9.5805
5.37728 -9.53121
5.27585 -9.62825
5.41302 -9.43433
5.469 -9.39418
5.53031 -9.23637
5.53563 -9.28627
5.60535 -9.10653
5.58382 -9.15604
5.65745 -8.94511
5.71309 -8.80153
5.74477 -8.65651
5.7758 -8.54487
5.7471 -8.64519
5.82623 -8.33162
5.81362 -8.34999
5.80129 -8.40086
5.84719 -8.20779
5.83352 -8.16419
5.88738 -7.89904
5.8226 -8.13532
5.78261 -8.39499
5.77578 -8.25254
5.83831 -7.96464
5.76156 -8.15445
5.69979 -8.37533
5.72212 -8.47846
5.66382 -8.66915
5.67957 -8.55221
5.64046 -8.71217
5.55999 -8.85059
5.5479 -8.96758
5.615 -8.86157
5.55045 -9.03726
5.62794 -8.94577
5.55952 -9.10628
5.59054 -9.0532
5.50231 -9.21884
5.66741 -8.86882
5.69441 -8.70022
5.73558 -8.60888
5.48433 -9.14991
5.44281 -9.31779
5.37066 -9.25879
5.46869 -8.96463
5.40623 -9.04621
5.86733 -6.77577
5.87226 -6.93082
5.87799 -6.71415
5.90312 -6.75705
5.91112 -6.87996
5.87001 -7.08824
5.93096 -7.02515
5.90999 -7.22944
5.8739 -7.27648
5.88634 -7.45649
5.86032 -7.50208
5.84684 -7.69733
5.81222 -7.92777
5.90374 -7.66543
5.94847 -7.58546
5.94796 -7.37289
5.9604 -7.18754
5.94264 -7.1564
5.96561 -6.9679
5.98906 -6.9108
5.99519 -6.7803
5.9845 -6.58836
5.96801 -6.76237
5.96354 -6.65381
5.96378 -6.43533
5.99108 -6.3466
6.0245 -6.14094
5.99871 -6.23554
5.93468 -6.43725
5.9326 -6.65579
5.89604 -6.60438
5.89727 -6.47117
5.87764 -6.60096
5.85861 -6.6199
5.91875 -6.36763
5.95134 -6.29874
5.95766 -6.29968
5.29329 -9.10467
4.61063 -9.38066
4.75959 -9.32079
4.88788 -9.25881
5.00375 -9.21789
5.11025 -9.18306
5.21227 -9.14895
5.00979 -9.45671
5.15614 -9.42967
5.28206 -9.31252
5.24446 -9.42883
5.32694 -9.44171
5.19022 -9.57261
5.25062 -9.58755
5.12529 -9.68871
5.12091 -9.75918
4.96355 -9.80009
4.7517 -9.94776
4.78639 -9.84123
5.02782 -9.69828
4.9229 -9.68037
5.107 -9.56145
4.99947 -9.55423
4.80914 -9.66491
4.78001 -9.54722
4.91796 -9.39854
4.769 -9.40614
4.61718 -9.60021
4.44682 -9.43905
4.43908 -9.63353
4.16791 -9.60817
3.88327 -9.78149
3.51562 -9.87091
3.31767 -9.99307
3.1235 -10.1016
2.93335 -10.1577
2.65278 -10.1515
2.57071 -10.2637
2.37455 -10.1293
2.10782 -10.1024
2.02129 -10.1977
2.00948 -10.3149
2.30706 -10.3001
2.15695 -10.3725
2.42919 -10.3228
2.73457 -10.3051
2.37767 -10.3793
2.52415 -10.4121
2.2695 -10.4693
2.15798 -10.4316
2.03053 -10.5059
1.93472 -10.4426
1.88029 -10.3966
1.66429 -10.4408
1.71474 -10.5131
1.43201 -10.4965
1.42112 -10.4388
1.63134 -10.3683
1.29553 -10.3885
1.40276 -10.3076
1.74451 -10.2776
1.65493 -10.1654
1.87534 -10.1623
1.85611 -10.0694
1.63389 -10.0758
1.19151 -10.0808
0.904585 -10.0688
0.616043 -10.0498
0.620494 -10.2231
0.40228 -10.1775
0.289186 -10.3578
0.152207 -10.2191
-0.0514488 -10.3608
0.0256634 -10.4419
0.306087 -10.4487
0.121691 -10.5305
-0.221217 -10.5195
-0.247125 -10.582
-0.132627 -10.6334
0.175641 -10.6106
0.00524998 -10.6771
-0.34162 -10.7149
-0.0885925 -10.7217
-0.283074 -10.7869
0.0525379 -10.746
0.150909 -10.7007
0.348197 -10.7127
0.326905 -10.6707
0.530209 -10.6586
0.578858 -10.7065
0.695951 -10.6677
0.797627 -10.6967
0.603144 -10.724
0.912793 -10.7144
0.700354 -10.7479
0.923953 -10.734
1.13382 -10.7086
1.19362 -10.7256
1.37267 -10.6903
1.4758 -10.722
1.29242 -10.7683
0.948921 -10.7623
0.927807 -10.7942
0.708052 -10.8085
0.676037 -10.8297
0.578765 -10.8091
0.466011 -10.8075
0.630034 -10.7725
0.242553 -10.7979
0.402958 -10.7615
0.186118 -10.7796
-0.0117865 -10.8085
-0.130227 -10.8446
-0.300196 -10.8362
-0.160751 -10.8071
0.126736 -10.7716
0.332106 -10.7495
0.465534 -10.7088
-0.508172 -10.8448
-0.614986 -10.787
-0.854758 -10.8338
-0.739301 -10.866
-0.567087 -10.8858
-0.842431 -10.8712
-0.763679 -10.8843
-0.442596 -10.886
-0.369066 -10.8588
-0.168035 -10.8568
0.166117 -10.8333
0.0145779 -10.8537
0.285343 -10.8416
0.115401 -10.8425
0.262734 -10.8141
0.235104 -10.7882
0.419295 -10.7982
0.493724 -10.7613
0.279142 -10.7415
0.0946226 -10.7753
-0.00144386 -10.8171
-0.135074 -10.7653
0.101443 -10.708
-0.053154 -10.6685
0.124637 -10.6159
-0.13401 -10.5589
-0.229424 -10.6584
-0.463182 -10.5727
-0.394244 -10.7128
-0.607941 -10.6697
-0.811671 -10.568
-0.857152 -10.7147
-1.13351 -10.6013
-1.10217 -10.4563
-1.37997 -10.4937
-1.37889 -10.364
-1.61523 -10.3874
-1.58271 -10.2709
-1.39996 -10.2185
-1.65229 -10.1181
-1.81975 -10.2246
-1.86397 -10.042
-1.7479 -9.86998
-1.96892 -9.89929
-2.08982 -10.0365
-2.1343 -9.73113
-2.28949 -9.83102
-2.31032 -9.61942
-2.41302 -9.66154
-2.44765 -9.83948
-2.55391 -9.59367
-2.44304 -9.39176
-2.56977 -9.39761
-2.65847 -9.3957
-2.59811 -9.18857
-2.7194 -9.20134
-2.78473 -9.38406
-2.70466 -9.59217
-2.80504 -9.68843
-2.90925 -9.45176
-2.88958 -9.23825
-2.98462 -9.23314
-2.92397 -8.98534
-3.03528 -8.98461
-2.97252 -8.82681
-3.008 -8.64504
-3.11282 -8.81924
-3.13944 -9.10201
-3.20709 -8.91006
-3.21032 -9.23455
-3.28407 -9.08254
-3.28243 -8.75052
-3.19882 -8.62666
-3.16358 -8.72423
-3.11 -8.53831
-3.16772 -8.38754
-3.23529 -8.44082
-3.14329 -8.12887
-3.08301 -8.22258
-3.04592 -7.8985
-3.1011 -7.72939
-3.18937 -7.89715
-3.13786 -7.54391
-3.1873 -7.58833
-3.25488 -7.83343
-3.22625 -7.53234
-3.1036 -7.12949
-3.22458 -7.31524
-3.28828 -7.5601
-3.28302 -7.39698
-3.26937 -7.22156
-3.33076 -7.48936
-3.32345 -7.17005
-3.2276 -6.91369
-3.18895 -7.04349
-3.17033 -6.85363
-3.1482 -6.63089
-3.19384 -6.61643
-3.26925 -6.85862
-3.2532 -6.65446
-3.33927 -6.93664
-3.27285 -6.47204
-3.18306 -6.36438
-3.16128 -6.04299
-3.13849 -6.08204
-3.08006 -5.79075
-3.08767 -5.64436
-3.15388 -5.79444
-3.22585 -6.10158
-3.22765 -5.89827
-3.14594 -5.55685
-3.09458 -5.49802
-3.06815 -5.20331
-3.01666 -5.27124
-3.00358 -5.04266
-2.9765 -4.8002
-3.06068 -4.92001
-2.97615 -4.60119
-3.0146 -4.58697
-3.1236 -5.05223
-3.09409 -4.81813
-3.04781 -4.59072
-2.9526 -4.27387
-2.99729 -4.35336
-3.07021 -4.66269
-3.03233 -4.46787
-3.06079 -4.525
-3.10988 -4.855
-3.04921 -4.47404
-2.98401 -4.33403
-2.96197 -4.28432
-2.99841 -4.36643
-3.03202 -4.43609
-3.03924 -4.42734
-3.13357 -5.01286
-3.18271 -5.18443
-3.21134 -5.34208
-3.19186 -5.35526
-3.16899 -5.39468
-3.13646 -5.28777
-3.19831 -5.60551
-3.24403 -5.66497
-3.2442 -5.8362
-3.27425 -6.03446
-3.28869 -5.97685
-3.31405 -6.21959
-3.34651 -6.22271
-3.315 -6.02714
-3.29229 -5.83304
-3.37388 -6.41936
-3.39386 -6.6287
-3.33292 -6.41905
-3.35247 -6.57585
-3.29542 -6.2437
-3.37888 -6.85773
-3.42169 -6.84227
-3.44675 -7.09067
-3.46748 -7.31229
-3.42595 -7.23332
-3.46458 -7.59374
-3.4269 -7.52716
-3.37914 -7.32461
-3.36508 -7.41733
-3.40362 -7.66324
-3.36009 -7.86222
-3.29833 -7.76037
-3.32208 -8.01519
-3.3706 -8.22436
-3.28956 -8.20337
-3.3645 -8.50546
-3.30107 -8.48903
-3.23595 -8.24819
-3.33799 -8.70675
-3.34253 -8.94286
-3.39217 -8.77657
-3.41764 -8.51997
-3.43666 -8.85697
-3.46947 -8.47932
-3.42611 -8.105
-3.47081 -8.16475
-3.44538 -7.82405
-3.48555 -7.89133
-3.51197 -8.06602
-3.50782 -7.81039
-3.49318 -7.5604
-3.51999 -8.32166
-0.077733 1.43327
0.0678482 1.52497
0.216853 1.61611
0.367311 1.71166
0.42656 1.63186
0.570997 1.71717
0.585486 1.60075
0.767968 1.71142
0.811609 1.59481
1.10795 1.79944
0.770147 1.83247
0.97674 1.92095
0.803514 1.96269
0.648207 1.92185
0.507206 1.81915
1.36118 1.88815
1.27233 1.88613
1.31113 1.79999
1.45708 1.84158
1.37784 1.67705
1.52753 1.61074
1.70657 1.37926
1.38279 1.46221
1.46181 1.21049
1.62656 1.13215
1.77793 1.1181
1.98254 1.18391
1.87956 0.89894
2.18831 0.848377
2.21868 1.14847
2.14926 1.39581
2.38096 1.25386
2.39699 1.50847
2.56156 1.3318
2.59292 1.027
2.74231 1.17818
2.79947 0.952515
2.77559 0.729306
2.97957 0.766101
2.92588 1.02995
3.04973 0.90391
3.11979 1.04192
2.8882 1.26075
2.71636 1.40397
2.83844 1.41677
2.71661 1.54343
2.58802 1.49344
2.54827 1.67953
2.3756 1.72982
2.48574 1.7668
2.71123 1.69377
2.30622 1.84239
2.1747 1.67385
2.12325 1.81265
2.87995 1.55741
2.98208 1.67461
3.07024 1.48063
3.12359 1.5906
3.38503 1.40471
3.23599 1.48245
3.46154 1.29423
3.5504 1.20233
3.80316 0.873943
3.84285 0.716008
3.88005 0.54329
3.91251 0.367133
4.00987 0.194464
4.10616 0.00990844
4.05537 -0.08483
4.20688 -0.174399
4.15135 -0.325191
4.30648 -0.357143
4.38233 -0.528222
4.27161 -0.506505
4.35006 -0.661426
4.2765 -0.635081
4.18331 -0.515933
4.07345 -0.393516
3.99829 -0.221438
3.95444 -0.365432
3.865 -0.183324
3.8756 0.0163936
3.70442 -0.022581
3.69966 0.215725
3.5617 0.2248
3.54004 0.421121
3.39942 0.343568
3.38259 0.59047
3.28435 0.537705
3.18618 0.736377
3.17406 0.4489
2.95882 0.507109
3.06873 0.17079
3.34734 0.0483394
3.52007 0.0872397
3.58526 -0.218002
3.78898 -0.326565
3.7187 -0.497842
3.59521 -0.53199
3.43761 -0.322754
3.48875 -0.576627
3.3431 -0.473584
3.43741 -0.710286
3.23568 -0.65168
3.48162 -0.992075
3.61363 -0.822578
3.73412 -1.22095
3.79103 -0.978786
3.72696 -0.726487
3.83738 -0.845152
3.82059 -0.659182
3.81318 -0.512776
3.92541 -0.582318
4.01801 -0.522953
4.09226 -0.531328
4.05939 -0.669001
4.0337 -0.865105
3.90765 -0.800761
3.94729 -1.05677
4.07835 -1.10978
4.16079 -1.23159
4.2794 -1.32372
4.20253 -1.39322
4.09141 -1.37248
4.21448 -1.59437
4.15198 -1.70907
4.00683 -1.61088
4.11487 -1.86925
4.04576 -1.90936
3.89848 -1.8015
4.02897 -2.13667
3.8543 -2.05597
3.72005 -1.78818
3.73775 -1.53321
3.85985 -1.51542
3.59589 -1.30583
3.56223 -1.51892
3.41485 -1.22638
3.34501 -1.43847
3.16976 -1.10117
3.28986 -0.963949
3.10984 -0.815566
2.89299 -0.838067
2.93524 -0.504624
2.65682 -0.491497
2.59636 -0.743284
2.32238 -0.442391
2.31849 -0.834335
2.05468 -0.535073
1.95569 -0.255624
2.17052 -0.0827723
1.86025 0.0507839
2.07591 0.235641
2.32459 0.0893517
2.32664 0.414547
2.57806 0.0677627
2.59436 0.343376
2.52454 0.687751
1.98207 0.571973
2.3805 0.998283
2.79784 0.389172
2.74844 0.158639
2.90797 0.0944238
3.05714 -0.127715
3.24537 -0.178029
3.19247 -0.361171
3.06106 -0.355003
2.85728 -0.128826
2.70052 -0.246899
2.46395 -0.180146
1.77152 0.353086
1.6596 0.689981
1.68626 0.960063
1.50373 0.949064
1.348 0.696637
1.25945 1.00141
1.2744 1.26635
1.13003 1.18932
1.11815 1.42218
1.21464 1.65524
1.01969 1.58512
1.18677 1.84322
0.848408 1.4281
0.549541 1.42829
0.667802 1.30556
0.793741 1.22285
0.951262 1.19283
0.793386 1.06427
0.869329 0.962945
1.02845 0.968088
0.858232 0.73713
1.07617 0.70754
0.832559 0.420191
1.15296 0.41759
1.46481 0.406137
1.28956 0.113747
1.59437 0.164389
1.58682 -0.115694
1.28243 -0.149972
1.02478 -0.100332
0.943437 0.146103
0.730895 -0.10175
0.669439 0.118929
0.497793 0.256752
0.397205 -0.131906
0.256442 0.0548646
0.263298 0.269635
0.454927 0.521518
0.251063 0.475042
0.0734348 0.275813
0.0774603 0.543494
0.385956 0.75265
0.188537 0.825784
0.0342197 0.69781
0.00826645 0.839667
-0.106594 0.666911
-0.19177 0.777967
-0.309085 0.606246
-0.31643 0.722203
-0.450759 0.654238
-0.528272 0.459184
-0.398193 0.407277
-0.195813 0.444229
-0.391917 0.255521
-0.302055 0.187327
-0.123264 0.250125
-0.0407829 0.593198
-0.290369 -0.0629138
-0.0804415 0.0761955
0.0769367 0.0593292
-0.104728 -0.145466
0.10251 -0.164838
-0.0885773 -0.448679
0.13916 -0.38732
0.29738 -0.491976
0.568227 -0.358722
0.831075 -0.288239
0.764123 -0.547586
1.10388 -0.356117
1.07511 -0.616196
1.3713 -0.536221
1.41107 -0.312966
1.70945 -0.445707
1.6286 -0.694718
1.93872 -0.724827
1.80904 -0.978572
2.08349 -0.912494
2.23843 -1.14825
2.48808 -1.11447
2.75256 -1.11578
2.59273 -1.39211
2.96458 -1.61016
3.08837 -1.33359
2.98607 -1.0959
3.25994 -1.65473
3.51324 -1.78096
3.38612 -1.91238
3.21284 -1.87379
3.34403 -2.1291
3.06599 -2.08814
3.29787 -2.42316
3.07279 -2.51219
2.78222 -2.28857
2.7026 -1.82585
2.37908 -2.04209
2.50259 -2.56312
2.22061 -2.32624
1.99844 -2.07024
1.99988 -1.69359
1.65388 -1.82263
1.67523 -2.20155
1.31799 -1.98701
1.332 -2.34866
1.01816 -2.15356
1.02955 -2.43436
0.738678 -2.31817
0.855808 -2.6675
0.509169 -2.60324
0.494752 -2.31363
0.550028 -2.04211
0.243027 -2.34626
0.230178 -1.85446
-0.113342 -2.17875
-0.0997972 -2.78649
-0.340551 -2.53174
-0.439064 -2.25115
-0.277945 -1.87286
-0.561663 -1.94327
-0.332441 -1.62324
-0.173306 -1.57822
-0.198089 -1.32638
-0.428432 -1.4296
-0.282532 -1.22864
-0.325583 -1.14954
-0.176497 -1.0168
-0.309093 -0.944499
-0.424509 -1.15738
-0.458118 -0.952801
-0.609995 -1.3084
-0.693889 -1.71344
-0.812166 -2.06422
-0.873247 -1.90484
-0.85062 -1.61988
-0.9901 -1.93797
-1.07014 -1.80382
-0.901977 -1.35175
-1.09158 -1.51845
-1.22822 -1.89676
-1.25106 -1.6656
-1.36688 -2.03038
-1.40457 -1.84263
-1.51448 -2.2201
-1.54517 -2.03295
-1.67432 -2.45758
-1.67492 -2.17256
-1.79829 -2.53128
-1.79428 -2.27414
-1.91747 -2.6003
-1.88196 -2.19811
-1.69257 -1.91364
-1.78559 -1.92719
-1.8442 -1.8678
-1.96705 -2.10532
-1.94366 -1.82274
-1.99785 -1.97771
-2.05126 -2.10581
-2.08977 -2.22878
-2.12328 -2.33851
-2.06526 -2.37562
-1.99697 -2.38638
-2.12755 -2.71102
-1.98016 -2.52834
-2.06118 -2.82966
-2.0238 -2.9566
-1.93124 -2.92246
-2.0833 -3.26821
-2.13837 -3.17183
-2.23059 -3.5365
-2.25944 -3.38297
-2.36359 -3.76588
-2.33733 -3.41404
-2.18769 -3.08238
-2.2612 -3.05808
-2.40641 -3.37582
-2.34459 -3.05922
-2.23957 -2.84874
-2.30966 -2.81522
-2.19503 -2.58594
-2.27459 -2.60734
-2.36335 -2.69314
-2.29102 -2.5363
-2.21209 -2.40632
-2.14403 -2.3233
-2.41454 -2.85906
-2.58376 -3.14462
-2.59314 -3.19439
-2.62931 -3.29934
-2.65442 -3.39824
-2.64207 -3.3885
-2.56299 -3.24171
-2.62149 -3.37007
-2.54808 -3.24484
-2.52427 -3.2377
-2.43489 -2.96462
-2.47056 -3.0727
-2.42944 -2.98155
-2.41674 -3.02314
-2.48652 -3.1468
-2.43865 -3.23002
-2.52432 -3.54537
-2.51077 -3.75855
-2.4215 -3.56414
-2.44396 -3.75997
-2.5404 -4.06333
-2.48338 -4.03305
-2.47882 -4.20113
-2.36802 -4.03348
-2.30945 -3.78335
-2.26954 -3.79448
-2.17024 -3.59304
-2.20202 -3.82393
-2.12252 -3.66122
-2.10259 -3.83742
-2.03079 -3.56442
-2.06862 -3.45278
-1.9883 -3.35063
-1.91814 -3.37008
-1.93866 -3.66054
-1.8121 -3.36294
-1.81548 -3.12987
-1.75084 -3.12673
-1.7222 -2.94764
-1.6772 -2.97542
-1.59314 -2.64886
-1.758 -2.84166
-1.81324 -2.76929
-1.89195 -3.09323
-1.99861 -3.22411
-1.58419 -2.95085
-1.47351 -2.68039
-1.44035 -2.45248
-1.45785 -2.31275
-1.34916 -2.2026
-1.31547 -2.40315
-1.22547 -2.09966
-1.13949 -2.14827
-1.17626 -2.45164
-0.994445 -2.16447
-0.958313 -2.44541
-0.766784 -2.21563
-0.726377 -2.42154
-0.900388 -2.63871
-1.04603 -2.84102
-1.20161 -2.78186
-1.21679 -3.07199
-1.38293 -3.10467
-1.33198 -3.36292
-1.09386 -3.24869
-1.28386 -3.67186
-1.01896 -3.67455
-0.886869 -3.24804
-0.851646 -2.86375
-0.679256 -3.03574
-0.582273 -2.65288
-0.443719 -2.87742
-0.554216 -3.19859
-0.356361 -3.15139
-0.122903 -3.42789
0.224314 -3.15309
0.242968 -2.7551
0.449398 -2.95903
0.689518 -2.93049
0.703791 -3.38955
1.02921 -3.04752
1.23291 -2.69912
1.47029 -3.05513
1.71818 -2.65029
1.80616 -3.0385
2.06164 -2.92052
2.15179 -2.609
1.96885 -2.36502
2.34312 -2.87112
2.63437 -3.10951
2.86958 -2.72277
3.04783 -3.10435
3.07757 -2.77759
3.26654 -2.79608
3.31771 -3.12816
3.48612 -3.00341
3.49784 -2.67223
3.49123 -2.37643
3.71967 -2.5528
3.56864 -2.14047
3.78606 -2.25804
3.69558 -2.00622
3.95227 -2.32311
3.89471 -2.48083
4.04793 -2.58944
4.08709 -2.40493
4.17786 -2.34114
4.14688 -2.08849
4.25167 -2.24092
4.22521 -1.99969
4.33696 -2.24755
4.32183 -1.99961
4.24568 -1.81404
4.31001 -1.7773
4.30053 -1.53282
4.39937 -1.78174
4.44137 -1.62897
4.38395 -1.45139
4.48143 -1.5154
4.48818 -2.06229
4.38606 -1.96172
4.43066 -2.19085
4.54556 -2.36456
4.46918 -2.51366
4.33215 -2.50927
4.44969 -2.7411
4.36834 -2.85201
4.21082 -2.62479
4.26407 -2.91552
4.15654 -2.78124
4.17781 -2.96474
4.07607 -2.84237
3.93696 -2.71159
3.99528 -2.94302
4.11384 -3.13047
3.97954 -3.17341
3.85865 -2.9205
3.81093 -3.27519
3.67443 -2.93205
3.62859 -3.21387
3.47546 -3.3307
3.65405 -3.55841
3.44199 -3.67865
3.25848 -3.43647
3.20534 -3.863
3.00099 -3.55375
2.85295 -3.34636
2.67754 -3.62641
2.3925 -3.47174
2.27119 -3.17765
2.126 -3.50506
2.01082 -3.20062
1.75707 -3.37179
1.82365 -3.89391
1.314 -3.5244
1.40131 -3.9981
1.05994 -3.86071
1.20331 -4.36301
0.716966 -3.9815
0.295695 -3.66421
0.329232 -4.19874
0.00794601 -3.87727
-0.324646 -3.91839
-0.501446 -3.54316
-0.557942 -3.8796
-0.772008 -3.90326
-0.742548 -3.42528
-1.04036 -4.14419
-1.28013 -4.10689
-1.23578 -4.56051
-1.41139 -4.45467
-1.48281 -4.28045
-1.47455 -3.98422
-1.67302 -4.30366
-1.64304 -3.89515
-1.47825 -3.64751
-1.63366 -3.54059
-1.48179 -3.39325
-1.52784 -3.27356
-1.5015 -3.0385
-1.61799 -3.23983
-1.48605 -2.86116
-1.36943 -2.76362
-1.69799 -3.18456
-1.7218 -3.39637
-1.79688 -3.60699
-1.76112 -3.79842
-1.86957 -3.83454
-1.99994 -4.00167
-1.83716 -4.09145
-1.99613 -4.30593
-1.90527 -4.52582
-1.77286 -4.79836
-1.57642 -4.57348
-1.63637 -4.84198
-1.47746 -4.77434
-1.60495 -5.00451
-1.71302 -5.05401
-1.63984 -5.27213
-1.5038 -5.05529
-1.41147 -5.27026
-1.36052 -4.938
-1.16021 -5.02314
-0.890102 -4.52348
-0.862822 -5.09217
-0.543482 -4.78541
-0.584183 -4.20969
-0.355916 -4.34614
-0.0764217 -4.24662
-0.187383 -4.64159
0.136246 -4.59302
0.518661 -4.68585
0.749488 -4.4119
0.981878 -4.85548
1.52821 -4.8999
1.55864 -4.54879
1.62342 -4.29387
1.85938 -4.59305
1.8752 -4.28065
2.17685 -4.29318
2.3001 -3.7933
2.58042 -4.12032
2.90696 -3.96982
2.85756 -4.46644
3.08457 -4.1959
3.28134 -4.22414
3.41336 -3.99823
3.50796 -4.33889
3.58941 -3.91702
3.75633 -4.11977
3.71825 -3.824
3.84778 -3.72104
3.9759 -3.47773
4.02717 -3.79466
3.93638 -4.03159
3.94643 -4.41606
3.71809 -4.62253
3.92477 -4.84114
3.77488 -5.01696
3.56532 -4.97001
3.55079 -4.65977
3.41316 -4.70278
3.31853 -4.48653
3.24602 -4.70526
3.29669 -5.06342
3.06496 -4.8027
3.14378 -4.47752
2.82646 -4.8956
2.69488 -4.71257
2.52323 -4.55101
2.55271 -4.94161
2.23647 -4.75871
2.28259 -5.14272
1.96926 -4.99253
1.80253 -5.22521
1.55441 -5.35564
1.25195 -5.23084
1.33482 -5.50641
1.1445 -5.49009
1.22274 -5.75733
0.977008 -5.69644
0.956591 -5.30762
0.733811 -5.51944
0.637713 -5.14728
0.570703 -5.42139
0.478064 -5.72278
0.746241 -5.90702
0.531376 -6.12355
0.167747 -6.10234
0.158083 -5.64357
0.0225401 -5.86818
-0.159403 -5.95067
-0.282504 -6.29695
-0.486861 -5.84683
-0.698048 -6.18072
-0.629728 -6.61996
-0.975716 -6.43898
-1.03976 -5.95857
-1.21911 -6.32293
-1.39262 -6.11198
-1.41551 -6.43164
-1.64053 -6.37266
-1.64164 -5.91387
-1.82609 -6.21139
-1.90412 -5.86902
-1.7371 -5.59398
-1.86819 -5.33096
-1.56572 -5.54943
-2.03918 -5.67644
-2.0965 -5.37545
-2.19478 -5.77802
-2.23548 -5.52282
-2.31892 -5.77655
-2.3292 -5.40088
-2.20486 -5.27417
-2.21279 -5.00602
-2.3071 -5.0734
-2.40427 -5.09882
-2.48963 -5.58118
-2.50441 -5.29785
-2.4896 -5.06644
-2.5594 -5.20328
-2.51964 -4.92112
-2.44238 -4.83489
-2.45194 -4.62877
-2.55225 -4.75921
-2.46754 -4.41243
-2.57943 -4.57158
-2.6666 -4.96425
-2.66939 -4.70338
-2.73514 -4.94702
-2.71731 -4.65077
-2.59281 -4.36828
-2.63618 -4.33259
-2.71925 -4.44061
-2.80996 -4.79228
-2.81541 -4.5642
-2.68427 -4.18872
-2.61264 -4.11256
-2.5974 -3.89418
-2.65586 -3.86267
-2.74884 -4.23188
-2.75708 -4.03337
-2.85836 -4.48928
-2.89011 -4.3695
-2.80316 -3.97124
-2.70343 -3.68884
-2.71308 -3.65038
-2.65314 -3.47492
-2.67216 -3.50355
-2.70832 -3.61225
-2.68304 -3.51986
-2.73614 -3.66375
-2.74742 -3.65566
-2.80741 -3.82125
-2.82297 -3.85539
-2.74984 -3.66036
-2.87572 -4.05783
-2.83863 -3.9788
-2.84963 -3.99082
-2.82755 -3.91057
-2.89589 -4.11071
-2.91049 -4.16106
-2.95657 -4.24738
-2.91136 -4.12822
-2.99259 -4.31028
-3.01669 -4.3547
-3.03736 -4.38688
-1.75302 -9.84193
-1.10272 -10.0208
-1.3374 -9.97835
-1.33311 -10.1663
-1.55125 -9.90754
-1.56862 -10.1605
-1.44676 -10.337
-1.16826 -10.3417
-1.29021 -10.4603
-1.58624 -10.4595
-1.32371 -10.5587
-1.49187 -10.6049
-1.1407 -10.6101
-1.1047 -10.6886
-1.35511 -10.7021
-1.58169 -10.7045
-1.39001 -10.7712
-1.1916 -10.7425
-1.14762 -10.8009
-1.39233 -10.819
-1.09648 -10.8441
-1.28884 -10.8415
-1.07904 -10.8812
-1.38693 -10.8582
-1.27686 -10.8829
-1.59088 -10.8457
-1.45192 -10.8496
-1.74433 -10.8156
-1.85327 -10.81
-1.77815 -10.8397
-1.58431 -10.8537
-1.66291 -10.8263
-1.4687 -10.8431
-1.65454 -10.7723
-1.83056 -10.7945
-1.87723 -10.8145
-2.02558 -10.7713
-2.02958 -10.7866
-2.25961 -10.7438
-2.28079 -10.7336
-2.07488 -10.7761
-2.34092 -10.7211
-2.45212 -10.6864
-2.54221 -10.6347
-2.59327 -10.6306
-2.49497 -10.6841
-2.67897 -10.5992
-2.66128 -10.5758
-2.46826 -10.6618
-2.31088 -10.6691
-2.16871 -10.7202
-2.17213 -10.6611
-2.05509 -10.7099
-1.98553 -10.6578
-1.89639 -10.7346
-1.78594 -10.7
-1.78117 -10.6313
-2.00054 -10.5712
-1.81598 -10.5581
-1.69014 -10.5201
-1.85458 -10.4515
-1.88022 -10.343
-1.66462 -10.2836
-1.84255 -10.1132
-2.16781 -10.1731
-2.06224 -10.3727
-2.3029 -10.3498
-2.04221 -10.4789
-2.1752 -10.5026
-2.16765 -10.5831
-2.32948 -10.4968
-2.3204 -10.582
-2.47716 -10.4878
-2.49719 -10.3815
-2.53327 -10.2377
-2.51727 -10.0891
-2.71129 -10.1173
-2.64274 -10.2727
-2.7696 -10.2497
-2.63142 -10.3827
-2.75591 -10.3664
-2.60846 -10.484
-2.46017 -10.5784
-2.58259 -10.5576
-2.72298 -10.4749
-2.83701 -10.4516
-2.87341 -10.3596
-2.91071 -10.2172
-2.99854 -10.2316
-2.96583 -10.3353
-3.05764 -10.2357
-3.03215 -10.2866
-3.14033 -10.1662
-3.11758 -10.1316
-3.20133 -10.0044
-3.1563 -9.97066
-3.03593 -10.0905
-3.06381 -9.97732
-2.98507 -10.0809
-2.98143 -9.99133
-2.87346 -10.1066
-2.88135 -9.96852
-2.7626 -9.9113
-2.91057 -9.84048
-2.76996 -9.8397
-2.62896 -9.8321
-2.40399 -9.95185
-2.16458 -9.99296
-2.35424 -9.78455
-2.1536 -9.83172
-1.9027 -9.92037
-1.95287 -9.8187
-2.13833 -9.77255
-2.21796 -9.75572
-2.49229 -9.81061
-0.532025 -10.0114
-0.242577 -10.0035
0.0446796 -9.99414
0.000329018 -10.1196
-0.224428 -10.202
-0.452841 -10.1625
-0.385116 -10.3399
-0.654093 -10.2742
-0.569477 -10.4317
-0.275112 -10.4365
-0.234197 -10.3783
-0.202422 -10.3321
-0.0646257 -10.2514
-0.45901 -10.5096
-0.714299 -10.5233
-0.878546 -10.4024
-0.948276 -10.5116
-0.919931 -10.5764
-0.701909 -10.5947
-0.479962 -10.5744
-0.505473 -10.6352
-0.856894 -10.6414
-0.732413 -10.7101
-0.944629 -10.7651
-1.12111 -10.5384
-1.08301 -10.4573
-0.95207 -10.2066
-0.680891 -10.1384
-0.820728 -10.0239
0.331064 -10.0271
-3.51048 -8.57557
-3.48539 -8.46333
-3.48281 -8.77281
-3.50907 -8.82865
-3.49767 -9.00915
-3.47788 -9.13777
-3.4866 -9.10697
-3.47627 -9.20332
-3.46617 -9.06657
-3.42363 -9.16415
-3.38518 -9.01252
-3.34404 -9.24831
-3.26393 -9.36184
-3.29497 -9.46906
-3.34161 -9.48379
-3.3998 -9.37476
-3.35426 -9.58568
-3.42809 -9.49655
-3.45265 -9.2619
-3.45754 -9.39612
-3.48896 -9.2702
-3.47365 -9.32967
-3.4621 -9.40099
-3.43238 -9.48634
-3.45737 -9.41806
-3.43807 -9.52946
-3.43103 -9.50077
-3.38835 -9.67777
-3.40777 -9.6913
-3.37656 -9.6997
-3.33574 -9.86286
-3.29813 -9.79382
-3.27295 -9.66344
-3.25018 -9.79939
-3.21402 -9.81159
-3.19201 -9.74114
-3.24784 -9.56133
-3.18373 -9.53288
-3.12808 -9.37786
-3.07259 -9.64416
-3.0265 -9.44606
-3.06413 -9.23662
-2.95088 -9.66411
-2.97359 -9.83391
-2.87736 -9.83605
-2.76344 -9.98029
-2.63244 -9.84597
-2.57968 -10.0958
-2.6694 -10.1954
-2.8331 -10.1309
-2.73153 -10.2972
-2.84716 -10.2511
-2.94032 -10.1556
-2.97804 -9.99029
-3.06106 -10.0477
-3.10066 -9.89075
-3.05049 -9.83049
-2.88395 -9.96429
-3.12616 -9.73883
-3.16174 -9.92179
-3.14113 -10.0658
-3.01282 -10.1887
-3.0529 -10.2223
-3.16846 -10.1252
-3.24066 -9.96945
-3.25304 -10.0319
-3.3105 -9.94074
-3.23587 -10.0711
-3.16692 -10.1779
-3.10263 -10.2206
-3.03773 -10.2764
-3.05945 -10.2443
-2.95046 -10.3162
-2.94022 -10.3356
-2.91994 -10.3095
-2.76657 -10.4447
-2.808 -10.3492
-2.9106 -10.2647
-2.63196 -10.4397
-2.5811 -10.3439
-2.44167 -10.4449
-2.47871 -10.3542
-2.51592 -10.2593
-2.37031 -10.344
-2.43687 -10.1997
-2.25428 -10.2156
-2.44673 -10.0414
-2.3095 -10.0009
-2.0253 -10.2602
-1.85109 -10.396
-2.08183 -10.3868
-1.88927 -10.5461
-2.21067 -10.4974
-2.0366 -10.6177
-2.20789 -10.6204
-2.34907 -10.5507
-2.39248 -10.6346
-2.48533 -10.5402
-2.57823 -10.56
-2.50929 -10.6536
-2.65071 -10.5681
-2.57875 -10.6383
-2.6881 -10.538
-2.44679 -10.6946
-2.68603 -10.5647
-2.80163 -10.47
-2.82534 -10.4194
-2.73412 -10.4961
-2.92303 -10.3747
-2.88247 -10.4131
-2.99184 -10.3365
-2.91532 -10.4122
-2.78306 -10.5055
-2.80742 -10.4968
-2.93508 -10.3826
-3.03423 -10.3098
-2.68554 -10.5757
-2.34478 -10.7152
-2.30718 -10.7261
-2.14021 -10.7487
-2.20425 -10.704
-2.04313 -10.7425
-2.03585 -10.6999
-1.8363 -10.7628
-1.80715 -10.6965
-1.65021 -10.7577
-1.5599 -10.7291
-1.56139 -10.6448
-1.62375 -10.5189
-1.40253 -10.5913
-1.30345 -10.657
-1.12437 -10.6946
-1.32084 -10.7302
-1.06795 -10.7592
-0.908096 -10.795
-0.741549 -10.8128
-0.584188 -10.7666
-0.588018 -10.8304
-0.730598 -10.8597
-0.897303 -10.8466
-0.900864 -10.8641
-1.12743 -10.8615
-1.07334 -10.819
-1.30836 -10.8279
-1.43099 -10.8466
-1.5731 -10.8145
-1.43795 -10.7765
-1.23029 -10.782
-1.71428 -10.8098
-1.5593 -10.8458
-1.28452 -10.8683
-1.33859 -10.886
-1.16686 -10.9063
-1.21108 -10.9042
-1.04329 -10.8916
-0.86608 -10.9055
-0.77497 -10.8847
-0.60073 -10.9079
-0.563181 -10.8741
-0.351185 -10.8681
-0.394979 -10.8238
-0.196726 -10.8321
-0.103264 -10.8596
-0.204103 -10.8538
-0.405327 -10.8893
-0.67336 -10.8864
-0.972287 -10.8885
-1.8773 -10.8047
-1.9386 -10.7804
-2.22833 -10.7497
-2.22872 -10.3653
-3.23453 -9.9923
-3.3209 -9.88633
-3.27579 -9.83428
-3.22398 -9.90018
-3.24679 -9.76194
-3.15128 -9.81531
-3.04777 -9.84352
-3.2985 -9.66928
-3.37135 -9.58941
-3.33249 -9.70362
-3.35407 -9.71163
-3.36927 -9.74455
-3.37683 -9.81379
-3.21759 -9.9003
-0.981911 -10.8759
-0.905164 -10.8613
-3.27368 -5.66367
-3.24667 -5.53107
-2.85456 -3.96478
-2.92277 -4.10768
-2.90218 -4.05528
-2.8073 -3.83474
-2.77375 -3.74657
-2.84361 -3.93912
-2.78461 -3.75596
-2.88166 -4.11776
-2.91859 -4.32926
-2.58545 -3.40435
-2.63181 -3.6133
-2.57831 -3.54217
-2.92963 -4.89407
-2.88088 -4.92093
-2.94201 -5.14877
-3.00317 -5.44442
-2.89069 -5.19762
-2.98647 -5.59999
-2.91313 -5.48379
-2.8222 -5.20928
-2.79796 -4.96034
-2.76349 -5.17868
-2.84657 -5.49244
-2.74121 -5.30536
-2.66879 -5.20725
-2.6005 -5.06074
-2.64518 -5.33597
-2.59799 -5.5593
-2.70323 -5.625
-2.70426 -5.41042
-2.78423 -5.62653
-2.7672 -5.88572
-2.70179 -5.97402
-2.78052 -6.09069
-2.83113 -6.11903
-2.83223 -5.90114
-2.88206 -6.0714
-2.9319 -6.39263
-2.80742 -6.38822
-2.93758 -6.75616
-2.85098 -6.81026
-2.76362 -6.6405
-2.67791 -6.33507
-2.58818 -5.92194
-2.52312 -5.89273
-2.44152 -5.88971
-2.55287 -6.15738
-2.46855 -6.32327
-2.37571 -6.05529
-2.29363 -5.99405
-2.32559 -6.26698
-2.22721 -6.07077
-2.10366 -6.00647
-2.19755 -6.29405
-2.02837 -6.33769
-2.17997 -6.56474
-2.06848 -6.85467
-1.86478 -6.56481
-1.85118 -6.92057
-1.72058 -6.70071
-1.53529 -6.68769
-1.66768 -6.96153
-1.45139 -6.9764
-1.265 -6.67406
-1.23997 -6.98757
-0.984944 -6.85603
-1.12815 -7.13501
-1.34746 -7.2371
-1.12902 -7.39029
-0.91188 -7.15099
-0.756594 -7.38579
-0.741794 -7.14768
-0.722038 -6.95944
-0.497774 -6.87909
-0.270494 -6.72697
-0.323298 -7.02644
-0.0322981 -6.94308
0.0891047 -6.60639
0.226204 -6.88654
0.325274 -6.7485
0.446573 -6.52038
0.506877 -6.96362
0.731106 -6.71529
0.786918 -6.34281
1.02674 -6.67798
1.08367 -6.35365
0.972371 -6.04561
1.07915 -5.89339
1.20197 -6.07724
1.36717 -5.95267
1.52259 -5.72326
1.57053 -6.0837
1.76641 -5.86884
1.86856 -5.56026
2.0411 -5.89964
2.30136 -5.56914
2.05416 -5.29958
2.51013 -5.27737
2.6174 -5.50564
2.62402 -5.84292
2.87044 -5.60342
2.7377 -5.24023
3.01914 -5.22162
3.0856 -5.5555
3.22285 -5.40732
3.34436 -5.34853
3.49401 -5.37401
3.71682 -5.36651
3.61992 -5.54781
3.54383 -5.77776
3.36663 -5.56734
3.36539 -5.81716
3.23116 -5.69535
3.25531 -5.99151
3.43251 -6.0645
3.31954 -6.32444
3.10115 -6.19321
3.07473 -5.84398
2.88604 -6.02256
2.93682 -6.34291
3.12504 -6.6455
2.87267 -6.55566
2.67373 -6.31839
2.73521 -6.63584
2.58234 -6.61401
2.35832 -6.50152
2.47348 -6.78753
2.27334 -6.86024
2.47784 -7.11408
2.18457 -7.19137
2.35998 -7.45427
2.07806 -7.56625
1.99822 -7.2829
1.98485 -7.08433
1.85094 -7.15341
1.8041 -6.84248
1.61292 -7.13881
1.48776 -6.78259
1.26316 -7.01164
1.26173 -6.68801
0.901944 -7.05257
1.13475 -7.40859
0.891541 -7.31773
0.788086 -7.56968
1.06671 -7.73308
0.900205 -7.92974
0.638009 -7.88294
0.44008 -7.6937
0.345067 -8.05384
0.137074 -7.78727
0.229386 -7.51954
-0.0560656 -7.58371
0.100294 -7.37532
-0.154941 -7.29463
-0.254313 -7.5333
-0.349658 -7.76763
-0.109149 -7.82476
-0.229433 -7.93468
-0.395699 -8.08489
-0.0444098 -8.05107
-0.179205 -8.33522
0.110915 -8.32627
0.427774 -8.45108
0.692702 -8.17165
0.832585 -8.49668
0.567489 -8.8915
1.05163 -8.821
1.28314 -8.38732
0.9828 -8.21
1.1986 -8.01963
1.39478 -8.15931
1.45398 -7.957
1.58383 -8.15217
1.66817 -7.91783
1.91988 -8.04924
1.78755 -7.69138
1.5445 -7.72263
1.60718 -7.46904
1.83541 -7.389
1.40913 -7.3144
1.40435 -7.53566
1.29903 -7.73343
2.36348 -7.87026
2.20926 -8.39141
1.92496 -8.39015
1.65704 -8.39688
1.8719 -8.7041
1.45981 -8.76371
1.4964 -8.30718
1.43995 -8.25869
1.62432 -9.08703
1.25704 -9.12258
0.891023 -9.19196
1.08794 -9.42688
1.40779 -9.3661
1.30204 -9.67428
1.7421 -9.4344
1.96688 -9.07163
2.12256 -9.30595
2.20271 -9.06323
2.19849 -8.80914
2.51137 -8.67896
2.58372 -8.2255
2.81595 -8.45994
2.84655 -8.09024
2.67255 -7.87902
2.88663 -7.71793
3.0297 -7.98682
3.12793 -7.75987
3.01848 -7.434
2.83741 -7.39053
2.90909 -7.18147
3.08385 -7.10827
2.87541 -6.86792
2.73345 -7.14733
2.65037 -6.85666
2.62705 -7.50722
3.32133 -7.08399
3.46256 -6.71307
3.50215 -6.34225
3.69162 -6.47933
3.59091 -6.14169
3.77177 -6.04506
3.70916 -5.68602
3.87903 -5.69357
3.95627 -5.28644
4.0467 -5.65193
4.10951 -5.43519
4.22402 -5.70315
4.21159 -5.25807
4.09427 -5.25154
4.09193 -5.01256
4.21518 -4.96265
4.33859 -5.01908
4.25831 -4.737
4.15644 -4.78042
4.14877 -4.49079
4.28699 -4.47771
4.23256 -4.20902
4.08423 -4.12918
4.05263 -4.70557
4.18706 -3.86717
4.28977 -4.0441
4.34289 -3.84703
4.20924 -3.49443
4.09925 -3.5909
4.07743 -3.36341
4.27334 -3.19959
4.35795 -3.51262
4.38418 -3.31883
4.36507 -3.1083
4.45615 -3.28701
4.44587 -3.09231
4.49159 -2.98615
4.53278 -3.23454
4.59797 -3.147
4.559 -2.84944
4.68224 -3.04298
4.63485 -2.67172
4.7628 -2.83644
4.70698 -2.61929
4.64751 -2.47832
4.61204 -2.27233
4.7064 -2.47497
4.69874 -2.33353
4.65004 -2.16127
4.57652 -2.05012
4.69636 -2.11334
4.72517 -2.26626
4.76388 -2.64659
4.77678 -3.09974
4.78525 -3.36274
4.69434 -3.33018
4.74959 -3.67425
4.87619 -3.67215
4.86417 -3.89727
4.82507 -4.0724
4.94339 -4.18479
4.88594 -4.53301
5.00179 -4.53867
5.05039 -4.3639
4.99528 -4.07037
5.10954 -4.1996
4.93334 -3.90712
5.0983 -3.87872
5.18457 -4.13324
5.19436 -3.9908
5.26811 -4.00874
5.2856 -4.35085
5.37052 -4.34564
5.39587 -4.13366
5.3884 -3.88548
5.26796 -3.53706
5.36135 -3.66991
5.29067 -3.44217
5.37708 -3.47736
5.43986 -3.76352
5.44492 -3.66461
5.49156 -3.72498
5.49741 -3.83159
5.59505 -3.97286
5.54555 -4.02802
5.45092 -3.90445
5.52027 -4.17547
5.45779 -4.14724
5.52011 -4.41851
5.47816 -4.56331
5.61852 -4.91599
5.5268 -4.88343
5.58595 -5.17775
5.51048 -5.05209
5.42531 -4.72412
5.46003 -5.13364
5.35813 -4.78604
5.3852 -5.09337
5.31016 -4.88707
5.27682 -4.58732
5.21907 -4.63242
5.28243 -5.04917
5.19311 -4.91089
5.27277 -5.30975
5.17121 -5.23898
5.26538 -5.66752
5.19668 -5.66998
5.10771 -5.43863
5.03622 -4.94112
5.02679 -5.22525
5.04031 -5.60214
4.93952 -5.23667
4.95519 -4.94671
4.88155 -4.86171
4.80247 -4.69134
4.81288 -4.99294
4.71798 -4.69303
4.71774 -4.96469
4.62489 -4.82104
4.63232 -4.50651
4.50727 -4.60672
4.50296 -5.07344
4.65618 -5.15615
4.60798 -5.43916
4.49771 -5.48786
4.55319 -5.72565
4.42722 -5.83617
4.37407 -5.39588
4.30148 -6.20883
4.05482 -6.11029
4.19783 -6.49849
4.05835 -6.62309
3.89629 -6.41126
3.89077 -6.76534
3.71803 -6.92801
3.89862 -7.0917
4.05387 -7.01158
4.02394 -7.4033
4.19256 -7.23426
4.23061 -6.88529
4.34694 -7.2135
4.39453 -6.90765
4.33029 -6.61329
4.43806 -6.67189
4.40709 -6.44652
4.44731 -6.2208
4.52343 -6.49706
4.57954 -6.11914
4.70303 -6.65884
4.73238 -6.15175
4.66632 -5.77842
4.77974 -5.81151
4.71797 -5.47811
4.80207 -5.51418
4.76366 -5.23476
4.86121 -5.38944
4.9518 -5.70534
4.86052 -5.70981
4.91226 -5.90802
4.86071 -5.94189
4.83587 -6.14264
4.91818 -6.12522
4.92048 -6.39629
4.99989 -6.2863
4.96455 -6.02664
5.04572 -6.05568
5.15048 -5.93673
5.15458 -6.3404
5.24846 -6.34305
5.26101 -6.02562
5.34999 -6.38783
5.37614 -6.05462
5.3309 -5.63624
5.39955 -5.81328
5.3863 -5.54598
5.32538 -5.35902
5.3539 -5.22985
5.43971 -5.44431
5.44697 -5.74165
5.51823 -5.84001
5.50706 -5.4996
5.54 -5.35263
5.58798 -5.71446
5.63462 -5.53106
5.65197 -5.34012
5.7236 -5.69382
5.72711 -5.37684
5.78204 -5.67789
5.80141 -5.93254
5.74856 -6.08661
5.82637 -6.28988
5.76978 -6.46122
5.84093 -6.64057
5.7937 -6.7748
5.74187 -6.72252
5.69598 -6.4411
5.64829 -6.61581
5.62982 -6.14767
5.71591 -6.21213
5.67533 -5.90069
5.54997 -6.2614
5.46654 -6.01931
5.47576 -6.34218
5.43174 -6.44176
5.51068 -6.65316
5.55463 -6.5413
5.5801 -6.78233
5.65021 -7.00372
5.54592 -7.04051
5.63757 -7.37142
5.5512 -7.46334
5.4715 -7.27345
5.44302 -7.54488
5.40512 -7.29511
5.41622 -7.01369
5.33653 -7.18874
5.29285 -6.89419
5.25325 -7.10313
5.17931 -6.88632
5.21871 -6.75805
5.15471 -6.61702
5.0433 -6.64981
5.08246 -6.4013
5.23635 -6.61303
5.07251 -6.98144
4.98888 -6.85969
4.93546 -7.07225
5.05404 -7.23505
5.16403 -7.16956
5.12616 -7.43254
5.25214 -7.37301
5.20704 -7.69532
5.09515 -7.61166
4.96164 -7.49349
5.06102 -7.80433
4.91259 -7.86052
4.79602 -7.69677
4.78258 -7.39501
4.87004 -7.27125
4.79447 -7.08432
4.83239 -6.8883
4.89212 -6.71081
4.81752 -6.41516
4.63491 -7.1752
4.64958 -7.58116
4.48746 -7.43862
4.50992 -7.85924
4.27967 -7.59652
4.47603 -7.13295
4.2715 -8.0989
4.04612 -7.85235
4.02962 -8.20898
3.89538 -8.07308
3.88902 -8.28119
3.69779 -8.28064
3.91187 -8.54996
3.62395 -8.7125
3.44725 -8.53566
3.42398 -8.19243
3.24273 -8.41319
3.20895 -8.08819
3.3425 -7.8558
3.25781 -7.47307
3.45256 -7.6542
3.4483 -7.39952
3.56398 -7.17465
3.6406 -7.58415
3.79047 -7.31511
3.87007 -7.66417
3.90597 -7.88025
3.76949 -7.90908
3.56085 -7.92219
3.04133 -8.27746
3.0435 -8.61277
3.24212 -8.73412
3.05682 -8.89644
2.80915 -8.87557
2.95036 -9.14966
2.70578 -9.24766
2.52756 -9.06461
2.41257 -9.43653
2.32845 -9.16713
2.05089 -9.62438
2.28919 -9.75102
2.58569 -9.74809
2.66794 -9.50387
2.77996 -9.60867
2.85242 -9.41561
2.96291 -9.56563
3.0437 -9.34363
3.23434 -9.45946
3.20813 -9.08179
3.48552 -9.10093
3.408 -8.83829
3.75608 -8.94486
3.66402 -9.25635
3.84671 -9.14508
3.98535 -8.90758
4.15287 -8.66896
4.1416 -8.40068
4.33691 -8.48685
4.50097 -8.26659
4.54322 -8.59909
4.4146 -8.66559
4.31731 -8.72637
4.45352 -8.85676
4.22009 -8.96363
4.39334 -9.17361
4.18753 -9.22504
4.0181 -9.18178
4.05653 -9.40912
3.81171 -9.43268
3.93083 -9.60327
3.72798 -9.72631
4.13529 -9.58113
4.22979 -9.7406
4.4011 -9.46889
4.49417 -9.66999
4.68866 -9.41859
4.58629 -9.25057
4.60561 -9.02467
4.77607 -9.10732
4.73964 -8.90053
4.62878 -8.8158
4.75439 -8.66087
4.66527 -8.41156
4.83054 -8.37864
4.68741 -8.1242
4.68159 -7.84935
4.78578 -7.93757
4.85932 -8.1114
4.99577 -8.06193
4.94669 -8.25266
5.03315 -8.24171
5.13188 -8.06042
5.25549 -7.96518
5.33399 -7.73344
5.29708 -7.56405
5.34848 -7.44981
5.40866 -7.83267
5.50284 -7.77464
5.4256 -8.04173
5.49661 -7.99823
5.59915 -7.76548
5.52941 -8.13234
5.42491 -8.29019
5.46247 -8.43222
5.37759 -8.62637
5.3247 -8.5198
5.36228 -8.27053
5.26889 -8.39572
5.2234 -8.6775
5.1631 -8.54196
5.10268 -8.82614
5.02419 -8.66814
4.96487 -8.9804
4.87219 -8.83359
4.90135 -8.6042
4.97681 -8.4273
5.09516 -8.37076
4.89781 -9.25053
5.05663 -9.10559
4.97714 -9.33299
5.09197 -9.29361
5.18078 -9.04178
5.16181 -8.90409
5.26418 -8.79509
5.30068 -8.91356
5.428 -8.73693
5.33541 -9.0485
5.21833 -9.14427
5.19304 -9.34723
5.0506 -9.48577
4.96525 -9.47761
4.93546 -9.6172
4.85392 -9.58917
4.85876 -9.46421
4.71685 -9.62522
5.32232 -9.24864
5.40874 -9.03915
5.47714 -8.81477
5.58273 -8.59475
5.61949 -8.65176
5.66701 -8.36777
5.71758 -8.39594
5.74886 -8.08863
5.80613 -8.06757
5.82723 -7.72321
5.75599 -7.84187
5.69796 -8.03081
5.67852 -8.18867
5.6177 -8.28712
5.61997 -8.03783
5.55138 -8.27881
5.52132 -8.52563
5.69987 -7.76552
5.66132 -7.59765
5.71375 -7.48414
5.71656 -7.2053
5.77804 -7.33119
5.77757 -7.03097
5.7114 -6.92945
5.8325 -7.18969
5.83762 -6.95246
5.87479 -7.15388
5.89181 -6.83683
5.88668 -6.47102
5.9127 -7.09569
5.90159 -7.36377
5.83775 -7.40441
5.76821 -7.59715
5.9095 -7.56266
5.94537 -7.19895
5.95163 -7.45945
5.98068 -7.15051
5.98765 -6.9828
5.98434 -7.24744
5.98848 -7.09945
6.00317 -6.87083
5.97291 -7.4182
5.95127 -7.58747
5.93165 -7.74152
5.90817 -7.7742
5.8458 -8.04239
5.8589 -7.834
5.2141 -8.24167
5.32864 -8.07227
4.23987 -9.38069
3.67124 -9.60173
3.54833 -9.70858
3.59528 -9.50567
3.40897 -9.62303
3.48057 -9.39357
3.227 -9.73708
3.02582 -9.74273
2.78726 -9.94508
2.82887 -9.73892
2.55822 -9.94423
2.36288 -9.9403
2.49415 -10.09
2.22026 -10.0855
2.244 -10.2301
2.54105 -10.2663
2.73119 -10.1373
2.25471 -10.364
1.96031 -10.3524
1.96593 -10.1795
1.70535 -10.3052
1.71859 -10.4106
1.53488 -10.4047
1.41181 -10.3119
1.25467 -10.452
1.11708 -10.3342
0.83016 -10.4137
1.00243 -10.5566
0.681157 -10.5476
0.425798 -10.4411
0.464168 -10.2745
0.0465727 -10.3196
0.0719194 -10.0905
-0.307196 -10.1554
-0.346378 -10.3232
-0.590316 -10.2014
-0.759112 -10.3589
-0.876847 -10.1079
-0.641238 -10.0263
-0.918664 -9.91001
-0.734833 -9.79484
-1.10819 -9.63773
-1.17255 -9.93964
-1.47854 -9.74592
-1.443 -10.0216
-1.69417 -9.69437
-1.8288 -9.59743
-1.65576 -9.52044
-1.81731 -9.23551
-1.57821 -9.30994
-1.57956 -9.08138
-1.70799 -8.87973
-1.35672 -8.77576
-1.71955 -8.49593
-1.96821 -8.84681
-2.04465 -8.46067
-2.16418 -8.70517
-2.29267 -8.42815
-2.13044 -8.16218
-2.27911 -7.89909
-2.07749 -7.88339
-2.15748 -7.71487
-2.21639 -7.47529
-2.04017 -7.56397
-2.10051 -7.25561
-1.94916 -7.22515
-2.20613 -7.12422
-2.27655 -6.82615
-2.33994 -7.19336
-2.43142 -6.93551
-2.48318 -7.2601
-2.54038 -7.00986
-2.59571 -7.21467
-2.63973 -6.90969
-2.5219 -6.72168
-2.6019 -6.5305
-2.39144 -6.59958
-2.28292 -6.50992
-2.69688 -6.68282
-2.76933 -6.95242
-2.70075 -7.22324
-2.79621 -7.25302
-2.86388 -7.12772
-2.86098 -7.46264
-2.94121 -7.30623
-2.95572 -7.55064
-3.01495 -7.53432
-3.02774 -7.13218
-3.0863 -7.3692
-3.08822 -7.13667
-3.1036 -7.12949
-3.11776 -6.82235
-3.03043 -6.78692
-3.0343 -6.48429
-3.08124 -6.51944
-3.09227 -6.41032
-3.04131 -6.24282
-3.10861 -6.28348
-3.03781 -6.01723
-3.05983 -5.92153
-2.97052 -5.76483
-2.95914 -5.90443
-2.91958 -5.66472
-2.90219 -5.71529
-2.87457 -5.82977
-2.95808 -6.14405
-2.92618 -7.02706
-2.98215 -7.74911
-2.9802 -8.0365
-2.92175 -7.75879
-2.89933 -7.9894
-2.82999 -7.79068
-2.75688 -7.50067
-2.71623 -7.7851
-2.63179 -7.50235
-2.55598 -7.38062
-2.51141 -7.55539
-2.37947 -7.5333
-2.45193 -7.80149
-2.46666 -8.14148
-2.58448 -7.85988
-2.59397 -8.15979
-2.68863 -8.06518
-2.7744 -7.98507
-2.78342 -8.2177
-2.67957 -8.3711
-2.7988 -8.50693
-2.91171 -8.31079
-2.8459 -8.06013
-2.90694 -8.68171
-3.02765 -8.34781
-2.81616 -8.80886
-2.71531 -8.64847
-2.70377 -8.92802
-2.59198 -8.63696
-2.56548 -8.35624
-2.47561 -8.46771
-2.43586 -8.77534
-2.28736 -8.80116
-2.32761 -9.10471
-2.48258 -9.07741
-2.56874 -8.9204
-2.24605 -9.43397
-2.17333 -9.23691
-2.17062 -8.97973
-2.04984 -9.15964
-2.03901 -9.45903
-1.95147 -9.72617
-2.81452 -9.09382
-1.7967 -7.50774
-1.78468 -7.18727
-1.59861 -7.25939
-1.47437 -7.5901
-1.73643 -7.82083
-1.91921 -7.78984
-1.89426 -8.10369
-1.52013 -8.04366
-1.38943 -8.36891
-1.19109 -8.13635
-1.09372 -7.77325
-0.803475 -8.08005
-0.677921 -7.73921
-0.443012 -7.49652
-0.449547 -7.25642
-0.577562 -7.10516
-0.569438 -7.91966
-0.552483 -8.47534
-1.04974 -8.42693
-0.889409 -8.76991
-1.05273 -9.02658
-1.30346 -9.234
-0.875272 -9.34821
-1.44415 -9.49355
-0.812297 -9.60441
-0.485998 -9.61457
-0.500588 -9.25767
-0.768799 -9.05847
-0.483433 -8.90546
-0.143745 -9.15067
-0.00220776 -8.71373
0.217165 -9.12158
0.544938 -9.35968
0.83557 -9.42945
0.813075 -9.67732
0.363134 -9.66977
0.547194 -9.86969
0.784534 -9.93617
1.03867 -9.88679
1.30962 -9.97567
1.68041 -9.81176
1.62068 -10.1194
1.21788 -10.1913
0.964121 -10.0722
0.859118 -10.2406
0.556192 -10.0748
2.02871 -9.94363
0.227787 -9.89909
-0.0806341 -9.89352
-0.0539427 -9.69178
-0.256442 -9.79583
-0.359654 -9.9246
-0.215474 -9.43854
0.118279 -9.42066
-1.14152 -10.1699
-1.15864 -10.319
-0.35856 -10.4518
-0.127732 -10.433
0.126034 -10.4932
0.385842 -10.5787
0.299041 -10.6633
0.437884 -10.639
0.588799 -10.6362
0.845096 -10.65
0.70176 -10.7144
0.467626 -10.6877
0.681746 -10.7569
0.682033 -10.7921
0.85203 -10.7639
0.955606 -10.7881
1.09722 -10.7726
1.00323 -10.7213
1.25792 -10.7347
1.21075 -10.6874
1.11032 -10.6416
1.31659 -10.5803
1.32006 -10.6453
1.4232 -10.6255
1.58271 -10.5959
1.56681 -10.5032
1.7561 -10.5341
1.80487 -10.4621
1.99638 -10.4762
1.83515 -10.5841
2.0522 -10.551
2.28594 -10.4766
2.46881 -10.388
2.52223 -10.4576
2.66887 -10.5031
2.44037 -10.5329
2.21418 -10.5928
1.91839 -10.6414
2.01799 -10.7024
1.69549 -10.705
1.83843 -10.7409
1.5255 -10.7416
1.40935 -10.6976
1.51242 -10.6606
1.70293 -10.6519
1.35507 -10.7774
1.65618 -10.7659
1.44056 -10.7823
1.18941 -10.7963
1.10543 -10.804
1.65897 -10.7469
1.82013 -10.7588
2.03304 -10.7234
2.12213 -10.7412
1.98922 -10.7635
2.2702 -10.6687
2.52031 -10.6203
2.24425 -10.6566
2.28613 -10.6256
2.53609 -10.5928
2.74265 -10.5682
2.55915 -10.5615
2.80067 -10.5143
3.00364 -10.5117
2.946 -10.5491
2.76008 -10.5718
3.17439 -10.495
3.1507 -10.5018
3.33027 -10.4604
3.28475 -10.4368
3.5548 -10.3973
3.48073 -10.4465
3.72831 -10.387
3.71274 -10.4071
3.50182 -10.4571
3.68395 -10.4141
3.46888 -10.4783
3.29667 -10.478
3.36143 -10.4665
3.34472 -10.4941
3.89367 -10.3515
3.93725 -10.3244
4.14603 -10.2426
3.95475 -10.296
3.78165 -10.3575
3.75395 -10.3317
3.55628 -10.3539
3.76929 -10.2845
3.66777 -10.2443
3.95885 -10.1658
3.9573 -10.2538
4.16317 -10.1418
4.17831 -10.2048
4.46947 -10.0512
4.37529 -10.1414
4.58275 -10.054
4.28388 -10.0249
4.57052 -9.91077
4.73302 -9.77432
4.54834 -9.8496
4.55192 -9.73688
4.28122 -9.92214
3.98955 -10.0961
4.03062 -9.98357
4.28133 -9.83659
4.0693 -9.87986
4.22818 -9.74533
4.4397 -9.70259
3.97493 -9.82472
3.6737 -9.93849
3.82208 -9.97965
3.46134 -10.115
3.72131 -10.1315
3.39609 -10.2606
3.34634 -10.3605
3.13744 -10.3601
3.10985 -10.275
2.80261 -10.4261
3.06474 -10.4489
2.59408 -10.5083
2.43814 -10.4945
2.34799 -10.5583
2.13955 -10.6012
2.05669 -10.5531
1.86204 -10.6642
1.64782 -10.6224
1.27732 -10.6044
1.39723 -10.643
1.60398 -10.6619
1.5188 -10.6487
1.64027 -10.6687
1.27013 -10.6653
1.83097 -10.6763
1.7922 -10.7089
2.01958 -10.677
2.08094 -10.6994
1.55527 -10.718
1.08839 -10.6488
1.10621 -10.6915
0.853674 -10.645
0.958077 -10.5604
1.10502 -10.4736
0.595996 -10.5598
0.823817 -10.4296
0.486354 -10.4583
0.578737 -10.3861
0.936554 -10.3124
0.99051 -10.3576
1.14371 -10.3477
1.06978 -10.4006
1.18007 -10.291
1.42575 -10.1053
0.297131 -10.6556
3.12588 -10.1756
3.38152 -10.0453
0.820086 -10.8059
0.557876 -10.8161
0.457024 -10.8282
3.54138 -9.87461
2.36206 -8.95574
4.53092 -6.85003
5.33466 -6.66911
5.43841 -6.70977
5.86503 -6.12147
5.89336 -6.00961
5.82695 -5.70729
5.83008 -5.48599
4.38234 -4.69545
4.38665 -4.27463
4.52791 -4.31589
4.49213 -4.03517
4.46253 -3.73616
4.45973 -3.49648
4.53637 -3.65294
4.53843 -3.46714
4.63054 -3.42436
4.62607 -3.67658
4.7013 -3.95093
4.57974 -3.8735
4.6343 -4.18894
4.75738 -4.23327
4.73118 -4.46775
4.68696 -4.53817
5.09277 -4.74391
5.13139 -4.55245
5.21393 -4.36027
0.199637 -7.16581
0.254416 -7.34763
0.455287 -7.35602
0.713845 -7.25393
1.18399 -6.53809
1.38411 -6.41011
1.3745 -6.12969
1.76111 -6.41669
1.83986 -6.10184
2.07141 -6.26292
2.34974 -6.06015
2.05324 -6.63355
1.60807 -6.61102
2.066 -6.92386
-2.34423 -4.2829
-2.37207 -4.56695
-2.28734 -4.38179
-2.23943 -4.21972
-2.18755 -4.32679
-2.14399 -4.09965
-2.23101 -4.03897
-2.08443 -4.20831
-2.09987 -4.36428
-2.08013 -4.51611
-2.00869 -4.5111
-2.06429 -4.74911
-1.97228 -4.9725
-2.11614 -5.07148
-2.16244 -4.71116
-2.27719 -4.80923
-2.18168 -4.53274
-2.28224 -4.55383
-2.35744 -4.76531
-2.2896 -3.99478
-1.34763 -5.66111
-1.2558 -5.35185
-1.0831 -5.44592
-0.79091 -5.56971
-0.661034 -5.23123
-0.56036 -5.48375
-0.475113 -5.22176
-0.230713 -5.07738
-0.00205898 -4.87602
0.0261841 -5.12445
0.269159 -4.99963
0.16165 -5.3019
0.387849 -5.36364
-0.0534248 -5.3997
-0.105281 -5.70726
-0.321126 -5.5131
-0.276015 -5.77309
-0.759891 -5.89631
2.27979 -3.59698
-0.835629 0.675589
-0.714396 0.777233
-0.332304 1.12796
-0.188375 1.27984
0.0311861 1.35106
-0.090847 1.18754
0.095027 1.23603
0.192834 1.36023
0.206635 1.46053
0.328916 1.41887
0.387051 1.52332
0.307188 1.32714
0.462525 1.22544
0.17059 1.07976
0.378554 1.00204
0.609913 1.06698
0.669789 0.817524
0.660987 0.552601
-0.0303354 1.09702
-0.125769 0.944084
-0.204452 1.04435
-0.251029 1.12131
-0.443887 0.973299
-0.290835 0.954516
-0.433468 0.873716
-0.339614 0.811566
-0.60462 0.689062
-0.585456 0.875825
-0.918093 0.534607
-0.81526 0.457031
-0.614051 0.536627
-0.712417 0.389085
-0.662139 0.299167
-0.575733 0.199923
-0.733692 0.15323
-0.797967 0.224395
-0.888521 0.0321482
-0.779902 -0.0874018
-0.952094 -0.18725
-1.11835 -0.226788
-0.968285 0.0572235
-1.10278 0.00953624
-0.909938 0.230645
-1.03708 0.223683
-1.00129 0.4189
-1.11669 0.276931
-1.28033 -0.0480968
-1.23531 0.138859
-1.54945 -0.506348
-1.37012 -0.194592
-1.46131 -0.340676
-1.27054 -0.198076
-1.31465 -0.37457
-1.26754 -0.449628
-1.19467 -0.477531
-1.08175 -0.468598
-1.25382 -0.8012
-1.30807 -0.618693
-1.36252 -0.829184
-1.41523 -0.760578
-1.47092 -1.00566
-1.54881 -0.944835
-1.56752 -1.21022
-1.65474 -1.20022
-1.67567 -1.08984
-1.7936 -1.33133
-1.78624 -1.28704
-1.7919 -1.24715
-1.81069 -1.43262
-1.82257 -1.54769
-1.75492 -1.59008
-1.65837 -1.36065
-1.64623 -1.46819
-1.50729 -1.32556
-1.61229 -1.60956
-1.55705 -1.64045
-1.46124 -1.50984
-1.36421 -1.18977
-1.35234 -1.38164
-1.25231 -1.09239
-1.27784 -1.41932
-1.12605 -0.998855
-1.10995 -1.25998
-0.970734 -0.838135
-0.948499 -1.09713
-0.769501 -0.638355
-0.811158 -0.99659
-0.670999 -0.805846
-0.571183 -0.481083
-0.481421 -0.650874
-0.427713 -0.341395
-0.286947 -0.375729
-0.475197 -0.229048
-0.493313 -0.0133501
-0.599184 -0.302887
-0.688078 -0.23481
-0.85651 -0.447262
-0.937345 -0.342929
-1.01222 -0.636106
-1.13688 -0.79198
-0.640469 -0.0114522
-0.298727 -0.678496
-0.171288 -0.749013
0.0342007 -0.700221
0.0269327 -1.05365
0.258963 -0.797163
0.46855 -0.600473
0.528345 -0.828917
0.865825 -0.83008
0.629151 -1.10724
0.974662 -1.09968
1.31102 -0.864298
1.28144 -1.17764
1.54269 -1.10458
1.72866 -1.18644
1.95751 -1.31647
2.32739 -1.5646
1.59159 -1.4044
1.24929 -1.39081
1.05649 -1.30142
1.05115 -1.49561
1.29509 -1.64054
0.910662 -1.79804
0.784894 -1.39979
0.526337 -1.66986
0.441993 -1.39781
0.330887 -1.59851
0.195062 -1.50632
0.284194 -1.14421
0.00828648 -1.38119
-0.0323153 -1.71585
0.796857 -2.06927
-0.625899 -1.01148
-0.75664 -1.09018
-0.749428 -1.28408
-1.43234 -1.67287
-1.38779 -1.02254
-1.55151 -1.82898
-1.72217 -1.72961
-1.84399 -1.70411
-1.88011 -1.68327
-1.75038 -1.02729
-1.69837 -0.848873
-1.63694 -0.672365
-1.57651 -0.681541
-1.51546 -0.523873
-1.47211 -0.567683
-1.40395 -0.462445
-1.38367 -0.56036
-1.48023 -0.699018
-1.53942 -0.756094
-1.63486 -0.891562
-1.77496 -1.21916
3.89098 -1.37564
3.86853 -1.19157
3.96589 -1.31844
3.35115 0.812729
3.35265 1.00157
3.1962 1.2496
2.99924 1.33385
3.39071 1.15386
3.46859 1.20986
3.5661 1.04429
3.62093 1.09287
3.71143 0.986395
3.68354 0.885495
3.52649 0.938837
3.66215 0.760657
3.76306 0.621331
3.65345 0.613686
3.79003 0.483295
3.69741 0.420264
3.84433 0.338951
3.82427 0.236763
3.52555 0.626038
3.51091 0.791487
1.94563 1.39211
5.94401 -6.8237
2.87291 -10.502
4.92183 -2.53498
4.87592 -2.13669
