-3.27368 -5.66367
-3.03736 -4.38688
-2.58376 -3.14462
-1.63694 -0.672365
-1.23531 0.138859
-0.835629 0.675589
-0.077733 1.43327
0.648207 1.92185
0.803514 1.96269
1.92304 1.89848
2.02649 1.88943
2.14102 1.87677
2.82718 1.74652
2.98208 1.67461
3.12359 1.5906
3.38503 1.40471
3.5504 1.20233
3.80316 0.873943
4.46417 -0.680934
5.60637 -3.78965
5.72259 -4.11256
5.78911 -4.331
5.81545 -4.47033
5.88231 -4.88895
5.96363 -5.59107
6.0245 -6.14094
6.02094 -6.68295
5.98786 -7.38455
5.97793 -7.48389
5.91032 -7.94137
5.82623 -8.33162
5.7758 -8.54487
5.71309 -8.80153
5.60535 -9.10653
5.53563 -9.28627
5.44995 -9.4361
5.35032 -9.5805
5.23779 -9.72274
5.11502 -9.84738
4.97198 -9.94885
4.61694 -10.1259
4.46342 -10.1842
4.21682 -10.2759
4.08401 -10.3243
3.70265 -10.4463
2.56454 -10.6824
1.98922 -10.7635
-0.60073 -10.9079
-1.16686 -10.9063
-1.21108 -10.9042
-1.77815 -10.8397
-2.25961 -10.7438
-2.49497 -10.6841
-2.67897 -10.5992
-2.91532 -10.4122
-3.03423 -10.3098
-3.16692 -10.1779
-3.23587 -10.0711
-3.3105 -9.94074
-3.37683 -9.81379
-3.40777 -9.6913
-3.48896 -9.2702
-3.50907 -8.82865
-3.51999 -8.32166
-3.50782 -7.81039
-3.49318 -7.5604
-3.44675 -7.09067
-3.42169 -6.84227
-3.37388 -6.41936
