0.428187 6.35721
-0.077817 7.89109
-0.0606985 7.70904
0.0470028 7.49438
0.106639 7.31616
-0.00457287 7.37807
-0.10954 7.60878
-0.177944 7.45036
-0.265782 7.71454
-0.322081 7.58448
-0.427377 7.76809
-0.46719 7.53017
-0.6077 7.77554
-0.686417 7.53299
-0.836694 7.77699
-0.863846 7.52019
-1.07179 7.64074
-1.0054 7.92224
-0.888667 8.02908
-1.03395 8.16597
-1.18353 7.99516
-1.23663 8.30921
-1.42663 8.13718
-1.45461 8.42732
-1.56261 8.31108
-1.62049 8.46768
-1.71263 8.33475
-1.79231 8.55084
-1.58825 8.68114
-1.88433 8.84244
-1.6285 8.90477
-1.7212 9.05442
-1.93234 9.09698
-1.80292 9.20015
-2.03436 9.27361
-1.76652 9.34649
-1.57687 9.18102
-1.49543 9.31274
-2.05762 9.47795
-2.32005 9.64045
-2.64274 9.68009
-2.93053 9.67775
-3.2161 9.6303
-3.43128 9.67857
-3.74078 9.62621
-4.62981 8.97845
-4.25117 9.21856
-3.8778 9.42772
-3.97252 9.26376
-3.64996 9.39516
-3.56712 9.5445
-3.38637 9.59413
-3.34497 9.49422
-3.05211 9.50103
-3.19546 9.39911
-3.31164 9.42149
-3.42984 9.39546
-3.57143 9.32342
-3.79142 9.2253
-3.57735 9.21947
-3.7485 9.07199
-3.95795 9.05336
-4.05546 9.11822
-4.13678 8.98425
-4.26693 8.97548
-4.20477 9.11579
-4.45686 8.94276
-4.44226 8.81597
-4.63298 8.69824
-4.53101 8.61253
-4.76912 8.4775
-4.65236 8.43367
-4.79377 8.3204
-4.95278 8.28873
-4.97481 8.39435
-5.13923 8.2112
-5.13233 8.34767
-5.01461 8.46932
-4.84959 8.56451
-4.96151 8.60042
-5.14948 8.45032
-5.10017 8.61117
-6.09543 6.50536
-7.10937 2.4808
-7.08755 2.72793
-7.07518 2.64442
-7.07033 2.78838
-7.07691 2.82613
-7.04615 2.91176
-7.04164 2.88854
-7.00862 3.04085
-7.01429 2.98624
-6.94877 3.28241
-6.96264 3.25284
-6.91342 3.4914
-6.89046 3.63485
-6.93473 3.42562
-6.98177 3.19225
-6.97659 3.27262
-7.01959 3.12577
-7.0213 3.13571
-6.78393 3.96076
-6.72154 4.24926
-6.69951 4.38619
-6.65568 4.57053
-6.70985 4.39262
-6.64293 4.63894
-6.54929 4.92658
-6.49283 5.1821
-6.45901 5.31846
-6.4209 5.38827
-6.35062 5.81431
-6.33107 5.77156
-6.36397 5.65655
-6.3928 5.60889
-6.39515 5.52187
-6.37855 5.54692
-6.42386 5.38094
-6.42434 5.35126
-6.4918 5.18192
-6.49767 5.08354
-6.38901 5.40014
-6.39962 5.49007
-6.36052 5.64764
-6.26781 5.78428
-6.22956 6.04089
-6.13087 6.30333
-6.18027 6.02094
-6.09549 6.26626
-6.02662 6.48542
-6.05206 6.53429
-5.98438 6.67881
-6.02688 6.68582
-5.95316 6.82724
-5.91079 6.8452
-5.87533 7.01851
-5.93274 7.07388
-5.81606 7.21769
-5.7416 7.21071
-5.67486 7.39577
-5.62342 7.35962
-5.53598 7.52951
-5.58225 7.59155
-5.49205 8.03386
-5.37111 8.16269
-5.25898 8.23092
-5.34094 8.07661
-5.26024 8.00473
-5.08989 8.1099
-5.18738 7.95159
-5.29961 7.83098
-5.37717 7.86069
-5.43861 7.71438
-5.48334 7.77709
-5.40498 7.92291
-5.50263 7.84261
-5.45964 7.94631
-5.38136 7.6378
-5.23025 7.7543
-5.34313 7.59692
-5.40631 7.5399
-5.53009 7.40839
-5.41593 7.45173
-5.51419 7.27198
-5.63872 7.11051
-5.57295 7.02282
-5.43011 7.28658
-5.45298 7.08242
-5.33113 7.30208
-5.31491 7.5084
-5.1889 7.56611
-5.07887 7.80978
-5.06516 7.96749
-4.96247 7.95203
-4.91727 8.1417
-4.79207 8.02869
-4.78574 8.20714
-4.6623 8.28011
-4.6326 8.15263
-4.48671 8.284
-4.53387 8.44044
-4.38097 8.56062
-4.29285 8.80131
-4.21422 8.70329
-4.09565 8.88462
-4.04903 8.73965
-3.93619 8.93512
-3.84081 8.84489
-3.58397 8.96816
-3.56653 9.12214
-3.38934 9.17437
-3.42536 9.30572
-3.32443 9.29121
-3.30842 9.3597
-3.21939 9.28477
-2.98639 9.28
-3.18768 9.15834
-3.31917 8.96069
-3.08961 9.05425
-3.12878 8.81365
-2.88309 9.01632
-2.74247 9.20096
-2.70371 9.39556
-2.88896 9.43597
-2.83435 9.53784
-2.66735 9.55567
-2.77151 9.61927
-2.50505 9.57253
-2.53912 9.48405
-2.33946 9.47144
-2.47595 9.38372
-2.50927 9.21019
-2.29267 9.3056
-2.21957 9.04152
-2.17999 9.38891
-2.48975 9.00237
-2.6641 9.04794
-2.63901 8.85968
-2.4343 8.77753
-2.64649 8.6074
-2.43214 8.36922
-2.19153 8.69313
-1.99946 8.58546
-2.16901 8.44188
-1.94671 8.31928
-2.14806 8.28583
-2.07856 8.13413
-1.88396 7.99543
-1.7543 8.15703
-1.61237 7.9499
-1.61094 8.17696
-1.34392 7.79373
-1.51743 7.64271
-1.27158 7.39125
-1.08636 7.38156
-0.957125 7.36359
-1.01486 7.13682
-0.899282 7.21525
-0.776639 7.301
-0.809813 7.07579
-0.644646 7.11632
-0.565195 7.29909
-0.437569 7.01801
-0.389647 7.29614
-0.221838 7.18881
-0.314939 7.41722
-0.029067 7.19871
-0.0440207 6.94564
0.0897293 7.01195
0.116562 7.1672
0.210052 6.93903
0.224764 7.08928
0.289247 6.96395
0.327662 6.81017
0.378538 6.61215
0.269212 6.73869
0.142996 6.77238
0.280632 6.54646
0.138697 6.45101
0.310162 6.287
0.401523 6.20959
0.439782 6.22429
0.468481 6.10006
0.5767 5.76021
0.494135 5.93469
0.396266 6.02437
0.494772 5.76948
0.386344 5.69216
0.224 6.03869
0.212559 5.59865
0.0547142 5.84858
0.0713797 5.54632
-0.0590801 5.64654
-0.00175762 5.24919
-0.169185 5.46544
-0.145079 5.16861
-0.313993 5.28956
-0.181023 4.89696
-0.3275 4.9376
-0.457726 5.11557
-0.431653 4.7775
-0.555314 5.00813
-0.615545 4.8177
-0.672824 5.10674
-0.617253 5.28545
-0.817139 5.41444
-0.709364 5.66582
-0.51635 5.46575
-0.575702 5.85858
-0.430391 5.64155
-0.42455 5.95234
-0.302464 5.68569
-0.260281 6.0256
-0.181325 5.7619
-0.104112 5.96917
-0.148779 6.26167
-0.276703 6.3034
-0.209332 6.51052
-0.379378 6.45958
-0.387659 6.21133
-0.580996 6.31548
-0.502026 6.67131
-0.67053 6.6057
-0.67346 6.46728
-0.76222 6.49147
-0.846337 6.81285
-0.992806 6.605
-1.01101 6.88415
-1.17138 6.9689
-1.30281 6.63447
-1.43071 7.12005
-1.65242 6.94421
-1.64302 7.31445
-1.79629 7.26244
-1.81709 7.52452
-1.64457 7.53877
-1.50395 7.41127
-1.73269 7.74317
-1.92046 7.75551
-2.13562 7.86737
-2.02333 7.60116
-2.18387 7.60867
-2.31005 7.68877
-2.40979 7.93737
-2.2496 8.16154
-2.58677 8.05946
-2.67535 8.20403
-2.69001 8.38343
-2.87675 8.23181
-2.78607 7.9557
-3.02419 7.96082
-3.12575 8.1853
-3.01105 8.43639
-3.25998 8.36777
-3.33839 8.11654
-3.42048 8.23643
-3.50254 8.37525
-3.27907 8.57752
-3.39529 8.69083
-3.10791 8.59224
-2.86929 8.72445
-2.81834 8.48064
-3.62893 8.55754
-3.52921 8.79157
-3.73508 8.69964
-3.84691 8.42111
-3.98965 8.525
-4.03682 8.19279
-4.17446 8.22396
-4.23408 7.83571
-4.37438 8.0535
-4.2372 8.45407
-4.60568 7.95426
-4.51123 7.74483
-4.66941 7.63002
-4.81001 7.68282
-4.82535 7.26863
-4.99583 7.40011
-5.04228 7.09765
-5.19085 7.11156
-5.18244 6.73045
-5.34756 6.74107
-5.37586 6.99857
-5.2426 7.29703
-5.11839 7.4329
-4.98934 7.71602
-5.48865 6.64215
-5.56853 6.75781
-5.64372 6.31323
-5.72627 6.44751
-5.66993 6.72242
-5.70393 6.83712
-5.79752 6.52293
-5.80678 6.69856
-5.75632 6.89737
-5.85805 6.72192
-5.80938 6.91223
-5.87976 6.81266
-5.80705 7.0197
-5.73333 7.04106
-5.67192 7.20322
-5.95228 6.66337
-5.92304 6.64832
-5.98787 6.46418
-5.93255 6.54704
-5.90937 6.47923
-5.99158 6.39084
-5.99641 6.20539
-5.92446 6.21054
-5.84886 6.22895
-5.80935 6.09636
-5.97482 5.83893
-5.88043 5.8128
-5.76423 5.88814
-5.61913 5.93419
-5.46902 6.3619
-5.42923 5.92985
-5.31385 6.35273
-5.33873 6.55293
-5.15495 6.38871
-5.04955 6.63911
-4.98554 6.91748
-4.9054 6.74768
-4.86752 6.97827
-4.74799 6.96765
-4.68595 7.21909
-4.60885 7.4354
-4.55175 7.17974
-4.42776 7.53027
-4.38464 7.79942
-4.30407 7.39921
-4.1328 7.53009
-4.02869 7.89799
-3.96072 7.63506
-3.85436 7.98098
-3.91284 8.16848
-3.74963 8.28716
-3.68871 8.13616
-3.54636 8.05929
-3.72657 7.93141
-3.65165 7.71401
-3.40827 7.83601
-3.22239 7.97199
-3.19132 7.73827
-2.94246 7.67133
-3.1247 7.54386
-3.26668 7.52886
-3.35593 7.64276
-3.39706 7.48944
-3.50205 7.58018
-3.51296 7.33507
-3.64581 7.42448
-3.82928 7.39779
-3.68938 7.07466
-3.93048 6.94056
-4.04083 7.24688
-3.81738 7.73427
-4.14853 6.82291
-4.22109 7.15338
-4.29888 6.86871
-4.39774 7.05349
-4.41472 7.2877
-4.58195 6.76006
-4.78379 6.58782
-4.97491 6.38524
-4.80016 6.24211
-4.66401 6.42775
-4.66327 6.1882
-4.49317 6.38554
-4.41592 6.72767
-4.31105 6.59636
-4.32036 6.33618
-4.20262 6.48052
-4.03405 6.4998
-4.20135 6.18045
-4.01142 6.16129
-3.91907 6.36219
-3.80813 6.61014
-3.81574 6.2217
-3.64786 6.46039
-3.62052 6.16486
-3.47443 6.42718
-3.439 6.10938
-3.29577 6.32397
-3.31736 6.57035
-3.41142 6.75772
-3.22243 6.78509
-3.13787 6.56444
-3.11204 6.7741
-3.09945 6.92655
-2.96363 6.81323
-2.95907 7.14397
-3.21995 7.10048
-3.04951 7.38234
-3.19632 7.38504
-3.34226 7.32729
-3.46679 7.06596
-3.59876 6.75984
-3.53929 6.59896
-2.87879 7.42202
-2.72851 7.31586
-2.74178 7.58743
-2.77223 7.7541
-2.63415 7.80929
-2.52007 7.55935
-2.5125 7.12568
-2.31512 7.43752
-2.24586 7.18522
-2.13018 7.41298
-2.0757 7.20701
-1.95577 7.36531
-1.91759 7.08099
-2.11961 6.93673
-1.90434 6.68661
-1.57095 6.40579
-1.82967 6.27418
-2.11544 6.38532
-2.10454 6.68601
-2.25584 6.69935
-2.37638 6.46511
-2.47311 6.7352
-2.61772 6.39379
-2.7126 6.76566
-2.90003 6.47884
-3.08628 6.18576
-2.82654 6.14021
-2.94763 5.85059
-2.74372 5.85121
-2.62302 6.03954
-2.36805 6.09249
-2.52137 5.68336
-2.21247 5.65885
-2.07042 5.96777
-1.96297 6.14226
-1.80688 5.89579
-1.605 6.05161
-1.55439 5.70919
-1.39442 5.84535
-1.45038 6.10321
-1.24022 6.05702
-1.05582 6.26541
-0.938065 5.86759
-0.798446 6.15027
-1.03537 5.65292
-0.997031 5.3101
-1.18956 5.62181
-1.15802 5.37579
-1.33278 5.47174
-1.1233 5.09981
-1.41317 5.16444
-1.49212 5.4631
-1.65473 5.48948
-1.71502 5.08694
-1.92037 5.5725
-2.03721 5.27627
-1.91578 4.93702
-2.13276 5.03351
-2.02027 4.66386
-1.79801 4.68063
-1.67753 4.2988
-1.61505 4.65003
-1.76265 4.84268
-1.39422 4.73077
-1.35425 4.26957
-1.12778 4.42263
-1.18522 4.80352
-0.912817 4.61243
-0.885816 4.11862
-0.706596 4.24042
-0.656947 4.51781
-0.471884 4.15953
-0.494486 4.53487
-0.341726 4.43571
-0.263042 4.66131
-0.173868 4.37832
-0.128932 4.59583
-0.0294304 4.70956
-0.0619984 4.97551
0.0435619 4.88975
0.166846 4.96785
0.144725 5.32398
0.267429 5.21096
0.340216 5.38846
0.426229 5.00424
0.471781 5.34149
0.525837 5.50738
0.593652 5.22504
0.658249 5.32506
0.603115 5.56415
0.700115 5.49893
0.672071 5.42497
0.739399 5.25916
0.834146 5.17761
1.20779 4.00516
1.1739 4.21808
1.10473 4.39368
1.12853 4.18888
1.06245 4.42193
1.03042 4.6286
0.956877 4.69113
0.98195 4.5248
0.902422 4.70985
0.939334 4.47581
1.02129 4.30026
0.961543 4.20131
1.07956 3.97898
0.980618 3.87812
1.10272 3.64064
0.99864 3.44413
1.12138 3.37156
1.09367 3.18161
1.04902 3.02883
1.12766 2.92362
1.08556 2.70983
1.1603 2.66313
1.20672 2.85602
1.17464 3.13994
1.27444 3.06574
1.18986 3.41285
1.26339 3.49962
1.17521 3.69922
1.18639 3.90561
1.25624 3.72788
1.10942 4.16926
1.34614 3.45833
1.3963 3.5347
1.40171 3.35113
1.46996 2.56558
1.44301 2.77832
1.42542 2.67831
1.4289 2.47294
1.41421 2.71155
1.41416 2.85819
1.39105 2.92432
1.35803 2.80232
1.38233 2.50191
1.34969 2.57555
1.3031 2.61642
1.32286 2.37903
1.26552 2.39994
1.26028 2.1767
1.18163 2.3081
1.22472 2.57853
1.17848 2.4948
1.13849 2.50283
1.05321 2.43234
1.09254 2.03782
0.963895 2.20191
0.995599 1.91456
0.864919 2.00021
0.82544 2.34044
0.702868 2.24191
0.753565 1.96659
0.641418 2.08268
0.68043 1.79644
0.514157 2.02349
0.495909 2.43112
0.310272 2.28452
0.377379 1.91907
0.197752 1.97256
0.316983 1.67333
0.143112 1.66752
0.0516558 1.87047
0.0358582 2.08845
-0.0922747 1.96495
-0.0449314 1.67767
-0.212846 1.77852
-0.255517 1.42571
-0.395465 1.75812
-0.290648 2.06575
-0.464656 1.99676
-0.429839 2.21267
-0.320558 2.43486
-0.54453 2.4315
-0.561623 2.1274
-0.737547 2.17678
-0.739735 2.57726
-0.585668 2.79676
-0.754779 2.93962
-0.617224 3.13548
-0.772674 3.25382
-0.676584 3.44156
-0.909095 3.61334
-0.925289 3.13174
-1.1395 3.35334
-1.22255 3.78802
-1.33572 3.52386
-1.42294 3.75606
-1.53492 3.59172
-1.52312 3.75706
-1.60507 3.78783
-1.7039 3.73004
-1.72822 3.49107
-1.42045 3.17266
-1.77088 3.1275
-2.03762 3.52023
-1.92464 3.84726
-2.1517 3.88433
-2.35646 3.77887
-2.34363 4.14899
-2.13107 4.12012
-2.26912 4.48206
-2.54815 4.48252
-2.61463 4.13219
-2.79115 4.52053
-2.87112 4.24567
-2.98215 4.52892
-2.98899 4.87158
-3.16658 4.68029
-3.08532 4.33074
-3.33136 4.43733
-3.19989 4.09773
-3.37486 4.13112
-3.58491 4.25736
-3.56139 4.68862
-3.75848 4.57305
-3.73407 4.88595
-3.60316 5.08101
-3.74366 5.089
-3.796 5.30186
-3.86796 5.04837
-4.03557 5.20612
-4.01559 4.96011
-4.17453 4.96861
-4.09454 4.74916
-4.30091 4.7216
-4.17185 4.53947
-3.98497 4.49279
-3.9061 4.79148
-3.81926 4.29819
-4.01354 4.14713
-4.14364 4.34264
-4.21882 4.14407
-4.33041 4.38654
-4.40391 4.09986
-4.52949 4.28752
-4.49816 4.57437
-4.46531 4.85711
-4.62391 4.72926
-4.65719 4.46501
-4.71745 4.61349
-4.83128 4.41559
-4.69251 4.17191
-4.55661 4.03739
-4.69195 3.83622
-4.8404 3.99513
-4.83881 3.77252
-4.98616 3.70312
-4.9912 4.07829
-5.02272 4.37502
-5.15643 4.11784
-5.11472 3.85756
-5.26964 3.82085
-5.19213 3.56877
-5.35665 3.56704
-5.35226 3.35029
-5.54083 3.36814
-5.47409 3.72968
-5.65035 3.51613
-5.75581 3.29493
-5.78594 3.47832
-5.68234 3.72178
-5.91077 3.59804
-5.93348 3.28731
-6.14441 3.28588
-6.07012 3.07347
-6.22551 2.92679
-6.33486 3.0595
-6.4039 2.73935
-6.4796 2.904
-6.50561 2.72841
-6.58042 2.6991
-6.51869 2.56465
-6.60508 2.42809
-6.67246 2.51266
-6.67919 2.76977
-6.74136 2.43087
-6.77751 2.6313
-6.82718 2.31464
-6.87271 2.52262
-6.91302 2.24459
-6.91635 2.42193
-6.92192 2.54861
-6.88291 2.75392
-6.9373 2.67329
-6.95752 2.39205
-7.00176 2.50407
-6.98043 2.68231
-6.95162 2.87053
-6.98315 2.78668
-7.03458 2.61395
-7.01372 2.81844
-6.96705 2.99269
-6.99511 3.01585
-7.04669 2.72372
-7.06197 2.75381
-7.09126 2.51401
-7.11208 2.25822
-7.09764 2.02199
-7.09428 2.18625
-7.07446 1.99848
-7.06656 2.22472
-7.07564 2.41649
-7.03885 2.40396
-7.01548 2.27883
-7.03244 2.05543
-6.98264 2.10287
-6.92699 2.03331
-6.87355 1.95633
-6.94269 1.84296
-6.88245 1.64215
-6.80726 1.62076
-6.76864 1.86226
-6.77681 2.13246
-6.72601 2.01632
-6.68491 2.24692
-6.67072 2.04231
-6.60497 2.19214
-6.54995 2.35431
-6.50489 2.15112
-6.44378 2.44065
-6.38471 2.27652
-6.22881 2.56033
-6.28019 2.20219
-6.06408 2.31888
-6.05515 2.54834
-6.00525 2.73919
-6.10069 2.86304
-5.91898 3.02954
-5.78437 2.86031
-5.70516 3.11098
-5.50489 3.02569
-5.67673 2.6914
-5.45519 2.67422
-5.29624 2.9297
-5.2056 3.23592
-5.07423 2.99024
-4.99307 3.35746
-5.08706 3.46278
-4.82193 3.56548
-4.80666 3.21699
-4.62992 3.52262
-4.4577 3.80491
-4.40509 3.45816
-4.23803 3.74407
-4.29345 3.94717
-4.14824 3.95347
-4.01052 3.79187
-3.80099 4.00835
-3.79428 3.62697
-3.62673 3.92154
-3.47661 3.98215
-3.52222 3.72292
-3.32174 3.85273
-3.3694 3.53039
-3.20696 3.62966
-3.1332 3.83301
-2.97922 3.97537
-2.99967 3.57568
-2.8025 3.73936
-2.7752 3.9736
-2.61374 3.7643
-2.45504 3.6037
-2.30639 3.38686
-2.57423 3.47053
-2.46846 3.18772
-2.24306 2.9821
-2.04693 3.15145
-1.89688 2.75207
-1.54942 2.70695
-1.66776 2.4213
-1.89586 2.34987
-2.1642 2.54729
-2.03675 2.27561
-2.16366 2.23255
-2.46703 2.39952
-2.42538 2.809
-2.68027 2.84012
-2.54566 3.02183
-2.42138 3.00909
-2.69373 3.20884
-2.88611 3.06109
-2.90489 2.75172
-2.75804 2.56559
-2.88616 2.53155
-3.05148 2.51525
-3.10528 2.94136
-3.29179 2.67006
-3.32915 2.9891
-3.20703 3.31183
-3.42105 3.22947
-3.48412 3.00059
-3.59218 3.12332
-3.6319 2.88776
-3.75281 3.01834
-3.79961 2.82123
-3.94292 2.943
-3.95957 2.66514
-3.70448 2.59992
-3.95602 2.29154
-3.59624 2.24823
-3.47501 2.51384
-3.2921 2.26273
-3.48403 2.77731
-3.41704 1.85027
-3.14448 1.8612
-3.02508 2.12853
-2.78847 2.24732
-2.86171 1.96618
-2.68928 1.8474
-2.49471 1.94593
-2.22096 1.94847
-2.27648 1.59552
-1.99733 1.53324
-1.91678 1.98147
-1.76534 1.57638
-1.57839 1.82588
-1.70498 2.14624
-1.51385 2.19851
-1.32981 2.04442
-1.3707 2.40221
-1.11746 2.39294
-1.30048 2.71074
-1.11726 2.91063
-0.917912 2.72503
-0.893655 2.38504
-0.964304 2.06303
-1.14386 1.94053
-1.04565 1.68365
-1.31395 1.57812
-1.14858 1.27812
-1.43285 1.02124
-1.58289 1.35498
-1.68211 0.972412
-1.79099 1.25183
-1.84984 0.979786
-1.94625 1.17696
-2.12931 1.24803
-2.03097 0.908484
-2.22663 0.999826
-2.17837 0.775019
-2.28708 0.816182
-2.26769 0.607463
-2.08256 0.585199
-2.18394 0.365873
-2.01073 0.288555
-1.85555 0.653513
-1.76126 0.279382
-1.63884 0.672552
-1.47595 0.517756
-1.22141 0.872721
-1.22015 0.523459
-1.42723 0.233158
-1.615 0.100734
-1.51127 -0.107692
-1.69958 -0.182091
-1.71033 -0.446356
-1.85227 -0.321813
-1.78244 -0.0599604
-1.97641 -0.0890329
-2.04436 -0.472658
-2.1641 -0.262036
-2.23996 0.0629635
-2.31286 -0.237096
-2.46011 -0.0703639
-2.50289 0.291479
-2.32864 0.378784
-2.45381 0.658397
-2.3571 0.75745
-2.40475 0.974166
-2.61344 1.00843
-2.68336 0.672155
-2.83879 1.07338
-2.74145 1.3702
-2.54548 1.30732
-2.6598 1.57224
-2.50019 1.59644
-2.81581 1.69807
-2.34555 1.28842
-2.96346 1.51622
-2.96564 1.84674
-3.18811 1.48141
-3.03072 1.18494
-3.14474 0.981942
-3.3912 1.40189
-3.40544 1.01205
-3.60074 1.35279
-3.57922 1.65443
-3.76886 1.66017
-3.71341 1.94432
-3.95141 1.90619
-4.22157 2.06274
-4.24547 2.3557
-4.4995 2.34795
-4.33099 2.52884
-4.16652 2.54946
-4.28043 2.65475
-4.1619 2.80482
-4.41113 2.74006
-4.23816 3.04262
-4.46423 3.08759
-4.59066 2.83711
-4.62482 2.62401
-4.85372 2.45476
-4.73258 2.11514
-4.48889 1.91841
-4.76818 1.82495
-5.00201 2.04882
-4.97972 1.76549
-5.18236 1.84132
-5.24072 2.04713
-5.20405 2.30926
-5.392 2.1275
-5.48941 2.34123
-5.61488 2.03531
-5.73861 2.24796
-5.66746 2.47972
-5.30389 2.53586
-5.24675 2.74729
-5.09577 2.63889
-4.87958 2.8377
-4.68827 2.99641
-4.59789 3.25512
-4.2614 3.28069
-4.15002 3.5215
-4.02516 3.30081
-3.99036 3.55871
-3.81013 3.31166
-3.59405 3.39476
-3.71396 3.19742
-3.84845 3.1363
-3.91262 3.21961
-3.96272 3.12751
-4.07073 3.04237
-4.72815 2.74794
-5.8485 2.39424
-5.77199 2.5365
-5.89015 2.58288
-5.92167 2.19977
-6.05407 1.99645
-5.85463 2.03239
-5.95387 1.84814
-5.79927 1.85221
-5.61828 1.7151
-5.40146 1.90717
-5.33715 1.66257
-5.09947 1.60926
-5.2048 1.43668
-5.47323 1.44801
-5.28667 1.16567
-5.62935 1.21203
-5.71339 1.47237
-5.88986 1.62644
-5.88222 1.33874
-6.08506 1.42796
-6.02533 1.20689
-6.14766 1.20476
-6.24957 1.33702
-6.20942 1.5612
-6.34793 1.53255
-6.37421 1.24987
-6.46791 1.40619
-6.45179 1.61636
-6.3775 1.79245
-6.50406 1.82182
-6.39612 2.03439
-6.60813 1.95005
-6.62537 1.69415
-6.69285 1.82188
-6.68027 1.56464
-6.73921 1.66022
-6.73597 1.46233
-6.77756 1.38596
-6.83473 1.41503
-6.76466 1.18491
-6.72579 1.28298
-6.68303 1.10837
-6.65816 1.30366
-6.63056 1.11189
-6.57039 1.13246
-6.55826 1.33633
-6.61069 1.48358
-6.53951 1.55265
-6.47918 1.17704
-6.47946 0.957422
-6.37441 1.00574
-6.23914 1.06125
-6.267 0.840742
-6.12757 0.793089
-6.05292 0.992667
-5.98567 0.760585
-5.86942 0.842392
-5.85361 1.06303
-5.75845 0.88554
-5.61204 0.948906
-5.45855 1.03418
-5.25397 0.797083
-4.93528 0.94894
-4.99047 1.26759
-4.64649 1.0996
-4.83131 1.49606
-5.03358 1.45275
-4.54621 1.34762
-4.55811 1.60827
-4.35889 1.40627
-4.34284 1.64834
-4.27002 1.81681
-4.1025 1.78037
-4.18647 1.65861
-4.03925 1.55218
-3.93672 1.66378
-3.83565 1.37661
-4.02372 1.31525
-4.18291 1.47321
-4.16598 1.23342
-4.33964 1.12642
-4.05575 0.922784
-4.03394 1.1426
-3.89598 1.08384
-3.79435 0.772824
-3.6351 0.937459
-3.64393 0.665957
-3.51249 0.51676
-3.41353 0.679303
-3.26097 0.671802
-3.27382 0.258592
-3.07388 0.431763
-2.91446 0.597867
-2.8324 0.136659
-2.72682 0.379417
-2.63083 0.0937972
-2.79504 0.593612
-2.84193 0.77061
-2.97365 0.948214
-3.0532 1.04962
-2.63489 -0.172907
-2.4517 -0.347945
-2.62127 -0.47856
-2.82323 -0.254622
-2.82841 -0.545046
-2.99971 -0.351008
-3.02592 -0.0056783
-3.15466 -0.155822
-3.1724 -0.450374
-2.99143 -0.590154
-3.09462 -0.738222
-3.30463 -0.633759
-3.35498 -0.391124
-3.52342 -0.449371
-3.45755 -0.760535
-3.23792 -0.87668
-3.38527 -0.988539
-3.63038 -0.880851
-3.68074 -0.595785
-3.84871 -0.673558
-3.94364 -0.334073
-3.73122 -0.342137
-3.69326 -0.0948747
-3.86771 -0.124274
-3.92305 0.151481
-4.10299 0.0789814
-4.13166 0.371724
-4.00581 0.462234
-4.27453 0.735216
-4.39051 0.431893
-4.60959 0.763359
-4.79255 0.589429
-4.54754 0.285829
-4.7874 0.346895
-5.01117 0.502251
-5.25321 0.468355
-5.6151 0.676952
-5.46415 0.355747
-5.71784 0.463586
-5.84615 0.651128
-5.93549 0.516347
-5.74333 0.319078
-5.58961 0.263716
-5.58804 0.0982473
-5.81392 0.259938
-5.75001 0.0911133
-5.96364 0.296282
-6.16919 0.595222
-6.15808 0.409005
-6.26143 0.578409
-6.33766 0.549539
-6.18604 0.318901
-5.96799 0.126862
-6.12787 0.148515
-6.28955 0.365883
-6.32802 0.30165
-6.41871 0.505888
-6.48229 0.694382
-6.50841 0.631651
-6.49066 0.492243
-6.57145 0.682191
-6.56325 0.765403
-6.66793 0.882289
-6.60737 0.634409
-6.70656 0.778542
-6.79181 1.00915
-6.80485 0.893354
-6.8695 1.11883
-6.85217 1.24579
-6.91496 1.33698
-6.92869 1.25661
-6.96323 1.51101
-6.99093 1.39824
-7.02336 1.62253
-6.99806 1.71375
-6.98021 1.70631
-6.99842 1.87742
-7.03314 1.84458
-7.05833 1.79124
-7.08293 1.85328
-7.05825 1.6405
-7.08615 1.81128
-7.06082 1.55442
-7.07102 1.68565
-7.02024 1.35443
-7.01712 1.4693
-7.00501 1.34938
-6.96612 1.20055
-6.96967 1.14234
-6.90676 0.962755
-6.88605 1.00324
-6.8587 0.839197
-6.80448 0.791349
-6.73278 0.694403
-6.73516 0.628709
-6.81412 0.704598
-6.73072 0.581215
-6.82122 0.764292
-6.78613 0.654115
-6.87682 0.852181
-6.9241 1.03141
-6.93753 1.0423
-6.9259 1.01432
-6.97529 1.17044
-6.98219 1.17696
-7.03202 1.36827
-6.10545 0.217833
-6.24058 0.240331
-6.38965 0.310137
-6.51333 0.431238
-6.62756 0.549024
-6.58226 0.458548
-6.61302 0.458039
-6.66802 0.520589
-6.72229 0.598287
-6.62253 0.416635
-6.65726 0.466392
-6.76997 0.627979
-6.82816 0.774929
-6.95829 1.14493
-6.69851 0.492589
-6.60387 0.321959
-6.61853 0.370073
-6.48895 0.176016
-6.48599 0.219297
-6.58407 0.387809
-6.66786 0.495031
-6.66766 0.550842
-6.64366 0.568794
-6.5268 0.419824
-6.40849 0.169968
-6.39734 0.278529
-6.16678 0.0345311
-6.1921 -0.0548663
-6.31665 0.0131918
-6.03605 -0.233232
-5.95453 -0.232198
-5.74342 -0.442601
-5.65077 -0.476203
-5.88242 -0.22316
-5.6735 -0.347977
-5.41622 -0.594796
-5.39854 -0.498152
-5.21444 -0.705101
-5.17411 -0.798391
-4.9897 -0.851785
-5.06598 -0.722906
-4.86233 -0.873736
-4.73086 -0.99064
-4.72098 -0.938116
-4.82275 -0.832017
-4.61744 -0.921291
-4.71947 -0.783822
-4.96623 -0.681069
-4.85668 -0.583297
-5.10789 -0.508003
-5.20842 -0.541405
-5.26203 -0.439054
-5.44586 -0.321064
-5.28255 -0.338253
-5.51698 -0.126378
-5.71936 -0.059413
-5.86053 0.106885
-5.73074 -0.17607
-5.94465 -0.000410199
-5.92883 -0.0960084
-5.26205 -0.172611
-5.35225 0.0957547
-4.98643 -0.140217
-5.15623 0.175552
-4.87486 -0.00148511
-4.95685 0.26358
-4.61939 0.0500586
-4.66273 -0.243838
-4.39193 -0.262545
-4.35488 -0.104687
-4.17736 -0.308512
-4.20971 -0.0743428
-4.40395 0.0699853
-4.3254 0.162738
-4.02605 -0.520008
-4.19364 -0.497806
-4.02115 -0.707178
-3.84572 -0.883971
-4.03318 -0.885627
-4.24155 -0.678925
-4.22361 -0.884834
-4.45657 -0.721449
-4.48355 -0.520518
-4.72223 -0.466152
-4.38243 -0.448367
-4.84232 -0.127829
-4.98569 -0.360016
-4.6544 -0.636206
-4.62561 -0.733908
-4.48478 -0.877403
-4.34853 -0.883578
-4.28455 -0.991626
-4.04352 -1.05326
-4.23017 -1.10563
-4.43425 -1.01854
-4.45185 -1.10368
-4.16673 -1.21746
-4.03551 -1.16526
-3.9027 -1.24252
-3.86092 -1.15891
-3.8301 -1.09281
-3.8817 -1.00552
-3.70791 -1.04937
-3.50365 -1.0802
-3.57323 -1.14052
-3.44042 -1.1825
-3.27213 -1.15078
-3.18569 -1.04705
-3.0183 -1.15424
-2.98666 -0.973099
-2.85064 -0.783332
-2.68125 -0.979481
-2.67734 -0.84221
-2.50006 -0.842611
-2.39089 -1.03243
-2.22849 -0.880138
-2.3492 -0.696447
-2.51323 -0.667172
-2.43806 -0.546039
-2.27076 -0.479971
-2.17632 -0.677115
-2.01818 -0.765273
-1.89156 -0.569268
-1.83249 -0.738019
-1.6375 -0.683725
-1.51718 -0.395717
-1.41354 -0.516935
-1.26166 -0.166522
-1.27067 0.168902
-1.10789 0.127599
-1.03037 0.417275
-1.0399 0.632922
-1.02337 0.83129
-0.846346 0.739836
-0.775632 1.10294
-0.628488 0.933559
-0.482934 1.16252
-0.561798 1.4581
-0.858802 1.46655
-0.627163 1.82737
-0.84884 1.83687
-1.01114 1.1086
-0.315331 1.13896
-0.14443 1.05553
0.0503826 1.36974
0.121248 1.03768
0.225698 1.26816
0.234642 1.46883
0.382113 1.38268
0.501046 1.66684
0.528736 1.39652
0.49256 1.14194
0.31391 1.09894
0.39045 0.923218
0.261111 0.855095
0.358964 0.702799
0.196714 0.602203
0.307555 0.502966
0.446933 0.520289
0.513385 0.83954
0.55937 0.692505
0.655629 0.858435
0.634252 1.09533
0.608624 1.29771
0.739222 1.35949
0.636469 1.5143
0.740529 1.59187
0.807609 1.75731
0.81823 1.54922
0.928491 1.68163
0.882058 1.37207
1.00145 1.49369
1.05432 1.73419
1.11424 1.5393
1.14717 1.80023
1.20184 1.99214
1.21207 1.76522
1.25094 1.95429
1.32421 2.11282
1.27064 1.79229
1.36093 1.97102
1.39569 2.26474
1.42287 2.2133
1.45054 2.3589
1.43872 2.18241
1.41714 2.0072
1.43565 2.04262
1.40563 1.84276
1.35711 1.77556
1.29715 1.65942
1.30357 1.52735
1.23995 1.37191
1.2405 1.26266
1.16448 1.11621
1.15746 1.18443
1.1631 1.36891
1.07656 1.11663
1.0613 1.26008
1.02651 1.35186
0.97126 1.16883
0.990247 1.0267
0.893503 0.943467
0.878514 1.12818
0.775362 0.877084
0.761705 1.11196
0.627269 0.581553
0.791094 0.674753
0.692603 0.486315
0.577806 0.27507
0.486201 0.332687
0.362169 0.257399
0.281951 0.321135
0.200053 0.0741051
0.109742 0.216954
-0.0133314 -0.004637
-0.119741 0.166002
-0.244699 -0.0878316
-0.375106 0.082938
-0.241423 0.220412
-0.163326 0.388641
0.048727 0.390896
-0.000603676 0.610949
-0.219724 0.67891
-0.337023 0.424095
-0.319237 0.270034
-0.49281 0.264938
-0.504971 0.541443
-0.684999 0.301122
-0.740939 -0.0105369
-0.900614 0.222726
-0.768894 0.494071
-0.62985 0.725589
-0.414901 0.89467
-0.0230312 0.834
-1.01611 -0.00157833
-1.02867 -0.169312
-1.1605 -0.397439
-0.933323 -0.265717
-0.970502 -0.437771
-0.760458 -0.309167
-0.507871 -0.187697
-0.612953 -0.445172
-0.828323 -0.502226
-0.816566 -0.709242
-0.473311 -0.592422
-0.360951 -0.332058
-0.232696 -0.428231
-0.13743 -0.219358
-0.0366488 -0.302536
0.0418205 -0.127862
0.155483 -0.150935
0.370255 0.0764616
0.267966 -0.202444
0.448663 0.0177181
0.565382 0.0695486
0.663692 0.246245
0.759884 0.441849
0.71384 0.239504
0.83963 0.411114
0.916934 0.633467
0.947642 0.564177
1.02409 0.767556
1.00961 0.884025
0.912218 0.79589
1.08816 0.989136
0.845795 0.633223
1.09555 0.89585
1.14678 1.03062
1.08563 0.833884
1.02088 0.700603
1.01791 0.662513
0.958525 0.542221
0.873078 0.401548
0.926505 0.449987
0.808608 0.247356
0.772801 0.232132
0.691751 0.0794879
0.647725 0.0804563
0.541404 -0.0474946
0.47103 -0.109054
0.428396 -0.0965991
0.347989 -0.23808
0.217505 -0.382304
0.0996218 -0.438585
0.0421019 -0.370559
-0.128517 -0.623331
-0.12509 -0.476239
-0.295054 -0.61782
-0.403201 -0.815263
-0.437157 -0.724767
-0.616322 -0.832137
-0.588758 -0.967971
-0.735415 -1.00873
-0.719957 -1.10244
-0.500778 -1.01241
-0.698289 -1.19469
-0.486883 -1.1106
-0.339222 -0.951405
-0.300081 -0.847764
-0.158092 -0.788962
0.0596724 -0.571556
-0.0128689 -0.739789
-0.257978 -0.967363
-0.0718613 -0.862028
-0.299751 -1.10227
-0.472553 -1.19492
-0.51626 -1.29215
-0.656277 -1.34624
-0.654662 -1.36472
-0.776466 -1.43962
-0.675735 -1.36714
-0.878223 -1.50723
-0.787614 -1.46793
-0.598282 -1.32581
-0.454934 -1.24819
-0.412256 -1.18178
-0.30198 -1.1041
-0.133472 -0.950673
-0.219017 -1.0302
-0.0121899 -0.851396
0.0601406 -0.758195
0.135949 -0.620927
0.219126 -0.596144
0.360485 -0.405706
0.257769 -0.438609
0.442853 -0.215376
0.502903 -0.198947
0.579424 -0.0654255
0.608857 -0.0779995
0.707293 0.0867374
0.593434 -0.0935987
0.50247 -0.236289
0.501255 -0.238651
0.398535 -0.38222
0.303808 -0.522359
0.273291 -0.518603
0.397383 -0.359347
0.334691 -0.437104
0.494376 -0.231021
0.586075 -0.111995
0.645005 0.018266
0.664177 0.00724447
0.74179 0.169071
0.831927 0.289756
0.830129 0.362874
0.924334 0.4861
1.00142 0.625321
1.05445 0.763335
1.09184 0.806035
1.10955 0.885511
1.14087 0.989146
1.16441 1.03764
1.24546 1.25104
1.19027 1.12785
1.31726 1.46985
1.32724 1.49993
1.36849 1.65594
1.3504 1.65319
1.40403 1.80521
1.4075 1.8914
1.45589 2.16575
1.48452 2.21479
1.4686 2.25832
1.31164 1.56171
1.25068 1.44403
1.20593 1.30197
1.27116 1.4132
1.19627 1.20042
0.438412 0.0144141
0.332677 -0.0531003
0.225394 -0.180506
-4.08011 -1.10428
-3.85852 -1.17806
-4.1173 -1.15964
-3.78699 -1.22077
-3.50544 -1.30585
-3.89969 -1.24181
-3.59951 -1.32213
-3.30692 -1.34802
-3.24974 -1.36978
-3.50471 -1.3539
-3.84477 -1.27868
-3.83132 -1.25624
-3.96981 -1.24645
-4.1514 -1.20025
-4.08967 -1.23236
-4.32677 -1.20047
-4.38633 -1.15783
-4.19809 -1.17745
-4.39118 -1.12349
-4.40039 -1.07151
-4.62639 -1.09658
-4.56083 -1.1138
-4.7109 -1.09698
-4.83412 -1.07492
-4.84633 -1.09612
-4.95701 -1.07012
-5.01706 -1.06342
-5.05746 -1.02723
-5.15286 -0.99949
-5.16803 -0.976076
-5.29838 -0.828557
-5.1361 -0.942258
-5.2465 -0.80533
-5.39613 -0.697167
-5.37442 -0.641233
-5.53958 -0.546046
-5.51641 -0.635574
-5.7515 -0.436582
-5.70602 -0.410686
-5.94299 -0.261203
-5.97805 -0.292083
-6.15742 -0.128846
-6.15039 -0.0960441
-6.30118 0.0228338
-6.32055 0.0151327
-6.26379 -0.0685433
-6.41547 0.0793747
-6.44627 0.167395
-6.53235 0.238216
-6.55307 0.315801
-6.59055 0.316789
-6.51364 0.173481
-6.51871 0.336414
-6.37 0.214297
-6.22255 0.0466776
-6.22044 0.122012
-6.03833 -0.0789757
-6.0472 0.0936468
-5.85994 -0.102016
-5.73635 -0.284377
-5.71356 -0.202433
-5.71582 -0.115317
-5.83899 0.0271697
-5.64263 -0.00642264
-5.95636 0.167322
-4.7647 -0.789558
-4.95518 -0.681663
-4.91678 -0.847208
-4.79196 -0.877692
-4.81029 -0.931476
-4.61072 -0.872046
-4.6098 -0.982653
-4.80239 -1.02852
-4.57538 -1.03671
-4.37416 -1.04631
-4.25088 -1.08964
-4.2082 -1.02634
-4.40469 -0.977129
-4.19461 -0.970803
-5.03673 -0.920136
-4.98722 -1.03059
-5.05647 -0.779033
-5.20394 -0.721893
-5.14146 -0.623171
-5.27569 -0.593776
-5.29009 -0.47262
-5.35626 -0.523033
-5.47039 -0.423076
-5.39024 -0.563293
-5.53084 -0.475249
-5.30923 -0.639625
-5.58221 -0.257041
-5.4128 -0.311185
-5.54541 -0.156915
-5.64333 -0.193878
-5.34203 -0.184426
-5.26484 -0.346887
-5.14639 -0.459072
-5.06828 -0.571599
-6.32178 0.214704
-6.3449 0.00450587
-6.17006 -0.159417
-6.19861 -0.147683
-6.08798 -0.204127
-6.03843 -0.273165
-5.89081 -0.356461
-5.8418 -0.402893
-5.6536 -0.530551
-5.67762 -0.533035
-5.51567 -0.683758
-5.58908 -0.603467
-5.81595 -0.425845
-5.43468 -0.70069
-5.37481 -0.800888
-5.18922 -0.924899
-5.14071 -0.898613
-4.97518 -1.03678
-4.90409 -1.03982
-4.89672 -0.978728
-5.36673 -0.703187
-4.72055 -1.11911
-4.62464 -1.1126
-4.52042 -1.22374
-4.40835 -1.18952
-4.26896 -1.27189
-4.10754 -1.28502
-3.91795 -1.30211
-4.02457 -1.3252
-3.7939 -1.34867
-3.61751 -1.34266
-3.70302 -1.28919
-3.51284 -1.31249
-3.51498 -1.27549
-3.2997 -1.31954
-3.31017 -1.25905
-3.04082 -1.32194
-3.04328 -1.26561
-2.82089 -1.32657
-2.76709 -1.24457
-2.80215 -1.11793
-2.53716 -1.16936
-2.52726 -1.28294
-2.33353 -1.27451
-2.26205 -1.17691
-2.15341 -1.06488
-2.07277 -1.18026
-1.94444 -1.07451
-2.05066 -0.958893
-1.92704 -0.912387
-1.7888 -0.924306
-1.73486 -1.11187
-1.62497 -0.908266
-1.50983 -0.737914
-1.47213 -0.862634
-1.54263 -1.03421
-1.40791 -0.955654
-1.41018 -1.0779
-1.55894 -1.20869
-1.75369 -1.28585
-1.62774 -1.33552
-1.74643 -1.38072
-1.61594 -1.42533
-1.79513 -1.43057
-1.93895 -1.37161
-1.91044 -1.46714
-2.11576 -1.44769
-2.1907 -1.36328
-2.29726 -1.39459
-2.3999 -1.34835
-2.11293 -1.27812
-2.47742 -1.38777
-2.60703 -1.3311
-2.65842 -1.37147
-2.59463 -1.42131
-2.80049 -1.36347
-2.90185 -1.4103
-3.10933 -1.35825
-3.19227 -1.3924
-3.05872 -1.42619
-3.34734 -1.39964
-3.15341 -1.43698
-3.36659 -1.40712
-3.56072 -1.39131
-3.40205 -1.3532
-3.35888 -1.42558
-3.53728 -1.41052
-3.34732 -1.43158
-3.11035 -1.48233
-2.88227 -1.50578
-2.92324 -1.46951
-2.71117 -1.50474
-2.83393 -1.45355
-2.60506 -1.48685
-2.46356 -1.53841
-2.37714 -1.52719
-2.41454 -1.486
-2.20751 -1.51927
-2.34191 -1.44135
-1.97589 -1.53267
-2.05184 -1.58271
-2.24391 -1.56084
-2.1242 -1.61875
-2.30184 -1.5954
-2.60359 -1.54632
-2.51225 -1.55899
-2.79029 -1.50995
-2.57318 -1.51457
-2.81143 -1.50313
-3.08825 -1.47355
-2.94686 -1.49932
-2.65844 -1.50981
-2.92827 -1.49216
-2.63942 -1.53167
-2.32367 -1.58721
-2.39022 -1.5583
-2.32257 -1.59744
-2.11959 -1.63481
-2.10479 -1.64375
-1.90386 -1.6811
-1.93114 -1.67016
-1.76501 -1.69009
-1.80455 -1.64282
-1.6744 -1.65731
-1.67345 -1.62956
-1.54097 -1.63953
-1.55565 -1.59067
-1.37851 -1.58399
-1.51723 -1.51287
-1.66506 -1.58435
-1.75947 -1.51651
-1.39854 -1.40941
-1.44471 -1.3215
-1.26782 -1.33456
-1.25709 -1.22215
-1.38767 -1.19509
-1.2451 -1.08679
-1.26328 -0.928728
-1.06103 -0.933532
-1.09233 -0.785984
-1.22056 -0.813611
-1.19077 -0.70804
-1.3236 -0.823933
-1.32582 -0.661402
-1.13614 -0.561402
-1.00528 -0.613974
-0.869246 -0.957575
-1.07449 -1.10082
-0.902117 -1.11623
-1.08775 -1.24167
-0.918286 -1.22867
-1.12214 -1.34243
-0.945951 -1.3459
-0.674605 -1.28367
-0.879722 -1.42878
-1.05975 -1.47377
-1.23325 -1.45817
-1.19504 -1.53633
-1.23137 -1.60948
-1.07461 -1.54838
-1.1453 -1.65422
-0.953176 -1.56122
-1.04517 -1.64704
-0.978279 -1.57647
-1.15704 -1.66924
-1.2546 -1.72003
-1.34239 -1.7431
-1.47707 -1.73848
-1.39077 -1.68651
-1.55221 -1.71736
-1.64157 -1.71143
-1.71008 -1.71676
-1.59852 -1.69048
-1.83389 -1.68541
-1.69973 -1.69357
-1.99032 -1.62335
-2.17531 -1.5861
-1.89316 -1.63715
-1.93064 -1.61936
-1.74332 -1.66745
-1.59956 -1.69057
-1.50812 -1.73641
-1.44586 -1.69961
-1.24338 -1.68134
-1.29956 -1.64213
-1.13744 -1.5908
-1.06621 -1.59774
-0.939981 -1.4859
-0.905755 -1.51485
-0.733927 -1.39462
-0.777437 -1.38922
-0.573598 -1.24713
-0.532502 -1.26693
-0.355697 -1.12925
-0.129271 -0.929703
-0.301916 -1.03764
-0.108117 -0.883716
-0.0226593 -0.820135
0.106962 -0.727685
0.168797 -0.668567
0.229563 -0.571057
0.200466 -0.595243
0.294688 -0.445264
0.406919 -0.302944
0.395758 -0.267287
0.514523 -0.132211
0.509917 -0.0452766
0.6153 0.0551881
0.694409 0.188907
0.772541 0.249404
0.767898 0.372268
0.829184 0.420559
1.00514 0.693562
1.08067 0.879628
1.04195 0.766453
1.09752 0.889931
1.13641 1.04137
1.21857 1.21317
1.18867 1.16539
1.25333 1.32577
1.30193 1.46587
1.31282 1.50187
1.36159 1.64896
1.36766 1.67834
1.37886 1.77185
1.39582 1.88783
1.3644 1.64767
1.33074 1.56473
1.13194 1.03599
0.673567 0.22999
0.638565 0.236181
0.606927 0.104489
0.542816 0.0779648
0.425112 -0.134252
0.312497 -0.196886
0.303043 -0.308419
0.209857 -0.358309
0.209801 -0.437319
0.253708 -0.435267
0.147572 -0.526937
0.13909 -0.603052
0.0284061 -0.642368
-0.0514269 -0.778751
0.0476322 -0.74146
-0.221828 -0.930418
-0.184124 -0.837883
-0.284718 -0.926296
-0.417268 -1.07742
-0.64586 -1.22706
-0.845898 -1.38406
-0.763832 -1.26329
-0.928381 -1.3372
-1.08065 -1.46837
-1.15204 -1.37605
-1.30134 -1.54604
-1.38663 -1.46211
-1.50123 -1.58408
-1.56354 -1.51553
-1.70121 -1.60229
-1.72607 -1.53011
-1.9249 -1.53459
-2.02573 -1.56558
-2.34293 -1.5269
-2.15563 -1.56653
-2.37533 -1.53901
-2.60145 -1.48335
-2.90762 -1.42122
-3.14367 -1.4462
-3.03614 -1.3646
-2.79222 -1.42546
-2.59592 -1.47944
-1.60293 -1.4258
-1.63003 -1.30539
-1.47862 -1.31051
-1.46646 -1.40719
-1.29746 -1.2966
-1.36868 -1.19674
-1.12799 -1.09358
-1.09234 -1.22551
-0.948037 -1.23657
-0.933802 -1.11463
-0.794097 -1.13263
-0.783324 -1.19444
-0.644843 -1.06516
-0.610936 -1.14335
-0.443697 -0.95503
-0.337332 -0.968912
-0.235113 -0.850731
-0.282222 -0.747535
-0.0786009 -0.676527
-0.0955772 -0.763516
0.0959301 -0.512942
-0.00618744 -0.527023
-0.142149 -0.610081
-0.0381899 -0.471635
0.110685 -0.370483
-0.0169659 -0.345386
-0.181983 -0.474155
-0.359899 -0.511184
-0.503533 -0.606498
-0.33955 -0.643548
-0.508693 -0.725624
-0.663404 -0.729472
-0.679271 -0.585322
-0.852541 -0.738195
-1.06649 -0.888676
-0.84369 -0.928181
-1.31466 -1.02932
-0.816743 -1.04157
-0.70687 -0.998479
-0.620845 -0.850063
-0.570879 -0.93366
-0.456726 -0.806254
-1.49687 -1.24941
0.217128 -0.283888
-1.67872 -1.65882
-1.57883 -1.64572
-1.46614 -1.65219
-1.18547 -1.55393
-1.04332 -1.51338
-1.26458 -1.38813
-1.83728 -1.61614
-1.96622 -1.63438
-2.08201 -1.64191
-3.21461 -1.43616
-3.51042 -1.37954
-3.49088 -1.39839
-3.74423 -1.35389
-3.55812 -1.40708
-3.76798 -1.37961
-4.01585 -1.33832
-4.01348 -1.292
-4.24606 -1.28119
-4.20475 -1.30171
-4.3948 -1.27788
-4.47221 -1.2566
-4.29171 -1.24759
-4.54745 -1.21034
-4.12134 -1.24695
-3.76215 -1.31258
-3.66332 -1.3358
-4.64282 -1.15389
-4.80902 -1.15662
-4.87083 -1.11909
-5.02164 -1.08795
-5.00301 -1.06544
-5.18508 -0.967913
-5.34125 -0.846889
-5.46644 -0.717966
-4.85001 -1.12754
-4.68217 -1.21027
-4.79037 -1.1329
-4.61075 -1.22961
-3.3514 -1.43241
-1.92043 -1.23509
-3.53636 -1.20773
-3.70124 -1.22624
-3.70049 -1.15842
-4.58227 -1.00297
-5.97126 -0.286835
0.121428 -0.593272
0.117348 0.787936
0.202703 0.400635
0.958822 1.30266
1.20015 1.59314
1.24123 1.54912
1.35117 2.31032
-2.66678 -0.705289
-5.09837 -0.39959
-6.93572 1.60015
-6.92891 1.4694
-6.89853 1.44638
-6.57433 0.926464
-6.45121 0.777867
-6.34606 0.75702
-4.05007 0.680509
-3.88791 0.590448
-3.79097 0.265426
-3.66689 0.433516
-3.61191 0.107958
-3.47023 0.157043
-3.31292 -0.141508
-3.48508 -0.15516
-6.30694 1.97521
-6.19545 2.05835
-6.235 1.80265
-6.08695 1.71199
-1.51124 2.41964
-3.02273 3.24897
-2.88486 3.32611
-2.78036 3.49562
-2.69436 3.61994
-6.95479 3.12549
-6.93356 3.26757
-6.9346 3.14404
-6.85429 3.42024
-6.86309 3.46382
-6.87887 3.52306
-6.80602 3.69371
-6.81295 3.7901
-6.84582 3.70997
-6.89772 3.50311
-6.8491 3.79948
-6.79225 3.94444
-6.76747 4.1315
-6.79074 4.09893
-6.83228 3.85809
-6.83529 3.8879
-6.80411 4.04833
-6.75992 4.20098
-6.87361 3.68984
-6.85647 3.75291
-6.89358 3.6479
-6.93247 3.50681
-6.70879 4.40043
-6.69585 4.36426
-6.61174 4.70482
-6.61866 4.6008
-6.56946 4.86145
-6.5959 4.60095
-6.55916 4.6808
-6.47233 4.9623
-6.55915 4.4753
-6.44754 4.83963
-6.35684 5.24
-6.38431 4.95663
-6.29335 5.24282
-6.22172 5.60406
-6.27505 5.62022
-6.18693 5.84854
-6.22611 5.81957
-6.12524 6.06518
-6.104 5.95654
-6.04944 6.22526
-6.03162 5.96193
-6.12114 5.76472
-6.06965 5.77203
-6.15094 5.49208
-6.07568 5.36488
-5.95983 5.54117
-6.03291 5.14196
-6.14412 5.00435
-6.18763 5.12978
-6.22391 4.86245
-6.28789 4.85691
-6.25312 5.14627
-6.33941 4.9424
-6.35728 4.7468
-6.42316 4.64191
-6.37867 4.51812
-6.46913 4.30812
-6.5422 4.26463
-6.54879 3.94743
-6.6191 3.88678
-6.63902 4.01245
-6.66596 4.05832
-6.61512 4.35514
-6.67309 4.16349
-6.72952 3.93399
-6.72672 4.09333
-6.63883 4.39168
-6.66167 4.42083
-6.74437 4.13769
-6.75421 3.68432
-6.82525 3.33909
-6.71526 3.59414
-6.69423 3.82916
-6.80652 3.25569
-6.74181 3.36762
-6.70002 3.41571
-6.64042 3.6522
-6.60888 3.46628
-6.45409 3.91988
-6.44377 4.18769
-6.36132 4.29794
-6.29172 4.60904
-6.28269 4.44337
-6.21246 4.69823
-6.20109 4.49096
-6.1284 4.81564
-6.06344 4.78018
-5.94244 5.0901
-5.90278 5.39727
-5.83678 5.34403
-5.79584 5.59671
-5.86351 5.65428
-5.71885 5.74135
-5.70073 5.51547
-5.57024 5.72084
-5.53577 5.48053
-5.37692 5.60482
-5.24679 5.81748
-5.2598 6.12034
-5.11823 6.09003
-4.958 5.97931
-5.10804 5.83921
-5.02546 5.67071
-4.8979 5.70848
-4.76208 5.90211
-4.79261 5.48432
-4.64605 5.71961
-4.57615 5.99702
-4.47736 5.73197
-4.39673 6.07904
-4.30499 5.89046
-4.14422 5.88646
-4.294 5.6107
-4.10621 5.65896
-3.94099 5.8633
-3.745 5.94732
-3.7719 5.6558
-3.56775 5.81911
-3.5945 5.44637
-3.41191 5.5447
-3.35336 5.83188
-3.23442 5.56491
-3.15882 5.84721
-3.02741 5.54441
-2.78081 5.51568
-2.89825 5.20356
-2.71306 5.17322
-2.54734 5.27553
-2.30376 5.31762
-2.34202 4.93978
-2.57925 5.00226
-2.50389 4.75637
-2.72484 4.85918
-1.9575 4.23458
-3.11621 5.2624
-3.22887 5.0409
-3.28563 5.3321
-3.41691 5.2266
-3.38166 4.86315
-3.27721 6.0631
-3.9736 5.5226
-4.16888 5.41968
-4.24941 5.17549
-4.33038 5.3393
-4.49659 5.36556
-4.62384 5.50428
-4.68831 5.22371
-4.58269 5.02427
-4.41584 5.12295
-4.3305 4.97113
-4.75346 4.84371
-4.83395 5.10895
-4.96936 5.20331
-4.95281 5.49279
-5.09583 5.37845
-5.17201 4.95733
-4.97037 4.77396
-5.19758 4.46827
-5.36994 4.61649
-5.3729 4.95737
-5.57051 4.64563
-5.51276 4.96755
-5.67933 4.80902
-5.55859 5.13693
-5.407 5.27476
-5.6868 5.14291
-5.82532 4.8037
-5.8279 5.11175
-5.96323 4.78186
-5.97446 4.52949
-6.11078 4.42253
-6.05752 4.19308
-6.20719 4.08636
-6.24735 4.18812
-6.34486 3.83988
-6.31682 4.17972
-6.49768 3.60416
-6.45458 3.46022
-6.31675 3.53597
-6.20137 3.8545
-6.18573 3.66055
-6.0682 3.87923
-5.89121 4.16861
-5.86688 4.4921
-5.74581 4.4865
-5.70209 4.32268
-5.55132 4.325
-5.74685 3.99922
-5.52923 4.02993
-5.39207 4.31213
-5.3354 4.08352
-5.94623 3.84357
-6.08458 3.61399
-6.20945 3.47209
-6.30215 3.30809
-6.43755 3.2099
-6.521 3.22933
-6.54483 3.37358
-6.6157 3.13494
-6.73127 3.00068
-6.72959 3.2249
-6.80985 3.03116
-6.75165 3.24737
-6.88912 3.00302
-6.81757 2.78207
-6.56056 2.99098
-5.24572 5.255
-5.2639 5.50207
-5.18794 5.43885
-5.15596 5.61115
-6.47644 4.60131
-6.42883 4.76533
-6.51711 5.07929
-6.4592 5.26448
-6.95238 3.27563
-1.73343 3.96738
-1.55826 3.92252
-1.43727 4.00094
-1.08862 4.03603
-0.642765 3.81582
-0.460869 3.39068
-0.443531 3.76016
-0.31431 3.85372
-0.253158 4.13107
-0.139688 3.86179
-0.076376 4.09958
-0.00474072 4.37115
0.0686417 4.07424
0.164722 4.19281
0.135629 4.57123
0.30041 4.26434
0.277745 4.62596
0.309566 4.89357
0.392714 4.62059
0.551908 4.52942
0.561769 4.84969
0.541278 5.08553
0.658344 4.92098
0.709481 5.06658
0.756968 4.84557
0.806043 4.90197
0.752958 5.11221
0.845289 4.96738
0.838065 4.66676
0.747918 4.63116
0.849919 4.39989
0.740352 4.26369
0.876865 4.12299
0.858152 3.83559
0.734122 3.82727
0.83818 3.45972
0.722431 3.59339
0.720715 3.35706
0.664711 3.59295
0.661106 3.75063
0.579194 3.69111
0.620826 4.04815
0.465822 4.21174
0.401815 3.86744
0.483282 3.4977
0.310333 3.59461
0.507981 3.12341
0.337041 3.16459
0.17485 3.44311
0.0616217 3.78033
0.0469007 3.54304
-0.0486288 3.65731
-0.185556 3.62013
-0.0310097 3.4243
-0.19151 3.29645
-0.0364828 3.22807
-0.0132551 2.98835
-0.183048 2.96546
-0.0743484 2.65601
-0.277711 2.7728
-0.319375 3.08606
-0.447746 2.98238
-0.433975 2.68823
-0.187949 2.54883
-0.113376 2.30219
0.0877037 2.32845
0.124141 2.64434
0.275413 2.68527
0.135075 2.89668
0.207685 2.96323
0.33679 2.86882
0.199183 3.16616
0.0819035 3.15804
0.0933962 3.35889
0.500115 2.79711
0.611965 2.51762
0.629977 2.72651
0.65499 2.91678
0.622202 3.24191
0.753017 2.94785
0.860321 3.03822
0.897573 2.60884
0.989656 2.81089
0.94996 3.14656
0.751891 2.64482
0.711824 2.47251
-0.321043 3.58829
0.183091 3.92363
0.270308 3.96654
0.351635 4.42863
0.650996 4.64824
1.27087 2.78741
1.30716 2.82116
1.34583 3.15908
1.39174 3.06011
1.37406 3.24461
1.40632 3.16369
1.42786 2.97519
0.935686 4.88459
0.941339 5.03622
0.878249 5.20232
1.10937 4.56734
1.00821 4.78818
-0.770247 4.78604
-0.789423 5.05922
-0.909113 4.96764
-2.77583 7.03511
-2.32388 6.94261
-2.25706 8.32554
-0.65011 6.88543
-0.305582 6.73138
-0.221284 6.93388
-0.119716 6.73475
0.0198536 6.69653
-0.0432177 6.49564
0.0223341 6.19759
0.175552 7.21411
-2.75708 8.9224
-7.05705 3.01768
-7.06269 2.92878
-7.03119 3.03193
-4.89575 8.76919
-4.74257 8.75676
-1.2006 9.23402
-0.992229 9.06954
-0.664515 8.82864
-0.566488 8.70282
-0.712614 8.72208
-0.847647 8.8986
-0.935061 8.81026
-0.998076 8.95279
-1.11074 8.93386
-1.08231 9.01554
-1.20863 9.07714
-1.29909 8.94284
-1.11656 8.74723
-1.29375 8.80438
-1.43817 8.84395
-1.50855 9.01645
-1.39146 9.09144
-1.36677 9.19993
-1.34732 9.28305
-1.30907 8.6242
-1.04403 8.46841
-0.980502 8.61058
-0.932824 8.67931
-0.810774 8.66757
-0.812331 8.49657
-0.681115 8.57266
-0.50481 8.53571
-0.587461 8.39582
-0.407614 8.30655
-0.327967 8.38553
-0.202477 8.28863
-0.144784 8.10874
-0.266262 8.2092
-0.205233 8.03967
-0.201176 7.86644
-0.317904 8.09858
-0.372943 7.94636
-0.475487 8.17407
-0.53956 7.99646
-0.660798 8.23214
-0.858059 8.24504
-0.731635 8.01675
-6.36052 5.64764
