-1.86952 -2.90481
6.4868 -4.03674
6.52054 -3.87114
6.60018 -3.69067
6.55627 -3.67795
6.49175 -3.81908
6.42334 -3.99202
6.42908 -3.84331
6.35552 -3.99182
6.34279 -3.89108
6.27512 -4.054
6.31012 -4.11905
6.19174 -4.23435
6.27756 -4.21798
6.35194 -4.16575
6.38909 -4.17086
6.44656 -4.03948
-1.75152 -3.17572
-1.83557 -3.02802
-1.8462 -2.91579
-1.74955 -3.06715
-1.69134 -3.22796
-1.67709 -3.34804
-1.65852 -3.33577
-1.65003 -3.40875
-1.55542 -3.64123
-1.61674 -3.45786
-1.60301 -3.42508
-1.66731 -3.24117
-1.66905 -3.17126
-1.74357 -3.00751
-1.82166 -2.85379
-1.80377 -2.76346
-1.90081 -2.64795
-1.9086 -2.74166
-1.95336 -0.985814
-1.94948 -0.830658
-1.92038 -0.976073
-1.88205 -0.78187
-1.92022 -0.681065
-1.87265 -0.598239
-1.83217 -0.688111
-1.82076 -0.464487
-1.81304 -0.291101
-1.75508 -0.289737
-1.68914 -0.225568
-1.71142 -0.427459
-1.77266 -0.668305
-1.7064 -0.634807
-1.74966 -0.879397
-1.84098 -0.961478
-1.78342 -1.19442
-1.8554 -1.33836
-1.91142 -1.19463
-1.94381 -1.10994
-1.91857 -1.47231
-1.92789 -1.74648
-1.86295 -1.66281
-1.7921 -1.5261
-1.75856 -1.93293
-1.8674 -1.93825
-1.81163 -2.15682
-1.88194 -2.13308
-1.94475 -1.98749
-1.97033 -2.37925
-1.94222 -2.22229
-1.89241 -2.43882
-1.83216 -2.36073
-1.81774 -2.57955
-1.76131 -2.59811
-1.76647 -2.73195
-1.7146 -2.77519
-1.71217 -2.92939
-1.65817 -2.91971
-1.68837 -2.67031
-1.61967 -2.74896
-1.59792 -2.99847
-1.60622 -3.14277
-1.5398 -3.17604
-1.55938 -2.9424
-1.45531 -3.04339
-1.53087 -2.67464
-1.60644 -2.45579
-1.68278 -2.48485
-1.68238 -2.23995
-1.74751 -2.26788
-1.74896 -2.45239
-1.79127 -2.31246
-1.62673 -1.98484
-1.69834 -1.64817
-1.60379 -1.66538
-1.65278 -1.39994
-1.73227 -1.37222
-1.68912 -1.09651
-1.60665 -1.19087
-1.58608 -0.907364
-1.65602 -0.751746
-1.55112 -0.537669
-1.62995 -0.485029
-1.58014 -0.321613
-1.62951 -0.271149
-1.55155 -0.114201
-1.62915 -0.110416
-1.5809 0.0291837
-1.53744 0.184304
-1.4932 0.411379
-1.43897 0.239359
-1.51319 0.0751328
-1.46324 -0.0136974
-1.52715 -0.251293
-1.43394 -0.334099
-1.3798 -0.0208201
-1.35361 0.207991
-1.28734 0.0909431
-1.24991 0.334449
-1.28633 0.502096
-1.15224 0.509818
-1.10125 0.715963
-1.17375 0.774366
-1.30863 0.701048
-1.15082 0.94009
-0.97787 1.17151
-1.02834 0.947144
-0.813906 1.16545
-0.918939 0.828505
-0.750881 0.986875
-0.766552 0.702931
-0.938204 0.530858
-1.03438 0.62264
-1.06543 0.428496
-1.17305 0.325221
-1.10575 0.230044
-1.18828 0.0805307
-1.23183 0.231548
-1.26087 -0.178334
-1.15061 -0.253631
-1.24165 -0.56269
-1.08969 -0.605594
-1.16217 -0.960128
-1.07203 -0.867251
-1.04634 -1.07715
-1.11908 -1.3755
-1.24518 -1.29802
-1.20913 -1.59276
-1.32499 -1.66513
-1.34623 -1.26821
-1.29897 -0.959046
-1.41009 -1.02881
-1.44612 -1.41576
-1.51345 -1.12129
-1.55578 -1.43643
-1.5156 -1.62765
-1.54197 -1.64741
-1.52882 -1.86425
-1.44644 -1.7805
-1.46261 -2.07002
-1.3804 -2.03422
-1.30005 -2.02982
-1.32719 -2.25789
-1.42298 -2.38365
-1.30319 -2.5416
-1.39007 -2.78023
-1.54279 -2.25226
-1.25311 -2.89877
-1.33851 -3.0532
-1.34053 -3.27695
-1.2351 -3.20715
-1.20151 -3.51239
-1.35229 -3.47852
-1.44705 -3.31663
-1.43597 -3.47853
-1.50947 -3.40147
-1.45962 -3.58043
-1.38449 -3.5938
-1.34881 -3.73235
-1.28012 -3.67142
-1.21736 -3.87945
-1.29092 -3.91825
-1.16131 -4.06502
-1.05746 -4.06357
-1.03545 -4.24086
-0.922935 -4.27817
-0.896497 -4.42049
-0.983638 -4.40569
-1.11155 -4.25612
-1.05941 -4.37802
-0.641911 -4.64631
-0.4386 -4.74094
-0.336195 -4.8318
-0.166867 -4.88891
-0.0132257 -4.9195
0.122736 -4.97214
0.425606 -5.05028
4.32044 -4.60135
4.0807 -4.62329
4.18824 -4.5062
3.92452 -4.55602
3.84954 -4.71584
3.76308 -4.6182
3.68546 -4.46986
4.00253 -4.34232
3.7038 -4.00939
3.38615 -4.36623
3.41329 -4.59179
3.59924 -4.68915
3.33818 -4.74273
3.4933 -4.82287
3.23498 -4.875
3.65783 -4.78312
2.2977 -5.08161
1.4843 -5.16461
1.2815 -5.12036
1.48455 -5.08733
1.74631 -5.09846
2.00457 -5.12534
1.94146 -5.02423
1.59287 -5.00967
1.68986 -4.91776
2.02502 -4.90019
2.26842 -4.98358
2.28164 -4.89941
2.55106 -4.90762
2.28092 -4.78783
2.55261 -4.80816
2.6031 -4.70034
2.35018 -4.61947
2.18261 -4.66708
2.00838 -4.6939
2.08787 -4.5387
1.7269 -4.59188
1.81901 -4.73786
1.97568 -4.79501
1.77053 -4.82334
1.64525 -4.73459
1.5066 -4.81222
1.43243 -4.6805
1.38441 -4.52674
1.58156 -4.36593
1.31471 -4.38102
1.36328 -4.21919
1.132 -4.27477
1.09235 -4.45179
0.906697 -4.29781
0.80902 -4.41743
0.711859 -4.28204
0.56433 -4.33093
0.645214 -4.5142
0.364383 -4.37457
0.339088 -4.2003
0.150826 -4.22923
0.177375 -4.37232
-0.0358483 -4.25497
0.103426 -4.43569
0.346481 -4.52346
0.154176 -4.57811
0.406687 -4.6595
0.620479 -4.66433
0.580987 -4.75653
0.361296 -4.73738
0.536497 -4.80229
0.506195 -4.85101
0.704602 -4.85277
0.739601 -4.94482
0.98932 -4.91713
0.978418 -4.99394
0.87746 -5.0224
1.07593 -5.03971
0.979378 -5.07427
1.13928 -5.08735
1.26059 -5.05991
1.17507 -4.99049
1.37124 -5.013
1.32802 -4.9153
1.09711 -4.86448
0.870307 -4.79359
1.18504 -4.77375
0.900528 -4.66414
0.921506 -4.54812
1.15488 -4.62162
0.796077 -5.06024
0.743096 -5.0837
0.704726 -5.10051
0.595045 -5.06889
0.618098 -5.03995
0.45141 -5.02773
0.289329 -5.0083
0.32631 -4.98674
0.460249 -4.98641
0.265088 -4.93313
0.169235 -4.94913
0.0330532 -4.87764
-0.157606 -4.85004
-0.158924 -4.79123
-0.288143 -4.79502
-0.324221 -4.71673
-0.496267 -4.64517
-0.385305 -4.63508
-0.535999 -4.54382
-0.656427 -4.54844
-0.770011 -4.53403
-0.800484 -4.43485
-0.695053 -4.43491
-0.82588 -4.30453
-0.929052 -4.15978
-0.84236 -4.14255
-0.995831 -3.97869
-1.13993 -3.81352
-1.04857 -3.74065
-1.06184 -3.53204
-0.949228 -3.65916
-0.899399 -3.90029
-0.794236 -3.7946
-0.750693 -4.05379
-0.704649 -4.22752
-0.604422 -4.2164
-0.592651 -4.39459
-0.736595 -4.31088
-0.380906 -4.54495
-0.439345 -4.37842
-0.283642 -4.4923
-0.209141 -4.59657
-0.100998 -4.55017
-0.0752417 -4.66329
-0.193236 -4.7006
0.0396698 -4.75696
0.103511 -4.68724
0.266661 -4.80606
-0.0828896 -4.4105
-0.282154 -4.37879
-0.277987 -4.19718
-0.460486 -4.18704
-0.632517 -4.00672
-0.515619 -3.97499
-0.648261 -3.78385
-0.761889 -3.56372
-0.870591 -3.55028
-0.860118 -3.32961
-0.984052 -3.38422
-0.941296 -3.10008
-1.05514 -3.121
-1.00882 -2.83106
-1.1297 -2.89786
-1.09468 -2.72923
-1.17745 -2.59488
-1.06179 -2.53207
-1.13929 -2.20887
-1.24468 -2.26549
-1.21512 -1.91967
-1.13765 -1.95021
-1.13157 -1.73357
-1.07113 -1.93965
-1.03393 -1.64221
-0.993568 -1.3444
-0.925445 -1.5881
-0.967435 -1.88187
-0.871132 -1.79774
-0.882106 -2.10406
-0.753721 -1.85077
-0.733621 -2.23972
-0.857149 -2.42001
-0.929004 -2.3243
-0.953849 -2.54508
-1.00671 -2.22251
-0.935722 -2.74697
-0.916053 -2.88265
-0.873308 -2.7031
-0.806711 -2.99602
-0.76264 -2.61579
-0.655352 -2.83959
-0.628662 -2.5246
-0.551557 -2.22421
-0.641992 -1.97785
-0.506409 -1.86772
-0.634347 -1.75117
-0.558101 -1.54621
-0.690871 -1.55002
-0.812855 -1.57235
-0.754541 -1.36091
-0.867014 -1.28956
-0.762848 -1.14576
-0.846375 -0.906181
-0.949264 -1.09173
-0.982742 -0.819545
-0.899524 -0.668834
-0.973219 -0.490732
-1.05075 -0.290835
-0.951806 -0.107841
-1.08203 -0.00711155
-1.00214 0.23878
-0.83722 0.28355
-0.803432 -0.0787806
-0.860142 -0.42421
-0.751739 -0.314293
-0.751583 -0.607817
-0.841869 -0.660833
-0.693357 -0.912532
-0.605949 -0.634742
-0.637997 -0.349394
-0.498995 -0.374244
-0.503151 -0.0396841
-0.668653 -0.0733529
-0.57707 0.19446
-0.70138 0.188494
-0.60983 0.360468
-0.679856 0.477091
-0.599505 0.775555
-0.640608 0.962851
-0.490568 1.0937
-0.622905 1.20678
-0.441432 1.44638
-0.618211 1.49882
-0.79602 1.42881
-0.681068 1.65228
-0.788651 1.66082
1.92723 4.06942
1.74252 3.99965
1.92277 3.92775
1.68348 3.8535
1.83647 3.73809
1.5794 3.67081
1.75119 3.50609
1.99494 3.59773
2.00789 3.31165
1.66963 3.19809
1.8975 2.94372
1.60304 2.8399
1.78248 2.6311
1.59625 2.59906
1.37076 2.55343
1.64638 2.34243
1.4312 2.19063
1.22044 2.18493
1.33996 1.88739
1.5986 2.00133
1.54772 1.74818
1.37745 1.59474
1.1393 1.62256
1.28297 1.24057
0.902617 1.33461
0.916023 0.95358
1.17174 0.790632
0.882116 0.594814
1.09495 0.45787
0.841765 0.213324
1.22059 0.0857871
0.861685 -0.187007
0.663557 -0.0449494
0.58322 0.110031
0.434485 -0.166343
0.392091 0.123442
0.2767 -0.0909042
0.187691 -0.301802
0.139848 -0.0119285
-0.0383351 -0.386999
0.0706786 -0.609154
-0.157401 -0.732973
-0.226129 -0.483663
-0.353862 -0.698279
-0.357466 -0.416741
-0.47683 -0.614513
-0.511814 -0.913358
-0.319591 -0.985745
-0.427151 -1.29086
-0.255454 -1.22911
-0.229935 -1.53505
-0.108278 -1.30621
0.0372953 -1.57596
-0.0794157 -1.86729
-0.292032 -1.9138
-0.0760353 -2.22019
-0.273114 -2.22937
-0.409455 -2.1156
-0.382635 -2.3871
-0.166183 -2.53573
-0.345842 -2.73188
-0.107053 -2.92124
-0.268973 -3.07171
-0.040349 -3.2814
-0.246596 -3.38955
-0.00195694 -3.60375
-0.164488 -3.65717
-0.0202601 -3.84551
-0.196808 -3.8277
-0.320814 -3.59713
-0.377051 -3.76671
-0.429327 -3.57327
-0.515054 -3.57269
-0.470084 -3.35506
-0.60857 -3.39476
-0.64133 -3.15437
-0.729091 -3.33553
-0.635555 -3.56938
-0.52738 -3.0281
-0.521416 -2.75835
-0.421833 -2.94492
-0.396187 -3.15572
-0.495794 -2.51793
-0.519044 -3.77578
-0.393075 -3.97722
-0.225608 -4.02056
-0.0374417 -4.04704
-0.418488 -4.09267
0.145298 -4.0452
0.168163 -3.85783
0.306909 -4.03722
0.528867 -4.13471
0.387737 -3.90192
0.666233 -3.94663
0.457394 -3.72191
0.237418 -3.67169
0.124739 -3.47079
0.339852 -3.43013
0.134356 -3.3351
0.147161 -3.12325
0.380522 -3.14173
0.289168 -2.92529
0.078169 -2.74332
0.304817 -2.65343
0.115692 -2.45967
-0.0154676 -2.4971
0.124451 -2.20075
0.016027 -2.05438
0.112138 -1.93266
0.313002 -2.12458
0.287827 -1.77188
0.24242 -1.46233
0.102972 -1.16358
0.340549 -1.25008
0.339967 -0.973313
0.189708 -0.813048
0.00223637 -0.877079
0.309243 -0.511652
0.361446 -0.728879
0.4659 -0.576564
0.493742 -0.393738
0.619521 -0.247739
0.646262 -0.491206
0.856426 -0.535113
1.00229 -0.3673
1.06601 -0.179241
1.18443 -0.298242
1.40852 -0.191401
1.55085 -0.00388979
1.64718 0.300058
1.37848 0.540392
1.6578 0.646658
1.49578 0.892673
1.82243 0.901927
1.68355 1.20224
1.59672 1.5028
1.86535 1.46001
1.8392 1.79102
2.15183 1.59614
2.04462 1.20772
2.37293 1.36831
2.31829 1.04822
2.09979 0.879141
1.9668 0.572033
2.36328 0.6802
2.19427 0.411745
2.02295 0.164323
2.44989 0.234382
2.26505 -0.0518406
2.04082 -0.170554
1.88636 -0.0584123
1.72325 -0.305594
1.76346 0.0328933
2.05797 -0.507101
1.8554 -0.729977
1.58548 -0.752608
1.73393 -0.99494
1.52961 -1.14424
1.30172 -0.936928
1.26362 -1.43911
1.52507 -1.44797
1.45138 -1.67353
1.29031 -1.89734
1.58008 -1.98066
1.37887 -2.29966
1.67167 -2.42923
1.47979 -2.69326
1.73975 -2.8407
1.5361 -3.05737
1.80365 -3.26579
1.53108 -3.41775
1.73426 -3.67738
1.50447 -3.68571
1.56485 -3.89799
1.39077 -3.81353
1.28786 -3.56641
1.19771 -3.84186
1.38089 -4.01051
1.16131 -4.07322
1.58448 -4.13065
1.77784 -3.9894
1.8193 -4.22253
1.86637 -4.41219
2.11376 -4.28903
1.9786 -4.08647
2.19893 -4.02287
1.97838 -3.84962
2.2161 -3.69203
1.97032 -3.56286
2.12773 -3.2824
1.96755 -2.97617
2.19453 -2.86533
1.95477 -2.60447
2.25699 -2.33041
1.87762 -2.15539
2.01851 -1.79988
1.77465 -1.78909
1.61938 -1.64691
1.77875 -1.38954
2.12053 -1.34652
1.91869 -1.05282
2.10395 -0.890494
2.35198 -1.09695
2.31903 -0.696407
2.29285 -0.343752
2.54344 -0.52704
2.5296 -0.175291
2.82093 -0.403473
2.82956 0.0097575
2.78294 0.312745
2.66736 0.518713
2.72121 0.826826
2.53097 0.990245
2.5076 1.19258
2.74957 1.24167
2.56312 1.34828
2.60831 1.60169
2.3879 1.60462
2.39769 1.8414
2.13349 1.89531
2.25839 2.18458
2.00145 2.06197
1.80865 2.10434
1.95936 2.35415
2.0243 2.67489
2.19949 2.49593
2.50968 2.50744
2.57762 2.11651
2.79855 2.31561
2.85476 1.93094
2.61624 1.87869
2.88868 1.58764
3.18044 1.42613
2.98953 1.00479
3.05501 0.565368
3.25325 0.977859
3.52662 0.743333
3.45879 0.350816
3.17994 0.11972
2.95374 0.250811
3.12137 -0.272993
3.3738 -0.133136
3.43417 -0.406687
3.63336 -0.180502
3.48788 0.0594749
3.78424 0.124965
3.72437 0.468904
3.92453 0.396308
4.08337 0.200095
4.09109 -0.13214
3.83829 -0.218792
4.003 -0.444031
3.73141 -0.444143
3.74161 -0.275566
3.9077 -0.802852
4.11295 -0.646189
4.22255 -0.899482
4.28791 -0.476414
4.45496 -0.797611
4.47673 -1.16152
4.63613 -0.933234
4.60292 -0.569658
4.8255 -0.899595
4.85329 -0.488857
4.64221 -0.241354
4.75062 -0.0437013
4.50584 0.0854648
4.44746 -0.220144
4.29151 0.0156764
4.29 -0.191488
4.27855 0.296923
4.09169 0.443505
4.2249 0.581585
3.91941 0.695899
4.1426 0.925288
3.93115 0.968512
3.75851 0.966888
3.88919 1.25432
3.52671 1.14337
3.55368 1.45373
3.45811 1.77161
3.17909 1.89908
3.02859 1.71929
3.09323 2.28392
3.44812 2.19569
3.3319 2.59618
2.92515 2.68856
3.28924 2.99482
2.89722 3.09057
2.53071 2.96379
2.64595 3.36044
2.32545 3.25439
2.17506 3.02279
2.24875 2.75567
2.07926 2.85536
2.30797 3.57208
2.59381 3.60827
2.81803 3.58972
3.08927 3.37728
3.07867 3.65247
3.39485 3.57273
3.50734 3.29056
3.69876 3.00832
3.55151 2.79761
3.75855 2.76907
3.90943 2.8395
3.95154 2.56621
3.66085 2.52311
3.83628 2.3919
3.99386 2.18903
4.18874 2.35774
4.27334 2.03104
4.14093 1.87987
4.36495 1.66865
4.17734 1.63566
4.3002 1.51711
4.40206 1.39282
4.49444 1.46607
4.55842 1.56544
4.46357 1.85739
4.61669 1.79809
4.43806 2.16353
4.64207 2.08375
4.51018 2.36128
4.30754 2.53315
4.48563 2.61047
4.2741 2.82598
4.10229 2.74115
4.1411 2.56801
4.01757 3.00246
4.22117 3.03408
4.06085 3.183
3.83651 3.23629
3.98453 3.34898
3.72437 3.45425
3.91763 3.5186
3.68971 3.66758
3.41951 3.74049
3.2497 3.73245
3.26044 3.8343
3.49186 3.84002
3.0231 3.90898
3.09098 3.79405
2.8486 3.77193
2.72531 3.91063
2.54468 3.77949
2.69246 3.7012
2.53403 3.92429
2.41356 3.8866
2.31035 3.80751
2.10875 3.80285
2.19648 3.91081
2.24907 3.99345
2.11485 3.9579
2.04929 4.03536
2.16791 4.05066
2.31792 4.10236
3.62151 3.91427
3.80703 3.86109
3.7119 3.80512
3.93869 3.71818
3.90315 3.62209
4.06161 3.55392
4.12728 3.39668
4.26937 3.42453
4.30305 3.28223
4.22212 3.20049
4.43574 3.11367
4.40289 2.9741
4.60172 2.89915
4.55086 2.75964
4.71373 2.68155
4.66754 2.54423
4.41275 2.82884
4.65505 2.3389
4.79611 2.3278
4.81853 2.01878
4.78705 1.70287
4.9459 1.61773
4.94464 1.28682
5.08896 1.242
5.09924 0.905657
5.21994 0.902132
5.25454 0.603777
5.33882 0.657106
5.42033 0.350588
5.46376 0.602343
5.5961 0.223481
5.53757 0.0641846
5.43795 0.0704883
5.55051 -0.206642
5.65001 -0.103425
5.70015 -0.434521
5.60894 -0.473539
5.5155 -0.438144
5.59399 -0.587748
5.55458 -0.751827
5.42443 -0.4766
5.36215 -0.124595
5.2891 -0.386062
5.40196 -0.683794
5.25808 -0.646022
5.38256 -0.923954
5.24476 -0.976312
5.40176 -1.20054
5.4866 -1.11018
5.53861 -1.3689
5.58929 -1.12868
5.70772 -1.52506
5.73127 -1.07352
5.48447 -0.922234
5.67173 -0.688162
5.80523 -0.794743
5.83636 -0.519128
5.78085 -0.238544
5.88541 -0.324764
5.94601 -0.57799
5.89496 -0.741087
5.96008 -0.889355
6.02797 -0.794849
6.04928 -1.11483
6.09078 -0.935954
6.12948 -1.14452
6.12561 -1.40312
6.04526 -1.49072
6.16996 -1.75298
6.20012 -1.56968
6.26065 -1.825
6.26522 -2.04774
6.19168 -2.09329
6.29711 -2.28508
6.35959 -2.26181
6.37335 -2.55246
6.26798 -2.44808
6.34815 -2.71474
6.42413 -2.90794
6.34175 -2.94532
6.26272 -2.70699
6.23955 -2.9509
6.32324 -3.19136
6.42222 -3.71842
6.27876 -3.62766
6.15771 -3.77998
6.11156 -3.99007
6.02936 -3.86198
6.07442 -3.65318
5.92196 -3.77645
5.78407 -3.90157
5.76075 -4.08661
5.62138 -4.05398
5.66555 -4.23142
5.48582 -4.2525
5.54494 -4.42822
5.7494 -4.33285
5.71411 -4.44167
5.64637 -4.53267
5.82013 -4.1887
5.46117 -4.5844
5.27547 -4.54728
5.11566 -4.64866
5.20134 -4.71132
4.99723 -4.73948
4.59134 -4.60264
4.79625 -4.61704
4.79352 -4.52524
4.52804 -4.4566
4.84984 -4.4014
4.71207 -4.31649
4.4924 -4.27672
4.28427 -4.37422
4.23956 -4.22047
4.02595 -4.1311
4.20392 -4.04286
4.03325 -3.93379
3.94293 -3.76344
3.82367 -3.54613
3.57907 -3.52176
3.36702 -3.76451
3.22766 -4.07976
3.03106 -3.725
3.29284 -3.41266
3.03697 -3.3645
2.80056 -3.47735
2.6713 -3.794
2.57963 -3.53054
2.45121 -3.68479
2.38623 -3.43192
2.61549 -3.21359
2.3602 -3.13203
2.48476 -2.82201
2.81483 -2.86794
2.66719 -2.47036
2.56444 -2.06136
2.30783 -1.78939
2.53509 -1.70074
2.3834 -1.45794
2.64013 -1.33964
2.56814 -0.88802
2.84568 -0.997892
2.74509 -0.697694
2.96444 -0.694971
3.02744 -0.493591
3.2049 -0.607328
3.15882 -0.97014
3.51327 -0.812537
3.40491 -1.29771
3.71923 -1.17115
3.63674 -1.44528
3.49586 -1.63212
3.25906 -1.63781
3.37521 -1.83453
3.18513 -1.88975
3.05864 -1.73494
3.02227 -1.4036
2.83141 -1.81191
3.02296 -1.88885
3.04268 -2.07308
3.35183 -2.11508
3.05446 -2.47641
3.49165 -2.56451
3.72751 -2.06538
3.54144 -1.86822
3.7059 -1.68701
3.96487 -1.67202
3.81412 -1.44038
4.01322 -1.24132
4.18028 -1.50221
4.152 -1.73427
4.13601 -2.06687
4.31947 -1.71759
4.49092 -2.00569
4.41463 -2.4171
4.67013 -2.28996
4.7083 -2.65953
4.4852 -2.75842
4.26109 -2.7299
4.37127 -2.96928
4.50786 -2.94282
4.53142 -3.16539
4.62614 -2.91853
4.69387 -3.07151
4.77842 -2.95739
4.99882 -2.90827
4.90501 -2.41368
5.14928 -2.50867
5.03756 -2.1281
4.79066 -1.98402
4.9606 -1.83085
4.82482 -1.64888
4.58278 -1.60036
4.76888 -1.28546
4.36708 -1.43832
4.25517 -1.24147
4.9744 -1.55905
4.99526 -1.24413
5.04073 -0.914369
5.20277 -1.3059
5.11844 -1.5239
5.26171 -1.68097
5.13061 -1.83805
5.28333 -1.95788
5.23171 -2.18816
5.37543 -2.17356
5.37124 -2.51406
5.28029 -2.87724
5.47178 -2.89592
5.391 -3.20635
5.21287 -3.18431
5.26573 -3.49229
5.47023 -3.51333
5.32414 -3.84749
5.53766 -3.73034
5.5231 -3.91891
5.42235 -4.09818
5.66526 -3.80075
5.19975 -4.15012
5.3148 -4.25933
5.11384 -4.35005
4.94486 -4.2433
4.98535 -4.47002
5.14351 -4.47131
5.31967 -4.39645
5.00495 -4.56946
5.01798 -4.02121
4.74093 -4.15168
4.78746 -3.91251
4.47405 -4.0437
4.58894 -3.79342
4.29606 -3.7689
4.56631 -3.51769
4.35788 -3.43977
4.10303 -3.47377
4.08513 -3.75579
4.30062 -3.22049
4.15443 -3.05111
3.908 -3.15917
3.72392 -3.27778
3.7498 -3.09414
3.56461 -3.06157
3.16734 -2.99422
3.68023 -2.74505
3.79635 -2.88509
3.85646 -2.50497
4.01421 -2.79033
4.13653 -2.48672
4.78822 -3.23877
4.81475 -3.61301
5.03861 -3.37681
5.05513 -3.72925
5.65261 -3.4975
5.80587 -3.60004
5.76105 -3.38662
5.70341 -3.14646
5.56091 -3.20945
5.59883 -2.93484
5.55287 -2.60596
5.67251 -2.80653
5.69525 -2.45983
5.55488 -2.30339
5.55805 -2.0071
5.47148 -2.14153
5.46902 -2.34278
5.39773 -1.91567
5.4113 -1.55251
5.59879 -1.69356
5.74533 -2.02658
5.88963 -1.90997
5.89203 -2.22616
5.83254 -2.41127
5.84133 -2.67643
5.78376 -2.88497
5.902 -2.96581
5.85145 -3.25039
6.05153 -3.2165
6.10797 -3.42208
6.17553 -3.57467
6.20012 -3.38788
6.15293 -3.14375
6.24082 -3.22032
6.10523 -2.75649
6.07116 -2.99074
5.9986 -2.99669
6.01736 -2.81104
5.93768 -2.76199
5.96902 -2.53896
5.8952 -2.59174
6.0435 -2.50072
5.99376 -2.28242
6.11052 -2.44007
6.04025 -2.10789
5.9934 -1.74784
5.85586 -1.47179
5.93516 -1.40984
5.86117 -1.14839
5.95478 -1.16903
5.89416 -0.949308
6.10075 -1.82128
6.08485 -2.01069
6.1495 -2.26769
6.20145 -2.50629
6.19028 -2.67188
6.2795 -3.40115
6.23457 -3.50808
5.31806 -1.25924
5.08535 -0.589493
4.95699 -0.206581
5.13201 -0.320424
5.0357 -0.0284383
4.86479 0.228262
4.63686 0.340673
4.74127 0.435869
4.65341 0.580383
4.44894 0.683827
4.42722 0.402396
4.61246 0.852035
4.37574 1.09052
4.15972 1.16723
4.19523 1.37974
3.98272 1.58816
3.73294 1.6468
3.86764 1.82842
3.67764 1.9604
3.74092 2.22805
3.84665 2.03875
3.97443 1.94655
4.02922 1.77541
4.58263 1.23516
4.76722 0.931892
4.75257 1.34427
4.94922 0.840878
4.86367 0.719641
4.78495 0.60599
4.92935 0.511668
5.04062 0.220549
5.0519 0.469497
5.14316 0.553573
5.17999 0.221111
5.30271 0.278217
5.17357 -0.0690354
2.88786 -3.18739
2.82808 -2.19146
2.43219 -3.91898
2.60126 -4.02367
2.47749 -4.21539
2.82546 -4.10505
2.717 -4.38489
2.5386 -4.40782
2.5712 -4.53458
2.81278 -4.5697
3.04099 -4.39741
3.04346 -4.61893
2.86175 -4.70063
2.76338 -4.80541
3.05976 -4.76559
2.92844 -4.8975
2.51733 -5.02636
3.22117 -4.66439
3.22755 -4.54234
2.36119 -4.44491
4.90036 -4.67442
6.4932 -3.65469
6.5256 -3.00925
6.47351 -2.74275
6.52413 -2.72929
6.45243 -2.46476
6.53815 -2.514
6.56369 -2.84426
6.61463 -2.82965
6.59543 -3.06699
6.57327 -3.26738
6.62788 -3.29578
6.58029 -3.48138
6.62768 -3.50329
6.65341 -3.32385
6.65326 -3.08571
6.68744 -3.19607
6.69458 -3.03385
6.74678 -2.85879
6.67645 -2.7826
6.60904 -2.59643
6.63218 -2.51138
6.57389 -2.24805
6.48094 -2.03155
6.45887 -2.227
6.40131 -1.91137
6.39042 -2.13834
6.32111 -1.86192
6.32108 -2.03512
6.27496 -1.65186
6.32206 -1.5597
6.23656 -1.43025
6.17217 -1.34478
6.19626 -1.18533
6.15448 -0.913362
6.2303 -1.03351
6.19559 -0.799021
6.12616 -0.612775
6.09014 -0.750199
6.05018 -0.547381
6.08888 -0.341808
5.9761 -0.256639
6.03401 -0.0646627
5.91866 0.0768278
5.83872 -0.0496296
5.81649 0.206588
5.72614 0.209832
5.72508 0.00407393
5.61272 0.486065
5.72906 0.429788
5.64885 0.645365
5.51552 0.856956
5.41808 0.836839
5.33465 0.860704
5.35487 1.05325
5.22138 1.16201
5.24772 1.3655
5.09503 1.53894
5.16611 1.62921
5.05945 1.84142
4.96503 1.83945
4.93568 2.10902
5.06353 2.04077
5.18014 1.80732
5.17168 1.99908
5.27621 1.8589
5.32169 1.6651
5.39952 1.71195
5.42002 1.56104
5.48763 1.56533
5.52679 1.3686
5.39764 1.43094
5.50633 1.16766
5.61064 1.12817
5.7047 1.19824
5.72425 0.933945
5.6293 0.935459
5.73553 0.687645
5.63024 0.780409
5.38163 1.23945
5.85189 0.654714
5.84665 0.38977
5.8891 0.431242
5.9561 0.243469
5.93351 0.449179
6.00376 0.321403
5.93584 0.574304
5.88906 0.669549
5.89286 0.746816
5.78981 1.21472
5.71955 1.36543
5.59452 1.45931
5.64002 1.55292
5.50111 1.67276
5.57966 1.71037
5.47103 1.84187
5.36402 1.85594
5.3555 2.00636
5.24703 2.02914
5.2499 2.19795
5.1163 2.18923
5.10777 2.35863
4.99871 2.38471
4.87096 2.57414
4.76794 2.79433
4.7859 2.50032
4.89325 2.36211
4.99434 2.22828
4.69486 2.9224
4.60852 3.05534
4.45835 3.25396
5.56789 1.82109
5.68748 1.67109
6.30591 0.218449
6.20363 0.270927
6.14537 0.537559
6.11766 0.484958
6.14505 0.244476
6.24344 -0.106847
6.12109 0.106441
6.17446 -0.245586
6.26506 -0.468399
6.30757 -0.431636
6.33401 -0.643055
6.37454 -0.654733
6.37616 -0.862976
6.31461 -0.828065
6.38401 -1.19011
6.41965 -1.01496
6.44967 -1.36514
6.42759 -1.46486
6.39661 -1.58432
6.46723 -1.68886
6.52287 -1.93334
6.52178 -1.67213
6.49477 -1.3475
6.44766 -1.11937
6.46206 -0.958612
6.43891 -0.88896
6.41154 -0.704912
6.37876 -0.404922
6.31361 -0.325623
6.30428 -0.0693287
6.34203 -0.130549
6.45286 -0.303046
6.48596 -0.493457
6.52025 -0.712676
6.70265 -2.67304
6.71894 -2.44184
6.66941 -2.55555
6.63878 -2.27287
6.70052 -2.09667
6.62066 -1.88787
6.59785 -2.02515
6.55562 -1.93334
6.5523 -1.69288
6.57434 -1.46756
6.53257 -1.42066
6.51311 -1.16523
6.54992 -1.18734
6.52393 -0.942361
6.46816 -0.858462
6.41434 -0.647995
6.45355 -0.618878
6.38169 -0.382857
6.41786 -0.355696
6.37008 -0.202824
6.58417 -0.908178
6.60006 -1.20369
6.68488 -1.4556
6.63155 -1.45547
6.65478 -1.71285
6.3077 -1.19126
6.25517 -1.2765
6.2564 -0.882992
6.20999 -0.597446
6.152 -0.39552
6.11781 -0.217545
6.09209 -0.0647925
6.04417 0.106509
6.04135 0.449682
6.01364 0.70567
5.96069 0.687472
6.03773 0.800948
6.09076 0.681821
6.07616 0.817889
6.16293 0.735791
6.03235 0.873455
5.76038 1.45612
5.27501 1.53312
4.33316 2.92844
2.48278 4.08653
2.41079 3.99485
0.942114 -3.88272
1.00379 -3.61299
0.689074 -3.62049
0.837473 -3.391
0.601405 -3.27024
0.835888 -3.08771
0.542305 -2.89209
0.862423 -2.64131
0.520787 -2.42938
0.277693 -2.38422
0.559285 -1.9789
0.768043 -2.24901
0.848276 -1.95446
0.703193 -1.71661
0.490335 -1.53147
0.776947 -1.38604
0.567654 -1.09775
0.829789 -0.974412
0.712262 -0.770038
0.51424 -0.772874
0.862146 -0.740466
1.05291 -0.68399
1.03012 -1.1529
1.37342 -0.513947
0.988673 -1.49755
0.863969 -1.68285
1.03553 -1.81178
0.973615 -1.99216
1.04467 -2.18761
1.20303 -2.61853
1.10296 -2.96791
1.32918 -2.9101
1.31176 -3.20996
1.06374 -3.31258
0.929118 -4.1204
0.749288 -4.16521
-0.134812 -1.04957
-0.411654 -1.62152
-0.632379 -1.24469
-0.357434 -0.140095
-0.158931 -0.128726
-0.251981 0.021995
-0.317826 0.164081
-0.412655 0.372985
-0.188516 0.581501
-0.312119 0.781629
-0.452047 0.581685
-0.524182 0.406196
-0.551857 0.56458
-0.458244 0.816472
-0.334811 1.09569
-0.359891 1.30751
-0.252708 1.40044
-0.326309 1.47707
-0.26388 1.72376
-0.441636 1.74889
-0.30223 1.96521
-0.448894 2.02409
-0.561005 1.76449
-0.627144 1.84717
-0.594962 2.0553
-0.46927 2.26848
-0.599765 2.22828
-0.507347 2.46443
-0.317673 2.71379
-0.322932 2.51775
-0.127965 2.76773
-0.149261 2.92706
0.0619171 3.01045
-0.00756741 3.10137
0.201806 3.22774
1.00889 3.79155
1.27483 3.84407
1.183 3.71912
0.981576 3.65109
1.04869 3.54549
0.774639 3.50422
0.85753 3.34924
1.14392 3.34448
0.911304 3.18786
0.646276 3.10053
0.815862 2.93038
1.05547 3.07719
1.04678 2.7319
1.3345 3.04768
1.46153 3.41915
1.31143 3.60408
1.43744 3.80374
1.10882 2.41634
0.914191 2.4072
0.987774 2.14059
1.10515 1.91944
0.863406 1.75534
0.718643 2.10663
0.583723 1.72537
0.531594 1.94061
0.377775 1.74177
0.447192 2.13826
0.151571 1.81943
0.180068 1.40835
0.394387 1.36118
0.189584 1.08238
0.345543 0.966924
0.0770959 0.65978
-0.0130849 1.02416
-0.168679 0.882495
-0.167123 1.17079
0.0074805 1.40851
-0.0947019 1.60844
-0.0390908 2.08887
-0.197948 1.97767
-0.188343 2.10317
-0.265418 2.18235
-0.120543 2.27453
-0.176513 2.37873
-0.313387 2.3242
-0.140777 2.56713
0.0153639 2.51985
0.143983 2.86016
0.25379 2.74165
0.222753 2.51506
0.0512898 2.3739
-0.0298921 2.32685
0.110627 2.32666
0.218637 2.24562
0.420244 2.4659
0.498166 2.77195
0.698433 2.53456
0.394124 2.93315
0.418983 3.08238
0.31449 3.14802
0.471522 3.36484
0.585408 3.27635
-0.140308 0.246544
0.0449592 0.246456
0.353238 0.510379
0.616105 0.381624
0.671062 0.697944
0.610468 1.0116
0.489184 1.18687
0.636304 1.39873
1.427 3.92247
1.57138 3.93465
-1.15604 -3.10433
-1.11479 -3.32232
0.168953 -4.85281
0.43843 -4.91424
-0.0241704 -4.803
0.657778 -4.99802
-1.20397 -4.20743
-1.34315 -3.98075
-1.43666 -3.74053
-1.53849 -3.63211
-1.55096 -3.49417
-1.61398 -3.28498
-1.56892 -3.31072
-1.65725 -3.09979
-1.21435 -4.10326
-1.13231 -4.16938
-1.61102 -2.24781
-1.47536 -0.761895
-1.36577 -0.661809
-1.33034 -0.366925
-1.3359 -0.146187
-1.86755 -2.58748
-1.91885 -2.50625
0.978418 -4.99394
-0.800484 -4.43485
5.85189 0.654714
