1.01022 3.03443
1.41931 3.81456
1.67912 4.2963
1.81592 4.53894
2.36085 4.98419
3.08064 5.37147
3.31129 5.39849
3.55705 5.42075
4.16952 5.44377
4.35718 5.36415
4.55883 5.23252
4.76325 5.07549
5.69315 4.23708
6.31919 3.56131
6.90156 2.85892
6.9749 2.75766
7.08381 2.52221
7.48321 1.59643
7.63226 0.61378
7.66257 0.128538
7.62508 -0.111432
7.56749 -0.373042
7.41273 -0.6759
6.72907 -1.02262
6.6111 -1.07531
4.73372 -1.77651
4.32229 -1.80225
3.65319 -1.72849
3.36697 -1.6636
3.21047 -1.6159
2.80527 -1.47383
1.98854 -0.964847
1.77089 -0.811663
0.999382 -0.235061
0.837859 0.0535636
0.533249 0.859478
0.513544 1.25843
