-0.855318 2.4308
-0.787644 2.59186
-0.732184 2.74486
-0.752087 2.63581
-0.73685 2.52937
-0.694523 2.68224
-0.675056 2.53743
-0.640827 2.66434
-0.609853 2.79102
-0.656445 2.85693
-0.614546 3.04089
-0.453377 3.75712
-0.342771 4.04352
0.348817 5.87924
0.265788 5.66579
0.211438 5.45781
0.299734 5.5713
0.399229 5.74887
0.329805 5.42395
0.532279 5.7075
0.477086 5.40658
0.606736 5.52325
0.718672 5.78868
0.762415 5.41283
0.558208 5.23949
0.674784 5.04278
0.898567 5.03959
0.981313 5.4649
1.10747 5.18538
1.10056 4.8833
0.966456 4.64331
1.21007 4.57097
1.01902 4.30888
0.859368 4.44301
0.781711 4.20314
0.932369 4.0055
1.12316 4.01927
0.974363 3.66971
0.757607 3.81986
0.738477 3.48977
0.660183 3.63256
0.545672 3.47081
0.577768 3.19004
0.84239 3.16396
0.583027 2.91134
0.715273 2.7242
0.432254 2.58468
0.367575 2.89673
0.232841 2.60287
0.241387 2.37638
0.0772552 2.34496
0.163147 2.11886
0.002841 2.00847
0.108574 1.8285
-0.0338221 1.69354
-0.112896 1.8973
-0.0950632 2.16591
-0.205629 1.96507
-0.180308 1.67714
-0.298518 1.78856
-0.279342 1.53638
-0.408114 1.64475
-0.380947 1.92929
-0.459272 1.86605
-0.514433 1.74395
-0.547825 1.96936
-0.60399 1.87282
-0.650359 2.13368
-0.693893 1.98237
-0.708744 2.09388
-0.723029 2.19751
-0.7398 1.95434
-0.768795 2.34829
-0.669374 1.79255
-0.549973 1.40956
-0.168368 0.62924
-0.00257111 0.4276
-0.011178 0.31426
0.0988817 0.191649
0.229951 0.0418261
0.18044 0.183721
0.158997 0.305062
0.0679235 0.517693
-0.0496273 0.629964
-0.0471439 0.742083
-0.156699 0.801409
-0.113141 0.646417
-0.19093 0.746407
-0.278661 1.0393
-0.416624 1.26423
-0.326562 1.25379
-0.405538 1.41282
-0.482594 1.51381
-0.57363 1.64893
-0.339932 1.42539
-0.244758 1.30723
-0.211059 1.09324
-0.101706 1.14388
-0.0644455 0.914144
0.0534945 0.915711
0.112858 0.659051
0.236946 0.757366
0.366137 0.454445
0.268456 0.334794
0.465406 0.216835
0.433096 0.110564
0.584462 0.00324886
0.532376 -0.0890021
0.325967 0.0788509
0.477054 -0.179095
0.334816 -0.0719251
0.260407 0.051704
0.314304 -0.129178
0.44164 -0.239545
0.511368 -0.366521
0.594 -0.391196
0.661755 -0.316891
0.721359 -0.471427
0.741587 -0.537123
0.664679 -0.522739
0.855739 -0.680267
0.749133 -0.63809
0.557326 -0.477925
0.393323 -0.264963
0.430698 -0.353644
0.257454 -0.174811
7.22719 2.01198
7.22445 1.98106
7.23721 1.84122
7.23027 1.64031
7.22266 1.45875
7.20988 1.57349
7.21894 1.77851
7.20663 1.8667
7.18209 1.65092
7.17638 1.38722
7.13395 1.48785
7.10604 1.21812
7.14131 1.14426
7.08272 1.02966
7.03786 0.972433
7.03646 1.19171
7.08186 1.37019
7.03609 1.40545
6.97737 1.21472
6.97332 1.0036
6.91376 1.02582
6.91337 0.863465
6.84333 0.842788
6.85277 0.694786
6.74487 0.622956
6.77339 0.52302
6.86923 0.566569
6.73152 0.369694
7.13896 1.0344
6.95115 0.608237
6.99292 0.750506
7.0468 0.879367
7.01395 0.748273
7.06608 0.845557
7.08639 0.973033
7.11899 0.992537
7.16554 1.15643
7.19447 1.32386
7.20431 1.2975
7.20154 1.20776
7.00726 0.677249
0.690389 -0.611065
0.854989 -0.733097
0.914664 -0.760846
1.06106 -0.884902
0.916298 -0.789559
1.33003 -1.07614
1.32211 -1.02394
1.06573 -0.851217
1.24405 -0.929188
1.04524 -0.772064
0.871326 -0.599438
1.07768 -0.697896
0.921482 -0.516005
0.787572 -0.46842
0.785861 -0.388322
0.726867 -0.224599
0.953094 -0.279047
0.755586 -0.0832166
0.647948 0.116172
0.886635 -0.0145731
0.734927 0.19922
0.622758 0.242696
0.529975 0.279433
0.585043 0.379387
0.431945 0.576569
0.549273 0.565662
0.738985 0.451156
0.74682 0.301248
0.919043 0.196664
0.975341 0.43385
1.10367 0.221
1.12818 0.0830693
1.06567 -0.00974181
1.13383 -0.208896
1.13548 -0.34022
1.15992 -0.46566
1.31419 -0.406534
1.37839 -0.575344
1.26427 -0.608276
1.14257 -0.566583
1.24222 -0.705945
1.4555 -0.734016
1.50309 -0.896013
1.68375 -0.882925
1.73449 -0.974266
1.70642 -1.01248
1.88559 -1.07401
1.80217 -1.09195
1.61544 -1.02792
1.74222 -1.12137
1.56062 -1.04933
1.49779 -1.05672
1.40812 -0.946917
1.20211 -0.838874
1.27641 -0.821068
1.07164 -0.592791
1.69615 -1.16761
1.9553 -1.23569
2.18744 -1.32863
2.35571 -1.31674
2.15114 -1.26284
2.05422 -1.18625
2.35842 -1.2271
2.11837 -1.11442
1.9023 -1.00434
2.10431 -1.02906
1.90478 -0.893938
1.66229 -0.778686
1.75741 -0.728105
1.55878 -0.672443
1.60862 -0.55845
1.82808 -0.680259
2.03411 -0.811353
1.9641 -0.625638
2.24836 -0.791608
2.36936 -0.940095
2.22546 -0.985413
2.55138 -1.09771
2.33755 -1.12471
2.6013 -1.23041
2.62116 -1.31444
2.84039 -1.31837
2.81572 -1.22183
3.03723 -1.31268
3.04324 -1.38757
2.83748 -1.38999
2.62245 -1.38896
3.19146 -1.44974
3.28263 -1.38173
3.19592 -1.25725
2.9826 -1.21196
3.00082 -1.11061
2.80149 -1.11825
2.76097 -1.01142
2.61055 -1.01926
2.53029 -0.894862
2.70442 -0.931766
2.65049 -0.840318
2.34104 -0.711502
2.55418 -0.701709
2.32501 -0.594641
2.13607 -0.567574
1.93864 -0.475793
1.67767 -0.412459
1.49026 -0.40692
1.40134 -0.268993
1.24022 -0.070103
1.47941 -0.0667078
1.27956 0.122469
1.48301 0.195303
1.20409 0.335398
1.39251 0.498963
1.14261 0.554888
1.20766 0.822693
0.939378 0.748192
0.796097 0.62379
0.722013 0.814645
0.761335 1.02556
0.528121 1.00666
0.598126 0.719131
0.421625 0.881433
0.418416 0.729351
0.284761 0.903605
0.0946722 1.09658
0.296942 1.0782
0.165672 1.31665
0.0142832 1.4057
-0.0713377 1.30241
-0.175277 1.40566
-0.0999613 1.49178
0.102538 1.56253
0.218769 1.47285
0.222575 1.66778
0.278892 1.9197
0.382452 1.6948
0.307833 1.52051
0.433766 1.47739
0.344375 1.30117
0.577681 1.28104
0.623381 1.61255
0.830599 1.31928
1.00275 1.04742
1.09048 1.33173
0.974425 1.68299
1.26838 1.58085
1.29503 1.95647
0.983475 2.13687
0.759042 1.90913
0.51521 1.98075
0.726377 2.16426
0.586 2.35434
0.357194 2.22364
0.845449 2.45309
0.887785 2.69919
0.90586 2.88751
1.01591 2.79812
0.993034 2.62813
1.18372 2.72242
1.11111 3.04293
1.38621 3.0534
1.30069 3.28482
1.14094 3.414
1.25556 3.79106
1.36325 3.558
1.41249 3.77682
1.55491 3.7425
1.49898 3.38667
1.64548 3.51654
1.72739 3.19891
1.47668 2.70476
1.74917 2.61963
1.5224 2.29011
1.25405 2.37398
1.5521 1.96566
1.45741 1.74117
1.69148 1.72047
1.45718 1.52882
1.32196 1.31649
1.54887 1.33275
1.39058 1.06344
1.19299 1.10589
1.45006 0.814457
1.64685 1.02774
1.63536 0.689045
1.87144 0.82472
1.90196 1.10929
1.80703 1.36745
2.0469 1.69587
1.94163 2.02466
1.75362 2.17072
2.01271 2.45658
1.97145 2.92931
2.19166 2.85463
2.30093 2.52144
2.20615 2.11731
2.44567 2.25968
2.38506 2.0531
2.34209 1.83721
2.29089 1.49816
2.0713 1.32128
2.24171 1.25562
2.13437 0.981984
2.4895 1.21419
2.47233 0.760784
2.06121 0.57172
2.01075 0.791254
1.805 0.613733
1.71136 0.397006
1.94325 0.242788
2.20474 0.206534
2.04112 0.0557114
1.76979 0.0398347
2.04745 -0.113891
1.86755 -0.168148
1.69622 -0.156185
1.84114 -0.314791
1.60404 -0.246021
2.07396 -0.279526
2.17145 -0.454783
2.29859 -0.374481
2.41552 -0.470933
2.45551 -0.567872
2.60831 -0.545148
2.6857 -0.652732
2.89884 -0.822607
2.89456 -0.607345
3.21813 -0.793736
3.29315 -0.5818
2.9392 -0.358623
2.57763 -0.410819
2.58912 -0.219067
2.30534 -0.247193
2.31194 -0.0485177
2.59045 -0.0478376
2.46941 0.107638
2.47262 0.36806
2.77726 0.113991
2.86404 0.500684
2.83142 0.944792
3.16188 0.709592
3.10733 1.11115
2.86837 1.39725
2.574 1.6499
2.88794 1.93677
2.55416 2.00592
2.69082 2.28138
2.55762 2.58239
2.82911 2.59061
2.6854 2.94951
2.42477 2.88141
2.50463 3.22949
2.32234 3.15148
2.34546 3.59068
2.15926 3.20253
2.13178 3.41249
2.02684 3.58502
2.17102 3.914
2.0061 3.93806
1.79862 3.75623
2.00197 3.2651
1.89923 4.14019
1.67799 4.19044
1.86152 4.52061
1.5923 4.77339
1.51955 4.38401
1.45438 4.03674
1.36699 4.32259
1.41114 4.60192
1.30918 4.97469
1.44156 5.26243
1.21321 5.54983
1.41815 5.68048
1.63796 5.33719
1.55233 5.79257
1.73839 5.6786
1.87598 5.24261
1.80896 4.93301
2.0387 4.81194
2.07548 5.1984
2.21039 4.92705
2.28981 4.59854
2.09443 4.29482
2.34265 4.14771
2.48114 4.42406
2.64285 4.04461
2.58683 3.68815
2.58127 3.48551
2.76639 3.59765
2.69083 3.29338
2.90972 3.17688
2.87308 2.87808
3.07792 2.7742
3.19058 3.14094
3.0545 3.57211
3.28889 3.40146
3.38835 3.14563
3.39933 2.76742
3.54197 3.03243
3.6638 2.72634
3.5971 2.41973
3.43327 2.39957
3.56831 2.08648
3.66603 2.26082
3.80634 2.28575
3.80846 1.8052
3.60712 1.65782
3.46575 1.79924
3.37038 1.92359
3.31547 2.21155
3.18657 1.99015
3.06049 2.33423
3.30528 1.51204
2.86644 2.29221
3.26001 2.50217
3.65151 1.28992
3.55031 1.00289
3.77409 0.951918
3.72567 0.669833
3.48692 0.616537
3.70588 0.391063
3.91938 0.394608
3.79259 0.110798
3.54403 0.205005
3.6576 -0.111267
3.86609 -0.160395
3.72662 -0.383999
3.95817 -0.33313
3.85079 -0.590485
4.12378 -0.449431
3.99376 -0.683215
3.77117 -0.835365
3.69841 -0.716734
3.61221 -0.602871
3.51779 -0.765825
3.50866 -0.458312
3.30184 -0.328813
3.5318 -0.287761
3.38577 -0.0541283
3.06963 -0.109468
2.80304 -0.137107
3.13769 0.195411
3.36167 0.173541
3.31616 0.383349
3.13257 0.441607
3.3298 0.990214
3.45889 -0.950821
3.69469 -1.06394
3.45858 -1.11569
3.5948 -1.19437
3.42852 -1.24088
3.25462 -1.13921
3.30146 -1.04101
3.09397 -1.01256
2.85455 -0.966498
3.20135 -0.937579
3.76712 -1.21839
3.96802 -1.193
4.16038 -1.15448
4.12434 -1.04699
3.91561 -1.08213
3.89243 -0.96289
4.06099 -0.946079
4.02328 -0.823849
4.23619 -0.794928
4.16745 -0.654426
4.31697 -0.609781
4.27608 -0.506072
4.30637 -0.353598
4.2519 -0.221527
4.1096 -0.149454
4.25873 0.0184696
4.11255 0.176184
3.97945 0.021813
3.99351 -0.168659
4.10859 0.537447
3.97767 0.627863
3.88118 0.702235
3.97543 0.901529
3.83587 1.16033
3.94573 1.22407
4.06093 1.13741
4.18652 0.894147
4.29969 0.525074
4.23798 0.284328
4.36539 0.200979
4.45729 0.412895
4.40703 0.856028
4.58733 0.584065
4.5881 0.237718
4.48005 0.133505
4.55575 -0.00196007
4.4116 -0.119324
4.58655 -0.218237
4.42913 -0.423134
4.61169 -0.445985
4.45366 -0.639249
4.64296 -0.604865
4.52941 -0.735187
4.67638 -0.729514
4.48257 -0.873257
4.38003 -0.812866
4.29248 -0.932175
4.27392 -0.869778
4.19417 -0.923129
4.30861 -1.02369
5.19199 -0.649013
5.04134 -0.671752
4.86079 -0.701284
5.01639 -0.543974
4.81817 -0.579545
4.95084 -0.384935
4.76073 -0.465159
4.78047 -0.253959
4.99124 -0.147559
5.13233 -0.229336
5.18343 -0.367747
5.36988 -0.145875
5.42386 -0.311577
5.57855 -0.148077
5.68684 -0.218053
5.76703 -0.0211932
5.92601 -0.0250764
5.89226 -0.191767
5.68287 -0.337076
5.74631 -0.366947
5.90966 -0.332279
5.57638 -0.460378
5.38512 -0.559224
6.20666 -0.18656
6.14221 -0.0889787
6.36379 0.0342578
6.43162 -0.000902608
6.57112 0.183661
6.48664 0.235635
6.31275 0.100514
6.3966 0.279972
6.15631 0.0621572
6.26411 0.255593
6.09048 0.176155
5.93892 0.101315
5.997 0.303292
6.23252 0.411616
6.11182 0.584105
5.88734 0.502397
5.97902 0.708474
5.82153 0.740553
5.70547 0.559782
5.74388 0.377939
5.59568 0.361401
5.52052 0.551542
5.44388 0.347776
5.33504 0.485535
5.27445 0.237748
5.46158 0.134974
5.20681 -0.0182585
5.62945 0.0207557
5.67314 0.209769
5.75463 0.130891
5.75659 0.0568583
5.84455 0.132592
5.82718 0.26974
5.0434 0.136874
4.867 -0.02313
4.8613 0.210687
4.708 0.0261932
4.72546 0.359776
4.84163 0.463383
4.75286 0.725784
4.5838 0.973183
4.72128 1.06971
4.61694 1.27345
4.53341 1.20221
4.46771 1.1384
4.46867 1.43887
4.35627 1.24245
4.26641 1.11261
4.21476 1.37321
4.15376 1.20048
4.02426 1.46925
4.16397 1.6728
4.00266 1.89463
3.81517 1.43622
4.16008 1.97278
4.03027 2.17857
4.00644 2.48934
3.85713 2.74124
3.74055 3.14138
3.88694 2.97785
4.01238 2.87144
3.92922 3.1906
4.07719 3.18447
4.01313 3.49249
3.84904 3.51638
3.66415 3.60346
3.49359 3.39852
3.50047 3.74388
3.29505 3.75895
3.42604 4.01071
3.2463 4.16531
3.03732 4.03833
3.06837 4.46009
2.85317 4.33119
2.85332 4.08007
2.87353 3.87286
2.64442 4.60863
2.86643 4.71929
2.70621 4.96251
2.48977 5.03409
2.45772 4.70921
2.35241 4.88508
2.26472 5.18137
2.32868 5.55245
2.10528 5.53553
1.92517 5.52917
1.92438 5.79275
1.83413 5.74599
1.76683 5.9713
1.59063 6.08237
1.67234 6.3358
1.47614 6.46045
1.38901 6.13589
1.30729 6.51221
1.37235 6.81785
1.16702 6.67817
1.17339 6.30246
1.00283 6.48432
1.00092 6.17291
0.858288 6.27649
0.866736 5.99848
0.757576 6.07844
0.64857 5.98118
0.702672 6.25134
0.54705 6.02373
0.600842 6.27875
0.504054 6.18299
0.441635 5.98439
1.94667 7.77233
1.83475 7.67035
2.01219 7.598
1.83641 7.56316
1.87632 7.39011
1.74583 7.48807
1.74285 7.58852
1.62387 7.49353
1.68205 7.31767
1.50369 7.2943
1.57144 7.04648
1.38766 7.10508
1.33156 7.25341
1.19796 6.99452
1.15319 7.19099
1.03074 6.97363
1.00769 6.76619
0.856877 6.78621
0.849372 6.5312
0.700995 6.49959
0.681197 6.68331
0.578963 6.41535
0.817639 6.9092
0.963023 7.04067
1.04856 7.21518
1.18128 7.36649
1.46379 7.44001
1.31757 7.39887
1.58933 6.69947
1.73032 6.8302
1.78789 6.52282
1.89057 6.12043
1.97074 6.33557
1.94318 6.67431
2.14607 6.31145
2.12157 5.97633
2.32866 5.95725
2.15278 5.71743
2.03861 5.82779
2.49667 5.70853
2.64153 5.36324
2.67604 5.75346
2.89933 5.46776
2.87473 5.08622
3.08315 5.15474
3.04936 4.83377
3.22836 4.89809
3.30629 5.17238
3.14782 5.44132
3.32908 5.42724
3.24453 5.69534
3.02095 5.7129
3.07779 5.92113
2.88898 5.99098
2.85012 5.7705
2.7498 5.9445
2.7282 6.1338
2.78218 6.32415
2.62321 6.30639
2.59026 6.10234
2.49055 6.36959
2.53238 6.58589
2.35915 6.55226
2.36544 6.26935
2.17661 6.61153
2.26208 6.87198
2.03807 6.89806
1.82774 7.06986
2.04098 7.15915
2.06874 7.38608
2.24903 7.20582
2.2299 7.46076
2.22955 7.63826
2.13966 7.77377
2.361 7.74788
2.28377 7.91148
2.51614 7.87219
2.7007 7.81934
2.5936 7.70752
2.87407 7.68786
2.70631 7.51948
2.44696 7.54114
2.64118 7.3264
2.44528 7.28345
2.64573 7.1157
2.52136 6.95027
2.72961 6.63572
2.97855 6.43463
2.84952 6.83131
3.04582 6.6107
3.21756 6.39906
3.223 6.06688
3.33598 6.1805
3.45365 6.0197
3.44638 5.76768
3.63612 5.81233
3.65209 5.49133
3.8073 5.65619
3.90106 5.42052
3.79099 5.24345
3.97131 5.09685
3.75432 4.97129
3.6614 5.2161
3.59184 5.06842
3.56047 4.79685
3.7723 4.55178
3.56315 4.36861
3.72702 4.19225
3.90009 4.19638
3.97039 4.52792
4.03998 4.31606
4.04363 4.08186
3.95431 3.82634
4.13721 3.80809
4.14569 3.4483
4.287 3.55492
4.22542 3.19222
4.15173 2.93301
4.30342 2.81538
4.41445 3.21524
4.48806 2.84695
4.42569 2.50675
4.28912 2.41789
4.38276 2.28013
4.32458 2.04986
4.50169 2.18216
4.48085 1.81351
4.36724 1.72194
4.6229 1.60454
4.78608 1.37644
4.79541 1.82339
4.61623 1.92234
4.70771 2.21507
4.60475 2.5509
4.85766 2.65625
4.65411 2.93889
4.54457 3.08563
4.61977 3.33718
4.47698 3.6562
4.34749 3.97241
4.56222 4.03674
4.46561 4.44478
4.19369 4.25242
4.2384 4.58042
4.34941 4.85731
4.10121 4.78449
4.1034 4.5005
3.91386 4.79356
4.18341 5.06315
4.15119 5.35111
4.3581 5.17685
4.55407 5.05174
4.57706 4.79926
4.76733 4.92519
4.74766 4.6155
4.98645 4.72509
4.98233 5.03631
4.73291 5.19691
4.9136 5.39524
4.61659 5.44532
4.53227 5.265
4.38733 5.41389
4.41776 5.6559
4.2359 5.58154
4.19388 5.82546
4.01332 5.6753
3.96292 6.02534
3.80617 5.89497
3.76249 6.16275
3.61392 6.0807
3.55425 6.38605
3.42678 6.2543
3.34778 6.49483
3.1302 6.75905
3.38204 6.68482
3.2473 6.98249
3.00048 7.07381
2.94619 6.95176
2.8148 7.11336
2.84216 7.3075
3.04089 7.27608
2.8952 7.46655
3.05293 7.48306
3.08747 7.63285
3.22618 7.49404
3.24409 7.26348
3.41585 7.31211
3.5192 6.95008
3.42826 6.82262
3.56139 6.64519
3.73899 6.39712
3.73061 6.61809
3.92893 6.34208
3.85606 6.22771
4.12912 6.08759
4.15176 6.31078
3.89062 6.72589
4.19888 6.5206
4.07068 6.82457
3.8676 7.03365
3.65565 7.13612
3.75295 7.27405
3.53599 7.40766
3.36213 7.51219
3.44058 7.60031
3.24874 7.66459
3.37019 7.7306
3.24344 7.80892
3.08185 7.76226
3.11034 7.86723
3.27226 7.93709
3.01712 7.93529
2.97866 7.83562
2.85085 7.87568
2.87061 8.00078
3.79843 7.73347
4.04131 7.69942
3.97372 7.59873
4.23529 7.54533
4.14618 7.42412
4.37685 7.37499
4.36747 7.19887
4.52173 7.2418
4.61523 7.07345
4.56863 6.88937
4.30951 6.97132
4.51769 6.73215
4.43976 6.6133
4.2135 6.8449
4.27139 6.64019
4.42805 6.37078
4.35162 6.23706
4.5539 6.05844
4.69819 6.18826
4.72229 5.92
4.91249 5.76133
4.95257 6.00075
4.84629 6.34971
4.63445 6.50395
4.66024 6.63173
4.7547 6.65399
4.78922 6.8296
4.92449 6.52638
5.0196 6.66497
5.12228 6.36123
5.03404 6.26896
5.08351 6.03497
5.19354 6.08807
5.27134 5.8222
5.38044 5.89029
5.43952 5.61517
5.55961 5.59916
5.61701 5.32054
5.66364 5.41707
5.77157 5.22408
5.81204 4.98531
5.97841 4.89358
5.96952 4.68445
6.124 4.51907
6.07969 4.38079
6.25298 4.17484
6.17312 4.06684
6.03143 4.2921
6.09311 4.05412
5.97534 4.19659
5.89445 4.49123
5.80334 4.43171
5.74937 4.70841
5.68429 4.65553
5.63704 4.58133
5.75865 4.30272
5.9141 4.04756
5.77067 4.07155
5.63313 4.36437
5.61313 4.12054
5.77719 3.83395
5.6656 3.83714
5.54193 3.94988
5.6074 3.66428
5.76824 3.60997
5.74163 3.36113
5.90656 3.37435
5.90764 3.11564
6.04672 3.15069
6.05901 3.42627
5.8934 3.59902
5.91284 3.77651
6.0392 3.7161
6.09966 3.85101
6.18127 3.51707
6.29027 3.5918
6.31151 3.33825
6.24846 3.22929
6.18186 3.08991
6.32409 2.96683
6.23815 2.80689
6.13199 2.99016
6.06429 2.92649
6.11524 2.66302
6.28755 2.50901
6.17193 2.35044
5.96312 2.54792
5.93239 2.83889
5.78816 2.72989
5.73797 3.03929
5.53272 2.81943
5.7629 2.39217
5.51776 2.41277
5.41111 2.57606
5.35076 2.73524
5.29928 2.96312
5.2059 2.76036
5.28698 2.55715
5.16069 2.51823
5.23606 2.39228
5.34918 2.35261
5.24248 2.23583
5.1457 2.29044
5.18423 2.00265
5.31622 2.12899
5.39464 1.89811
5.28506 1.74576
5.41614 1.65491
5.58926 1.66641
5.51255 1.44551
5.33576 1.53223
5.41341 1.30375
5.62104 1.15977
5.71644 1.38158
5.84076 1.1366
5.77002 0.951759
5.59587 0.841311
5.93501 0.910823
5.46586 1.09206
5.37814 0.96421
5.30703 1.19586
5.19678 1.05573
5.11904 1.32734
5.04561 1.11319
4.95062 1.28288
4.89266 1.01339
5.08621 0.852262
4.93357 0.670793
5.07227 0.594486
5.21751 0.65286
5.14754 0.410641
4.97943 0.404137
5.38785 0.725777
5.25511 0.855034
4.96053 1.56367
5.15647 1.6429
4.99779 1.90001
4.89799 2.19555
5.0434 2.16295
5.02659 2.4178
5.06566 2.68961
5.072 3.09892
4.81961 3.17333
4.92119 3.47265
4.77101 3.51114
4.66136 3.73878
4.8261 3.778
4.73186 4.00669
4.72282 4.28403
4.88341 4.06789
4.96567 4.37087
5.05175 4.06343
5.01015 3.75443
5.04649 3.46227
5.17427 3.48181
5.19331 3.83266
5.3249 3.58668
5.39966 3.84148
5.20132 4.16296
5.39482 4.24377
5.18814 4.48805
5.23109 4.76182
5.31964 4.51775
5.45811 4.498
5.43974 4.80946
5.19789 5.11172
5.38293 5.15626
5.16651 5.43142
4.65794 5.7341
5.1617 5.71966
5.34362 5.42948
5.33876 5.60337
5.4541 5.44017
5.51549 5.21138
5.58829 4.88456
5.68623 4.98605
5.84414 4.74279
5.54205 4.57297
5.51213 3.3578
5.33163 3.3624
5.38722 3.14561
5.25415 3.21422
5.26088 1.40297
6.06424 1.13348
5.90722 1.33175
6.06703 1.46748
5.8311 1.58211
5.72108 1.79638
5.58256 1.94713
5.76804 2.02068
5.61189 2.18425
5.9403 2.11279
5.99409 2.30356
6.12095 2.11089
6.05557 1.92471
5.92361 1.92977
5.98528 1.8057
6.10881 1.71768
6.24789 1.86977
6.28725 1.57887
5.97218 1.67021
6.2587 1.29809
6.39696 1.4044
6.41438 1.20337
6.28151 1.00097
6.11036 0.839287
6.25565 0.754307
6.38211 0.803067
6.3166 0.719342
6.29404 0.635675
6.42154 0.606623
6.5007 0.802792
6.57223 0.735784
6.58207 0.940774
6.49584 0.938762
6.5415 1.13071
6.43152 1.01536
6.51631 1.36326
6.62043 1.30984
6.60453 1.54421
6.46669 1.56014
6.50316 1.718
6.39952 1.73279
6.43041 1.92991
6.28009 2.09735
6.38569 2.23325
6.54636 2.05657
6.59125 1.80839
6.70446 1.93818
6.71368 1.6671
6.73364 1.37359
6.80561 1.5932
6.76152 1.75467
6.82196 1.82634
6.80677 2.05232
6.71568 2.19781
6.6216 2.16453
6.61781 2.36863
6.51581 2.29073
6.48795 2.53122
6.41416 2.42629
6.36981 2.59815
6.39462 2.74359
6.4969 2.72208
6.43735 2.87144
6.40296 3.08953
6.52981 2.86494
6.53395 3.10137
6.41294 3.31509
6.49264 3.37072
6.40289 3.46895
6.38855 3.64536
6.26836 3.80726
6.18654 3.86929
6.30036 3.90792
6.39275 3.87327
6.3826 4.12157
6.25917 4.35645
6.3292 4.35174
6.19736 4.60852
6.36626 4.4386
6.2676 4.71981
6.07234 4.97754
5.8885 5.20558
5.95913 5.21774
5.85533 5.41744
5.71573 5.49551
5.72355 5.7307
5.54951 5.8107
5.55148 5.98588
5.39118 6.10742
5.26649 6.15532
5.25188 6.29594
5.20426 6.49262
5.32542 6.32252
5.34699 6.43651
5.47948 6.21813
5.48422 6.37127
5.36572 6.50981
5.25495 6.61819
5.38904 6.56902
5.25847 6.74929
5.08107 6.8176
5.13337 6.65886
4.9051 6.87884
4.89458 7.01
4.77622 7.00742
4.71444 7.16008
4.87716 7.12544
4.78891 7.25694
4.58428 7.32686
4.46205 7.45829
5.05215 7.00402
5.86091 6.13422
5.59209 6.44286
5.70392 6.19295
5.61862 6.18332
5.65402 5.99755
5.76087 5.89998
5.74914 5.8376
5.80433 5.80082
5.83026 5.69415
5.88794 5.5083
5.93731 5.53967
6.02643 5.32073
6.03548 5.45062
5.88739 5.69131
5.98798 5.65894
5.83441 5.84043
5.82269 5.82251
5.87402 5.91582
6.03825 5.72167
6.05418 5.85442
6.38238 5.36727
6.24956 5.52843
6.14584 5.66182
6.15177 5.53282
6.2718 5.3889
6.22854 5.32987
6.11356 5.44796
6.17932 5.26992
6.29256 5.1322
6.2832 5.02769
6.36828 4.95606
6.43454 4.78624
6.36791 4.84264
6.47507 4.64298
6.34116 4.77905
6.45805 4.47789
6.61055 4.35493
6.57367 4.5335
6.69625 4.26888
6.67665 4.4393
6.53694 4.63948
6.46961 4.80845
6.59965 4.62155
6.55723 4.75155
6.47844 4.8869
6.39325 4.99852
6.45842 5.0126
6.34693 5.19552
6.46156 5.15443
6.63251 4.75117
6.66945 4.57938
6.54692 4.87093
6.60337 4.85789
6.56096 4.98589
6.70208 4.46356
6.77395 4.20315
6.80063 4.04271
7.01225 3.30355
7.09164 3.06418
7.05015 2.96031
7.11569 2.73755
7.09731 2.60606
7.04303 2.71253
7.08776 2.37148
7.02289 2.5787
7.00121 2.77427
6.94833 2.8226
6.95934 2.55344
6.90124 2.76839
6.84796 3.03288
6.82777 2.85433
6.86845 2.5992
6.78226 2.70116
6.81665 2.43596
6.73031 2.59603
6.66341 2.82207
6.68567 2.61288
6.71736 2.43661
6.6016 2.61779
6.74949 2.93401
6.65005 3.18872
6.75811 3.11706
6.67086 3.41263
6.52986 3.57603
6.59407 3.72869
6.48163 3.85714
6.49998 4.01315
6.42476 4.23147
6.49677 4.20804
6.60685 4.13849
6.6131 3.92598
6.72681 3.84754
6.72692 3.58616
6.83841 3.5542
6.82364 3.30086
6.75866 3.28779
6.89913 3.08005
6.89715 3.24257
6.97443 2.9843
6.9453 3.25893
6.91426 3.47117
6.87772 3.68636
6.77416 3.98527
6.93437 3.52752
6.79296 2.25472
6.87392 2.17428
6.89044 1.94374
6.96147 2.05923
6.92079 2.3367
7.0227 2.25416
7.04481 1.91535
6.94696 1.76339
7.0307 1.64664
6.95439 1.4641
7.08748 1.57308
7.08461 1.78117
7.14481 1.7758
7.10579 2.02443
7.16105 2.09756
7.13163 2.36177
7.16032 2.26694
7.18461 1.87568
7.1987 2.18498
7.21108 2.02876
7.19374 2.25576
7.17121 2.40056
7.15149 2.45534
7.12749 2.65174
7.10881 2.89445
7.14547 2.70791
7.1713 2.45095
7.18517 2.55195
7.18054 2.33197
7.19381 2.23165
7.21048 2.09631
7.19156 2.19164
7.19997 2.46306
7.15629 2.74682
7.14135 2.9177
7.12483 2.98371
7.12609 2.91958
7.08747 3.06021
7.06347 3.12502
7.11901 3.07129
7.12747 3.00658
7.12222 2.48483
6.88845 1.58917
6.87195 1.71382
6.86291 1.42106
6.80692 1.40926
6.82416 1.25675
6.758 1.09025
6.66196 1.12505
6.67264 0.903353
6.75767 0.859399
6.6538 0.674276
6.58815 0.444757
6.65336 0.391648
6.51467 0.517282
6.37635 0.404616
6.84291 1.04437
6.89992 1.23169
6.88211 1.80979
6.18895 5.02483
6.29877 4.92814
6.14493 5.22319
6.03569 5.16924
5.9447 5.32242
5.86386 1.79618
5.45585 2.15365
5.96585 4.52785
4.36262 5.97643
4.01289 7.1016
4.08911 7.27591
3.86963 7.34817
3.9028 7.4813
3.66884 7.50894
3.74078 7.64178
3.53471 7.69078
3.6087 7.75453
3.42767 7.80788
4.30814 1.53794
4.26468 1.78768
4.16095 2.28182
4.15327 2.62723
3.78485 3.88013
3.59931 3.98675
3.49988 4.15715
3.39418 4.29224
3.36796 4.62542
3.25131 4.44092
3.19039 4.6566
3.38667 4.91398
3.47064 5.05153
3.49636 5.28438
3.43792 5.53283
2.9935 6.1479
2.49357 5.95259
0.866454 5.71639
1.01005 5.83203
1.12804 5.98343
1.26242 5.94795
5.5029 -0.408256
5.25167 -0.512421
1.21057 4.26206
1.29518 4.08605
1.05338 2.46221
1.51991 -1.11336
1.01483 -0.470585
0.217569 -0.0843111
-0.152934 0.922571
-0.704498 2.3754
-0.684277 2.26951
-0.647892 2.3605
-0.585182 2.32373
-0.605842 2.5072
-0.640203 2.60344
-0.574663 2.66907
-0.494013 2.50861
-0.493231 2.70948
-0.511041 2.84777
-0.543174 2.98616
-0.39915 3.1067
-0.485205 3.25474
-0.608548 3.22534
-0.483523 3.49293
-0.385924 3.51112
-0.313399 3.7829
-0.298758 3.60837
-0.33952 3.40501
-0.240286 3.58557
-0.248508 3.3539
-0.132702 3.58755
-0.13931 3.79417
-0.219169 3.7443
-0.161392 3.94667
-0.201179 4.11761
-0.233004 4.36091
-0.172841 4.642
-0.0970497 4.55452
-0.122296 4.34282
-0.012291 4.45448
-0.073719 4.1963
0.0830116 4.26384
-0.0659981 4.01625
-0.00302887 3.84949
0.177111 3.96176
0.0789614 3.70613
-0.0345507 3.59381
-0.115801 3.33682
0.0396023 3.4765
-0.0103397 3.17672
-0.159814 3.07659
-0.153354 2.87993
-0.0251179 2.85094
-0.167765 2.60354
-0.269206 2.67849
-0.276534 2.44273
-0.371762 2.48492
-0.349921 2.21345
-0.439125 2.30956
-0.458064 2.0936
-0.29349 2.02499
-0.214996 2.27105
-0.498501 2.27254
-0.550883 2.15345
-0.39065 2.79273
-0.243962 2.90018
-0.261222 3.09369
-0.036952 2.52364
0.107316 2.61683
0.104413 2.81098
0.145485 3.10268
0.236207 2.96685
0.203881 2.78423
0.363477 3.20891
0.259377 3.38257
0.131205 3.2683
0.125964 3.39472
0.21879 3.64625
0.40697 3.61143
0.42569 3.98167
0.308625 4.30159
0.480654 4.34091
0.443237 4.56371
0.269768 4.66565
0.106709 4.60434
0.165273 4.87623
0.0306215 4.7175
0.0645666 4.98375
-0.0534019 4.78419
-0.0415773 4.97377
0.0410824 5.13498
0.155168 5.24408
0.210062 5.13098
0.350571 5.09804
0.485108 4.87832
0.682562 4.60402
0.593989 4.22692
0.626662 3.99821
0.572487 3.75303
0.401931 3.42197
-0.752087 2.63581
1.32211 -1.02394
1.49779 -1.05672
3.03723 -1.31268
6.09048 0.176155
