4.10295 -4.5887
4.28593 -4.15743
4.17455 -4.3743
4.07605 -4.55336
3.95751 -4.7139
-3.95338 -3.75187
-3.91789 -3.88602
-3.90343 -3.79876
-3.86678 -4.04542
-3.84712 -4.20806
-3.78665 -4.29919
-3.76892 -4.45381
-3.71215 -4.47782
-3.68271 -4.62147
-3.69318 -4.65409
-3.7773 -4.50517
-3.53697 -4.8214
-3.61312 -4.77155
-3.61355 -4.70784
-3.65871 -4.58335
-3.57248 -4.69051
-3.64281 -4.53697
-3.7125 -4.39117
-3.64713 -4.39487
-3.72427 -4.18112
-3.79722 -4.16008
-3.80155 -4.02077
-3.84978 -3.92981
-3.81539 -3.78924
-3.88282 -3.71467
-3.9174 -3.6402
-3.96082 -3.63762
-3.93348 -3.51946
-3.90574 -3.55485
-3.88963 -3.34632
-2.15064 2.3771
-1.95089 2.63393
-1.95147 2.46861
-2.16256 2.11893
-1.90342 2.376
-1.89013 2.23694
-2.03229 2.02902
-2.20478 1.8398
-2.33953 1.8269
-2.37687 1.90717
-2.46408 1.75767
-2.51056 1.82661
-2.6076 1.58767
-2.46502 1.62201
-2.58809 1.42524
-2.44788 1.42456
-2.60567 1.22238
-2.68327 1.26175
-2.7155 1.35806
-2.81787 1.1339
-2.73003 1.097
-2.84198 0.969687
-2.79868 0.896197
-2.67415 1.00076
-2.75245 0.817182
-2.66438 0.854345
-2.74543 0.654806
-2.87698 0.614063
-2.84002 0.366554
-2.95359 0.320864
-2.99704 0.428964
-2.98289 0.573982
-3.10608 0.358869
-3.05306 0.2393
-3.16947 0.0133317
-3.22411 0.105266
-3.27646 -0.0926006
-3.28966 -0.319957
-3.35762 -0.265782
-3.3256 -0.0185784
-3.40781 -0.196311
-3.43794 -0.408225
-3.48121 -0.374988
-3.43945 -0.192667
-3.38994 0.0451944
-3.47288 -0.143857
-3.49983 -0.316073
-3.56158 -0.379953
-3.54871 -0.525601
-3.62502 -0.697381
-3.60123 -0.432875
-3.55071 -0.228311
-3.60587 -0.315746
-3.64486 -0.582363
-3.65597 -0.435854
-3.69601 -0.700106
-3.71098 -0.551557
-3.75443 -0.777154
-3.74466 -0.946037
-3.78207 -1.10219
-3.75234 -0.560727
-3.68924 -0.343901
-3.82675 -1.54942
-3.76672 -1.23289
-3.78967 -1.52284
-3.80114 -1.85718
-3.87127 -2.13384
-3.85177 -2.52754
-3.84463 -2.70108
-3.80383 -2.5386
-3.79332 -2.72222
-3.88685 -2.9371
-3.82841 -3.09608
-3.88825 -3.14057
-3.9317 -3.15859
-3.82228 -3.35964
-3.76605 -3.23378
-3.73286 -2.88609
-3.6627 -3.07043
-3.71116 -3.43106
-3.62365 -3.33448
-3.56276 -3.09537
-3.55156 -3.42309
-3.64129 -3.64025
-3.57079 -3.66319
-3.51015 -3.69392
-3.58023 -3.88711
-3.52163 -3.88931
-3.45936 -3.89857
-3.5156 -4.06422
-3.42881 -4.13655
-3.48334 -4.28069
-3.58797 -4.2425
-3.46104 -4.51271
-3.38121 -4.37555
-3.31848 -4.59029
-3.27261 -4.44812
-3.1848 -4.61855
-3.19035 -4.48115
-3.10827 -4.48163
-3.09038 -4.65658
-3.07774 -4.79051
-2.9966 -4.67179
-2.9074 -4.84291
-2.84934 -4.6807
-2.73126 -4.86381
-2.68686 -4.68703
-2.5863 -4.85534
-2.50863 -4.71827
-2.43314 -4.90604
-2.56212 -5.04337
-2.3409 -5.04453
-2.39022 -5.11865
-2.41289 -5.18773
-2.23496 -5.1646
-2.23609 -5.28123
2.78764 -5.26907
2.66967 -5.21064
2.42751 -5.30699
2.43907 -5.21808
2.6278 -5.10822
2.43242 -5.12873
2.54547 -4.99807
2.29617 -5.095
2.24613 -5.21479
2.07953 -5.18413
1.9895 -5.31564
1.74583 -5.24145
1.92419 -5.1674
1.77703 -5.08511
2.10558 -5.03833
2.01977 -4.83435
1.66101 -4.90631
1.46303 -5.08493
1.32636 -4.90566
1.23246 -5.09662
1.27909 -5.21418
1.51167 -5.23259
1.42459 -5.34561
1.59712 -5.31736
1.97197 -5.42534
2.21597 -5.31542
0.784718 -5.31913
0.567511 -5.38096
0.620656 -5.21321
0.357417 -5.25405
0.31994 -5.39064
0.111256 -5.10001
-0.0822887 -5.16538
-0.195736 -5.2238
-0.293855 -5.06003
-0.430946 -5.21997
-0.575001 -5.11847
-0.706334 -5.23969
-0.797252 -5.06988
-0.599157 -4.9846
-0.805493 -4.87872
-0.469839 -4.75603
-0.821896 -4.66602
-0.690814 -4.34397
-1.03651 -4.54013
-1.03539 -4.78398
-1.24423 -4.71242
-1.18991 -4.89238
-1.37001 -4.8992
-1.20683 -5.05602
-1.01974 -4.9822
-0.984461 -5.15882
-1.18338 -5.2414
-0.922056 -5.31804
-1.06635 -5.38708
-1.27626 -5.34334
-1.90774 -5.17902
-2.0561 -5.1477
-2.11757 -5.02328
-2.27639 -4.9375
-2.1649 -4.88354
-2.01022 -4.87158
-1.88888 -4.97465
-1.95271 -5.09174
-1.78427 -5.09107
-1.63312 -4.92524
-1.831 -4.80456
-1.68052 -4.69816
-1.47576 -4.66097
-1.6369 -4.5039
-1.83925 -4.59616
-1.78278 -4.37474
-1.99815 -4.42102
-1.89092 -4.2518
-2.03531 -4.15673
-2.23359 -4.32337
-2.17957 -4.58064
-2.39566 -4.52968
-2.30063 -4.77033
-2.10558 -4.75371
-2.01416 -4.62508
-1.95765 -4.7366
-2.61256 -4.47784
-2.48711 -4.21378
-2.71623 -4.16796
-2.81292 -4.43923
-2.87355 -4.17755
-2.94518 -4.29031
-2.96327 -4.48586
-3.049 -4.26303
-3.15241 -4.22989
-3.21776 -4.32421
-3.24217 -4.02075
-3.32626 -4.21585
-3.36762 -3.93826
-3.30813 -3.69379
-3.18646 -3.71812
-3.12272 -4.01297
-3.0814 -3.80168
-2.99319 -4.02221
-2.98189 -3.65757
-2.85552 -3.91262
-2.82154 -3.58123
-2.92577 -3.28329
-2.74598 -3.26282
-2.81288 -2.95231
-2.96514 -2.96284
-3.05428 -3.17324
-3.07886 -2.97195
-3.02146 -2.77151
-3.17002 -2.80676
-3.15957 -3.15226
-3.2562 -3.11862
-3.31766 -2.98481
-3.3467 -3.34623
-3.46266 -3.09528
-3.45938 -3.44036
-3.41245 -3.66434
-3.25167 -3.49199
-3.24419 -3.30357
-3.16613 -3.41939
-3.10263 -3.5984
-3.06105 -3.40016
-3.11143 -3.28366
-3.37876 -2.79432
-3.46324 -2.79986
-3.41887 -2.57065
-3.48703 -2.65525
-3.50347 -2.88313
-3.56115 -2.77517
-3.52615 -2.55565
-3.58604 -2.45619
-3.64503 -2.72369
-3.7018 -2.43977
-3.76749 -2.38383
-3.71835 -2.0704
-3.76049 -2.18837
-3.80211 -2.26741
-3.76045 -1.98047
-3.74939 -1.61999
-3.73288 -1.79041
-3.70754 -1.5465
-3.70318 -1.25325
-3.75364 -1.32007
-3.70422 -0.960202
-3.67838 -0.97556
-3.63627 -1.00542
-3.5935 -0.771321
-3.58889 -1.00191
-3.65001 -1.33676
-3.59088 -1.27105
-3.61679 -1.56716
-3.6788 -1.70303
-3.64605 -1.8918
-3.6558 -2.134
-3.597 -2.13393
-3.56024 -1.75765
-3.51544 -2.04926
-3.45068 -1.76544
-3.4893 -1.47315
-3.55424 -1.45056
-3.50441 -1.18306
-3.40072 -1.1955
-3.41847 -0.889921
-3.50231 -0.89934
-3.55412 -1.08893
-3.51466 -0.647511
-3.41034 -0.577059
-3.32694 -0.615194
-3.26467 -0.449425
-3.17282 -0.284654
-3.24511 -0.589286
-3.13073 -0.514446
-3.03468 -0.219645
-3.03838 0.0533049
-2.91298 0.0616771
-2.93583 0.20115
-2.81293 0.190407
-2.73159 0.329388
-2.71919 0.521005
-2.63856 0.526036
-2.59369 0.351908
-2.52608 0.701888
-2.63498 0.720366
-2.52814 1.03558
-2.34885 0.962634
-2.3219 1.31686
-2.27536 1.60095
-2.34507 1.67029
-2.17223 1.71914
-2.14042 1.57358
-2.07333 1.83252
-1.94507 1.79875
-1.95038 1.9805
-1.91435 2.09499
-1.80572 2.08821
-1.65132 2.39333
-1.76128 2.44502
-1.6253 2.60641
-1.77312 2.56883
-1.62208 2.75834
-1.78756 2.6952
-1.6369 2.88064
-1.79802 2.8165
-1.24533 3.16864
-1.4306 2.95036
-1.21748 3.05094
-1.28789 2.92366
-1.10508 3.00893
-1.06601 2.8805
-0.863997 3.04079
-0.97953 3.14815
-0.565611 3.22677
-0.852603 3.31001
2.2041 3.45113
1.95645 3.48911
1.6552 3.51529
1.39589 3.60689
1.32289 3.48914
1.59801 3.35816
1.34615 3.31784
1.13585 3.39193
0.969997 3.49716
0.88643 3.34905
1.11073 3.21778
0.856448 3.18964
0.965617 3.05268
0.709024 3.01069
0.901653 2.8002
0.544847 2.68923
0.804816 2.47102
1.13488 2.52692
0.876706 2.0347
0.524417 2.24428
0.579227 1.94779
0.624059 1.65819
0.380783 1.77372
0.354219 1.4119
0.614346 1.2753
0.867735 1.49381
0.800086 1.04573
1.11997 1.20407
1.13875 1.7051
1.27463 2.1467
1.38368 1.80445
1.32115 1.48857
1.53215 1.55725
1.46596 1.14419
1.77844 1.34239
1.75369 0.931338
1.54847 0.746558
1.26302 0.711019
1.53333 0.385145
1.774 0.548872
1.78637 0.210374
2.04831 0.290175
1.98622 -0.0826218
1.63169 -0.0696941
1.93315 -0.445605
1.59843 -0.488227
1.87629 -0.844613
2.19424 -0.761408
2.13055 -0.990988
2.02913 -1.23399
1.72464 -1.13081
1.78686 -1.47681
1.42002 -1.25644
1.49991 -0.844861
1.09369 -0.851404
1.02873 -1.30632
1.28402 -1.56144
1.06513 -1.70947
1.39093 -1.91834
1.09484 -2.05902
1.31393 -2.24928
1.11727 -2.33225
1.30647 -2.61898
0.999123 -2.50168
0.88765 -2.25653
0.716797 -2.59138
0.988668 -2.73748
0.803502 -3.07368
1.14169 -2.93841
1.1418 -3.18658
0.986691 -3.43344
0.669092 -3.50161
0.863325 -3.75354
0.567925 -3.87417
0.403866 -3.58633
0.224175 -3.83772
0.155893 -3.41691
-0.11964 -3.78751
0.0435619 -4.10108
-0.272168 -4.16619
0.0535355 -4.43594
-0.300322 -4.48629
-0.592272 -3.78914
-0.893096 -4.03829
-1.08351 -4.24709
-1.07833 -4.01715
-1.01531 -3.76384
-1.19468 -3.91832
-1.21666 -4.07925
-1.3745 -3.96229
-1.28653 -3.86332
-1.3731 -3.7653
-1.50064 -3.82181
-1.59305 -3.55735
-1.6418 -3.87624
-1.52163 -3.9324
-1.56327 -4.06906
-1.74339 -4.03851
-1.68031 -4.15286
-1.7584 -4.1972
-1.87321 -4.09813
-1.92072 -3.8265
-2.26075 -3.9833
-2.21216 -3.61885
-2.36086 -3.77959
-2.42637 -3.58244
-2.50094 -3.87785
-2.58069 -3.62941
-2.69564 -3.82963
-2.68646 -3.52426
-2.54882 -3.28805
-2.63805 -2.93117
-2.4086 -2.81527
-2.55741 -2.61026
-2.405 -2.31435
-2.59421 -2.34371
-2.70634 -2.63979
-2.73651 -2.34831
-2.87535 -2.63913
-2.8546 -2.31216
-3.00613 -2.47746
-2.9169 -2.04383
-3.05499 -2.25336
-3.12522 -2.47639
-3.16394 -2.2649
-3.22444 -2.53496
-3.25853 -2.32633
-3.31724 -2.54566
-3.36258 -2.25406
-3.22144 -1.97451
-3.35854 -1.90238
-3.42064 -2.06594
-3.48591 -2.35416
-3.53226 -2.24321
-3.36016 -1.6158
-3.40903 -1.48572
-3.33778 -1.35573
-3.30062 -1.09476
-3.32463 -0.868052
-3.22002 -0.822449
-3.21148 -1.06875
-3.25807 -1.25793
-3.19841 -1.29354
-3.27734 -1.46045
-3.21267 -1.51042
-3.26847 -1.69531
-3.19399 -1.6596
-3.13506 -1.41158
-3.10876 -1.66203
-2.99705 -1.28307
-3.10281 -1.03966
-2.97963 -0.927729
-2.9985 -0.709456
-3.10911 -0.737092
-3.16268 -0.912673
-3.01596 -0.458995
-2.87846 -0.422317
-2.92498 -0.201244
-2.7739 0.00799994
-2.71308 -0.302637
-2.59385 0.0261338
-2.46927 0.281098
-2.39978 0.593831
-2.32244 0.385076
-2.42142 0.067623
-2.19767 0.175744
-2.36277 -0.184689
-2.19013 -0.155768
-2.30826 -0.365059
-2.21402 -0.347131
-2.26795 -0.569304
-2.47259 -0.566597
-2.41649 -0.825518
-2.53608 -0.912343
-2.63754 -0.862183
-2.64619 -1.19093
-2.73429 -1.08714
-2.76101 -0.867833
-2.84657 -1.16523
-2.88187 -0.924778
-2.90499 -1.48744
-3.00911 -1.63862
-2.95121 -1.76974
-2.84731 -1.67528
-2.78547 -1.36009
-2.72462 -1.54181
-2.78479 -1.81056
-2.74062 -2.02341
-2.68443 -1.72645
-2.56829 -1.77154
-2.5943 -1.45735
-2.49211 -1.12122
-2.43159 -1.3767
-2.29218 -0.964156
-2.2246 -1.28173
-2.37454 -1.66156
-2.49167 -2.02083
-2.63015 -2.106
-2.32825 -1.92444
-2.13369 -1.605
-2.17787 -2.04031
-2.19992 -2.45614
-1.98122 -2.19514
-1.93202 -1.80174
-1.67167 -2.00321
-1.70592 -1.62908
-1.82757 -1.41859
-1.94921 -1.139
-2.08519 -0.953976
-1.8553 -0.766367
-2.05136 -0.620631
-2.06218 -0.297365
-1.93075 -0.366576
-1.77354 -0.119791
-1.93872 0.0951548
-1.71991 0.134854
-1.63491 0.436368
-1.93365 0.514443
-2.14628 0.542982
-2.00716 0.751304
-2.11224 0.79942
-2.24708 0.682976
-2.16793 0.999891
-2.29328 0.807545
-2.19528 1.25987
-1.99087 1.43062
-1.95683 1.0642
-1.76784 1.44582
-1.75607 1.17866
-1.83504 0.885336
-1.60001 1.08734
-1.68906 0.761323
-1.37132 0.894517
-1.30586 1.38592
-1.57174 1.43319
-1.36696 1.75747
-1.56646 1.72478
-1.38228 2.12633
-1.72304 1.83969
-1.59006 2.1946
-1.41709 2.46514
-1.48896 2.61596
-1.28896 2.7585
-1.084 2.58285
-0.865067 2.86789
-0.716818 2.73841
-0.609999 2.99583
-0.395192 2.86601
-0.2859 3.09589
-0.096899 3.27857
-0.27383 3.42486
-0.571475 3.37273
0.34662 3.60603
0.70271 3.59673
0.409451 3.51334
0.636643 3.44162
1.10622 3.62069
0.261495 3.3761
0.0976505 3.50753
0.000705719 3.40885
0.177073 3.1767
0.564983 3.23713
0.372264 2.98807
-0.0258732 2.94155
0.219688 2.75679
-0.0378628 2.62652
0.21924 2.45668
-0.112731 2.31131
-0.284379 2.49698
-0.501814 2.18355
-0.208458 2.01847
0.150187 2.0258
-0.14199 1.7742
-0.416666 1.79693
-0.30151 1.45245
-0.609145 1.55502
-0.68486 1.82182
-0.925536 1.5563
-0.661014 1.15481
-1.06707 1.17825
-1.01112 0.868129
-1.22158 0.526959
-0.699522 0.568033
-1.07982 0.224087
-0.759824 0.16049
-1.00031 -0.0744218
-0.664386 -0.130235
-0.946109 -0.456038
-0.555099 -0.445854
-0.733333 -0.715367
-1.04071 -0.885312
-1.36097 -0.711274
-1.33734 -1.03736
-1.17467 -1.07463
-1.26701 -1.21932
-1.04704 -1.19432
-1.23531 -1.49076
-1.5152 -1.34565
-1.50607 -1.65111
-1.34191 -1.86106
-1.38831 -2.23466
-1.60367 -2.38021
-1.81237 -2.39393
-1.68736 -2.64733
-1.86102 -2.65998
-2.00523 -2.55681
-1.96193 -2.84021
-2.15034 -2.85625
-1.95789 -3.25172
-2.29478 -3.24003
-1.79616 -2.90639
-1.67079 -3.16132
-1.38081 -3.17386
-1.59456 -2.90999
-1.40863 -2.67467
-1.03517 -2.92371
-1.10936 -2.46129
-1.11851 -2.07987
-0.807178 -2.21297
-0.838786 -2.62746
-0.612119 -2.52145
-0.688888 -2.71495
-0.754251 -2.86791
-0.659892 -3.20727
-0.538555 -2.79026
-0.233466 -2.88309
-0.302504 -2.47301
-0.0842133 -2.56562
0.0547132 -2.22905
-0.245439 -2.01549
-0.493836 -2.24128
-0.531043 -1.9718
-0.369073 -1.80471
-0.217105 -1.70626
-0.382927 -1.61063
-0.524522 -1.72844
-0.505404 -1.58306
-0.509164 -1.40532
-0.213583 -1.43222
-0.326184 -1.09738
-0.701972 -1.0708
-0.850627 -1.47291
-0.629119 -1.59825
-0.764576 -1.81426
-0.945621 -1.96717
-1.05441 -1.77318
-0.44428 -0.764112
-0.173369 -0.818322
-0.226645 -0.476333
-0.388708 -0.201689
-0.169768 -0.157769
-0.356803 0.140351
0.0605745 0.0341505
-0.0745974 0.275753
-0.19224 0.507877
-0.299973 0.887644
-0.318869 1.16427
-0.00279522 1.17932
0.0781479 1.60003
0.37678 1.02161
0.0745945 0.777304
0.353793 0.69811
0.180514 0.409491
0.521692 0.505382
0.485478 0.0977373
0.727903 0.36428
0.871982 0.084785
0.700688 -0.124812
0.873521 -0.19789
0.752203 -0.329799
0.541125 -0.282329
0.705786 -0.613623
0.338769 -0.539004
0.492214 -0.877784
0.776649 -1.01887
0.561908 -1.25238
0.787794 -1.26459
0.785596 -1.52269
0.464641 -1.74038
0.294347 -1.36131
0.0630112 -1.6854
0.237485 -1.94408
0.33843 -2.15083
0.233705 -2.37368
0.116444 -2.64913
0.398646 -2.47718
0.377118 -2.93876
0.602126 -2.18062
0.815075 -1.90668
0.0340595 -3.05868
0.468109 -3.30349
-0.240222 -3.36747
0.0381184 -1.11522
0.329268 -1.07609
0.250457 -0.846212
0.0497055 -0.678463
0.0582457 -0.328902
0.292965 -0.199592
0.962177 -0.446085
1.27046 -0.504363
1.0962 -0.183711
1.36784 -0.217045
1.24506 0.168565
0.980052 0.471659
0.98945 0.822511
0.771883 0.669986
0.580522 0.82336
0.604424 1.0354
-0.827726 -3.54613
-1.0335 -3.37565
-1.27155 -3.57598
-1.2237 -3.78303
-1.64132 -1.04478
-1.65445 -0.790068
-1.59208 -0.52532
-1.78442 -0.929352
-1.80145 -0.428822
-1.55703 -0.185064
-1.61607 -0.0562173
-1.49312 0.123196
-1.28819 -0.0330959
-1.29188 -0.318325
-1.14797 1.76034
-0.908021 2.00346
-1.16372 2.03646
-1.01326 2.19598
-1.10318 2.28685
-0.838787 2.38498
-0.500187 2.5827
0.422355 2.00566
-0.249842 2.72166
-0.0518866 3.14651
-1.46407 2.78706
-3.06254 -1.95492
-2.80072 -0.626352
-2.90881 -0.713515
-2.65945 -0.57478
-2.54357 -0.254173
-3.28604 -2.74034
-2.61144 -4.03682
-1.60524 -4.28786
-1.37092 -4.22744
-1.47277 -4.43232
-1.28308 -4.46902
-0.1029 -4.68148
0.291993 -4.79657
-0.0904179 -4.88731
0.424349 -5.08198
0.700189 -4.97969
0.644449 -4.71323
0.471848 -4.64622
0.351894 -4.52612
0.566078 -4.48858
0.360356 -4.22315
0.742942 -4.22784
0.794692 -3.9757
1.04204 -4.03594
1.17562 -3.70389
1.41456 -3.95935
1.24383 -4.19104
1.08542 -4.39785
1.42735 -4.32121
1.34086 -4.625
0.99307 -4.75509
0.808182 -4.52889
1.55918 -4.74754
1.64507 -4.5172
1.81978 -4.68606
1.89337 -4.45261
1.81164 -4.13483
1.7209 -3.63814
2.14478 -3.69492
1.89311 -3.25009
1.67751 -3.35695
1.53987 -3.42694
1.47978 -3.11661
1.30048 -3.41199
1.44056 -3.62741
1.75 -2.8028
1.66487 -2.33796
1.98819 -2.59881
2.09425 -2.28621
1.80036 -1.899
1.53301 -1.62297
1.99918 -1.67818
2.16054 -1.92559
2.25018 -1.55966
2.49702 -1.92246
2.3378 -2.15781
2.42553 -2.40697
2.52802 -2.21395
2.69015 -2.40278
2.69807 -2.14412
2.84524 -1.89024
2.64451 -1.50091
2.92015 -1.55459
3.11894 -1.73412
3.06921 -2.07452
3.28056 -2.09815
3.12929 -2.36324
2.9051 -2.2602
2.9516 -2.66509
2.61112 -2.69683
2.79133 -3.01587
2.47111 -3.04342
2.69661 -3.34253
2.89207 -3.27963
2.84296 -3.4915
2.70007 -3.63714
2.60204 -3.53978
2.48351 -3.7595
2.45742 -3.43715
2.30208 -3.96888
2.12346 -4.07568
2.25149 -4.21884
2.43191 -4.05496
2.43401 -4.31185
2.12264 -4.5095
2.04821 -4.29923
2.37054 -4.62433
2.27835 -4.86583
2.53911 -4.7892
2.35279 -4.96547
2.76109 -4.83922
2.80462 -4.63359
2.66727 -4.49657
2.87297 -4.42213
2.87482 -4.197
2.66233 -4.25006
2.53319 -4.43791
2.6348 -3.97338
2.80845 -4.01028
2.84154 -3.74035
2.97859 -3.84877
3.00467 -3.48482
3.17103 -3.633
3.16199 -3.32904
3.04241 -3.09902
3.23851 -3.09132
3.16526 -2.85508
3.19205 -2.6266
3.35066 -2.80247
3.30602 -2.44975
3.43543 -2.52723
3.42158 -2.29738
3.49633 -2.02139
3.35108 -1.72687
3.50904 -1.65257
3.65088 -1.81234
3.65545 -2.13868
3.74557 -1.98466
3.78354 -2.21486
3.85088 -1.9553
3.90714 -2.18461
3.83501 -2.3359
3.78161 -2.49817
3.89145 -2.43793
3.88042 -2.7012
3.7373 -2.79504
3.8231 -2.91987
3.7388 -3.04845
3.84957 -3.14889
3.71539 -3.38864
3.8398 -3.39495
3.7993 -3.65831
3.67048 -3.72585
3.70449 -3.95263
3.85167 -3.93402
3.72631 -4.2118
3.86143 -4.15361
3.78893 -4.38957
3.62839 -4.42827
3.57334 -4.33615
3.4637 -4.53735
3.60375 -4.59985
3.40708 -4.77519
3.72598 -4.60588
3.85302 -4.52083
3.96066 -4.33957
3.99186 -4.44646
4.07202 -4.29018
4.1224 -4.32946
4.19612 -4.10307
4.23043 -4.16169
4.28651 -3.96393
4.33124 -3.96044
4.36292 -3.76356
4.38571 -3.79763
4.38594 -3.80344
4.42336 -3.63312
4.44909 -3.61192
4.44195 -3.68053
4.4282 -3.74562
4.44734 -3.73643
4.46502 -3.63685
4.50863 -3.4811
4.5179 -3.55584
4.74353 -2.6946
4.6799 -2.77623
4.5591 -3.18784
4.55246 -3.30248
4.49503 -3.40189
4.51495 -3.2228
4.44441 -3.42724
4.30732 -3.76286
4.37324 -3.40286
4.46351 -3.1589
4.51539 -3.08736
4.50034 -2.84292
4.4168 -3.03864
4.44449 -2.69721
4.50756 -2.52601
4.45287 -2.31173
4.55824 -2.22177
4.48273 -1.94553
4.38409 -2.00103
4.33348 -2.25268
4.37506 -2.55445
4.26699 -2.59506
4.34983 -2.90356
4.21301 -2.94585
4.1415 -2.7174
4.09878 -2.9581
4.01942 -2.78409
3.99133 -3.0967
4.10608 -3.24229
3.99553 -3.32994
3.92311 -3.29159
3.91313 -2.92662
3.92166 -3.48642
4.01771 -3.52513
3.91733 -3.68673
3.99152 -3.78138
3.94964 -3.99766
4.0569 -3.89294
3.97205 -4.14734
4.09981 -3.99435
4.08696 -4.15177
4.19919 -3.92838
4.2665 -3.68152
4.17575 -3.77429
4.26373 -3.48991
4.13283 -3.5744
4.23821 -3.23595
4.34694 -3.21937
3.97508 -2.55978
4.0718 -2.52727
3.98776 -2.34354
4.02543 -2.08558
3.96916 -1.8983
4.07181 -1.83029
4.12678 -2.00358
4.11026 -2.26175
4.17481 -2.10484
4.21761 -2.28605
4.25125 -2.02143
4.32358 -2.00556
4.31315 -1.7697
4.19064 -1.79038
4.1815 -1.97375
4.23577 -1.43469
4.11559 -1.55747
4.01804 -1.67176
4.01658 -1.42756
3.91195 -1.65344
3.90253 -1.30268
3.82619 -1.52665
3.77404 -1.31459
3.72868 -1.55509
3.7862 -1.75877
3.61642 -1.4975
3.6843 -1.33972
3.58799 -1.20929
3.49728 -1.33649
3.46667 -0.991818
3.36109 -1.1509
3.32342 -0.793561
3.20022 -0.93368
3.20253 -0.609958
3.05073 -0.62973
3.07521 -0.882822
3.07488 -1.11218
2.92092 -0.864092
2.86876 -1.23177
3.05713 -1.39983
3.23705 -1.36268
3.4004 -1.45456
2.69442 -0.978173
2.66394 -1.20703
2.39643 -1.1247
2.01581 -1.49274
2.49339 -0.744746
2.28072 -0.405404
2.59343 -0.475713
2.72435 -0.718171
2.83254 -0.528225
2.92382 -0.283932
2.68659 -0.213689
2.80136 0.00503069
2.63853 0.0418153
2.48013 -0.00665057
2.46655 -0.234207
2.26019 -0.0421984
2.31691 0.223722
2.22695 0.471278
2.04541 0.725085
2.3741 0.699447
2.22888 1.04842
1.97008 1.07963
2.07184 1.34084
1.96626 1.61076
1.73044 1.70864
1.88979 1.91777
1.68378 1.95004
1.55954 1.82221
1.52197 2.05719
1.7469 2.1852
1.53432 2.36515
1.35483 2.45247
1.4879 2.72326
1.20168 2.94626
1.44077 3.01241
1.33218 3.1523
1.53287 3.18654
1.64394 2.99863
1.8026 3.17161
1.87823 3.3667
2.07459 3.21203
2.03762 3.0134
1.83945 2.97871
1.96255 2.81034
1.75322 2.82359
1.83958 2.54227
2.05472 2.65526
2.1613 2.45534
2.02925 2.18166
2.34663 2.11628
2.18061 1.79579
2.52252 1.75491
2.34041 1.41675
2.60577 1.40353
2.57711 1.02801
2.81402 1.27884
2.84019 0.955594
2.77546 0.666382
2.58034 0.719424
2.59438 0.464891
2.40019 0.418159
2.51678 0.224053
2.68321 0.207912
2.84266 0.283378
2.98376 -0.0251382
3.02509 0.178383
2.99128 0.435476
2.98844 0.73628
3.14038 0.488687
3.13823 0.212497
3.25828 0.222311
3.24671 -0.0124324
3.37287 -0.0721114
3.29426 -0.373081
3.14015 -0.0527785
3.10912 -0.32483
3.48437 -0.450384
3.41018 -0.679193
3.50346 -0.771374
3.56926 -0.962996
3.6005 -0.751897
3.67864 -1.06584
3.7196 -0.794385
3.66071 -0.453487
3.53286 -0.0333844
3.70236 -0.0915999
3.58804 0.303935
3.47814 0.31722
3.48435 0.532958
3.37813 0.580364
3.38566 0.245564
3.27002 0.505814
3.27113 0.733703
3.15832 0.795145
3.23386 0.898517
3.17803 1.16045
3.00539 1.05307
3.00159 1.38048
2.85824 1.5974
2.71851 1.55251
2.72897 1.7625
2.64378 1.97943
2.52223 2.00783
2.52973 2.15559
2.43229 2.39171
2.65353 2.22809
2.60992 2.56442
2.25623 2.74715
2.49074 2.8726
2.2717 3.03703
2.47402 3.06316
2.30076 3.20862
2.13557 3.35408
2.36284 3.30806
2.45646 3.37527
2.60293 3.21244
2.48453 3.1809
2.67795 3.03305
2.62002 2.93994
2.74508 2.88274
2.6995 2.76872
2.86035 2.72722
2.84486 2.53999
2.83199 2.27487
3.00653 2.29361
2.99041 2.02053
3.10743 2.07482
3.12624 1.79641
3.19779 1.96807
3.24339 1.76008
3.22315 1.50643
3.10934 1.50983
3.32673 1.21781
3.30535 0.905591
3.43679 0.859084
3.45804 1.25825
3.33549 1.55955
3.42219 1.61111
3.33403 1.91584
3.4879 1.75402
3.45776 2.00164
3.33734 2.28536
3.17297 2.24139
3.15193 2.52018
3.01599 2.52215
2.98289 2.72266
2.84114 2.8702
2.9109 2.93117
2.75632 3.09598
3.21293 2.82379
3.35752 2.62459
3.22915 2.68765
3.07595 2.86908
3.1094 2.72441
3.23876 2.55181
3.34628 2.49271
3.44698 2.33143
3.47159 2.43025
3.54633 2.26644
3.65315 2.10068
3.53781 2.12065
3.68119 1.90768
3.59712 1.82259
3.74826 1.69072
3.71522 1.56054
3.84753 1.44614
3.80914 1.37309
3.91351 1.21812
3.86399 1.19313
3.73599 1.33005
3.82067 1.10554
3.91336 0.970461
3.86572 0.913695
3.75526 0.99807
3.89462 0.669127
3.97806 0.728544
4.01118 0.487939
3.98299 0.322771
3.88289 0.507165
3.81838 0.655498
3.86523 0.356295
3.71189 0.696496
3.60036 1.12029
3.56194 0.864847
3.63036 0.551632
3.54085 0.62532
3.75171 0.240398
3.52691 1.4635
3.63832 1.32168
3.60985 1.57005
3.89292 0.024882
3.85121 -0.173464
3.99259 -0.301283
3.9296 -0.495927
4.05872 -0.654664
3.96738 -0.746257
4.03831 -0.942775
3.92039 -0.956038
3.87301 -0.675398
3.82195 -0.818287
3.77363 -0.630709
3.80707 -1.04348
3.8014 -0.419311
4.00225 -1.16948
4.11948 -1.21596
4.12754 -0.918438
4.22505 -1.08581
4.19195 -0.692551
4.0946 -0.490801
4.11062 -0.299421
3.99101 0.0124912
4.09485 -0.0127329
4.10188 0.216154
4.18299 -0.105798
4.16148 -0.205543
4.21229 -0.388925
4.29338 -0.346282
4.25012 -0.106643
4.19402 0.131013
4.27116 0.00938272
4.20579 0.294549
4.10404 0.46454
4.11251 0.569117
4.03411 0.765931
3.97379 1.00307
4.0857 0.774164
4.04509 0.994432
3.99269 1.21036
4.11123 0.978688
3.96129 1.39439
3.85432 1.57244
3.80523 1.73104
3.78063 1.89657
4.31092 0.181443
4.24377 0.445826
4.25292 0.300872
4.18587 0.525729
4.31662 0.0409404
4.15679 0.732543
4.41174 -0.109303
4.34005 -0.107988
4.32651 -0.201375
4.35898 -0.356992
4.39251 -0.588174
4.31991 -0.660341
4.40232 -0.924206
4.32638 -1.03778
4.43765 -1.24774
4.35552 -1.43391
4.47055 -1.59381
4.40434 -1.74271
4.58923 -1.80951
4.54637 -1.39035
4.65488 -1.56025
4.68399 -1.87851
4.63499 -2.07814
4.72171 -2.14381
4.63935 -2.32981
4.57335 -2.56864
4.65675 -2.56125
4.60499 -2.68699
4.58029 -2.8558
4.7137 -2.60576
4.73534 -2.4222
4.76092 -1.93658
4.73979 -1.70562
4.47146 -1.11874
4.29139 -1.243
2.99752 1.70818
2.82681 1.94116
2.14394 1.54263
4.16614 -2.47964
4.55696 -3.06261
4.0353 -4.50884
3.8979 -4.61275
3.92667 -4.66818
3.76427 -4.67153
3.28577 -4.92665
3.19322 -4.88343
3.17345 -4.99079
3.06246 -5.00067
2.99615 -4.93727
3.11171 -4.75347
2.92747 -4.85633
2.95862 -4.69748
2.79154 -4.98163
3.1213 -4.56237
3.02019 -4.45853
3.24203 -4.3179
3.13 -4.22611
3.00448 -4.27274
3.10306 -4.00987
3.25599 -4.04297
3.25328 -3.81776
3.33331 -3.59223
3.28927 -3.35037
3.42384 -3.34505
3.368 -3.12696
3.50027 -3.04233
3.53125 -2.70721
3.61629 -2.84868
3.6351 -3.10548
3.67666 -2.94611
3.64401 -2.62023
3.55425 -2.38416
3.68202 -2.37333
3.55485 -3.35545
3.57863 -3.64241
3.45986 -3.59492
3.47502 -3.81317
3.55648 -3.95276
3.39943 -4.04432
3.36775 -3.81777
3.44842 -4.28134
3.2823 -4.53832
3.29674 -4.71157
3.60518 -4.16022
2.87945 -5.07736
3.06842 -5.07342
2.92072 -5.16687
2.23552 -3.26653
2.11758 -2.93081
2.29009 -2.65762
1.03075 -5.02924
0.859896 -5.18193
1.07309 -5.19671
0.946151 -5.28594
-1.41845 -5.11382
-1.61127 -5.11912
-1.36729 -5.25733
-3.23642 -4.99227
-3.37586 -4.8718
-3.46969 -4.84843
-3.47185 -4.71026
-3.57451 -4.53298
-3.35516 -4.73136
-3.27906 -4.87182
-3.23026 -4.76802
-3.15015 -4.91623
-2.98358 -4.95675
-3.06244 -5.04244
-2.89317 -5.08184
-2.60163 -5.19652
-2.73367 -5.10911
-2.8035 -4.99666
-3.67652 -3.95572
-3.76604 -3.95636
-3.74161 -3.73034
-3.7874 -3.52671
-3.86638 -3.55337
-3.84916 -2.37096
-3.59955 -0.175877
-3.53662 -0.102133
-3.47371 0.097701
-3.3907 0.240181
-3.3456 0.430277
-3.3017 0.331057
-3.37709 0.181059
-3.43031 0.0705066
-3.25567 0.240913
-3.13395 0.563713
-3.23076 0.562482
-3.15465 0.667794
-3.09069 0.800028
-2.9874 1.04273
-2.97704 0.86272
-3.02444 0.638465
-2.91668 0.775048
-2.85648 1.2539
-3.49075 -0.0530532
-2.36717 1.98414
-3.82383 -4.34538
4.17455 -4.3743
-1.28896 2.7585
-1.46407 2.78706
