2.50922 -2.71732
2.64036 -2.23543
2.5805 -2.37249
2.58286 -2.45849
2.52949 -2.48309
2.52738 -2.56196
2.45521 -2.6605
2.42246 -2.85266
2.34603 -3.03362
1.91497 -3.75254
1.56709 -4.15154
1.70018 -4.04131
1.58673 -4.07648
1.76372 -3.92775
1.57755 -3.97076
1.75329 -3.80712
1.58424 -3.82483
1.73363 -3.67855
1.60289 -3.68513
1.73227 -3.5386
1.58412 -3.5821
1.67318 -3.45219
1.54939 -3.48798
1.65323 -3.3714
1.56821 -3.3306
1.73897 -3.2322
1.75669 -3.3279
1.89071 -3.15386
1.83595 -3.02538
1.97753 -2.83863
1.88473 -2.85752
1.94212 -2.63898
1.79604 -2.89971
1.78773 -2.75812
1.84565 -2.53157
1.97841 -2.30036
1.88299 -2.31097
1.93734 -2.13562
1.84413 -2.12419
1.93268 -1.8965
2.03149 -2.00001
2.01939 -1.68014
1.89692 -1.54472
1.81919 -1.83838
1.75454 -1.51109
1.80501 -1.25938
1.92255 -1.1644
1.75111 -0.913185
1.86304 -0.826872
1.96933 -0.960162
1.92904 -0.755301
2.01581 -0.706989
1.85544 -0.498181
1.97389 -0.405678
1.8883 -0.128783
1.73858 -0.157229
1.67825 -0.365062
1.56883 -0.00269544
1.51702 -0.319303
1.65129 -0.593583
1.75216 -0.64035
1.58057 -0.751068
1.67679 -1.14888
1.50189 -1.01729
1.61372 -1.4399
1.68805 -1.79693
1.51688 -1.77381
1.62947 -2.05499
1.73593 -2.10369
1.75353 -2.40488
1.63448 -2.32617
1.58361 -2.63767
1.70401 -2.7136
1.55483 -2.90989
1.65787 -2.96785
1.48788 -3.13345
1.56713 -3.18492
1.69604 -3.11508
1.42207 -3.33941
1.38184 -3.5401
1.20201 -3.51538
1.15015 -3.72742
1.31718 -3.68125
1.45328 -3.62458
1.37961 -3.73261
1.49571 -3.68028
1.4702 -3.77781
1.30248 -3.84754
1.42857 -3.87201
1.46126 -3.93476
1.29495 -3.96592
1.38297 -4.02977
1.42083 -4.10997
1.33917 -4.09981
1.278 -4.14139
1.27785 -4.20271
1.44468 -4.1717
1.33316 -4.25564
1.45696 -4.24585
1.29623 -4.31608
1.26363 -4.34764
1.14091 -4.37147
0.345274 -4.53305
0.537382 -4.50711
0.728713 -4.46933
0.596779 -4.45248
0.390119 -4.50395
0.456054 -4.44291
0.241458 -4.47374
0.40892 -4.40702
0.632375 -4.38743
0.516573 -4.35042
0.733878 -4.30741
0.66698 -4.27028
0.822814 -4.2429
1.03044 -3.94283
1.01524 -3.87588
0.671891 -3.9421
0.84283 -3.75187
1.02542 -3.69383
1.005 -3.55172
0.775214 -3.63014
0.660417 -3.7977
0.589641 -3.70533
0.599463 -3.51367
0.897285 -3.39657
0.717425 -3.2538
0.946386 -3.132
0.767435 -2.97507
1.00312 -2.80862
0.80011 -2.67058
0.94846 -2.54148
1.06573 -2.57771
1.22151 -2.5999
1.03043 -2.26831
1.24349 -2.08179
1.02297 -1.79956
1.16897 -1.5497
0.963689 -1.40446
1.0441 -1.1811
0.854246 -1.01263
1.03776 -0.798278
0.836477 -0.602765
0.652973 -0.706144
0.616609 -1.16427
0.411605 -0.873068
0.383281 -1.25064
0.516989 -1.55974
0.257875 -1.5509
0.121964 -1.1748
0.0364742 -1.58907
-0.113225 -1.47613
-0.177672 -1.8682
-0.333536 -1.56442
-0.204986 -1.19019
-0.461017 -1.36933
-0.449246 -1.06295
-0.725094 -1.38671
-0.582069 -1.64925
-0.841907 -1.79755
-0.994982 -1.60441
-1.00095 -1.30738
-1.32007 -1.70463
-1.07379 -1.84639
-1.19238 -2.04458
-1.38935 -2.21128
-1.16662 -2.3671
-1.35026 -2.67288
-1.63465 -2.44635
-1.63907 -2.81556
-1.43207 -3.04764
-1.59546 -3.08836
-1.78471 -3.11915
-1.54652 -3.35237
-1.7845 -3.4859
-2.02806 -3.29021
-1.99402 -3.65565
-1.7872 -3.71208
-1.58131 -3.7093
-1.78829 -3.93345
-1.44736 -3.98207
-1.30927 -3.79214
-1.28015 -3.95716
-1.12805 -3.92772
-1.05018 -3.72356
-1.23503 -3.61888
-1.31317 -3.68393
-1.37882 -3.59863
-1.27261 -3.34582
-1.19902 -2.97782
-1.01939 -3.25316
-1.08916 -3.49983
-0.86909 -3.4991
-0.830096 -3.7129
-0.884348 -3.90045
-0.671917 -3.79214
-0.679689 -3.94756
-0.810481 -4.05966
-0.538442 -4.04374
-0.501467 -3.87465
-0.347217 -3.93487
-0.261917 -4.03799
-0.122855 -3.8471
-0.324773 -3.79969
-0.203752 -3.62893
0.0904646 -3.62209
0.132708 -3.8296
0.370827 -3.72596
0.339546 -3.50549
0.150395 -3.31179
-0.0813627 -3.43394
-0.119132 -3.21783
0.00843716 -2.97068
0.313713 -3.07547
0.219217 -2.8406
0.0359421 -2.64588
0.266994 -2.60661
0.443476 -2.86895
0.470177 -2.64677
0.392935 -2.41619
0.213937 -2.36439
0.278284 -2.15829
0.0780191 -2.2083
0.110279 -1.89922
-0.0386486 -2.07539
-0.141457 -2.32009
-0.455933 -2.16121
-0.389006 -2.46919
-0.656466 -2.47796
-0.693334 -2.18319
-0.831618 -2.2568
-0.942559 -2.45296
-0.837058 -2.77276
-1.10439 -2.71843
-0.976476 -2.98422
-0.701342 -3.17658
-0.601547 -2.82446
-0.344686 -2.99281
-0.352651 -3.36752
-0.580855 -3.44794
-0.470011 -3.65064
-0.688102 -3.59459
-0.713868 -3.43148
-0.444739 -2.68842
-0.213525 -2.68329
-1.22135 -2.79138
-0.99098 -2.11549
-0.813508 -2.05849
-0.648333 -1.94822
-0.445904 -1.8413
0.0848408 -2.43128
0.379069 -1.87368
0.508865 -2.19318
0.614193 -1.91495
0.667611 -1.71072
0.714515 -1.52564
0.81885 -1.87094
0.868258 -1.58101
0.802802 -1.32563
0.771826 -2.29128
0.604819 -2.51018
0.627478 -2.78537
0.610332 -2.94939
0.5611 -3.08812
0.45634 -3.30526
0.266929 -3.8997
0.390794 -3.84848
0.49938 -3.8223
0.401745 -3.92701
0.541199 -3.90774
0.433638 -4.03576
0.364638 -4.1637
0.498755 -4.18263
0.604068 -4.21695
0.404181 -4.26687
0.495578 -4.29024
0.291652 -4.36173
0.363764 -4.38175
0.234678 -4.42069
0.0430326 -4.42128
0.0408764 -4.46135
-0.0108089 -4.50323
0.116022 -4.52668
-0.085701 -4.52966
-0.0564833 -4.54363
-0.0518503 -4.54697
0.0927172 -4.54699
-0.194393 -4.56375
-0.650292 -4.57308
-0.412316 -4.57046
-0.252741 -4.54989
-0.538507 -4.56206
-0.463402 -4.53953
-0.6968 -4.53396
-0.573502 -4.52694
-0.268378 -4.52442
-0.382169 -4.49356
-0.148691 -4.48777
-0.136581 -4.45763
-0.239993 -4.43126
-0.581576 -4.45767
-0.607085 -4.40919
-0.0436754 -4.35084
0.131388 -4.24849
-0.151092 -4.14482
-0.455019 -4.18554
0.0278549 -3.99639
0.0659351 -4.11319
0.239988 -4.02623
-0.945688 -4.40988
-0.925724 -4.44893
-1.20252 -4.42332
-1.30261 -4.4643
-1.07768 -4.49528
-0.74019 -4.4988
-0.877412 -4.52076
-1.17507 -4.51464
-1.39838 -4.4957
-1.44085 -4.50376
-1.67899 -4.49733
-1.66177 -4.49387
-1.92237 -4.49329
-1.78292 -4.50569
-1.43486 -4.48431
-2.06948 -4.50745
-2.27594 -4.44414
-2.15645 -4.49518
-1.98394 -4.47136
-1.93437 -4.4869
-2.1616 -4.48739
-2.10793 -4.49136
-2.24574 -4.49364
-1.66368 -4.47353
-1.79801 -4.43621
-2.04602 -4.42383
-1.89936 -4.40964
-1.67095 -4.39893
-1.50743 -4.43203
-1.38811 -4.39605
-1.50448 -4.36625
-1.30676 -4.3514
-1.6778 -4.35003
-1.64556 -4.26092
-1.84761 -4.28882
-1.91802 -4.36979
-2.0642 -4.39593
-2.25665 -4.40525
-2.52057 -4.19595
-2.34395 -4.10621
-2.16144 -4.16099
-1.97466 -4.20827
-1.99832 -4.0795
-2.15659 -4.03314
-2.09689 -3.89841
-2.26108 -3.93805
-2.2689 -4.04277
-2.44902 -3.95505
-2.52629 -4.08524
-2.62106 -3.99345
-2.69542 -4.05373
-2.70597 -4.12473
-2.74765 -4.20604
-2.91171 -4.14192
-4.63858 -3.13273
-4.63859 -3.27542
-4.56821 -3.66115
-3.53063 -4.10589
-3.13225 -4.11332
-3.36831 -4.03452
-3.18427 -3.98187
-3.40608 -3.84958
-3.62353 -3.92085
-3.71634 -4.01882
-3.84335 -3.89934
-3.93777 -3.95584
-4.2215 -3.93326
-4.31761 -3.81211
-4.39302 -3.82539
-4.40981 -3.66799
-4.4524 -3.72335
-4.45269 -3.80713
-4.51117 -3.66835
-4.52605 -3.72086
-4.56127 -3.58633
-4.5522 -3.5088
-4.59797 -3.40979
-4.62198 -3.22789
-4.58132 -3.32246
-4.60646 -3.12824
-4.63379 -3.04718
-4.60598 -2.9576
-4.62223 -2.84999
-4.58632 -2.75705
-4.59927 -2.63423
-4.27696 -1.04128
-4.34079 -1.14209
-4.37516 -1.29651
-4.29951 -1.16568
-4.28797 -1.28562
-4.20148 -1.04024
-4.19584 -0.923887
-4.08323 -0.806308
-3.95162 -0.573529
-3.82835 -0.323124
-3.04509 0.713777
-2.86359 0.79007
-2.96453 0.639818
-2.84775 0.701086
-2.92198 0.538149
-2.76277 0.647795
-2.86818 0.397712
-2.65892 0.554339
-2.77407 0.335838
-2.88944 0.234979
-3.0377 0.083524
-2.87817 0.058395
-3.15842 -0.294637
-3.00072 -0.273351
-3.20452 -0.578754
-3.38341 -0.696364
-3.36288 -0.488097
-3.56622 -0.838866
-3.57399 -1.03228
-3.71566 -1.1531
-3.74824 -1.36242
-3.88679 -1.40843
-3.79098 -1.08727
-3.97225 -1.38615
-4.03612 -1.58204
-4.15379 -1.64331
-4.04793 -1.39225
-4.14153 -1.47608
-4.26394 -1.71085
-4.29072 -1.84825
-4.27556 -1.93703
-4.3631 -2.04021
-4.35219 -1.91666
-4.42542 -2.07953
-4.41086 -1.98659
-4.4874 -2.16546
-4.45796 -2.28717
-4.55283 -2.45323
-4.52442 -2.58014
-4.53539 -2.8205
-4.47582 -2.66885
-4.46481 -2.4798
-4.4093 -2.51325
-4.4061 -2.72844
-4.4805 -2.85681
-4.42717 -2.9848
-4.50662 -3.05834
-4.43483 -3.22842
-4.49169 -3.30207
-4.43665 -3.39139
-4.46735 -3.48937
-4.53089 -3.41057
-4.49584 -3.59015
-4.56664 -3.20431
-4.29919 -3.62987
-4.34225 -3.45104
-4.26169 -3.48964
-4.28655 -3.30395
-4.17534 -3.40298
-4.1839 -3.60679
-4.05434 -3.54125
-4.08458 -3.73792
-3.94958 -3.73224
-3.87049 -3.57369
-3.79008 -3.75677
-3.75675 -3.65538
-3.63566 -3.73594
-3.67865 -3.53243
-3.48439 -3.65807
-3.31719 -3.7231
-3.3438 -3.60081
-3.15419 -3.6318
-3.1495 -3.82743
-2.99465 -3.73656
-2.89017 -3.57428
-2.80229 -3.77188
-2.95711 -3.84494
-2.84008 -3.89848
-2.67377 -3.89392
-2.57009 -3.7806
-2.36608 -3.80973
-2.46025 -3.60565
-2.67703 -3.64111
-2.66522 -3.46022
-2.84245 -3.34137
-3.07643 -3.40472
-2.96513 -3.21753
-3.1133 -3.21198
-2.97854 -3.0037
-3.23461 -3.09985
-3.26895 -3.32016
-3.41472 -3.22542
-3.45232 -3.44652
-3.26772 -3.49042
-3.637 -3.23896
-3.8241 -3.3693
-3.95655 -3.39971
-3.91887 -3.20357
-4.06823 -3.29431
-4.03385 -3.02692
-4.19525 -3.15643
-4.14594 -2.89276
-4.26982 -2.96986
-4.28183 -3.14466
-4.35063 -3.12345
-4.34833 -2.88022
-4.26702 -2.78261
-4.30732 -2.6567
-4.33074 -2.49497
-4.23278 -2.424
-4.20842 -2.60114
-4.11371 -2.35667
-4.13338 -2.16361
-4.25627 -2.26087
-4.15501 -2.00132
-4.28538 -2.12118
-4.33594 -2.35
-4.39326 -2.32182
-4.35909 -2.14642
-4.14418 -1.81707
-4.05412 -1.78809
-4.00766 -1.64595
-3.92868 -1.61706
-4.00243 -1.86747
-3.8444 -1.62753
-3.65984 -1.47678
-3.57108 -1.19644
-3.43568 -1.14518
-3.40885 -0.91412
-3.20851 -0.799489
-3.02222 -0.460324
-2.92851 -0.535438
-2.70053 -0.0956616
-2.55332 -0.302223
-2.33375 0.0592738
-2.26641 0.337805
-2.57187 0.358092
-2.29174 0.552113
-2.39434 0.698805
-2.57467 0.79118
-2.3467 0.967148
-2.55493 0.988917
-2.72105 0.819997
-2.73842 0.95991
2.60263 -1.80545
2.56088 -2.01903
2.52679 -2.33365
2.49073 -2.13773
2.42261 -2.37212
2.42208 -2.50608
2.46731 -2.53423
2.37063 -2.7121
2.3854 -2.80842
2.33755 -2.84691
2.30492 -2.98726
2.30009 -2.89419
2.20721 -3.05424
2.16585 -3.21093
2.2296 -3.18542
2.11428 -3.37797
2.05432 -3.52176
1.98745 -3.56091
2.0549 -3.39402
1.95078 -3.53823
2.0107 -3.37005
2.11161 -3.23678
2.12634 -3.10471
2.2547 -2.86675
2.19552 -2.82627
2.05241 -3.06826
2.12949 -2.7959
2.04554 -2.91067
2.11454 -2.66345
2.25565 -2.49887
2.18424 -2.35103
2.06888 -2.5606
2.08513 -2.28632
2.21593 -2.00281
2.12058 -1.99076
2.21648 -1.67696
2.10712 -1.75876
2.11261 -1.41139
2.00096 -1.4118
2.02053 -1.20803
2.08213 -1.03806
2.19925 -1.09695
2.14928 -0.796161
2.09772 -0.464747
2.19336 -0.639487
2.25753 -0.491249
2.27526 -0.817375
2.35217 -0.642598
2.36095 -0.452915
2.44719 -0.703694
2.37764 -0.805567
2.42414 -0.960006
2.52308 -1.01421
2.54081 -0.699498
2.61264 -0.893273
2.4678 -0.445986
2.38548 -0.282762
2.27621 -0.222395
2.35878 -0.100132
2.25357 -0.00633502
2.3166 0.105021
2.18545 0.180832
2.15083 -0.0193002
2.01073 0.299165
2.00551 -0.00783277
1.88505 0.164966
1.71381 0.183604
1.80854 0.430349
1.60836 0.560414
1.51272 0.354824
1.38792 0.233391
1.44525 -0.0196958
1.31826 -0.0288393
1.39299 -0.51518
1.26175 -0.259206
1.17782 -0.46124
1.16604 -0.0506139
1.0488 -0.0880244
1.04432 0.166747
0.923731 0.130034
0.930518 -0.277865
0.770465 0.0765183
0.714779 -0.299453
0.612133 -0.00106561
0.485313 -0.384205
0.449549 0.00110912
0.314549 -0.260859
0.267572 0.00828993
0.41398 0.303865
0.2188 0.303681
0.360923 0.582339
0.165794 0.582504
0.279759 0.827321
0.107857 0.793274
0.132334 1.00934
-0.0548201 0.880394
-0.0580778 0.600489
-0.25108 0.736436
-0.318094 0.434498
-0.485858 0.615201
-0.561153 0.379125
-0.744248 0.46367
-0.726799 0.225864
-0.967322 0.174897
-0.8281 -0.0332759
-1.09456 -0.169877
-0.942598 -0.315518
-0.704016 -0.253856
-0.935872 -0.64786
-1.18453 -0.490405
-1.24141 -0.767319
-1.50343 -0.717155
-1.46684 -1.06356
-1.73134 -0.989403
-1.86664 -0.819401
-2.06044 -1.15502
-1.78591 -1.22837
-2.12152 -1.50721
-2.26271 -1.353
-2.45868 -1.49989
-2.40691 -1.26677
-2.71121 -1.46456
-2.75353 -1.75628
-2.97328 -1.65219
-3.13397 -1.94854
-2.91175 -2.03524
-2.70547 -1.96621
-2.77131 -2.24801
-3.12259 -2.26115
-3.09685 -2.53945
-3.33237 -2.52401
-3.30615 -2.72938
-3.49313 -2.76541
-3.51739 -2.56471
-3.40569 -2.27983
-3.62537 -2.45727
-3.711 -2.77909
-3.81243 -2.53702
-3.91421 -2.80273
-3.96308 -2.63833
-3.92562 -2.42503
-4.08369 -2.59741
-4.03753 -2.79853
-4.19837 -2.77414
-3.98465 -2.27897
-3.99905 -2.07999
-3.8606 -2.03556
-3.84935 -1.8115
-3.65407 -1.80846
-3.40107 -1.37233
-3.40218 -1.65505
-3.45538 -1.96117
-3.6863 -2.11897
-3.77589 -2.06033
-3.79026 -2.16249
-3.7978 -2.29439
-3.70371 -2.3286
-3.57948 -2.22979
-3.86081 -2.20476
-3.20754 -1.67855
-3.20826 -1.42408
-2.95569 -1.39916
-3.00506 -1.19262
-3.16494 -1.18792
-3.25486 -1.16547
-3.27268 -1.05849
-3.11582 -0.986823
-3.10291 -0.825188
-2.89263 -0.703036
-2.89227 -0.922396
-2.66947 -0.606037
-2.38731 -0.408345
-2.1797 -0.118692
-2.24452 -0.0122371
-1.98385 0.160227
-1.88507 0.0770729
-1.95988 -0.133924
-1.66099 0.12466
-1.64146 0.333925
-1.40124 0.386646
-1.40125 0.15766
-1.69455 -0.0733041
-1.55969 -0.168287
-1.25805 -0.0135045
-1.42015 -0.356913
-1.705 -0.399881
-1.68555 -0.570095
-1.96031 -0.591305
-1.9182 -0.349089
-2.03853 -0.508545
-2.22439 -0.595218
-2.17703 -0.373191
-2.34177 -0.514937
-2.18232 -0.255458
-2.54447 -0.687365
-2.48581 -0.828778
-2.71767 -0.937825
-2.60032 -1.00583
-2.81507 -1.13505
-2.87341 -1.05236
-2.64074 -1.20095
-2.2829 -0.930834
-1.13789 0.265145
-1.09969 0.55869
-0.95893 0.421877
-0.849184 0.614947
-0.795695 0.84252
-0.935978 0.944109
-1.15741 0.777602
-1.2544 0.573677
-1.36814 0.570852
-1.29892 0.763712
-1.48802 0.608008
-1.75661 0.43699
-2.05555 0.280404
-1.87462 0.577783
-2.06415 0.650452
-1.7947 0.856944
-2.00414 0.843055
-2.17181 0.726413
-2.13828 0.899122
-1.86684 1.06588
-2.0828 1.12534
-2.26255 1.13465
-2.3995 1.09881
-2.31919 1.21993
-2.39788 1.28922
-2.47965 1.35011
-1.36882 1.94409
-1.61043 1.93119
-1.5481 1.83085
-1.43812 1.78784
-1.59319 1.72427
-1.76236 1.72156
-1.72109 1.59629
-1.54436 1.63887
-1.67602 1.52511
-1.84359 1.42918
-1.71344 1.41447
-1.58486 1.49947
-1.64278 1.31464
-1.84948 1.27203
-1.58205 1.11728
-1.56554 0.9533
-1.63725 0.793444
-1.44092 0.944169
-1.57346 0.694247
-1.33956 0.88194
-1.28774 1.06665
-1.31455 1.16512
-1.43205 1.10875
-1.34087 1.26629
-1.42542 1.2525
-1.47008 1.35342
-1.33782 1.41122
-1.392 1.5338
-1.2238 1.63767
-1.37945 1.68263
-1.24928 1.83577
-1.47423 1.57853
-1.50361 1.46534
-1.12101 1.81583
-1.11834 1.89855
-1.13703 1.9996
-0.983086 1.89304
-0.920025 2.10942
-0.586605 2.3333
-0.679363 2.18769
-0.40829 2.26276
-0.242867 2.40195
-0.0997906 2.5159
-0.345118 2.55619
-0.0852594 2.60577
0.211106 2.59512
0.492322 2.56725
0.429746 2.49723
0.174043 2.5039
0.270585 2.41519
0.515949 2.40242
0.466735 2.29589
0.674546 2.33522
0.679082 2.24208
0.594898 2.13652
0.260117 2.16227
0.461564 2.02743
0.27632 1.93742
0.5158 1.87691
0.381403 1.73815
0.176981 1.74997
0.0281906 1.88374
0.0505877 1.7439
0.0415087 1.56992
0.27267 1.60471
0.298189 1.40317
0.115282 1.26791
0.381651 1.10049
-0.102048 1.12446
-0.0957155 1.3574
-0.289126 1.27703
-0.340253 1.07268
-0.470115 1.17953
-0.477639 1.36503
-0.683053 1.15117
-0.558493 0.987284
-0.642034 0.742943
-0.414014 0.861455
-0.225556 0.947223
-0.670162 1.42105
-0.489756 1.60423
-0.674341 1.61147
-0.597091 1.75283
-0.791204 1.75432
-0.823614 1.48318
-0.959221 1.54353
-1.01436 1.26963
-1.10404 1.3689
-1.08245 1.58
-1.22284 1.38571
-1.21034 1.22353
-1.18082 1.13691
-1.06494 1.7419
-0.969013 1.71963
-0.752432 2.00478
-0.584394 1.92212
-0.532865 2.10199
-0.362594 2.01573
-0.431857 1.81684
-0.205698 1.84798
-0.310557 1.69593
-0.255282 1.51354
-0.157339 1.67837
-0.049036 1.74807
-0.12737 2.02741
0.0793304 2.04703
-0.0412674 2.16272
-0.230242 2.1373
-0.210065 2.23602
-0.361018 2.16555
-0.174361 2.32526
0.0080471 2.27742
0.0154285 2.37696
0.0254459 2.45446
0.208523 2.31645
-1.16469 0.983289
-1.02298 1.04947
-0.85841 1.23198
0.50736 1.32283
0.559319 1.15364
0.649354 0.941605
0.457014 0.818531
0.563369 0.577808
0.76435 0.612292
0.684781 0.40587
0.568116 0.26913
0.674257 0.225871
0.732119 0.284827
0.802526 0.34656
0.955059 0.462426
0.901208 0.830839
1.12395 0.723393
1.05056 1.03936
0.861702 1.12615
0.685469 1.24088
0.873305 1.4012
0.660084 1.49794
0.451432 1.54391
0.578126 1.6936
0.702827 1.66196
0.740206 1.81562
0.629324 1.98453
0.795986 2.01795
0.811048 2.1615
1.01271 2.05383
0.938855 1.89585
1.08297 1.89308
1.04322 1.78475
1.21539 1.74274
1.17264 1.93614
1.31683 1.89012
1.208 2.04821
1.10693 2.18624
0.938862 2.22451
0.844443 2.34063
0.79923 2.26465
0.675117 2.4432
1.59398 1.70981
1.71894 1.58345
1.63099 1.52583
1.45289 1.67828
1.5384 1.43163
1.69261 1.31725
1.61089 1.21147
1.75578 1.10215
1.66587 0.982537
1.84834 0.846966
1.73317 0.723686
1.8906 0.588167
2.02725 0.612036
2.13438 0.385668
2.19442 0.538937
1.98409 0.886905
2.01019 1.02284
1.92073 1.10414
1.81745 1.208
1.76271 1.40154
1.86886 1.02877
2.24496 0.299
1.54435 0.878623
1.44928 0.712607
1.39071 0.901921
1.30465 0.751144
1.24801 1.00436
1.41931 1.0798
1.30524 1.2071
1.44073 1.28918
1.25055 1.38419
1.16402 1.2192
1.11828 1.35772
1.01541 1.26563
1.03545 1.42382
1.03248 1.59929
0.824038 1.62597
0.917829 1.74913
1.13065 1.46976
1.20566 1.55425
1.35926 1.5243
1.54688 1.10044
1.24544 0.523509
1.37862 0.523824
1.30616 0.414238
1.26787 0.306029
1.15163 0.313303
1.48382 0.555094
1.46782 1.86151
1.35593 2.01551
1.26568 2.15166
0.58865 2.51693
-1.99079 1.29031
-2.14779 1.25042
-2.02462 1.36647
-2.18676 1.3645
-1.95062 1.51015
-2.12951 1.49505
-2.31013 1.42655
-1.9969 1.60732
-2.1495 0.120916
-3.88093 -2.98732
-3.77463 -3.07798
-3.61756 -2.97826
-3.41893 -2.98627
-3.80047 -3.22965
-3.15165 -2.83349
-2.82205 -2.65998
-2.73122 -2.90387
-2.78691 -3.12432
-2.51195 -3.04246
-2.51874 -2.73909
-2.34077 -2.84659
-2.22989 -2.65494
-2.44527 -2.41225
-2.4912 -2.18266
-2.47965 -1.98403
-2.25863 -2.12134
-2.1597 -1.83994
-2.35635 -1.75801
-2.55881 -1.82281
-2.45449 -1.6659
-1.78763 -1.69429
-1.76019 -1.41396
-1.52564 -1.39132
-1.67641 -2.0651
-1.97081 -2.00782
-1.9908 -2.37242
-1.79254 -2.59226
-1.93791 -2.76952
-2.15172 -2.8789
-2.00278 -3.02056
-2.14495 -3.06997
-2.28449 -2.996
-2.28016 -3.19784
-2.47106 -3.33977
-2.6582 -3.25879
-2.24205 -3.4723
-2.23135 -3.72239
-2.23854 -3.84855
-1.24201 -1.2319
-1.62334 -1.2691
-1.16958 -0.94075
-1.00915 -1.01123
-0.722713 -0.940054
-0.555305 -0.486332
-0.395531 -0.693282
-0.193707 -0.815296
-0.135653 -0.435948
-0.333297 -0.416866
-0.221292 -0.156513
-0.382436 -0.30464
-0.436372 -0.156611
-0.242867 0.148555
-0.540648 0.110774
-0.143918 0.381998
-0.0052309 0.306646
-0.100998 0.0742402
0.0316839 -0.0270491
0.123158 -0.32629
0.00335121 -0.620151
0.211146 -0.639425
-0.00913239 -0.885908
1.24882 -0.95206
1.17568 -1.17305
1.34094 -1.39058
1.34942 -1.7886
1.41985 -2.0624
1.5326 -2.19654
1.40767 -2.36747
1.52374 -2.45736
1.42677 -2.65561
1.44769 -2.88157
1.31974 -2.85987
1.31118 -3.06249
1.42225 -3.06342
1.28457 -3.27167
1.18826 -3.20037
1.09799 -3.35805
1.14666 -3.43183
1.06541 -3.23362
1.16166 -3.00468
1.48128 -1.35126
1.38807 -1.10506
1.34131 -0.808957
2.0131 -0.232469
2.08338 -0.190004
2.1759 -0.267053
2.68733 -1.60793
2.63376 -1.68211
2.63517 -1.48565
2.58456 -1.56689
2.55075 -1.75613
2.53294 -1.58625
2.51838 -1.37958
2.58813 -1.30243
2.62154 -1.11138
2.64797 -1.30999
2.67925 -1.45324
2.45698 -1.17609
2.43154 -1.42122
2.48922 -1.6707
2.3679 -1.74151
2.42475 -1.95976
2.50212 -1.90568
2.37429 -2.24389
2.30252 -2.09256
2.35107 -2.42586
2.3303 -2.60062
2.29008 -1.88813
2.28642 -1.74714
2.32274 -1.45977
2.24167 -1.35726
2.30158 -1.14136
2.39174 -1.17625
2.35277 -0.970347
2.0679 -2.13281
1.90862 -3.37759
2.02847 -3.2421
1.8713 -3.59467
1.8166 -3.55902
1.79393 -3.37884
1.88812 -3.72183
-4.36364 -3.30629
-4.3982 -3.38819
-2.77733 -3.98284
-2.97389 -3.9594
-2.84965 -4.05924
-3.01693 -4.0587
-3.99271 -3.85854
-4.08926 -3.85888
-4.03478 -3.95351
-4.12846 -3.92818
-4.19091 -3.79338
-4.57607 -2.98901
-4.5468 -2.29634
-4.5015 -2.10089
-4.55951 -2.29422
-4.56093 -1.98791
-4.47171 -1.79624
-4.51209 -1.98089
-4.42878 -1.83799
-4.42808 -1.94345
-4.35425 -1.75915
-4.3338 -1.60952
-4.40227 -1.6524
-4.33276 -1.48662
-4.41859 -1.52699
-4.24149 -1.34478
-4.1598 -1.1138
-4.09774 -1.14669
-4.04232 -0.949362
-4.08484 -0.922746
-3.93798 -0.709424
-3.8139 -0.415909
-3.74181 -0.490158
-3.66016 -0.267801
-3.68423 -0.193033
-3.60215 -0.023363
-3.3751 0.381395
-3.37387 0.283509
-3.44808 0.160703
-3.38559 0.161065
-3.53524 -0.0326534
-3.52543 0.117462
-3.44711 -0.0224587
-3.32596 0.0934474
-3.27312 0.266524
-3.2976 0.310116
-3.19491 0.429665
-3.30398 0.389836
-3.26551 0.500238
-3.14593 0.572241
-3.07833 0.573227
-3.0562 0.466934
-3.18343 0.292713
-3.06293 0.287101
-3.21824 0.126608
-3.34931 -0.109715
-3.45705 -0.15085
-3.47228 -0.294212
-3.60211 -0.41478
-3.55032 -0.526941
-3.42437 -0.307908
-3.36759 -0.312692
-3.2019 -0.00730109
-3.22264 -0.195184
-3.49589 -0.59313
-3.63631 -0.784548
-3.77153 -0.859454
-3.9283 -1.17267
-3.94091 -1.02818
-4.03161 -1.26768
-4.10551 -1.25257
-4.267 -1.56385
-4.02894 -1.05115
-4.08024 -1.14858
-3.88827 -0.806184
-3.80842 -0.79087
-3.74865 -0.623113
-3.57366 -0.218157
-3.68523 -0.647057
-4.34546 -1.8159
-1.80784 -4.16635
-1.58661 -4.14109
-1.46944 -4.24056
-1.34091 -4.16152
-1.21039 -4.05766
-1.02406 -4.1836
-1.01546 -4.03961
-0.716218 -4.16555
-1.28075 -4.27286
-1.12634 -4.39126
-1.10993 -4.52557
-0.880432 -4.55009
-0.969005 -4.53041
-1.23581 -4.51968
-0.750786 -4.54591
0.323214 -4.23547
0.195532 -4.30461
0.0512218 -4.37488
1.14775 -3.85872
1.2538 -3.77104
1.14302 -3.94567
1.11948 -4.03554
1.21679 -4.04466
1.2879 -4.02815
1.2507 -4.09692
1.12616 -4.1016
1.09656 -4.20559
0.902706 -4.25775
0.877282 -4.31777
1.07854 -4.30591
0.817554 -4.39924
0.968649 -4.4073
1.16668 -4.331
-4.31761 -3.81211
-1.36882 1.94409
1.88812 -3.72183
