-4.24519 0.363371
-4.1066 0.854593
-3.32362 2.88505
-3.15154 3.24918
-2.9882 3.55578
-2.42122 4.34024
-1.8137 4.9269
-1.43414 5.11958
-0.604066 5.51679
-0.453591 5.5776
0.1876 5.53481
0.487507 5.51381
0.913532 5.31661
1.08108 5.20653
1.70006 4.73992
1.85085 4.61609
2.29096 3.70385
2.3673 3.54365
3.31016 1.54679
3.53226 0.577601
3.5843 0.00634959
3.56332 -0.367474
3.5288 -0.561994
2.90822 -2.07228
2.78267 -2.3119
2.39419 -2.79355
2.28667 -2.9238
2.15955 -3.05426
1.929 -3.27652
1.7837 -3.36003
1.14007 -3.57594
0.493769 -3.74989
-0.13456 -3.88709
-0.383995 -3.90507
-0.921898 -3.91555
-1.42458 -3.91756
-1.56636 -3.86989
-1.71231 -3.7913
-2.33 -3.43216
-2.58308 -3.2765
-3.09094 -2.92694
-3.80678 -2.38728
-4.08595 -2.16429
-4.19243 -1.99108
-4.29177 -1.72587
-4.30933 -1.65804
-4.33313 -1.55029
-4.35912 -1.3308
-4.38276 -1.05908
-4.3781 -0.787951
-4.37334 -0.611459
-4.35423 -0.461445
