8.14565 8.30503
8.05126 8.44526
8.02287 8.60214
7.94549 8.49872
8.06985 8.27139
7.98789 8.18627
7.88348 8.44681
7.86072 8.35746
7.77305 8.57864
7.86089 8.57534
7.81824 8.7289
7.65774 8.86602
7.58781 8.72698
7.69524 8.4892
7.60722 8.49375
7.47854 8.66048
7.43456 8.88475
7.32661 8.8945
7.33696 8.59108
7.16009 8.95984
7.22547 9.17662
7.05298 9.30211
7.12609 9.38528
7.01619 9.50275
7.13258 9.51501
6.94093 9.68137
6.88358 9.50173
6.71119 9.77262
6.72983 9.4757
6.9288 9.16023
6.74265 9.24395
6.83688 8.95583
6.65873 9.1873
6.59647 9.42471
6.47074 9.30116
6.64437 8.97281
6.44235 9.02479
6.60672 8.74724
6.42701 8.82345
6.5342 8.59464
6.30184 8.75442
6.25383 9.02532
6.02024 9.01489
6.08133 9.24182
6.25618 9.28191
6.03244 9.53094
5.85577 9.35282
5.77147 9.6653
5.60445 9.51833
5.65281 9.17341
5.43617 9.45871
5.27986 9.33742
5.25494 9.62701
5.41363 9.66174
5.26729 9.90547
5.08921 9.83386
5.00869 10.1933
4.87403 9.87704
5.06953 9.60466
4.90924 9.59712
4.73269 9.71339
4.65041 9.97103
4.52134 9.85398
4.60971 9.57264
4.39988 9.73042
4.43454 9.46065
4.14643 9.76948
4.29998 9.9999
4.0811 10.1475
3.93259 10.0443
3.88247 10.2955
4.0387 10.3995
4.23424 10.2979
4.16756 10.5647
3.8715 10.6112
4.13946 10.7924
4.3586 10.7215
4.32803 10.9161
4.50453 10.8723
4.49901 11.0276
4.5763 10.9639
4.66763 11.0149
4.63011 11.1422
4.47159 11.1455
4.32466 11.0672
4.1307 11.1078
3.96053 10.9947
3.76287 10.9439
3.11746 10.4068
2.87147 10.324
2.87515 10.1539
2.71679 10.1312
2.71624 9.99419
2.61129 9.97294
2.58496 9.79079
2.47471 9.87279
2.32113 9.74609
2.39883 9.67873
2.26075 9.56622
2.32953 9.52138
2.23743 9.43137
2.30468 9.37049
2.1749 9.29049
2.13863 9.40049
2.10051 9.26803
2.03343 9.2452
2.08122 9.15088
1.97099 9.08338
1.92109 9.18861
1.82895 8.93466
1.3328 7.43188
1.41838 7.74576
1.49191 7.56464
1.55 7.88026
1.48745 8.03799
1.59463 8.162
1.62852 8.39703
1.74098 8.70965
1.85895 8.70594
2.01232 8.92052
1.97964 8.67261
2.17794 8.76966
2.22921 9.11878
2.4116 9.00805
2.43844 9.30101
2.45335 9.53608
2.68175 9.5182
2.8172 9.88614
2.86174 9.69224
3.05443 9.79797
3.04438 10.1217
3.20382 10.0749
3.2594 10.2936
3.42307 10.1515
3.44478 10.3881
3.64833 10.3391
3.57518 10.5519
3.3663 10.4952
3.49519 10.6606
3.6142 10.8018
3.79945 10.8154
3.87903 10.9186
3.98171 10.8839
4.06189 10.9946
4.16049 10.9699
3.66996 10.6987
3.77423 10.1282
3.63012 10.0787
3.82123 9.80585
3.53558 9.85813
3.3047 9.87195
3.42179 9.59225
3.65896 9.51827
3.52363 9.28729
3.7296 9.12955
3.93847 9.33889
4.02248 9.57681
4.20962 9.35772
4.19979 8.91384
4.53316 9.04633
4.72364 9.26884
4.84439 8.97247
5.07159 9.11968
4.84631 9.43949
5.03401 9.412
5.46521 8.94855
5.29817 8.79137
5.07292 8.75329
5.30829 8.51146
5.08029 8.42288
4.80509 8.65057
4.8861 8.28352
4.68805 8.39548
4.73367 8.10938
4.50102 8.28388
4.50746 8.64555
4.31573 8.52339
4.14797 8.57084
4.0213 8.73919
3.93907 8.98407
3.81028 8.72221
3.99382 8.45373
3.81769 8.36787
3.63879 8.45971
3.69674 8.04917
3.94089 8.09835
3.85123 7.80526
4.05641 7.71888
4.22281 8.15713
4.30002 7.71022
4.54563 7.8579
4.47109 7.49767
4.22021 7.33038
4.58051 7.13697
4.73405 7.47703
4.95284 7.12562
4.99768 7.46602
4.88634 7.80515
4.90035 8.05789
5.09533 8.05734
5.21404 7.65671
5.39054 7.94931
5.2856 8.24302
5.51393 8.23548
5.55742 8.57286
5.7885 8.235
5.80052 8.50158
5.69031 8.71798
5.71674 8.87677
5.88351 8.87988
6.13347 8.66016
5.91304 8.63365
6.13251 8.46673
6.04366 8.30148
6.30433 8.26435
6.2535 8.44725
6.43428 8.41321
6.51484 8.12635
6.71527 8.12145
6.65617 8.36384
6.73483 8.48497
6.80841 8.2675
6.89017 8.35316
6.83144 8.62904
7.00751 8.35332
7.05602 8.60505
6.97021 8.89118
7.05869 8.85576
7.17732 8.67065
7.27639 8.36562
7.19994 8.14297
7.31625 8.15021
7.3819 7.97848
7.32124 7.78099
7.50355 7.65522
7.51354 8.00501
7.65739 7.67408
7.6719 7.96467
7.53759 8.32272
7.41302 8.28374
7.38892 8.15318
7.71747 8.24601
7.82777 7.8841
7.86988 8.16293
7.78514 8.37255
7.96947 7.87586
8.11796 7.74182
8.12456 8.0349
8.22049 7.808
8.18517 8.08836
8.24166 8.11019
8.20096 8.26076
8.25042 8.18922
8.29886 8.05758
8.32274 7.87988
8.35904 7.91626
8.50133 7.46937
8.44916 7.60382
8.39012 7.75996
8.40665 7.65176
8.35867 7.72195
8.43201 7.44806
8.47992 7.43268
8.53307 7.13144
8.55987 7.22092
8.58015 7.31248
8.60281 7.10561
8.63281 6.98421
8.60411 7.01054
8.66641 6.8081
8.64147 6.82119
8.59428 6.7883
8.5037 7.00667
8.4695 7.21097
8.43783 7.21996
8.35994 7.42673
8.3537 7.2299
8.45761 6.93068
8.37352 6.93668
8.45114 6.7171
8.42196 6.5882
8.52596 6.48017
8.5142 6.65891
8.59097 6.44462
8.55209 6.72216
8.64988 6.48188
8.68598 6.51602
8.74886 6.18104
8.68849 6.20767
8.80399 5.80879
8.64295 6.12482
8.74238 5.7375
8.6584 5.82556
8.52317 6.13144
8.59392 5.84441
8.49841 5.86104
8.37777 6.21231
8.35194 6.04609
8.26552 6.28777
8.25342 6.52255
8.12227 6.54132
8.23379 6.13853
8.09666 6.30966
8.04705 6.5168
8.00579 6.48609
7.98079 6.7355
7.92671 6.59557
8.00634 6.26695
7.8305 6.56384
7.93901 6.06747
7.76054 6.23529
7.60829 6.75231
7.60157 6.32183
7.48026 6.50675
7.50422 6.08679
7.38498 6.30184
7.35839 5.96133
7.24851 6.23974
7.3146 6.63322
7.12605 6.51463
7.17379 6.93462
6.99824 6.77497
6.91944 6.37381
6.84192 6.70846
6.73711 6.44105
6.70642 6.71038
6.77143 6.90811
6.57656 6.91589
6.58361 6.51298
6.43816 6.56514
6.31628 6.7909
6.26278 6.40672
6.11016 6.6183
6.11923 7.06806
5.87869 6.75264
5.95858 6.4006
5.72247 6.27097
5.60347 6.72375
5.70471 7.02006
5.87428 7.14435
5.66541 7.3782
5.46191 7.08413
5.41243 7.41064
5.21103 7.28551
5.48442 7.6491
5.2259 6.98718
5.11632 6.66116
4.82507 6.86982
4.85763 6.62718
4.9815 6.31308
5.23614 6.13612
5.43103 6.43733
5.37457 6.77944
5.48427 6.06101
5.61873 5.87461
5.78898 5.88247
5.9509 6.07251
5.93288 5.66198
6.16741 5.97496
6.09455 6.29141
6.42049 6.18332
6.33426 5.73625
6.13658 5.53495
6.28318 5.39342
6.10789 5.17527
5.97886 5.3517
5.79205 5.32506
5.68107 5.59167
5.54269 5.28341
5.68426 5.03101
5.89925 5.14609
5.91268 4.93305
6.13622 4.86632
6.39112 5.09426
6.33877 4.74386
6.55158 4.8
6.64931 5.02842
6.61587 5.32221
6.79101 5.19976
6.78605 5.50876
6.93618 5.3935
6.93204 5.72331
7.11267 5.61167
7.06986 6.05711
7.21436 5.91386
7.278 5.68861
7.41659 5.6148
7.46266 5.83573
7.57666 5.65492
7.67964 5.93909
7.7489 5.57919
7.8969 5.70728
7.88529 5.29429
7.71936 5.31866
7.8516 4.89838
7.54155 5.19637
7.61955 4.71277
7.30635 4.86721
7.28306 5.35398
7.06467 5.18359
7.0266 4.88989
6.89409 5.03597
6.91516 5.18844
6.77722 5.00587
6.80777 4.80078
7.08944 4.59074
6.84154 4.49368
6.66048 4.60461
6.48631 4.5699
6.63663 4.37101
6.42636 4.38881
6.29299 4.5169
6.22107 4.29881
6.06936 4.47676
5.91461 4.30067
5.88868 4.45946
5.64567 4.41502
5.63581 4.18421
5.34109 4.26646
5.33351 4.43693
5.02103 4.36285
5.08309 4.15461
4.77408 4.17921
4.64476 4.39095
4.85258 4.60979
5.17804 4.55258
5.20027 4.76867
4.91022 4.82353
4.64528 4.82346
4.42881 4.63439
4.36221 4.92971
4.57212 5.07666
4.3041 5.23586
4.54795 5.36247
4.3329 5.59805
4.5376 5.60833
4.72728 5.54564
4.62109 5.80811
4.452 5.79389
4.46669 6.06059
4.67095 6.03573
4.58126 6.28539
4.35684 6.34463
4.28639 6.17241
4.19043 6.3248
4.13746 6.11998
4.29592 5.93222
4.11601 5.82335
4.10536 5.49733
3.91183 5.72447
3.91187 5.41381
3.81797 5.58824
3.75451 5.7295
3.69456 5.51642
3.62636 5.84403
3.76949 5.96389
3.62517 6.10536
3.79709 6.29627
3.56299 6.3584
3.43104 6.02773
3.35546 6.3952
3.24318 6.19134
3.21989 5.92586
3.06271 6.17817
3.14573 6.44844
2.88727 6.53377
3.07905 6.70539
3.27947 6.70854
3.49828 6.64632
3.45686 6.91198
3.2968 6.96094
3.39368 7.15845
3.62539 7.17739
3.48746 7.41377
3.68689 7.58692
3.45312 7.77454
3.2999 7.40291
3.19653 7.71709
3.33263 8.04031
3.1887 8.08259
3.31909 8.41556
3.04065 8.31773
3.06518 7.91908
2.92159 7.92213
2.86263 8.15586
2.84637 8.42736
2.71775 8.24683
2.75615 7.87966
2.57209 8.01813
2.59166 7.62247
2.46326 7.81694
2.43963 7.57107
2.29301 7.72109
2.38734 8.12101
2.20154 8.09786
2.04535 7.70123
2.1867 7.31426
2.01109 7.13853
1.86406 7.39804
1.86141 6.96923
1.74988 7.12928
1.75039 7.40246
1.79038 7.64522
1.68212 7.48053
1.69017 7.65435
1.60341 7.51428
1.61424 7.3061
1.5159 7.33698
1.53614 7.06563
1.42776 7.08131
1.40055 7.27149
1.33658 7.043
1.34889 6.91114
1.25778 6.85454
1.29827 6.71448
1.15786 6.65792
1.19161 6.47939
1.23617 6.169
1.35731 6.52405
1.47635 6.27046
1.51097 6.65296
1.5697 6.49483
1.62322 6.68366
1.58338 6.88629
1.52604 6.8633
1.41646 6.83796
1.63315 7.10697
1.66131 6.9203
1.73701 6.77653
1.66968 6.37438
1.85972 6.57788
1.9583 6.78073
2.00597 6.43143
2.05973 6.79224
2.14017 6.97716
2.16949 6.65454
2.27736 6.97543
2.35888 7.32159
2.48917 6.9719
2.50614 7.33817
2.66251 7.19572
2.7692 7.53451
2.85081 7.23432
2.95557 7.60286
2.85152 7.71945
3.08061 7.26853
2.96797 6.92535
2.80052 6.92811
2.67511 6.78668
2.68682 6.50545
2.54422 6.57914
2.60591 6.35393
2.47226 6.24687
2.61725 6.1547
2.73405 6.26084
2.73354 5.9114
2.87958 6.10325
2.88946 5.87246
3.01995 5.88221
2.92799 5.61663
3.15995 5.63136
3.36119 5.67841
3.31424 5.37767
3.10632 5.32759
3.25207 5.11233
3.08 5.06595
2.86581 5.19547
2.6999 5.54089
2.63812 5.22812
2.57354 5.4505
2.55604 5.63285
2.59717 5.78459
2.55948 5.99137
2.4353 5.85653
2.22035 6.15952
2.2669 5.85302
2.15366 5.74693
1.97234 5.89822
1.83786 6.18467
1.7772 5.84891
1.69452 6.01659
1.60172 5.68394
1.56195 6.02297
1.46409 6.01114
1.37539 5.95211
1.45905 5.81665
1.355 5.6701
1.45467 5.58775
1.52443 5.40887
1.38785 5.37545
1.50769 5.13052
1.63391 5.30295
1.64477 5.03746
1.74013 5.11056
1.80077 5.48823
1.91102 5.15753
2.02633 5.45932
2.09359 5.16143
1.99188 4.926
1.83879 4.87013
1.94248 4.78248
2.07977 4.70351
1.89979 4.6685
1.95471 4.52286
2.12207 4.42235
2.18833 4.56145
2.30054 4.65123
2.32251 4.88159
2.49452 4.73357
2.59179 4.95364
2.44696 5.11376
2.2528 5.09913
2.13337 4.94911
2.21611 5.28224
2.34759 5.24027
2.3299 5.41699
2.19158 5.47809
2.13219 5.3368
2.30275 5.64703
2.45262 5.5517
2.47382 5.32699
2.72574 5.07347
2.77855 4.94783
2.9619 4.81622
2.70422 4.73813
2.82693 4.58354
2.65143 4.53857
2.57929 4.63996
2.47064 4.56706
2.5259 4.38954
2.80588 4.34513
2.61206 4.20718
2.36057 4.23925
2.54481 4.02447
2.85236 4.08622
2.7003 3.82761
2.42924 3.81849
2.59865 3.65198
2.40723 3.57372
2.65324 3.48783
2.83112 3.61982
2.81759 3.44255
2.71572 3.30973
2.88761 3.3544
2.97205 3.48201
3.00877 3.36028
2.90045 3.20296
3.11318 3.30216
3.14885 3.48397
3.30609 3.44205
3.28533 3.26927
3.47695 3.43933
3.50392 3.57377
3.63347 3.54706
3.69701 3.4703
3.51294 3.30997
3.84899 3.34873
3.61393 3.21429
3.83528 3.20096
4.18705 3.26019
4.21224 3.45978
4.56493 3.39857
4.49951 3.57503
4.9392 3.52832
4.91117 3.34298
5.22065 3.4055
5.50134 3.54566
5.09596 3.70962
5.37739 3.71203
5.64269 3.71203
5.91741 3.63086
5.94568 3.76548
6.26002 3.65514
6.17821 3.79089
6.43732 3.75193
6.25478 3.90061
5.98416 3.8944
6.06984 3.99999
5.93988 3.97397
5.81081 3.96228
5.68371 3.86584
5.61988 4.01631
5.39395 3.9314
5.41476 3.8107
5.18713 3.86454
5.21841 3.7796
5.02244 3.83097
4.85816 3.79817
4.70731 3.71369
4.65118 3.83302
4.80496 3.88523
4.58432 3.94293
4.41168 3.86527
4.36554 4.0068
4.22555 3.93013
4.18843 3.83218
4.04909 3.91022
4.12355 4.06606
3.92059 3.9955
3.84151 3.83132
4.01659 3.80675
3.91979 3.71674
4.09932 3.7565
4.05504 3.66695
4.33851 3.72381
4.21091 3.58966
4.53009 3.79347
3.96561 3.5273
3.82096 3.60569
3.71296 3.67052
3.59266 3.76053
3.34835 3.6368
3.42252 3.88098
3.12638 3.69902
2.94972 3.83926
3.18967 4.03198
3.05048 4.29364
2.90944 4.22624
2.9832 4.52144
3.23402 4.61628
3.17701 4.89822
3.33706 4.89814
3.46069 5.10852
3.51708 4.75688
3.64272 4.96102
3.66132 5.20551
3.50733 5.4286
3.52431 5.69762
3.81746 5.246
3.84042 4.98184
3.98182 5.12563
4.08698 5.25356
4.1627 5.06269
4.10929 4.8496
3.93711 4.73544
4.10717 4.54263
4.3481 4.3714
4.51779 4.23534
4.3295 4.17199
4.12399 4.28684
3.89117 4.1926
3.9665 4.39003
3.83264 4.38057
3.73852 4.28279
3.68437 4.48594
3.88297 4.55069
3.74986 4.74764
3.46557 4.47184
3.31085 4.31432
3.54201 4.19804
3.70801 3.99753
3.72812 4.16292
4.54681 4.0878
4.76085 4.00551
4.93528 4.04876
4.96588 3.93152
5.14351 4.00189
5.35835 4.09064
5.74867 4.07378
5.84911 4.14487
5.88987 4.04278
6.04336 4.14291
6.27372 4.07621
6.47853 4.19243
6.52755 3.94117
6.7495 4.08567
6.84219 4.27315
7.03006 4.30913
6.98499 4.09753
7.17394 4.10761
7.29242 4.2687
7.33299 4.51227
7.48711 4.54562
7.51969 4.29923
7.6956 4.36401
7.8739 4.47216
7.90259 4.19458
7.76966 4.03369
8.01253 3.99723
8.11052 4.20003
8.20455 3.87088
8.3166 4.06637
8.31143 4.3818
8.06181 4.55159
8.19037 4.67905
8.04819 4.76553
8.07615 4.98018
8.30488 4.83432
8.20422 5.12578
8.04903 5.32992
8.19329 5.399
8.05306 5.52676
8.06443 5.7024
8.08513 5.91672
8.20252 5.64023
8.31986 5.38747
8.35187 5.5455
8.19957 5.9337
8.39508 5.75978
8.53399 5.3323
8.44099 5.27041
8.56717 4.99601
8.3731 5.10916
8.48572 4.77721
8.41365 4.57194
8.31043 4.61183
8.47634 4.3562
8.48069 4.0988
8.58735 4.26441
8.54698 4.50255
8.65823 4.42691
8.7173 4.25639
8.73651 4.49871
8.62601 4.65797
8.71936 4.80148
8.65173 5.06421
8.73211 5.01862
8.83728 4.86671
8.746 5.20829
8.65853 5.2356
8.66345 5.36351
8.57975 5.51046
8.66892 5.56219
8.77035 5.36137
8.7451 5.56781
8.83903 5.3893
8.83161 5.15156
8.90821 5.00898
8.94782 5.15159
8.89703 5.42909
8.89842 5.5763
8.85645 5.85861
8.94406 5.55888
8.90101 5.84076
8.78272 6.2109
8.84673 6.11283
8.77514 6.37827
8.72217 6.56988
8.7305 6.59074
8.67948 6.76867
8.73964 6.56716
8.69761 6.7022
8.658 6.87583
8.71329 6.68172
8.69116 6.82175
8.64785 7.00367
8.76561 6.72276
8.75836 6.58403
8.81599 6.56184
8.90258 6.27078
8.83112 6.41374
8.85645 6.28691
8.90159 6.1133
8.83464 6.24246
8.79896 6.39653
8.7864 6.35185
8.75495 6.51844
8.73936 6.5706
8.79623 6.35676
8.85757 6.07465
8.9249 5.78211
8.93704 5.77296
8.86295 6.07055
8.94055 5.88668
8.98159 5.69451
9.00432 5.54435
8.99404 5.52644
8.96134 5.642
8.99164 5.5174
8.97441 5.5436
9.02743 5.31144
9.02855 5.34397
9.06021 5.15953
9.06092 5.05283
9.0651 4.99623
9.07737 4.80579
9.09022 4.91558
9.08197 5.06883
9.06804 5.21989
9.03883 5.3734
7.90746 2.77309
8.29265 2.96562
8.45456 3.04439
8.36418 2.94138
8.51558 3.0677
8.58029 3.12451
8.62188 3.1552
8.54958 3.05607
8.6679 3.19552
8.71279 3.28316
8.66901 3.25106
8.76021 3.40098
8.68423 3.34342
8.75849 3.51824
8.81799 3.56631
8.80973 3.49774
8.85667 3.5848
8.83848 3.52482
8.90971 3.66224
8.82965 3.48112
8.78266 3.41522
8.7493 3.3223
8.79221 3.40006
8.67353 3.19753
8.72392 3.28298
8.63743 3.14186
8.63181 3.19577
8.52952 3.05363
8.50765 3.08428
8.51947 3.17502
8.66018 3.30034
8.61052 3.34139
8.45478 3.21277
8.56535 3.42271
8.71056 3.52719
8.73454 3.44987
8.81745 3.64083
8.83473 3.55782
8.89441 3.77508
8.88372 3.65575
8.94263 3.81828
8.96664 3.99552
8.92655 3.97391
8.98792 4.21934
8.91151 4.05946
8.95307 4.26913
8.89482 4.21203
8.92874 4.4136
8.99684 4.46347
8.95178 4.69273
8.88792 4.5683
8.81084 4.59789
8.83928 4.32119
8.97687 4.89518
9.01306 4.70843
9.01916 4.98785
8.97345 5.2933
9.02707 5.14629
9.02116 5.30683
9.04467 4.76267
9.03591 4.50494
9.06027 4.55222
9.0887 4.60037
9.05781 4.42807
9.07204 4.44785
8.67177 3.40837
8.60446 3.45942
8.6923 3.5802
8.76024 3.66595
8.72076 3.74087
8.66759 3.68445
8.66973 3.82498
8.58334 3.70602
8.59033 3.89977
8.70328 4.02261
9.06065 4.34956
9.06405 4.29839
9.05191 4.1951
9.02952 4.18952
8.99204 4.14701
8.86721 3.92813
8.94872 3.98044
8.90226 3.82926
8.9388 3.85257
8.87939 3.69905
8.98076 3.88858
8.94483 3.74348
8.97663 3.85715
9.00457 3.99913
8.98013 3.92744
8.93202 3.72843
8.89776 3.64713
8.86074 3.54674
8.88181 3.59021
8.8028 3.41925
8.85001 3.52332
8.75828 3.37908
9.00186 4.04583
9.04317 4.10554
9.04412 4.25775
9.00696 4.17348
9.03265 4.3502
9.04127 4.4015
9.06541 4.27719
9.05532 4.12929
9.02863 4.05355
9.00705 4.0427
8.8327 3.70913
8.79018 3.78483
8.76082 3.89019
8.81237 4.05368
8.56192 3.55683
8.61997 3.60165
9.10047 4.76666
8.83077 4.02455
8.75503 4.08431
8.63786 4.01071
8.72422 3.86514
8.59669 3.74688
8.66745 3.63184
8.79408 3.76763
8.85355 3.91764
8.87207 3.84752
8.52253 3.54165
8.4057 3.33217
8.34761 3.50781
8.47769 3.69063
8.33545 3.69405
8.40391 3.86041
8.18829 3.62638
8.00681 3.78862
8.00018 3.57006
8.17047 3.43317
8.28326 3.33471
8.14607 3.27191
7.96905 3.36675
7.98002 3.20834
7.82421 3.2692
7.74671 3.39452
7.70674 3.312
7.57656 3.38114
7.65589 3.23638
7.38559 3.34112
7.48297 3.16687
7.73015 3.08248
7.83822 3.16041
7.95669 3.05735
8.10872 3.15985
8.16821 3.07273
8.26447 3.20952
8.34526 3.16253
8.29768 3.05659
8.37691 3.04462
8.22142 2.93215
8.15626 2.96837
8.01138 2.93629
8.06792 2.85968
7.89515 2.79831
7.81668 2.92465
7.93365 2.96946
7.71314 2.80263
7.61149 2.87864
7.56736 3.00641
7.39573 2.94693
7.27948 3.11322
7.20305 3.04176
6.95918 3.16201
7.05255 3.25851
7.22102 3.27846
6.92939 3.44107
6.84948 3.3316
6.58953 3.48702
6.65891 3.61711
6.48386 3.62447
6.65487 3.76125
6.80646 3.83518
6.85893 3.64488
7.09473 3.67884
6.96188 3.9144
7.19205 3.88352
7.33102 3.66882
7.42442 3.75518
7.55719 3.55867
7.60687 3.73651
7.40412 3.96191
7.62275 3.90597
7.8082 3.74825
7.51976 4.08991
7.79853 3.54585
7.36349 3.50857
7.20818 3.4877
7.15669 3.41041
7.04917 3.52501
6.34933 3.52641
6.48344 3.41143
6.70481 3.32917
6.61374 3.25059
6.76552 3.10451
7.10993 2.93842
6.72243 2.99405
6.96217 2.91037
7.0651 2.81104
7.25793 2.70583
7.4823 2.77668
7.45999 2.62199
7.69523 2.69758
7.64811 2.60787
7.89223 2.70172
7.85303 2.61972
8.02907 2.68972
8.09531 2.80306
7.98842 2.79083
8.28533 2.90427
8.16613 2.77862
8.2609 2.82119
8.41032 2.9661
8.39376 2.93487
8.53042 3.04421
8.35434 2.90048
8.21036 2.79954
8.11642 2.78072
8.0337 2.68148
8.12472 2.75141
7.94631 2.63837
7.98207 2.62369
8.12683 2.72398
8.24746 2.83568
8.12226 2.71298
8.00152 2.63013
7.83065 2.56668
7.78778 2.55091
7.6472 2.53514
7.68701 2.58077
7.48098 2.51478
7.44435 2.54458
7.30302 2.46132
7.31563 2.52707
7.17172 2.47224
7.15397 2.56478
6.94877 2.45692
7.12307 2.39323
6.95473 2.33144
7.0859 2.31302
6.88104 2.24828
7.10019 2.25869
6.95558 2.22525
7.19851 2.23816
7.0747 2.20957
7.329 2.29829
7.25809 2.31025
7.43445 2.42026
7.40891 2.43646
7.6474 2.57979
7.57437 2.45786
7.86629 2.64522
7.74436 2.54224
7.59323 2.4539
7.70614 2.50462
7.66922 2.47756
7.48648 2.41752
7.40851 2.34749
7.29073 2.32282
7.36815 2.40383
7.5101 2.48236
7.26224 2.39333
7.21381 2.34051
7.61319 2.49373
7.82984 2.56962
7.92394 2.6347
8.0673 2.8288
7.52135 2.63339
7.13482 2.5056
6.99213 2.43628
7.05731 2.39229
7.12166 2.36797
7.29123 2.50924
7.2089 2.32817
7.02576 2.25044
6.98141 2.32108
6.82866 2.20861
6.63285 2.18992
6.47178 2.185
6.66383 2.15362
6.48218 2.1622
6.64296 2.16272
6.44848 2.13815
6.57545 2.17177
6.39368 2.13719
6.56594 2.16651
6.77718 2.18144
6.70039 2.18965
6.35079 2.19461
6.62408 2.24303
6.4268 2.28517
6.72254 2.33119
6.48194 2.40266
6.71116 2.44067
6.59948 2.50959
6.78424 2.53816
6.93263 2.6296
6.68814 2.64017
6.80178 2.76544
6.97268 2.76217
6.86107 2.87519
6.64854 2.86737
6.6311 2.75232
6.49122 2.81777
6.46784 2.89553
6.50669 2.98324
6.30125 2.92572
6.24774 3.01618
6.36711 3.04854
6.3486 3.15151
5.9711 3.05031
5.8069 3.21158
6.09307 3.34905
6.36527 3.33634
6.24262 3.4637
5.95926 3.48535
6.15438 3.56051
5.78366 3.38253
5.49638 3.32492
5.41296 3.17957
5.47761 3.06024
5.05904 3.09185
5.17681 3.25023
4.89574 3.188
4.60529 3.24331
4.6702 3.08902
4.34566 3.12814
4.34824 2.96897
4.73317 2.98647
4.57238 2.87022
5.0146 2.92746
4.75626 2.77272
5.09313 2.77617
5.41998 2.8837
5.33264 2.73682
5.59064 2.78609
5.76331 2.91855
5.87293 2.8095
6.05593 2.92864
6.14563 2.81042
6.3515 2.85108
6.32563 2.75166
6.48428 2.68363
6.30991 2.64465
6.38512 2.53557
6.54055 2.59086
6.19918 2.56603
6.17498 2.46906
6.30718 2.43687
6.21268 2.35138
5.98202 2.40245
5.98514 2.31764
6.14142 2.25945
5.85384 2.27048
6.00208 2.21869
5.61315 2.20793
5.9276 2.16747
5.77376 2.12143
6.1162 2.14038
6.10589 2.17347
6.22908 2.12067
5.99486 2.09419
6.07608 2.12418
6.31455 2.1434
6.31962 2.15619
3.32373 2.69919
3.07524 2.66028
2.86462 2.67968
2.87824 2.61831
2.74597 2.58511
2.63902 2.54527
2.35981 2.60898
2.29069 2.71816
2.17833 2.8188
1.61371 3.79709
1.57329 3.7281
1.6062 3.63128
1.7017 3.41196
1.82784 3.24522
1.95541 3.03424
1.92281 3.07029
1.85604 3.13261
1.84375 3.16253
1.75628 3.24729
1.69398 3.30424
1.74713 3.26221
1.67089 3.40169
1.58244 3.45253
1.53698 3.56661
1.59483 3.55585
1.48897 3.66043
1.5012 3.72261
1.41589 3.76961
1.38677 3.89019
1.47472 3.87177
1.07375 4.5544
1.12833 4.50469
1.14862 4.40183
1.23748 4.21224
1.30364 4.03762
1.24993 4.10996
1.18723 4.27405
1.15762 4.23824
1.2327 4.08359
1.27726 3.96255
1.2802 3.90914
1.22726 4.06153
1.2183 4.05144
1.30403 3.86002
1.39141 3.70619
1.45479 3.63182
1.53444 3.49459
1.60287 3.41531
1.49342 3.56992
1.63299 3.43
1.79564 3.20464
1.71791 3.28003
1.67479 3.32796
1.81245 3.1811
1.64347 3.36336
1.46212 3.60978
1.92339 3.05635
1.99953 3.00482
1.93605 3.10108
2.07502 2.95955
1.97349 3.09582
2.12152 2.92714
2.01772 3.08716
2.17064 2.90032
2.07878 3.07345
2.21031 2.88125
2.14887 3.02819
2.25796 2.87077
2.24001 2.9545
2.37528 2.80012
2.33408 2.75133
2.44879 2.67374
2.4309 2.6203
2.53023 2.59807
2.55824 2.64543
2.64906 2.56692
2.58284 2.54644
2.71596 2.50259
2.7739 2.50801
2.75908 2.55793
2.92123 2.48111
2.89418 2.59636
3.17747 2.53068
3.12394 2.66946
2.93168 2.7648
3.14334 2.79428
3.09467 2.91764
3.29934 2.9073
3.36085 2.76103
3.5048 2.84562
3.66725 2.80658
3.58101 2.70788
3.94377 2.78091
3.77908 2.65193
4.05968 2.69494
4.35351 2.74779
4.23649 2.84278
3.96382 2.88481
3.90623 3.04459
3.71197 2.88487
3.55624 2.94735
3.59059 3.04332
3.66929 3.11936
3.47821 3.10936
3.42576 3.17737
3.27268 3.06807
3.41834 3.01154
3.2036 2.94915
3.06904 3.10385
2.86149 2.96357
2.6963 3.11233
2.65333 2.94372
2.75335 2.82866
2.74231 2.7143
2.61299 2.82947
2.61187 2.73141
2.72326 2.64268
2.63213 2.63915
2.51979 2.73075
2.45346 2.85269
2.49347 2.95856
2.32863 3.02086
2.14452 3.12255
2.08855 3.14931
2.04848 3.26161
1.97541 3.30484
1.96824 3.25112
1.85156 3.45951
1.75735 3.47255
1.87061 3.28312
1.69248 3.48987
1.77509 3.37749
1.67747 3.44938
1.55682 3.64027
1.45673 3.68374
1.80029 3.24893
1.85536 3.26093
1.41246 3.85849
1.28635 3.95803
1.31523 3.87195
1.39202 3.71915
1.25689 3.962
1.20818 4.06116
1.1297 4.22923
1.17686 4.18339
1.11634 4.2929
1.07111 4.36606
1.12694 4.27406
1.13042 4.35688
1.08714 4.45099
1.10271 4.33412
1.10528 4.41519
1.08633 4.5593
1.13281 4.45859
1.16796 4.32456
1.19431 4.33434
1.1746 4.52569
1.26411 4.33768
1.23468 4.53669
1.33056 4.38468
1.2943 4.56632
1.3666 4.4837
1.42262 4.29878
1.40784 4.18908
1.34634 4.22924
1.41892 4.0724
1.33738 4.13656
1.42678 3.9491
1.34204 4.03221
1.31105 4.04218
1.27841 4.17982
1.23356 4.17002
1.22647 4.1044
1.17461 4.23229
1.573 3.70996
1.52524 3.8835
1.67627 3.6693
1.60987 3.86792
1.77998 3.62294
1.94087 3.42164
1.91175 3.56381
2.07319 3.32656
2.06791 3.5171
2.26232 3.31246
2.2356 3.16895
2.39317 3.11426
2.50603 3.23447
2.55318 3.06751
2.53585 3.39196
2.38586 3.3945
2.23184 3.51449
2.21921 3.66287
2.07223 3.69088
1.89458 3.7529
1.92925 3.92472
2.12592 3.8287
2.02315 4.04439
2.21897 3.93487
2.27692 3.75488
2.33162 4.02931
2.15432 4.16209
1.91291 4.32067
1.85714 4.13733
1.74471 4.31157
1.75192 4.11751
1.80848 3.93958
1.71155 4.02512
1.7713 3.90148
1.63921 4.01014
1.7653 3.78342
1.50626 4.10277
1.48756 4.02486
1.51229 4.22377
1.61721 4.17813
1.50995 4.37317
1.61914 4.3384
1.49933 4.57397
1.63377 4.50299
1.75052 4.49085
1.6592 4.66797
1.57116 4.68412
1.59325 4.86206
1.46298 4.85634
1.39195 4.74237
1.41685 4.54413
1.31256 4.68506
1.44413 4.3876
1.31627 4.8543
1.25784 4.86207
1.24135 4.69839
1.17423 4.82498
1.17507 4.66684
1.13141 4.72116
1.12005 4.58939
1.02574 4.79211
1.00321 4.88771
1.07814 4.93779
0.95574 4.99743
1.0113 5.12132
1.07945 5.10695
1.17597 5.02879
1.11292 5.23795
1.21232 5.17868
1.19084 5.32516
1.27723 5.25354
1.28158 5.03198
1.37693 5.09562
1.23767 5.508
1.23898 5.81427
1.10217 5.68942
1.09609 5.45039
1.02719 5.36564
1.03456 5.2192
0.976592 5.28749
0.937202 5.19889
0.896186 5.13794
1.1199 6.9811
1.16063 6.81713
1.2246 6.97054
1.2668 7.15555
1.1227 5.92508
1.36468 4.91968
1.69761 4.85791
1.7736 4.66867
1.84975 4.52522
2.31317 4.47166
3.35569 3.19955
4.2791 2.6161
4.61876 2.64015
4.8955 2.67147
4.86653 2.53906
5.15334 2.649
5.1571 2.50616
5.42099 2.64021
5.40549 2.47886
5.69392 2.55524
5.70693 2.69789
5.93044 2.68526
5.98944 2.53663
6.1512 2.66729
5.79808 2.4404
5.75613 2.33808
5.5789 2.41576
5.48781 2.32027
5.62835 2.2782
5.44444 2.24535
5.27638 2.21443
5.18635 2.18352
5.42562 2.14765
5.07817 2.16206
4.50405 2.51895
4.96526 2.20779
5.03075 2.18632
4.90499 2.17648
4.72758 2.1962
4.79499 2.21478
4.57719 2.23327
4.56271 2.2225
4.54118 2.2537
4.93126 2.23822
4.64308 2.29717
4.87479 2.30081
5.20429 2.27223
5.07696 2.36637
5.3322 2.38615
5.24373 2.43188
4.92758 2.45217
4.79631 2.3868
4.74275 2.47833
4.56343 2.5287
4.55839 2.48249
4.31544 2.53202
4.32521 2.46769
4.58066 2.36849
4.29328 2.34938
4.1481 2.43562
4.07197 2.51126
3.93041 2.42668
3.79114 2.52675
3.65361 2.46663
3.64622 2.37648
3.96623 2.32549
3.7178 2.31127
4.03604 2.26904
3.80548 2.28729
4.18459 2.25452
3.89107 2.28412
4.19388 2.26507
4.56928 2.22347
4.4734 2.22655
4.36346 2.23706
4.49725 2.25578
4.73799 2.22418
4.79081 2.26364
4.84408 2.20749
4.47112 2.35249
4.73362 2.37801
4.19558 2.44683
3.97322 2.6663
4.30803 2.63011
3.55941 2.7232
3.63228 2.60032
3.39385 2.5661
3.67366 2.47604
3.44996 2.46111
3.62472 2.39345
3.78448 2.36835
3.74133 2.33694
3.50005 2.37911
3.67558 2.32655
3.9196 2.2962
3.58589 2.33588
3.43637 2.37243
3.27953 2.40043
3.44624 2.34049
3.09222 2.36584
3.20643 2.35561
2.99424 2.38628
2.9734 2.41643
3.15556 2.40394
3.36943 2.36308
3.33344 2.43405
3.23384 2.4641
3.49606 2.50948
3.48565 2.42742
3.49309 2.60394
3.67738 2.59657
3.93703 2.61836
3.7515 2.59315
3.92714 2.5663
4.10535 2.57098
3.33044 2.65391
3.08008 2.44958
2.98781 2.42251
2.8526 2.45443
2.79039 2.44668
2.86215 2.42288
2.70047 2.44586
2.8667 2.39378
2.72755 2.44381
2.87408 2.42272
3.04153 2.42724
2.87353 2.47942
2.68841 2.47317
3.11687 2.45665
3.27401 2.42438
3.21157 2.4633
3.06032 2.5127
3.29199 2.44711
3.34094 2.42509
3.24256 2.51432
2.8838 2.55676
2.53644 2.50902
2.36808 2.58921
2.27571 2.68491
2.22809 2.76014
2.15587 2.81613
2.0741 2.91162
2.27275 2.69789
2.17883 2.8147
2.25223 2.73767
2.3745 2.59166
2.28789 2.73174
2.52001 2.53787
2.66058 2.49626
3.46759 2.33293
3.95167 2.33215
4.07369 2.27808
4.20916 2.30434
3.95038 2.39226
3.88514 2.51511
4.30309 2.35958
4.23349 2.26594
5.30498 2.67191
1.37944 3.76261
1.42206 3.72984
1.33882 3.85744
1.3483 3.91333
5.65822 2.98719
6.70071 2.94563
7.09285 2.6915
7.30941 2.5954
6.87675 2.17695
7.08874 2.24282
7.25901 2.59437
8.41309 3.04184
8.53476 3.84404
8.53979 3.74691
5.76142 4.02154
2.35584 6.60155
3.15096 6.93835
3.23997 7.13259
1.68321 7.29641
1.55299 7.53744
1.615 7.72818
1.73781 7.85854
1.67931 8.04211
1.78855 8.07492
1.7745 8.23487
1.88688 8.24033
1.84763 8.46169
1.70499 8.30988
1.73726 8.53169
2.01595 8.47411
2.03749 8.16888
2.21543 8.43275
2.43267 8.66368
2.3715 8.39639
2.52645 8.36036
2.69174 8.62407
2.62247 8.9335
2.59149 9.19493
2.81779 9.15393
2.9166 9.50029
2.99731 9.28894
3.10441 9.4624
3.23519 9.61914
3.30335 9.27691
3.12508 9.1994
3.17985 8.84911
3.50389 8.84129
3.4926 8.49106
3.49072 8.21223
3.01421 9.06005
2.91711 8.76757
2.76601 8.88095
2.28921 8.29007
1.88309 7.92964
1.89525 7.68805
3.81383 7.33844
3.87613 7.56485
3.97381 7.38912
3.91694 7.00046
4.2854 6.88267
4.0733 6.76851
3.94341 6.61022
3.71808 6.63437
4.02465 6.34057
4.18249 6.56284
3.95315 6.05242
3.64043 6.87314
4.45407 6.56636
4.62013 6.76815
4.72168 6.46875
4.80651 6.16904
4.97891 6.03408
5.08846 6.07008
5.1024 5.81427
5.36825 5.63731
5.15255 5.5554
4.96878 5.53522
4.84858 5.83823
4.82904 5.24046
5.12185 5.34479
5.07917 5.03369
5.30618 5.23581
5.38978 5.01028
5.50145 4.83395
5.70354 4.80433
5.49668 4.62915
5.8856 4.64953
4.79907 4.9762
6.15302 4.64764
6.89107 6.00116
6.79776 5.78757
6.73966 6.05823
6.65417 5.67185
6.53533 5.88995
6.60533 6.21934
6.46801 5.50576
5.70636 7.83924
5.95825 7.47468
6.06609 7.89401
6.25462 8.05816
6.37813 7.78917
6.42759 8.01665
6.63022 7.83443
6.55865 7.4182
6.82701 7.53238
6.88936 7.81758
6.98099 8.0783
7.07077 7.78083
7.16881 7.8684
7.21555 7.5778
7.03232 7.56177
7.13772 7.28219
7.28997 7.26921
7.39367 7.45104
7.43912 7.10775
7.5521 7.25063
7.64839 7.40187
7.71954 7.04753
7.79002 7.31782
7.78277 7.64826
7.91499 7.3845
7.85517 7.63646
7.93445 7.62051
8.0419 7.32528
8.03287 7.60359
8.11306 7.42592
8.24244 7.31041
8.21428 7.60652
8.29128 7.5201
8.3277 7.65516
8.27556 7.89271
8.1573 7.13522
8.28008 6.82494
8.15472 6.84929
8.38617 6.44376
8.46092 6.3773
8.51985 6.34325
8.09251 7.07719
8.03652 7.00179
7.91386 7.07707
7.85651 6.90169
7.43392 6.82144
7.32513 7.00175
7.23772 7.13539
7.00079 7.08958
6.97018 7.34087
6.80968 7.17893
6.89158 6.94908
6.37499 7.14457
6.2516 7.47363
7.24896 9.87772
7.40303 9.66331
7.59809 9.43123
7.57556 9.3272
7.41582 9.52778
7.47261 9.33009
7.26332 9.55328
7.12822 9.80567
7.06467 9.71655
6.86857 9.88714
6.82747 10.0817
6.5785 10.0935
6.4247 9.89025
6.24207 10.1978
6.37956 10.34
6.14456 10.4444
5.95118 10.3485
5.87852 10.6291
5.65332 10.486
5.62441 10.7011
5.66776 10.8128
5.82895 10.8197
5.66734 10.912
5.99997 10.7256
5.5606 11.0307
5.3668 11.1737
5.35892 11.0258
5.19086 11.0884
5.22004 10.996
5.0837 10.9873
5.17122 10.9407
5.09248 10.8423
5.30804 10.8742
5.22023 10.6659
5.44063 10.6851
5.5045 10.8128
5.50911 10.9202
5.39422 10.4879
5.54653 10.3097
5.79133 10.1516
5.55223 10.097
5.37607 10.2666
5.38803 10.0606
5.23965 10.1777
5.52642 9.82837
5.18977 10.4133
4.96568 10.6004
4.81685 10.4293
4.64815 10.6496
4.85788 10.9097
4.64544 10.8959
4.80927 11.1055
4.99543 11.0886
5.10867 11.2058
4.68707 10.2535
4.41708 10.4527
4.46175 10.1474
5.70604 9.91531
5.89709 9.83308
5.99746 9.9775
6.03086 10.1413
6.179 9.97306
6.1071 9.77626
6.27883 9.77168
6.43139 9.61351
6.57089 9.65378
6.26209 9.55275
6.74205 10.3858
6.5525 10.4457
6.15125 10.6067
6.31829 10.5647
6.28909 10.493
6.42585 10.4466
6.60957 10.298
6.81193 10.2302
7.02493 10.0803
7.35672 9.3198
7.24157 9.3193
7.33758 9.23572
7.44787 9.05743
7.55977 9.11491
7.67669 9.14263
7.72308 8.94579
7.80981 8.8616
7.89075 8.80471
7.92743 8.68128
7.31579 9.18172
7.34596 9.0502
2.16922 9.59493
2.02936 9.4057
1.16063 6.81713
2.0741 2.91162
