1.1199 6.9811
1.48745 8.03799
1.92109 9.18861
2.02936 9.4057
2.16922 9.59493
2.87147 10.324
3.76287 10.9439
4.1307 11.1078
4.47159 11.1455
5.10867 11.2058
5.3668 11.1737
6.74205 10.3858
7.24896 9.87772
7.59809 9.43123
8.25042 8.18922
8.35904 7.91626
8.58015 7.31248
8.76561 6.72276
8.81599 6.56184
8.90258 6.27078
9.06804 5.21989
9.08197 5.06883
9.10047 4.76666
9.0887 4.60037
9.05532 4.12929
8.94483 3.74348
8.88181 3.59021
8.8028 3.41925
8.7493 3.3223
8.67353 3.19753
8.63743 3.14186
8.54958 3.05607
8.2609 2.82119
8.12226 2.71298
8.00152 2.63013
7.329 2.29829
7.19851 2.23816
7.0747 2.20957
6.87675 2.17695
6.66383 2.15362
5.99486 2.09419
5.07817 2.16206
4.90499 2.17648
3.80548 2.28729
3.09222 2.36584
2.8667 2.39378
2.70047 2.44586
2.53644 2.50902
2.36808 2.58921
2.27571 2.68491
1.92339 3.05635
1.69398 3.30424
1.64347 3.36336
1.53444 3.49459
1.39141 3.70619
1.30403 3.86002
1.2802 3.90914
1.20818 4.06116
1.1297 4.22923
1.07111 4.36606
0.896186 5.13794
