-3.81561 7.09527
-3.24128 8.73167
-3.1847 8.87899
-2.9418 9.39619
-2.81643 9.58941
-2.67555 9.77004
-1.83872 10.8376
-1.42352 11.2446
-1.25834 11.3675
-0.634075 11.7308
0.218678 12.0272
0.465253 12.047
0.803446 12.0678
1.68939 11.6275
2.45311 11.1757
2.86859 10.773
2.98859 10.6347
3.08995 10.4829
3.17498 10.3043
3.31483 9.97143
3.37195 9.76802
3.52959 8.93471
3.55999 8.7123
3.58644 8.49598
3.75347 6.77592
3.81853 5.23057
3.81445 5.13099
3.78675 5.05258
3.3114 4.2545
3.06886 3.88589
2.94267 3.71466
2.66376 3.40622
2.34913 3.16464
2.13245 3.03256
1.94661 2.96723
1.6346 2.91537
1.19313 2.86066
0.555807 2.78336
0.394789 2.79077
-2.52048 3.05249
-2.73499 3.08071
-3.13084 3.18628
-3.28756 3.24244
-3.4009 3.34398
-3.53476 3.48351
-3.66423 3.62441
-3.78153 3.76994
-4.02542 4.21291
-4.06601 4.28738
-4.08828 4.33364
-4.12191 4.45584
-4.13258 4.51597
-4.16469 4.70258
-4.18448 5.062
-4.17339 5.22717
-4.16448 5.32463
-4.13865 5.58499
-4.04458 6.33841
-4.01149 6.46928
-3.97241 6.59994
