-1.78397 -1.62652
-1.68371 -1.37947
-0.826406 -0.0163186
-0.699037 0.185476
-0.265607 0.852967
0.177337 1.39083
0.287456 1.4796
0.415867 1.57629
0.56993 1.6524
1.25139 1.93732
1.41875 1.92732
1.58007 1.9166
1.8847 1.87128
2.04957 1.83892
2.21113 1.78365
2.36735 1.7155
2.5529 1.58946
2.73461 1.4602
2.91314 1.31954
3.07753 1.15531
3.21845 0.971698
3.31681 0.783173
3.77939 -0.221814
3.81239 -0.339032
3.84577 -0.461745
3.87813 -0.593665
3.90823 -0.737022
4.17484 -2.72018
4.15036 -3.13368
4.13578 -3.28267
4.07691 -3.72715
4.03485 -3.95017
3.97131 -4.27599
3.96065 -4.31644
3.83479 -4.60812
3.7055 -4.83211
3.61343 -4.96692
3.50999 -5.08377
3.46939 -5.11098
3.26788 -5.2366
2.9829 -5.31196
2.07711 -5.54868
1.82848 -5.58232
1.47367 -5.56617
1.22539 -5.54051
0.0620651 -5.40908
-0.277358 -5.36501
-0.826811 -5.28349
-0.941056 -5.24905
-1.04305 -5.20958
-1.22449 -5.09455
-1.86195 -4.55483
-2.01996 -4.41382
-2.11514 -4.3175
-2.17494 -4.21131
-2.21148 -4.02268
-2.21552 -3.94414
-2.14617 -2.81517
-1.96649 -2.21089
