2.47001 -11.0086
2.41726 -10.7435
2.37638 -10.3467
2.37285 -10.1372
2.48734 -8.57745
2.64159 -8.19855
2.75708 -7.95103
2.85641 -7.78897
3.12883 -7.44537
3.82495 -6.73074
4.09329 -6.51545
4.81194 -6.13993
5.54713 -6.10721
6.37113 -6.45679
6.7191 -6.68668
7.33076 -7.18698
8.09214 -8.07091
8.70062 -8.88618
8.795 -9.01956
9.05012 -9.68685
9.32066 -10.7434
9.42213 -11.2218
9.48771 -11.9311
9.47918 -12.5557
9.4485 -12.8221
9.42719 -12.9382
9.37281 -13.0951
9.24825 -13.2671
9.19651 -13.317
9.08895 -13.413
8.91893 -13.5413
8.81616 -13.59
8.5511 -13.6932
8.34166 -13.7616
8.0991 -13.8186
7.90403 -13.8594
7.76683 -13.8698
7.53101 -13.8836
7.29786 -13.8874
5.93396 -13.877
5.65276 -13.8673
5.33241 -13.8287
4.81548 -13.7582
4.4628 -13.7096
4.38359 -13.6861
4.26057 -13.645
4.13173 -13.6004
3.97861 -13.5242
3.80767 -13.4226
3.69519 -13.346
3.49916 -13.1851
3.41206 -13.0924
3.36537 -13.0377
3.18877 -12.8188
3.12019 -12.6982
2.90799 -12.2906
2.61981 -11.6496
2.55964 -11.4425
