10.894 -3.28671
10.8902 -3.2256
10.9011 -3.42452
10.9171 -3.34344
10.9037 -3.14131
10.8938 -3.07908
10.8905 -2.94803
10.8881 -2.98577
10.8925 -2.86476
10.7035 -2.05575
10.777 -2.28415
10.811 -2.46335
10.8279 -2.56056
10.8502 -2.78465
10.8176 -2.58166
10.857 -2.79551
10.8892 -3.0194
10.8458 -2.83128
10.8865 -3.16396
10.8966 -3.24383
10.8982 -3.42675
10.9127 -3.3771
10.9145 -3.49557
10.9184 -3.50591
10.891 -3.6803
10.8871 -3.58565
10.8831 -3.58126
10.863 -3.75256
10.8179 -3.82958
10.8055 -3.83728
10.7449 -3.93394
10.7635 -3.98211
10.7065 -4.1123
10.6871 -4.05801
10.6558 -4.22668
10.5975 -4.32845
10.5198 -4.43281
6.42185 -6.10076
6.66487 -6.24326
6.47226 -6.26464
6.61834 -6.39693
6.35507 -6.35731
6.44949 -6.47937
6.712 -6.55399
6.81871 -6.47696
6.93315 -6.57202
6.90662 -6.63746
7.06529 -6.64973
7.06978 -6.7323
7.25299 -6.7327
7.0991 -6.6174
7.23243 -6.65588
7.13461 -6.54725
7.28983 -6.60861
7.37847 -6.73071
7.45435 -6.67568
7.5748 -6.81262
7.45746 -6.81655
7.59653 -6.87767
7.49697 -6.87523
7.38746 -6.83493
7.42579 -6.88416
7.57583 -6.90455
7.49007 -6.9408
7.66593 -6.95649
7.55531 -6.99471
7.38855 -6.95522
7.54427 -7.0333
7.67788 -7.00542
7.78629 -7.02557
7.69323 -7.04563
7.54955 -7.00706
7.77605 -7.00334
7.84022 -7.01396
8.03403 -6.96118
7.88692 -6.95733
8.08039 -6.90378
8.22233 -6.84535
8.25923 -6.82225
8.44649 -6.76645
8.3412 -6.8344
8.51469 -6.74439
8.68526 -6.65201
8.63729 -6.63514
8.79072 -6.55329
8.90406 -6.44876
8.91288 -6.49668
9.11348 -6.34595
9.0948 -6.40835
8.83877 -6.57866
9.09165 -6.41191
9.30773 -6.24945
9.44588 -6.13031
9.962 -5.49085
10.0003 -5.57389
10.1513 -5.33241
10.1073 -5.33914
10.2 -5.21151
10.2811 -5.15474
10.3399 -5.17341
10.3898 -5.00017
10.5015 -4.88397
10.4793 -4.84241
10.4256 -4.88007
10.496 -4.7483
10.5715 -4.65395
10.5364 -4.62768
10.4687 -4.71493
10.5461 -4.51757
10.6047 -4.48868
10.6157 -4.37468
10.6696 -4.30243
10.6612 -4.41379
10.7345 -4.1859
10.7169 -4.32531
10.6524 -4.50081
10.7139 -4.43535
10.6108 -4.65673
10.5873 -4.76154
10.6532 -4.6404
10.7151 -4.48358
10.7657 -4.30177
10.7305 -4.40759
10.7808 -4.23536
10.8247 -4.0836
10.8413 -4.03217
10.8678 -3.8661
10.8642 -3.83152
10.8917 -3.65471
10.8855 -3.62605
10.874 -3.41578
10.84 -3.59327
10.8452 -3.82382
10.8164 -3.86795
10.7757 -3.79593
10.78 -3.53009
10.7375 -3.73391
10.6876 -3.52648
10.7271 -3.29484
10.784 -3.31375
10.7558 -3.11724
10.7977 -3.18494
10.7637 -2.98959
10.7201 -2.86786
10.6819 -3.01097
10.6554 -2.70359
10.6147 -2.83779
10.556 -2.5371
10.6027 -2.35987
10.473 -2.15362
10.4705 -2.37138
10.3695 -2.14449
10.3129 -1.78954
10.4011 -1.78231
10.2309 -1.40296
10.187 -1.46574
10.1028 -1.20533
10.0794 -0.956451
10.1837 -1.05969
10.0139 -0.615931
10.0953 -0.663792
10.2256 -0.997912
10.3085 -1.28747
10.3269 -1.18277
10.1881 -0.838154
10.2252 -0.808398
10.1154 -0.579771
10.1072 -0.450526
10.259 -0.768023
10.1623 -0.44615
10.2166 -0.551154
10.0533 -0.207179
10.133 -0.356974
10.0116 -0.160101
10.0229 -0.155948
9.8525 0.126426
9.9469 -0.0293168
9.94247 -0.0137853
9.84813 0.155433
9.93591 -0.00544657
9.86373 0.134719
9.89183 0.0809192
9.94404 -0.021348
10.0396 -0.218005
10.0173 -0.182499
9.86007 0.113164
9.94093 -0.11242
10.0075 -0.329028
9.8722 -0.08028
9.76092 0.208125
9.71207 0.178476
9.60078 0.408474
9.648 0.426916
9.65563 0.458126
9.53062 0.589699
9.46876 0.773204
9.50789 0.726461
9.66263 0.499348
9.66951 0.475176
9.7826 0.278959
9.7743 0.298102
9.62535 0.532569
9.71982 0.373166
9.07334 1.39377
9.17322 1.23503
9.14425 1.22417
9.2974 1.02764
9.2223 1.02078
9.36906 0.813947
9.36267 0.940818
9.25345 1.09952
9.29362 0.850077
9.43306 0.629552
9.5422 0.407893
9.41118 0.556894
9.28154 0.770418
9.27575 0.6712
9.12077 0.919243
9.15355 1.01648
8.98994 1.18049
9.05843 1.1815
8.97799 1.33465
8.83891 1.44676
8.81713 1.31585
8.95041 1.09451
8.84742 1.14676
8.96053 0.935668
9.13688 0.758711
9.04009 0.731691
9.2317 0.550769
9.39736 0.465648
9.39787 0.345418
9.53041 0.285171
9.50217 0.398585
9.59792 0.270834
9.6888 0.0687578
9.83554 -0.126298
9.82638 -0.271848
9.92226 -0.363884
9.96413 -0.350244
10.0005 -0.488086
10.0426 -0.468817
9.90424 -0.586053
9.72736 -0.274976
9.68069 -0.0679832
9.5872 -0.0485825
9.53766 0.140792
9.43054 0.101958
9.38121 0.25234
9.26235 0.385932
9.23273 0.272161
9.06896 0.534652
8.96058 0.405478
8.81898 0.675451
8.91011 0.748465
8.70411 0.928014
8.87948 0.883226
8.75242 1.09308
8.55064 1.19087
8.59984 1.29856
8.42579 1.41039
8.51639 1.5061
8.7171 1.31482
8.64886 1.47025
8.50744 1.67953
8.6703 1.57976
8.4851 1.85662
8.67473 1.72025
8.48894 1.97488
8.38071 2.04001
8.36316 2.14023
8.2507 2.17972
8.24928 2.30959
8.42435 2.13133
8.36425 2.26495
8.49147 2.10479
8.60422 1.93277
8.60378 1.99382
8.48587 2.14931
7.7599 3.00174
8.01707 2.55046
8.23489 2.42692
8.07032 2.36104
7.8544 2.53884
7.79799 2.68358
7.66732 2.84551
7.61525 2.97311
7.61788 3.0502
7.50932 3.06346
7.45199 3.1953
7.38738 3.08489
7.52392 2.97779
7.49857 2.89735
7.66052 2.70992
7.5124 2.72338
7.72266 2.54464
7.92789 2.36333
7.8077 2.36615
8.00626 2.15292
8.14147 2.17209
8.31258 2.03728
8.28971 1.93334
8.16226 1.9059
8.36731 1.73803
8.28369 1.66745
8.04597 1.88162
8.09545 1.69505
8.25828 1.51972
8.31686 1.32177
8.11842 1.51724
8.10848 1.36604
8.25703 1.18282
8.46788 1.09075
8.36199 1.01656
8.54764 0.847474
8.33751 0.904256
8.41934 0.698516
8.68835 0.577765
8.60517 0.43577
8.79704 0.367862
8.95663 0.211817
9.14222 0.1471
9.09239 -0.0790125
9.26812 -0.0462397
9.33407 -0.253958
9.43716 -0.165495
9.3371 0.0488183
9.50865 -0.0804266
9.63213 -0.326229
9.61491 -0.169556
9.79859 -0.5482
9.76908 -0.725339
9.94898 -0.890993
9.92237 -0.984826
10.0498 -1.26504
9.90097 -1.08903
9.99653 -1.30845
10.0828 -1.55078
10.1833 -1.60375
10.2274 -1.86894
10.1048 -1.83637
10.2472 -2.20232
10.4001 -2.41556
10.3317 -2.54618
10.187 -2.46055
10.0022 -2.09766
10.038 -2.69533
9.85679 -2.30825
9.7177 -1.90367
9.71502 -2.25314
9.57341 -2.08345
9.48933 -1.73953
9.38923 -1.96486
9.27477 -1.44035
9.1813 -1.90935
9.01483 -1.55928
8.95355 -1.09797
9.15063 -0.894221
8.95671 -0.68644
9.09379 -0.462414
9.26125 -0.718279
9.38123 -1.01972
9.3848 -0.728096
9.55412 -0.883946
9.42553 -0.54129
9.28433 -0.549559
9.24281 -0.362001
9.53633 -0.431816
9.60939 -0.691243
9.75208 -0.963174
9.90776 -1.33653
9.71993 -1.14847
9.59768 -1.20827
9.78315 -1.41776
9.66483 -1.51535
9.83477 -1.70803
9.95478 -1.66271
10.0285 -1.59665
9.55751 -1.58855
9.4864 -1.36314
9.44802 -1.5152
8.9108 -0.143994
8.79947 0.154526
8.70986 -0.0500839
8.55295 0.232345
8.50437 -0.00143477
8.33061 0.263433
8.29779 -0.0313709
8.1548 0.25766
8.06198 0.0713892
7.95673 0.368083
8.11191 0.536518
7.86139 0.621829
7.94237 0.748784
8.06485 0.770865
8.22266 0.683469
8.16419 0.883826
7.88874 0.966733
8.03451 1.08141
7.84059 1.2491
7.66179 1.17542
7.60645 1.38051
7.7183 1.47868
7.91027 1.41975
7.75285 1.65537
7.47235 1.68058
7.53108 1.91938
7.30922 2.02864
7.35372 2.21732
7.18282 2.26116
7.17754 2.36885
7.18622 2.49253
7.00901 2.51268
7.03043 2.81816
6.75664 2.89781
6.83775 3.14083
6.60967 3.20988
6.71227 3.33689
6.82095 3.28313
6.93517 3.24013
6.83866 3.36974
7.01256 3.33139
6.69767 3.47519
7.17934 3.48551
7.6196 3.14898
7.51706 3.24569
7.43264 3.28281
7.31394 3.34354
7.10912 3.41613
7.22993 3.25479
7.1209 3.16572
7.25356 3.13938
7.29712 2.96888
7.15167 3.04413
7.1794 2.8869
7.37547 2.70171
7.6153 2.47488
7.46799 2.45194
7.70597 2.23171
7.8071 2.26445
7.93561 2.08263
7.85927 2.03042
7.87378 1.89683
7.73649 2.07884
7.69094 2.02352
7.72551 1.87078
7.9253 1.68938
7.96643 1.52824
7.56709 2.04503
7.54898 2.21037
7.3579 2.40956
7.25635 2.63797
7.03471 3.06954
6.6261 3.68438
6.53049 3.58868
6.50194 3.67293
6.37858 3.68385
6.19307 3.69709
6.30738 3.57368
6.50103 3.43034
6.28678 3.44496
6.39761 3.30511
6.4896 3.09398
6.28524 3.23334
6.33821 3.02105
6.56181 2.79664
6.78365 2.61984
6.71528 2.46174
6.89539 2.40452
7.07928 2.17849
6.88989 2.20756
7.02522 1.93057
7.22439 1.89494
7.22273 1.67224
7.39648 1.41245
7.53707 1.28762
7.48338 1.19037
7.61737 0.975599
7.39828 1.05103
7.28215 1.23124
7.1664 0.997439
7.07627 1.27128
7.15668 1.45918
6.89274 1.49688
6.86445 1.15203
6.58496 1.39188
6.64923 1.71563
6.42395 1.67312
6.47422 1.94833
6.27973 1.91155
6.29932 2.20516
6.1144 2.13806
6.104 2.45683
5.92675 2.35547
5.86774 2.76861
5.72219 2.54647
5.64801 2.84233
5.6141 3.08403
5.46688 2.98262
5.37341 3.21064
5.51342 3.318
5.64505 3.23204
5.67472 3.34924
5.80801 3.11997
5.88349 3.30468
5.99875 3.10105
6.11773 3.20439
6.2112 2.87494
6.39489 2.83215
6.47433 2.5881
6.28578 2.51933
6.50808 2.24158
6.63693 2.32991
6.76415 2.23152
6.8511 2.06144
6.71155 2.10971
6.83724 1.84619
7.03381 1.67298
6.64377 1.96607
6.0946 2.72131
5.99469 2.93069
6.00136 3.46123
5.75152 3.50068
5.84764 3.60748
6.02441 3.64129
6.14804 3.54129
6.15929 3.44429
6.15453 3.34888
6.25105 3.3696
6.16198 3.62258
6.02295 3.76562
5.85177 3.72001
5.665 3.66155
5.22107 3.68713
5.44255 3.67901
5.3112 3.57315
5.51189 3.51621
5.31796 3.41862
5.12183 3.488
5.15393 3.28908
5.22144 3.05871
5.00296 3.12897
4.95807 3.30923
4.8128 3.14677
4.77453 3.2945
4.91993 3.45784
5.02909 3.60214
4.68166 3.15726
4.63351 3.01947
4.45248 2.91453
4.61343 2.81159
4.84592 2.94978
4.86856 2.70141
4.58214 2.57483
4.76018 2.45216
5.02821 2.43548
4.75877 2.19042
5.05823 2.14183
5.31419 2.3168
5.25551 2.54211
5.1239 2.68374
5.31618 2.70507
5.42349 2.54124
5.46005 2.69273
5.57238 2.55476
5.55067 2.75727
5.37044 2.85796
5.18747 2.86012
5.0416 2.95733
5.04112 2.81888
4.9526 2.86228
5.63713 2.36489
5.74518 2.13882
5.52114 2.16271
5.52063 1.76952
5.82929 1.69641
5.94672 2.04326
6.08589 1.84101
6.0782 1.57041
6.23595 1.6791
6.27894 1.4241
6.06758 1.35079
6.15791 1.09804
6.39358 1.20784
6.56324 1.0634
6.37153 1.05733
6.36707 0.852538
6.56793 0.878175
6.76631 0.881556
6.95846 0.955106
7.00571 0.778781
7.27145 0.668505
7.43868 0.851477
7.5101 0.644041
7.6547 0.735708
7.70215 0.472501
7.79249 0.816142
7.46357 0.459383
7.60288 0.24727
7.83383 0.169649
7.6991 -0.00953066
7.93777 -0.214171
8.16893 -0.20898
8.14714 -0.463906
8.36949 -0.468938
8.2382 -0.782338
8.44397 -0.914973
8.56431 -0.715082
8.68086 -1.10466
8.74565 -0.6641
8.56621 -0.463568
8.64438 -0.283107
8.47796 -0.235281
8.84624 -0.367909
8.85318 -1.39741
8.71859 -1.63729
8.47293 -1.34937
8.5259 -1.65813
8.56454 -1.94949
8.79355 -2.14544
8.96209 -1.92148
9.01129 -2.35438
9.13576 -2.21189
9.1826 -2.4917
9.32521 -2.33182
9.32234 -2.81542
9.53704 -2.56545
9.49627 -2.27252
9.62281 -2.36255
9.76464 -2.58901
9.63156 -2.93084
9.86957 -2.94731
9.99032 -2.97253
10.0753 -3.09114
10.212 -3.01541
10.2571 -2.75058
10.3333 -2.97361
10.4029 -2.8154
10.4301 -2.62676
10.5017 -2.78608
10.4916 -2.57993
10.5511 -2.74815
10.5788 -3.00958
10.6486 -3.0175
10.6547 -3.21059
10.5852 -3.36973
10.61 -3.66149
10.66 -3.83869
10.5694 -3.88435
10.4992 -3.66828
10.4668 -3.94909
10.3627 -3.88953
10.3319 -3.56683
10.4611 -3.34174
10.3349 -3.22102
10.4265 -3.07626
10.5156 -3.15166
10.486 -2.96549
10.1818 -3.36503
10.1942 -3.6451
10.045 -3.66036
9.99268 -3.35937
9.88319 -3.57251
9.77132 -3.31582
9.74293 -3.64607
9.56226 -3.61467
9.46576 -3.26936
9.27537 -3.64349
9.18287 -3.23588
9.02587 -3.5494
8.88234 -3.17041
8.7795 -3.62918
8.5726 -3.37091
8.57667 -2.84715
8.87236 -2.64094
8.61491 -2.37645
8.47275 -2.5031
8.36934 -2.21289
8.3352 -1.71904
8.07747 -2.04576
8.03877 -1.51904
8.26241 -1.35078
8.31357 -1.09594
8.12194 -1.09183
7.98353 -0.68952
7.84148 -1.12954
7.71665 -0.738126
7.53545 -1.05809
7.48584 -0.727113
7.27559 -0.929857
7.27732 -0.549179
7.57977 -0.426605
7.38276 -0.226459
7.58011 -0.154152
7.45282 0.0468214
7.73237 -0.236132
7.19892 -0.0694675
7.22895 0.168028
7.4079 0.273786
7.2427 0.398238
7.026 0.518288
7.00394 0.255647
6.77985 0.362036
6.7996 0.622881
6.56439 0.695112
6.6147 0.487533
6.40404 0.482878
6.3959 0.658375
6.23969 0.603914
6.20158 0.406547
6.29432 0.274385
6.51094 0.270269
6.27105 0.00646499
6.68769 0.00331062
6.34996 -0.339594
6.63049 -0.398261
6.92046 -0.230574
7.01407 0.037668
7.15202 -0.305514
6.96113 -0.543939
7.07537 -0.790794
6.85244 -0.887523
6.67878 -0.708724
6.79337 -0.453524
6.37094 -0.737455
6.51935 -1.0657
6.68567 -0.970666
6.74301 -1.26257
7.03008 -1.11703
6.94293 -1.46333
7.17285 -1.38803
7.04736 -1.73236
7.28692 -1.69716
7.42038 -1.38979
7.31988 -1.17748
7.6345 -1.34994
7.55915 -1.68029
7.78359 -1.49861
7.80837 -1.82393
7.60108 -2.00948
7.77591 -2.22262
8.00023 -2.53188
8.18983 -2.34194
8.30207 -2.61933
8.11771 -2.94718
8.34628 -3.00986
8.47359 -3.1311
8.36125 -3.3223
8.3418 -3.67541
8.52407 -3.84373
8.23333 -4.12984
8.15083 -3.82836
8.17804 -3.52434
7.998 -3.70983
7.99117 -3.34552
8.2026 -3.22978
7.85222 -2.97432
7.7294 -3.40453
7.62347 -2.99894
7.69089 -2.62961
7.43596 -2.75903
7.50203 -2.33197
7.1819 -2.40151
7.37541 -2.01292
7.16915 -1.97784
6.99536 -2.05158
6.76892 -1.81481
6.86541 -2.32769
6.60523 -2.20464
6.70592 -2.69315
6.97874 -2.78854
7.22308 -2.98642
7.06665 -3.19602
7.26371 -3.53444
7.46095 -3.24618
7.54656 -3.77687
7.80463 -3.85159
7.8756 -3.59121
7.99712 -4.03059
7.83356 -4.18184
7.96181 -4.34856
8.08914 -4.55281
8.31077 -4.44382
8.22453 -4.77861
8.52946 -4.48996
8.46655 -4.19905
8.72186 -4.04253
8.86345 -4.32285
8.94478 -4.00687
9.14144 -4.05652
9.06491 -3.8113
8.9136 -3.80533
9.42646 -3.93733
9.29206 -4.30754
9.59613 -4.14196
9.63702 -3.84369
9.83039 -3.86733
9.80716 -4.16519
10.0343 -4.02397
10.1313 -3.79236
10.221 -3.83918
10.2194 -4.11802
10.3727 -4.18775
10.2162 -4.39864
10.323 -4.48765
10.451 -4.34726
10.3978 -4.61727
10.5165 -4.42358
10.4808 -4.602
10.5773 -4.48008
10.4891 -4.68903
10.602 -4.57008
10.4837 -4.81682
10.5564 -4.75303
10.6476 -4.53039
10.6991 -4.3493
10.7186 -4.37847
10.6533 -4.57859
10.7344 -4.40161
10.6668 -4.60297
10.5798 -4.77145
10.5321 -4.87602
10.4555 -4.99063
10.4396 -4.95974
10.3136 -5.18111
10.3718 -5.01521
10.2591 -5.19302
10.1451 -5.39347
10.1639 -5.4424
10.3196 -5.21983
10.232 -5.35163
10.0947 -5.52744
10.2638 -5.32211
10.3365 -5.21759
10.3521 -5.16231
10.4518 -4.99695
10.4168 -5.0787
10.4168 -5.09123
10.1704 -5.39044
9.7879 -5.8136
9.95076 -5.69577
9.76253 -5.86116
9.80406 -5.82885
9.97435 -5.62483
9.76349 -5.81187
9.95736 -5.56729
10.1155 -5.31503
9.87623 -5.53661
10.0121 -5.32816
10.1463 -5.13329
10.2932 -5.03287
10.2777 -4.89253
10.0961 -5.01438
10.2422 -4.74266
10.0819 -4.81002
10.1953 -4.61065
10.0729 -4.60877
10.0629 -4.36002
9.89553 -4.62146
9.90934 -4.84423
9.69387 -4.88082
9.70007 -5.08832
9.90718 -5.04458
9.69071 -5.28059
9.87944 -5.24188
10.0052 -5.22664
9.82284 -5.44036
9.65377 -5.46881
9.55613 -5.67686
9.69268 -5.64087
9.65453 -5.75864
9.773 -5.71659
9.55797 -5.92337
9.53046 -6.02687
9.65396 -5.96277
9.46816 -6.12164
9.63303 -5.9877
9.60399 -5.97898
9.48599 -6.08435
9.36196 -6.15692
9.32903 -6.15378
9.23817 -6.26762
9.14848 -6.26155
9.33432 -6.07407
9.18585 -6.15796
9.3278 -6.00449
9.47576 -5.91564
9.50803 -5.81783
9.33347 -5.89986
9.14719 -6.10761
9.14834 -6.0149
9.26812 -5.85291
9.39545 -5.77752
9.4346 -5.67535
9.25396 -5.74599
9.46473 -5.51839
9.25166 -5.59126
9.02754 -5.83762
9.07372 -5.64309
8.87942 -5.76893
9.00312 -5.54069
9.2425 -5.42794
9.18198 -5.24419
9.46209 -5.1537
9.47275 -5.34229
9.45477 -4.9294
9.2092 -4.95543
9.4557 -4.68068
9.6841 -4.6519
9.65604 -4.41171
9.86311 -4.37319
9.45329 -4.4435
9.20998 -4.66729
9.09443 -4.53056
9.06985 -4.35592
8.93453 -4.54475
8.94333 -4.75241
8.70003 -4.7364
8.74716 -5.02265
8.97838 -4.97571
8.96602 -5.21452
8.80065 -5.19881
8.73649 -5.43252
8.92183 -5.42847
8.76589 -5.6523
8.60316 -5.62591
8.54714 -5.508
8.6084 -5.30067
8.39038 -5.45036
8.45061 -5.66488
8.29641 -5.669
8.36197 -5.86585
8.56193 -5.78883
8.54474 -5.97371
8.69671 -5.8542
8.76004 -5.99069
8.54615 -6.16568
8.7465 -6.1616
8.61154 -6.33673
8.92234 -6.18288
8.89995 -6.03947
9.08101 -5.95841
8.76078 -6.39792
8.98712 -6.29502
8.84916 -6.42095
8.73258 -6.5178
8.61087 -6.53464
8.61606 -6.45388
8.46738 -6.5206
8.38239 -6.42611
8.43217 -6.30132
8.25199 -6.33793
8.19853 -6.47431
8.29237 -6.53818
8.12352 -6.59308
8.01659 -6.52976
8.09144 -6.41156
7.92787 -6.41519
7.81426 -6.54184
7.90785 -6.66006
7.67684 -6.65955
7.75924 -6.7907
7.50762 -6.76627
7.58616 -6.87433
7.79818 -6.91157
7.95098 -6.81176
7.95081 -6.87654
8.09365 -6.81855
8.12452 -6.74652
8.04836 -6.71497
7.91382 -6.75196
8.25978 -6.64588
8.27771 -6.73331
8.44915 -6.63745
8.44408 -6.69442
8.58733 -6.61814
8.41174 -6.73709
8.2653 -6.7709
8.13098 -6.85104
7.98083 -6.8964
7.71416 -6.98268
7.60735 -6.95724
7.41648 -6.92803
7.30594 -6.98321
7.37908 -7.0167
7.2299 -6.98766
7.10774 -6.92702
7.13995 -6.86512
6.95392 -6.82834
6.86533 -6.7534
6.83975 -6.77739
6.70198 -6.74839
6.65039 -6.69611
6.69437 -6.64006
6.45085 -6.62937
6.38839 -6.53664
6.14215 -6.55523
6.322 -6.66455
6.09211 -6.63335
6.24396 -6.73022
5.95979 -6.64673
6.01928 -6.6888
6.21959 -6.76184
6.02588 -6.69114
6.26423 -6.7402
6.10076 -6.68162
6.31 -6.71075
6.17508 -6.63016
6.46958 -6.66859
6.56926 -6.76564
6.75131 -6.72993
6.88349 -6.80435
6.83413 -6.8466
7.06499 -6.85165
7.10294 -6.7946
7.28462 -6.88839
7.2672 -6.80811
6.94932 -6.7503
6.88563 -6.71096
6.71297 -6.65501
7.20465 -6.89881
7.01545 -6.88584
7.22867 -6.93105
7.08738 -6.92186
6.82077 -6.87612
6.90974 -6.87627
6.68763 -6.82022
6.77611 -6.80228
6.53388 -6.74662
6.52769 -6.70218
6.48842 -6.79036
6.60395 -6.83287
6.42189 -6.80158
6.63562 -6.84114
6.4126 -6.80312
6.82774 -6.86444
7.2581 -6.9772
7.36142 -6.98977
6.52197 -6.58831
6.25825 -6.54355
6.22491 -6.42884
6.00101 -6.42879
6.07319 -6.28902
6.28705 -6.22489
6.10802 -6.10618
5.82541 -6.12297
5.47096 -6.17187
5.37232 -6.26608
5.11352 -6.09593
5.06482 -5.97223
4.90601 -5.85091
4.96846 -6.00699
5.09379 -6.15253
4.96961 -6.12787
5.18261 -6.27312
5.22603 -6.22448
5.33466 -6.3426
5.40088 -6.42371
5.53413 -6.4247
5.63463 -6.52209
5.76076 -6.54143
5.82419 -6.5989
5.92759 -6.61734
5.88281 -6.64458
5.73555 -6.58619
5.84169 -6.61492
5.67659 -6.54232
5.58841 -6.50441
5.50154 -6.45921
5.32368 -6.3554
5.19818 -6.3016
5.18419 -6.25686
5.23552 -6.26597
5.4253 -6.38357
5.32407 -6.26157
5.58732 -6.39587
5.62746 -6.49659
5.85231 -6.54508
5.78036 -6.58765
5.8564 -6.45765
6.08509 -6.42909
5.69915 -6.31672
5.953 -6.28666
6.24572 -6.36792
6.37028 -6.45876
6.60178 -6.53176
6.52631 -6.44205
6.75152 -6.50283
6.86042 -6.60539
6.95891 -6.5242
6.74423 -6.41855
6.9846 -6.40283
7.23017 -6.5353
7.16334 -6.37714
7.35218 -6.39043
7.44632 -6.51556
7.5504 -6.4092
7.6149 -6.54357
7.7405 -6.41986
7.67438 -6.28841
7.84331 -6.29851
8.04524 -6.28038
7.88289 -6.1404
7.76963 -6.21642
7.66064 -6.11865
7.46053 -6.24308
7.4381 -6.04961
7.57733 -5.88013
7.33595 -5.87479
7.38206 -5.67126
7.60685 -5.6341
7.45118 -5.50313
7.59486 -5.40084
7.36149 -5.31853
7.49086 -5.12469
7.82687 -5.22916
7.67927 -4.96858
7.44116 -4.78877
7.69516 -4.72151
7.92222 -4.86751
7.88008 -4.61094
7.72904 -4.41435
7.50697 -4.49592
7.537 -4.19834
7.37498 -4.23947
7.38119 -3.9676
7.1837 -3.96611
7.25052 -4.41977
6.99991 -4.10821
7.00476 -4.43455
7.18734 -4.68642
7.24201 -4.92754
6.95775 -4.71976
7.07866 -5.00338
7.25396 -5.13278
7.06995 -5.23319
7.26992 -5.47033
7.08508 -5.49059
6.87825 -5.35591
6.72308 -5.11942
6.84168 -4.93224
6.52623 -4.80531
6.64911 -4.60853
6.76477 -4.53638
6.57833 -4.27323
6.45383 -4.36483
6.20168 -4.01494
6.35086 -4.46015
6.07341 -4.2397
6.15492 -4.59361
6.37377 -5.00934
6.06968 -4.81439
6.10408 -5.05379
6.34828 -5.27145
6.62676 -5.31995
6.52722 -5.53383
6.86332 -5.58174
6.70348 -5.83331
6.99583 -5.81822
7.15787 -5.70616
7.23092 -5.58627
7.16528 -5.89897
7.26396 -6.00586
7.05634 -6.04747
7.29452 -6.1257
7.22584 -6.24996
6.99792 -6.2536
6.76783 -6.10391
6.7535 -6.27779
6.50906 -6.15095
6.44837 -6.30451
6.12596 -6.24257
6.22523 -6.14591
5.99994 -6.12135
5.96564 -5.9725
5.76467 -6.06181
5.9029 -6.18059
5.69283 -6.16705
5.45544 -5.99322
5.43966 -6.12985
5.41116 -6.22803
5.25622 -6.09084
5.22262 -6.14227
5.10114 -6.12593
5.05562 -5.98923
4.90457 -5.95486
4.95782 -6.04528
5.07934 -6.16144
4.92883 -6.0642
5.06555 -6.18512
4.91901 -6.07778
5.06517 -6.20727
4.82307 -5.96981
4.84737 -5.96803
4.69265 -5.81317
4.79411 -5.8566
4.63611 -5.68014
4.73213 -5.71807
4.71047 -5.60887
4.59114 -5.54467
4.28976 -5.24808
4.45915 -5.44609
4.40076 -5.44151
4.55146 -5.61457
4.53641 -5.66543
4.68412 -5.83504
4.54312 -5.6646
4.41392 -5.5071
4.44637 -5.54246
4.63493 -5.75268
4.53805 -5.63314
4.64242 -5.74668
4.78731 -5.90769
4.78851 -5.94034
4.80109 -5.96557
4.72277 -5.80109
4.84781 -5.84421
4.66774 -5.68179
4.56492 -5.62146
4.54768 -5.54289
4.45714 -5.43488
4.43155 -5.48164
4.308 -5.30928
4.28206 -5.3292
4.30792 -5.37961
4.1548 -5.18742
4.24309 -5.30068
4.25648 -5.28861
3.766 -4.52892
3.89174 -4.69299
3.88577 -4.57112
4.00554 -4.78491
4.01087 -4.88393
4.17229 -4.99005
4.17986 -5.11633
4.33352 -5.23944
4.35789 -5.12863
4.24421 -4.95591
4.33563 -4.90842
4.10145 -4.77382
4.13221 -4.65741
3.96365 -4.52049
3.80093 -4.34617
3.72232 -4.36462
3.67028 -4.18061
3.25196 -2.44189
3.26884 -2.28234
3.3071 -2.03292
3.29072 -1.84708
3.81485 1.13662
3.89199 1.19864
3.92463 1.11471
3.97985 1.33759
3.89012 1.30769
3.9347 1.46364
4.00283 1.57507
4.10124 1.73474
4.07102 1.52028
4.16049 1.56041
4.23881 1.76493
4.16499 1.94926
4.26978 2.00011
4.14622 2.23522
4.19658 2.50079
4.33542 2.70663
4.3705 2.42223
4.57657 2.35795
4.44495 2.14921
4.63089 1.95114
4.74271 2.04107
4.8489 1.97208
4.72014 1.73543
4.93674 1.7685
5.05453 1.94874
5.25893 1.96063
5.10308 1.85974
5.10114 1.71451
5.26868 1.67936
5.3102 1.44159
5.50349 1.41821
5.63899 1.58125
5.67311 1.4193
5.8117 1.40536
5.93737 1.4455
5.88407 1.22024
5.72317 1.24741
5.70554 1.06707
5.8323 0.894127
6.07252 0.760581
5.99335 0.465462
5.85973 0.634443
5.75918 0.436913
5.77572 0.174813
6.07761 0.212348
5.93871 -0.0598451
6.0411 -0.333713
5.76739 -0.340102
5.69228 -0.0984003
5.51764 -0.331872
5.50591 -0.0881628
5.22226 -0.290804
5.41107 0.0317968
5.25817 0.1249
5.0185 -0.0592748
4.90959 -0.378525
4.95362 -0.635195
5.12237 -0.694526
4.94925 -0.909313
5.14682 -1.04624
5.34671 -0.64065
5.51137 -0.961517
5.59111 -0.58032
5.82331 -0.673191
5.80685 -1.0641
5.96792 -0.860312
6.10943 -0.630893
6.12948 -0.893424
6.2305 -1.18975
6.00999 -1.08056
5.95697 -1.42124
6.2089 -1.60379
6.47246 -1.54787
6.35404 -1.98575
6.54361 -1.89579
6.44248 -2.47736
6.17716 -2.28644
6.06333 -1.8558
5.9032 -2.11019
5.81703 -1.74751
5.61948 -1.43809
5.58575 -1.95363
5.4088 -1.6372
5.31479 -1.36518
5.23733 -1.65968
5.0341 -1.54613
5.15076 -1.98014
5.33773 -1.84978
5.35906 -2.10564
5.51937 -2.46711
5.79652 -2.41734
6.03168 -2.47617
6.01429 -2.80097
6.30894 -2.83549
6.22265 -3.22134
6.53967 -3.46944
6.35629 -3.71526
6.73781 -4.05884
6.80966 -3.79666
6.77925 -3.43001
6.56586 -3.13567
6.68676 -3.0544
6.53472 -2.84449
6.87066 -3.1239
7.02259 -3.52309
6.96533 -3.79119
6.82006 -4.43324
6.1553 -3.39172
6.00286 -3.1422
6.06444 -3.50485
5.82511 -3.19987
5.87985 -3.56792
5.85447 -3.86681
5.68412 -3.51728
5.68853 -3.2878
5.51305 -3.22912
5.53152 -3.63009
5.32221 -3.21284
5.17798 -3.44466
5.43915 -3.94521
5.7871 -4.16985
5.61786 -4.2923
5.85064 -4.54551
5.63698 -4.51376
5.80927 -4.806
5.50685 -4.6331
5.37516 -4.25187
5.19577 -4.4386
5.38437 -4.83816
5.63141 -4.88829
5.60248 -4.99874
5.82802 -5.11104
6.11924 -5.25542
6.00677 -5.37356
6.26349 -5.43023
6.15754 -5.55367
6.35029 -5.58022
6.46158 -5.69266
6.2928 -5.67732
6.36752 -5.83254
6.53976 -5.9928
6.29259 -6.00897
6.13599 -5.8731
5.93422 -5.81429
6.08135 -5.71232
5.75441 -5.65826
5.90341 -5.52442
5.66719 -5.47463
5.73336 -5.32669
5.436 -5.30499
5.50096 -5.51624
5.17981 -5.41589
5.46346 -5.68865
5.73999 -5.81653
5.61088 -5.89798
5.31991 -5.81537
5.24338 -5.8807
5.18969 -5.9533
5.06858 -5.74238
4.92617 -5.80136
4.77733 -5.59895
4.53306 -5.41636
4.67727 -5.41764
4.52338 -5.22268
4.70172 -5.30333
4.91578 -5.48598
4.85547 -5.25236
4.98746 -5.1682
5.1643 -5.18439
4.96538 -4.94779
4.75935 -4.99885
4.7065 -4.75842
4.45591 -4.72216
4.59705 -5.08122
4.24124 -4.67282
4.16351 -4.47056
4.28185 -4.35385
4.5299 -4.48916
4.36196 -4.18304
4.57251 -4.29131
4.82801 -4.58213
4.71126 -4.22533
4.94468 -4.38663
4.82361 -4.15055
4.97814 -4.19882
4.8413 -3.94054
5.07109 -4.04346
4.8473 -3.55088
4.65732 -3.71843
4.6568 -3.95774
4.48982 -3.72361
4.41998 -3.95621
4.26135 -3.57661
4.12981 -3.73311
3.9651 -3.41444
3.90704 -3.68075
3.71912 -3.45946
3.7089 -3.75276
3.53557 -3.48374
3.53349 -3.71765
3.64304 -3.96883
3.83993 -4.07666
3.75266 -4.16705
3.88758 -4.30535
3.98726 -4.29642
4.0469 -4.19347
4.03698 -4.4704
4.13954 -4.57164
3.9361 -3.92855
4.14194 -4.07174
4.05629 -3.86223
4.2166 -3.95422
3.47279 -3.22345
3.45382 -2.85826
3.47436 -3.03259
3.53157 -2.90196
3.52118 -2.70895
3.47177 -2.65115
3.52442 -2.57672
3.60477 -2.46302
3.60123 -2.71555
3.69047 -2.50235
3.70777 -2.2444
3.78023 -2.29981
3.80175 -2.03964
3.8685 -2.10914
3.89844 -2.35693
3.77227 -2.51141
3.8216 -2.64151
4.01138 -2.70569
4.12114 -2.1954
4.22935 -2.52649
4.26384 -2.94125
4.41743 -2.65609
4.56979 -3.03415
4.61442 -2.68523
4.86524 -2.94074
5.17787 -3.8484
5.13455 -2.97369
5.03753 -2.48336
5.32895 -2.80059
5.26637 -2.35358
5.59711 -2.95337
5.78213 -2.81085
4.85063 -1.9658
4.73973 -2.41883
4.61509 -2.08718
4.51001 -2.36841
4.37253 -2.01007
4.3476 -2.36741
4.26069 -2.27291
4.20833 -1.85126
4.09533 -1.85034
3.97572 -1.99768
4.02253 -1.63241
4.18221 -1.5876
4.14828 -1.27051
4.33523 -1.30544
4.30764 -1.00901
4.44323 -1.02605
4.56009 -1.17798
4.4434 -1.43244
4.57473 -1.43848
4.46157 -1.63519
4.3236 -1.63208
4.63117 -1.70995
4.80102 -1.28476
4.82436 -1.61272
4.76636 -0.917156
4.60655 -0.859859
4.77066 -0.646121
4.63614 -0.624911
4.47253 -0.745577
4.60817 -0.395514
4.74219 -0.451617
4.80386 -0.204759
4.69532 -0.0827173
4.51061 -0.136639
4.41684 -0.497029
4.34779 -0.309183
4.25951 -0.602175
4.32631 -0.761902
4.19361 -0.911566
4.10195 -0.712709
4.05766 -1.07878
4.01624 -1.35474
3.95652 -1.25777
3.92157 -1.54412
3.89445 -1.84732
3.83099 -1.77259
3.73648 -1.95166
3.79044 -1.69513
3.84989 -1.56685
3.80009 -1.43024
3.70531 -1.75155
3.709 -1.47888
3.61499 -1.72034
3.61882 -2.00514
3.56113 -1.95689
3.56029 -2.1865
3.65862 -2.15755
3.53579 -2.43266
3.68069 -1.97224
3.48587 -2.29875
3.45239 -2.51538
3.39687 -2.40623
3.23014 -2.69517
3.26474 -2.75935
3.27152 -2.61097
3.22195 -2.57825
3.3197 -2.50566
3.3285 -2.28472
3.34767 -2.39497
3.39744 -2.17486
3.37399 -2.01319
3.47287 -1.85162
3.46547 -2.09342
3.52545 -1.86281
3.527 -2.1354
3.57119 -1.70719
3.52886 -1.73951
3.5389 -1.5664
3.48547 -1.61205
3.42512 -1.77906
3.45191 -1.63083
3.49254 -1.46265
3.53357 -1.38786
3.5221 -1.29917
3.55044 -1.13254
3.58864 -1.27495
3.61495 -1.04696
3.6184 -0.882225
3.67879 -0.877837
3.66903 -1.12082
3.727 -0.906433
3.74497 -0.647417
3.79192 -0.844881
3.75589 -1.07732
3.83812 -1.07871
3.88775 -0.768331
3.84495 -0.627662
3.92449 -0.494492
3.85678 -0.397964
3.781 -0.356155
3.71472 -0.532881
3.69723 -0.716555
3.64133 -0.670374
3.58838 -0.82022
3.56438 -0.977081
3.54512 -1.02529
3.54792 -0.874467
3.5156 -1.04634
3.4998 -1.2436
3.52771 -1.18196
3.54528 -1.07242
3.49929 -1.33815
3.45741 -1.49797
3.41918 -1.50807
3.3669 -1.77506
3.34439 -1.69311
3.31591 -1.92453
3.30639 -2.16482
3.30663 -1.7078
3.36405 -1.58633
3.39596 -1.43294
3.4439 -1.27992
3.46038 -1.16499
3.50401 -1.07288
3.55766 -0.391561
3.55976 -0.538382
3.60895 -0.405862
3.60077 -0.251506
3.82614 0.299717
3.86051 0.412919
3.88878 0.560126
3.90781 0.775879
3.95055 0.676333
3.96653 0.906298
4.03983 0.910236
4.01865 1.11796
3.94893 0.979803
4.12403 1.15663
4.08765 1.35677
4.19848 1.38145
4.23975 1.19418
4.31447 1.41294
4.26308 1.55403
4.35522 1.62808
4.39948 1.86819
4.52201 1.67701
4.43882 1.45002
4.61743 1.40368
4.78515 1.60781
4.88727 1.48339
5.10348 1.45256
4.91158 1.19868
4.74634 1.21207
4.75842 0.976357
4.8975 0.900369
5.10438 1.16056
5.10175 0.832795
5.31238 1.14213
5.32713 0.856768
5.54067 1.14206
5.55558 0.846538
5.32053 0.514063
5.6372 0.605577
5.53107 0.287124
5.09482 0.241558
5.0338 0.489557
4.86717 0.141512
4.81753 0.411692
4.66887 0.188768
4.66121 0.608543
4.4836 0.198933
4.38489 -0.0559952
4.30697 0.121675
4.2888 -0.157454
4.21218 -0.390812
4.19034 -0.142681
4.09487 -0.400332
3.99636 -0.619256
3.96839 -0.962909
4.014 -0.371413
4.0782 -0.145363
3.95844 -0.182863
4.0625 0.108167
3.98088 0.118978
3.85766 -0.0969051
3.90753 0.223426
3.98534 0.351317
4.05702 0.318616
4.06377 0.597359
4.13657 0.409281
4.15458 0.668314
4.1561 0.913088
4.23381 0.779049
4.22043 0.596798
4.33003 0.698735
4.30515 0.990824
4.41949 0.914154
4.45596 1.14528
4.58988 0.992028
4.46574 1.31242
4.37027 1.25152
4.47679 0.733089
4.41007 0.463
4.26222 0.404629
4.16178 0.128253
3.95689 0.462304
3.89538 0.418274
3.85993 0.233932
3.81998 0.0640321
3.80485 0.167445
3.74735 0.00805667
3.75943 -0.135563
3.69846 -0.320696
3.69116 -0.105752
3.63555 -0.206909
3.66306 -0.506382
3.60737 -0.622307
3.71051 0.0681829
3.85401 0.306009
4.89555 0.642454
5.18818 0.668764
3.58986 -0.74426
3.88929 -1.22305
3.88626 -1.40115
3.76367 -1.26543
3.69767 -1.27168
3.62346 -1.44152
4.45562 -3.40095
4.15365 -3.23669
4.08877 -2.9927
3.94626 -3.06943
3.73344 -3.16467
3.80206 -2.87585
3.63775 -2.92249
3.55507 -3.09816
3.58054 -3.28781
3.70771 -2.7071
5.10893 -4.66388
5.07763 -4.82478
5.2098 -4.84958
5.25522 -5.02045
5.54294 -5.1121
5.17825 -5.63901
5.56797 0.0933334
5.63512 0.026603
4.20079 -5.19601
4.08424 -5.04005
4.14485 -5.16149
4.0281 -5.01379
7.68659 -4.1138
8.05844 -5.06216
8.24994 -5.07592
8.43125 -4.85019
8.47977 -5.11702
8.26557 -5.30112
8.15918 -5.5293
8.0841 -5.28754
7.96917 -5.46254
7.97586 -5.68082
8.15949 -5.79092
7.98096 -5.93397
8.19178 -6.00218
8.37042 -6.08062
8.21726 -6.182
8.365 -6.22369
8.06582 -6.11525
7.7843 -5.97625
7.79175 -5.78157
7.7976 -5.53999
7.46842 -6.62196
7.32697 -6.68462
7.28525 -6.79148
7.44994 -6.84592
6.99975 -6.73145
7.11805 -6.65418
5.95503 -6.58725
5.82029 -6.5266
5.98865 -6.53484
5.77122 -6.43194
5.73367 -6.28345
5.64809 -6.36073
5.58321 -6.38465
5.68606 -6.46095
5.55178 -6.30055
5.59818 -6.12149
9.26915 -6.27404
10.3987 -4.7879
10.4092 -4.87162
10.7831 -4.18195
10.748 -4.20334
10.8092 -4.02668
10.7452 -4.07918
10.6554 -4.30823
10.6825 -4.1236
10.7246 -3.93973
10.6552 -4.0412
10.5945 -4.06019
10.6139 -4.24134
10.5394 -4.23733
10.5064 -4.11242
10.8237 -3.9782
7.19652 -1.14724
7.80239 -0.447554
9.08083 -2.91585
9.09934 -2.65797
9.94843 -3.14149
8.88513 -1.62539
5.51523 2.39364
8.06112 1.2277
8.20052 1.05143
8.37161 0.487734
8.74077 1.79587
8.76 1.69825
8.86297 1.63281
8.98607 1.44643
8.85468 1.57172
8.84937 1.53606
9.09233 1.20287
10.5118 -1.46601
10.5835 -1.70389
10.5829 -1.63748
10.6484 -1.84712
10.6384 -1.76921
10.6906 -1.96354
10.6908 -1.96055
10.7286 -2.15211
10.7696 -2.27658
10.6985 -2.06158
10.7713 -2.36462
10.8321 -2.61737
10.7808 -2.31901
10.8185 -2.61709
10.7839 -2.51815
10.8022 -2.74572
10.8391 -2.96875
10.7854 -2.81404
10.755 -2.60043
10.7538 -2.75629
10.6852 -2.415
10.6872 -2.61893
10.5813 -2.05082
10.6606 -2.16663
10.5861 -1.88864
10.6965 -2.12297
10.6051 -1.87498
10.5915 -1.75954
10.5459 -1.70961
10.4542 -1.44642
10.474 -1.36066
10.5851 -1.60244
10.4575 -1.23145
10.4813 -1.32444
10.4497 -1.24941
10.5129 -1.44048
10.4776 -1.34606
10.4305 -1.21307
10.4689 -1.33188
10.3485 -1.01237
10.3826 -1.04662
10.317 -0.854534
10.5469 -1.56722
10.3692 -1.04432
10.3524 -1.09526
10.4733 -1.56528
10.3883 -1.46209
10.4847 -1.71589
10.3868 -1.55053
10.4539 -1.77532
10.5101 -2.03077
10.3242 -1.48391
10.7133 -2.36504
10.8031 -2.99791
10.8447 -3.24963
10.8247 -3.38465
10.65 -1.91046
10.8643 -3.9152
10.8841 -3.74471
10.8398 -3.97408
10.8363 -3.93987
10.785 -4.13141
10.7904 -4.01415
10.7798 -4.19281
10.7945 -4.14843
10.759 -4.27278
10.4413 -4.62712
10.3517 -4.873
7.76326 -6.78817
7.73052 -6.87679
7.63314 -6.68815
7.50286 -6.57667
7.33526 -6.54497
7.227 -6.42162
7.10733 -6.35764
6.92849 -6.23251
7.02831 -6.41061
7.18393 -6.48732
6.97936 -6.49494
6.84024 -6.37299
7.86511 -6.90463
7.70738 -6.91721
7.79453 -6.94601
7.83084 -6.9779
7.89982 -6.93518
8.02679 -6.93128
7.99993 -6.97606
7.96048 -6.99441
8.18967 -6.91371
8.4083 -6.80581
8.57385 -6.73164
8.3691 -6.81931
9.89528 -5.46602
10.0726 -5.30354
10.2207 -5.08772
10.311 -5.03302
8.02364 -6.89716
3.46547 -2.09342
10.5851 -1.60244
