1.48114 -4.74452
3.09753 -12.2032
3.08413 -12.3493
3.06601 -12.4425
2.99349 -12.5678
3.02855 -12.4211
3.05673 -12.2556
2.97349 -12.4767
2.99645 -12.2162
2.90715 -12.372
2.95541 -12.1681
2.99539 -11.9654
2.89548 -12.123
2.91817 -11.8458
2.84867 -11.9901
2.84342 -11.8256
2.89604 -11.6048
2.78807 -11.6389
2.82291 -11.4359
2.91448 -11.3182
2.79897 -11.2278
2.72192 -11.4269
2.72256 -11.2008
2.64391 -11.3027
2.62331 -11.0761
2.75282 -10.9685
2.65447 -10.7349
2.48762 -10.8187
2.54185 -10.5295
2.6401 -10.454
2.73834 -10.5047
2.66596 -10.1919
2.76606 -10.16
2.6885 -10.0166
2.7275 -9.79982
2.62908 -9.88048
2.63134 -9.58241
2.68884 -9.4155
2.76874 -9.61848
2.77978 -9.32755
2.69056 -9.15365
2.72933 -9.02822
2.80241 -9.04373
2.86587 -9.41462
2.89897 -9.21898
2.84387 -8.91735
2.91081 -9.09118
2.94795 -9.34772
2.95506 -9.16349
2.99393 -9.28267
2.9936 -9.44166
3.04857 -9.8219
3.0136 -10.0129
3.04733 -10.2702
2.96806 -10.1521
3.00708 -10.3995
3.0454 -10.5275
2.99957 -10.6248
3.04813 -10.7951
2.71142 -7.73089
2.67153 -7.68277
2.68261 -7.77734
2.69487 -7.81221
2.70055 -7.8993
2.70224 -7.90071
2.64592 -7.79577
2.69099 -8.08422
2.69863 -8.01813
2.71617 -8.19892
2.70976 -8.29227
2.74663 -8.38946
2.72752 -8.46003
2.79874 -8.62042
2.79714 -8.39373
2.86212 -8.66491
2.84196 -8.53726
2.869 -8.5682
2.9268 -8.79908
2.91867 -8.88356
2.97523 -9.06095
2.75113 -7.93296
2.79389 -8.16572
2.7383 -8.05059
2.84231 -8.38882
2.90081 -8.52418
2.92596 -8.6825
2.93526 -9.01577
2.89269 -8.86203
2.75308 -8.65065
2.7058 -8.33188
2.67237 -8.42442
2.70849 -8.74385
2.60385 -8.45449
2.64093 -8.85395
2.55336 -8.58432
2.54115 -8.87983
2.6225 -9.12057
2.5873 -9.27116
2.48205 -9.06934
2.44733 -8.74509
2.46102 -8.50142
2.33184 -8.42815
2.37007 -8.1654
2.24163 -8.00073
2.30201 -7.8866
2.1841 -7.65398
2.31415 -7.6816
2.37829 -7.97825
2.43319 -7.94796
2.48572 -8.23668
2.53024 -8.07052
2.43237 -7.79342
2.4982 -7.70922
2.6402 -8.09102
2.33347 -7.22449
2.1532 -6.8177
2.23643 -7.01542
2.1646 -6.95522
2.27212 -7.23562
2.37542 -7.4397
2.31093 -7.39983
2.36806 -7.56196
2.23654 -7.32873
2.1404 -7.33809
2.06895 -7.03353
2.15342 -7.04455
1.97257 -6.68741
2.02863 -6.65592
1.91326 -6.37018
1.87761 -6.1826
1.79744 -5.97578
1.7619 -6.05038
1.69542 -5.83074
1.20813 -4.95747
1.01517 -4.83458
0.791631 -4.62019
0.861397 -4.82523
0.60046 -4.65033
0.612516 -4.50294
0.664137 -4.46767
0.47942 -4.36908
0.304484 -4.17485
0.376537 -4.07249
0.180758 -4.0205
0.14049 -3.90885
0.403747 -3.96418
-0.129152 -3.82317
-0.304791 -3.80888
-0.488442 -3.80253
-0.708134 -3.81927
-0.818533 -3.74272
-0.950804 -3.82377
-0.947797 -3.71119
-1.16631 -3.70077
-1.39182 -3.77416
-1.59975 -3.72965
-2.73325 -3.93683
-2.78825 -4.10223
-2.57781 -3.95198
-2.57602 -4.08008
-2.45978 -3.96642
-2.39494 -3.86139
-2.33884 -3.93645
-2.20856 -3.84919
-2.03304 -3.75472
-2.00194 -3.64967
-1.81953 -3.70096
-1.87333 -3.79762
-2.00458 -3.88966
-1.76185 -3.89253
-1.72474 -3.78651
-1.56487 -3.83461
-1.52725 -3.96468
-1.39295 -3.87587
-1.29565 -3.95358
-1.20116 -3.85799
-1.0199 -4.03406
-0.775366 -3.92808
-0.643484 -4.05509
-0.530022 -3.92277
-0.422503 -4.03732
-0.353824 -4.20899
-0.26828 -4.07601
-0.306051 -3.97989
-0.135882 -4.04391
-0.121347 -4.13441
0.0346203 -4.10607
0.101596 -4.27752
0.0613108 -4.03553
-0.0396118 -4.03295
-0.13287 -3.96116
-0.00787735 -3.93031
-0.18263 -3.87312
-0.328428 -3.88317
-0.108603 -4.44538
0.187977 -4.47946
0.336354 -4.40877
0.490538 -4.47582
0.394691 -4.52105
0.33299 -4.67376
0.533926 -4.82622
0.747737 -4.90006
0.652176 -4.99951
0.498632 -4.951
0.571745 -5.13385
0.735779 -5.15011
0.8302 -5.09706
0.850182 -5.24796
0.978103 -5.27111
0.983922 -5.08024
1.07805 -5.29293
1.18834 -5.31561
1.15043 -5.07106
1.00664 -4.93949
1.28596 -5.26804
1.32906 -5.42591
1.41101 -5.38788
1.43932 -5.58625
1.33411 -5.5785
1.50262 -5.81673
1.36459 -5.84911
1.58363 -6.15552
1.39415 -6.20666
1.58644 -6.42166
1.67304 -6.3999
1.76808 -6.43789
1.75415 -6.65078
1.91053 -6.78195
1.79589 -6.28292
1.65912 -6.03497
1.69388 -6.21343
1.58293 -5.78208
1.88368 -6.89895
1.9917 -7.06234
1.92471 -7.05986
2.00038 -7.31437
2.05586 -7.76281
1.85475 -7.39637
1.89116 -7.73792
2.00884 -8.1377
2.17904 -8.1754
2.19642 -8.60596
2.37433 -8.86013
2.29257 -9.03478
2.40875 -9.29012
2.2674 -9.35833
2.38046 -9.65572
2.52661 -9.64581
2.5221 -9.35133
2.56936 -9.46672
2.47169 -9.89318
2.56 -10.006
2.55682 -10.2746
2.48378 -10.1073
2.45141 -10.3073
2.42898 -10.5388
2.31966 -10.3303
2.36318 -10.0129
2.19245 -10.0511
2.20015 -9.67155
2.04682 -9.80016
1.94884 -9.34681
2.1461 -9.37136
2.12546 -9.04296
1.96808 -8.91815
1.99786 -8.57598
1.88431 -8.68689
1.82178 -8.38595
1.90877 -8.25033
1.77579 -7.92941
1.66494 -8.14753
1.54743 -7.84045
1.57082 -7.52469
1.74295 -7.52488
1.6032 -7.10596
1.33083 -7.24303
1.3866 -6.83999
1.49635 -6.71688
1.34927 -6.51487
1.49811 -6.49685
1.62952 -6.71724
1.81291 -7.0078
1.16325 -6.2429
1.15413 -6.69913
0.911955 -6.33957
0.86376 -6.79461
1.07094 -7.06929
1.11963 -7.43083
1.32543 -7.82019
1.43835 -7.59177
1.52416 -8.11372
1.43746 -8.29044
1.64629 -8.50317
1.46412 -8.70517
1.64034 -8.80945
1.79841 -8.87086
1.79657 -8.62085
1.65469 -9.07253
1.64956 -9.4461
1.84892 -9.77763
1.57738 -9.81397
1.82044 -10.1198
2.01526 -10.081
1.98958 -10.3388
2.15587 -10.3543
2.08871 -10.6151
2.29716 -10.6592
2.19888 -10.9247
2.36161 -10.9697
2.46848 -11.1616
2.28185 -11.2379
2.42864 -11.5057
2.55911 -11.3126
2.59688 -11.4914
2.53978 -11.691
2.66357 -11.6989
2.74749 -11.8648
2.65843 -11.9196
2.58228 -11.8606
2.56646 -12.0756
2.42898 -11.8904
2.44171 -12.1322
2.34697 -12.1024
2.25478 -12.0096
2.21332 -12.2055
2.01835 -12.1133
2.21918 -11.7442
1.93949 -11.7522
1.73178 -12.0392
1.70811 -11.7375
1.49935 -11.8909
1.52574 -11.5652
1.79575 -11.4341
1.56316 -11.2363
1.33041 -11.3508
1.3511 -11.0024
1.1392 -11.1462
1.10096 -10.7594
0.93787 -10.971
0.822487 -10.677
0.912233 -10.4479
1.10614 -10.4536
0.959577 -10.2035
1.17594 -10.2774
1.33176 -10.586
1.35794 -10.1758
1.06506 -9.98756
1.22766 -9.70902
0.897861 -9.68744
0.883746 -9.37945
0.5513 -9.45438
0.634067 -9.14372
0.304934 -9.03117
0.569672 -8.73934
0.828918 -9.04072
0.898782 -8.6934
0.684265 -8.35741
0.379294 -8.22411
0.581657 -8
0.369234 -7.74983
0.6547 -7.60276
0.361173 -7.33175
0.103428 -7.49624
0.145063 -7.1592
0.00551605 -7.25896
-0.0895767 -7.03494
-0.126065 -7.37119
-0.307693 -7.20408
-0.298816 -6.98951
-0.5161 -6.93592
-0.48094 -7.40813
-0.295753 -7.48887
-0.396188 -7.69647
-0.151769 -7.77115
0.126692 -7.90465
-0.0239763 -8.01066
0.0808229 -8.2336
0.21866 -8.59993
-0.064559 -8.50737
0.0167255 -8.83308
0.0500546 -9.05554
0.070673 -9.29928
-0.194466 -9.00314
-0.362278 -9.2252
-0.176668 -9.56206
0.292871 -9.69275
0.717532 -9.88593
0.462538 -9.98683
0.711226 -10.191
0.454447 -10.2336
0.08428 -9.95634
0.174906 -10.3423
0.532141 -10.5504
0.697711 -10.4162
0.678473 -10.9073
0.298624 -10.7524
0.513238 -11.1386
0.88305 -11.3348
0.534503 -11.5002
0.769814 -11.844
1.19249 -11.7078
1.14643 -11.3947
1.01572 -12.0912
1.27559 -12.1399
1.50695 -12.1493
1.39492 -12.4003
1.59057 -12.2736
1.73789 -12.3272
1.55703 -12.4565
1.63451 -12.5971
1.88009 -12.4872
2.08009 -12.3527
2.04837 -12.5518
2.20426 -12.4174
2.34723 -12.2797
2.34299 -12.5191
2.48687 -12.3136
2.50659 -12.5291
2.62631 -12.3056
2.68892 -12.0766
2.74134 -12.2531
2.78432 -12.0272
2.83013 -12.1569
2.8195 -12.3885
2.82605 -12.5701
2.8662 -12.6391
2.76147 -12.7575
2.80707 -12.8231
2.884 -12.7892
2.92749 -12.7615
2.98178 -12.6644
2.90171 -12.8075
2.9507 -12.662
2.90794 -12.672
2.8257 -12.8069
2.86836 -12.8207
2.78552 -12.9613
2.82406 -12.9596
2.71229 -13.1165
2.77267 -13.0639
2.66772 -13.197
2.74973 -13.0635
2.84918 -12.9186
2.77146 -12.9441
2.68612 -13.0735
2.71151 -12.9406
2.56164 -13.1173
2.64636 -12.8876
2.72859 -12.6664
2.58929 -12.7919
2.47655 -13.0083
2.46673 -12.8701
2.31377 -12.9488
2.24501 -13.1691
2.38864 -13.1947
2.36806 -13.2956
2.49538 -13.2791
2.60418 -13.1792
2.58334 -13.2456
2.65308 -13.1401
2.44982 -13.3366
2.47226 -13.3703
2.53259 -13.345
2.58664 -13.2691
2.43966 -13.4078
2.37063 -13.4486
2.23335 -13.5229
2.29459 -13.4514
2.08699 -13.5581
2.08786 -13.5093
2.30055 -13.3636
2.42058 -13.3211
2.40264 -13.2774
2.50811 -13.1788
2.55595 -13.232
2.62012 -13.099
2.69377 -12.9588
2.68149 -13.0777
2.7537 -12.925
1.98603 -13.4174
1.89559 -13.3266
1.07507 -13.2581
1.24289 -13.4152
1.53069 -13.3477
1.37715 -13.4933
1.13363 -13.5573
1.28236 -13.5879
1.11664 -13.6605
1.35764 -13.6255
1.45109 -13.5515
1.59806 -13.5566
1.52939 -13.6342
1.79908 -13.573
1.66166 -13.6394
1.40092 -13.7066
1.66502 -13.6726
1.87849 -13.6068
1.92153 -13.6025
2.063 -13.5606
1.97384 -13.6008
1.83028 -13.6455
1.91469 -13.6132
2.08647 -13.5568
2.07704 -13.5326
2.21072 -13.5142
2.2529 -13.475
2.3858 -13.417
2.32999 -13.3966
2.09355 -13.5005
2.18027 -13.4121
1.97407 -13.4908
2.04627 -13.418
2.19009 -13.3096
1.97684 -13.3711
2.0752 -13.2795
1.88996 -13.3275
1.78751 -13.4342
1.58662 -13.4249
1.70492 -13.2712
1.96524 -13.1887
2.06869 -13.2287
2.13951 -13.12
2.08996 -13.0375
1.88567 -13.0917
2.02237 -12.9475
2.18552 -12.8653
2.08119 -12.7979
2.23417 -12.7108
2.35851 -12.7269
2.16214 -12.6235
2.498 -12.7429
2.66358 -12.5374
2.01379 -12.7184
1.9069 -12.6915
1.86327 -12.9036
1.72517 -12.761
1.59793 -12.9846
1.66064 -13.1208
1.44528 -13.2485
1.4598 -13.1262
1.22173 -13.1748
1.39909 -13.0332
1.23613 -12.9278
1.49501 -12.841
1.41557 -12.6566
1.19215 -12.6529
1.18984 -12.4159
0.977506 -12.5468
0.933096 -12.8821
0.68822 -12.7199
0.790894 -12.4563
0.556585 -12.4521
0.41318 -12.7143
0.443594 -12.9334
0.665695 -12.9731
0.492152 -13.1222
0.749515 -13.1242
0.995959 -13.1013
0.831561 -13.3028
1.18195 -13.3613
0.886951 -13.463
1.11352 -13.4475
1.29162 -13.441
1.44791 -13.3628
1.31805 -13.5148
1.58647 -13.523
1.32312 -13.5836
1.01018 -13.6031
1.07167 -13.5071
0.770439 -13.5665
0.592708 -13.5217
0.602112 -13.4423
0.261303 -13.5118
0.429035 -13.5828
0.14784 -13.6027
0.225922 -13.6527
0.583961 -13.6559
0.326376 -13.7162
0.525624 -13.7192
0.762741 -13.698
0.654058 -13.7599
0.999076 -13.6975
1.21583 -13.6441
1.25434 -13.6747
1.44257 -13.6119
1.50391 -13.6558
1.72202 -13.5657
1.73595 -13.6081
1.88864 -13.5508
1.8597 -13.4782
1.87973 -13.5928
1.63745 -13.655
1.71793 -13.6581
1.75498 -13.6701
1.55927 -13.7235
1.68106 -13.6905
1.52706 -13.7262
1.33932 -13.7499
1.31639 -13.7708
1.29965 -13.7649
1.49524 -13.709
1.25225 -13.741
1.43198 -13.7004
1.21755 -13.7125
0.985334 -13.7706
1.01269 -13.7898
0.767901 -13.8066
0.634752 -13.8508
1.07023 -13.8072
1.00873 -13.8188
0.657565 -13.8647
0.836063 -13.8103
1.10911 -13.7897
1.26356 -13.7539
1.17385 -13.7594
1.18619 -13.7253
1.33377 -13.6652
1.20976 -13.6861
1.08393 -13.7178
0.916724 -13.7359
0.905271 -13.6471
0.655108 -13.7224
0.74509 -13.6303
0.929278 -13.5144
0.696738 -13.5745
0.758113 -13.4551
0.763322 -13.2876
-3.98657 -13.5007
-4.28214 -13.5125
-4.13751 -13.6342
-3.91854 -13.5897
-4.01229 -13.6818
-4.221 -13.6971
-4.17223 -13.7517
-3.98804 -13.736
-3.80543 -13.6814
-3.86644 -13.7317
-4.026 -13.7725
-3.86951 -13.7655
-3.93368 -13.7884
-3.76766 -13.7614
-3.73721 -13.7495
-3.60012 -13.7888
-3.58509 -13.7316
-3.43385 -13.7743
-3.45366 -13.8137
-3.64613 -13.7845
-3.61383 -13.7974
-3.39129 -13.7962
-3.26293 -13.8253
-3.14105 -13.7995
-3.08558 -13.8234
-3.02656 -13.8142
-2.92787 -13.8182
-2.95006 -13.7947
-2.78185 -13.8116
-2.79871 -13.8101
-2.91075 -13.8116
-2.71493 -13.7835
-2.63241 -13.8029
-2.43759 -13.7967
-2.44114 -13.8082
-2.57286 -13.784
-2.30611 -13.7895
-2.20721 -13.8345
-2.05342 -13.8031
-1.85201 -13.8265
-1.81459 -13.8092
-1.47157 -13.826
-1.71986 -13.7687
-1.94862 -13.7725
-1.99194 -13.7348
-1.65944 -13.7344
-1.4138 -13.7662
-1.42836 -13.714
-1.13147 -13.7371
-1.20133 -13.6813
-1.42414 -13.6423
-1.12265 -13.6317
-0.898646 -13.6981
-0.88772 -13.6209
-1.0404 -13.5576
-1.28695 -13.5656
-1.20614 -13.4972
-1.06695 -13.5028
-0.919209 -13.4854
-1.11324 -13.4534
-1.0673 -13.3689
-1.30723 -13.3951
-1.24837 -13.2814
-1.04327 -13.169
-1.3201 -13.1836
-1.48376 -12.9952
-1.05621 -12.8554
-1.375 -12.6113
-0.949188 -12.5132
-1.30772 -12.2516
-0.906928 -12.12
-0.582789 -12.3378
-0.460576 -12.0083
-0.235632 -12.239
-0.14233 -12.0295
0.056284 -12.1184
0.026 -11.9034
-0.18529 -11.8562
-0.0283327 -11.6299
-0.414801 -11.6784
-0.821084 -11.7538
-0.71754 -11.4134
-1.13693 -11.4385
-0.983343 -11.1033
-0.622831 -11.1172
-0.821477 -10.867
-0.534632 -10.8606
-0.773494 -10.5647
-0.373899 -10.6484
-0.251383 -10.9221
-0.0262957 -10.8337
-0.00420761 -11.2083
0.239927 -11.0419
0.330147 -11.2817
0.254249 -11.5009
0.322583 -11.8674
-0.34555 -11.3605
-0.345428 -11.0899
-0.11435 -10.4879
-0.242123 -10.1348
-0.54148 -10.3014
-0.637682 -10.0108
-0.438281 -9.79676
-0.737283 -9.41389
-0.927022 -9.76981
-1.11248 -9.52877
-1.13699 -9.34308
-1.05913 -9.11132
-1.40326 -9.24017
-1.39063 -8.83726
-0.976074 -8.79493
-1.10645 -8.5407
-0.859316 -8.48727
-0.723599 -8.71729
-0.593973 -8.44973
-0.461974 -8.77915
-0.686311 -9.01476
-0.4317 -9.01575
-0.210846 -8.72542
-0.325258 -8.45593
-0.153388 -8.17047
-0.426961 -8.06369
-0.728454 -8.13306
-0.607987 -7.74652
-0.868355 -7.77938
-0.733096 -7.3442
-1.02201 -7.33476
-1.1406 -7.83858
-0.997989 -8.19789
-1.30624 -8.30697
-1.37333 -7.91179
-1.35057 -7.39987
-1.59899 -7.77003
-1.55912 -8.1842
-1.80193 -8.1187
-1.74705 -8.39172
-1.61481 -8.55068
-1.87432 -8.88813
-1.76153 -9.19498
-2.13968 -9.23849
-2.29544 -8.98551
-2.05032 -8.71665
-2.27414 -8.57387
-1.95946 -8.453
-1.84712 -8.61115
-2.07258 -8.24188
-1.99886 -7.92128
-2.37557 -8.12628
-2.20308 -7.65403
-2.43955 -7.79852
-2.54899 -7.51407
-2.25349 -7.35543
-2.0447 -7.35477
-1.85282 -7.56812
-1.86977 -7.14094
-2.15663 -7.10472
-2.07123 -6.70774
-2.40882 -6.90697
-2.49541 -6.48439
-2.74275 -6.81495
-2.94939 -6.51003
-2.75569 -6.24335
-2.96088 -6.18183
-2.8239 -5.91198
-2.52852 -6.09789
-2.51927 -5.7056
-2.77924 -5.5568
-3.05913 -5.62197
-2.85445 -5.22267
-2.59171 -5.36222
-2.58303 -5.12404
-2.35742 -5.20574
-2.39938 -5.44258
-2.25789 -5.38669
-2.25431 -5.61364
-2.09084 -5.46942
-2.18686 -5.29457
-2.0322 -5.21039
-2.29901 -4.94707
-2.46502 -5.02471
-2.58625 -4.89794
-2.35716 -4.73335
-2.1998 -4.79267
-2.07837 -4.65371
-2.03904 -4.89882
-1.80219 -4.8301
-1.68027 -4.62603
-1.94256 -4.52966
-1.8684 -4.42095
-1.57934 -4.38524
-1.44824 -4.54577
-1.32133 -4.45053
-1.26443 -4.25716
-1.59896 -4.14185
-1.84232 -4.2567
-1.86977 -4.09335
-1.73325 -4.00801
-1.3423 -4.0688
-1.88465 -3.97542
-2.02022 -4.02124
-2.0918 -4.18927
-2.20601 -4.00082
-2.3142 -4.15409
-2.30132 -4.29669
-2.10834 -4.41612
-2.41575 -4.51334
-2.52893 -4.25375
-2.70044 -4.48508
-2.6691 -4.68089
-2.51529 -4.69153
-2.87216 -4.8947
-3.07697 -5.08683
-3.21198 -5.35816
-3.30054 -5.14473
-3.11469 -4.89705
-3.39013 -4.99143
-3.11876 -4.67769
-3.41412 -4.79437
-3.17278 -4.52473
-2.96629 -4.42856
-2.88919 -4.51341
-2.89472 -4.68041
-2.77424 -4.34242
-2.8497 -4.26211
-2.70053 -4.20294
-3.02111 -4.31036
-2.40777 -4.05662
-3.1847 -4.43553
-3.36657 -4.59011
-3.56165 -4.79021
-3.71441 -5.00327
-3.60296 -5.0415
-3.8222 -5.21759
-3.66395 -5.229
-3.5096 -5.22834
-3.68558 -5.43695
-3.47136 -5.40327
-3.64646 -5.62408
-3.51946 -5.57519
-3.39329 -5.56864
-3.2579 -5.57643
-3.3198 -5.826
-3.1069 -5.98286
-3.28338 -6.13315
-3.12439 -6.24967
-3.28075 -6.43816
-3.21188 -6.84583
-2.97377 -6.8026
-2.95607 -7.03868
-2.65874 -7.13517
-2.90714 -7.36667
-2.39483 -7.19772
-2.91606 -7.74472
-2.65861 -7.92269
-2.8642 -8.02452
-2.81886 -8.33158
-2.57624 -8.54603
-2.5826 -8.86652
-2.82571 -8.74238
-2.87081 -9.07017
-2.62395 -9.15522
-2.48966 -9.33254
-2.86017 -9.40876
-2.65078 -9.58153
-2.34639 -9.53538
-2.02046 -9.44666
-2.12827 -9.7495
-1.69847 -9.50796
-1.35152 -9.45657
-1.39162 -9.71143
-1.77054 -9.79598
-1.60582 -10.019
-1.2295 -9.99123
-0.925182 -10.0383
-0.747671 -10.1308
-0.866956 -10.252
-1.06738 -10.3919
-1.10235 -10.1822
-1.38146 -10.3199
-1.16049 -10.7099
-1.63361 -10.6897
-1.41025 -11.0797
-1.94808 -11.1053
-1.57332 -11.446
-1.30426 -11.8273
-1.68725 -11.7265
-1.93734 -11.5279
-1.93056 -11.8132
-2.25561 -11.7271
-2.21287 -11.4117
-2.35872 -11.2193
-2.38807 -10.901
-2.05604 -10.6505
-2.34748 -10.5891
-2.19067 -10.3468
-1.81353 -10.3324
-1.99535 -10.0483
-2.4143 -10.1108
-2.60577 -9.8415
-2.73139 -10.1149
-2.99353 -10.0654
-2.9316 -9.74546
-3.22775 -9.91561
-3.23144 -9.61639
-3.19796 -9.23534
-3.56215 -9.43913
-3.52697 -8.89147
-3.10438 -8.86436
-3.19137 -8.48345
-3.49971 -8.35148
-3.29471 -8.14418
-3.4535 -7.9857
-3.23299 -7.80062
-3.05509 -8.0922
-3.11351 -7.53828
-3.267 -7.54617
-3.21352 -7.29008
-3.45901 -7.61429
-3.49898 -7.16449
-3.75464 -7.52993
-3.71885 -8.04614
-4.00519 -7.9059
-4.02955 -8.42737
-3.75126 -8.52506
-3.94208 -8.85498
-3.89354 -9.26747
-4.18477 -9.14579
-4.18522 -8.8033
-4.43047 -8.93305
-4.26794 -8.58693
-4.40613 -8.49041
-4.23885 -8.22188
-4.45507 -8.10086
-4.21885 -7.77973
-4.35928 -7.66014
-4.20598 -7.351
-3.99839 -7.43257
-4.00198 -6.98832
-3.77139 -7.06562
-3.78322 -6.62673
-4.00802 -6.56773
-4.22547 -6.91504
-4.15419 -6.61601
-4.12481 -6.39627
-3.9629 -6.19545
-4.09654 -6.11298
-4.26827 -6.34036
-4.21958 -6.04636
-4.34283 -6.23307
-4.32447 -6.05078
-4.44665 -6.32133
-4.41088 -6.10911
-4.5134 -6.33749
-4.5057 -6.21026
-4.6004 -6.49389
-4.60635 -6.36809
-4.71643 -6.70946
-4.66901 -6.77352
-4.56258 -6.58143
-4.64952 -6.88415
-4.50748 -6.76213
-4.60653 -7.03719
-4.54092 -6.98702
-4.47204 -6.99987
-4.37017 -6.82341
-4.36415 -6.59468
-4.25592 -6.60734
-4.40699 -6.4578
-4.38462 -7.05825
-4.38878 -7.33702
-4.47052 -7.20066
-4.56556 -7.42962
-4.50966 -7.72113
-4.66194 -7.75822
-4.62898 -8.03173
-4.62933 -8.31117
-4.56659 -8.5754
-4.72957 -8.5763
-4.70263 -9.00785
-4.60143 -9.35377
-4.41098 -9.41976
-4.58024 -9.8026
-4.36845 -9.71008
-4.17231 -9.52112
-4.19272 -9.87054
-3.90047 -9.66674
-3.58652 -9.88743
-3.93817 -9.9843
-3.82946 -10.3025
-3.39463 -10.2466
-3.65397 -10.6004
-3.32649 -10.628
-3.12661 -10.3398
-2.91202 -10.2655
-2.98123 -10.5159
-2.71607 -10.3181
-2.73873 -10.5325
-2.50308 -10.4198
-2.60012 -10.6806
-2.8759 -10.7617
-2.72397 -10.9315
-2.67278 -11.1964
-3.05996 -11.1441
-2.92312 -11.5115
-2.5455 -11.5195
-2.80989 -11.8343
-2.53497 -11.7718
-2.5099 -12.0278
-2.09642 -12.0829
-2.35552 -12.2851
-2.1173 -12.4284
-1.85564 -12.3086
-1.68496 -12.0502
-1.60508 -12.3715
-1.79691 -12.6348
-2.19169 -12.7328
-1.95328 -12.9612
-1.79883 -13.2178
-1.46544 -13.25
-1.59303 -13.3821
-1.43324 -13.4904
-1.70535 -13.4974
-1.50602 -13.5648
-1.69512 -13.6003
-1.7353 -13.6808
-1.93164 -13.6173
-2.02147 -13.6737
-2.29779 -13.6778
-2.37365 -13.7374
-2.14212 -13.7724
-2.60944 -13.6889
-2.65265 -13.7465
-2.77796 -13.78
-2.90983 -13.7244
-3.0748 -13.7727
-3.22177 -13.7872
-3.17022 -13.7412
-3.36455 -13.7547
-3.51558 -13.7671
-3.61857 -13.7862
-3.6604 -13.761
-3.58303 -13.7286
-3.8338 -13.7245
-3.77923 -13.6945
-3.60491 -13.6708
-3.35339 -13.694
-3.41078 -13.6398
-3.63987 -13.6108
-3.49829 -13.579
-3.82126 -13.5567
-3.62002 -13.4981
-3.87517 -13.47
-3.77095 -13.3763
-4.05646 -13.4
-4.04512 -13.3152
-3.95405 -13.2246
-4.17804 -13.2348
-4.22135 -13.0785
-3.98012 -13.0687
-3.70329 -13.153
-3.8482 -12.9399
-4.13875 -12.8744
-3.97158 -12.7375
-4.16548 -12.5585
-3.91621 -12.4963
-3.73121 -12.7247
-3.65222 -12.4335
-3.41816 -12.6702
-3.35856 -12.3078
-3.17435 -12.5308
-3.16391 -12.7292
-3.23605 -12.8772
-2.93211 -12.841
-2.99663 -12.6433
-2.74717 -12.6106
-2.92402 -12.4405
-2.63741 -12.3466
-2.42911 -12.5382
-2.54975 -12.7999
-2.31691 -12.9899
-2.6813 -13.034
-2.40989 -13.1886
-2.76537 -13.2238
-2.46784 -13.3496
-2.82138 -13.3553
-2.59926 -13.4365
-2.3725 -13.4426
-2.22634 -13.4179
-2.21825 -13.4835
-2.41003 -13.5166
-2.12807 -13.5539
-2.00953 -13.4655
-1.88761 -13.5557
-1.84222 -13.3852
-2.1206 -13.3218
-2.11865 -13.1451
-2.14471 -13.6294
-2.34992 -13.5987
-2.57468 -13.6368
-2.56043 -13.5717
-2.69497 -13.5115
-2.88008 -13.4455
-2.96193 -13.5214
-2.7918 -13.5863
-3.14032 -13.6146
-2.83516 -13.6602
-3.00058 -13.6793
-3.13178 -13.6858
-3.25395 -13.661
-3.18776 -13.5204
-3.10377 -13.4637
-3.37718 -13.4465
-3.36333 -13.5357
-3.12575 -13.3841
-3.46304 -13.3079
-3.72828 -13.2771
-3.38321 -13.1679
-3.49928 -12.9632
-3.09519 -13.07
-3.11305 -13.2659
-2.85603 -12.17
-3.0981 -12.3085
-3.11312 -12.063
-3.35581 -11.9528
-3.10964 -11.7913
-3.2685 -11.5952
-3.61526 -11.8107
-3.45755 -11.3771
-3.76787 -11.5182
-3.6254 -11.2047
-3.37135 -11.0081
-3.61553 -10.9181
-3.88557 -11.2239
-3.83693 -10.8745
-4.12178 -10.9849
-3.91994 -10.6623
-4.14592 -10.5656
-4.25498 -10.8028
-4.37203 -10.9837
-4.33295 -11.2817
-4.53812 -11.2745
-4.41352 -11.6555
-4.18964 -11.4718
-4.28282 -11.6669
-4.22352 -11.837
-4.42093 -12.0216
-4.63213 -12.0002
-4.48919 -12.3118
-4.27916 -12.2346
-4.36857 -12.4959
-4.50814 -12.5833
-4.35388 -12.7157
-4.51503 -12.7816
-4.35788 -12.902
-4.51005 -12.9887
-4.37158 -13.185
-4.58566 -13.1551
-4.43185 -13.2951
-4.6076 -13.2994
-4.45384 -13.387
-4.56994 -13.4337
-4.34214 -13.4924
-4.27767 -13.4036
-4.08999 -13.4879
-4.23678 -13.3126
-4.13134 -13.571
-3.8725 -13.6318
-4.12334 -13.6432
-3.99698 -13.6894
-4.27821 -13.6983
-4.07099 -13.7275
-4.23897 -13.7464
-3.98857 -13.761
-3.77504 -13.7676
-3.7973 -13.7967
-3.81644 -13.7768
-3.98844 -13.7836
-3.99781 -13.7847
-4.12519 -13.8008
-4.12413 -13.784
-4.29318 -13.7831
-4.27774 -13.7778
-4.19511 -13.7777
-4.32803 -13.7498
-4.38057 -13.7056
-4.48082 -13.7068
-4.41217 -13.7633
-4.53334 -13.7134
-4.47628 -13.7569
-4.39306 -13.7773
-4.20839 -13.7808
-4.40569 -13.7556
-4.44818 -13.7164
-4.56382 -13.7193
-4.54186 -13.7425
-4.7207 -13.6595
-4.62949 -13.7108
-4.77641 -13.6253
-4.63922 -13.6556
-4.79882 -13.5456
-4.64595 -13.5754
-4.53919 -13.6642
-4.4963 -13.6423
-4.49754 -13.5419
-4.34663 -13.6403
-4.66006 -13.4443
-4.80804 -13.4183
-4.93364 -13.4218
-5.03451 -13.3615
-4.93142 -13.5012
-5.03917 -13.4012
-4.97753 -13.4792
-5.08115 -13.3432
-5.04707 -13.3738
-4.91647 -13.4911
-4.8598 -13.5631
-4.79657 -13.5941
-4.64844 -13.6564
-4.7827 -13.5526
-4.63407 -13.5887
-4.77864 -13.4995
-4.71014 -13.4658
-4.48993 -13.5553
-4.44977 -13.6298
-4.30838 -13.6178
-4.50373 -13.6724
-4.32555 -13.567
-4.74556 -13.3322
-4.8295 -13.361
-4.84985 -13.4128
-4.91026 -13.3299
-4.95787 -13.3478
-4.8875 -13.4517
-5.01244 -13.3761
-5.06593 -13.2273
-5.09811 -13.2715
-5.13785 -13.2343
-5.16123 -13.0891
-5.20074 -13.0749
-5.16667 -13.1668
-5.13615 -13.2627
-5.10548 -13.2696
-5.22412 -12.9109
-5.21277 -12.9631
-5.23811 -12.806
-5.20732 -12.8785
-5.16611 -12.9081
-5.12066 -13.0589
-5.12516 -12.8978
-5.16365 -12.69
-5.10555 -12.6267
-5.16289 -12.3916
-5.11485 -12.3994
-5.06581 -12.3753
-5.00501 -12.6504
-4.99546 -12.4308
-4.94414 -12.5461
-4.92602 -12.3454
-4.83482 -12.5561
-4.91192 -12.6989
-4.82698 -12.7886
-4.68304 -12.7556
-4.72874 -12.9669
-4.90418 -12.8998
-4.78553 -13.1458
-4.94569 -13.0688
-4.89852 -13.235
-5.03637 -13.1036
-4.98257 -13.2568
-5.03197 -12.889
-4.60292 -12.6565
-4.6631 -12.455
-4.80696 -12.2353
-4.80952 -11.9516
-4.91354 -12.0612
-5.00076 -12.2
-4.99945 -11.8625
-5.06539 -12.0893
-5.12117 -12.1571
-5.08727 -11.816
-5.13849 -11.8937
-5.17859 -12.0638
-5.21462 -12.2151
-5.22312 -12.4853
-5.26414 -12.1351
-5.26891 -12.421
-5.23974 -12.6726
-5.19998 -12.7429
-5.27314 -12.6027
-5.25072 -12.7289
-5.28644 -12.5284
-5.31075 -10.9537
-5.2968 -10.5989
-5.27651 -10.2503
-5.28105 -10.1382
-5.26629 -10.434
-5.24364 -10.0415
-5.22428 -10.3251
-5.17925 -9.8708
-5.16889 -10.2478
-5.13899 -9.98866
-5.11789 -9.739
-5.08945 -9.99817
-5.12972 -10.1876
-5.10689 -10.331
-5.14831 -10.4813
-5.12014 -10.6322
-5.15657 -10.8694
-5.10945 -10.9606
-5.06046 -10.5924
-5.05676 -11.0513
-5.00126 -10.83
-5.00341 -11.0662
-5.01004 -11.2893
-5.08097 -11.4231
-5.03337 -11.5851
-4.9562 -11.5029
-4.89195 -11.7516
-4.84945 -11.4225
-4.75879 -11.689
-4.71363 -11.3744
-4.79963 -11.114
-4.93176 -11.0876
-4.83339 -10.7864
-4.72956 -10.8893
-4.67854 -11.1057
-4.57248 -10.8541
-4.61862 -11.6067
-4.71621 -10.5628
-4.53726 -10.4692
-4.37852 -10.6719
-4.34642 -10.3534
-4.48991 -10.1432
-4.32448 -10.0942
-4.13583 -10.1927
-4.40438 -9.92409
-4.65369 -10.2254
-4.77004 -10.0517
-4.75696 -10.3104
-4.85101 -10.3931
-4.93495 -10.6657
-4.94838 -10.3675
-4.91706 -9.99609
-4.78895 -9.57379
-4.90696 -9.64535
-4.87623 -9.47656
-4.87441 -9.21631
-4.93895 -9.4541
-4.94424 -9.27959
-4.95661 -9.14206
-4.98773 -9.30983
-4.98896 -9.12868
-5.05102 -9.22137
-5.04484 -9.43577
-5.09476 -9.4627
-5.04849 -9.68212
-5.00397 -9.51679
-4.98035 -9.70945
-5.02622 -9.96818
-5.06417 -10.2147
-5.00181 -10.2704
-4.99734 -10.5388
-5.14514 -9.50725
-5.10308 -9.24405
-5.14351 -9.29296
-5.18459 -9.49422
-5.22016 -9.71077
-5.22093 -9.39075
-5.16681 -9.23287
-5.16123 -8.99071
-5.12142 -9.0298
-5.12139 -8.79001
-5.06218 -8.71985
-5.08736 -8.51473
-5.01757 -8.36323
-4.98495 -8.5684
-5.01308 -8.83651
-4.94879 -8.78816
-4.97167 -8.97515
-5.00932 -9.02414
-5.06243 -9.0027
-4.92102 -8.98014
-4.84851 -8.80725
-4.9136 -8.6109
-4.83814 -8.4884
-4.91473 -8.43474
-4.85308 -8.25574
-4.74264 -8.2789
-4.76204 -8.02674
-4.87344 -8.05973
-4.94361 -8.27965
-4.94397 -8.09465
-4.97743 -8.20731
-4.97746 -8.09873
-5.03211 -8.18824
-4.98184 -7.94236
-4.93691 -7.90221
-4.93552 -8.00632
-4.89774 -7.9281
-4.86741 -7.71745
-4.92825 -7.73662
-4.86797 -7.58494
-4.82046 -7.49339
-4.83524 -7.4185
-4.89982 -7.5584
-4.86981 -7.38899
-4.90777 -7.50007
-4.96101 -7.7435
-5.02844 -8.01053
-5.0165 -7.86622
-5.07848 -8.1347
-5.07354 -8.24244
-5.1157 -8.41463
-5.15973 -8.72254
-5.12327 -8.74597
-5.21918 -9.07764
-5.20653 -8.81681
-5.22717 -9.11725
-5.248 -9.47293
-5.2583 -9.76947
-5.26896 -9.82482
-5.28569 -9.9666
-5.27134 -9.68957
-5.2475 -9.81799
-3.75526 -4.9256
-3.90967 -5.09734
-3.90673 -5.19523
-4.04034 -5.28172
-4.02426 -5.38576
-3.93451 -5.50917
-4.11071 -5.5837
-4.17401 -5.78783
-4.04156 -5.83735
-3.83933 -5.70296
-3.94565 -5.94429
-3.76152 -5.94621
-3.81614 -6.29439
-3.54557 -6.20708
-3.53747 -5.77388
-3.52309 -6.71519
-4.20616 -5.71159
-4.18378 -5.63108
-4.13169 -5.53218
-4.22936 -5.63436
-4.25003 -5.74262
-4.36943 -5.88883
-4.29412 -5.87273
-4.30587 -5.69809
-4.81296 -7.04746
-4.74967 -6.94982
-4.81274 -7.19745
-4.72958 -7.03795
-4.77469 -7.28062
-4.69921 -7.15056
-4.74162 -7.39065
-4.64811 -7.28541
-4.70209 -7.5411
-4.55086 -7.15962
-4.78632 -7.58885
-4.80289 -7.79903
-4.87299 -7.28871
-4.91679 -7.40752
-4.96069 -7.62838
-5.14522 -8.36532
-5.17465 -8.57157
-5.24077 -9.38486
-5.25511 -9.5634
-4.05145 -5.1851
-4.14426 -5.45367
-4.23216 -5.55155
-5.12836 -11.649
-5.13777 -11.3394
-5.16522 -11.7317
-5.20279 -11.4701
-5.22013 -11.9149
-5.23587 -11.7856
-5.28135 -11.8384
-5.28539 -12.1464
-5.29297 -11.8624
-5.29483 -12.1467
-5.29179 -12.3698
-5.29632 -11.5306
-5.27294 -11.5114
-5.29469 -11.1944
-5.25766 -11.0885
-5.25332 -11.4899
-5.21262 -11.1776
-5.18252 -11.0819
-5.21025 -10.7355
-5.17975 -11.1682
-5.14739 -11.0815
-5.09643 -11.1956
-5.25826 -10.6767
-5.28737 -10.8249
-4.86375 -13.5777
-4.059 -12.2507
-4.14297 -12.066
-3.959 -11.9001
-3.81198 -12.1791
-3.57651 -12.1418
-4.01249 -11.5939
-3.1273 -10.8062
-4.49087 -6.52572
-2.98886 -8.62733
-1.98822 -4.31947
-0.923208 -4.26261
-0.769862 -4.14914
-0.650266 -4.27673
-0.605242 -4.16339
-0.469856 -4.5044
-0.77895 -4.42156
-0.806263 -4.61174
-0.588058 -4.78842
-0.313853 -4.74973
-0.179619 -4.60997
-0.0713367 -4.78028
0.0589809 -4.62398
0.186315 -4.84283
0.379341 -4.84958
0.369856 -4.99959
0.222457 -5.05421
0.387673 -5.2037
0.149333 -5.2805
0.411503 -5.42097
0.302364 -5.60465
0.587731 -5.67306
0.596549 -5.37862
0.819835 -5.58109
0.760641 -5.31006
0.935849 -5.42685
1.01896 -5.658
0.953565 -5.91642
1.18133 -5.88622
1.14341 -5.52666
0.783401 -5.78599
0.713568 -6.01698
0.572442 -6.46371
0.401215 -5.98815
0.290838 -6.33862
0.368702 -6.53629
0.373157 -6.74906
0.578104 -7.02348
0.879945 -7.27644
1.00285 -7.82944
0.799445 -8.08298
1.00107 -8.34051
1.23611 -8.29259
1.19407 -8.73524
1.41792 -9.11782
1.12621 -9.17585
1.40041 -9.46469
1.44818 -9.9685
1.61358 -10.1844
1.59391 -10.5323
1.84807 -10.5044
1.79199 -10.8492
2.00385 -10.8695
1.92832 -11.148
2.10719 -11.131
2.08907 -11.4266
2.26485 -11.4844
1.73835 -11.119
1.57175 -10.8931
0.851191 -8.3769
0.325428 -7.01927
0.157372 -6.8712
0.202428 -6.59733
-0.0237703 -6.69053
0.0271969 -6.37882
-0.183145 -6.4856
-0.136494 -6.31558
-0.105734 -6.14423
0.119905 -6.08133
-0.070303 -5.87463
0.138484 -5.78496
-0.0355082 -5.66402
-0.258613 -5.62787
-0.0806265 -5.54379
0.0672798 -5.53535
-0.11357 -5.38021
-0.146659 -5.13309
0.0238752 -4.99236
-0.202199 -4.9421
-0.220413 -5.0365
-0.319545 -5.04961
-0.383554 -4.90344
-0.507233 -4.98684
-0.503616 -5.18224
-0.30061 -5.1862
-0.218984 -5.25502
-0.328971 -5.34292
-0.59642 -5.47288
-0.548803 -5.83584
-0.298939 -5.97715
-0.507135 -6.17114
-0.279441 -6.26221
-0.415357 -6.50702
-0.259514 -6.77758
-0.703275 -6.43461
-0.880486 -6.81453
-0.918935 -6.40207
-0.87212 -6.19785
-1.04988 -6.12517
-0.888786 -6.02668
-0.739922 -6.06
-0.85435 -5.78499
-1.16283 -5.7081
-0.948432 -5.37273
-1.24848 -5.38095
-1.18848 -5.16141
-0.967031 -5.1342
-0.848825 -5.18724
-0.7637 -5.03012
-0.728674 -5.23972
-1.09898 -4.95549
-0.904207 -4.80404
-1.12895 -4.79422
-1.06022 -4.66871
-1.0557 -4.46724
-1.25189 -4.58975
-1.23837 -4.70671
-1.39709 -4.66482
-1.35954 -4.79825
-1.57438 -4.83604
-1.389 -4.98198
-1.48612 -5.18902
-1.61305 -4.96945
-1.78478 -5.05252
-1.70982 -5.31283
-1.46616 -5.54482
-1.79732 -5.64638
-1.41335 -6.13465
-1.89559 -6.19004
-1.61247 -6.80838
-1.20547 -6.76558
-1.1779 -6.36953
-1.04951 -6.48982
-1.63108 -7.33661
-2.19605 -6.32208
-2.24578 -5.98848
-2.35427 -6.22786
-2.04367 -5.77049
-1.78719 -7.84456
0.271256 -12.2369
0.529903 -12.1622
0.77379 -12.2204
0.408731 -12.3437
0.244337 -12.527
-0.00527573 -12.3861
-0.0927582 -12.6634
0.106517 -12.8809
-0.166288 -12.8479
-0.26478 -13.0145
-0.0212831 -13.1525
0.258292 -13.0851
0.248544 -13.2601
0.553618 -13.254
0.42573 -13.375
0.0482569 -13.4107
-0.101145 -13.5187
-0.217357 -13.4577
-0.227501 -13.3734
-0.436649 -13.4337
-0.463896 -13.3126
-0.747597 -13.3669
-0.677476 -13.2158
-0.670016 -13.0084
-0.428599 -13.1729
-0.23785 -13.1622
-0.238398 -13.2599
-0.0382881 -13.3036
-0.415359 -12.7849
-0.752665 -12.7664
-0.611606 -12.5902
-0.324044 -12.5069
-0.591423 -13.5228
-0.336396 -13.511
-0.298767 -13.5825
-0.0298357 -13.5802
-0.125931 -13.65
-0.567043 -13.6545
-0.320089 -13.7231
0.00572586 -13.7348
-0.314355 -13.7881
-0.0248442 -13.8043
0.281782 -13.7742
0.105213 -13.8195
0.365153 -13.8103
0.662177 -13.8046
0.945024 -13.7499
0.378124 -13.8338
0.497851 -13.8404
0.25226 -13.8588
0.270153 -13.8651
0.269107 -13.9071
0.220957 -13.8974
0.487188 -13.887
0.388305 -13.8854
0.538192 -13.8567
0.237101 -13.8888
0.371766 -13.8182
0.710475 -13.7863
0.979526 -13.7767
1.04246 -13.7473
1.0899 -13.7552
0.400822 -13.7025
0.591129 -13.6476
0.49192 -13.5703
0.221641 -13.6469
0.0822859 -13.7491
0.0309238 -13.6758
-0.18675 -13.6818
-0.273056 -13.776
-0.435643 -13.6769
-0.472157 -13.5966
-0.236346 -13.5836
-0.073926 -13.6198
-0.0921135 -13.5016
0.0700989 -13.6
0.225785 -13.5088
0.0863104 -13.3769
0.328048 -13.3527
0.547874 -13.3137
-0.632068 -13.4797
-0.391692 -13.4894
-0.773298 -13.5299
-0.645011 -13.6424
-0.509766 -13.6392
-0.609564 -13.7254
-0.837121 -13.6746
-0.930697 -13.5918
-1.10269 -13.6199
-1.20323 -13.5016
-1.02254 -13.4755
-1.41602 -13.4222
-1.78564 -13.3836
-1.65705 -13.4562
-1.44862 -13.515
-1.75832 -13.5057
-1.54141 -13.5988
-1.71258 -13.6154
-1.90797 -13.556
-2.00644 -13.4874
-1.97859 -13.3986
-2.19947 -13.4083
-2.11711 -13.3177
-2.31284 -13.3023
-2.7635 -13.4239
-2.47322 -13.4185
-2.3161 -13.4656
-2.15025 -13.5411
-2.42026 -13.5296
-2.3153 -13.5872
-2.09676 -13.6555
-2.33464 -13.6604
-2.53908 -13.5989
-2.50969 -13.6613
-2.33514 -13.7156
-2.15456 -13.7193
-2.14873 -13.7752
-2.01055 -13.776
-1.95644 -13.7524
-1.8205 -13.8086
-1.76404 -13.7649
-1.60736 -13.7914
-1.58095 -13.7469
-1.82812 -13.7086
-1.65339 -13.681
-1.89484 -13.6293
-1.51257 -13.6546
-1.40363 -13.7142
-1.28558 -13.6612
-1.09362 -13.7607
-1.33741 -13.7634
-1.13707 -13.7824
-1.36025 -13.7768
-1.04559 -13.8149
-0.873466 -13.8159
-0.698773 -13.8595
-0.567314 -13.8417
-0.343953 -13.8785
-0.548361 -13.8993
-0.251901 -13.9025
-0.311159 -13.9065
-0.555061 -13.9021
-0.371302 -13.9152
-0.111109 -13.9243
-0.049715 -13.9045
-0.056982 -13.9116
0.157798 -13.9122
-0.0401115 -13.9155
-0.0343418 -13.8466
-0.328491 -13.847
-0.490122 -13.7972
-0.748579 -13.7773
-0.935764 -13.7076
-0.496713 -13.8984
-0.242877 -13.8967
-0.44113 -13.8819
-0.212104 -13.8738
0.0146551 -13.8917
0.0994873 -13.8458
-0.194483 -13.843
-0.47696 -13.8606
-0.51106 -13.8175
-0.550157 -13.7827
-0.576167 -13.7422
-0.781662 -13.7799
-1.05453 -13.8123
-0.720098 -13.8422
-0.741915 -13.8615
-1.08288 -13.8405
-0.876455 -13.8557
-0.691307 -13.8886
-0.970399 -13.8508
-0.843408 -13.8511
-1.17423 -13.8506
-1.10463 -13.8283
-0.846978 -13.8501
-1.30657 -13.8075
-1.38669 -13.865
-1.61864 -13.8382
-1.4707 -13.7731
-1.62075 -13.8624
-1.45997 -13.8571
-1.74418 -13.8609
-1.5587 -13.8411
-2.08072 -13.8376
-1.85282 -13.8647
-2.0772 -13.8254
-2.32013 -13.7694
-1.92867 -13.8465
-2.60458 -13.7337
-2.48768 -13.7062
-2.61448 -13.6871
-2.7039 -13.6565
-2.73596 -13.7053
-2.86794 -13.7265
-2.8642 -13.6656
-2.75745 -13.6046
-2.70039 -13.5219
-2.97014 -13.6223
-2.9553 -13.5092
-2.94103 -13.4093
-3.08768 -13.4241
-3.6444 -13.4948
-3.2887 -13.5488
-3.56471 -13.5822
-3.54019 -13.6436
-3.23444 -13.6668
-3.37792 -13.7144
-3.1907 -13.7315
-3.26279 -13.776
-3.04568 -13.7665
-3.02401 -13.7161
-2.85316 -13.7649
-3.07117 -13.8153
-3.26112 -13.8219
-3.44683 -13.7473
-3.55912 -13.7171
-3.70998 -13.7129
-3.66319 -13.6896
-3.75854 -13.6132
-1.23413 -13.8413
0.444502 -13.4463
0.601566 -13.4284
-0.802343 -13.5767
1.10981 -13.7122
0.934051 -12.3242
1.0837 -12.3071
1.78943 -13.4869
1.64013 -13.4449
2.61616 -13.2062
2.52948 -13.2987
2.45058 -13.3525
1.51029 -5.54952
1.59592 -5.64143
1.50062 -5.40115
1.34222 -5.18573
0.945542 -4.2683
1.21522 -4.50143
1.33548 -4.74717
1.58968 -5.02196
1.07092 -4.4947
0.803238 -4.28205
0.680197 -4.08904
0.581193 -4.12847
2.61215 -8.25972
3.07544 -12.0533
2.99223 -11.6078
3.02362 -11.3269
2.98584 -11.038
2.87617 -11.026
2.90646 -10.8419
2.97141 -10.7382
2.90114 -10.6437
2.94069 -10.4159
2.83385 -10.4528
2.82429 -10.7457
2.74352 -10.7448
2.85259 -10.2072
2.89612 -10.0743
2.82048 -9.90647
2.88262 -9.83426
2.82963 -9.62661
2.90013 -9.65637
2.93027 -9.9122
2.97397 -9.78946
2.96947 -9.96662
2.9353 -9.51518
2.89554 -9.5243
2.94069 -10.4159
