1.65364 -9.3601
1.61348 -9.08101
1.57433 -9.22189
1.54901 -9.33356
1.62473 -9.5364
1.539 -9.48984
1.60548 -9.71769
1.6294 -9.99761
1.68634 -10.2004
1.86126 -10.4751
1.79915 -10.5684
1.76468 -10.5309
1.72394 -10.467
1.68052 -10.3824
1.647 -10.3235
1.63077 -10.2059
1.62492 -10.3783
1.61381 -10.2544
1.59705 -10.1132
1.58144 -9.98465
1.561 -9.83291
1.54215 -10.0099
1.47759 -9.73586
1.49274 -9.57987
1.39117 -9.42257
1.44088 -9.29196
1.35476 -9.15485
1.36256 -8.9837
1.27816 -8.95204
1.26808 -8.75684
1.33318 -8.78433
1.39403 -8.89275
1.36545 -8.68602
1.27775 -8.62642
1.23315 -8.42813
1.36701 -8.46662
1.47289 -8.69818
1.25478 -8.26439
1.20081 -8.06725
1.03988 -8.04904
0.99771 -8.21391
1.10578 -8.28234
1.07654 -8.36928
1.17172 -8.51863
1.06136 -8.49784
1.17454 -8.7381
1.08617 -8.78497
1.19285 -8.97843
1.28709 -9.17446
1.20914 -9.19861
1.28733 -9.40469
1.37985 -9.65984
1.28017 -9.60028
1.33368 -9.87431
1.47126 -9.93706
1.42513 -10.1275
1.51667 -10.2248
1.58567 -10.2514
1.55031 -10.3865
1.5898 -10.4423
1.60946 -10.3553
1.61244 -10.4785
1.62253 -10.5975
1.63971 -10.4716
1.64264 -10.6418
1.67412 -10.5217
1.69201 -10.6461
1.62769 -10.8412
1.67065 -10.8412
1.74404 -10.6791
1.71607 -10.8156
1.77038 -10.6854
1.79079 -10.6398
1.73912 -10.7456
1.72533 -10.7789
1.74046 -10.7152
1.82043 -10.5434
1.79358 -10.5119
1.71968 -10.7094
1.67607 -10.8885
1.65309 -10.9719
1.60415 -11.0976
1.63354 -10.9412
1.5629 -11.1829
1.53312 -11.2941
1.47473 -11.4769
1.5642 -11.2853
1.48757 -11.5116
1.53358 -11.4035
1.46233 -11.6486
1.47624 -11.5404
1.53247 -11.383
1.58553 -11.2144
1.52672 -11.3354
1.58787 -11.1331
1.54071 -11.1912
1.59398 -11.0278
1.62033 -10.9752
1.57281 -10.976
1.60551 -10.7728
1.57557 -10.8092
1.54675 -11.0315
1.56361 -10.8502
1.53478 -10.9999
1.53951 -10.7759
1.58491 -10.6439
1.54452 -10.5615
1.50935 -10.6676
1.51534 -10.4511
1.44625 -10.4008
1.42594 -10.6629
1.37867 -10.4576
1.36084 -10.1782
1.30031 -10.265
1.28422 -10.5437
1.37148 -10.6797
1.32871 -10.836
1.40476 -10.8802
1.46599 -10.8616
1.43895 -11.1465
1.51582 -10.9423
1.50662 -11.1904
1.50706 -11.2168
1.47121 -11.4178
1.43151 -11.4071
1.42651 -11.5909
1.36922 -11.6459
1.39375 -11.4478
1.34102 -11.3536
1.34774 -11.0739
1.29064 -11.2018
1.27674 -11.0139
1.24914 -10.8078
1.18219 -10.9664
1.16291 -10.6697
1.17405 -10.4135
1.20864 -10.2207
1.09295 -10.2115
1.12676 -9.9937
1.00199 -9.91839
0.97473 -10.1817
0.856857 -9.98929
0.889529 -9.74556
0.958113 -9.64802
1.08159 -9.73211
0.949226 -9.3967
0.822764 -9.50202
0.757982 -9.25916
0.713893 -9.34568
0.5804 -9.19386
0.658631 -9.46209
0.445821 -9.3859
0.326484 -9.05945
0.458534 -8.87051
0.180471 -8.6423
0.39655 -8.55021
0.58381 -8.76961
0.652564 -9.02122
0.718367 -8.91521
0.81026 -9.11092
0.831094 -8.92062
0.698454 -8.72538
0.788727 -8.69474
0.892346 -8.77467
0.971232 -9.0102
0.996554 -8.85543
1.09932 -9.06822
0.952549 -8.59277
1.04308 -9.26337
1.18705 -9.39155
1.13348 -9.55694
1.24004 -9.66949
1.23079 -9.93252
0.923148 -9.14413
0.800352 -8.50296
0.84187 -8.38073
0.9309 -8.32707
0.81434 -8.17167
0.873015 -8.11501
0.776699 -7.94398
0.702512 -8.00524
0.744911 -8.24205
0.660084 -8.05956
0.594441 -7.82152
0.653415 -7.76263
0.563922 -7.55638
0.47742 -7.58197
0.551079 -7.95853
0.428252 -7.7692
0.481411 -7.97925
0.535932 -8.20487
0.669707 -8.25332
0.681344 -8.49317
0.551877 -8.50331
0.375394 -8.21659
0.195146 -8.26159
0.19542 -7.95987
0.314091 -7.99655
0.267076 -7.80397
0.127996 -7.63237
0.218177 -7.56961
0.117031 -7.36746
0.22226 -7.39079
0.310194 -7.66343
0.346739 -7.46435
0.24184 -7.17589
0.372175 -7.25625
0.297999 -6.98467
0.162676 -6.88212
0.247696 -6.82109
0.405476 -7.09641
0.47617 -7.30948
0.266108 -6.32264
0.170869 -6.11936
0.127069 -6.23329
0.0275135 -6.2548
0.0474033 -6.43962
0.0264664 -6.63881
-0.0207205 -6.87598
0.124809 -7.12793
0.0137024 -7.14557
-0.0151215 -7.35895
-0.139962 -7.03746
-0.19679 -7.2853
-0.0313292 -7.70901
-0.337007 -7.54904
-0.0893793 -8.12968
0.072917 -8.02355
-0.133523 -8.66089
0.0907717 -8.95733
-0.0971851 -9.11459
-0.318703 -8.94408
-0.409958 -8.58035
-0.518801 -8.85539
-0.671491 -8.55229
-0.733978 -9.0055
-0.831501 -8.6946
-0.919519 -8.42468
-0.800064 -8.13008
-1.07294 -8.04841
-1.15857 -8.35431
-1.32535 -8.02857
-1.37892 -8.30799
-1.55268 -8.03241
-1.58974 -8.37022
-1.8079 -8.10353
-1.80832 -8.51756
-2.06768 -8.30187
-2.01515 -8.75416
-2.31268 -8.58096
-2.20789 -9.15689
-1.91612 -9.1529
-1.79434 -8.86692
-1.67584 -9.17347
-1.57056 -8.77949
-1.42422 -9.18181
-1.31133 -8.83886
-1.41804 -8.56114
-1.25366 -8.56597
-1.03871 -8.80482
-1.19513 -9.16629
-0.971594 -9.393
-0.66599 -9.51935
-0.481997 -9.20232
-0.381251 -9.5907
-0.28021 -9.27687
-0.109452 -9.51907
0.165263 -9.34698
0.137647 -9.79853
0.351719 -9.61719
0.556122 -9.67591
0.408921 -9.89826
0.653863 -9.99947
0.752264 -9.72001
0.775751 -10.1518
0.866679 -10.2665
0.687423 -10.3651
0.858654 -10.5454
0.957477 -10.3879
1.03228 -10.3603
1.01526 -10.598
1.10011 -10.4468
1.0588 -10.9085
0.894073 -10.8599
0.670893 -10.7856
0.747684 -11.1585
0.945329 -11.138
0.857221 -11.3303
0.960362 -11.3409
1.08594 -11.1975
1.21298 -11.1873
1.14639 -11.3621
1.23594 -11.3735
1.12449 -11.5857
1.2416 -11.5479
1.29916 -11.6607
1.16912 -11.7655
1.1923 -11.9222
1.29384 -11.8522
1.17918 -12.1243
1.28873 -12.0461
1.3688 -11.8079
1.33343 -11.7268
1.33893 -11.9893
1.4044 -11.8298
1.37112 -11.8945
1.40844 -11.7501
1.4298 -11.6437
1.42586 -11.625
1.4182 -11.7115
1.44419 -11.554
1.46331 -11.4322
1.45902 -11.4431
1.45672 -11.5211
1.48354 -11.3799
1.49223 -11.3056
1.53774 -11.149
1.5068 -11.2276
1.47899 -11.4523
1.41403 -11.7935
1.36335 -11.9419
1.31944 -12.0966
1.30617 -12.1163
1.35456 -12.0017
1.28408 -12.1764
1.3242 -12.0733
1.39394 -11.8685
1.34163 -11.9368
1.41933 -11.7078
-2.37348 -13.3395
-2.59447 -13.4467
-2.81469 -13.4202
-2.89686 -13.5299
-2.95294 -13.4397
-3.14967 -13.4332
-3.25337 -13.524
-3.38491 -13.4444
-3.37135 -13.3639
-3.60085 -13.3565
-3.87488 -13.2773
-3.77235 -13.438
-3.52826 -13.5023
-3.68763 -13.5639
-3.43529 -13.6314
-3.64848 -13.665
-3.80159 -13.6076
-3.79812 -13.6775
-3.94044 -13.5907
-3.94733 -13.6693
-4.08318 -13.5696
-4.08107 -13.4754
-3.88913 -13.5114
-4.00042 -13.369
-4.20444 -13.3351
-4.1149 -13.1888
-4.60718 -13.1576
-4.67865 -13.112
-4.61684 -13.2189
-4.51551 -13.2797
-4.50913 -13.3612
-4.38178 -13.4212
-4.37171 -13.4996
-4.30334 -13.4956
-4.23333 -13.5789
-4.25427 -13.5933
-4.10108 -13.6623
-4.08889 -13.6724
-3.95598 -13.7244
-3.94549 -13.7257
-3.72837 -13.7911
-3.88116 -13.7202
-3.64474 -13.77
-3.6827 -13.711
-3.90435 -13.6413
-3.71394 -13.6522
-3.80589 -13.6024
-3.62902 -13.5948
-3.48484 -13.6689
-3.42499 -13.5944
-3.50004 -13.5082
-3.24857 -13.562
-3.27452 -13.4989
-3.04482 -13.5109
-2.99435 -13.6156
-2.77324 -13.5595
-2.73388 -13.6277
-2.51468 -13.5656
-2.51436 -13.6715
-2.33574 -13.5987
-2.22353 -13.525
-2.43537 -13.4527
-2.09217 -13.4206
-1.87656 -13.4613
-1.82536 -13.3586
-1.53205 -13.3749
-1.64054 -13.2626
-1.96599 -13.3068
-1.88982 -13.1934
-2.10868 -13.2698
-2.14691 -13.1914
-1.97721 -13.109
-1.74197 -13.0866
-1.88575 -13.024
-2.19811 -13.065
-1.87866 -12.8856
-1.61578 -12.9758
-1.48371 -12.8261
-1.6744 -12.7226
-1.38325 -12.6517
-1.63295 -12.5367
-1.99277 -12.6968
-1.91268 -12.4667
-2.19015 -12.5565
-2.12152 -12.3632
-2.31652 -12.4539
-2.31883 -12.3117
-2.5428 -12.4226
-2.49638 -12.1986
-2.15658 -12.0944
-2.48794 -11.9302
-2.76308 -12.1078
-2.85027 -11.7944
-2.52175 -11.6537
-2.69804 -11.5813
-2.58734 -11.4202
-2.84001 -11.4488
-2.70592 -11.1666
-3.06109 -11.1561
-2.80808 -10.9198
-2.98566 -10.735
-2.74147 -10.6813
-2.51563 -10.8521
-2.54157 -10.4714
-2.82936 -10.4159
-2.61608 -10.0605
-2.88876 -10.1361
-2.80339 -9.88047
-2.65111 -9.63645
-2.85345 -9.65102
-2.82113 -9.28426
-2.51537 -9.25384
-2.68016 -8.87229
-2.44612 -8.89023
-2.33931 -9.66093
-2.14257 -9.51537
-2.01776 -9.43167
-2.02693 -9.76724
-1.8158 -9.53265
-1.83731 -9.82076
-1.69931 -9.80304
-1.55661 -9.54062
-1.48764 -9.93012
-1.26143 -9.58748
-1.14433 -10.1016
-1.06056 -9.74657
-0.870215 -9.85692
-0.816353 -10.2994
-0.558368 -10.0039
-0.590478 -10.3335
-0.379947 -10.3591
-0.187327 -9.97571
-0.0756083 -10.3839
0.0668049 -10.1248
0.258554 -10.0834
0.450687 -10.2163
0.210577 -10.3503
0.424922 -10.5942
0.481844 -10.8502
0.293934 -10.9128
0.108147 -10.6713
0.0194921 -11.006
-0.264527 -10.7805
-0.214773 -11.19
-0.4734 -11.1095
-0.513062 -10.8781
-0.723248 -10.9922
-0.678543 -11.3082
-0.463367 -11.4921
-0.840569 -11.6406
-0.920519 -11.2925
-1.14412 -11.5597
-1.19757 -11.208
-1.49715 -11.4465
-1.49376 -11.026
-1.19334 -10.8687
-1.40695 -10.6983
-1.18946 -10.5287
-0.9286 -10.6853
-1.01861 -10.415
-0.601556 -10.6255
-0.98612 -11.015
-1.45949 -10.3551
-1.72291 -10.6737
-1.81332 -10.1399
-2.03222 -10.5105
-2.24022 -10.1806
-2.28831 -10.5942
-2.09535 -10.9249
-2.39932 -11.1953
-2.12603 -11.3264
-1.90722 -11.194
-1.77881 -11.0143
-1.69982 -11.2318
-1.85235 -11.4538
-1.75258 -11.7894
-1.37615 -11.8064
-1.56938 -12.1094
-1.8633 -12.0395
-1.97631 -11.9147
-1.87954 -12.2442
-2.15156 -11.7092
-1.69134 -12.3477
-1.47975 -12.3422
-1.21135 -12.2087
-1.30495 -12.018
-1.15572 -12.0196
-1.20882 -11.9043
-1.04008 -11.8717
-1.01448 -12.0556
-0.861507 -11.9386
-1.04392 -11.7166
-1.1606 -11.7767
-0.614436 -11.8811
-0.807685 -12.1862
-0.582601 -12.0773
-0.413905 -11.9886
-0.35335 -11.757
-0.186361 -11.8477
-0.10496 -11.514
-0.0238724 -11.2393
0.183148 -11.2476
0.170899 -11.5554
0.363369 -11.3965
0.484475 -11.1107
0.558099 -11.4112
0.731575 -11.4382
0.574439 -11.6986
0.843848 -11.5531
0.732372 -11.8519
0.941966 -11.7198
1.02944 -11.4622
1.01889 -11.8604
1.06622 -11.9956
0.92645 -12.1058
0.984724 -12.2065
1.09416 -12.1093
1.04404 -12.2879
1.09265 -12.3808
1.21156 -12.2389
1.16243 -12.3808
1.26798 -12.2113
1.17797 -12.3876
1.25998 -12.2551
1.26895 -12.2134
1.21282 -12.3338
1.24426 -12.2543
1.17628 -12.3887
1.20801 -12.2966
1.20709 -12.2853
1.16367 -12.3988
1.11071 -12.4641
1.06694 -12.46
-0.850981 -13.1298
-1.05471 -13.1445
-1.12562 -13.2522
-0.874102 -13.2666
-0.708904 -13.1821
-0.618493 -13.0955
-0.513892 -13.159
-0.411881 -13.0214
-0.24272 -13.0823
-0.215924 -12.9533
-0.0580807 -12.9445
0.0890894 -13.0104
-0.166702 -13.1978
-0.43694 -13.2583
-0.311269 -13.3037
-0.483136 -13.3952
-0.299084 -13.3727
-0.158896 -13.2895
-0.16951 -13.3286
-0.0414524 -13.2936
-0.154025 -13.3525
-0.025115 -13.3438
-0.207099 -13.3951
-0.369113 -13.4431
-0.51478 -13.4639
-0.528814 -13.5082
-0.399454 -13.4509
-0.540071 -13.5026
-0.487773 -13.4559
-0.631254 -13.4986
-0.497902 -13.429
-0.374964 -13.4065
-0.390285 -13.3722
-0.612343 -13.4298
-0.439312 -13.324
-0.685581 -13.3676
-0.878197 -13.4566
-0.915928 -13.3911
-1.09976 -13.4331
-1.13237 -13.3566
-0.805261 -13.3155
-0.94918 -13.2524
-0.684648 -13.2144
-0.751104 -13.1437
-0.445152 -13.1195
-0.532052 -12.997
-0.23533 -12.9795
-0.236968 -12.8326
-0.0184355 -12.852
-0.00395107 -12.7382
0.176415 -12.7207
0.125188 -12.613
-0.0934601 -12.6685
0.0213385 -12.5424
0.225557 -12.4386
0.00216675 -12.4135
-0.169915 -12.5709
-0.26337 -12.4696
-0.371785 -12.6087
-0.578032 -12.5422
-0.537863 -12.7163
-0.316013 -12.7097
-0.504035 -12.8424
-0.692756 -12.8203
-0.783703 -12.7272
-0.920128 -12.8625
-1.10918 -12.7452
-0.87785 -12.6154
-0.835212 -12.4543
-1.09183 -12.5607
-1.04886 -12.3863
-1.30649 -12.4581
-0.612667 -12.3527
-0.501329 -12.1834
-0.341417 -12.3158
-0.25287 -12.0859
-0.0634584 -12.1493
-0.0110741 -11.9366
0.0110178 -11.7347
0.157564 -11.7702
0.242543 -11.9534
0.353559 -11.637
0.489524 -12.0094
0.293207 -12.1508
0.404453 -12.2515
0.633028 -12.1201
0.843239 -11.9895
0.735557 -12.257
0.862589 -12.3025
0.711226 -12.4811
0.889185 -12.418
0.748035 -12.6146
0.877776 -12.5659
0.978117 -12.4507
0.962338 -12.5742
1.04902 -12.5538
0.977915 -12.6026
0.93343 -12.6803
0.773054 -12.7336
0.79579 -12.8247
0.962429 -12.6898
0.869698 -12.7863
0.994833 -12.6675
0.862761 -12.804
0.934377 -12.7296
1.0864 -12.5484
1.12939 -12.4857
1.0677 -12.543
1.11641 -12.471
1.00004 -12.6091
0.836293 -12.7945
0.948543 -12.6352
0.968925 -12.5417
1.05897 -12.4143
0.855947 -12.6066
0.835546 -12.7388
0.681631 -12.8238
0.718701 -12.6529
0.873223 -12.4822
0.393516 -12.6084
0.128631 -12.7898
-0.0625811 -12.71
-0.0898085 -12.8548
0.350351 -12.8291
0.315921 -12.9498
0.281418 -13.0562
0.49614 -12.8707
0.459036 -13.0399
0.223878 -13.1813
0.327834 -13.1986
0.118043 -13.2673
0.158486 -13.2934
0.277488 -13.2313
0.49574 -13.1044
0.393355 -13.1503
0.615983 -13.0411
0.519567 -13.0589
0.255973 -13.1817
0.391462 -13.0599
0.543725 -13.0085
0.652692 -12.9665
0.72982 -12.916
0.592525 -12.9205
0.406425 -12.9805
0.181714 -13.104
0.227361 -13.148
0.0669804 -13.2159
-0.0181284 -13.3174
0.195576 -13.2417
0.083148 -13.3258
-0.113243 -13.376
-0.235515 -13.3896
-0.232207 -13.3788
-0.191043 -13.2984
-0.265846 -13.4177
-0.0754328 -13.1975
-0.280153 -13.2559
-0.226131 -13.1841
-0.477455 -13.2456
-0.270284 -13.1504
-0.0226793 -13.0816
-0.197814 -13.0583
-0.0202961 -12.9686
0.151142 -12.9542
0.175014 -12.8511
0.354672 -12.8565
0.367566 -12.7108
0.375747 -12.5347
0.527343 -12.5795
0.558519 -12.6937
0.580966 -12.4389
0.52718 -12.3332
0.389873 -12.3903
0.207372 -12.2969
0.509096 -12.8141
0.634398 -12.7474
0.556824 -12.8489
0.419581 -12.9019
0.251756 -12.9854
0.77768 -12.882
0.676249 -12.9623
0.649251 -12.9508
0.486376 -13.0823
0.0845318 -13.24
0.0474539 -13.1968
0.572725 -12.6512
0.0966492 -12.2214
-0.115429 -12.3217
-1.24236 -12.9445
-0.978266 -12.9812
-0.742041 -12.9331
-0.863502 -13.0588
-1.15552 -13.0736
-1.05616 -13.1693
-1.36607 -13.1733
-1.27878 -13.2707
-1.61904 -13.1572
-1.45507 -13.0759
-1.35728 -13.4326
-1.60569 -13.4474
-1.50907 -13.483
-1.27082 -13.4806
-1.56032 -13.533
-1.29249 -13.5286
-1.02935 -13.5154
-1.06438 -13.4753
-0.792726 -13.4977
-0.849047 -13.5353
-0.685271 -13.5454
-0.905149 -13.5835
-0.708725 -13.5602
-0.964258 -13.5524
-0.71243 -13.502
-0.661738 -13.3896
-0.863302 -13.4318
-0.897171 -13.4895
-1.07045 -13.4636
-1.24755 -13.5125
-1.20181 -13.5607
-1.43065 -13.5817
-1.43828 -13.59
-1.2562 -13.5726
-1.08903 -13.5777
-1.03042 -13.5743
-1.09649 -13.5666
-1.31217 -13.5723
-1.5021 -13.5725
-1.43384 -13.5717
-1.66471 -13.6149
-1.64356 -13.6309
-1.90555 -13.6835
-1.94841 -13.6623
-1.75732 -13.6089
-2.01692 -13.6473
-1.83907 -13.5744
-1.74787 -13.5172
-2.09865 -13.6004
-2.25102 -13.6796
-2.19537 -13.7092
-2.42418 -13.7466
-2.38301 -13.7914
-2.1229 -13.7212
-2.15544 -13.7423
-1.9696 -13.6896
-1.79657 -13.652
-1.88833 -13.6478
-1.72127 -13.6358
-1.60394 -13.6291
-1.56678 -13.5759
-1.44429 -13.552
-1.35038 -13.4851
-1.52706 -13.5183
-1.38053 -13.4376
-1.1841 -13.4108
-1.00183 -13.4052
-1.04462 -13.348
-0.85171 -13.3546
-0.672436 -13.275
-1.22655 -13.3585
-1.3819 -13.3552
-1.38438 -13.2246
-1.1799 -13.1877
-1.15913 -13.1219
-1.68729 -13.1416
-1.66115 -13.2288
-1.70128 -13.3485
-1.56526 -13.3752
-1.76654 -13.4442
-1.9942 -13.4544
-1.85722 -13.3292
-2.08805 -13.3472
-2.30134 -13.4644
-2.26219 -13.5877
-2.08083 -13.575
-1.92696 -13.5253
-1.99418 -13.6261
-1.80324 -13.5386
-1.59731 -13.4666
-1.73364 -13.5729
-2.07854 -13.6995
-2.20975 -13.7092
-2.2394 -13.7576
-2.3773 -13.7988
-2.38911 -13.7523
-2.54145 -13.7957
-2.57807 -13.8255
-2.76291 -13.8037
-2.6007 -13.7616
-2.85906 -13.7407
-2.62922 -13.7058
-2.79139 -13.6483
-2.47864 -13.6663
-2.43735 -13.7284
-2.24562 -13.6746
-2.31339 -13.7314
-2.54558 -13.57
-3.11842 -13.6226
-3.04254 -13.6902
-3.2808 -13.687
-3.16055 -13.7401
-3.03659 -13.78
-3.30678 -13.7881
-3.16318 -13.8092
-3.31578 -13.812
-3.25252 -13.8164
-3.37196 -13.8191
-3.30006 -13.8145
-3.09864 -13.8169
-3.16495 -13.7885
-3.3949 -13.7615
-3.49209 -13.8034
-3.07871 -13.7521
-3.26091 -13.7048
-3.10079 -13.6875
-3.22607 -13.6405
-3.0515 -13.6596
-2.89226 -13.6794
-2.7945 -13.743
-2.61316 -13.7521
-2.59273 -13.7876
-2.74002 -13.7895
-2.76408 -13.8124
-2.61899 -13.8185
-2.76693 -13.8302
-2.91027 -13.8285
-2.95651 -13.8113
-2.93771 -13.7936
-3.4711 -13.8116
-3.56344 -13.7972
-3.41151 -13.7448
-3.62479 -13.7311
-3.4893 -13.6986
-3.77914 -13.7522
-2.17714 -13.2082
-1.87963 -13.2066
-2.35955 -11.4634
-2.55329 -8.60647
-2.54626 -8.3229
-2.80659 -8.39124
-2.68504 -8.00405
-2.85439 -8.09265
-2.86717 -7.96955
-3.03016 -8.03806
-2.86728 -7.77975
-3.07981 -7.63988
-3.31014 -7.88887
-3.28099 -7.60903
-3.39576 -7.69617
-3.39276 -7.47533
-3.16947 -7.39174
-3.23065 -7.17729
-3.46471 -7.22022
-3.63969 -7.56289
-3.70539 -7.23618
-3.85545 -7.60643
-3.90199 -7.43274
-3.87322 -7.2347
-4.0252 -7.43598
-3.98331 -7.23408
-4.07534 -7.35048
-4.08366 -7.23325
-3.88971 -6.98127
-3.81349 -6.83723
-3.74023 -6.89111
-3.67951 -6.6962
-3.80953 -6.71286
-3.60805 -6.49327
-4.33685 -7.71285
-4.23866 -7.62516
-4.15055 -7.48989
-4.16859 -7.66047
-4.0532 -7.72257
-4.19896 -7.85755
-4.23991 -7.80917
-4.28317 -7.77214
-4.3257 -7.99739
-4.38017 -7.88855
-4.41467 -8.05163
-4.49868 -8.18201
-4.59822 -8.32679
-4.72648 -8.78202
-4.66101 -8.6067
-4.66345 -8.71476
-4.59994 -8.59206
-4.62832 -8.74149
-4.54873 -8.65011
-4.63205 -8.90387
-4.52135 -8.90435
-4.63188 -9.17599
-4.53434 -9.23096
-4.4226 -8.96927
-4.44981 -8.7887
-4.38656 -8.66413
-4.45624 -8.62954
-4.3754 -8.35511
-4.27648 -8.47336
-4.23859 -8.12516
-4.17471 -8.30527
-4.11747 -8.0372
-4.15198 -7.92044
-3.96716 -7.94952
-3.79398 -7.83082
-3.83485 -8.17217
-3.65654 -7.91842
-3.62457 -8.2921
-3.50289 -7.97359
-3.508 -7.73202
-3.43978 -7.81361
-3.40918 -8.24154
-3.23933 -8.18313
-3.28338 -8.35448
-3.12331 -8.4303
-2.98637 -8.82096
-3.16305 -8.67843
-3.33833 -8.58797
-3.21152 -8.89074
-3.39666 -8.94922
-3.58681 -8.723
-3.49651 -8.45821
-3.83449 -8.59694
-3.79112 -9.09372
-3.5637 -9.09178
-3.63053 -9.37143
-3.393 -9.30344
-3.27654 -9.09378
-3.12562 -9.22241
-3.00325 -9.53816
-3.2395 -9.62644
-3.03599 -9.89873
-3.34644 -10.0455
-3.16289 -10.3986
-3.50246 -10.4295
-3.59792 -10.1636
-3.54915 -9.74492
-3.8095 -10.0696
-3.84168 -9.613
-4.02202 -9.98765
-4.06761 -9.68289
-4.04425 -9.32815
-4.0058 -8.92871
-4.14958 -9.10293
-4.15747 -8.85925
-4.03025 -8.58065
-3.93282 -8.39783
-4.00919 -8.2556
-4.10053 -8.39429
-4.09769 -8.21631
-4.04881 -8.10794
-4.18096 -8.60906
-4.24577 -8.83581
-4.29417 -9.08372
-4.30756 -8.7756
-4.44322 -9.32172
-4.35259 -9.48214
-4.21601 -9.31212
-4.2089 -9.58428
-4.34622 -9.80298
-4.20922 -9.94165
-4.35933 -10.0698
-4.31045 -10.283
-4.17148 -10.233
-4.03374 -10.4018
-4.25367 -10.5804
-4.14279 -10.7139
-4.0116 -10.7052
-3.7978 -10.5061
-3.94019 -10.9596
-3.65495 -10.7829
-3.42223 -10.6765
-3.50461 -10.9291
-3.26444 -10.8431
-3.41595 -11.1697
-3.3234 -11.4118
-3.13338 -11.5718
-3.39807 -11.6567
-3.59776 -11.5081
-3.61288 -11.8297
-3.31716 -11.9561
-3.73269 -12.1425
-3.49637 -12.2568
-3.25309 -12.2691
-3.03508 -12.0903
-2.97212 -12.3013
-2.72465 -12.3082
-2.84264 -12.4826
-2.68066 -12.5887
-2.45073 -12.5826
-2.63284 -12.713
-2.37523 -12.7305
-2.71616 -12.914
-2.28005 -12.8943
-2.49415 -13.035
-2.49203 -13.1395
-2.37621 -13.2053
-2.2973 -13.2757
-2.47378 -13.2894
-2.59808 -13.2411
-2.64167 -13.3558
-2.41886 -13.3503
-2.22286 -13.3548
-2.7482 -13.4673
-2.97217 -13.3791
-2.80571 -13.277
-3.02777 -13.245
-2.7502 -13.1423
-3.06194 -13.0984
-3.32032 -13.2211
-3.208 -13.3213
-3.39631 -13.3285
-3.28248 -13.4238
-3.52063 -13.3969
-3.60623 -13.2847
-3.75615 -13.4135
-3.77052 -13.5233
-3.91536 -13.4618
-3.97603 -13.3759
-4.07159 -13.4343
-3.94128 -13.5327
-4.12043 -13.5205
-4.07868 -13.6224
-4.24973 -13.5455
-4.31737 -13.441
-4.40028 -13.4538
-4.32978 -13.5308
-4.47228 -13.4294
-4.37524 -13.4982
-4.45396 -13.4299
-4.54911 -13.3719
-4.62478 -13.2568
-4.6092 -13.2849
-4.70521 -13.1611
-4.71085 -13.1169
-4.7709 -13.0584
-4.79708 -12.9954
-4.75119 -13.0265
-4.85199 -12.953
-4.91675 -12.7939
-4.82392 -12.9375
-4.77125 -13.0465
-4.76262 -13.0341
-4.71355 -13.1273
-4.70245 -13.1553
-4.63608 -13.2237
-4.67754 -13.146
-4.58061 -13.2433
-4.63981 -13.1476
-4.54589 -13.1954
-4.46799 -13.3478
-4.39844 -13.3138
-4.24101 -13.3858
-4.32637 -13.2629
-4.44943 -13.1609
-4.35458 -13.1413
-4.16627 -13.2732
-4.26425 -13.086
-4.09139 -13.1345
-4.1994 -12.9947
-4.3353 -12.926
-4.26492 -12.8713
-4.36943 -12.7364
-4.47858 -12.8274
-4.38572 -13.0023
-4.47157 -13.0056
-4.56568 -12.8686
-4.58568 -13.0018
-4.65753 -13.0408
-4.6864 -12.8675
-4.66054 -12.7884
-4.75414 -12.6444
-4.78348 -12.7738
-4.73331 -12.9236
-4.81489 -12.8592
-4.71515 -13.0339
-4.85747 -12.6879
-4.92248 -12.6663
-4.96704 -11.7709
-4.99609 -11.5674
-4.94645 -11.528
-4.98994 -11.3749
-4.9368 -11.29
-4.96439 -11.1837
-4.93452 -11.1389
-4.9433 -10.9998
-4.93386 -10.5197
-4.93005 -10.3297
-4.88624 -10.1624
-4.90666 -10.0623
-4.85312 -9.90769
-4.87363 -9.78216
-4.81858 -9.57705
-4.82776 -9.42418
-4.80252 -9.28477
-4.80054 -9.3982
-4.7668 -9.31803
-4.77731 -9.1782
-4.73691 -9.09949
-4.73031 -8.92343
-4.68591 -8.89059
-4.69504 -9.11705
-4.73739 -9.39626
-4.69192 -9.27181
-4.6808 -9.41707
-4.61355 -9.40958
-4.65813 -9.6237
-4.56441 -9.61119
-4.47361 -9.56628
-4.50615 -9.70753
-4.45349 -9.7484
-4.55207 -9.9161
-4.46876 -10.0554
-4.56521 -10.1976
-4.53605 -10.3707
-4.43838 -10.3155
-4.51954 -10.5552
-4.42053 -10.5815
-4.41293 -10.9031
-4.2621 -10.9399
-4.39657 -11.2703
-4.18743 -11.2301
-4.11776 -10.9171
-4.00187 -11.3628
-3.72586 -11.1811
-3.87139 -11.5456
-3.78776 -11.7392
-3.99571 -11.8394
-4.02888 -11.6004
-4.17357 -11.6177
-4.21682 -11.9626
-4.03792 -12.181
-3.90719 -12.0379
-3.81541 -11.9305
-3.8981 -12.4281
-3.66981 -12.4187
-3.75378 -12.6185
-3.60994 -12.541
-3.46339 -12.4499
-3.50707 -12.6297
-3.19062 -12.5227
-3.32728 -12.7682
-2.93823 -12.7122
-3.15372 -12.9303
-3.36209 -13.0804
-3.48347 -12.9514
-3.58736 -13.0781
-3.79577 -12.9874
-3.73231 -13.1568
-3.52797 -13.168
-3.90472 -13.2607
-3.92054 -13.1187
-4.03536 -13.0135
-4.00551 -12.8951
-4.15272 -12.8934
-4.10653 -12.7423
-4.24323 -12.7842
-4.27709 -12.6401
-4.39474 -12.542
-4.53382 -12.5112
-4.43221 -12.3128
-4.31513 -12.4622
-4.27655 -12.2579
-4.38846 -12.0387
-4.34651 -11.7621
-4.46941 -11.8091
-4.42634 -11.5809
-4.32244 -11.4993
-4.53337 -11.5337
-4.53134 -11.1699
-4.61807 -11.327
-4.59387 -11.1108
-4.55302 -10.8615
-4.66128 -11.0683
-4.63305 -10.8443
-4.60186 -10.6469
-4.70816 -10.7853
-4.63032 -10.4454
-4.71478 -10.4532
-4.78627 -10.6625
-4.77125 -10.3251
-4.83042 -10.5916
-4.84736 -10.8119
-4.80345 -10.974
-4.8843 -11.0862
-4.82186 -11.3054
-4.88836 -11.4321
-4.83266 -11.6366
-4.89915 -11.7325
-4.8461 -11.8896
-4.88796 -11.9741
-4.82714 -12.1499
-4.76252 -11.9214
-4.7412 -12.2246
-4.69433 -12.1722
-4.67304 -12.0183
-4.65429 -11.6981
-4.59638 -12.0224
-4.62343 -12.2393
-4.54266 -12.2369
-4.50618 -12.0534
-4.55843 -11.8307
-4.67737 -12.4158
-4.61021 -12.677
-4.70129 -12.5986
-4.77255 -12.4177
-4.86607 -12.4005
-4.84499 -12.6112
-4.92001 -12.5013
-4.95434 -12.2337
-4.89868 -12.1593
-4.94095 -12.0028
-4.92912 -11.8737
-4.98403 -12.5568
-4.97258 -12.625
-4.75606 -11.5201
-4.68673 -11.3608
-4.7458 -11.1717
-4.90216 -10.7386
-4.96427 -10.8203
-4.86874 -10.3952
-4.81452 -10.0675
-4.77568 -9.74556
-4.71087 -9.6499
-4.75835 -9.86992
-4.71337 -9.84473
-4.65361 -9.81469
-4.693 -10.0641
-4.6261 -9.92203
-4.64244 -10.187
-4.70953 -10.2662
-4.74237 -10.0397
-4.13888 -12.491
-3.97181 -12.6299
-3.88826 -12.7902
-3.63479 -12.8017
-4.53549 -13.3464
-4.76396 -13.0735
-4.20143 -13.597
-2.61563 -13.5105
-4.42486 -8.23089
-4.46636 -8.4425
-4.5315 -8.40345
-4.60891 -8.47471
-1.62574 -5.14261
-1.45191 -5.17367
-1.22576 -5.24235
-1.42705 -5.30649
-1.22436 -5.428
-1.00292 -5.34928
-0.66133 -5.29559
-0.724637 -5.44209
-0.854642 -5.5178
-0.66933 -5.64601
-0.512429 -5.608
-0.493701 -5.73917
-0.556684 -5.79606
-0.676612 -5.79793
-0.544431 -5.93683
-0.394403 -5.90944
-0.392527 -6.07274
-0.244799 -6.11107
-0.202932 -5.97814
-0.0994987 -6.13446
-0.102318 -6.2765
-0.00833893 -6.05866
-0.278722 -6.29683
-0.0911465 -6.44312
-0.162743 -6.58447
-0.32725 -6.47347
-0.289062 -6.63318
-0.184274 -6.78332
-0.323023 -6.8268
-0.267968 -7.04499
-0.416794 -7.06322
-0.509684 -6.75254
-0.458621 -6.5386
-0.673093 -6.54109
-0.688489 -6.84248
-0.881445 -6.57983
-0.865341 -6.33702
-0.652629 -6.27397
-0.884393 -6.11621
-0.735444 -5.97221
-1.00894 -5.90014
-0.867757 -5.69973
-1.11927 -5.65034
-1.01466 -5.518
-1.35141 -5.6027
-1.24867 -5.81865
-1.48677 -5.81906
-1.34085 -5.94444
-1.18389 -6.07041
-1.0231 -6.06133
-1.01087 -6.1857
-1.08977 -6.36786
-1.29814 -6.2721
-1.29966 -6.50563
-1.08523 -6.65708
-0.904614 -6.79482
-1.04905 -6.91181
-0.850848 -7.01968
-0.626131 -7.21854
-0.62069 -7.56526
-0.423107 -7.92733
-0.684315 -7.8525
-0.542217 -8.21344
-0.312618 -8.29514
-0.953012 -7.74233
-0.804496 -7.58866
-0.927583 -7.52063
-1.09408 -7.46007
-1.31836 -7.66287
-1.28969 -7.39613
-1.19871 -7.15167
-0.883477 -7.31835
-0.98874 -7.09284
-1.29129 -6.80278
-1.53561 -7.00238
-1.56081 -6.60963
-1.45286 -6.35024
-1.63735 -6.29259
-1.44313 -6.10089
-1.68574 -6.02614
-1.74893 -5.78191
-1.60342 -5.55887
-1.84352 -5.59585
-1.78926 -5.41327
-1.57875 -5.38164
-1.43489 -5.4351
-1.6455 -5.26085
-1.84771 -5.29174
-1.78741 -5.18817
-1.97335 -5.23921
-2.0318 -5.38599
-2.19464 -5.29425
-2.42369 -5.39206
-2.28521 -5.45139
-2.49464 -5.51964
-2.38625 -5.59272
-2.16264 -5.5383
-2.27066 -5.69088
-2.04663 -5.63826
-2.13414 -5.81982
-1.9397 -5.75618
-1.97516 -6.01759
-2.2565 -6.02783
-2.24049 -6.26625
-2.03871 -6.36553
-1.83262 -6.22643
-1.83105 -6.49853
-2.07343 -6.70543
-1.81935 -6.86133
-2.06093 -7.01626
-2.36697 -7.00279
-2.13573 -7.37963
-1.86479 -7.19485
-1.72053 -7.63094
-1.64777 -7.26485
-1.73221 -7.07309
-1.43723 -7.28263
-1.51191 -7.45478
-1.39428 -7.44719
-1.48156 -7.82867
-2.08617 -7.85029
-2.36677 -7.67885
-2.43338 -7.37963
-2.62842 -7.6202
-2.64014 -7.28006
-2.84652 -7.47774
-2.83579 -7.24772
-2.99022 -7.36716
-2.97832 -7.13733
-2.70512 -7.04098
-2.8214 -6.89532
-2.58021 -6.76255
-2.80201 -6.66599
-2.49976 -6.4697
-2.68972 -6.39683
-2.447 -6.22177
-2.62979 -6.19471
-2.46476 -6.04421
-2.38699 -5.86886
-2.54688 -5.96256
-2.57953 -5.88405
-2.75506 -6.01637
-2.71256 -5.87661
-2.54554 -5.74996
-2.7923 -5.8123
-2.71569 -5.69566
-2.56394 -5.62778
-2.66952 -5.58727
-2.97097 -5.86775
-2.92383 -5.95697
-3.15978 -6.00791
-3.0765 -6.05302
-3.01417 -6.1055
-2.94528 -6.20536
-2.75928 -6.15468
-2.88212 -6.34004
-2.61758 -6.0637
-3.10124 -6.37233
-3.16975 -6.27739
-3.32862 -6.50601
-3.14331 -6.57133
-3.39533 -6.73975
-3.27237 -6.79428
-3.07682 -6.7395
-2.91788 -6.53832
-3.03522 -6.92325
-3.26276 -6.96568
-3.46051 -6.97127
-3.60799 -6.92288
-3.55194 -6.70884
-3.75758 -7.06159
-3.86999 -7.07802
-3.51393 -6.54948
-3.37904 -6.36644
-3.40364 -6.22997
-3.20164 -6.1706
-2.29612 -6.57906
-2.52086 -7.83553
-2.37076 -8.07273
-1.97209 -5.50402
-0.506426 -6.13823
-0.445 -6.34031
-0.152029 -5.87896
-0.329411 -5.77588
-0.208302 -5.72877
-0.0346136 -5.85892
-0.263745 -5.6057
-0.360359 -5.61573
-0.361306 -5.52165
-0.503879 -5.47507
0.0698166 -5.99391
-3.96675 -7.11681
-4.0972 -13.63
-4.23302 -13.5165
-4.16481 -13.505
-4.23399 -13.4362
-4.31223 -13.4264
-4.36881 -13.3145
0.393322 -7.95734
1.63587 -11.0163
1.66914 -10.9168
1.65502 -10.9968
1.6928 -10.8547
1.60061 -11.1795
1.14904 -8.17352
1.10545 -7.98172
1.55086 -8.85308
1.47988 -8.89236
1.47105 -9.10542
-3.40364 -6.22997
