-7.98792 -5.09273
-7.94256 -4.5644
-7.82838 -3.65721
-7.79437 -3.49998
-7.74081 -3.29146
-7.25685 -1.53561
-6.7907 -0.489636
-6.31912 0.362379
-6.16136 0.587934
-5.37555 1.27339
-5.16257 1.3558
-4.92839 1.42227
-4.56553 1.52206
-3.99044 1.58619
-3.75355 1.53621
-3.32457 1.42411
-2.4282 0.685676
-1.95826 0.133717
-1.26143 -1.55369
-0.479245 -3.70012
-0.446858 -3.85624
-0.383965 -4.24106
-0.38891 -4.70884
-0.865661 -6.1457
-0.994921 -6.5289
-1.20704 -6.99966
-1.33652 -7.23314
-1.45964 -7.41599
-1.67165 -7.69906
-1.81406 -7.84309
-2.03429 -8.03513
-2.06446 -8.06
-2.2051 -8.1695
-2.41139 -8.29717
-2.63446 -8.41018
-3.8125 -8.97878
-3.8807 -9.00905
-3.98725 -9.05285
-4.11788 -9.10156
-4.13486 -9.10666
-4.26198 -9.1298
-4.44788 -9.12727
-4.7129 -9.11165
-5.07177 -9.03452
-5.21573 -8.98638
-5.43314 -8.83042
-5.71155 -8.61317
-6.79672 -7.76375
-6.93403 -7.65538
-7.17723 -7.4144
-7.30148 -7.27983
-7.36721 -7.20744
-7.40456 -7.16121
-7.61509 -6.86392
-7.69775 -6.72372
-7.79267 -6.53305
-7.8513 -6.33598
-7.95005 -5.92048
-7.97341 -5.79687
-7.98081 -5.60256
