6.84307 -12.0767
6.93557 -11.956
6.76438 -12.0474
6.83619 -11.9178
6.9231 -11.8005
6.83653 -11.8227
6.772 -11.9293
6.79752 -11.7163
6.89397 -11.704
6.90816 -11.4981
6.82827 -11.5115
6.86834 -11.2512
6.7819 -11.4375
6.79008 -11.2804
6.82965 -11.0754
6.92062 -10.9736
6.856 -10.8311
6.76308 -10.8397
6.80597 -10.5257
6.93562 -10.7123
6.9026 -10.4581
6.8571 -10.2758
6.78368 -10.1988
6.71025 -10.2576
6.69041 -10.4616
6.6306 -10.2951
6.58951 -10.5483
6.54883 -10.3018
6.55717 -10.085
6.46283 -10.1635
6.49064 -10.3907
6.35036 -10.3347
6.46016 -10.5571
6.34551 -10.6389
6.25807 -10.5049
6.14014 -10.6519
6.18496 -10.3582
6.0224 -10.3923
6.09422 -10.2202
5.948 -10.1116
6.18401 -9.97781
6.00431 -9.7997
5.8276 -9.8555
5.62879 -10.0948
5.63583 -9.61145
5.32182 -9.89533
5.3382 -9.50621
5.03113 -9.68228
4.99042 -10.0592
4.80763 -9.89573
4.70087 -9.66015
4.61916 -9.89877
4.6755 -10.0998
4.39705 -9.97254
4.42208 -10.3178
4.82569 -10.3526
4.6291 -10.5904
5.01476 -10.5918
4.82338 -10.7144
4.66235 -10.8205
4.41611 -10.7311
4.31629 -10.5571
4.13449 -10.7229
4.4009 -10.9367
4.08104 -11.0518
4.41636 -11.1985
4.74765 -11.0811
4.67275 -11.3358
4.91475 -11.291
4.88424 -11.5271
5.11929 -11.3863
5.21286 -11.6024
4.98052 -11.8034
4.64806 -11.7493
4.77725 -11.9827
5.05051 -12.0289
4.85151 -12.1457
5.05276 -12.215
4.7579 -12.2901
4.61597 -12.1466
4.43611 -12.2967
4.54722 -12.4485
4.3392 -12.425
4.33541 -12.5142
4.4064 -12.6203
4.69792 -12.5216
4.61658 -12.6284
6.00836 -12.4462
5.9211 -12.4344
5.81759 -12.4398
6.08411 -12.3343
6.21191 -12.3488
6.23042 -12.271
6.12462 -12.2713
6.22427 -12.2128
6.36943 -12.1995
6.37538 -12.2708
6.51936 -12.1925
6.51092 -12.273
6.6446 -12.1695
6.62541 -12.2369
6.72536 -12.1519
6.72582 -12.1909
6.59957 -12.2648
6.45651 -12.311
6.30694 -12.3486
6.45238 -12.3101
6.44289 -12.3097
6.24892 -12.3763
6.15754 -12.396
6.08205 -12.4368
6.14865 -12.4088
6.34755 -12.3406
0.0985594 -3.38897
0.270833 -3.21208
0.25783 -3.41092
0.100915 -3.55153
-0.0592544 -3.59257
-0.0252969 -3.79389
0.221816 -3.56139
0.156877 -3.7487
0.42405 -3.43558
0.138069 -4.02609
0.0333941 -3.9238
-0.138179 -4.12075
-0.103498 -4.37826
-0.292219 -4.40923
-0.279264 -4.60495
-0.395271 -4.59552
-0.448471 -4.48546
-0.552661 -4.71967
-0.425678 -4.75236
-0.574768 -4.91098
-0.455535 -4.97827
-0.582535 -5.09729
-0.688428 -5.1137
-0.637219 -5.33809
-0.493004 -5.22334
-0.524922 -5.39732
-0.559309 -5.59839
-0.400835 -5.47188
-0.462226 -5.81899
-0.577007 -5.9436
-0.454705 -6.19379
-0.376076 -5.98747
-0.352763 -6.14995
-0.321414 -6.39943
-0.233889 -6.01437
-0.155227 -6.43433
-0.231108 -6.61838
-0.13722 -6.74332
-0.241192 -6.81129
-0.292207 -6.68595
-0.286579 -6.78725
-0.329831 -6.85687
-0.369247 -6.62717
-0.461659 -6.72518
-0.42315 -6.47381
-0.486294 -6.43809
-0.578022 -6.39331
-0.555404 -6.78152
-0.522512 -7.22472
-0.661175 -6.81647
-0.665394 -7.38626
-0.764394 -7.17111
-0.778302 -7.59919
-0.67968 -7.7813
-0.734855 -8.02541
-0.818086 -7.90699
-0.796382 -8.21601
-0.729727 -8.47923
-0.620247 -8.17211
-0.638504 -8.56838
-0.676342 -8.84982
-0.765146 -8.77334
-0.729738 -9.0415
-0.651822 -9.13743
-0.699263 -9.31613
-0.595078 -9.35529
-0.589974 -9.07434
-0.491998 -9.16849
-0.557974 -8.80913
-0.431092 -8.89453
-0.455104 -8.58407
-0.547516 -8.47456
-0.467656 -8.17883
-0.538682 -7.96999
-0.584068 -7.72795
-0.478185 -7.75715
-0.418698 -7.49365
-0.373634 -7.72638
-0.409888 -7.93064
-0.348742 -7.9071
-0.381071 -8.05107
-0.361187 -8.18812
-0.366654 -8.40339
-0.276575 -8.2474
-0.280023 -8.491
-0.177753 -8.37604
-0.22466 -8.71597
-0.351311 -8.68092
-0.320241 -8.94689
-0.387558 -9.12798
-0.295947 -9.20477
-0.225862 -9.01439
-0.134031 -9.27689
-0.134909 -8.8972
-0.0648065 -8.56986
-0.00584912 -8.87921
0.0790877 -8.58672
0.0683625 -8.2824
-0.0605674 -8.23213
0.0246587 -7.95871
-0.157695 -7.98662
-0.0387385 -7.7026
-0.166063 -7.58942
-0.276806 -7.78263
-0.302307 -8.02825
-0.306142 -7.46483
-0.180378 -7.22308
-0.311194 -7.14886
-0.396242 -7.27899
-0.407251 -7.04836
-0.244428 -7.00271
-0.163748 -6.95921
-0.0116155 -6.99179
-0.0290086 -7.39608
0.122826 -7.276
0.130806 -7.61411
0.354465 -7.36091
0.221809 -7.0198
0.421132 -7.00512
0.347609 -6.78154
0.163424 -6.67378
-0.0225437 -6.61419
0.0745652 -6.37929
-0.0464978 -6.41376
-0.0618312 -6.19928
0.102953 -6.04972
-0.0317657 -5.87276
-0.106823 -5.63636
-0.250826 -5.65662
-0.347623 -5.7604
-0.320925 -5.59938
-0.279699 -5.48712
-0.250509 -5.27078
-0.348941 -5.12058
-0.30499 -4.8375
-0.189354 -4.97575
-0.135299 -4.66448
0.0264764 -4.83195
-0.109633 -5.14905
0.0551305 -5.24604
-0.162915 -5.41259
0.0442224 -5.58454
0.222572 -5.41512
0.341638 -5.06074
0.241714 -4.85449
0.523324 -4.64314
0.294093 -4.50889
0.0779247 -4.43767
0.26871 -4.2253
0.402585 -3.93942
0.440122 -4.21608
0.613777 -4.02208
0.536363 -3.70813
0.488532 -3.51487
0.431918 -3.43238
0.431862 -3.43231
0.436669 -3.4248
0.538696 -3.27944
0.401462 -3.30316
0.490149 -3.16771
0.43627 -3.11189
3.70491 -2.80699
3.46516 -2.76975
3.63941 -2.99703
3.9214 -2.8956
3.91949 -3.09562
3.76521 -3.26797
3.37048 -3.20636
3.52016 -3.49771
3.14687 -3.44415
3.24861 -3.77011
3.64261 -3.73491
3.58127 -3.90188
3.36981 -4.08875
3.72054 -4.18593
3.91299 -3.93664
4.0791 -4.26017
3.92654 -4.48473
3.70477 -4.4269
3.44516 -4.41471
3.70603 -4.69935
3.36537 -4.72453
3.50659 -4.98358
3.87367 -5.14708
3.54426 -5.31007
3.25996 -5.15526
3.27691 -5.43553
3.51057 -5.69206
3.80655 -5.49445
3.90623 -5.819
3.6455 -6.14001
3.25813 -6.00679
3.30115 -6.31418
3.52501 -6.44844
3.28689 -6.67836
3.54495 -6.71919
3.42378 -6.91805
3.23248 -7.07941
3.01373 -6.89129
3.03263 -6.4902
2.83298 -6.71547
2.77437 -6.41158
2.56415 -6.79152
2.78689 -7.01326
2.60111 -7.25041
2.37988 -7.13937
2.34483 -7.47731
2.08957 -7.2646
2.26771 -6.89516
1.97236 -6.81925
1.81533 -7.19114
1.7243 -7.58105
1.58651 -7.30751
1.32798 -7.58914
1.42098 -7.95411
1.10434 -7.9614
1.16877 -8.2942
0.889603 -8.22139
0.915995 -8.51405
1.11679 -8.58745
0.956979 -8.75486
0.769025 -8.69879
0.692041 -8.48166
0.583416 -8.83216
0.779256 -8.88701
0.699327 -9.10834
0.441538 -9.19033
0.62412 -9.42268
0.411092 -9.51238
0.271851 -9.41064
0.252125 -9.69751
0.0834382 -9.48683
0.0767479 -9.96512
0.303636 -10.0329
0.184698 -10.31
0.423237 -10.3961
0.2387 -10.6356
0.467787 -10.8078
0.319039 -10.8763
0.190352 -10.9416
0.0368683 -10.6277
-0.0291488 -10.9111
0.12755 -11.1417
0.035697 -11.2034
-0.120346 -11.1466
0.0531199 -11.439
0.179777 -11.3853
0.224277 -11.6372
0.12715 -11.6338
0.0497773 -11.6157
0.204118 -11.8303
-0.0139925 -11.7095
0.132597 -11.9721
0.278075 -12.0704
0.199897 -12.117
0.314138 -12.2525
0.205897 -12.2189
0.0695457 -12.0716
0.0996768 -12.2386
-0.0214252 -12.0951
-0.0461185 -12.1843
0.114665 -12.4003
0.344163 -12.4173
0.213446 -12.4431
-0.843416 -4.72785
-0.748183 -4.58491
-0.738884 -4.78464
-0.597479 -4.56784
-0.695704 -4.94823
-0.844624 -5.04638
-0.778986 -5.12046
-0.794249 -5.24862
-0.866195 -5.2508
-0.875147 -5.46379
-0.768396 -5.43366
-0.856251 -5.7647
-0.700294 -5.70148
-0.77406 -5.98848
-0.674564 -6.04352
-0.715017 -6.31472
-0.81613 -6.66524
-0.795434 -6.21617
-0.872562 -6.10471
-0.936307 -6.56142
-0.906274 -6.99131
-1.00201 -6.84132
-1.03801 -6.50887
-1.09247 -6.74387
-1.0521 -7.0866
-1.14997 -6.92077
-1.16846 -6.66123
-1.13161 -6.46024
-1.22507 -6.43682
-1.22552 -6.75392
-1.25672 -6.52401
-1.21742 -6.24981
-1.28421 -6.62297
-1.30328 -6.74898
-1.31577 -6.92172
-1.30975 -6.93376
-1.37907 -7.36442
-1.37536 -7.33263
-1.3907 -7.40474
-1.26029 -9.10128
-1.2899 -8.96084
-1.31014 -8.51641
-1.31747 -8.44342
-1.30747 -8.58095
-1.32592 -8.40919
-1.30951 -8.69426
-1.3414 -8.27549
-1.33435 -8.16502
-1.35785 -7.97466
-1.36014 -8.1434
-1.39518 -7.85659
-1.38499 -8.01125
-1.39349 -7.69938
-1.36623 -8.15431
-1.33896 -8.32778
-1.39351 -7.54342
-1.3753 -7.65452
-1.35218 -7.34411
-1.36065 -7.76436
-1.34583 -7.55763
-1.34892 -7.27362
-1.33047 -7.36608
-1.35115 -7.15258
-1.31705 -7.06281
-1.2946 -6.88443
-1.2887 -6.99856
-1.26952 -6.93263
-1.2354 -6.99315
-1.1992 -6.94827
-1.18012 -7.13083
-1.23428 -7.19979
-1.18641 -7.43764
-1.13022 -7.28902
-1.10186 -7.13405
-1.08429 -7.4332
-1.0443 -7.40877
-0.987285 -7.39984
-0.968326 -7.17348
-0.884092 -7.56063
-0.982709 -7.77964
-0.884093 -7.56063
-0.89281 -8.13879
-0.984926 -8.30739
-1.07558 -8.18701
-1.06057 -7.83645
-1.10175 -7.91266
-1.15484 -8.16871
-1.09873 -8.55353
-1.13862 -8.68289
-1.19969 -8.42513
-1.18117 -8.77336
-1.13187 -9.21569
-1.2002 -8.95307
-1.24152 -8.60946
-1.22863 -8.98295
-1.25874 -8.84908
-1.27932 -8.68856
-1.27055 -8.89549
-1.2868 -8.82498
-1.29779 -8.594
-1.30812 -8.39775
-1.29113 -8.38499
-1.31321 -8.17238
-1.31259 -8.04177
-1.33692 -7.89843
-1.32439 -7.71026
-1.27994 -7.8825
-1.30864 -7.5344
-1.30669 -7.27995
-1.26689 -7.44414
-1.21902 -7.78946
-1.13655 -7.71946
-1.22538 -8.09807
-1.12393 -7.49847
-1.08918 -7.68034
-1.05262 -7.62687
-1.24737 -8.24382
-1.27742 -8.22749
-1.30571 -8.79299
-1.26324 -9.08415
-1.26629 -9.04301
-1.24352 -9.3308
-1.25309 -9.08927
-1.24 -9.32592
-1.2301 -9.57093
-1.2219 -9.4291
-1.21975 -9.64036
-1.21334 -9.841
-1.20319 -9.78131
-1.1815 -9.95531
-1.1706 -10.0962
-1.13037 -10.1576
-1.15272 -9.88383
-1.0859 -10.1627
-1.0985 -9.91554
-1.13077 -9.62771
-1.08233 -9.80566
-1.08718 -9.55686
-1.13002 -9.25319
-1.14937 -9.40262
-1.18467 -9.57427
-1.19459 -9.24975
-1.22495 -9.21224
-1.16263 -9.20328
-1.14672 -9.30898
-1.09142 -8.9795
-1.06904 -9.28881
-1.03987 -9.11469
-1.02035 -8.76161
-0.990376 -9.25232
-0.954207 -9.02893
-0.91547 -8.6801
-0.859249 -9.09678
-0.902321 -9.34361
-0.822726 -9.36068
-0.814725 -9.61217
-0.749035 -9.48937
-0.778187 -9.21109
-0.649954 -9.58793
-0.72093 -9.77164
-0.621493 -9.85954
-0.55303 -9.65546
-0.490845 -9.45649
-0.442443 -9.66511
-0.516404 -9.94964
-0.365456 -9.88207
-0.429487 -10.1952
-0.552131 -10.252
-0.477931 -10.504
-0.593428 -10.4739
-0.641637 -10.2639
-0.678074 -10.4408
-0.6415 -10.5873
-0.544058 -10.7085
-0.657617 -10.7554
-0.69976 -10.5539
-0.765774 -10.5952
-0.710828 -10.8708
-0.636883 -11.0067
-0.787045 -10.7524
-0.865865 -10.7595
-0.00850677 -12.3543
-0.134525 -12.2689
-0.245449 -12.1425
-0.296137 -12.0962
-0.459745 -11.7284
-0.488445 -11.5672
-0.513156 -11.3971
-0.562921 -11.1432
-0.553908 -10.9515
-0.46701 -11.1458
-0.536069 -11.2348
-0.410014 -11.3496
-0.323142 -11.5747
-0.403013 -11.605
-0.290296 -11.7438
-0.17888 -11.7828
-0.166384 -11.6572
-0.273306 -11.4692
-0.169404 -11.5101
-0.286167 -11.2464
-0.0845752 -11.444
-0.29991 -10.9505
-0.197379 -10.8359
-0.339859 -10.694
-0.213115 -10.5871
-0.339797 -10.4111
-0.439994 -10.7422
-0.381063 -10.8336
-0.425625 -10.94
-0.22871 -10.3447
-0.296374 -10.1495
-0.137242 -10.1298
-0.237429 -9.91574
-0.24808 -9.65033
-0.349802 -9.61024
-0.284609 -9.43418
-0.388761 -9.3889
-0.106122 -9.74394
0.0654161 -9.12611
0.188863 -8.79908
0.225678 -9.15841
0.362762 -8.90344
0.429461 -8.52096
0.224484 -8.38649
0.385675 -8.1435
0.219355 -7.97096
0.454481 -7.76088
0.282237 -7.67279
0.603259 -7.44338
0.647435 -7.10674
0.850122 -7.32243
0.744395 -7.67101
0.914421 -7.52559
0.977502 -7.71001
0.803975 -7.85811
0.649576 -8.0792
0.877035 -7.96818
1.09078 -7.39944
1.36545 -7.19465
1.09373 -7.05115
0.870081 -7.0722
0.889521 -6.81294
0.587684 -6.72871
0.813606 -6.52207
0.648415 -6.40882
0.389261 -6.44785
0.584708 -6.1678
0.400085 -6.13267
0.239479 -6.22345
0.32746 -5.86999
0.149121 -5.73002
0.316804 -5.57769
0.496275 -5.29111
0.450197 -5.58719
0.603291 -5.48755
0.558586 -5.72593
0.79406 -5.57348
0.752124 -5.28677
0.99703 -5.26878
0.872484 -5.13259
0.766402 -5.01784
0.577357 -4.93802
0.774481 -4.72974
0.814214 -4.43405
0.648362 -4.29791
0.492573 -4.37066
0.55794 -4.22131
0.832863 -4.13256
0.826076 -3.89581
0.695656 -3.7738
0.882008 -3.66745
1.0056 -3.94072
1.15842 -3.70632
1.06934 -3.34893
0.780438 -3.41677
0.634605 -3.58241
0.746414 -3.2392
0.920444 -3.24361
1.08535 -2.96627
0.716277 -3.10179
0.869016 -2.96493
0.562705 -2.98966
0.687696 -2.94375
1.23248 -2.89268
1.38121 -2.80755
1.33748 -3.03276
1.47402 -2.98841
1.44777 -3.15459
1.57802 -3.05826
1.58541 -3.20926
1.75549 -3.05488
1.62934 -2.8898
1.78654 -2.89216
1.82601 -2.69895
1.60535 -2.73346
2.0243 -2.67335
2.10993 -2.79172
1.93556 -2.92314
2.15334 -2.96986
1.97808 -3.11373
2.20721 -3.14669
2.0205 -3.28435
1.79507 -3.30489
1.9887 -3.50489
1.76176 -3.60539
1.98208 -3.79331
2.24078 -3.65006
2.31829 -3.95598
2.56618 -3.70746
2.75972 -3.95021
2.52104 -4.13383
2.3034 -4.2877
2.73479 -4.33553
2.36122 -4.62497
2.69308 -4.76471
3.07928 -4.59939
3.00717 -4.95633
3.17866 -4.78858
3.26395 -4.91424
2.95366 -5.35419
2.63565 -5.1556
2.69857 -5.41154
2.70966 -5.68816
3.10715 -5.69781
2.92304 -6.05292
3.08907 -6.21719
2.95152 -6.28105
2.57085 -6.13159
2.55305 -6.44676
2.29006 -6.45838
2.31443 -6.06486
2.43122 -5.81767
2.18834 -5.8216
2.0829 -6.11212
1.9477 -5.82284
2.05761 -5.54503
1.84683 -5.58958
1.83027 -5.25137
1.68635 -5.56095
1.7427 -5.79602
1.55812 -5.77057
1.64793 -5.94439
1.79435 -6.10339
1.5052 -6.11365
1.66576 -6.53366
1.33743 -6.47634
1.38794 -6.82923
1.16267 -6.7317
1.05267 -6.48086
1.20292 -6.16327
0.881923 -6.17247
1.09128 -5.9319
0.934711 -5.80905
0.70805 -5.89796
1.0085 -5.56556
1.109 -5.71581
1.19448 -5.47712
1.25984 -5.11762
1.09785 -5.04687
0.971779 -5.0076
1.13024 -4.83811
0.934979 -4.82186
1.00096 -4.59527
1.24078 -4.55128
1.06955 -4.26587
1.19574 -4.00999
1.37289 -4.24963
1.36565 -3.89386
1.34338 -3.62599
1.25664 -3.46376
1.42612 -3.39027
1.28874 -3.24766
1.20149 -3.09743
1.53991 -3.69772
1.61128 -3.43874
1.74842 -3.85887
1.59765 -4.04226
1.9347 -4.12679
1.68119 -4.38787
2.01029 -4.52069
1.73216 -4.78115
2.10477 -4.90915
2.25099 -5.22969
2.23428 -5.02598
2.37206 -4.94927
2.51265 -5.44796
2.31836 -5.5787
2.49018 -5.63171
1.53104 -5.02492
1.52862 -4.79908
1.3661 -4.81422
1.48568 -4.59414
1.47742 -5.4234
1.30556 -5.79806
0.508443 -5.9561
1.64354 -6.97931
1.96633 -6.40445
3.13801 -4.29044
3.05399 -4.07499
2.90091 -3.66573
2.76917 -3.44479
2.45411 -3.50988
2.50477 -3.31677
2.23677 -3.38287
2.35069 -3.2433
2.49803 -3.11041
2.34774 -3.00445
2.5414 -2.93312
2.33559 -2.84813
2.52062 -2.80194
2.40161 -2.68217
2.26755 -2.74394
2.21747 -2.65402
3.23738 -2.73014
3.05397 -2.73276
2.98154 -2.84849
3.07675 -2.95118
3.32317 -2.95422
3.15629 -3.08505
2.96886 -3.08707
2.79728 -2.99337
2.77131 -3.18924
3.04469 -3.22041
2.74488 -2.83565
2.57493 -2.7084
2.89786 -2.67469
2.74238 -2.62646
0.208785 -6.4379
0.0167823 -10.3277
-0.112076 -10.4444
0.111832 -10.4758
-0.0969377 -10.659
-0.138813 -10.7441
-0.0239482 -11.8872
-0.0829523 -11.9569
-0.194174 -11.8806
-0.13873 -12.0178
-0.27452 -11.8987
-0.197454 -12.0823
-0.0954068 -12.246
-0.342664 -11.9835
-0.382941 -11.857
-0.384315 -11.7335
-1.23076 -9.57814
-1.20189 -9.7899
-1.18732 -10.007
-1.14102 -10.2142
-1.09738 -10.4021
-1.08407 -10.4723
-1.13076 -10.3002
-1.03651 -10.6256
-1.05738 -10.6008
-1.05559 -10.5825
-1.11792 -10.3942
-1.11432 -10.3691
-1.00656 -10.6402
-1.05463 -10.4644
-0.987955 -10.7081
-0.937596 -10.7352
-0.983422 -10.4489
-0.885828 -10.565
-0.9255 -10.3451
-1.02836 -10.0922
-0.945348 -10.1265
-1.02426 -9.83198
-0.959978 -9.87088
-1.01311 -9.53866
-1.03228 -9.29759
-0.922041 -9.67503
-0.875925 -10.045
-0.793129 -9.95497
-0.683314 -10.0411
-0.723842 -10.2349
-0.607104 -10.083
-0.798043 -10.2134
-0.755577 -10.393
-0.843583 -10.3188
-0.843329 -10.5152
-1.15126 -10.2139
-1.14144 -10.2535
-1.15739 -10.1401
-1.18026 -9.99681
-1.18654 -10.0186
-1.21579 -9.8072
-1.22818 -9.61615
-1.24482 -9.34353
-0.816526 -8.90464
-0.822439 -8.53117
-0.843508 -7.5623
-0.819676 -7.40897
-0.841084 -7.15776
-1.19522 -6.06389
-1.15165 -6.23297
-1.11591 -5.99758
-1.16657 -5.87882
-1.13849 -5.70596
-1.10415 -5.52514
-1.05149 -5.30944
-0.988143 -5.09952
-0.902675 -4.90943
-0.942587 -5.22191
-0.964802 -5.40842
-0.984196 -5.68061
-1.04228 -5.91339
-0.968509 -5.98659
-1.06239 -6.19382
-0.978992 -6.26927
-0.725499 -5.26787
-0.647222 -4.4843
-0.563848 -4.39673
-0.313711 -4.04478
-0.213924 -3.79657
-0.397079 -4.26861
-0.46081 -4.35719
4.19854 -12.6148
4.01679 -12.6123
4.21475 -12.5836
4.14082 -12.494
3.95255 -12.5431
3.84698 -12.6274
3.67104 -12.6668
3.4817 -12.6986
2.70494 -12.7046
2.53811 -12.6944
2.61643 -12.5954
2.39361 -12.6573
2.38599 -12.5019
2.15359 -12.5179
2.21157 -12.3734
1.93787 -12.4081
2.00492 -12.1933
1.73521 -12.2434
1.64245 -12.3809
1.79253 -12.5342
1.54982 -12.4738
1.39861 -12.3865
1.35948 -12.4984
1.55572 -12.5768
1.33478 -12.59
1.51741 -12.6651
1.33834 -12.6294
1.15695 -12.5923
0.976548 -12.5511
0.835167 -12.518
0.689865 -12.4777
0.568119 -12.455
0.453876 -12.4361
0.438571 -12.2341
0.62499 -12.2742
0.498102 -12.1049
0.369089 -12.0263
0.421178 -11.8974
0.396955 -11.6079
0.586934 -11.8827
0.642577 -12.0895
0.839967 -12.0378
0.667887 -11.7046
0.980176 -11.8785
0.83309 -11.6188
0.649263 -11.4018
0.475529 -11.4258
0.426278 -11.1215
0.292027 -11.2701
0.656365 -11.1094
0.689608 -10.8562
0.623251 -10.6143
0.889903 -10.6653
0.725124 -10.298
0.528753 -10.0372
0.728916 -9.97627
0.637991 -9.73014
0.429307 -9.7675
0.512542 -9.60348
0.838776 -9.54233
0.909445 -9.29423
1.17877 -9.51721
0.895156 -9.77035
1.12963 -9.82432
0.940131 -10.0375
1.20647 -10.0355
1.0605 -10.3099
1.48091 -10.2377
1.49755 -9.77788
1.83347 -9.96444
1.79758 -10.2087
1.81871 -10.5239
2.08346 -10.1401
2.18733 -10.3573
2.29409 -10.622
2.01175 -10.9106
1.65895 -10.9579
1.80553 -11.209
1.55095 -11.2195
1.58724 -11.4716
1.36569 -11.3236
1.23999 -11.5422
1.51652 -11.7888
1.77568 -11.6727
1.87708 -11.931
1.57208 -12.0562
1.38874 -11.9414
1.22546 -11.8251
1.27085 -12.0479
1.08975 -12.1278
1.24899 -12.184
1.22604 -12.2734
1.04369 -12.2303
1.17609 -12.373
0.887486 -12.3375
1.14461 -12.5032
1.44037 -12.2357
1.79953 -12.1162
1.02451 -11.6644
0.902444 -11.3866
1.13778 -11.2268
0.88716 -11.0373
1.14386 -10.9029
1.23235 -10.5746
1.44061 -10.7683
1.37143 -11.0809
1.47989 -10.5262
2.11606 -12.0389
2.24574 -11.8311
2.00597 -11.6789
2.24215 -11.4844
1.91896 -11.4556
2.1306 -11.2009
2.46378 -11.206
2.35976 -10.9426
2.67431 -10.9735
2.56932 -10.7618
2.64358 -10.5396
2.45756 -10.3351
2.70863 -10.3306
2.95668 -10.4608
2.84063 -10.743
3.20781 -10.7874
2.94513 -10.9593
2.83493 -11.2382
3.1339 -11.0723
3.13788 -11.2641
3.05297 -11.4612
2.72876 -11.5806
3.02251 -11.719
3.25841 -11.6052
3.35191 -11.854
3.51941 -11.6003
3.67461 -11.7625
3.68846 -11.963
3.9548 -11.8138
3.92877 -12.0152
4.19886 -11.9714
4.04137 -12.1396
3.75829 -12.1808
3.95631 -12.2936
4.19159 -12.2532
4.07434 -12.3835
4.23675 -12.3723
3.97581 -12.4757
3.9103 -12.4109
3.78797 -12.5212
3.74067 -12.38
3.51092 -12.503
3.58615 -12.6284
3.3528 -12.5998
3.23042 -12.524
3.14221 -12.6228
3.29445 -12.7158
3.08672 -12.7134
2.88598 -12.7134
2.86631 -12.6307
3.02422 -12.5546
2.82707 -12.5028
2.59149 -12.4576
2.73521 -12.3814
2.57837 -12.2975
2.42155 -12.3579
2.33322 -12.1557
2.6245 -12.1067
2.4855 -11.9499
2.51939 -11.7681
2.44344 -11.6123
2.74441 -11.8799
2.53644 -11.42
2.86136 -12.0834
2.78739 -12.2494
3.01647 -12.2168
2.94287 -12.3773
3.10839 -12.3395
3.10532 -12.4166
3.24428 -12.3846
3.19591 -12.4628
3.05517 -12.4895
3.33452 -12.4459
3.47434 -12.3334
3.2449 -12.2496
3.45171 -12.1166
3.18074 -12.0821
3.02393 -11.9516
3.01496 -12.0852
4.36111 -12.1317
4.20087 -12.1234
4.50082 -11.9693
4.39047 -11.8138
4.20748 -11.7685
4.37097 -11.6094
4.10924 -11.6296
4.15905 -11.3885
3.84152 -11.5565
3.83154 -11.264
3.61858 -11.3997
3.34946 -11.3846
3.53102 -11.1722
3.3034 -11.1828
3.33984 -11.0285
3.48658 -10.9336
3.59278 -10.6944
3.30619 -10.4244
3.66104 -10.3083
3.31199 -10.0946
3.08965 -10.2298
3.02227 -10.0218
2.85821 -10.1878
2.75307 -9.95246
2.60774 -10.1576
2.42481 -10.0224
2.56397 -9.79877
2.24002 -9.79508
2.31549 -10.1963
2.44335 -10.1658
1.93723 -9.65885
2.27887 -9.49737
2.0248 -9.41374
1.75079 -9.53864
1.53599 -9.49408
1.49533 -9.27749
1.21379 -9.16296
1.50317 -9.02778
1.29095 -8.80499
0.964059 -9.01019
1.74691 -8.75753
1.56749 -8.52981
1.31742 -8.51084
1.4856 -8.27255
1.75273 -8.28394
1.83322 -8.47456
1.97281 -8.28269
2.12891 -8.4565
2.12625 -8.84098
2.50644 -8.56401
2.4584 -8.97165
2.67923 -8.74951
2.87514 -8.91819
2.57615 -9.26575
2.294 -9.26707
2.57081 -9.5663
2.91973 -9.35966
2.81483 -9.68936
3.11799 -9.64305
2.96924 -9.83152
3.14855 -9.8778
3.34741 -9.81216
3.37199 -9.57795
3.26396 -9.35912
3.54081 -9.38196
3.43213 -9.09917
3.17586 -9.07298
3.1707 -8.80458
3.08944 -8.55803
2.82951 -8.53874
3.01689 -8.24001
2.76196 -8.20958
2.48431 -8.14442
2.71866 -7.87293
2.56261 -7.90033
2.43573 -7.91522
2.19896 -8.0655
2.32969 -7.77643
2.05517 -7.75345
1.943 -8.08276
1.73046 -7.99271
2.56749 -7.66208
2.9288 -7.41735
2.96438 -7.90045
3.17042 -7.70268
3.292 -7.44032
3.48647 -7.21009
3.51262 -7.48721
3.40677 -7.62501
3.54567 -7.73676
3.3757 -7.88964
3.30947 -7.64967
3.15972 -7.9898
3.26229 -8.25462
3.58222 -8.2871
3.33758 -8.59455
3.53967 -8.78089
3.33827 -8.87382
3.6875 -9.08879
3.8183 -8.71109
3.90849 -9.05378
3.88441 -9.4383
3.59192 -9.6882
3.83783 -9.89864
4.13445 -9.77521
4.11236 -10.0987
3.87481 -10.1663
3.73366 -10.0931
3.57964 -9.98589
4.04824 -10.3969
3.8562 -10.5897
3.87903 -10.8131
3.73811 -10.9908
4.35208 -9.72841
4.26916 -9.45556
4.47854 -9.60026
4.50774 -9.78418
4.56876 -9.32502
4.87513 -9.35314
4.7818 -9.01746
4.52322 -8.97703
4.36209 -9.16814
4.13458 -9.10307
4.32712 -8.94825
4.19991 -8.70644
4.01136 -8.8626
4.00667 -8.66479
3.94076 -8.52115
3.85565 -8.35779
3.79858 -8.11779
3.67906 -7.92735
3.54831 -7.95036
3.72729 -7.6095
3.84259 -7.90154
3.96116 -7.74303
3.89969 -7.48084
3.72848 -7.27628
3.61542 -7.38613
3.62147 -6.98506
3.82886 -7.04755
3.76182 -6.81624
3.72966 -6.57065
3.98075 -6.73891
3.90819 -6.41489
3.69648 -6.37708
4.05678 -6.16314
4.18153 -6.44122
4.0719 -6.56033
4.21366 -6.67855
4.23977 -6.95489
4.03873 -7.0896
4.2632 -7.25144
4.12423 -7.52014
3.92646 -7.27574
3.90019 -6.91381
4.40945 -7.54133
4.34025 -7.96887
4.11848 -7.83923
4.02008 -8.12552
4.21078 -8.34806
4.05781 -8.46304
3.96933 -8.37212
4.41816 -8.43718
4.42909 -8.74705
4.67269 -8.63122
4.62929 -8.18201
4.55723 -7.95586
4.53611 -7.78222
4.68476 -7.88759
4.66905 -7.57172
4.49539 -7.19427
4.79868 -7.28344
4.66357 -6.96603
4.42975 -6.83536
4.59337 -6.66568
4.37447 -6.58
4.43969 -6.28505
4.84693 -6.51081
4.69073 -6.14888
4.48468 -5.85762
4.2186 -5.92985
4.15269 -5.55764
4.43536 -5.51605
4.26203 -5.21558
4.07744 -4.83916
4.42212 -4.97781
4.57117 -5.3366
4.81812 -5.17984
4.79956 -5.52891
4.65662 -5.66056
4.87905 -5.82899
5.03501 -5.66565
5.09524 -6.03372
4.90632 -6.15218
4.73158 -5.93029
5.15066 -6.4325
5.08612 -6.67933
5.01947 -6.8936
4.79697 -6.81333
4.85871 -7.03204
5.0227 -7.21256
5.01037 -7.49936
4.86931 -7.55874
4.98098 -7.67152
5.16145 -7.85068
5.21989 -7.44914
5.43965 -7.70758
5.45407 -7.30249
5.20645 -7.14407
5.28688 -6.85648
5.57269 -6.97684
5.45646 -6.54258
5.2951 -6.21326
5.46014 -6.15323
5.2499 -5.87073
5.44491 -5.78123
5.18669 -5.52013
5.16497 -5.68991
5.09578 -5.20922
4.96532 -4.94087
4.70762 -4.73361
4.52642 -4.77416
4.42797 -4.44565
4.24512 -4.61128
4.24443 -4.07663
4.5683 -4.25783
4.36232 -3.94803
4.16984 -3.83412
3.95025 -3.57813
4.20665 -3.66327
4.1871 -3.47033
4.19575 -3.24667
4.19575 -3.24667
4.22421 -3.20882
4.0802 -3.07762
4.13902 -2.96343
4.5258 -3.18151
4.34729 -3.03963
4.84231 -3.33324
4.65492 -3.24588
4.64394 -3.36463
4.81943 -3.45322
4.71913 -3.55845
4.51562 -3.37236
4.49801 -3.51456
4.68446 -3.76227
4.97135 -3.83357
4.92615 -4.07563
5.24688 -4.20071
5.12696 -4.34178
5.35172 -4.53557
5.19623 -4.54059
4.90947 -4.35729
5.0928 -4.70098
4.85057 -4.61298
5.04689 -4.83935
5.23096 -5.06878
5.31009 -4.79353
5.45894 -5.05875
5.50029 -5.32755
5.37013 -5.43462
5.23122 -5.31545
5.54025 -5.57796
5.70556 -5.53935
5.62005 -5.24279
5.74373 -5.30703
5.87202 -5.49852
5.86863 -5.7836
5.77186 -5.8378
5.64692 -5.80688
5.75719 -6.05026
5.87215 -6.04142
5.85756 -6.24724
5.76602 -6.3094
5.90347 -6.53174
5.77918 -6.56409
5.87902 -6.84954
5.69781 -6.73499
5.63968 -6.3983
5.77817 -7.07808
5.93111 -7.19412
5.84693 -7.37942
5.69301 -7.31973
5.7845 -7.50671
5.69279 -7.65008
5.88463 -7.65787
5.88463 -8.04162
6.07495 -7.85617
6.10872 -8.30344
5.97909 -8.41914
5.76232 -8.42017
5.96411 -8.65225
5.87026 -8.8801
5.65353 -8.74244
5.51394 -8.47525
5.46934 -8.68927
5.53587 -9.0061
5.72098 -9.0309
5.65701 -9.25243
5.512 -9.31381
5.3406 -9.17207
5.13277 -9.31056
5.17034 -9.02914
5.00247 -9.08594
5.03812 -8.71866
4.88002 -8.32149
5.12732 -8.28228
4.97651 -8.06097
4.8144 -8.05226
4.88235 -7.80447
5.35314 -8.21898
5.42997 -7.99364
5.54427 -8.21487
5.32639 -8.5376
5.43775 -8.5585
5.31602 -8.85498
5.63262 -8.00101
5.83939 -9.2957
5.87679 -9.61843
6.02023 -9.50748
6.03071 -9.174
6.03646 -8.88531
6.14536 -9.05897
6.12644 -8.71308
6.30116 -9.1069
6.2854 -8.63813
6.26542 -8.17536
6.42831 -8.57289
6.43895 -8.98676
6.529 -8.91487
6.59003 -9.27846
6.48742 -9.44578
6.35339 -9.51226
6.44411 -9.82529
6.31398 -9.75625
6.19373 -9.46816
6.35597 -10.0153
6.1108 -9.68976
6.58091 -9.83241
6.63778 -10.085
6.70579 -9.9512
6.63394 -9.6156
6.72172 -9.68679
6.66185 -9.51166
6.69818 -9.45704
6.6662 -9.2656
6.61074 -9.03689
6.71464 -9.1629
6.74077 -9.37918
6.79233 -9.38832
6.7902 -9.60473
6.82303 -9.96423
6.87995 -9.78826
6.92225 -10.0198
6.89604 -10.1699
6.91637 -10.3148
6.95709 -10.2686
6.93552 -10.3894
6.96748 -10.5032
7.01297 -10.3649
7.04526 -10.5668
7.07799 -10.3724
7.01166 -10.1143
7.09742 -10.0875
7.02308 -9.87296
7.08371 -9.78035
7.14613 -10.0893
7.14832 -10.3055
7.18004 -10.4475
7.14807 -10.3831
7.18689 -10.5413
7.13193 -9.75998
7.11353 -9.62363
7.14092 -9.91862
7.02312 -9.31485
7.06213 -9.2418
7.10363 -9.42158
7.09122 -9.23064
7.18312 -10.7195
7.17445 -10.9135
7.17528 -11.073
7.13937 -11.0999
6.97764 -11.8131
7.00679 -11.6762
6.98566 -11.6945
7.02668 -11.5737
7.04064 -11.5422
7.02185 -11.4228
7.04931 -11.3991
7.05442 -11.2821
6.98348 -11.2593
7.03919 -11.1217
7.01293 -10.9844
7.07248 -11.1884
7.07124 -10.8205
7.00885 -10.717
7.09854 -10.6281
7.13495 -10.8434
7.13167 -10.5417
6.96548 -11.6235
7.07449 -9.05856
7.03785 -8.9056
7.01844 -8.7874
7.00716 -8.95992
6.98608 -8.62834
6.96559 -8.88335
6.93736 -9.13677
6.96471 -9.33523
6.97659 -9.56803
6.89553 -9.32434
6.8668 -9.53681
6.94026 -9.81583
6.8188 -9.23896
6.84333 -9.05402
6.75585 -8.93619
6.66157 -8.87817
6.69244 -8.78443
6.65563 -8.61676
6.57241 -8.70134
6.55933 -8.43225
6.48724 -8.42801
6.40544 -8.16275
6.49333 -8.24894
6.4933 -7.9364
6.36935 -7.79598
6.3081 -7.90989
6.20971 -7.76444
6.10881 -7.52818
5.98539 -7.48982
6.03927 -7.30592
6.0168 -7.05706
6.11701 -7.25367
6.09983 -6.955
5.99246 -6.80363
6.04542 -6.64714
5.9819 -6.32521
6.09227 -6.51236
6.15454 -6.78654
6.19408 -6.52966
6.24495 -6.89926
6.33514 -6.88837
6.30674 -7.13906
6.22497 -7.19616
6.33151 -7.45094
6.40797 -7.30479
6.40951 -7.63172
6.49305 -7.5782
6.59094 -7.77414
6.58894 -8.08244
6.54245 -8.22705
6.61962 -8.34373
6.6583 -8.13548
6.68411 -8.46061
6.74675 -8.31276
6.72964 -8.55715
6.71796 -8.68464
6.79992 -8.70903
6.83178 -8.44534
6.7967 -8.04228
6.68955 -7.84163
6.7338 -7.71431
6.66803 -7.53976
6.70457 -7.43029
6.58599 -7.34138
6.6138 -7.36989
6.56099 -7.30216
6.55641 -7.25405
6.53519 -7.23571
6.5541 -7.3458
6.50041 -7.34203
6.54952 -7.48195
6.45244 -7.10862
6.40821 -6.71662
6.28895 -6.5302
6.29975 -6.32554
6.18993 -6.19614
6.14069 -6.26605
6.08519 -6.28608
6.0818 -6.06875
5.98479 -6.04342
5.98471 -5.79886
6.09377 -5.86033
6.00465 -5.60575
5.95992 -5.35123
5.81186 -5.20001
5.90634 -5.08778
5.69744 -4.87624
5.65965 -5.09177
5.51195 -4.86127
5.51987 -4.61355
5.35172 -4.53557
5.38222 -4.51411
5.54169 -4.43647
5.52354 -4.40717
5.54464 -4.27278
5.26424 -3.95328
5.42609 -4.01177
5.50729 -4.12371
5.52806 -4.19582
5.75655 -4.45356
5.00513 -3.45973
5.04958 -3.67539
4.89283 -3.62713
5.2687 -3.77934
5.14849 -3.60991
5.34359 -3.9006
4.77156 -3.34456
6.17692 -4.87431
6.13152 -4.77717
6.03067 -4.65398
6.05501 -4.82875
6.20185 -5.0375
6.02456 -4.99513
6.19037 -5.22371
6.25823 -5.12716
6.31186 -5.38454
6.33031 -5.25825
6.37187 -5.39521
6.43927 -5.55355
6.36865 -5.61815
6.48194 -5.77217
6.42387 -5.81913
6.30726 -5.67165
6.35567 -5.8727
6.26523 -5.80075
6.33985 -5.98601
6.46759 -6.22387
6.498 -6.04698
6.60008 -6.34534
6.55476 -6.53362
6.48304 -6.57842
6.56882 -6.86448
6.63227 -6.66408
6.64333 -6.94201
6.63238 -7.16185
6.50386 -6.91629
6.513 -7.1693
6.36094 -6.22631
6.70116 -7.14336
6.78102 -7.39691
6.78979 -7.71353
6.88176 -7.71443
6.85641 -7.96753
6.91676 -8.05867
6.88954 -8.29669
6.95563 -8.32197
6.94757 -8.56041
6.98785 -8.25481
6.96062 -8.12393
6.97988 -8.06252
6.93835 -7.90915
6.96639 -7.84739
6.91374 -7.62903
6.85509 -7.3185
6.90715 -7.3624
6.84829 -7.09797
6.7836 -6.98183
6.75206 -7.05022
6.68147 -6.58309
6.67875 -6.87728
6.64175 -6.51783
6.67004 -6.47794
6.64495 -6.35842
6.62572 -6.20696
6.58596 -6.09692
6.61535 -6.09067
6.61206 -5.97043
6.52356 -5.93913
6.53061 -5.73375
6.59832 -5.72999
6.61872 -5.97776
6.63322 -5.96976
6.62526 -5.9932
6.80448 -6.90589
6.93539 -7.60627
6.61756 -5.8151
6.53505 -5.63927
6.48771 -5.50277
6.40958 -5.38273
6.77052 -6.85721
6.73107 -6.71662
7.03053 -8.46417
7.02396 -8.62527
6.88963 -8.67299
6.89004 -8.91193
6.20903 -5.96816
6.12275 -5.59346
6.24578 -5.50928
6.08401 -5.29092
5.82647 -4.82205
5.89139 -4.67814
5.586 -4.48026
5.90548 -4.52542
5.56449 -5.06344
6.27537 -7.60714
6.19203 -7.47573
5.6251 -6.08301
4.59978 -3.97462
4.63715 -4.50329
4.38717 -3.63242
4.34381 -3.8101
2.08502 -9.16171
1.781 -9.33548
1.78971 -9.07943
4.44803 -11.4076
4.60929 -11.5248
0.724955 -12.4166
1.70996 -12.663
1.89764 -12.6495
2.20755 -12.685
2.07867 -12.6304
1.99076 -12.523
6.66092 -12.0778
6.68444 -11.8926
6.52478 -12.0331
6.52881 -11.8684
6.6206 -11.7631
6.71059 -11.6966
6.63839 -11.6257
6.68316 -11.6065
6.71805 -11.5505
6.67885 -11.4987
6.7371 -11.3912
6.69292 -11.3153
6.75757 -11.2342
6.7162 -11.0853
6.62302 -11.2291
6.58244 -11.0668
6.65887 -10.8452
6.4929 -10.8267
6.42277 -11.1523
6.30522 -10.9038
6.22572 -11.1557
6.08715 -10.9856
5.89034 -10.8143
5.90537 -10.58
5.64069 -10.6335
5.79109 -10.3754
5.55213 -10.4022
5.24942 -10.3239
5.40649 -10.538
5.24953 -10.5605
5.32624 -10.7054
5.0355 -10.8544
5.3105 -10.8509
5.3018 -10.972
5.56857 -10.9157
5.43016 -11.1193
5.14119 -11.1476
5.41566 -11.366
5.67302 -11.2056
5.70242 -11.4353
5.97722 -11.3459
5.8126 -11.5649
5.56104 -11.653
5.82131 -11.7359
5.93375 -11.5908
6.06268 -11.6644
6.26923 -11.4258
6.28944 -11.6635
6.17083 -11.903
6.39136 -11.7956
6.41257 -11.624
6.52822 -11.6611
6.45813 -11.4441
6.60076 -11.4411
6.54028 -11.2622
6.36713 -11.54
6.35806 -11.9834
6.15039 -12.0941
6.31854 -12.129
6.49089 -12.1342
6.04578 -12.2254
5.99465 -12.1718
5.95514 -12.08
5.79446 -12.2296
5.69456 -12.093
5.53812 -12.2131
5.55099 -12.3066
5.29468 -12.2851
5.39047 -12.3933
5.15537 -12.398
5.13627 -12.4959
4.94718 -12.4507
4.8643 -12.5265
4.78112 -12.5976
5.24961 -12.5212
5.09563 -12.5477
4.93961 -12.57
5.39479 -12.4703
5.54832 -12.4506
5.6909 -12.4545
5.7207 -12.3615
5.97818 -12.3117
4.79574 -12.419
5.00363 -12.3539
5.359 -12.1014
5.60549 -11.9108
5.295 -11.8629
5.8915 -11.9151
5.85712 -11.0497
6.70938 -10.6502
6.7714 -11.5941
