-1.30328 -6.74898
-1.28421 -6.62297
-1.16657 -5.87882
-1.13849 -5.70596
-1.10415 -5.52514
-1.05149 -5.30944
-0.988143 -5.09952
-0.843416 -4.72785
-0.748183 -4.58491
-0.213924 -3.79657
-0.0592544 -3.59257
0.0985594 -3.38897
0.270833 -3.21208
0.562705 -2.98966
0.687696 -2.94375
1.60535 -2.73346
1.82601 -2.69895
2.0243 -2.67335
2.21747 -2.65402
2.74238 -2.62646
3.70491 -2.80699
4.13902 -2.96343
4.34729 -3.03963
4.84231 -3.33324
5.00513 -3.45973
5.14849 -3.60991
6.03067 -4.65398
6.13152 -4.77717
6.48771 -5.50277
6.59832 -5.72999
6.61756 -5.8151
6.90715 -7.3624
6.96639 -7.84739
7.03053 -8.46417
7.09122 -9.23064
7.13193 -9.75998
7.18689 -10.5413
7.18312 -10.7195
7.17528 -11.073
6.97764 -11.8131
6.93557 -11.956
6.84307 -12.0767
6.72582 -12.1909
6.59957 -12.2648
6.08205 -12.4368
4.61658 -12.6284
3.29445 -12.7158
2.88598 -12.7134
1.51741 -12.6651
0.213446 -12.4431
-0.00850677 -12.3543
-0.134525 -12.2689
-0.296137 -12.0962
-1.05738 -10.6008
-1.11792 -10.3942
-1.15126 -10.2139
-1.18654 -10.0186
-1.21334 -9.841
-1.38499 -8.01125
-1.39518 -7.85659
-1.39351 -7.54342
-1.3907 -7.40474
