1.41183 -2.85118
1.46345 -2.48973
1.80578 -1.49499
2.86498 0.639284
3.00869 0.848477
3.21199 1.02588
3.74298 1.36202
3.96917 1.47936
4.32336 1.53366
5.62931 1.14278
6.3858 0.642151
6.79072 0.224591
7.33232 -0.380298
8.32652 -2.70339
8.79915 -5.32054
8.85638 -5.89736
8.88283 -6.23029
8.58336 -6.64807
7.18313 -6.8525
6.49963 -6.91984
5.73484 -6.92316
1.9137 -5.82454
1.86528 -5.75168
1.81078 -5.62653
1.76623 -5.50131
1.73401 -5.38321
1.60382 -4.82434
1.58457 -4.69329
1.44525 -3.53472
1.42535 -3.32374
1.41789 -3.23322
