0.0465469 -1.73135
0.0693855 -1.89864
0.15016 -1.99505
0.174069 -2.10826
0.213949 -2.16152
0.227544 -2.22691
0.270048 -2.30098
0.516282 -2.69085
0.615895 -2.78189
8.35836 -2.0792
8.34586 -2.11072
8.33297 -2.23281
8.33165 -2.03602
8.33293 -1.97076
8.32202 -1.88072
8.30761 -1.84493
8.31323 -2.01803
8.28764 -1.81909
8.2965 -1.72188
8.29837 -1.62678
8.29553 -1.56489
8.29064 -1.64821
8.28137 -1.57367
8.27182 -1.69027
8.27095 -1.80428
8.28229 -1.93861
8.2634 -1.82514
8.25872 -1.70383
8.236 -1.58015
8.25769 -1.56943
8.22318 -1.37594
8.17617 -1.26888
8.1754 -1.21532
8.15003 -1.1021
8.1395 -1.09972
8.09644 -0.970768
8.14968 -1.347
8.07739 -1.01223
8.08821 -1.27605
8.1634 -1.61108
8.2095 -1.66416
8.24462 -1.81741
8.21026 -1.91211
8.25906 -2.00948
8.23705 -2.17897
8.2829 -2.16726
8.29283 -2.08207
8.30194 -2.19501
8.31955 -2.15407
8.31465 -2.23923
8.30231 -2.33204
8.28524 -2.28773
8.22743 -2.36863
8.17613 -2.29965
8.1822 -2.08834
8.12408 -2.16316
8.11657 -1.98307
8.16404 -1.87759
8.09782 -1.70633
8.09276 -1.4444
8.03174 -1.41012
8.02701 -1.2014
7.97553 -1.09613
7.95296 -1.24194
7.88099 -0.965872
7.86296 -1.23824
7.96489 -1.50797
7.87778 -1.53251
7.93791 -1.69177
7.99971 -1.77118
7.94951 -1.87774
7.88248 -1.75871
7.88707 -1.94814
7.94415 -2.07226
7.84604 -2.13839
7.93789 -2.24134
7.85062 -2.37949
7.99476 -2.38636
8.09755 -2.2742
3.49036 -4.556
3.79827 -4.581
3.91749 -4.58256
3.81715 -4.48639
3.64149 -4.51488
3.60858 -4.3709
3.39196 -4.41641
3.27103 -4.49301
3.12004 -4.36249
3.04082 -4.43245
2.87666 -4.29926
2.94071 -4.20063
2.73295 -4.16926
2.65801 -4.01863
2.56502 -4.08633
2.63559 -4.21372
2.44963 -4.08135
2.35904 -3.92184
0.850739 -2.97114
0.909117 -3.00475
0.768202 -2.83021
0.838725 -2.84483
0.742098 -2.70817
0.666939 -2.68564
0.626604 -2.70718
0.572834 -2.56391
0.493435 -2.5485
0.534933 -2.65486
0.734491 -2.87378
0.426712 -2.54075
0.377172 -2.3901
0.453793 -2.40071
0.34313 -2.20167
0.441113 -2.21547
0.363552 -2.10974
0.308916 -1.99972
0.243051 -2.01183
0.23582 -1.85254
0.274213 -1.79693
0.187584 -1.66264
0.173066 -1.76082
0.140552 -1.59678
0.119783 -1.42049
0.225945 -1.50461
0.139159 -1.19673
0.0653057 -1.11672
0.0584831 -1.28251
0.00452137 -1.04844
0.0120182 -1.26839
-0.037097 -1.02805
-0.052269 -1.23019
-0.0788364 -0.997165
-0.091794 -0.776079
-0.0392399 1.56323
0.135336 2.02055
0.215629 2.19546
0.243995 2.03003
0.186576 1.85488
0.259998 1.87825
0.236007 1.67948
0.309064 1.77619
0.31367 1.57029
0.257766 1.46864
0.186592 1.45149
0.232267 1.25183
0.158737 1.17927
0.122643 1.37887
0.109674 1.20333
0.0602427 1.23151
0.0697565 1.06901
0.0246639 0.93665
-0.00889778 1.10899
0.00649548 1.35137
-0.0709772 1.0382
-0.101926 0.885843
-0.0499725 0.824115
-0.108512 0.712396
-0.137939 0.515736
-0.0847473 0.53934
-0.123291 0.316476
-0.0601254 0.0943089
-0.0469666 -0.318217
-0.080719 -0.586645
-0.0355864 -0.729644
-0.0616112 -0.833711
0.0115414 -0.41292
-0.0102568 -0.010207
0.0540047 -0.011556
0.0392542 0.296006
0.0886564 0.319514
0.0749846 0.530434
0.15274 0.546543
0.121605 0.827077
0.0484419 0.577771
0.0574207 0.829116
0.0223169 0.562667
0.00143719 0.643644
-0.0214977 0.363782
-0.00209236 0.328473
-0.0430317 0.122044
0.103169 1.04593
0.195242 0.945996
0.244756 0.699963
0.264549 1.0423
0.306589 1.29405
0.360293 0.935456
0.392898 1.39254
0.390723 1.70539
0.501943 1.58027
0.457598 1.86904
0.351303 1.96166
0.461143 2.18218
0.311015 2.18663
0.357824 2.34931
0.273929 2.3301
0.298665 2.52288
0.785287 3.45229
0.968279 3.60203
0.892076 3.41242
1.07247 3.51622
0.985915 3.3199
0.789114 3.2133
0.752246 3.32504
0.637037 3.2003
0.618969 3.04896
0.735602 3.00014
0.585581 2.87886
0.67384 2.80486
0.544012 2.68591
0.630598 2.66674
0.588561 2.47102
0.721458 2.64198
0.751961 2.34934
0.844489 2.60167
0.935035 2.37332
0.840098 2.06021
0.712523 2.04586
0.758639 1.75989
0.594947 1.86591
0.654367 1.41279
0.499183 1.19734
0.61619 1.01008
0.520041 0.812998
0.615066 0.742093
0.577301 0.441152
0.676209 0.607673
0.746766 0.321121
0.635226 0.0203942
0.761603 -0.0254956
0.736579 -0.281882
0.625199 -0.310747
0.517416 -0.153335
0.555412 -0.514302
0.706139 -0.618723
0.584578 -0.878164
0.723257 -0.98859
0.63714 -1.06142
0.68038 -1.23454
0.797177 -1.2499
0.749571 -1.49077
0.591886 -1.46486
0.728116 -1.76346
0.837086 -1.71177
0.866021 -1.98066
0.959382 -1.80437
0.992536 -2.07015
0.962192 -2.23665
0.857542 -2.20165
0.922943 -2.39828
1.04873 -2.46033
1.00581 -2.59999
1.134 -2.67658
1.08675 -2.80842
1.24583 -2.87666
1.22367 -2.98404
1.10711 -2.97047
0.975827 -2.80513
0.9706 -2.68967
0.898257 -2.6683
0.892159 -2.54264
0.799026 -2.53567
0.850476 -2.74612
0.689985 -2.52629
0.648748 -2.58593
0.552246 -2.43429
0.574978 -2.26087
0.471322 -2.05387
0.369618 -1.98075
0.420959 -1.88379
0.338956 -1.72558
0.434689 -1.70352
0.325802 -1.41914
0.442554 -1.43102
0.363681 -1.18819
0.277599 -1.0719
0.226376 -1.23951
0.179531 -0.952337
0.090601 -0.884457
0.135218 -0.563598
0.239944 -0.704329
0.216733 -0.27444
0.13408 -0.131908
0.076807 -0.350496
0.114758 0.194193
0.209781 0.215243
0.0586061 -0.612173
0.0202084 -0.81018
0.31589 -0.0139017
0.322899 0.427271
0.444098 0.521214
0.424644 0.157868
0.484548 0.321274
0.521856 0.156933
0.41491 -0.172407
0.458736 -0.401004
0.347006 -0.451791
0.458166 -0.706862
0.355031 -0.877398
0.474422 -1.10411
0.588497 -1.14966
0.520584 -1.66322
0.613152 -1.85439
0.520844 -1.83542
0.486758 -1.90603
0.556856 -2.01638
0.663526 -2.15091
0.701625 -2.36554
0.794675 -2.32516
0.750885 -2.04974
0.976131 -2.9064
0.922052 -2.91748
1.05442 -3.05376
2.116 -3.68547
1.94358 -3.47218
1.79445 -3.24973
1.57765 -3.0054
1.26896 -2.74751
1.41314 -2.78847
1.29698 -2.61921
1.17942 -2.54231
1.24248 -2.45221
1.10238 -2.29304
1.23333 -2.25027
1.09493 -2.01851
1.21696 -1.9671
1.09223 -1.70649
0.9867 -1.60086
0.889687 -1.49836
1.02266 -1.3716
0.905024 -1.2261
0.970657 -0.942631
0.845001 -1.04804
0.826718 -0.826002
0.872501 -0.525659
0.831607 -0.214251
0.914222 -0.262471
0.865556 0.0250981
1.0255 -0.168742
0.972946 0.20566
0.867599 0.319895
0.923414 0.561416
0.830829 0.475842
0.787997 0.694575
0.916464 1.01199
0.753417 1.05978
0.851293 1.43334
0.997671 1.37993
1.08858 1.19184
1.06011 0.810728
1.20423 1.0189
1.21067 0.69249
1.3499 0.918262
1.40641 0.603347
1.5307 0.902164
1.64166 0.686951
1.57307 0.397342
1.37736 0.259686
1.54051 0.105811
1.7571 0.261729
1.6996 -0.0947838
2.03305 0.144095
1.91386 -0.297689
1.63107 -0.484413
1.53848 -0.26886
1.44617 -0.402077
1.43288 -0.230403
1.3311 -0.291765
1.37075 -0.0490354
1.24448 -0.149452
1.21394 0.120172
1.14913 -0.105141
1.1959 -0.394546
1.07247 -0.476134
1.13697 -0.747376
1.00941 -0.626507
0.979806 -0.41521
1.15569 -1.13996
1.26548 -0.936813
1.29575 -0.684541
1.42747 -0.896528
1.319 -1.19522
1.51113 -1.24687
1.37885 -1.37236
1.2951 -1.45705
1.23094 -1.31365
1.169 -1.45072
1.24077 -1.69655
1.38379 -1.67266
1.32301 -1.90507
1.37484 -2.20002
1.43923 -1.9791
1.5375 -2.23248
1.56295 -2.49039
1.69722 -2.45662
1.74818 -2.67581
1.87009 -2.66182
1.99005 -2.94007
1.68975 -2.80592
1.89249 -3.0623
2.12252 -3.23815
1.9618 -3.25514
1.73919 -3.04177
2.04753 -3.44104
2.21038 -3.4464
2.24678 -3.58759
2.14191 -3.5969
2.36478 -3.77329
2.46783 -3.66634
2.61256 -3.86076
2.83932 -3.99107
2.75284 -3.82949
3.02402 -3.96092
2.92827 -3.77735
2.67161 -3.66727
2.44313 -3.44787
2.28226 -3.20186
2.58416 -3.27805
2.77951 -3.56024
2.94447 -3.42896
3.10454 -3.68274
3.22111 -3.906
3.45849 -3.81345
3.26211 -3.53031
3.57227 -3.58998
3.36892 -3.28037
3.09875 -3.29027
3.08285 -2.99274
2.81279 -3.12054
2.78396 -2.75415
2.98439 -2.61535
2.77658 -2.34656
2.53957 -2.42447
2.6159 -2.73512
2.46498 -2.7584
2.29926 -2.47636
2.25973 -2.69437
2.33127 -2.87611
2.09808 -2.7502
2.09975 -2.49615
1.87724 -2.4402
1.96315 -2.2638
1.81064 -2.18076
1.89995 -2.01474
1.69087 -1.95634
1.68039 -2.21987
1.56041 -2.03969
1.52666 -1.81623
1.52284 -1.55807
1.42671 -1.46725
1.70184 -1.45211
1.71067 -1.17412
1.67254 -0.869659
1.86833 -1.0472
1.84076 -1.27657
2.00992 -1.23115
1.94106 -1.50655
1.80356 -1.73261
1.99566 -1.7975
2.0771 -2.03622
2.01063 -2.14784
2.12073 -2.26444
2.28269 -2.12273
2.15662 -1.86518
2.30996 -1.73394
2.11077 -1.66218
2.14972 -1.44489
2.33534 -1.38147
2.18631 -1.20886
2.34207 -1.07597
2.09903 -0.954525
2.30188 -0.790897
2.09044 -0.584617
2.39379 -0.505036
2.2253 -0.189278
1.83656 -0.604076
1.90739 -0.806104
1.5371 -0.718298
1.43858 -0.615668
2.52427 -0.172801
2.41811 0.216913
2.25971 0.553455
1.97809 0.526097
2.16814 0.907177
1.8761 0.790067
1.75879 0.523556
1.73368 0.979511
1.97474 1.1842
1.77268 1.25754
1.62807 1.13188
1.48341 1.1529
1.64412 1.40868
1.44719 1.40775
1.33829 1.16764
1.26138 1.34835
1.39727 1.69317
1.17386 1.62109
1.35754 2.06809
1.14892 2.02461
1.00768 1.70475
0.997334 2.06526
0.892272 1.7911
1.10573 2.26857
1.03193 2.29881
1.07992 2.49229
0.97776 2.70131
1.14318 2.79807
1.02207 2.9845
0.845756 2.85547
0.906794 3.11435
1.06012 3.20023
1.179 3.36774
1.1757 3.10566
1.3156 3.22456
1.30731 2.92969
1.49428 3.13137
1.45512 2.73861
1.64262 2.8414
1.58044 2.56963
1.76639 2.47329
1.57723 2.34893
1.45422 2.40639
1.4957 2.21935
1.59002 2.04554
1.25718 2.46962
1.8333 2.05107
1.96345 2.33347
1.90657 2.48384
1.98637 2.61635
1.83865 2.88379
2.01166 2.94228
1.91234 3.18763
1.71686 3.17396
1.81515 3.48694
1.60529 3.40628
1.60749 3.65945
1.40545 3.47206
1.40319 3.76562
1.24553 3.5877
1.17873 3.72956
1.33812 3.92371
1.18346 3.88551
1.3225 4.06486
1.06758 3.75797
1.53556 4.21698
1.4907 4.07657
1.6742 4.18135
1.61145 4.05356
1.48577 3.95839
1.61843 3.9044
1.82425 4.08141
1.82295 3.80172
1.97415 3.95318
2.02094 3.77294
1.93752 3.63291
2.077 3.52333
1.9557 3.51822
1.97693 3.38992
2.11261 3.18946
2.31254 3.37679
2.20939 3.71701
2.4382 3.65895
2.32172 3.96372
2.11942 3.92113
2.10288 4.1146
2.31962 4.18652
2.22955 4.30635
2.00299 4.26667
1.83629 4.25573
1.76578 4.34432
1.93977 4.35498
4.87433 4.14735
5.02769 4.06511
4.84079 4.0259
5.10747 3.92124
4.97447 3.77507
4.69099 3.93284
4.71184 3.74676
4.45479 3.93675
4.54039 3.68409
4.74274 3.48368
4.51031 3.43956
4.33148 3.76384
4.27088 3.51981
4.37832 3.19189
4.6214 3.11658
4.55855 2.83567
4.77981 2.86296
4.74154 2.63998
4.64121 2.49308
4.45577 2.63465
4.29945 2.88175
4.31533 2.55761
4.49266 2.39086
4.36993 2.32631
4.21035 2.35429
4.3569 2.16356
4.51036 2.14061
4.46157 1.90365
4.25939 2.04823
4.32971 1.79247
4.1198 1.82395
4.33431 1.51205
4.1786 1.4274
3.9853 1.51349
4.10093 1.14926
4.36304 1.0795
4.24328 0.7486
4.49144 0.588071
4.38429 0.333759
4.58131 0.223325
4.56073 -0.107906
4.75305 -0.00264466
4.85847 -0.425087
4.63796 -0.537135
4.41287 -0.371792
4.54075 -0.846629
4.30211 -0.585923
4.15504 -0.211348
4.09991 -0.55877
4.31444 -0.95027
4.07639 -0.941833
4.31452 -1.42097
4.04625 -1.27487
3.85516 -0.93731
3.86176 -1.37187
4.16621 -1.71978
3.96788 -1.83103
4.18149 -2.07733
4.06749 -2.20513
3.80671 -2.00807
3.77147 -1.61907
3.6337 -1.60235
3.5195 -1.74856
3.62356 -2.20627
3.93115 -2.53942
3.69532 -2.66712
3.46173 -2.35273
3.40675 -2.71284
3.24441 -2.24398
3.12962 -2.46081
3.18461 -2.76777
2.93909 -2.28722
3.02599 -2.0959
2.79747 -1.90768
2.61133 -2.05124
2.60701 -1.77986
2.49443 -1.82953
2.48698 -1.5893
2.45066 -2.03122
2.64807 -1.58246
2.53913 -1.30537
2.82409 -1.40044
2.59862 -0.885177
2.91931 -0.987901
2.84676 -0.636351
2.63739 -0.477143
2.8305 -0.240164
2.66587 0.0821462
2.86694 0.143449
3.02729 -0.0720757
3.0807 -0.330858
3.01335 -0.523578
3.2338 -0.683075
3.2787 -0.161344
3.47078 -0.609843
3.4629 -0.995781
3.31787 -1.09176
3.14406 -1.02769
3.27446 -1.42308
3.0506 -1.27638
3.04108 -0.762809
3.09472 -1.60672
3.33178 -1.92347
3.12487 -1.92138
2.97025 -1.7734
3.47113 -1.35571
3.63535 -1.3114
3.65303 -0.961294
3.67068 -0.582649
3.51634 -0.311637
3.67604 -0.17599
3.47898 -0.0500753
3.53842 0.227338
3.37402 0.145293
3.23381 0.226219
3.07308 0.183378
3.10809 0.464699
2.91714 0.437933
2.69623 0.382505
2.78514 0.682352
2.54113 0.627466
2.66529 0.976149
2.41937 0.858272
2.44609 1.18498
2.22377 1.26244
2.13591 1.51199
1.88803 1.61827
2.0934 1.72042
2.08401 1.97604
1.72122 1.80863
1.70857 1.63116
1.5824 1.67017
2.24016 1.74846
2.33513 1.96387
2.21576 2.3481
2.20939 2.79033
2.39336 2.5316
2.52139 2.16511
2.58905 2.51222
2.8054 2.19504
2.76198 1.82832
2.95679 1.85029
2.97804 1.51932
3.12115 1.71846
3.24247 1.44951
3.13038 1.11005
2.8538 1.21965
2.92381 0.910101
2.66201 1.2737
2.7332 1.50817
2.55824 1.45185
2.36475 1.52852
2.53325 1.74637
2.37714 1.75311
3.13386 0.744432
2.97202 0.662805
3.31995 0.460757
3.34525 0.803846
3.4881 0.556846
3.67535 0.470182
3.55702 0.79266
3.76246 0.748385
3.63609 1.01185
3.4316 1.13606
3.65241 1.32076
3.45019 1.48976
3.31455 1.79768
3.59884 1.79669
3.41816 2.09024
3.25857 2.10682
3.08289 2.05289
3.1446 2.3598
2.9421 2.4322
3.02048 2.70112
2.81856 2.76676
2.8778 3.02781
2.68245 3.06038
2.73982 3.27964
2.55496 3.34998
2.68972 3.5735
2.57347 3.87583
2.74518 3.80627
2.74479 3.99866
2.55456 4.14858
2.84555 4.1856
2.71696 4.36855
2.44062 4.31291
2.44477 4.4679
2.13094 4.40672
2.87932 4.55157
3.26141 4.59074
3.13172 4.47627
2.92637 4.45069
2.9984 4.34624
3.24873 4.35641
3.49439 4.47702
3.47685 4.25638
3.17088 4.1329
3.43619 4.03484
3.34662 3.82425
3.60831 3.80052
3.52399 3.59413
3.37499 3.52006
3.20748 3.69053
3.16551 3.38742
3.03143 3.75861
2.89608 3.6314
2.90885 3.32723
3.09542 2.99557
3.362 2.88821
3.23199 2.61353
3.44025 2.44368
3.30399 2.31135
3.56316 2.17503
3.6175 2.41409
3.55789 2.6564
3.78788 2.62837
3.56919 2.90056
3.45238 3.20073
3.67033 3.09967
3.55445 3.37107
3.73466 3.41914
3.90262 3.04364
4.09029 2.71206
4.02082 2.42155
3.93337 2.18685
3.72683 2.17183
3.8596 1.84281
4.10407 2.17871
3.79297 1.54471
3.87842 1.23894
3.77927 1.03668
3.97915 0.824097
3.95532 0.30333
4.16274 0.465257
4.27008 0.0720968
3.91451 -0.166146
3.75018 0.139851
3.87601 -0.551554
4.10187 3.03158
4.01082 3.32722
4.1977 3.16002
4.18664 3.35866
4.07266 3.58719
3.85827 3.66178
3.76583 3.91326
3.62395 4.07201
3.81388 4.09373
3.69641 4.22844
3.7262 4.3678
3.89561 4.25672
3.99652 4.39524
3.81786 4.48622
3.73236 4.56443
3.55854 4.62103
4.75396 4.24143
4.58358 4.25735
4.714 4.16382
4.53961 4.12702
4.39409 4.2845
4.49783 4.33287
4.38741 4.4019
4.22269 4.36775
4.17741 4.21688
4.35738 4.20276
4.35133 4.12653
4.27542 4.06043
4.1616 3.97818
3.99363 4.10679
3.96668 3.88196
4.1539 3.75614
4.29218 3.94996
4.15464 4.4896
3.98461 4.49101
3.9411 4.55655
2.86587 3.85588
2.95569 3.99178
3.13472 3.89755
2.48377 3.08479
2.62637 2.80206
2.43275 2.80399
2.75937 2.54355
2.30825 3.05651
3.31488 -2.98564
3.50532 -3.0928
3.69689 -3.36076
3.70756 -3.04579
3.86543 -3.26599
4.01054 -3.09418
3.9919 -3.49923
4.2465 -3.47978
4.33984 -3.25534
4.22397 -2.89471
4.15493 -2.53729
3.98731 -2.32439
4.32759 -2.4477
4.38301 -2.77536
4.48543 -2.69954
4.59178 -2.91709
4.47548 -3.08791
4.69543 -3.21721
4.84054 -3.0194
4.86848 -3.31565
5.01318 -3.26272
4.97548 -3.50671
4.75498 -3.50275
4.83932 -3.66176
4.9307 -3.734
4.79118 -3.79985
4.69434 -3.73811
4.63274 -3.95905
4.43568 -4.15462
5.13773 -3.63998
5.3561 -3.48399
5.20816 -3.35724
5.43148 -3.30419
5.33613 -3.14038
5.11383 -3.03472
5.27333 -2.95025
5.14541 -2.70842
4.90404 -2.648
4.60771 -2.6094
4.64726 -2.24548
4.39628 -2.17409
4.43056 -1.88779
4.62126 -1.82074
4.56729 -1.33905
4.85821 -1.70718
4.88074 -2.22193
4.97718 -2.08953
5.08051 -2.34662
5.01334 -2.51093
5.22545 -2.51492
5.33364 -2.75113
5.33625 -2.42898
5.2064 -2.21044
5.32097 -2.07521
5.19485 -1.80651
5.06277 -1.97742
5.05145 -1.57254
4.92105 -1.26281
4.74082 -1.22179
4.78828 -0.877974
4.98983 -0.89324
5.10948 -0.566182
5.05748 -0.213689
4.91272 -0.0959496
5.00005 0.110521
4.85578 0.13962
4.86942 0.422081
4.70614 0.350199
4.66384 0.797568
4.88147 0.74284
4.77563 1.1366
4.54254 1.27237
4.48374 1.61062
4.63505 1.44521
4.60654 1.66757
4.70274 1.83634
4.76235 1.48873
4.94019 1.53504
4.94486 1.87058
4.71594 2.182
4.78096 2.33052
4.99331 2.20126
4.81473 2.44665
4.96714 2.57886
5.29278 2.33776
5.34376 1.99908
5.1774 1.85744
5.19132 1.55179
5.4857 1.63914
5.51047 1.20498
5.80233 1.35702
5.86879 1.00596
5.67535 0.793318
5.41876 0.869228
5.52367 0.461177
5.82974 0.464661
5.74685 0.149232
5.48881 -0.113787
5.30355 0.310367
5.19667 0.0415506
5.07515 0.459536
5.24415 0.698798
5.01117 0.910242
5.17083 1.15584
4.93148 1.25502
5.23384 -0.290527
5.31435 -0.598091
5.53932 -0.666928
5.3655 -1.05139
5.56625 -1.03338
5.48925 -1.35247
5.32897 -1.45519
5.19926 -1.38134
5.24986 -1.59935
5.31343 -1.74907
5.42085 -1.62961
5.43394 -1.91885
5.5942 -1.71904
5.72749 -1.31056
5.86606 -1.73705
5.73217 -2.11161
5.56272 -2.06971
5.61417 -2.35551
5.46359 -2.29165
5.54549 -2.55031
5.64675 -2.65079
5.74872 -2.4958
5.75229 -2.75451
5.86867 -2.71878
5.8988 -2.40427
5.89286 -2.09353
5.99254 -2.25529
6.06205 -2.49156
6.03084 -2.7216
6.13552 -2.66995
6.19876 -2.83368
6.1075 -2.94957
5.98004 -2.94917
6.09638 -3.12317
5.94067 -3.15849
5.82351 -2.96211
5.74993 -3.19132
5.67335 -2.91967
5.52679 -3.07808
5.89915 -3.35609
6.16605 -3.43584
6.07575 -3.38163
6.2436 -3.27266
6.05724 -3.26909
6.22565 -3.05494
6.3733 -3.10767
6.46383 -3.22049
6.70073 -3.18576
6.96902 -3.07691
6.80916 -2.99481
6.56306 -2.97772
6.79744 -2.79621
6.59337 -2.68948
6.80929 -2.4789
6.56943 -2.44446
6.63702 -2.14588
6.42604 -2.27576
6.4233 -2.5432
6.28852 -2.36757
6.24205 -2.60889
6.13542 -2.30169
6.22671 -2.07208
6.02079 -2.03476
6.07878 -1.80437
6.04327 -1.51233
5.89171 -1.4168
5.96938 -1.15901
5.75936 -0.87571
6.00919 -0.765946
5.79804 -0.419853
6.16022 -0.420748
5.94285 -0.0837873
5.73593 -0.103951
5.97878 0.20744
6.23301 0.0231935
6.14635 0.440626
5.93396 0.706734
6.14826 0.799423
6.13922 1.14644
6.33337 0.887145
6.44268 0.596874
6.46341 0.832798
6.62566 0.79865
6.64387 0.526382
6.67752 0.225108
6.40861 0.26085
6.49681 0.00913611
6.68837 -0.186331
6.45054 -0.28801
6.44554 -0.690994
6.22155 -0.778795
6.34184 -1.03028
6.14704 -1.00375
6.20587 -1.29589
6.47447 -1.3789
6.54763 -1.029
6.74739 -1.23354
6.71457 -0.813405
6.64896 -0.489922
6.92198 -0.49399
6.96422 -0.963709
7.23024 -0.824884
7.1397 -1.11023
7.02459 -1.36153
6.83472 -1.54421
6.99739 -1.73738
6.76453 -1.82259
6.67016 -1.55688
6.53781 -1.77559
6.93658 -2.11051
6.41963 -2.00447
6.28016 -1.69508
7.11961 -1.96081
7.16307 -2.15692
7.08232 -2.38231
7.03068 -2.65562
7.2051 -2.51209
7.19943 -2.65238
7.12722 -2.77566
7.28043 -2.72925
7.15852 -2.90582
6.98307 -2.87998
7.5024 -2.632
7.3559 -2.53608
7.56635 -2.35589
7.34786 -2.2778
7.55434 -2.10282
7.43064 -2.07343
7.30106 -1.9838
7.48485 -1.85554
7.34042 -1.7391
7.18988 -1.75274
7.2471 -1.48085
7.11471 -1.58342
7.17748 -1.27768
7.30015 -1.19177
7.39437 -1.3824
7.43426 -1.58095
7.48922 -1.40919
7.43997 -1.25511
7.55481 -1.23935
7.40578 -1.07386
7.44164 -0.903714
7.35801 -0.735335
7.31447 -0.573723
7.17615 -0.469288
7.27957 -0.330238
7.10531 -0.173443
6.87983 -0.085876
6.96612 0.191117
6.78914 0.497087
6.95309 0.544392
6.81257 0.715386
6.77493 0.952861
6.60166 1.20821
6.42425 1.05003
6.31579 1.40864
6.01981 1.48852
5.76945 1.61694
5.90176 1.74439
5.63034 1.84869
5.53096 2.09467
5.78004 2.00198
5.62896 2.29549
5.45161 2.55539
5.2072 2.65274
5.35148 2.87689
5.01411 2.92131
5.11792 3.16777
4.89185 3.22406
4.97242 3.39349
4.91399 3.58124
5.02979 3.48285
5.10727 3.54968
5.22654 3.62425
5.29081 3.74582
5.40676 3.58834
5.39426 3.40026
5.58551 3.47854
5.76788 3.26611
5.61365 3.05241
5.85243 3.04856
5.82042 2.90426
5.79536 2.6167
5.32221 3.1796
6.02474 2.85122
6.17086 2.55987
6.19138 2.25207
6.3383 2.3687
6.46061 2.15337
6.42564 1.89665
6.18501 1.98477
6.27689 1.7293
6.50449 1.55924
6.12204 1.64853
6.04352 1.87776
5.9433 2.17005
6.66161 1.65511
6.68735 1.41592
6.78942 1.19852
6.83326 1.39045
6.89229 1.17412
6.91286 0.974528
7.02034 1.08418
7.0297 0.83243
6.97927 0.746455
6.88916 0.789528
7.08575 0.596771
7.1281 0.310891
7.24551 0.424622
7.12701 0.747938
7.23673 0.815905
7.1119 1.22656
6.96301 1.44679
6.8101 1.68275
6.64339 1.91403
6.80415 1.91659
6.64525 2.13375
6.49456 2.33993
6.65671 2.32304
6.49121 2.5177
6.35999 2.50755
6.29929 2.71206
6.48461 2.67731
6.38456 2.85449
6.20444 2.92811
6.03277 3.08217
6.2732 3.04076
6.06728 3.24523
5.8312 3.45944
6.13927 3.36565
5.98142 3.53198
5.70873 3.65014
5.5511 3.62407
5.48832 3.74667
5.34856 3.86782
5.2296 4.00201
5.44259 3.93976
6.16531 3.50853
6.01599 3.5979
5.84482 3.70473
6.14145 3.444
6.23981 3.39628
6.32202 3.30365
6.49001 3.21375
6.7519 2.80404
6.85373 2.68039
6.712 2.73434
6.62591 2.89669
6.55651 2.85955
6.4619 2.99773
6.44739 2.91075
6.57283 2.7396
6.3318 3.17753
6.54998 3.04709
6.76652 2.55934
6.85884 2.55852
6.89851 2.43856
6.98144 2.42032
7.00891 2.29203
6.87186 2.34647
7.0172 2.15824
7.11432 2.1237
7.13246 1.99304
7.25811 1.94076
7.21795 1.85383
7.28991 1.7549
7.27549 1.69482
7.16923 1.83205
7.24279 1.63423
7.11751 1.73873
7.25813 1.48353
7.2009 1.44273
7.31418 1.19137
7.35878 1.30173
7.41349 1.0653
7.47848 1.08046
7.50856 0.812821
7.41955 0.896906
7.48847 0.673866
7.43466 0.701161
7.33726 0.899721
7.41416 0.590789
7.51729 0.458874
7.50273 0.312926
7.39793 0.366016
7.55351 0.0133016
7.40597 0.0814615
7.5049 -0.152265
7.40158 -0.223858
7.27418 0.0851636
7.25064 -0.116224
7.15752 0.0578633
7.39464 -0.46718
7.52672 -0.562318
7.53915 -0.345672
7.63903 -0.517509
7.59682 -0.280191
7.65673 -0.394271
7.67055 -0.275835
7.685 -0.086288
7.5977 0.175226
7.68497 0.0984909
7.75888 -0.11157
7.76674 -0.389858
7.86235 -0.460034
7.85975 -0.611525
7.92796 -0.712085
7.91069 -0.830538
7.75924 -0.733919
7.72293 -0.498689
7.67688 -0.797914
7.80233 -0.961577
7.74511 -1.08664
7.78934 -1.37676
7.68611 -1.23296
7.58844 -0.926782
7.70827 -1.54084
7.57212 -1.58553
7.65607 -1.85272
7.70453 -2.11033
7.79881 -1.86031
7.74044 -2.298
7.69109 -2.46918
7.77109 -2.52777
7.66193 -2.59617
7.82153 -1.61751
7.43954 -0.686554
7.98674 -0.933489
7.9934 -0.7445
8.04659 -1.03175
8.02729 -0.703649
7.91762 -0.420452
7.83704 -0.202318
7.85099 -0.0605572
7.76804 0.0640488
7.69539 0.238966
7.72638 0.281023
7.63402 0.552821
7.58515 0.506623
7.61893 0.291046
7.55631 0.881157
7.60727 0.832915
7.68908 0.572273
7.75448 0.280476
7.76622 0.400516
7.80797 0.193292
7.89083 -0.0151643
7.91516 -0.268739
7.97592 -0.299904
7.97231 -0.0682787
7.8172 0.271657
7.726 0.571104
7.68303 0.794692
7.58596 1.07776
7.52673 1.34114
7.47801 1.31089
7.52617 1.08514
7.43612 1.25897
7.36184 1.4782
7.38667 1.54781
7.30623 1.48867
8.34307 -1.89463
8.32546 -1.80165
8.30929 -1.7486
7.80198 0.327251
8.04365 -0.681128
7.99117 -0.478184
8.02299 -0.445694
7.22269 1.19533
7.07187 1.53082
6.94737 1.88467
6.92707 1.70597
6.7964 2.11344
6.90302 2.09613
6.80803 2.26761
6.66679 2.50068
6.94046 2.15463
6.99326 1.98852
7.06249 1.99205
5.66923 3.87174
5.57878 3.80155
5.15666 3.37404
4.70879 3.2703
4.80195 3.08185
6.41345 -2.77797
6.30483 -2.80598
6.35569 -2.94354
5.55109 -2.79619
5.45524 -2.87072
5.39072 -2.98584
5.45165 -2.62979
5.17328 -0.951673
5.06884 -1.22007
4.01734 -4.48321
4.18766 -4.4274
4.06345 -4.30574
3.85401 -4.36548
3.87208 -4.2404
3.96265 -4.06524
3.75966 -4.13591
3.68533 -4.24361
3.51299 -4.06787
3.70254 -3.99661
3.76157 -3.83299
4.0041 -3.80177
3.8181 -3.63258
4.21362 -3.72889
4.20555 -3.94923
4.35785 -3.85298
4.40277 -3.68521
4.43739 -3.50037
4.57305 -3.61805
4.52018 -3.82313
4.55841 -3.37938
4.40386 -3.99749
4.23073 -4.14869
4.29248 -4.30686
3.43237 -4.20968
3.35657 -4.29474
3.12081 -4.14515
3.19039 -4.28963
2.88604 -4.09716
3.27075 -4.06651
1.63904 -1.6998
1.36699 -1.49306
2.3001 -3.03173
2.52607 -3.02101
2.64679 -2.90646
1.5627 -2.83913
1.4127 -2.5575
1.33283 -0.484394
1.08223 0.0900474
1.09142 0.41201
1.24869 0.4127
1.50961 -0.112805
0.688317 0.824783
0.618622 2.19035
0.442286 2.48468
0.426081 2.64748
0.365631 2.7493
0.475792 2.77718
0.482012 2.90447
0.531138 3.21701
0.660402 3.32576
0.496902 3.0587
-0.0116682 1.46161
0.0271559 1.53804
0.0306444 1.71622
0.0840225 1.63915
0.107111 1.80024
0.0641241 1.88394
0.14099 1.62503
0.0700922 1.4704
0.00907993 -1.46025
0.0127239 -1.60533
0.0571795 -1.65305
0.0851727 -1.52893
0.123837 -1.76344
0.183139 -1.89507
0.154613 -1.92495
0.102458 -1.82511
0.194434 -2.05075
0.21372 -2.02319
0.24437 -2.16366
0.241008 -2.1078
0.294154 -2.29733
0.280011 -2.2826
0.342121 -2.43245
0.296603 -2.36021
8.01581 -2.18573
8.0744 -2.09215
8.0124 -1.98849
8.06176 -1.87675
8.03675 -1.65972
8.27512 -1.46331
4.87433 4.14735
7.47848 1.08046
7.72638 0.281023
