-2.14746 -7.11692
-2.10018 -6.56464
-2.06171 -6.25994
-2.01688 -5.93072
-1.87612 -5.029
-1.78108 -4.64428
-1.50399 -3.78683
-0.876965 -2.82152
-0.521422 -2.52528
0.419924 -1.82856
1.46352 -1.59576
1.80541 -1.52828
2.36651 -1.53663
2.98111 -1.5693
4.03105 -1.8138
4.36358 -1.9058
4.52057 -1.99137
4.67132 -2.08424
5.60529 -4.17159
5.94729 -5.11388
6.29372 -6.56707
6.30919 -6.80193
6.18967 -7.98463
5.88114 -9.92683
5.56414 -11.0902
5.30268 -11.4417
5.06624 -11.723
4.86752 -11.8826
4.64325 -11.9979
4.1857 -12.0522
3.96181 -12.0494
1.66284 -11.9931
-0.405521 -11.869
-0.810257 -11.8345
-1.21113 -11.765
-1.94271 -11.435
-2.01595 -11.3008
-2.22294 -10.0746
-2.22675 -9.8728
-2.22864 -9.72093
-2.23039 -9.21355
-2.22896 -8.16832
-2.16069 -7.27904
