-5.68704 -2.5893
-5.50718 -1.77058
-5.29072 -0.979946
-5.0779 -0.260381
-4.80631 0.552072
-4.72168 0.776267
-4.41725 1.38669
-4.31406 1.55844
-3.7509 2.02205
-3.57413 2.13258
-3.10033 2.28809
-1.92432 2.4012
-1.0248 2.39032
0.0819068 2.35205
0.920675 2.05382
1.78774 1.62663
2.60475 0.868348
2.80264 0.603767
2.93438 0.375767
3.04343 0.15701
3.61562 -1.03232
3.95651 -2.03167
4.07288 -2.55832
4.31806 -4.18948
4.45807 -5.62027
4.55897 -6.7362
4.49874 -6.85767
4.41829 -6.98762
4.28603 -7.19155
4.18385 -7.28688
4.02215 -7.33472
-0.510763 -7.80228
-2.25874 -7.85084
-2.49439 -7.84846
-2.69682 -7.84106
-2.88285 -7.83248
-4.89653 -7.44279
-4.97946 -7.42462
-5.03631 -7.4081
-5.1221 -7.35625
-5.1485 -7.33348
-5.22032 -7.26392
-5.2837 -7.19451
-5.30139 -7.16824
-5.37534 -7.04329
-5.44516 -6.88355
-5.52571 -6.69746
-5.59798 -6.46057
-5.68373 -6.02081
-5.717 -5.81812
-5.80636 -5.17297
-5.78755 -3.91857
