-7.32947 -2.37787
-7.30575 -2.06595
-7.29183 -1.958
-7.06784 -0.972269
-6.82664 -0.217058
-6.74299 0.00971044
-6.30697 0.962201
-5.86203 1.85672
-5.67205 2.08241
-4.92682 2.62743
-4.64763 2.75172
-4.23825 2.87306
-4.02581 2.92638
-2.49172 3.19026
-1.81653 3.19442
-0.917105 3.18963
-0.669868 3.17216
-0.517808 3.1242
-0.0766809 2.97252
0.0834012 2.89107
0.39601 2.65917
0.655376 2.44361
0.901505 2.04763
1.00376 1.86738
1.48764 0.861428
1.70728 0.357255
2.23127 -0.956593
2.36614 -1.33945
2.48243 -1.87937
2.58154 -2.44965
2.63678 -2.8205
2.78002 -3.90258
2.79584 -4.57368
2.80082 -4.90738
2.79295 -5.09844
2.76582 -5.20272
2.68397 -5.50829
2.64733 -5.64364
2.54913 -5.92967
2.41624 -6.17357
2.21927 -6.41622
2.12037 -6.52465
2.01789 -6.61666
1.84709 -6.74474
1.62327 -6.87158
1.26406 -7.00905
1.05814 -7.04474
-1.42818 -7.45244
-1.91963 -7.48957
-2.10223 -7.50325
-2.16521 -7.50045
-5.0491 -7.20337
-6.46675 -7.05239
-6.68365 -7.00693
-6.83162 -6.96426
-6.95495 -6.89326
-7.20259 -6.6786
-7.32986 -5.38137
-7.41559 -3.82902
-7.40666 -3.62526
-7.38297 -3.18736
