-5.80288 -2.68008
-5.78659 -2.4926
-5.75429 -2.30194
-5.66687 -1.8545
-5.62204 -1.69472
-4.40127 0.747192
-3.70819 1.74101
-3.11251 2.23369
-2.96588 2.35388
-2.63538 2.55349
-2.25293 2.7042
-1.68146 2.88397
-1.49835 2.90761
-1.31975 2.92572
-1.14102 2.92532
-0.976255 2.87777
-0.376183 2.34947
-0.278861 2.25157
-0.188138 2.12627
0.510355 0.815316
0.607125 0.584651
0.903798 -0.193222
1.25596 -1.29777
1.32815 -1.7389
1.37297 -2.32477
1.39449 -2.64638
1.4148 -2.97485
1.40252 -3.63966
1.38296 -3.97033
1.30517 -4.5656
1.26648 -4.71195
1.20945 -4.85349
1.00189 -5.30974
0.945588 -5.42178
0.922639 -5.45958
0.85078 -5.56099
0.798256 -5.6316
0.702053 -5.75106
0.566283 -5.88169
0.430542 -5.99081
0.239104 -6.12631
-0.0680189 -6.27514
-0.205272 -6.34116
-0.584794 -6.49663
-1.07996 -6.55685
-1.72909 -6.5361
-4.31343 -6.41077
-4.63201 -6.37024
-4.78076 -6.33963
-4.99453 -6.28309
-5.20868 -6.1861
-5.30951 -6.10571
-5.40607 -6.02161
-5.53668 -5.88537
-5.59982 -5.79961
-5.6745 -5.68891
-5.77947 -5.44172
-5.90263 -5.14462
-5.91238 -3.96084
