0.323133 1.41635
0.228427 1.25039
0.11939 1.1274
-0.0266104 0.967545
-0.204146 0.570366
-0.138185 0.716048
-0.14871 0.542014
-0.016634 0.78229
0.0752153 0.971723
0.192464 1.10315
0.116729 0.894076
0.283301 1.09049
0.325956 1.28985
0.466368 1.3651
0.442921 1.49721
0.596317 1.6316
0.518941 1.66326
0.64872 1.82023
0.498902 1.75085
0.4193 1.57912
0.558711 1.90855
0.715078 2.06572
0.916623 2.26553
1.11209 2.49305
1.31107 2.70226
1.90485 3.21333
1.64678 3.06465
1.53535 2.90342
1.87701 3.06871
2.13268 3.20967
2.24126 3.32509
2.38286 3.27511
2.48148 3.36012
2.66843 3.39697
2.92441 3.38968
3.21878 3.32325
3.51906 3.22383
3.23388 3.16493
2.96697 3.26967
2.75192 3.32145
2.74967 3.21437
2.55169 3.23401
2.58225 3.33055
2.23372 3.12526
2.53648 3.04629
2.15551 2.9532
1.96522 2.98988
1.82501 2.81566
1.74467 2.91885
1.5475 2.76532
1.33197 2.5679
1.55821 2.6181
1.3462 2.40907
1.11848 2.3355
1.1334 2.13308
0.864666 2.0547
0.944524 1.9584
0.781352 1.8294
0.652896 1.92672
0.890144 1.78631
0.730053 1.62625
0.607119 1.51056
0.60228 1.35839
0.400155 1.08229
0.540081 1.13165
0.659878 1.19149
0.774813 1.47988
0.823543 1.29739
0.967854 1.65168
0.846607 1.6528
1.03059 1.90898
1.18746 1.9373
1.39921 2.22625
1.39506 1.93193
1.57847 2.20545
1.6039 2.39023
1.53463 2.46523
1.77458 2.58429
2.05115 2.76553
2.0011 2.60951
2.22359 2.66454
2.31737 2.85895
2.38255 2.76777
2.52784 2.82539
2.82198 2.87054
2.90208 3.11686
3.10125 3.01198
3.36681 3.0094
3.59362 3.07049
3.6956 2.82749
3.95708 2.95752
4.22495 2.70588
4.29742 2.89659
4.10531 3.04228
4.33691 2.99183
5.09396 2.77832
5.33422 2.67741
8.01211 -0.902347
7.93224 -0.656665
7.95079 -0.815009
7.90615 -0.62216
7.88497 -0.722927
7.81703 -0.45901
7.82197 -0.609638
7.73517 -0.415752
7.77652 -0.549262
7.71535 -0.521522
7.79081 -0.679132
7.72774 -0.671659
7.81091 -0.879095
7.88014 -0.87254
7.87983 -1.12159
7.7963 -1.14899
7.70903 -0.819377
7.66483 -1.06624
7.5814 -0.709318
7.53573 -0.930644
7.44493 -0.61732
7.39839 -0.918433
7.29305 -0.525108
7.25703 -0.740302
7.15999 -0.494
7.15025 -0.792612
7.03239 -0.534977
7.05199 -0.275458
6.91715 -0.244095
6.97983 0.00237929
6.82115 0.0947388
6.89276 0.333548
7.04306 0.232122
6.9669 0.524019
7.07769 0.42848
7.04547 0.663117
7.19022 0.486767
7.12863 0.760893
7.2553 0.670159
7.14392 0.962781
6.97657 0.956452
6.90627 1.262
6.79616 1.20309
6.80684 0.979862
6.67427 1.20545
6.64984 0.993682
6.52212 1.26129
6.45598 1.02539
6.6233 0.743011
6.80248 0.688581
6.7311 0.440949
6.59248 0.541119
6.49942 0.74023
6.46616 0.537438
6.61917 0.231879
6.39652 0.27645
6.32086 0.581684
6.32878 0.833092
6.18825 0.735947
6.10187 0.99974
5.97727 0.756768
6.18927 0.505688
6.01535 0.444626
6.19388 0.20648
5.94479 0.156336
5.74097 0.556608
5.6127 0.213318
5.8003 -0.142813
5.46434 -0.157546
5.74462 -0.53252
5.44182 -0.699839
5.1856 -0.326462
5.13095 0.0440759
4.98442 -0.145414
4.84429 0.0944016
4.79677 -0.216018
4.55666 -0.0194187
4.62527 0.355666
4.34115 0.282349
4.40602 0.559075
4.17216 0.53191
4.27785 0.91041
4.01647 0.707976
3.91353 0.467188
3.80103 0.706468
3.92843 0.939107
3.73446 0.913129
3.76528 1.14502
3.57494 1.0277
3.62097 0.773102
3.41182 0.776791
3.60884 0.460897
3.21948 0.356816
3.49556 0.00825819
3.83213 0.150588
4.08172 0.251024
4.02281 0.0761239
4.21949 -0.0246457
3.97048 -0.0893305
4.11328 -0.329973
4.43798 -0.385559
4.64353 -0.298752
4.77965 -0.595052
4.97165 -0.386964
5.10795 -0.684836
4.97846 -0.974434
5.27017 -1.14614
5.54216 -1.11387
5.75262 -0.985649
5.68902 -1.28339
5.5385 -1.466
5.73486 -1.50321
5.68552 -1.7078
5.53513 -1.82451
5.29633 -1.6771
5.42738 -2.24699
5.01616 -1.97009
4.95496 -1.40022
4.65283 -1.66631
4.72982 -2.04246
4.50508 -1.91666
4.26676 -1.69349
4.35976 -1.3258
3.9624 -1.41884
4.08397 -1.12139
4.29748 -0.973739
4.0141 -0.8427
3.75232 -1.0444
3.75186 -0.71966
3.39829 -0.771902
3.42001 -1.13202
3.0016 -1.10679
3.32075 -1.44062
2.93596 -1.47736
2.74637 -1.33757
2.71705 -1.49316
2.51003 -1.44563
2.62847 -1.18011
2.31652 -1.14335
2.2112 -1.50542
1.93666 -1.3997
2.0501 -0.907837
1.73292 -1.07748
1.86776 -0.661292
1.55597 -0.793165
1.76894 -0.425402
2.01222 -0.285895
1.88232 -0.0873052
1.58657 -0.294303
1.78437 0.112946
2.05304 0.324882
1.86046 0.527437
1.57348 0.101287
1.5715 0.453817
1.34359 0.0748145
1.36177 0.377094
1.50958 0.757992
1.78912 0.877409
1.71691 1.11019
1.5365 1.11918
1.35347 0.816632
1.30105 1.03966
1.15993 0.642955
1.06168 0.858156
1.20104 1.23864
1.04335 1.07902
0.896796 0.884891
0.890726 0.615462
0.749506 0.538547
0.793203 0.317829
0.971704 0.487104
0.881434 0.156622
1.04391 0.358324
1.14562 0.4462
1.25673 0.490897
1.12128 0.299574
1.14109 0.103959
1.01093 0.134473
0.996562 -0.0083323
0.895489 -0.0448177
0.804631 -0.0584514
0.771772 -0.259179
0.954293 -0.18016
0.845274 -0.522608
1.10749 -0.29369
1.33477 -0.269781
1.17286 -0.499156
1.01029 -0.73598
1.27723 -0.690377
1.07759 -1.04824
1.26373 -1.20166
1.48897 -1.23946
1.34862 -1.65419
1.14418 -1.6134
1.13617 -2.03508
0.991978 -1.78524
1.01518 -1.42846
0.780341 -1.74626
0.857612 -1.21177
0.695301 -1.46779
0.663692 -1.20118
0.781726 -0.890882
0.638099 -0.959325
0.700545 -0.740991
0.59499 -0.795543
0.497479 -1.04078
0.481786 -0.702671
0.660175 -0.561042
0.599113 -0.36342
0.447036 -0.374363
0.564199 -0.225536
0.539704 -0.110583
0.689418 -0.0486844
0.604634 0.185778
0.410058 -0.0750337
0.489929 0.211891
0.397102 0.140304
0.30644 -0.00602457
0.255814 -0.21773
0.276441 -0.428835
0.291296 -0.730953
0.143064 -0.735429
0.137792 -0.452908
0.00820398 -0.755435
0.0107269 -0.46572
-0.144356 -0.781687
-0.104684 -0.433889
-0.258898 -0.672355
-0.247438 -0.891875
-0.322293 -0.977967
-0.260602 -1.146
-0.387549 -1.26946
-0.439598 -0.942363
-0.536108 -1.42302
-0.47309 -1.62028
-0.590447 -1.77834
-0.683978 -1.71542
-0.630415 -1.44733
-0.715365 -1.5465
-0.798387 -1.79074
-0.779095 -1.58089
-0.722915 -1.39053
-0.781217 -1.45221
-0.761823 -1.27824
-0.848277 -1.45029
-0.844908 -1.19201
-0.382603 -0.0832928
-0.332653 0.159253
-0.255049 0.102644
-0.164061 0.3433
-0.254765 0.350158
-0.0149727 0.634513
-0.025455 0.454002
-0.151581 0.183856
-0.0583735 0.279072
-0.12668 0.117464
-0.182398 0.0434274
-0.189109 -0.0784635
-0.0234346 0.113272
-0.162959 -0.276233
-0.345476 -0.427626
-0.271118 -0.0742621
-0.387853 -0.271874
-0.471328 -0.479061
-0.490301 -0.29739
-0.58517 -0.502685
-0.56873 -0.31232
-0.641762 -0.70774
-0.560153 -0.696337
-0.64428 -0.892811
-0.551129 -0.925366
-0.471434 -0.689547
-0.572142 -1.20291
-0.652243 -1.15373
-0.656678 -1.34556
-0.738762 -1.05776
-0.0440469 -0.16814
0.0623412 0.00171338
0.0975728 0.195668
0.170301 0.423855
0.194656 0.222972
0.354602 0.569617
0.332323 0.24561
0.488445 0.557605
0.552701 0.885279
0.434311 0.90578
0.556942 1.0418
0.700876 1.04846
0.648798 0.796005
0.805076 1.02258
1.01877 1.31893
0.736906 0.746895
0.596474 0.481612
0.460507 0.327592
0.293577 0.690661
0.301571 0.835529
0.210036 0.647125
0.168575 0.773768
0.0701213 0.460437
0.157488 -0.114061
0.0138969 -0.239984
-0.952007 -1.85827
-0.906174 -1.75732
-0.868398 -1.63525
-0.842687 -1.71224
-0.819385 -1.56847
-0.891009 -1.87701
-0.876423 -2.03486
-0.804161 -1.9945
-0.880846 -2.18599
-0.958716 -2.23952
-0.954195 -2.02458
-1.0111 -2.14229
-1.06119 -2.32299
-0.995245 -2.4835
-0.91031 -2.41061
-0.953869 -2.688
-0.855589 -2.65046
-0.777559 -2.40621
-0.723179 -2.61892
-0.63168 -2.3372
-0.69326 -2.18125
-0.602256 -2.10993
-0.625603 -1.99865
-0.538583 -1.90751
-0.699629 -1.98624
-0.518989 -2.09699
-0.433465 -1.83231
-0.354198 -1.52103
-0.338781 -1.79955
-0.236193 -1.48572
-0.11128 -1.12433
-0.128239 -1.51307
-0.0130997 -1.24582
0.0271006 -0.983656
0.131127 -1.0923
0.00799417 -1.54007
0.166394 -1.3666
0.313236 -1.09697
0.253823 -1.42895
0.379643 -1.36805
0.517269 -1.29509
0.580031 -1.11853
0.567338 -1.49492
0.420138 -1.567
0.487061 -1.74134
0.607978 -1.69621
0.506152 -2.03383
0.688854 -2.24102
0.902177 -2.13161
0.818134 -2.4773
0.651858 -2.6249
0.844386 -2.87102
1.02751 -2.51913
1.091 -2.968
1.21439 -2.73277
1.22395 -2.41523
1.35919 -2.14367
1.41773 -2.62594
1.56501 -2.25102
1.51411 -1.88822
1.75386 -1.90201
1.61107 -1.51586
2.05524 -1.8012
1.96428 -2.17983
1.75904 -2.31024
1.91745 -2.58174
1.66685 -2.6269
1.79994 -2.88819
1.60574 -3.05614
1.85479 -3.19243
2.0048 -2.92751
2.10473 -3.22406
1.9576 -3.44749
2.17569 -3.51008
1.9929 -3.70853
2.27646 -3.79208
2.05906 -4.0121
2.29318 -4.11639
2.56733 -3.9913
2.55273 -3.5961
2.34969 -3.55238
2.42493 -3.27289
2.64772 -3.35307
2.85104 -3.42174
2.7583 -3.10347
3.01251 -3.09351
2.92958 -2.93353
3.06821 -2.75317
2.82506 -2.81613
2.74806 -2.47047
2.57056 -2.86402
2.38133 -2.61216
2.41424 -2.32368
2.16643 -2.41041
2.13993 -2.69491
2.26705 -2.93452
2.23997 -2.0866
2.56359 -2.06702
2.36463 -1.76784
2.72925 -1.72439
2.92816 -2.06363
3.14105 -1.78489
3.17898 -2.04721
3.18741 -2.33263
3.42196 -2.03964
3.48976 -2.34969
3.70383 -2.21368
3.73701 -1.87546
3.96831 -2.1241
4.03135 -1.83771
4.28079 -2.06414
4.03706 -1.64763
3.88591 -1.6642
3.66505 -1.56865
3.46054 -1.73505
3.6241 -1.31662
4.15278 -2.39819
4.45168 -2.3726
4.54285 -2.13793
4.69432 -2.31142
4.88669 -2.26076
4.83984 -2.49782
5.08325 -2.4892
4.82774 -2.85868
5.14154 -2.83357
5.34037 -2.74727
5.59771 -2.79132
5.43638 -3.09884
5.68279 -3.27305
5.42371 -3.46575
5.60687 -3.73522
5.88221 -3.60185
5.90752 -3.2822
6.02616 -3.42316
6.06037 -3.1802
5.8835 -2.92353
6.10442 -2.90541
6.27232 -3.13158
6.16511 -3.3948
6.34277 -3.57679
6.51499 -3.26633
6.44418 -2.85377
6.64369 -2.94074
6.73765 -3.33354
6.81395 -3.01613
6.95865 -3.32108
6.94204 -2.81747
6.76839 -2.63117
6.91778 -2.35264
7.04888 -2.60905
7.0805 -2.32016
7.17402 -2.59284
7.12371 -2.95372
7.25734 -2.82053
7.28904 -3.12133
7.38091 -2.86556
7.30634 -2.56263
7.44621 -2.55798
7.34398 -2.23496
7.50316 -2.17832
7.34637 -1.8722
7.43859 -1.79568
7.35263 -1.54175
7.2088 -1.53921
7.21641 -1.95011
7.06657 -1.72783
7.11615 -2.05826
6.99796 -2.02054
7.20895 -2.28609
6.93977 -1.75278
6.85996 -1.93156
6.70865 -2.1225
6.75046 -1.73658
6.60832 -1.67415
6.73222 -1.34601
6.52653 -1.22587
6.44265 -1.5826
6.47358 -2.02755
6.28204 -1.73489
6.29344 -1.25468
6.08066 -1.45041
6.10144 -1.85629
5.88383 -1.71787
5.85881 -1.34567
5.96795 -1.14094
5.99269 -0.823527
5.98559 -0.447597
6.14671 -0.666898
6.17846 -0.409599
6.0236 -0.176574
6.18558 -0.101089
6.34025 -0.357041
6.39541 -0.0932838
6.54199 -0.0718918
6.50393 -0.200429
6.55231 -0.449181
6.73522 -0.220978
6.75681 -0.582716
6.8885 -0.54361
6.85613 -0.812348
7.00861 -0.892099
6.88533 -1.15969
6.71861 -0.900841
6.64069 -1.08769
6.56588 -0.883979
6.35668 -0.766266
6.1893 -0.920448
6.11446 -1.1144
6.85303 -1.39762
6.9416 -1.48763
7.04918 -1.31718
6.84548 -1.6052
7.16666 -1.13125
7.27786 -1.00895
7.27997 -1.28685
7.37874 -1.25098
7.49054 -1.26044
7.50537 -1.07962
7.5929 -1.24276
7.5841 -1.57251
7.46542 -1.54154
7.5444 -1.84543
7.61926 -1.83701
7.68709 -1.77987
7.65212 -1.49624
7.72862 -1.53915
7.66863 -1.33196
7.73385 -1.3142
7.80251 -1.48224
7.8797 -1.38102
7.90009 -1.67614
7.80419 -1.80754
7.90214 -1.99068
7.83166 -2.08922
7.76063 -2.0278
7.7941 -2.28614
7.90111 -2.27924
7.84264 -2.5694
7.94704 -2.48721
8.00559 -2.21684
8.00325 -2.58847
7.93479 -2.77372
8.00616 -2.83168
7.96453 -3.04637
8.04654 -3.01466
8.06996 -2.75643
8.08338 -2.45342
8.06627 -2.18665
8.03655 -1.88986
7.96511 -1.83173
8.00389 -1.64304
8.01594 -1.55282
7.97277 -1.41226
7.96526 -1.54389
7.91183 -1.32148
7.95818 -1.15145
8.03531 -1.25663
7.95407 -0.971198
8.00084 -1.01594
8.05983 -1.12456
8.0767 -1.254
8.08693 -1.37227
5.61373 -5.82889
5.36618 -5.81727
5.46799 -6.01347
5.244 -5.99949
5.31946 -6.13475
5.09502 -6.15881
5.2524 -6.26335
5.49783 -6.21994
5.35326 -6.32206
5.484 -6.39906
5.69725 -6.33584
5.66977 -6.45552
5.84509 -6.45382
5.92103 -6.34095
5.81194 -6.22274
5.98242 -6.21767
5.90909 -6.1051
6.13103 -6.09509
6.1252 -6.29412
6.33527 -6.23102
6.26936 -6.36729
6.09906 -6.45137
6.31116 -6.46223
6.44792 -6.35256
6.49312 -6.47114
6.31679 -6.56587
6.51985 -6.56446
6.41541 -6.66609
6.68299 -6.60806
6.56051 -6.71737
6.42951 -6.72655
6.45382 -6.76422
6.29861 -6.73421
6.29198 -6.78978
6.09925 -6.73837
6.12419 -6.65251
5.93656 -6.69175
5.91785 -6.72905
6.04179 -6.77166
5.8137 -6.74547
5.95042 -6.7851
6.19108 -6.7813
6.11997 -6.75696
5.88074 -6.74683
6.09018 -6.75257
5.97055 -6.74279
6.18848 -6.7478
6.30644 -6.76041
6.36336 -6.75897
6.29971 -6.73583
6.11735 -6.73613
6.15654 -6.7177
6.33383 -6.70052
6.47872 -6.73317
6.46633 -6.75188
6.6362 -6.74929
6.55199 -6.77059
6.81528 -6.7841
6.81028 -6.74037
6.69988 -6.73077
6.73355 -6.71438
6.62504 -6.71419
6.69285 -6.64596
6.84113 -6.6814
6.84083 -6.57309
6.72118 -6.55188
6.56651 -6.53199
6.51334 -6.67288
6.36172 -6.61614
6.18863 -6.66073
6.21145 -6.5741
6.32102 -6.44511
6.12789 -6.49251
6.03393 -6.59334
5.94341 -6.45556
5.83225 -6.55886
5.8839 -6.6476
6.01605 -6.69238
5.83661 -6.69589
5.98068 -6.72344
5.79716 -6.71932
5.76642 -6.74046
5.58988 -6.70667
5.62116 -6.73835
5.67336 -6.74082
5.42081 -6.73226
5.42133 -6.69889
5.60618 -6.70727
5.40519 -6.64697
5.70042 -6.66584
5.40417 -6.54149
5.66027 -6.58457
5.85136 -6.62907
5.75931 -6.53723
5.96437 -6.55638
6.14203 -6.55654
6.21714 -6.51817
5.59516 -6.50648
5.16214 -6.40746
5.08048 -6.53215
5.09784 -6.61726
4.89354 -6.57349
4.80091 -6.62744
4.90405 -6.67169
4.68558 -6.66916
4.72868 -6.71362
4.44372 -6.69395
4.50331 -6.73949
4.68581 -6.77746
4.96598 -6.7471
4.84248 -6.77136
5.14402 -6.74399
4.9299 -6.74725
5.06418 -6.74477
4.90746 -6.74543
5.06485 -6.73872
5.22676 -6.72328
5.131 -6.70487
4.94557 -6.73904
4.97728 -6.72187
4.99401 -6.70203
4.80634 -6.72832
4.81567 -6.67278
4.58497 -6.6978
4.53007 -6.74677
4.7393 -6.75132
4.65051 -6.78018
4.54611 -6.75856
4.42117 -6.76601
4.35267 -6.75431
4.18203 -6.762
4.35108 -6.79081
4.16522 -6.80062
4.28216 -6.79558
4.22544 -6.79284
4.0421 -6.80046
4.27733 -6.7513
4.44325 -6.79525
4.10395 -6.7186
4.31702 -6.61081
4.57271 -6.63361
4.65055 -6.58058
4.52182 -6.52044
4.81375 -6.49284
4.5648 -6.4315
4.82069 -6.36512
5.04934 -6.29665
4.89108 -6.24852
4.82061 -6.11178
5.02597 -6.00405
5.1195 -5.8368
4.41568 -6.07275
4.04328 -6.06095
4.03406 -6.2274
4.36101 -6.32765
4.65275 -6.2564
4.5978 -6.35018
4.28767 -6.48428
3.97814 -6.42098
4.0144 -6.57084
4.00947 -6.66594
3.76956 -6.65808
3.74336 -6.54399
3.55546 -6.61437
3.50247 -6.69517
3.67832 -6.73421
3.46654 -6.7526
3.59995 -6.79118
3.37368 -6.79965
3.43441 -6.8261
3.58193 -6.81638
3.79501 -6.81228
3.73708 -6.77797
3.96874 -6.79825
3.90644 -6.75069
4.10779 -6.74537
3.80592 -6.76352
3.62232 -6.73732
3.5593 -6.74992
3.53717 -6.7567
3.78668 -6.73417
3.59749 -6.71348
3.73447 -6.67212
3.5162 -6.63901
3.6709 -6.58043
3.4498 -6.52161
3.62969 -6.46876
3.46867 -6.37425
3.76141 -6.31449
3.83287 -6.49371
4.01539 -6.39937
4.08312 -6.53684
3.88834 -6.60865
4.08278 -6.62941
3.94988 -6.68868
4.13821 -6.68433
4.06198 -6.72302
4.33101 -6.69947
4.25977 -6.65096
4.42588 -6.66101
4.3757 -6.6017
4.21632 -6.5921
4.31811 -6.53972
4.27079 -6.42182
4.50634 -6.48269
4.46293 -6.37918
4.36927 -6.30308
4.58167 -6.26645
4.60508 -6.40184
4.78004 -6.37168
4.86957 -6.19329
4.99887 -6.35434
4.91966 -6.48217
5.13303 -6.43102
5.12156 -6.5245
5.28231 -6.47159
5.25225 -6.54826
5.38413 -6.52558
5.28592 -6.59822
5.42975 -6.59152
5.30744 -6.65551
5.46977 -6.64428
5.31297 -6.67825
5.40353 -6.67899
5.65467 -6.68362
5.56129 -6.6179
5.69995 -6.62014
5.55103 -6.54406
5.63697 -6.56294
5.65795 -6.5192
5.76648 -6.45613
5.63075 -6.42202
5.69748 -6.37708
5.54221 -6.31388
5.47921 -6.44336
5.29977 -6.35245
5.37554 -6.20616
5.59213 -6.14331
5.41842 -6.06298
5.5364 -5.89898
5.33136 -5.93383
5.24439 -6.07968
5.13892 -5.89225
5.31214 -5.68823
4.98736 -5.58164
4.89451 -5.92699
4.67922 -5.72344
4.66624 -5.29553
4.98871 -5.18981
4.85496 -4.89049
5.21127 -4.88779
5.2236 -5.33031
5.42396 -5.18466
5.45148 -4.94763
5.63947 -5.07226
5.60865 -5.41301
5.83583 -5.35123
5.86003 -5.08989
6.05185 -5.23302
6.009 -4.9281
5.78223 -4.86415
5.88189 -4.57276
5.54287 -4.66568
5.68417 -4.35038
5.86505 -4.19228
5.65476 -4.07329
5.80639 -3.90767
6.01134 -3.93504
6.11428 -3.64595
6.24769 -3.93546
6.44379 -3.91225
6.40741 -4.21603
6.14436 -4.31512
6.42737 -4.62949
6.15782 -4.70952
6.31951 -5.09757
6.65917 -5.01426
6.68393 -4.63848
6.57325 -4.38614
6.7353 -4.31956
6.87929 -4.60904
6.91626 -4.14649
6.74588 -4.00189
6.85734 -3.69807
7.04712 -3.74124
6.95704 -3.59119
7.16476 -3.38212
7.20961 -3.68111
7.32201 -3.48326
7.45116 -3.22855
7.45714 -3.62379
7.55348 -3.43675
7.59441 -3.18461
7.64711 -3.44804
7.70398 -3.19307
7.65173 -2.89845
7.52015 -2.89142
7.58253 -2.58573
7.72102 -2.56953
7.6214 -2.37342
7.65932 -2.12198
7.76822 -2.93328
7.79851 -2.72699
7.841 -2.81837
7.86525 -3.07535
7.78707 -3.22263
7.83893 -3.4591
7.91536 -3.29259
8.00858 -3.3299
7.91664 -3.59961
7.9835 -3.74873
7.97398 -4.16037
7.91057 -4.49352
7.87882 -4.67971
7.87491 -4.71206
7.78029 -5.03767
7.82826 -5.33521
7.82053 -5.56825
7.80306 -5.82965
7.62549 -6.35187
7.66446 -6.36782
7.72685 -6.30624
7.791 -6.22169
7.70285 -6.37085
7.69207 -6.36413
7.73641 -6.25356
7.81695 -6.08072
7.70183 -6.07842
7.71812 -5.83535
7.61986 -5.91883
7.68714 -5.68736
7.74971 -5.54539
7.70566 -5.41654
7.59685 -5.61024
7.66252 -5.11905
7.73318 -4.69424
7.84256 -4.38211
7.73353 -4.29043
7.82855 -3.89957
7.90656 -3.9381
7.91416 -4.11516
7.8908 -4.41454
7.7682 -3.69768
7.72342 -3.97878
7.69094 -3.71274
7.74858 -3.45562
7.58 -3.70459
7.61311 -3.99727
7.48117 -4.0231
7.5474 -4.29685
7.64571 -4.28514
7.5792 -4.62749
7.6689 -4.53653
7.64287 -4.7882
7.59667 -4.957
7.54242 -5.27401
7.51943 -4.94509
7.43993 -5.14215
7.42552 -4.69797
7.32721 -5.05888
7.27015 -4.74045
7.3308 -4.5566
7.36168 -4.31516
7.46573 -4.36363
7.32233 -3.89008
7.23036 -4.21314
7.18221 -3.9351
7.095 -4.16869
7.15664 -4.52185
7.27142 -4.47112
7.16277 -4.82784
7.22398 -5.0121
7.11397 -5.06602
7.21895 -5.31097
7.34684 -5.3871
7.25792 -5.59792
7.36169 -5.70089
7.43809 -5.43742
7.48432 -5.63401
7.50795 -5.85217
7.56586 -5.87064
7.52853 -6.02518
7.56142 -6.19528
7.46491 -6.1784
7.43918 -6.03084
7.42664 -5.8531
7.34558 -5.99106
7.36552 -6.19687
7.25995 -6.16012
7.24741 -6.36782
7.42238 -6.35589
7.28327 -6.5316
7.44178 -6.50875
7.52817 -6.37472
7.62752 -6.29851
7.56826 -6.43505
7.65659 -6.37528
7.60866 -6.46301
7.62652 -6.46492
7.52587 -6.53488
7.51667 -6.51772
7.43957 -6.60261
7.4532 -6.61806
7.55649 -6.5485
7.48236 -6.57532
7.62314 -6.44641
7.57047 -6.45614
7.4443 -6.52924
7.47955 -6.42079
7.56609 -6.32036
7.08737 -6.28783
7.25081 -6.3992
7.42863 -6.36078
7.29543 -6.45079
7.30277 -6.52745
7.18328 -6.51859
7.14499 -6.60084
7.14701 -6.65016
7.06846 -6.65667
7.01988 -6.6192
6.96759 -6.73726
6.78483 -6.70389
6.91041 -6.5684
6.90874 -6.45018
6.6917 -6.4665
6.88216 -6.28916
7.09804 -6.40097
6.9996 -6.48277
7.07778 -6.50177
6.65283 -6.33685
6.74142 -6.79639
6.83449 -6.81841
6.91412 -6.81573
7.05675 -6.77157
7.12747 -6.713
7.19293 -6.72774
7.11003 -6.78824
7.23459 -6.74868
7.11442 -6.79967
7.26296 -6.77575
7.1771 -6.76963
7.01148 -6.79952
6.98614 -6.76213
7.11947 -6.66504
7.30591 -6.64309
7.1252 -6.53988
7.08083 -6.61821
6.9973 -6.61885
6.9962 -6.45477
6.7739 -6.41471
6.94505 -6.24366
6.75851 -6.14466
6.54894 -6.30208
6.5412 -6.01657
6.29543 -6.17528
6.32472 -5.91097
6.18684 -6.01808
6.11326 -5.83524
5.99545 -6.08932
5.8035 -5.73286
5.7433 -6.01528
5.53816 -5.64852
5.42159 -5.45868
5.79292 -6.17679
5.89839 -6.29859
6.10164 -6.34099
5.80959 -6.38226
5.72462 -6.28604
6.0543 -5.53773
6.2739 -5.64272
6.22487 -5.39199
6.38856 -5.4482
6.49181 -5.70693
6.58542 -5.40776
6.76873 -5.77567
6.81607 -5.38628
6.92584 -5.06249
6.96496 -5.40678
7.07497 -5.35129
7.03412 -5.57086
7.14196 -5.6091
7.01723 -5.81198
7.20344 -5.91644
7.05222 -6.06915
7.12452 -6.25056
6.91853 -6.02621
6.9305 -5.60281
7.04514 -4.76223
6.79461 -4.83672
7.02039 -4.44598
7.12757 -6.41999
6.95372 -6.70576
7.34418 -6.70126
6.93924 -6.80939
6.7407 -6.80935
6.89317 -6.82453
7.01948 -6.82888
7.00402 -6.81215
6.7027 -6.8308
6.51277 -6.77224
6.42806 -6.79278
6.53901 -6.80209
6.61513 -6.76607
6.31544 -6.75209
7.36158 -6.69331
7.33642 -6.66305
7.26176 -6.64096
7.50163 -4.4954
6.60934 -3.70554
6.59034 -4.09669
5.46808 -3.9997
5.48024 -4.26607
5.28325 -4.12541
5.29158 -3.82634
4.90746 -4.1578
5.23626 -4.43064
4.98319 -4.57237
4.68521 -4.59603
4.42964 -4.41564
4.41217 -4.0661
4.21803 -4.3335
4.04416 -4.22795
4.19638 -3.96533
4.36532 -3.70859
3.99964 -3.90272
4.05584 -3.49264
3.64623 -3.84893
3.70252 -3.40957
3.99445 -3.08158
4.27341 -3.15286
4.35653 -2.77415
4.52501 -3.06748
4.64224 -2.56257
4.70112 -3.19724
4.94462 -3.23112
5.10093 -3.04864
5.22023 -3.28058
5.26706 -3.00621
5.00126 -3.51459
5.21592 -3.57179
5.04838 -3.76256
4.74958 -3.77173
4.71037 -3.46087
4.44111 -3.34668
3.95307 -2.69113
3.89499 -2.38897
3.68503 -2.54115
3.63274 -2.97556
3.40182 -2.65811
3.28033 -3.03683
3.38177 -3.41654
3.51457 -3.62655
3.3409 -3.80962
3.36607 -4.09652
3.50127 -4.23954
3.73801 -4.21823
3.51195 -4.61505
3.79221 -4.502
4.026 -4.69199
3.70001 -4.79817
3.73662 -5.12833
3.92997 -5.06728
4.12014 -5.07292
4.36418 -4.78492
4.38158 -5.13542
4.58838 -4.91909
4.39671 -5.39376
4.4519 -5.59472
4.31254 -5.53808
4.17753 -5.42698
4.22432 -5.73582
3.94786 -5.71776
4.02823 -5.97284
4.23266 -5.98059
4.43085 -5.87155
4.63531 -6.02706
4.36303 -6.13337
4.11739 -6.14231
4.18449 -6.28628
3.99348 -6.26933
3.92374 -6.15804
3.74991 -6.02801
3.5355 -6.20898
3.4436 -5.9944
3.2842 -6.22253
3.1884 -6.41662
2.95326 -6.22714
3.12276 -5.96302
2.72712 -5.94277
2.98205 -5.54243
3.34208 -5.67592
3.64694 -5.69071
3.50907 -5.4335
3.68646 -5.42582
3.49043 -5.0504
3.3077 -5.367
3.38457 -5.52335
3.31553 -5.05401
3.12864 -5.10982
2.89816 -5.12651
2.67124 -5.30347
2.63285 -5.63309
2.38342 -5.44656
2.40113 -5.01971
2.69927 -4.91551
2.51899 -4.71868
2.69204 -4.59807
2.98037 -4.68336
2.77488 -4.29803
3.09184 -4.14613
2.85212 -3.97927
3.05984 -3.69839
2.77578 -3.74305
3.12445 -3.33504
2.46978 -4.39279
3.28228 -4.43026
3.26669 -4.79983
3.39185 -4.88457
2.3207 -4.66321
2.12434 -4.37992
2.09121 -4.80306
2.11052 -5.2108
1.82093 -4.98946
1.7931 -4.50364
1.61158 -4.7521
1.44542 -4.41981
1.62201 -4.01004
1.31574 -3.9606
1.40537 -3.57036
1.7144 -3.53702
1.8441 -3.89205
1.87929 -4.16244
1.50954 -3.32772
1.33857 -3.09847
1.16818 -3.3409
1.19661 -3.65199
1.00893 -3.51564
0.974644 -3.20399
0.773529 -3.31308
0.602659 -2.9785
0.513614 -3.30686
0.633884 -3.60759
0.853302 -3.70568
0.713655 -3.88555
0.894947 -4.066
1.07373 -3.85731
1.14809 -4.23875
0.928233 -4.50116
1.21228 -4.6424
1.42921 -4.83367
1.27035 -4.95937
1.45908 -5.23555
1.59647 -5.01495
1.69564 -5.24286
1.7454 -5.58436
1.88831 -5.33906
2.09536 -5.56385
2.07716 -5.86958
2.38016 -5.78165
2.35795 -6.06196
2.63201 -6.20151
2.38376 -6.25116
2.56911 -6.33718
2.77347 -6.32386
2.93514 -6.38279
2.76051 -6.42022
2.98108 -6.49606
3.24668 -6.58733
2.98558 -6.61144
3.19436 -6.66946
3.39407 -6.69404
3.24121 -6.73729
3.32563 -6.7664
3.09397 -6.76471
3.00358 -6.73184
3.07018 -6.69497
2.88905 -6.66644
2.7335 -6.5951
2.76177 -6.51471
2.57855 -6.53048
2.52682 -6.44905
2.32282 -6.37774
2.31461 -6.46819
2.17788 -6.45239
2.0806 -6.37332
1.99666 -6.47642
1.80567 -6.35503
1.79189 -6.48005
1.95424 -6.58258
2.17325 -6.53289
2.23074 -6.6168
2.3837 -6.53143
2.50151 -6.59415
2.38707 -6.64767
2.53888 -6.6465
2.69305 -6.64291
2.66546 -6.68995
2.8251 -6.69936
2.85349 -6.7493
2.61146 -6.72339
2.73827 -6.76792
3.00849 -6.78022
2.79841 -6.78981
2.83885 -6.80353
3.06903 -6.80153
3.3146 -6.77264
3.45991 -6.73421
3.52654 -6.7646
3.36985 -6.8058
3.1062 -6.81841
3.22586 -6.81992
3.02217 -6.81764
2.90196 -6.80875
2.70316 -6.78862
2.86977 -6.79154
2.6851 -6.7265
2.97041 -6.77485
2.97979 -6.80269
3.07458 -6.81526
3.18204 -6.78522
3.13195 -6.7474
3.29792 -6.7631
3.30743 -6.72695
3.12011 -6.69791
3.28935 -6.67896
3.40397 -6.64404
3.2423 -6.61188
3.38648 -6.58543
3.48224 -6.51465
3.20709 -6.50357
3.32183 -6.37315
3.63847 -6.42301
3.76293 -6.30991
3.79066 -6.21336
3.86837 -6.12983
3.69057 -6.1199
3.76698 -5.97025
3.42361 -6.03294
1.76097 -6.2769
1.37016 -6.19334
1.40485 -6.33331
1.8388 -6.40461
1.97254 -6.33059
2.18687 -6.34208
2.20729 -6.44939
2.00563 -6.50633
1.72486 -6.51976
1.97297 -6.60729
2.24964 -6.55285
2.3296 -6.66482
2.03675 -6.70447
2.20918 -6.73871
2.05698 -6.76116
2.19437 -6.79028
2.42428 -6.75574
2.32884 -6.80595
2.54845 -6.78132
2.41614 -6.7928
2.60554 -6.7747
2.36504 -6.77737
2.54395 -6.74551
2.39838 -6.73277
2.18908 -6.76421
2.17297 -6.79579
2.24591 -6.81113
2.0361 -6.80825
2.15777 -6.81607
1.98128 -6.79408
1.78624 -6.7911
1.77313 -6.77916
1.84401 -6.74716
1.62482 -6.75716
1.61225 -6.71469
1.78121 -6.66981
1.5335 -6.6442
1.6574 -6.59521
1.43775 -6.59182
1.48089 -6.54366
1.37709 -6.46137
1.22572 -6.55688
0.956079 -6.4765
0.9879 -6.57107
1.09982 -6.61891
0.943061 -6.61991
1.0267 -6.66151
0.888206 -6.66149
0.790897 -6.56754
0.708642 -6.62127
0.796999 -6.65209
0.969423 -6.71307
0.897726 -6.66503
1.04922 -6.70679
1.17664 -6.75247
1.29259 -6.72662
1.07616 -6.67722
1.17888 -6.65377
0.957422 -6.60872
1.01236 -6.55501
0.7992 -6.50272
0.814784 -6.40945
0.646056 -6.3924
0.59955 -6.45227
0.77832 -6.56393
0.644055 -6.53683
0.768026 -6.61176
0.916893 -6.64556
0.609142 -6.57311
0.492158 -6.46254
0.397443 -6.47438
0.545486 -6.54052
0.389194 -6.47708
0.433342 -6.44888
0.611125 -6.43615
0.761148 -6.36659
1.03802 -6.36472
0.744626 -6.25603
1.04653 -6.23795
0.724442 -6.08414
1.03039 -6.11282
1.18442 -6.02545
0.672928 -5.76596
0.848018 -5.96107
0.581117 -5.87901
0.422867 -5.94662
0.446887 -6.12159
0.268355 -5.96772
0.225134 -6.0454
0.0807567 -5.87911
0.0870318 -6.04057
0.285881 -6.18558
0.137759 -6.20906
0.348569 -6.34292
0.196846 -6.31506
0.0298033 -6.22569
0.129057 -6.30792
0.0491796 -6.27414
0.120338 -6.33257
0.212071 -6.36979
0.205506 -6.3681
0.296144 -6.43582
0.311325 -6.40417
0.304862 -6.36674
0.102482 -6.26719
0.228096 -6.24787
0.413242 -6.36774
0.449116 -6.31424
0.258752 -6.13514
0.564454 -6.26915
0.442414 -6.13987
0.595932 -6.18058
0.733399 -6.29257
0.88237 -6.35077
0.779792 -6.22027
1.01296 -6.321
0.875414 -6.07646
1.21095 -6.28708
1.19701 -6.11008
1.00081 -5.8565
1.25487 -5.97803
1.23551 -5.7814
1.0045 -5.55842
1.27094 -5.4823
1.02627 -5.2543
0.779236 -5.30137
0.842929 -5.04385
0.630015 -5.05563
0.717072 -4.87849
0.555425 -4.81584
0.694936 -4.6313
0.851063 -4.79696
0.618002 -4.21292
0.47743 -4.5459
0.365429 -4.2908
0.330442 -3.94384
0.542436 -3.84763
0.413622 -3.5985
0.176236 -3.56604
0.319551 -3.33283
0.15948 -3.17898
0.373803 -3.0131
0.22113 -2.87854
0.0571456 -2.91276
0.195992 -2.6091
0.347678 -2.67436
0.343078 -2.35954
0.202685 -2.25792
0.342028 -2.13984
0.340508 -1.90545
0.169209 -1.95874
0.0296063 -2.25921
0.0646524 -1.98511
-0.0449276 -2.01686
-0.13522 -2.4706
-0.209791 -2.25151
-0.153225 -1.87687
-0.266764 -2.10011
-0.246575 -1.81434
-0.352227 -2.0906
-0.361861 -2.41374
-0.4871 -2.3246
-0.506476 -2.66234
-0.600838 -2.56943
-0.65124 -2.85489
-0.532125 -2.93552
-0.396607 -2.80967
-0.481892 -3.11953
-0.350062 -3.07797
-0.42615 -3.292
-0.301189 -3.33995
-0.443067 -3.53165
-0.327357 -3.68043
-0.161664 -3.56033
-0.108357 -3.17466
0.00594664 -3.38235
-0.00763607 -3.64916
0.0810914 -3.88976
-0.0972829 -3.86998
-0.0185137 -4.12197
0.162502 -4.20792
0.0226221 -4.47782
0.263662 -4.52845
0.230865 -4.85986
0.00284529 -4.81848
0.130449 -5.15435
0.453335 -5.24901
0.443403 -4.96198
0.387357 -4.75474
0.293632 -5.37198
0.453335 -5.58078
0.732503 -5.57276
0.716337 -5.80238
0.526244 -5.84756
0.54831 -6.04628
0.274757 -5.8312
0.3057 -6.00996
0.474518 -6.09768
0.106154 -5.84623
0.0536485 -5.93831
-0.0241146 -6.00846
0.0679903 -6.12612
-0.0987444 -6.04666
0.00392151 -6.15682
-0.149863 -6.07449
-0.109983 -6.13993
0.0207105 -6.25301
-0.156816 -6.12405
-0.0635138 -6.18481
-0.200573 -6.05606
-0.121756 -6.09305
-0.0695939 -6.03082
-0.279506 -5.91714
-0.228001 -5.84507
-0.0960851 -5.85872
-0.292492 -5.67976
-0.124819 -5.67289
0.0437455 -5.71856
0.207338 -5.82307
0.127133 -5.62587
0.346463 -5.73803
0.497328 -5.71923
-0.0420847 -5.58053
-0.303167 -5.52625
-0.700055 -5.4651
-0.807094 -5.3125
-0.701251 -5.5204
-0.78476 -5.37169
-0.720611 -5.48156
-0.621706 -5.63103
-0.639163 -5.58745
-0.562039 -5.71723
-0.547238 -5.72653
-0.453722 -5.84417
-0.470112 -5.79971
-0.368605 -5.9115
-0.29997 -6.01432
-0.264353 -6.0083
-0.374413 -5.88378
-0.256922 -5.97156
-0.365523 -5.81478
-0.477997 -5.73512
-0.565045 -5.6478
-0.564661 -5.57322
-0.482926 -5.62824
-0.631665 -5.39133
-0.681757 -5.43824
-0.730634 -5.28724
-0.740172 -5.16008
-0.680583 -5.15601
-0.578562 -5.26651
-0.655793 -4.96653
-0.771199 -4.92729
-0.758383 -4.68064
-0.659509 -4.63804
-0.540896 -4.85472
-0.570696 -4.5942
-0.618323 -4.43797
-0.518191 -4.34752
-0.486925 -4.64822
-0.371802 -4.5529
-0.391135 -4.25301
-0.299766 -4.35293
-0.188283 -4.59488
-0.195759 -4.17945
-0.31177 -4.19238
-0.343492 -4.00487
-0.22986 -3.85235
-0.452631 -3.82678
-0.452148 -4.08375
-0.549318 -4.00085
-0.646482 -4.17368
-0.636267 -3.89203
-0.568523 -3.67981
-0.685339 -3.67927
-0.639034 -3.46704
-0.53467 -3.37989
-0.623506 -3.18483
-0.75257 -3.41788
-0.762208 -3.10765
-0.875394 -3.26957
-0.877114 -3.53492
-0.984801 -3.389
-0.947429 -3.67207
-1.0379 -3.65721
-0.998586 -3.81688
-1.05953 -3.8704
-0.992877 -4.03518
-0.935953 -3.907
-0.918439 -4.13071
-0.854031 -4.04838
-0.870195 -3.79156
-0.800332 -3.92927
-0.762826 -4.19002
-0.722877 -3.92761
-0.687924 -4.39004
-0.741298 -4.46317
-0.840011 -4.37189
-0.841792 -4.64433
-0.884625 -4.47802
-0.917418 -4.56192
-0.874996 -4.79534
-0.945805 -4.67086
-0.911847 -4.9127
-0.964993 -4.72989
-0.951252 -4.87868
-0.868681 -5.10069
-0.811717 -5.13105
-0.832524 -5.00068
-0.779822 -5.25831
-0.798082 -5.27762
-0.731735 -5.42583
-0.808859 -5.31375
-0.907281 -5.08629
-0.869353 -5.19516
-0.953046 -4.9806
-0.916373 -5.05146
-0.843984 -5.16975
-1.05564 -4.45841
-0.990047 -4.78567
-1.00604 -4.63103
-1.02918 -4.38526
-0.995652 -4.56856
-0.97837 -4.45051
-1.00585 -4.22613
-0.937027 -4.31888
-1.05418 -4.04558
-1.06261 -4.18855
-1.09124 -4.24929
-1.10689 -3.62282
-1.07789 -3.44941
-1.11187 -3.78078
-1.11463 -3.93801
-1.04435 -3.251
-0.995131 -3.20183
-0.947366 -3.13947
-1.00419 -3.04663
-0.919491 -2.89936
-0.860332 -3.05462
-0.800368 -2.86546
-0.981738 -2.8706
-1.05758 -2.84724
-1.02866 -2.6456
-0.786133 -3.70816
-0.272864 -4.79842
-0.12387 -4.98082
-0.267023 -5.00054
-0.174128 -5.20571
-0.0188169 -5.25995
-0.0367398 -5.46067
0.170398 -5.45966
0.142055 -5.63128
0.0330067 -5.68604
0.306581 -5.68008
-0.124032 -5.56152
-0.0986571 -5.72896
-0.249267 -5.52361
-0.267242 -5.64356
-0.164807 -5.83683
-0.348812 -5.70976
-0.22301 -5.91166
-0.484405 -5.49638
-0.381138 -5.54773
-0.449771 -5.3805
-0.512467 -5.14646
-0.368198 -5.30544
-0.431467 -5.06515
-0.391726 -4.86753
-0.31654 -5.13794
-0.22152 -5.37188
-0.3488 -5.48625
-0.3887 -5.92208
-0.275346 -6.02356
-0.317019 -5.95812
-0.434823 -5.84568
-0.471829 -5.73434
-0.381557 -5.73312
-0.535385 -5.59596
-0.443377 -5.60399
-0.621788 -5.53048
-0.611619 -5.60077
-0.56373 -5.68968
-0.501402 -5.77197
0.0237503 -3.16387
-0.101725 -2.79495
0.0480013 -2.56489
-0.0450516 -2.53074
-0.251554 -2.80686
-0.227085 -3.04656
-0.274604 -2.56554
-0.420503 -2.03484
0.125131 -1.70236
0.289768 -1.63576
0.36299 -1.52397
0.49865 -2.4455
0.490481 -2.74697
1.0502 -4.9123
1.21331 -5.17252
1.48788 -5.53352
1.49747 -5.77704
1.80459 -5.97674
1.56529 -6.01241
1.6949 -6.17382
1.98075 -6.22189
2.08488 -6.0819
2.20335 -6.19477
2.19683 -6.29158
1.57241 -6.27274
1.44107 -6.11888
1.39141 -6.25226
1.52559 -6.40384
1.2632 -6.44357
1.46773 -6.52838
1.30672 -6.58965
1.56827 -6.60929
1.68228 -6.54888
1.8024 -6.64435
2.02679 -6.66659
1.94748 -6.72892
2.22896 -6.69847
2.04131 -6.77828
1.87747 -6.76958
1.78906 -6.73633
1.68441 -6.73128
1.54756 -6.74275
1.60426 -6.77731
1.46705 -6.7537
1.41635 -6.75757
1.4695 -6.7305
1.28441 -6.72436
1.08064 -6.7174
1.19139 -6.66814
1.39827 -6.68342
1.30718 -6.63041
1.45088 -6.69167
1.67191 -6.68434
1.4945 -6.64635
1.04997 -6.45716
1.39714 -5.94799
0.521021 -6.2917
2.46756 -6.6842
2.601 -6.63931
2.46397 -6.58204
2.65172 -6.57049
2.49128 -6.49522
2.76041 -6.51431
2.6554 -6.41221
2.91922 -6.45253
2.80202 -6.33342
3.05094 -6.38262
2.98259 -6.2265
3.32223 -6.21107
3.07955 -6.05122
2.85601 -6.07261
2.73629 -6.12161
2.50524 -6.09344
2.66566 -6.21172
2.42421 -6.18424
2.49515 -6.30051
2.22628 -6.23069
2.03725 -6.27516
2.41814 -6.40167
3.58768 -6.21185
3.52939 -6.31343
3.00667 -6.56975
3.1258 -6.64567
2.95618 -6.64801
2.90456 -6.70634
2.77297 -6.63811
2.82718 -6.58793
2.73416 -6.67506
3.88389 -5.3704
5.05739 -6.07735
5.14348 -6.24205
5.14388 -6.34967
5.40506 -6.7275
5.22802 -6.72113
5.15927 -6.66352
5.14388 -6.6038
5.02517 -6.66409
4.96245 -6.59187
4.713 -6.56976
4.70501 -6.46917
4.49558 -6.5706
4.56947 -6.63369
4.28484 -6.73817
3.8413 -6.76524
3.87624 -6.71132
4.65348 -6.80076
5.14572 -6.69107
4.9401 -6.70689
5.70077 -6.07602
5.67645 -6.21753
5.96713 -2.14139
5.71611 -2.01469
5.77662 -2.4493
6.04265 -2.56285
6.24995 -2.23858
6.25507 -2.70954
6.39144 -2.52971
6.55636 -2.49692
6.42482 -2.32757
-0.804201 -2.20299
1.29847 1.58909
1.17428 1.69609
1.49507 1.78698
1.60934 2.02059
1.65536 1.85451
1.79773 2.07952
1.85887 1.83767
2.04795 2.19709
2.12351 1.97819
2.31927 2.18509
2.27275 2.4404
2.05636 2.46454
2.43362 2.64471
2.50304 2.42956
2.64011 2.65369
2.70522 2.4506
2.817 2.616
2.9682 2.68002
3.0898 2.84932
3.18636 2.62403
2.9348 2.363
3.21179 2.31676
3.43649 2.44151
3.43275 2.72699
3.25902 2.835
3.38906 2.89612
3.65693 2.56854
3.98879 2.48862
3.74772 2.20418
3.40139 2.04319
3.62688 1.88169
3.83545 1.82296
4.04181 1.96697
4.03989 2.23876
4.24516 2.105
4.19984 2.31588
4.38454 2.39882
4.63044 2.5136
4.61538 2.73667
4.84855 2.57196
4.9846 2.65631
4.76739 2.86088
4.51257 2.90184
5.27376 2.57947
5.17744 2.53104
5.07214 2.48039
5.35101 2.37176
5.12108 2.26784
5.40845 2.08595
5.68739 2.15681
5.65215 1.89035
5.92815 1.83928
6.0653 2.03359
6.14909 1.83713
6.36732 1.80293
6.35546 1.97402
6.58095 1.79273
6.54597 1.93071
6.73174 1.78702
6.76912 1.6454
6.91689 1.59625
6.91713 1.4486
7.09026 1.37332
7.09465 1.20197
7.24908 1.13928
7.67394 0.40836
7.57708 0.516416
7.50812 0.676771
7.49813 0.52454
7.42003 0.691128
7.3988 0.540361
7.3157 0.800116
7.39315 0.889542
7.24336 1.00457
7.32841 0.398344
7.43544 0.27867
7.51183 0.354106
7.53737 0.160717
7.57963 0.222421
7.59913 0.345315
7.65742 0.151918
7.70393 0.219822
7.7948 0.0795828
7.84014 -0.0939089
7.76554 -0.0707145
7.72418 0.0678207
7.7066 -0.0425629
7.77629 -0.224475
7.81458 -0.202792
7.83838 -0.348139
7.89523 -0.265711
7.90038 -0.452325
7.87878 -0.504468
7.72359 -0.233933
7.66748 -0.0816575
7.62465 0.0698805
7.59588 -0.0311937
7.67045 -0.211101
7.59377 -0.195951
7.68393 -0.353733
7.62863 -0.472727
7.4891 -0.182666
7.47622 -0.383762
7.36831 -0.0718427
7.42024 -0.0152275
7.38317 0.144263
7.27232 0.198581
7.25617 -0.0127863
7.15885 0.20422
7.159 -0.139357
7.32902 -0.288837
7.49093 0.0289588
6.67675 1.57414
6.68985 1.40563
6.47563 1.58667
6.27644 1.72186
6.2929 1.58568
6.12996 1.70148
6.17207 1.54215
6.31919 1.36926
6.43429 1.45878
6.58432 1.39585
6.14843 1.40825
6.02731 1.57865
6.02125 1.32101
5.78412 1.56895
5.82685 1.15534
5.58066 1.40506
5.4263 1.7422
5.27814 1.41657
5.06013 1.78072
5.16699 2.01893
4.77992 2.17175
4.72203 1.77884
4.49378 2.05066
4.50472 2.22862
4.36415 2.23822
4.3651 1.72031
4.687 1.42147
4.95741 1.52577
5.02537 1.23244
5.29598 1.09828
5.5421 1.13291
5.47557 0.848598
5.11757 0.86997
5.38006 0.541605
4.98175 0.466113
4.82559 0.812118
4.79303 1.0765
4.60532 0.937845
4.62019 0.680972
4.51119 1.18758
4.27067 1.35952
4.45064 1.42218
4.05668 1.62274
3.98955 1.27357
3.86886 1.55268
3.6954 1.61436
3.78139 1.38944
3.60225 1.34252
3.4771 1.63935
3.34289 1.22824
3.2235 1.66598
3.0114 1.29376
3.12208 0.818943
2.84093 0.845308
2.73479 1.16692
2.79004 1.56855
2.58152 1.34883
2.59754 1.60177
2.67563 1.81513
2.85884 1.94516
2.60454 2.12129
2.47446 1.75137
2.30426 1.89663
2.19427 1.54134
2.05191 1.71834
2.00095 1.51536
1.94098 1.2772
2.13304 1.07553
2.40499 1.43666
2.39532 1.18256
2.50855 1.03014
2.31203 0.936799
2.36013 0.622912
2.61986 0.845526
2.61897 0.519092
2.90443 0.389972
2.58699 0.132983
2.37219 0.258949
2.29956 -0.102199
2.13646 0.0673544
2.22946 0.31835
2.14413 0.706119
2.17956 -0.491457
2.54213 -0.27953
2.38823 -0.709269
2.68406 -0.556402
2.91476 -0.245905
2.78946 0.0241532
3.00617 0.130739
3.17586 -0.0228753
3.04336 0.291086
3.26235 -0.348582
3.63798 -0.402347
3.76035 -0.125078
3.88513 -0.296307
3.9396 -0.541227
4.22548 -0.646481
2.97875 -0.653878
2.65161 -0.888537
1.80305 1.45532
1.517 1.5011
3.1056 2.02053
3.00188 1.70841
5.31786 0.237504
5.72342 0.890356
4.89849 2.4139
6.2308 1.16881
6.68854 1.32049
6.17424 2.14378
5.84396 2.34389
5.67392 2.48578
5.65462 2.37001
5.48777 2.54001
5.46672 2.44886
5.54433 2.3436
5.85374 2.23044
5.99655 2.21407
3.23201 2.94566
1.87877 2.31168
1.89126 2.4842
1.74152 2.37843
1.72292 2.20863
4.5122 -0.790421
4.52958 -1.09144
4.74754 -1.0322
4.66068 -1.3079
6.92228 0.769534
3.81884 3.1232
7.93224 -0.656665
