-1.06119 -2.32299
-0.844908 -1.19201
-0.56873 -0.31232
-0.204146 0.570366
-0.0266104 0.967545
0.558711 1.90855
1.64678 3.06465
1.90485 3.21333
2.24126 3.32509
2.66843 3.39697
2.92441 3.38968
3.21878 3.32325
5.09396 2.77832
5.33422 2.67741
5.67392 2.48578
6.54597 1.93071
6.73174 1.78702
6.91689 1.59625
7.09026 1.37332
7.24908 1.13928
7.67394 0.40836
7.7948 0.0795828
7.89523 -0.265711
8.05983 -1.12456
8.0767 -1.254
8.08693 -1.37227
8.08338 -2.45342
8.06996 -2.75643
7.97398 -4.16037
7.81695 -6.08072
7.791 -6.22169
7.70285 -6.37085
7.62652 -6.46492
7.55649 -6.5485
7.26296 -6.77575
7.01948 -6.82888
6.7027 -6.8308
3.43441 -6.8261
2.15777 -6.81607
2.0361 -6.80825
1.17664 -6.75247
0.969423 -6.71307
0.708642 -6.62127
0.296144 -6.43582
0.120338 -6.33257
-0.156816 -6.12405
-0.29997 -6.01432
-0.3887 -5.92208
-0.562039 -5.71723
-0.701251 -5.5204
-0.78476 -5.37169
-0.869353 -5.19516
-0.953046 -4.9806
-1.05564 -4.45841
-1.09124 -4.24929
-1.11463 -3.93801
-1.11187 -3.78078
-1.10689 -3.62282
