-9.62458 -0.840878
-9.35226 0.130876
-9.27487 0.270787
-8.43733 1.3653
-7.88892 2.03437
-7.29802 2.68123
-7.18106 2.79272
-6.93146 3.01083
-6.77598 3.13998
-6.30371 3.4087
-6.02588 3.48462
-5.50789 3.47167
-5.28927 3.44377
-4.79368 3.31627
-4.08941 3.00478
-3.28806 2.0014
-3.04266 1.215
-2.63431 -0.222345
-2.59471 -0.548207
-2.5564 -0.90814
-2.52365 -1.22854
-2.4978 -2.71111
-2.55334 -3.40926
-2.70321 -4.02658
-2.77003 -4.21597
-2.85801 -4.41839
-2.93689 -4.55145
-3.02777 -4.68204
-3.13235 -4.79546
-3.16345 -4.8256
-3.23377 -4.88702
-3.29939 -4.93444
-3.36958 -4.97506
-3.50891 -5.03512
-3.665 -5.08165
-3.8754 -5.12569
-4.07823 -5.16565
-4.25784 -5.19423
-4.7863 -5.25475
-6.05269 -5.26744
-6.55701 -5.25031
-7.10735 -5.21834
-7.43114 -5.1979
-8.29265 -5.13693
-8.50244 -5.11041
-8.70891 -5.07445
-9.2231 -4.95784
-9.36359 -4.91948
-9.48639 -4.87297
-9.59583 -4.78598
-9.68246 -4.68922
-9.75691 -4.5726
-9.84496 -4.39844
-9.97346 -3.83366
-9.91735 -3.16197
