-1.70689 7.05083
-1.86351 7.19913
-2.38672 8.34561
-2.46183 8.57074
-2.48437 8.41894
-2.43418 8.1869
-2.59068 8.35168
-2.56001 8.59976
-2.65846 8.66431
-2.62599 8.78478
-2.65713 8.96092
-2.74796 8.89892
-2.79603 9.1364
-2.8461 9.06709
-2.94722 9.21647
-2.90047 9.32174
-3.04079 9.43727
-3.22005 9.54641
-3.30694 9.72423
-3.43189 9.83407
-3.42321 9.65696
-3.56823 9.85899
-3.55585 10.0159
-3.644 9.97731
-3.73948 9.93198
-3.67397 9.68296
-3.78898 9.83882
-3.88641 9.74734
-3.88809 9.47999
-3.68772 9.35875
-3.50566 9.48521
-3.31284 9.38638
-3.11616 9.33662
-3.16029 9.17757
-3.32531 9.11106
-3.49331 9.2565
-3.51785 8.97537
-3.67232 9.10642
-3.76309 8.78453
-3.9404 9.07972
-4.0448 8.61595
-4.24738 8.77172
-4.25288 8.42618
-4.45347 8.38665
-4.48002 8.70489
-4.39597 9.07778
-4.63546 8.82238
-4.64029 9.11462
-4.50346 9.38333
-4.27636 9.44306
-4.40745 9.70737
-4.23879 9.66417
-4.19474 9.82111
-4.30634 9.95135
-4.11476 10.0161
-4.326 10.1292
-4.4873 9.97601
-4.54324 10.188
-4.69527 10.0029
-4.75359 10.2084
-4.63495 10.3911
-4.84485 10.3584
-4.81833 10.4798
-4.97219 10.4363
-4.98884 10.331
-5.1193 10.3595
-5.10741 10.221
-5.30216 10.2374
-5.24976 10.0699
-5.43532 10.035
-5.54605 10.1622
-5.43345 10.328
-5.25296 10.3812
-5.31403 10.4673
-5.12705 10.4679
-4.96847 10.5493
-4.71709 10.6148
-3.93384 10.2512
-4.18738 10.3785
-4.4225 10.4784
-4.37437 10.3131
-4.13778 10.2151
-3.92218 10.086
-3.74628 10.0795
-3.90608 9.92655
-4.03119 9.84702
-4.0834 9.63215
-8.24512 6.52389
-8.22745 6.73436
-7.36352 8.25389
-7.47186 8.11345
-7.40849 8.11199
-7.52794 7.97118
-7.427 8.02781
-7.32949 8.22365
-7.29743 8.16979
-7.2128 8.36794
-7.26964 8.36278
-7.18786 8.50886
-7.08127 8.66942
-6.99199 8.81167
-6.94757 8.96876
-6.81131 9.09067
-6.68439 9.26172
-6.25655 9.85307
-6.44627 9.59019
-6.5517 9.4471
-6.38648 9.4891
-6.32826 9.67614
-6.17119 9.71618
-6.02522 9.96867
-5.95973 9.84648
-5.78707 10.0365
-5.86839 10.1412
-5.67196 10.2415
-5.6289 9.99179
-5.79507 9.81336
-5.58304 9.84125
-5.42028 9.88115
-5.33844 9.96949
-5.27334 9.85436
-5.08204 10.0355
-5.07143 9.78859
-4.89591 10.0151
-4.93787 10.2082
-4.85842 9.76985
-4.64397 9.7642
-4.80677 9.50988
-5.05252 9.4895
-4.96204 9.27673
-5.13756 9.22201
-5.25071 9.30799
-5.31477 9.06105
-5.45273 9.21445
-5.29634 9.53228
-5.50176 9.41554
-5.63104 9.22948
-5.63636 9.44008
-5.48971 9.65671
-5.72704 9.60458
-5.8198 9.28375
-5.8938 9.49938
-5.85587 9.64451
-5.99498 9.62149
-6.05212 9.29022
-6.21367 9.43982
-6.21433 9.2125
-6.29876 9.25512
-6.32748 9.04165
-6.41557 9.14319
-6.3533 9.34257
-6.47408 9.26624
-6.5348 9.08045
-6.60777 9.10771
-6.56329 9.29392
-6.71449 9.10565
-6.76202 8.91165
-6.87957 8.89947
-6.94796 8.63168
-6.99352 8.71886
-7.09436 8.55092
-7.1534 8.34315
-7.05661 8.34637
-7.19016 8.13564
-7.2662 8.10368
-7.3256 7.93621
-7.41737 7.89838
-7.38598 7.85069
-7.43938 7.71178
-7.60137 7.5735
-7.59258 7.77034
-7.74673 7.48687
-7.74762 7.31134
-7.85143 7.2186
-7.84172 7.01577
-7.98782 6.89054
-7.96814 6.62469
-8.07087 6.45629
-8.10398 6.60515
-8.15869 6.28053
-8.18 6.43592
-8.21553 6.23461
-8.25711 6.30106
-8.27756 6.08229
-8.32851 5.93512
-8.2803 5.90871
-8.3455 5.65362
-8.3589 5.40565
-8.28761 5.60734
-8.28546 5.49818
-8.22272 5.71659
-8.21045 5.53787
-8.10506 5.9207
-8.15601 5.95525
-8.22968 5.84367
-8.14397 6.12469
-8.2073 6.04102
-8.22324 6.10052
-8.07552 6.23519
-7.95171 6.35924
-7.84725 6.80108
-7.77831 6.77041
-7.64586 7.23768
-7.60047 7.00275
-7.44944 7.35421
-7.41027 7.57123
-7.26957 7.87802
-7.28168 7.66076
-7.15272 7.92687
-7.09197 8.14634
-7.00007 8.12522
-6.93389 8.42318
-6.83807 8.3705
-6.77155 8.64466
-6.86125 8.62582
-6.79327 8.75291
-6.65982 8.89266
-6.65363 8.76477
-6.53778 8.88016
-6.6769 8.59715
-6.56067 8.66544
-6.44048 8.8012
-6.4233 8.98219
-6.33188 8.82565
-6.19939 8.96165
-6.29481 8.67439
-6.18075 8.71302
-6.00861 8.93067
-5.76508 8.96025
-5.60273 9.06969
-5.55894 8.88437
-5.78509 8.61584
-5.59102 8.47439
-5.36963 8.7609
-5.107 8.96072
-5.22954 8.66462
-5.38205 8.46363
-5.207 8.42465
-5.36169 8.18017
-5.50833 8.23545
-5.66345 8.10244
-5.52231 7.93484
-5.69899 7.79804
-5.57905 7.62153
-5.75659 7.49817
-5.60038 7.23547
-5.41485 7.5701
-5.469 7.74401
-5.36214 7.88484
-5.22546 7.75598
-5.17216 8.11561
-5.03718 7.91912
-4.98791 8.19269
-5.02583 8.41069
-5.06009 8.67149
-4.85346 8.65145
-4.87557 8.37145
-4.67971 8.46391
-4.77845 8.9168
-4.92792 8.86532
-4.8473 9.11823
-4.82769 9.31909
-4.70385 9.3416
-4.61146 9.55204
-4.83367 8.10762
-4.64033 8.16491
-4.51776 8.00625
-4.35161 8.17101
-4.35662 7.86705
-4.15514 8.19412
-4.16048 7.80234
-3.97407 8.0698
-3.91158 8.41388
-3.79155 8.26179
-3.7283 8.52089
-3.56245 8.67612
-3.62259 8.39908
-3.43818 8.47835
-3.33945 8.79173
-3.24417 8.48955
-3.1662 8.72265
-3.1722 8.95423
-3.04818 8.79407
-3.03703 9.0005
-3.03069 9.15987
-2.90153 8.9872
-2.93865 8.83417
-2.79757 8.65282
-2.94165 8.66183
-3.04697 8.50251
-2.89004 8.4602
-2.93875 8.13621
-2.76187 8.26915
-2.62258 8.02312
-2.46135 7.90501
-2.57431 7.61973
-2.7617 7.89028
-2.75728 7.47929
-2.92403 7.71243
-2.9341 7.30914
-3.1243 7.50805
-3.10797 7.07228
-3.30797 7.19686
-3.33395 7.54828
-3.20107 7.79901
-3.06926 7.87119
-3.16435 8.13915
-3.34328 7.8867
-3.36853 8.20296
-3.51261 7.95682
-3.5161 7.63453
-3.67947 7.76246
-3.73134 7.39116
-3.88081 7.60685
-3.95551 7.28333
-4.10698 7.46041
-3.98988 7.77958
-4.3481 7.45368
-4.26768 7.15812
-4.41171 7.11765
-4.36752 6.93277
-4.50379 6.88162
-4.54848 7.18456
-4.68378 6.86333
-4.73773 7.22369
-4.89954 6.91162
-4.89354 7.26374
-4.79792 7.52905
-4.95294 7.45867
-4.90544 7.74584
-5.0982 7.54655
-4.71322 7.86185
-5.06024 7.17939
-5.23923 7.24801
-5.21716 6.99267
-5.40106 6.99112
-5.27706 6.73267
-5.10382 6.8137
-5.16162 6.49944
-4.9998 6.58501
-4.8069 6.46931
-5.02028 6.25995
-4.85177 6.02639
-5.06488 5.85844
-5.25232 6.15645
-5.325 6.4628
-5.48657 6.28523
-5.45443 6.63537
-5.60705 6.5107
-5.70633 6.26542
-5.77016 6.52955
-5.63209 6.80317
-5.81706 6.74333
-5.95465 6.54453
-5.90311 6.27029
-6.1171 6.24174
-5.99961 6.03543
-5.83584 5.952
-5.62537 5.98347
-5.70638 5.63503
-5.56426 5.7895
-5.44211 5.93555
-5.46796 5.59308
-5.27652 5.77652
-5.29713 5.50374
-5.1663 5.59154
-5.02492 5.47597
-4.8946 5.70749
-4.83439 5.41556
-4.71666 5.75931
-4.61856 6.14207
-4.49867 5.8108
-4.60213 5.48181
-4.31115 5.52292
-4.29826 5.92104
-4.11065 5.85696
-4.17262 6.04808
-4.00654 6.18871
-3.82386 5.86565
-3.76943 6.21398
-3.81875 6.51038
-4.06129 6.59436
-3.84173 6.84639
-3.58671 6.79192
-3.71218 7.07979
-3.52035 7.23655
-3.85668 7.11668
-3.43415 7.00574
-3.30022 6.78945
-3.43148 6.43597
-3.19769 6.37859
-3.02602 6.65291
-2.93054 6.96742
-2.80542 6.72685
-2.76318 7.06934
-2.70409 6.8469
-2.62401 6.9248
-2.59539 7.20022
-2.44563 6.82799
-2.40649 7.21957
-2.3938 7.5276
-2.22411 7.23431
-2.23661 6.84908
-2.02456 6.81713
-2.0509 7.17123
-2.17695 7.38582
-2.27875 7.61113
-2.13769 7.50981
-2.22861 7.74118
-2.33437 7.92232
-2.24211 7.93017
-2.34408 8.12207
-2.16255 7.71165
-2.1351 7.79227
-2.0759 7.58672
-2.00654 7.33541
-1.90927 7.09273
-1.76126 6.94731
-1.83791 6.7973
-1.63559 6.68822
-1.60925 6.83226
-1.49006 6.62137
-1.33534 6.39175
-1.14939 6.21619
-0.920575 5.07913
-0.91448 5.35539
-0.952131 5.6386
-0.939831 5.74972
-0.984465 5.86337
-1.04044 5.82614
-1.06271 6.02303
-1.00332 6.07362
-1.18114 6.10799
-0.913666 5.85432
-1.12931 5.89523
-1.25908 6.02478
-1.16088 5.88543
-1.18676 5.77308
-1.28814 5.79758
-1.20127 5.54535
-1.30206 5.49238
-1.20056 5.30741
-1.27244 5.11953
-1.37412 5.30732
-1.3952 5.53407
-1.48045 5.52148
-1.43459 5.81158
-1.53981 5.80807
-1.59174 5.66617
-1.58012 5.31159
-1.46001 5.20258
-1.50612 4.91786
-1.6206 4.95982
-1.72643 5.18978
-1.69671 4.72017
-1.86764 4.95875
-1.91064 5.4859
-1.98309 5.21089
-2.00556 4.98121
-2.09861 5.20559
-2.07829 5.47778
-2.1989 5.46262
-2.21934 5.77281
-2.38423 5.61788
-2.2426 5.24841
-2.38477 5.30467
-2.54204 5.45619
-2.49446 5.14795
-2.61654 5.33609
-2.6917 5.19349
-2.57331 4.93183
-2.38951 4.73355
-2.30046 5.00594
-2.22034 4.68989
-2.1235 4.89749
-2.07901 4.49224
-1.97173 4.69793
-1.95235 4.42478
-1.83259 4.50134
-1.90016 4.22208
-1.9994 4.25896
-1.99292 4.00193
-1.83956 3.99321
-1.80009 4.22356
-1.74387 4.11686
-1.74339 3.959
-1.64728 4.12913
-1.70639 4.34516
-1.58002 4.44991
-1.55507 4.23846
-1.48195 4.44539
-1.4841 4.27088
-1.53338 4.15022
-1.49573 4.08464
-1.57148 4.03739
-1.58985 3.83298
-1.53516 3.84102
-1.61456 3.62762
-1.56358 3.64424
-1.64731 3.4495
-1.57488 3.47177
-1.69818 3.27859
-1.50841 3.49751
-1.49709 3.57589
-1.41175 3.63497
-1.43069 3.67788
-1.3332 3.77342
-1.37158 3.80066
-1.29212 3.90271
-1.27299 3.93307
-1.24061 4.06459
-1.3071 3.96255
-1.2375 4.17935
-1.36202 4.05173
-1.26503 4.2964
-1.35782 4.22644
-1.31122 4.4315
-1.40425 4.28835
-1.39934 4.45009
-1.32842 4.60689
-1.22366 4.67058
-1.21931 4.49119
-1.1585 4.64363
-1.15315 4.82443
-1.10588 4.86318
-1.14318 5.06309
-1.21004 4.89472
-1.30409 4.82286
-1.37675 4.99961
-1.407 4.6886
-1.5012 4.63197
-1.58143 4.72214
-1.07981 5.13716
-1.06955 4.96061
-1.03687 5.02627
-1.05481 5.38589
-1.08798 5.34815
-1.10956 5.53897
-1.13412 5.32293
-1.08787 5.59543
-1.11186 5.74469
-1.06187 5.67254
-1.00326 5.51951
-0.981175 5.22266
-0.980782 4.97168
-0.955871 4.85228
-1.04294 4.68358
-1.82552 3.11284
-1.79495 3.14757
-1.92829 3.03774
-2.05834 2.86196
-2.4077 2.51582
-2.35429 2.5493
-2.52812 2.38867
-2.49635 2.43319
-2.32081 2.58471
-2.40546 2.57735
-2.21703 2.71788
-2.32808 2.6732
-2.48671 2.56549
-2.34737 2.7336
-2.22149 2.80351
-2.22669 2.87885
-2.11506 2.92088
-2.07856 2.89061
-1.99109 3.05898
-2.09218 3.02395
-1.97268 3.17777
-1.88764 3.2001
-1.84872 3.16955
-1.76585 3.29908
-1.83763 3.30745
-1.71534 3.45229
-1.80627 3.47343
-1.68551 3.63096
-1.76974 3.64002
-1.67779 3.84396
-1.80685 3.7748
-1.89991 3.54132
-1.93076 3.74731
-2.01577 3.54856
-2.04904 3.35999
-1.94314 3.33177
-2.08626 3.17349
-2.22971 3.18487
-2.14715 3.44944
-2.29311 3.33649
-2.25143 3.63099
-2.07231 3.71007
-2.14941 3.96456
-2.31371 3.98067
-2.23214 4.3363
-2.44064 4.33575
-2.5368 4.66724
-2.67078 4.50698
-2.65376 4.79354
-2.81338 4.81651
-2.70798 4.97876
-2.82432 5.07694
-2.89873 5.29322
-3.02319 5.01815
-3.12286 5.32549
-3.2526 5.0934
-3.36344 5.33314
-3.23507 5.59089
-3.51814 5.64665
-3.31511 5.88246
-3.13124 5.79084
-3.15377 6.04372
-2.98406 5.88308
-2.96776 6.21056
-2.83548 5.95268
-2.72994 6.16372
-2.8546 6.43965
-2.71219 6.4608
-2.55354 6.31727
-2.61183 6.65692
-2.43528 6.4779
-2.23719 6.42477
-2.06985 6.5269
-1.97829 6.07495
-1.89153 6.42897
-1.88871 6.65087
-1.78747 6.51189
-1.61923 6.4081
-1.71384 6.19074
-1.82969 6.12107
-1.73965 5.74967
-1.63284 5.90998
-1.56755 6.06437
-2.06429 5.76946
-2.16479 6.04045
-2.34599 6.13585
-2.35903 5.88523
-2.50084 5.98825
-2.65304 5.77845
-1.4933 6.1356
-1.44102 6.24316
-1.48606 6.45579
-1.34937 6.26369
-1.39118 6.02527
-2.84232 5.73834
-2.74798 5.4926
-2.99057 5.58847
-3.32921 6.16032
-3.54677 6.08635
-3.63122 6.40938
-3.80291 5.46319
-4.02553 5.61301
-4.06226 5.37047
-4.23031 5.23658
-4.39582 5.18776
-4.52631 5.25784
-4.56705 4.94431
-4.71861 5.15777
-4.80979 4.79219
-4.93016 5.03773
-5.01611 4.61257
-5.09634 4.84951
-5.17497 4.59309
-5.17367 4.25198
-5.31302 4.39836
-5.2841 4.85651
-5.48643 4.46078
-5.54446 4.88161
-5.72423 4.54866
-5.64132 4.2476
-5.77802 4.24012
-5.88704 4.3884
-5.98269 4.70039
-6.01709 4.36687
-6.13694 4.45791
-6.1262 4.18399
-6.30425 4.32653
-6.21882 4.70187
-6.39859 4.67372
-6.31202 4.94857
-6.4558 5.00755
-6.32452 5.25858
-6.46813 5.31598
-6.36838 5.59307
-6.17489 5.56921
-6.26303 5.91539
-6.11439 5.91027
-6.31891 6.24663
-6.44138 5.90941
-6.52633 6.25004
-6.62531 5.86347
-6.53793 5.56532
-6.68976 5.52892
-6.63875 5.14076
-6.82079 5.30263
-6.84241 5.72453
-6.97678 5.38818
-7.08773 5.64933
-7.15097 5.21635
-7.3169 5.42931
-7.36935 5.00232
-7.499 5.22502
-7.49152 5.53258
-7.36671 5.63415
-7.39816 5.82099
-7.24862 5.74472
-7.1998 6.0221
-7.33507 6.1953
-7.5672 5.89359
-7.52634 6.24388
-7.28905 6.56312
-7.20199 6.45105
-7.06235 6.68203
-7.13861 6.88564
-7.28265 6.87302
-7.10983 7.19212
-7.27218 7.11067
-7.1758 7.32937
-7.27962 7.27209
-7.3742 7.07166
-7.40771 7.1566
-7.30371 7.42213
-7.45647 7.19461
-7.10515 7.76218
-7.18215 7.47677
-7.06818 7.51888
-6.92395 7.78295
-6.90945 7.46577
-6.78677 7.77131
-6.71189 7.56865
-6.62716 7.96158
-6.7749 8.03708
-6.63133 8.27803
-6.74273 8.31004
-6.62754 8.47996
-6.52617 8.53401
-6.47328 8.33697
-6.40622 8.61646
-6.36845 8.51033
-6.29114 8.40781
-6.41386 8.02397
-6.28276 8.14799
-6.16171 8.24432
-6.09716 8.57092
-5.97914 8.39717
-5.93288 8.70188
-5.82915 8.21443
-6.03754 8.00247
-5.90847 7.92678
-5.97806 7.73927
-6.12358 7.58335
-5.93874 7.4788
-6.05936 7.2005
-6.27454 7.21268
-6.29661 7.5651
-6.43442 7.40861
-6.47316 7.03331
-6.62695 7.24638
-6.63445 6.86738
-6.81997 6.88675
-6.80226 7.25903
-6.53507 7.65899
-6.9655 7.07347
-6.94259 6.51394
-6.75252 6.51527
-6.97444 6.10801
-7.11384 6.33548
-7.12954 5.88709
-6.72838 6.15068
-6.62757 6.39207
-6.53014 6.63109
-6.37438 6.51682
-6.34864 6.82479
-6.25894 6.65862
-6.17539 6.88882
-6.13618 6.58384
-5.9675 6.87082
-5.85005 7.19777
-5.77656 6.9652
-5.38498 7.30138
-6.26151 6.48138
-6.20982 6.39082
-6.39104 7.71597
-6.25004 7.90158
-5.84997 7.72375
-5.79593 7.9508
-6.89978 8.07341
-7.51999 7.01065
-7.49546 6.91927
-7.62603 6.773
-7.73055 6.69229
-7.79025 6.41006
-7.59024 6.63611
-7.67615 6.30346
-7.47441 6.57995
-7.41785 6.86583
-7.73821 5.93293
-7.83394 6.05688
-7.94387 5.71607
-7.96169 5.98373
-8.04258 5.70503
-8.08994 5.74794
-8.028 5.98808
-7.8244 6.54943
-8.12596 5.42117
-8.24539 5.2541
-8.21816 5.02046
-8.08731 5.06879
-7.97737 5.35981
-7.93795 5.027
-7.81124 5.32922
-7.82146 5.6111
-7.66236 5.59013
-7.71046 5.75491
-7.53891 5.71108
-7.64586 5.30827
-7.76235 5.07877
-7.62794 5.09761
-7.54072 4.99024
-7.67263 4.88706
-7.53867 4.75886
-7.37871 4.61762
-7.18507 4.81139
-7.19578 4.42284
-7.04023 4.64268
-6.98448 5.01007
-6.90253 4.71796
-6.8174 4.97508
-6.75816 4.68878
-6.57587 4.69711
-6.67093 4.32854
-6.50268 4.35078
-6.5808 4.12177
-6.45377 3.97589
-6.66951 3.86146
-6.48597 3.63211
-6.3279 3.63283
-6.24965 3.94283
-6.14692 3.63106
-6.21263 3.31518
-6.02715 3.3306
-6.09196 3.02716
-5.90605 3.01285
-6.0111 2.80324
-5.90044 2.6733
-5.74795 2.80851
-5.71307 3.16657
-5.59583 2.94406
-5.55108 3.20275
-5.48557 3.06337
-5.42332 3.27926
-5.37638 3.07278
-5.28353 3.35751
-5.21394 3.14445
-5.13287 3.43392
-4.94902 3.32548
-5.01359 3.72103
-5.18687 3.66027
-5.08892 3.98758
-4.89053 4.13695
-5.0176 4.28804
-4.89336 4.47046
-4.69154 4.52214
-4.67305 4.17013
-4.47877 4.41474
-4.4567 4.70139
-4.28589 4.96851
-4.21316 4.62656
-4.00389 4.90198
-4.06788 5.13955
-3.89762 5.09341
-3.91509 5.25086
-3.74372 5.18734
-3.57967 5.32568
-3.51731 4.99844
-3.77403 4.96571
-3.6768 4.7737
-3.54661 4.4939
-3.24744 4.74197
-3.31564 4.37677
-3.49018 3.99189
-3.6875 4.12277
-3.79374 4.30803
-3.78413 4.58025
-4.00434 4.39303
-3.9543 4.6672
-3.82961 4.78853
-4.29409 4.27021
-4.50459 4.15845
-4.42443 3.9544
-4.12961 4.03154
-4.34249 3.63206
-4.0571 3.74101
-3.88656 4.03158
-3.94472 4.19801
-3.78763 3.78278
-4.02418 3.48281
-3.78195 3.46835
-3.64085 3.69231
-3.53397 3.55924
-3.26668 3.76292
-3.33402 3.33297
-3.052 3.60359
-3.09515 3.32443
-2.91624 3.43073
-2.86023 3.62543
-2.87187 3.82047
-3.02827 3.9573
-2.85649 4.06154
-2.7069 3.94115
-2.75417 4.24054
-2.9482 4.32638
-2.7982 4.41976
-2.84352 4.56251
-3.00069 4.67007
-3.13663 4.46588
-3.19297 4.15188
-2.58208 4.14326
-2.5524 3.85189
-2.45088 3.99294
-2.43797 3.69202
-2.57729 3.64687
-2.5939 3.44785
-2.437 3.38261
-2.66687 3.17025
-2.45884 3.11116
-2.67501 2.96978
-2.59536 2.87713
-2.40141 2.9484
-2.23198 3.00101
-2.37037 2.8259
-2.56524 2.73822
-2.47311 2.67663
-2.64141 2.56202
-2.73921 2.37787
-2.56751 2.45118
-2.71469 2.29817
-2.66475 2.27691
-2.8047 2.1895
-2.92575 2.14376
-2.84053 2.25084
-2.98368 2.18749
-2.92485 2.32638
-3.10545 2.24056
-2.98966 2.40003
-2.81649 2.44832
-2.79621 2.57788
-2.99774 2.52566
-2.86543 2.66195
-2.71755 2.72858
-2.7909 2.80038
-3.02909 2.67645
-2.89419 2.93189
-3.19496 2.80988
-3.02987 3.02241
-2.87052 3.11921
-2.98334 3.20684
-3.19174 3.08936
-2.78777 3.31264
-2.72556 3.55466
-3.49554 2.89409
-3.70958 3.1617
-3.83906 2.78958
-3.71165 2.59591
-3.45784 2.5554
-3.68457 2.38173
-3.50841 2.31347
-3.35116 2.41792
-3.24644 2.57194
-3.18544 2.44898
-3.11267 2.39742
-3.20618 2.34501
-3.3385 2.26449
-3.17252 2.29597
-3.26959 2.17569
-3.24719 2.05736
-3.45433 2.05247
-3.46247 1.93417
-3.35348 1.94274
-3.16305 2.01086
-3.37225 1.87511
-3.50759 1.87995
-3.57043 1.8047
-3.47319 1.82614
-3.6701 1.76767
-3.53548 1.83383
-3.72677 1.78586
-3.60424 1.86363
-3.83735 1.81189
-3.72118 1.92519
-4.02685 1.83567
-3.90972 1.93622
-3.71435 2.02795
-3.54099 2.03108
-3.47041 1.97394
-3.36539 2.07429
-3.26652 2.0158
-3.07409 2.06902
-2.92165 2.12378
-2.7614 2.21787
-5.00511 1.69309
-5.23335 1.55167
-4.98201 1.62519
-5.03637 1.54977
-5.31461 1.45333
-5.06758 1.48892
-4.76973 1.60666
-4.90541 1.50987
-5.1095 1.41217
-4.86714 1.49993
-4.71647 1.57205
-4.69244 1.55755
-4.54897 1.61075
-4.66859 1.59048
-4.41568 1.68671
-4.33593 1.6826
-4.16113 1.71387
-4.11283 1.68492
-4.28202 1.7057
-4.06285 1.75156
-4.22653 1.75104
-4.32228 1.78665
-4.13385 1.88596
-4.30815 1.85556
-4.26529 1.91336
-3.98783 1.99613
-3.93502 2.08299
-3.79562 2.0811
-3.49382 2.10576
-4.48226 1.9291
-4.76136 1.82156
-4.50734 1.82445
-4.78985 1.72943
-4.61686 1.7283
-4.84031 1.6429
-4.45582 1.70572
-4.51749 1.64703
-4.94047 1.78341
-3.91556 1.74071
-3.96311 1.71306
-3.81761 1.73712
-3.82992 1.73359
-3.95546 1.74245
-4.09386 1.76357
-3.94565 1.79228
-3.767 1.79323
-3.74474 1.83327
-3.64061 1.83456
-3.60699 1.87732
-3.66134 1.91872
-3.86774 1.86139
-3.82808 1.9492
-4.00066 1.93089
-4.05292 1.8541
-4.15354 1.79537
-4.23481 1.86668
-4.12996 1.90284
-4.23168 1.94162
-4.13016 1.9504
-4.19691 2.00417
-4.08365 2.01955
-3.91747 2.02328
-4.04928 2.13316
-4.20467 2.09865
-4.22459 2.25825
-4.33904 2.14187
-4.32786 2.01669
-4.47643 2.08353
-4.49009 1.95854
-4.3663 1.90856
-4.54227 1.83539
-4.38968 1.82372
-4.49641 1.76794
-4.34288 1.78744
-4.52357 1.71215
-4.28078 1.76063
-4.71248 1.67405
-4.74943 1.60626
-4.90231 1.50409
-5.08669 1.38559
-5.12049 1.43488
-4.93488 1.53908
-5.1473 1.46687
-4.97254 1.57653
-5.17828 1.54549
-5.04247 1.63624
-5.16738 1.63256
-4.99143 1.73207
-4.87074 1.70183
-4.80104 1.81809
-4.70817 1.78221
-4.6387 1.88199
-4.72835 1.91872
-4.61211 1.99627
-4.73496 1.99833
-4.6392 2.13118
-4.46197 2.24308
-4.60814 2.2546
-4.56663 2.34749
-4.38597 2.43935
-4.11677 2.43465
-4.25361 2.64778
-4.4368 2.58839
-4.48471 2.75229
-4.22651 2.93219
-4.42304 2.96759
-4.31709 3.24302
-4.62983 2.96163
-4.6283 3.3057
-4.84311 3.04842
-5.04246 2.897
-5.16386 2.96526
-5.20875 2.72618
-5.11835 2.58405
-5.32556 2.47361
-5.23463 2.35733
-5.35151 2.25048
-5.24512 2.18564
-5.08084 2.35754
-5.10888 2.17332
-5.20605 1.99338
-4.99306 2.10937
-4.97069 2.26589
-4.76212 2.26328
-4.86234 2.43357
-4.95278 2.55937
-4.90046 2.7778
-4.74925 2.66347
-4.61138 2.5027
-4.83776 2.04971
-5.03044 1.9335
-4.8794 1.8874
-5.04952 1.80276
-5.14113 1.71578
-5.19363 1.80958
-5.287 1.68231
-5.3409 1.58073
-5.44791 1.65192
-5.56012 1.5632
-5.38303 1.47273
-5.60597 1.4664
-5.50702 1.39743
-5.33368 1.39442
-5.53597 1.32014
-5.3044 1.3379
-5.48583 1.29785
-5.30009 1.34641
-5.32036 1.37586
-5.25251 1.41037
-5.43791 1.38434
-5.57005 1.37686
-5.74142 1.34592
-5.64521 1.34278
-5.81098 1.33141
-5.73272 1.31682
-5.78682 1.30578
-5.87967 1.33525
-5.80458 1.31391
-5.69425 1.29897
-5.76831 1.29744
-5.90363 1.32537
-5.90728 1.32812
-5.68139 1.30515
-5.76794 1.34988
-5.68205 1.3991
-5.86849 1.422
-5.80201 1.48628
-5.9609 1.48102
-5.97455 1.54937
-5.80657 1.60923
-5.69602 1.52886
-5.60994 1.69953
-5.78243 1.75377
-5.62996 1.86522
-5.40432 1.8029
-5.42561 2.04311
-5.62327 2.07238
-5.48023 2.25312
-5.63925 2.30258
-5.48508 2.46993
-5.36126 2.77967
-5.59891 2.62305
-5.48438 2.88195
-5.70123 2.41766
-5.77721 2.51938
-5.79432 2.30225
-5.92755 2.40403
-5.93814 2.16932
-5.78148 2.11145
-5.91956 1.97893
-5.76896 1.93871
-5.87923 1.84127
-5.76893 1.83901
-5.98064 1.72461
-6.04257 1.86498
-6.1439 1.77859
-6.15503 1.68467
-6.01918 1.62809
-6.15425 1.59599
-6.07834 1.51988
-6.20127 1.55241
-6.0647 1.4589
-6.24309 1.5239
-6.15317 1.45168
-6.03889 1.39491
-5.93331 1.37543
-6.12307 1.41752
-6.02645 1.37305
-6.17628 1.43374
-6.02644 1.37966
-5.97375 1.34095
-6.09103 1.39142
-6.09513 1.39247
-5.91008 1.35112
-6.01392 1.40275
-7.07662 3.11159
-6.97553 2.93812
-6.8533 2.91519
-6.81214 2.65893
-6.59105 2.46242
-6.65025 2.33241
-6.53965 2.28821
-6.51429 2.17682
-6.4333 2.04424
-6.52226 2.04332
-6.58603 2.17016
-6.68235 2.1506
-6.84254 2.45472
-6.86587 2.30342
-6.77381 2.08152
-6.64978 2.01058
-6.63563 1.90334
-6.52932 1.91977
-6.47077 1.75826
-6.55262 1.75342
-6.7213 1.87017
-6.58125 1.75879
-6.61712 1.73478
-6.78032 1.84715
-6.7218 1.77637
-6.57404 1.67725
-6.45276 1.60504
-6.452 1.58136
-6.30099 1.51651
-6.27782 1.50579
-6.16833 1.45208
-6.33173 1.50191
-6.27915 1.46771
-6.44695 1.56464
-6.56604 1.6563
-6.61007 1.68504
-6.70636 1.74333
-6.84112 1.85045
-6.88419 1.92398
-6.9756 2.01738
-7.0191 2.12851
-6.902 1.99498
-7.0216 2.23311
-6.87961 2.07399
-6.97455 2.26035
-6.90327 2.21491
-6.75327 1.97841
-6.99157 2.37804
-6.99263 2.54457
-7.09526 2.56345
-7.1696 2.76236
-7.0262 2.76337
-7.13351 3.01286
-7.23945 2.96208
-7.26273 3.083
-7.21884 3.20165
-7.35217 3.19165
-7.35161 3.35033
-7.68076 3.47396
-8.43843 4.20495
-8.4575 4.30997
-8.46602 4.4145
-8.42941 4.31984
-8.39086 4.20897
-8.39429 4.31575
-8.31723 4.07805
-8.32639 4.22202
-8.2353 4.02792
-8.28914 4.27455
-8.36539 4.40524
-8.33474 4.46846
-8.27838 4.43336
-8.18442 4.29885
-8.23701 4.52164
-8.31877 4.63014
-8.23708 4.72702
-8.13434 4.55382
-8.15268 4.82594
-8.30465 4.84847
-8.31247 5.04544
-8.37971 4.8382
-8.38377 4.60482
-8.46015 4.75236
-8.4466 4.52925
-8.44697 4.93888
-8.37868 5.0593
-8.39151 5.20349
-8.31295 5.27786
-8.04856 4.78849
-7.98408 4.53395
-7.94359 4.75065
-7.86673 4.59688
-7.80739 4.31265
-7.70666 4.59859
-7.62772 4.35935
-7.54209 4.50844
-7.43619 4.2746
-7.61328 4.17209
-7.48161 3.973
-7.20122 3.98131
-6.92075 4.28796
-6.91657 3.74127
-6.7338 3.48611
-6.56417 3.40864
-6.64998 3.16524
-6.87924 3.32125
-6.73568 2.99712
-6.54962 2.80576
-6.46377 3.05943
-6.37577 2.77299
-6.3962 2.53108
-6.22389 2.5925
-6.26569 2.96958
-6.12489 2.78223
-6.0464 2.57559
-6.11557 2.29854
-6.28885 2.34282
-6.29626 2.10861
-6.09193 2.03487
-6.22262 1.89712
-6.41519 1.91815
-6.28455 1.77921
-6.42936 1.76755
-6.29729 1.6796
-6.40273 1.68022
-6.28986 1.61553
-6.34342 1.59728
-6.45915 1.66023
-6.39723 1.58124
-6.27871 1.49587
-6.56529 1.68256
-6.59233 1.69529
-6.70065 1.75336
-6.85369 1.86617
-6.7418 1.82318
-6.88923 1.98511
-6.97763 2.06854
-7.0462 2.20659
-7.07857 2.2383
-7.11563 2.37669
-7.16045 2.44361
-7.10349 2.29985
-7.14701 2.4251
-7.08253 2.28807
-7.10294 2.37255
-7.16099 2.53145
-7.07492 2.39427
-7.04949 2.40057
-7.242 2.70867
-7.3178 2.73175
-7.23943 2.63004
-7.40487 2.79645
-7.36601 2.79204
-7.23506 2.62362
-7.25163 2.69083
-7.16981 2.53844
-7.15405 2.49883
-7.19285 2.60949
-7.07998 2.42398
-7.16753 2.63826
-7.29406 2.7886
-7.28174 2.8899
-7.44175 2.9948
-7.4494 2.89471
-7.55949 3.04612
-7.64038 3.06974
-7.55958 2.96154
-7.51822 2.90351
-7.66133 3.04393
-7.72915 3.12426
-7.80164 3.16809
-7.76647 3.16208
-7.61243 2.99252
-7.6129 3.0042
-7.51679 2.90869
-7.47713 2.87145
-7.57966 3.01583
-7.40251 2.86305
-7.5069 3.06354
-7.33853 2.92477
-7.27992 2.82324
-7.41732 3.10369
-7.32701 3.07933
-7.4995 3.33121
-7.5678 3.24275
-7.68073 3.27834
-7.70407 3.1586
-7.84572 3.37828
-7.95728 3.5348
-8.01749 3.56334
-7.91951 3.37443
-8.04487 3.49268
-7.92022 3.30784
-8.05221 3.444
-7.8976 3.28365
-8.02711 3.44301
-7.84623 3.2575
-7.70142 3.1877
-7.85233 3.32714
-7.77559 3.31166
-7.905 3.44097
-7.76166 3.38413
-7.66343 3.22927
-7.59989 3.2781
-7.54224 3.13846
-7.41853 3.10499
-7.48844 3.26559
-7.59109 3.37837
-7.51585 3.37508
-7.61702 3.50594
-7.44564 3.41769
-7.41795 3.30136
-7.26863 3.27003
-7.31822 3.46294
-7.50687 3.58873
-7.35016 3.68838
-7.58838 3.7978
-7.69593 4.02314
-7.78523 3.89061
-7.7084 3.69942
-7.894 3.82685
-7.82449 3.63004
-7.72542 3.45511
-7.93013 3.57228
-8.00401 3.78564
-8.09811 3.78919
-8.0519 3.62174
-8.00967 3.47095
-8.1257 3.66402
-8.14675 3.6461
-8.1634 3.62482
-8.21773 3.7366
-8.2599 3.85043
-8.19743 3.77864
-8.26116 3.91454
-8.18668 3.8363
-8.32395 4.0414
-8.33788 4.01539
-8.2793 3.84789
-8.33134 3.97791
-8.25987 3.78861
-8.30998 3.93409
-8.15477 3.63867
-8.22767 3.74501
-8.44275 4.22086
-8.37467 4.07989
-8.39196 4.16059
-8.12429 3.93845
-8.18908 4.10367
-8.06209 4.01677
-8.01542 4.24414
-7.93076 4.00044
-7.85214 4.0808
-7.21531 3.50933
-7.10716 3.5841
-7.10714 3.32713
-6.91582 3.0212
-7.09239 3.12157
-7.17833 3.05893
-7.00999 2.89606
-7.10789 2.8518
-7.00431 2.72495
-7.04119 2.61765
-6.94097 2.55345
-6.902 2.66953
-6.8329 2.46283
-6.77473 2.5753
-6.71443 2.36112
-6.66026 2.48198
-6.57972 2.303
-6.64442 2.16646
-6.78968 2.2513
-6.71369 2.07101
-6.82606 2.10075
-6.69534 1.91786
-6.58745 1.99322
-6.54565 1.85786
-6.49461 2.11244
-6.56363 1.75575
-6.8216 1.96448
-6.90732 2.10262
-6.98222 2.20231
-6.968 2.25283
-6.91295 2.21567
-6.98588 2.39427
-6.89351 2.29006
-6.95753 2.44533
-6.88343 2.39469
-7.08719 2.56473
-7.04308 2.40771
-7.15825 2.76477
-7.02728 2.24361
-7.0814 2.34664
-6.43041 2.29631
-6.54591 2.50724
-6.71346 2.72952
-6.85569 2.78067
-7.23879 2.98805
-7.33888 3.16928
-7.58788 3.10616
-6.38817 3.32629
-7.8236 4.82113
-6.18631 1.44638
-6.28867 1.50368
-6.17986 1.45732
-6.30438 1.56343
-6.17206 1.52058
-6.39304 1.91366
-6.36304 1.76382
-6.32712 1.63179
-6.43082 1.65184
-6.45528 1.65321
-5.6243 1.30018
-5.50008 1.328
-4.63202 3.66084
-4.80419 3.82544
-4.61669 3.95438
-4.18794 3.51572
-4.0103 3.19902
-3.97627 2.96421
-4.06735 2.78243
-4.01381 2.60852
-3.87235 2.59754
-3.90701 2.4357
-4.01071 2.38034
-4.00121 2.28898
-3.82668 2.27718
-3.68252 2.20122
-3.86204 2.14904
-3.70182 2.04828
-3.53463 2.15805
-2.56764 2.38199
-2.64708 2.34586
-2.70015 2.25208
-2.8499 2.11025
-2.7834 2.16123
-2.93077 2.08027
-3.01349 2.00219
-2.93751 2.0518
-3.10701 1.99342
-3.04441 2.04177
-3.18339 1.99195
-3.24855 1.94837
-3.37676 1.91928
-3.3661 1.89479
-3.20336 1.94802
-3.33483 1.89508
-3.22656 1.94896
-3.09523 1.99151
-3.13859 1.98663
-3.05572 2.04014
-2.64946 3.73959
-2.75579 3.73412
-5.23364 3.89924
-5.36218 4.02169
-5.36019 3.6136
-5.54029 3.70991
-5.49397 3.43172
-5.60485 3.39932
-5.72827 3.53155
-5.86264 3.33807
-5.93258 3.67956
-5.72422 3.93729
-5.93597 4.09859
-6.08148 3.90732
-5.52344 4.09387
-5.41685 4.23433
-6.00196 5.76509
-5.98036 5.43185
-5.87952 5.66153
-5.84789 5.50957
-5.81406 5.31358
-5.61583 5.26581
-5.39788 5.23624
-5.77286 4.96274
-5.94297 5.09794
-6.1411 5.10277
-5.20219 5.30475
-5.07972 5.14131
-4.96389 5.27454
-2.0879 4.20135
-2.20106 2.70965
-1.32119 3.73874
-1.29672 3.77773
-1.27606 3.88237
-1.20666 4.03762
-1.12647 4.15805
-1.16028 4.24604
-1.09913 4.37999
-1.12279 4.44639
-1.11828 4.60043
-1.06133 4.82348
-1.16606 4.2952
-1.1955 4.41961
-1.20899 4.11786
-1.43634 3.82877
-1.47575 3.70894
-1.52072 3.61225
-4.01243 6.97491
-4.11982 7.14465
-4.22028 6.85718
-4.27586 6.54032
-4.40169 6.6792
-4.4302 6.36375
-4.24185 6.2424
-4.42489 6.0861
-4.57863 6.55585
-5.271 7.4808
-4.57726 7.5905
-3.8072 7.95646
-3.64371 8.01609
-3.68241 8.17454
-3.54219 8.21279
-8.16022 6.68062
-8.09579 6.87575
-8.16225 6.89279
-8.09935 7.03451
-8.02454 7.09481
-8.06034 7.22525
-8.14985 7.05888
-7.86891 7.65587
-7.88541 7.54905
-7.96804 7.45201
-7.95816 7.32142
-7.87381 7.40827
-7.77127 7.62453
-7.80907 7.70326
-7.68059 7.82697
-7.5886 7.99264
-7.93564 7.19117
-4.09549 9.33445
-4.17756 9.10475
-4.23179 9.24443
-7.40849 8.11199
-1.04294 4.68358
