3.98356 -0.554733
3.82949 -0.449946
3.70354 -0.344111
3.75928 -0.532834
3.62184 -0.467133
3.51397 -0.346633
3.53343 -0.22707
3.35919 -0.124325
2.19241 -0.0330594
2.77568 0.0866552
2.91442 0.0257125
3.15675 -0.0364467
3.1874 -0.117362
3.37918 -0.206583
3.28774 -0.210798
3.20837 -0.271396
3.03054 -0.157189
3.04123 -0.298645
2.938 -0.194609
2.91131 -0.253214
2.81388 -0.163989
2.89289 -0.10109
2.75253 -0.0765632
2.59922 -0.182874
2.60558 -0.0457223
2.46901 -0.0527959
2.35645 -0.206406
2.3257 0.0197871
2.47054 0.0689305
2.57467 0.0190732
2.62229 0.105878
2.70722 0.0196269
2.17634 -0.141116
2.08829 -0.0868987
1.95188 -0.177967
2.17026 -0.300482
2.07164 -0.523501
2.29199 -0.412616
2.45521 -0.344569
2.42421 -0.468979
2.28746 -0.66198
2.47736 -0.618566
2.60363 -0.449318
2.63863 -0.76929
2.83548 -0.588275
2.7853 -0.317031
2.96697 -0.409695
3.03248 -0.627522
3.18731 -0.52037
3.183 -0.862953
3.32852 -0.780237
3.40152 -0.624734
3.33303 -0.426056
3.49446 -0.491933
3.36774 -0.312485
3.59119 -0.721421
3.67719 -0.59643
3.78737 -0.792721
3.80532 -0.659368
3.91402 -0.635178
3.89948 -0.756198
4.03626 -0.795799
4.08135 -0.700393
4.18784 -0.854982
5.22632 -2.86712
5.35194 -3.12081
5.19297 -2.91034
5.08127 -2.70064
5.109 -2.62003
4.93363 -2.40995
4.92634 -2.57582
4.75028 -2.26425
4.79357 -2.17105
4.85941 -2.17429
4.74139 -1.99363
4.67215 -2.02514
4.63786 -1.86431
4.53176 -1.84025
4.53949 -1.67822
4.67076 -1.80456
4.60329 -1.63094
4.71053 -1.72267
4.60998 -1.51802
4.47756 -1.43607
4.5265 -1.31023
4.3553 -1.2073
4.39881 -1.1547
4.29419 -1.00484
4.1326 -0.961411
4.22119 -1.08703
4.10176 -1.10449
4.24462 -1.1902
4.32717 -1.35822
4.18603 -1.30237
4.28741 -1.48958
4.40652 -1.52723
4.40923 -1.6683
4.30062 -1.68889
4.4472 -1.88035
4.5729 -2.02387
4.55368 -2.16906
4.76889 -2.49567
4.61474 -2.43776
4.44555 -2.18964
4.3552 -1.95013
4.23716 -2.10573
4.18073 -1.74451
4.04135 -1.79197
4.00323 -1.53443
3.85192 -1.66612
3.96958 -1.9562
3.80481 -1.88322
3.69852 -1.73883
3.67834 -1.94886
3.50418 -1.71185
3.65094 -1.49167
3.45597 -1.36545
3.36593 -1.49748
3.24392 -1.65595
3.38559 -1.89225
3.2563 -2.07254
3.08195 -1.89038
3.00384 -2.1544
2.89365 -1.92552
2.99354 -1.63808
2.77561 -1.69498
2.86322 -1.36342
3.08028 -1.3185
2.93846 -1.07302
3.10047 -1.0821
2.98954 -0.826944
3.24744 -1.25205
3.38183 -1.05018
3.58138 -1.18299
3.49799 -0.883755
3.70961 -0.99176
3.80516 -1.31574
3.86137 -1.12244
3.85607 -0.971675
3.97094 -0.909132
3.95857 -1.06782
4.00495 -1.27012
4.15816 -1.49113
3.14583 -1.21115
2.83167 -0.844572
2.74374 -1.07999
2.54472 -1.08615
2.4091 -0.868199
2.38788 -1.12311
2.21389 -1.09634
2.30787 -1.29152
2.17521 -1.39669
2.09503 -1.29601
1.97353 -1.21814
1.99289 -1.51752
1.8047 -1.51334
1.72621 -1.30361
1.65407 -1.56154
1.53878 -1.51504
1.51815 -1.74034
1.38566 -1.72226
1.34896 -1.95551
1.22452 -1.91702
1.2343 -1.69726
1.13002 -1.89232
1.09003 -2.04082
1.01615 -2.02821
0.969371 -2.18821
0.891123 -2.16293
0.823779 -2.34362
0.786066 -2.32453
0.681166 -2.51135
0.70025 -2.45389
0.590717 -2.59776
0.615568 -2.51548
0.697307 -2.31111
0.58445 -2.39999
0.507964 -2.62463
0.458056 -2.45352
0.404115 -2.66207
0.35343 -2.76358
0.118832 -3.54693
0.206112 -3.3487
0.279751 -3.16145
0.258653 -3.22342
0.329349 -2.97455
0.37908 -2.87386
0.434566 -2.80952
0.483524 -2.74421
0.398261 -2.93326
0.374825 -2.92036
0.314958 -3.07022
0.272973 -3.19511
0.386475 -2.98941
0.272313 -3.24846
0.334166 -3.18281
0.376583 -3.15659
0.483122 -2.87026
0.509222 -2.98382
0.596831 -2.71957
0.658072 -2.80356
0.749671 -2.55914
0.824332 -2.63417
0.904836 -2.39196
0.959804 -2.47668
1.10928 -2.19979
1.0929 -2.51166
1.33496 -2.198
1.48733 -1.93356
1.58203 -2.03746
1.64891 -1.75839
1.79915 -1.77016
1.78442 -2.02301
1.94083 -1.79394
2.10689 -1.6753
2.28518 -1.53141
2.2193 -1.8305
2.41422 -1.65675
2.4357 -1.3493
2.62223 -1.43353
2.54718 -1.86718
2.71387 -1.97649
2.57078 -2.18637
2.37353 -2.17336
2.41279 -2.40492
2.21454 -2.45178
2.31031 -2.7253
2.07827 -2.72366
2.03224 -3.08685
2.3142 -3.16868
2.51574 -2.82439
2.59814 -2.49259
2.7369 -2.7234
2.87196 -2.43823
2.97797 -2.68874
3.13084 -2.40785
3.26005 -2.73414
3.39034 -2.39012
3.52655 -2.10979
3.56023 -2.37406
3.72092 -2.34132
3.69175 -2.13067
3.83708 -2.11844
3.93012 -2.36799
4.05505 -2.2344
4.23649 -2.38911
4.4116 -2.47006
4.46166 -2.35526
4.61665 -2.62053
4.86316 -2.83117
4.76583 -2.92184
4.96396 -3.19674
5.0711 -3.20156
5.10778 -3.05713
4.93845 -2.75568
5.08047 -2.83677
5.21062 -3.03722
5.29249 -3.27544
5.42309 -3.43044
5.46075 -3.33106
5.50717 -3.56028
5.52055 -3.76598
5.3857 -3.53436
5.40367 -3.73083
5.49967 -3.99254
5.36976 -3.89897
5.25177 -3.48108
5.23419 -3.70108
5.25644 -3.96309
5.14677 -3.69955
5.12722 -3.45838
5.0462 -3.47341
4.93608 -3.37442
4.83439 -3.15576
4.80051 -3.28629
4.90656 -3.51884
5.02349 -3.63699
4.96045 -3.79028
4.77039 -3.5415
4.87598 -4.00071
4.6728 -3.73733
4.74057 -4.06509
4.57707 -3.89981
4.68716 -4.37697
4.86185 -4.35309
4.93915 -4.87757
4.66655 -4.93137
4.93197 -5.49076
5.15317 -5.50318
5.18883 -5.01531
5.27299 -5.42064
5.31576 -5.7592
5.40606 -5.58826
5.32688 -5.24886
5.44925 -5.26784
5.32067 -4.99762
5.41296 -4.87249
5.25628 -4.62997
5.3964 -4.54559
5.26584 -4.26801
5.14805 -4.28626
5.12514 -3.96477
5.0319 -4.10167
5.04636 -4.46438
5.38986 -4.22923
5.51668 -4.50639
5.49937 -4.21515
5.60942 -4.46376
5.58264 -4.23692
5.62764 -4.12774
5.69195 -4.40849
5.77071 -4.37958
5.68773 -4.03979
5.60759 -3.71699
5.76037 -4.02252
5.69747 -3.76528
5.58701 -3.53989
5.80355 -3.98256
5.90185 -4.20442
5.83592 -4.12553
5.87774 -4.29039
5.80136 -4.23634
5.88758 -4.45484
6.01063 -4.59647
5.94651 -4.78095
6.10785 -4.95217
6.12595 -4.82061
6.09839 -4.65446
6.01284 -4.45724
6.08649 -4.5337
6.03103 -4.3646
5.95298 -4.38687
6.13453 -4.62912
6.13817 -4.67802
6.16619 -4.72896
6.21096 -4.82668
6.44871 -5.76376
6.47371 -5.94696
6.41538 -5.79556
6.40577 -5.98265
6.49407 -6.13374
6.43631 -6.27659
6.30819 -6.17343
6.29285 -5.87518
6.18964 -5.88306
6.20995 -5.64122
6.33031 -5.70244
6.20917 -5.34663
6.39728 -5.58967
6.28357 -5.29841
6.36451 -5.4754
6.29979 -5.24391
6.34729 -5.34081
6.30693 -5.2052
6.21521 -4.88261
6.24318 -4.9584
6.25856 -5.06667
6.23709 -5.08072
6.17131 -4.85431
6.18851 -5.05884
6.08096 -5.12398
6.10031 -5.39899
5.98261 -5.15224
5.8832 -4.92612
5.8035 -4.65808
5.78256 -4.87207
5.71148 -4.6362
5.66281 -4.82678
5.77649 -5.02807
5.87248 -5.20685
5.75869 -5.2513
5.87667 -5.50032
5.93092 -5.467
6.00664 -5.481
5.97057 -5.67881
6.07753 -5.80206
6.0327 -5.98711
6.15871 -6.09629
6.11572 -6.38147
6.21515 -6.30126
6.29874 -6.53067
6.21509 -6.78549
6.34794 -6.94808
6.40976 -6.68457
6.39946 -6.45088
6.5525 -6.58878
6.52091 -6.32326
6.51968 -6.45766
6.54754 -7.29785
6.52491 -7.11452
6.46345 -7.20777
6.49627 -7.67188
6.5124 -7.57786
6.56898 -7.45439
6.50094 -7.78684
6.51641 -7.90549
6.48674 -8.956
6.51572 -8.86601
6.5427 -8.76376
6.4965 -8.82866
6.5288 -8.72125
6.51146 -8.71306
6.53458 -8.66527
6.55415 -8.65701
6.5566 -8.55372
6.57795 -8.43551
6.48026 -8.62562
6.49165 -8.38979
6.54758 -8.27952
6.49279 -8.14921
6.54518 -8.05652
6.38756 -7.88746
6.37329 -8.20894
6.24878 -7.86932
6.26289 -7.64821
6.33037 -7.56106
6.21368 -7.36632
6.12274 -7.48882
6.09613 -7.1188
5.99595 -7.15447
6.01159 -6.90212
5.91348 -6.89978
5.92812 -6.6052
6.08756 -6.75517
5.98945 -6.42486
5.96275 -6.1236
5.87059 -6.23235
5.83403 -5.87624
5.90886 -5.80124
5.81074 -5.59367
5.70166 -5.52348
5.71499 -5.96799
5.58007 -5.58314
5.57404 -5.29898
5.62006 -5.11889
5.51463 -5.06089
5.52349 -4.80944
5.48831 -5.57739
5.54974 -5.88838
5.43507 -5.96996
5.54423 -6.21377
5.66799 -6.28551
5.79591 -6.35635
5.7851 -6.65551
5.61633 -6.56294
5.73303 -6.86731
5.82186 -6.96089
5.90209 -7.1302
5.7792 -7.24367
5.97289 -7.40597
5.94267 -7.60789
6.09647 -7.82679
6.2331 -8.15759
6.13188 -8.27597
5.98949 -7.93005
6.00349 -8.30657
5.85028 -7.91142
5.86692 -7.64884
5.76358 -7.57035
5.66451 -7.70009
5.6412 -7.37608
5.49475 -6.98905
5.63234 -6.87725
5.49742 -6.64422
5.29044 -6.41304
5.43467 -6.28117
5.28316 -5.99847
5.36739 -6.01931
5.12737 -5.92296
4.95987 -6.13559
5.20067 -6.78916
4.93237 -6.59147
4.78457 -6.28681
4.6595 -5.95599
4.68684 -5.53473
4.42109 -5.55997
4.41802 -5.08049
4.41493 -4.67736
4.51081 -4.47096
4.30258 -4.3017
4.44719 -4.08177
4.2144 -3.90396
4.34385 -3.59835
4.534 -3.63362
4.51381 -3.37842
4.25664 -3.15365
4.08944 -3.30292
4.01282 -2.98897
4.16385 -2.816
3.90803 -2.65071
3.78036 -2.91784
3.8838 -3.19402
3.66079 -3.18166
3.80766 -3.46006
3.62467 -3.56013
3.49603 -3.314
3.45543 -3.01158
3.33162 -3.33127
3.44644 -3.58083
3.27009 -3.76567
3.55668 -4.01787
3.31822 -4.36602
3.62845 -4.66845
3.83159 -4.36538
3.84148 -3.88926
3.96143 -4.23794
4.07374 -4.11895
4.02473 -3.81094
4.09226 -3.59114
3.93705 -3.61883
3.95546 -3.41457
4.13109 -4.59167
3.91302 -4.78447
4.13311 -5.16547
3.84956 -5.11493
3.55177 -5.20706
3.4059 -4.81407
3.34247 -5.01818
3.19225 -4.80319
3.21837 -5.24132
3.00597 -5.03228
2.95348 -4.70552
3.09053 -4.44804
2.8895 -4.30296
3.09571 -4.07657
2.94227 -3.92349
3.06421 -3.73122
2.90656 -3.61545
2.75337 -3.9601
2.66293 -3.52719
2.49852 -4.05636
2.3752 -3.77229
2.4447 -3.40833
2.25676 -3.57152
2.13486 -3.95266
2.01739 -3.60467
1.84641 -4.21613
2.06885 -4.40131
2.2737 -4.15186
2.32205 -4.53949
2.62372 -4.3932
2.54023 -4.82715
2.75636 -4.64743
2.77584 -4.99198
2.51481 -5.31148
2.88206 -5.4111
2.61457 -5.75928
2.8987 -5.8948
2.68024 -6.12725
2.95636 -6.41017
2.5564 -6.49229
2.717 -6.99956
3.11572 -6.91093
3.00797 -7.33615
3.29911 -7.22611
3.2875 -7.61906
3.64658 -7.34838
3.49904 -6.91081
3.80856 -7.05274
3.99447 -7.3165
4.07123 -6.97583
3.79024 -6.74339
4.00138 -6.54857
3.76056 -6.50122
3.67335 -6.22504
3.55598 -6.5302
3.32917 -6.27275
3.39533 -5.90738
3.69169 -5.75572
3.39961 -5.55193
3.15303 -5.66537
3.13975 -6.02111
3.87316 -5.48298
3.98379 -5.81015
4.15587 -5.6294
4.22065 -6.04489
4.43238 -5.95666
4.00443 -5.35369
4.48001 -6.30057
4.61832 -6.20482
4.71125 -6.48357
4.57879 -6.65263
4.83292 -6.81164
5.05601 -6.97282
4.94218 -7.14497
5.10828 -7.21925
5.251 -7.22233
5.36511 -7.10613
5.48231 -7.38044
5.36292 -7.53906
5.51345 -7.72172
5.63722 -7.97243
5.75683 -8.00169
5.74488 -8.19609
5.86475 -8.24617
5.81462 -8.42563
5.94803 -8.60086
6.07952 -8.61328
6.10217 -8.93541
6.16632 -8.62978
6.09841 -8.47619
6.28753 -8.50168
6.2679 -8.82644
6.39001 -8.73139
6.41558 -8.51389
6.4555 -8.85448
6.36338 -8.93507
6.38461 -9.08008
6.46865 -8.94156
6.42293 -9.13568
6.47263 -8.99447
6.40228 -9.15984
6.45099 -8.99615
6.46611 -9.03881
6.41553 -9.07835
6.30549 -9.13008
6.26961 -9.1129
6.14734 -9.29797
6.19114 -9.33777
6.26325 -9.24952
6.19964 -9.3806
6.15049 -9.43804
6.10138 -9.53317
6.10073 -9.4543
5.98565 -9.59246
5.99806 -9.41991
6.10757 -9.21495
5.96646 -9.28058
5.84487 -9.47083
5.82258 -9.61847
5.71072 -9.57626
5.6585 -9.66883
5.68114 -9.74869
5.85765 -9.72797
5.69671 -9.81902
5.51648 -9.80088
5.4971 -9.83948
5.37845 -9.83834
5.30025 -9.85763
5.21602 -9.8487
5.03235 -9.84688
5.03753 -9.78847
5.31242 -9.78986
5.19424 -9.73295
5.32853 -9.73534
5.48324 -9.71789
5.31739 -9.66664
5.45064 -9.61329
5.57928 -9.61897
5.5349 -9.55054
5.62823 -9.54247
5.71637 -9.47211
5.5956 -9.47371
5.6926 -9.3776
5.81883 -9.35174
5.77853 -9.25252
5.89568 -9.20366
6.00958 -9.14021
6.07745 -9.14897
6.10435 -9.07094
6.2029 -9.04086
6.17544 -8.99944
6.05447 -9.0241
5.92673 -9.04842
5.94944 -9.10421
5.86708 -9.11265
5.76394 -9.20009
5.64796 -9.29204
5.50901 -9.36336
1.75614 -0.287828
1.75511 -0.470727
1.6323 -0.395432
1.61243 -0.584691
1.47834 -0.60159
1.49294 -0.762024
1.41982 -0.728473
1.54447 -0.494925
1.23691 -1.00141
1.15385 -1.16071
1.08447 -1.27528
0.759909 -1.8908
0.648296 -2.06682
0.543734 -2.25494
-0.168908 -4.38037
-0.137773 -4.21816
-0.0301657 -3.99453
-0.0331564 -4.08722
0.0531015 -3.72923
-0.00220108 -4.01743
0.0543299 -3.95929
0.124425 -3.63797
0.122429 -3.53118
0.20625 -3.40413
0.193914 -3.49538
0.277898 -3.36175
0.213734 -3.64509
0.312556 -3.47411
0.429222 -3.29298
0.373453 -3.57344
0.480844 -3.46603
0.584711 -3.11437
0.625399 -3.31529
0.681631 -3.07971
0.736531 -2.88763
0.790224 -3.03554
0.894196 -2.72055
0.972705 -2.85092
1.16948 -2.79883
1.27634 -2.45786
1.39051 -2.52218
1.43371 -2.30307
1.59724 -2.30545
1.53738 -2.57992
1.67304 -2.43424
1.79417 -2.25318
1.99255 -2.00211
1.93618 -2.28454
2.14962 -2.17474
2.3441 -1.94228
1.95385 -2.52764
1.78032 -2.47028
1.64688 -2.76018
1.65909 -2.55948
1.45605 -2.78013
1.36697 -2.71657
1.30926 -2.92827
1.43974 -2.94326
1.31853 -3.13776
1.47621 -3.14127
1.67042 -3.04053
1.8643 -2.87412
1.77565 -3.19757
1.83813 -3.44153
1.69306 -3.86811
1.63822 -3.53761
1.50653 -3.83427
1.40747 -3.65926
1.36519 -3.95559
1.2905 -3.92156
1.19205 -3.88464
1.20413 -4.17682
0.986266 -4.20721
1.00011 -4.56389
1.21679 -4.48019
1.41852 -4.17593
1.37411 -4.59418
1.58239 -4.3145
1.60618 -4.70936
1.85371 -4.64833
1.76694 -5.02797
2.03266 -4.83976
1.97926 -5.32376
2.26224 -5.04693
2.22877 -5.41256
2.32157 -5.72475
2.09299 -5.66774
2.09455 -6.12044
2.41816 -6.10879
2.28944 -6.4456
2.34518 -6.86158
2.08425 -6.65681
2.08102 -7.1925
2.41119 -7.36678
2.73841 -7.59469
2.46294 -7.79279
2.69345 -8.06851
3.0141 -7.90402
2.99104 -7.62368
3.41937 -8.06035
3.75113 -7.77544
3.86656 -8.16771
4.06666 -7.96541
4.14216 -7.66782
3.88801 -7.53056
4.33614 -7.32732
4.57082 -7.76029
4.7379 -7.3487
4.40383 -6.89329
4.71222 -6.97405
4.28347 -6.42814
3.97824 -6.13286
5.13129 -7.50913
4.93682 -7.79784
5.18884 -7.90788
5.38393 -7.8443
5.349 -8.17809
5.55082 -8.13419
5.52742 -7.91625
5.66269 -8.16533
5.68953 -8.35505
5.52264 -8.48501
5.76073 -8.67672
5.50765 -8.86047
5.79856 -9.00449
5.92955 -8.88409
5.9551 -9.083
6.0284 -9.24259
6.17459 -9.23758
6.27249 -9.07026
6.28182 -9.25422
6.351 -9.25251
6.25815 -9.40769
6.34782 -9.31763
6.25375 -9.49339
6.30113 -9.3849
6.30944 -9.23727
6.2023 -9.46638
6.18019 -9.56654
6.08267 -9.63981
6.03765 -9.70588
6.15213 -9.62026
6.15525 -9.56148
6.03843 -9.67919
6.0203 -9.60857
6.12962 -9.49086
6.01152 -9.51502
6.0878 -9.40172
6.19487 -9.37739
5.91325 -9.42834
5.86003 -9.59471
5.7182 -9.51805
5.71012 -9.36506
5.48995 -9.46377
5.49376 -9.29727
5.28055 -9.36885
5.28867 -9.2457
5.03771 -9.27701
5.10151 -9.12956
5.39157 -9.11508
5.14237 -8.93747
4.84319 -8.99979
4.67442 -8.73524
5.18055 -8.70387
4.95087 -8.47263
4.58028 -8.39378
4.81379 -8.256
4.57316 -8.11395
4.8102 -8.03434
5.06486 -8.17296
4.32851 -7.95389
4.26023 -8.19518
4.16086 -8.4691
3.63187 -8.44368
3.98584 -8.77852
4.43973 -8.9898
4.02932 -9.02353
3.6214 -8.97041
3.39005 -8.71932
3.14561 -8.96386
2.97049 -8.69996
2.69581 -8.86025
2.61479 -8.49841
3.08454 -8.36041
2.34353 -8.15329
2.33238 -8.46267
2.13303 -8.38298
2.03614 -8.0226
1.90639 -8.26011
1.74821 -7.91841
1.69381 -8.33219
1.943 -8.54356
1.71122 -8.65885
1.96105 -8.77806
2.26633 -8.71468
2.07055 -8.95926
2.4123 -9.04773
2.8192 -9.12251
2.57468 -9.18365
2.36334 -9.23561
2.13304 -9.14114
2.15396 -9.23474
1.98593 -9.22581
2.15729 -9.31181
1.91825 -9.32946
2.13109 -9.42529
2.42851 -9.37824
2.72615 -9.29641
2.76644 -9.43843
3.11852 -9.38321
3.05504 -9.25644
3.46219 -9.28103
3.17588 -9.15829
3.43405 -9.11388
3.80243 -9.15361
3.98069 -9.30414
4.29717 -9.1858
4.34358 -9.32525
4.67942 -9.31433
4.75336 -9.15556
4.99485 -9.4155
4.71966 -9.42304
4.50876 -9.39362
4.53967 -9.46996
4.82401 -9.50404
4.60862 -9.56339
4.94281 -9.60048
5.07062 -9.5153
5.29414 -9.56858
5.24241 -9.47286
5.54953 -9.57478
5.48332 -9.66676
5.6809 -9.61161
5.71775 -9.66829
5.84713 -9.70782
5.64572 -9.71679
5.65894 -9.76347
5.78791 -9.7791
5.92821 -9.74452
5.86521 -9.78377
5.91494 -9.77332
5.73568 -9.80835
5.72868 -9.81239
5.62708 -9.8048
5.56518 -9.83878
5.44011 -9.82603
5.51353 -9.79028
5.33274 -9.7938
5.45603 -9.755
5.2464 -9.77037
5.09152 -9.7961
5.20978 -9.81739
4.91222 -9.81738
5.123 -9.84805
5.33493 -9.85166
5.20047 -9.86171
5.42611 -9.8501
5.59502 -9.8405
4.94586 -9.84701
4.73206 -9.85234
4.67259 -9.84269
4.42958 -9.84409
4.39012 -9.83754
4.16851 -9.85318
4.06252 -9.83303
3.92618 -9.86681
3.73901 -9.86415
3.75824 -9.81022
4.03637 -9.78446
3.79157 -9.76897
3.41555 -9.79063
3.46032 -9.7433
3.70059 -9.7133
3.52034 -9.688
3.23191 -9.68173
3.46377 -9.63572
3.75623 -9.66994
3.79206 -9.58835
3.45525 -9.56405
3.67129 -9.51651
3.37195 -9.47439
3.73248 -9.42453
3.42093 -9.39831
3.04878 -9.48206
3.16466 -9.54622
2.84963 -9.53676
2.46882 -9.50541
2.66517 -9.60654
3.02809 -9.62099
2.8423 -9.68772
3.12966 -9.74841
2.81363 -9.7475
3.06266 -9.78843
3.24771 -9.82631
3.49098 -9.84693
3.26356 -9.87313
3.5011 -9.87947
3.65177 -9.88916
3.31935 -9.87471
3.36033 -9.89029
3.67454 -9.89068
3.96291 -9.87204
3.94297 -9.84748
4.11848 -9.84622
4.20113 -9.85452
4.3023 -9.83282
4.53521 -9.82131
4.37035 -9.77236
4.62278 -9.75001
4.79065 -9.80586
4.81624 -9.75594
4.92461 -9.71955
5.05187 -9.71566
5.00353 -9.68667
5.13047 -9.65048
5.27783 -9.58698
5.36517 -9.58776
5.4201 -9.50199
5.16048 -9.54635
5.34108 -9.46433
5.57186 -9.39934
5.35805 -9.44292
5.20678 -9.50318
5.05008 -9.55416
4.89793 -9.61129
4.93428 -9.6395
4.71904 -9.65705
4.74941 -9.69193
4.54566 -9.70659
4.52575 -9.69595
4.69291 -9.65489
4.50474 -9.6871
4.64854 -9.63983
4.85717 -9.60862
4.44425 -9.68112
4.24532 -9.73654
4.19335 -9.7683
4.04651 -9.78041
3.96426 -9.8072
4.02587 -9.78975
3.79785 -9.82688
3.9033 -9.8305
3.62989 -9.86345
3.55492 -9.83826
3.73349 -9.82185
3.53768 -9.81793
3.674 -9.79175
3.8676 -9.78641
2.26317 -9.75792
2.48041 -9.78393
2.27501 -9.79419
2.08843 -9.70307
2.21612 -9.80649
2.45162 -9.8355
2.46922 -9.83117
2.20455 -9.79197
2.40308 -9.83532
2.15456 -9.79258
2.05083 -9.75537
1.93405 -9.72792
1.90287 -9.7359
1.67519 -9.66433
1.65994 -9.6798
1.42229 -9.58713
1.41291 -9.60005
1.26622 -9.54447
1.15671 -9.50173
1.24961 -9.52461
1.42425 -9.58699
1.60664 -9.65143
1.53167 -9.59531
1.36415 -9.5433
1.43511 -9.53569
1.21564 -9.46246
0.979633 -9.39221
1.03996 -9.36654
1.15476 -9.39278
1.02959 -9.3053
1.18223 -9.36578
1.33854 -9.44877
1.26968 -9.36782
1.14789 -9.29763
1.28985 -9.31193
1.1418 -9.2178
0.999787 -9.20658
0.96876 -9.08658
0.849309 -9.10269
0.811864 -8.99072
0.858671 -8.93529
0.696756 -8.81702
0.839684 -8.76117
0.670707 -8.61553
0.742112 -8.47151
0.585251 -8.4162
0.513927 -8.54858
0.43425 -8.23046
0.578866 -8.15809
0.440524 -8.01268
0.352541 -7.99296
0.360147 -7.75527
0.492575 -7.88171
0.471907 -7.60802
0.34129 -7.39492
0.214472 -7.50143
0.233239 -7.18812
0.162639 -7.27239
0.141591 -7.06836
0.0884867 -7.318
0.0426655 -7.01265
-0.00985909 -7.2024
0.0202236 -7.43564
0.105823 -7.69134
0.246831 -7.84018
0.195024 -7.95572
0.290281 -8.08749
0.217564 -8.12579
0.321422 -8.32549
0.167758 -8.22848
0.126051 -7.98981
0.0681477 -8.03841
0.0305634 -7.8379
-0.0186424 -7.94646
-0.0716782 -7.72464
-0.101418 -7.83849
-0.151702 -7.63207
-0.161952 -7.80674
-0.0631952 -8.04082
-0.137199 -8.00683
-0.0361223 -8.21148
0.0486784 -8.26761
0.0491619 -8.14694
0.12539 -8.30586
0.200381 -8.398
0.2716 -8.41934
0.281242 -8.53929
0.380997 -8.56776
0.536893 -8.79813
0.703184 -8.97776
0.623641 -8.98536
0.497101 -8.90429
0.390203 -8.7123
0.374044 -8.7781
0.277991 -8.63649
0.16979 -8.45138
0.193853 -8.55831
0.084403 -8.40501
0.143765 -8.55437
0.0143127 -8.35904
-0.100593 -8.1488
-0.044693 -8.29455
0.0921421 -8.50754
0.0685921 -8.47186
0.166107 -8.6158
0.232975 -8.73
0.287432 -8.79009
0.367908 -8.9173
0.383058 -8.90779
0.284248 -8.72759
0.411672 -8.876
0.519048 -9.02893
0.646028 -9.09512
0.702394 -9.20364
0.850888 -9.25327
0.751684 -9.11441
0.88843 -9.20307
0.759517 -9.27015
0.963931 -9.39788
1.12915 -9.46976
1.00009 -9.38475
0.810262 -9.28456
0.828283 -9.26783
0.970227 -9.32463
1.15376 -9.43919
1.05906 -9.34699
1.24783 -9.4643
1.3734 -9.5522
1.27055 -9.51118
1.24899 -9.50948
1.15593 -9.47018
1.51886 -9.60534
1.61816 -9.63259
1.43149 -9.55748
1.49094 -9.56923
1.7381 -9.65182
1.82248 -9.7027
1.87417 -9.63807
1.03491 -9.18932
0.856547 -9.07819
0.702049 -8.98015
0.572332 -8.86238
0.709165 -9.04133
0.686061 -9.03382
0.811519 -9.15865
0.818834 -9.1635
0.683517 -9.04852
0.740643 -9.1175
0.83343 -9.21661
0.68388 -9.13179
0.628324 -9.01534
0.512048 -8.98039
0.560489 -9.06972
0.695759 -9.19616
0.63081 -9.16027
0.463931 -8.99237
0.396112 -8.90757
0.268918 -8.7428
0.147501 -8.57949
0.20528 -8.60659
0.363937 -8.78093
0.273281 -8.61003
0.397828 -8.7098
0.512756 -8.87078
0.558832 -8.90034
0.456133 -8.74355
0.393886 -8.66632
0.321758 -8.56758
0.263696 -8.49377
0.239133 -8.3809
0.28416 -8.48528
0.366594 -8.62302
0.395822 -8.66556
0.311768 -8.53974
0.168056 -8.30558
0.243349 -8.42931
0.181788 -8.33594
0.228888 -8.41226
0.276515 -8.49594
0.214382 -8.36473
0.135784 -8.24645
0.141344 -8.25182
0.0763092 -8.12141
0.11868 -8.19639
0.186732 -8.31827
0.12213 -8.22036
0.124607 -8.30366
-0.00478745 -8.09229
0.0493622 -8.07343
-0.0405655 -7.95149
-0.040658 -7.91973
0.0254927 -8.05737
-0.064537 -7.86835
0.00471592 -7.98321
0.0965681 -8.17525
-0.0765409 -7.78863
-0.136415 -7.59603
-0.190507 -7.41396
-0.25421 -7.24852
-0.245119 -7.29373
-0.235502 -7.36088
-0.176692 -7.54615
-0.148806 -7.59831
-0.1187 -7.72523
-0.112613 -7.71501
-0.138238 -7.69775
-0.209667 -7.48111
-0.185034 -7.68616
-0.103398 -7.82251
-0.132872 -7.87612
-0.258886 -7.69545
-0.209988 -7.88015
-0.271103 -7.79005
-0.174016 -7.99745
-0.12491 -8.02011
-0.031558 -8.23251
-0.12992 -8.11766
-0.222497 -7.93258
-0.208503 -7.94314
-0.170684 -8.05352
-0.258747 -7.82109
-0.202389 -7.94639
-0.251204 -7.73569
-0.199435 -7.84383
-0.235015 -7.68783
-0.302174 -7.46258
-0.228907 -7.54852
-0.277608 -7.28096
-0.335413 -7.15248
-0.3074 -7.03201
-0.24517 -7.08107
-0.290673 -6.81009
-0.35642 -6.82268
-0.318676 -6.51717
-0.264141 -6.56888
-0.248863 -6.82881
-0.203402 -6.68574
-0.176497 -6.98362
-0.117964 -6.78336
-0.0971193 -7.10492
-0.0453835 -6.96905
-0.0164471 -6.71819
-0.0857134 -6.45093
-0.154737 -6.53052
-0.147861 -6.32063
-0.098484 -6.16621
-0.0110598 -6.14643
-0.0594416 -6.03964
-0.029994 -5.85114
-0.0949879 -5.96674
-0.108025 -5.72072
-0.169548 -6.04403
-0.164736 -5.78774
-0.208678 -5.84298
-0.263528 -6.17705
-0.206085 -6.38848
-0.274514 -5.84385
-0.231119 -5.68556
-0.278396 -5.51192
-0.167487 -5.57528
-0.142775 -5.22097
-0.200562 -5.12308
-0.110525 -4.93546
-0.122472 -4.82234
-0.0380678 -4.62787
-0.0709324 -4.54079
-0.147076 -4.71784
-0.0603724 -4.29881
-0.147264 -4.50394
-0.103524 -4.27579
-0.176841 -4.49651
-0.194907 -4.67839
-0.223316 -4.82045
-0.294539 -4.89668
-0.222213 -4.70894
-0.180688 -4.61798
-0.186198 -4.53016
-0.328601 -5.06828
-0.349824 -5.29381
-0.343977 -5.30452
-0.291396 -5.02781
-0.215795 -4.98919
-0.31301 -5.25618
-0.365323 -5.58479
-0.356845 -5.86191
-0.426455 -5.85384
-0.420257 -6.03825
-0.352372 -6.21725
-0.307146 -6.01937
-0.363 -6.51461
-0.379555 -6.40183
-0.411178 -6.23287
-0.410361 -6.44259
-0.434225 -6.25201
-0.443936 -6.03588
-0.454996 -6.16019
-0.480793 -6.07853
-0.46347 -6.27273
-0.468144 -6.17334
-0.417777 -6.64467
-0.362957 -6.77331
-0.416842 -6.82162
-0.431895 -6.68406
-0.439132 -6.80888
-0.444116 -6.78114
-0.450102 -6.61722
-0.448254 -6.52547
-0.45588 -6.36899
-0.42922 -6.66837
-0.394672 -6.62085
-0.403392 -6.87557
-0.379777 -7.04712
-0.359116 -7.23985
-0.38595 -7.12357
-0.358882 -7.38445
-0.307684 -7.61166
-0.338218 -7.6112
-0.277617 -7.78982
-0.340604 -7.61193
-0.336885 -7.58416
-0.367844 -7.45638
-0.386667 -7.38974
-0.418994 -7.26003
-0.424335 -7.16173
-0.401973 -7.20779
-0.436691 -6.97164
-0.428422 -6.97742
-0.404184 -7.09825
-0.379166 -7.28921
-0.382797 -7.41422
-0.317857 -7.47601
-0.252262 -7.53167
-0.303624 -7.32304
-0.256947 -7.26938
-0.283001 -7.14979
-0.306435 -7.07714
-0.332948 -6.89954
-0.301912 -7.08741
-0.415651 -5.50504
-0.436962 -5.7095
-0.438558 -5.77381
-0.448843 -5.89712
-0.463923 -5.88602
-0.360658 -6.97369
-0.360195 -7.14861
-0.410881 -6.96179
0.00680256 -4.29425
0.135614 -3.99493
0.142405 -3.74616
0.270847 -3.82613
0.156487 -4.1928
0.281541 -4.08951
0.374628 -3.76969
0.376498 -3.91933
0.487349 -3.7004
0.399506 -4.08642
0.566504 -3.79021
0.626059 -3.52644
0.731866 -3.30593
0.885528 -3.16363
0.73462 -3.53242
0.914852 -3.4302
1.02152 -3.10539
1.01696 -2.96724
1.12519 -3.23582
0.987738 -3.50333
1.05098 -3.56872
1.25251 -3.47714
1.03116 -3.8418
0.869919 -3.79962
0.871898 -4.09381
0.70625 -4.24323
0.672585 -3.9933
0.545732 -4.29211
0.539819 -4.05573
0.437497 -4.30216
0.419023 -4.58708
0.558947 -4.52774
0.494675 -4.87736
0.687569 -4.61489
0.810972 -4.34088
0.847688 -4.49998
0.808168 -4.73758
0.886344 -4.94418
1.12412 -4.8688
0.965606 -5.22046
1.14671 -5.28036
1.34911 -5.00584
1.36373 -5.45909
1.53748 -5.13732
1.65578 -5.4935
1.47996 -5.7785
1.65233 -5.97016
1.87684 -5.78257
1.83214 -6.15616
1.89936 -6.44977
1.85033 -6.85193
1.66821 -6.46851
1.58486 -7.05706
1.82274 -7.24929
1.92486 -7.60824
2.19991 -7.70181
1.70584 -7.49338
1.47657 -7.5809
1.41861 -7.21923
1.31927 -6.91751
1.45338 -6.6132
1.27123 -6.43552
1.08563 -6.64491
1.10125 -6.20598
0.974434 -6.35845
0.937988 -6.03045
0.827342 -6.37904
0.786949 -5.97684
0.639852 -6.16611
0.666366 -6.68519
0.895225 -6.90799
0.942001 -6.56662
1.1302 -7.12688
1.0025 -7.40074
1.20132 -7.58481
1.30504 -7.2925
1.34696 -7.96888
1.54042 -8.03341
1.47501 -8.28837
1.57378 -8.47915
1.43361 -8.55433
1.57059 -8.88003
1.8291 -8.88966
1.83857 -9.07494
1.56638 -9.09684
1.38554 -8.98243
1.25913 -8.75681
1.19598 -8.97421
1.03614 -8.79341
1.00034 -8.96591
0.901407 -8.62404
1.03032 -8.55648
0.874595 -8.42482
0.949766 -8.18997
0.756658 -8.18022
0.790588 -7.90611
0.622359 -7.83485
0.718621 -7.53812
0.922132 -7.73039
0.842216 -7.34348
1.05783 -7.68326
1.13035 -7.9889
1.1797 -8.40486
1.30665 -8.26013
0.70845 -7.12497
0.602656 -7.27968
0.567319 -6.98089
0.544892 -6.74386
0.526154 -6.50116
0.432079 -6.80273
0.408163 -6.43049
0.492007 -6.17873
0.373056 -6.08298
0.321904 -6.38748
0.257627 -6.26778
0.271333 -5.98225
0.351095 -5.63559
0.204093 -5.78951
0.243373 -5.4199
0.162025 -5.57445
0.139903 -5.29385
0.0989037 -5.60594
0.0582829 -5.47448
0.0363541 -5.27108
-0.0142593 -5.54698
-0.068738 -5.31019
0.0328207 -4.99386
-0.0408115 -4.9037
0.0649643 -4.69217
0.0266685 -4.5997
0.0939989 -4.45421
0.165001 -4.45173
0.0652657 -4.35357
0.125463 -4.78318
0.21867 -4.61698
0.267211 -4.34255
0.330718 -4.45365
0.28863 -4.75621
0.360035 -4.89276
0.256536 -5.07262
0.361822 -5.19171
0.491385 -5.29973
0.670885 -5.05963
0.589468 -5.37145
0.684401 -5.44718
0.806611 -5.24222
0.86723 -5.59492
1.01574 -5.44544
1.11771 -5.73091
0.693505 -5.77159
0.533228 -5.73362
0.184586 -4.92376
0.101369 -5.04537
0.0307913 -5.66719
0.0527306 -5.84716
0.127232 -5.76822
0.102045 -6.00617
0.177744 -6.14172
0.0769663 -6.30257
0.00325489 -6.44123
0.0618429 -6.55092
0.158602 -6.48714
0.0989151 -6.77932
0.229689 -6.82187
0.253611 -6.5205
0.326544 -6.63393
0.326252 -6.82944
0.335104 -7.04886
0.467978 -7.23612
0.57108 -7.50479
1.15706 -9.11581
1.35501 -9.11801
1.31728 -9.23002
1.51783 -9.23236
1.74609 -9.22429
1.68114 -9.33159
1.84445 -9.41878
1.61962 -9.41325
1.46956 -9.32802
1.41876 -9.39705
1.56254 -9.47617
1.78049 -9.48454
1.73164 -9.54566
1.99209 -9.55922
1.97718 -9.48056
2.17057 -9.51587
2.32246 -9.6006
2.1335 -9.63942
2.36243 -9.65179
2.53956 -9.65817
2.55995 -9.69926
2.30397 -9.69442
2.55103 -9.76215
2.79503 -9.79614
2.64001 -9.78974
2.51662 -9.79442
2.288 -9.75108
2.41277 -9.80713
2.71985 -9.82428
2.67739 -9.84537
2.99554 -9.86355
3.01265 -9.83472
3.08356 -9.87999
2.85868 -9.87043
2.86102 -9.87407
3.0586 -9.88923
3.22271 -9.8958
3.45295 -9.89558
3.35781 -9.87599
3.35124 -9.86301
3.15744 -9.87511
3.12691 -9.86357
3.27815 -9.84091
2.91499 -9.81806
2.92885 -9.86594
2.68795 -9.86764
2.69813 -9.80506
3.12541 -9.82758
3.33426 -9.82285
2.72956 -9.85832
2.58941 -9.84426
2.74568 -9.86227
2.95623 -9.87598
2.85056 -9.88261
2.64153 -9.86345
2.64605 -9.86099
2.41064 -9.83904
2.41964 -9.82649
2.21485 -9.80988
1.95185 -9.75024
2.16429 -9.78706
1.89266 -9.71758
2.14096 -9.75521
1.99501 -9.68442
2.16864 -9.706
2.13753 -9.68182
1.8951 -9.60805
1.68304 -9.59954
1.72869 -9.65813
1.5381 -9.52849
1.73049 -9.69937
1.59453 -9.65704
1.24624 -6.06962
1.32332 -5.83414
1.43824 -6.16583
0.649631 -3.81838
0.764195 -3.71439
-0.0616121 -7.34676
-0.121851 -7.26198
-0.139877 -7.14877
-0.167789 -7.22277
-0.118945 -7.45719
-0.201912 -7.37564
-0.0222731 -7.59023
0.00397778 -8.36039
0.0809412 -8.44936
0.13936 -8.45615
0.536372 -9.08297
0.935617 -9.26141
0.941605 -9.26518
1.0604 -9.34573
0.930548 -9.27806
1.1061 -9.37111
1.33066 -9.47844
1.71044 -9.59391
1.56794 -9.51809
1.60506 -9.39375
1.52577 -9.34205
1.27958 -9.26781
1.33024 -9.40696
1.15522 -9.32757
0.947847 -9.24019
0.816128 -9.13991
4.13124 -9.79407
4.17113 -9.82534
4.34766 -9.7459
4.20352 -9.7624
4.34699 -9.72887
4.37119 -9.71281
3.23995 -9.63871
3.264 -9.5995
3.9806 -9.51153
4.20745 -9.42513
4.3107 -9.52677
4.10954 -9.57343
4.34778 -9.60164
4.62382 -9.65145
4.30111 -9.68312
4.56563 -9.74093
4.92433 -9.70918
5.18443 -9.6563
5.23779 -9.71928
5.08693 -9.7521
4.92278 -9.76539
4.78622 -9.75156
4.72842 -9.79014
4.91345 -9.80253
4.61635 -9.81918
4.37263 -9.7959
4.18033 -9.75863
3.97177 -9.7066
4.05753 -9.63685
5.2671 -8.4594
5.39334 -8.64343
5.65129 -9.16168
5.8606 -9.23402
5.9958 -9.67164
1.42866 -3.38804
1.57061 -3.31229
0.647247 -2.22977
0.732671 -2.1064
0.821465 -1.99133
0.894996 -1.84059
0.877003 -1.76297
0.976204 -1.62923
1.0214 -1.53865
1.0981 -1.61219
1.06557 -1.43823
1.25301 -1.23149
1.34264 -1.00329
1.42092 -1.13869
1.53697 -0.897705
1.33906 -0.847127
1.65539 -0.672953
1.70833 -0.807425
1.83463 -0.571576
1.88156 -0.784513
2.07483 -0.87645
2.2562 -0.853049
1.85641 -1.01452
1.75395 -0.923616
1.69901 -1.09582
1.61394 -1.01066
1.5204 -1.28438
1.28081 -1.41693
1.39042 -1.52626
1.10062 -1.77643
1.0061 -1.78889
1.03117 -1.8903
0.919331 -1.97603
0.798921 -2.14241
6.37609 -9.12815
6.37296 -9.10716
3.28369 -6.59948
2.6178 -3.08024
2.8092 -3.14109
2.83444 -2.90713
3.02104 -3.00811
2.90242 -3.3085
3.10468 -3.37943
3.2359 -3.06888
3.58844 -2.65936
3.62162 -2.92849
4.13114 -2.53626
4.26049 -2.72838
4.35982 -2.66211
4.38788 -2.95439
4.52669 -2.89888
4.56264 -2.75666
4.69032 -3.02104
4.61866 -3.16507
6.17677 -7.0624
6.25995 -7.05758
6.28377 -7.28579
6.33757 -7.20467
6.40348 -7.29994
6.46569 -6.90198
6.39347 -7.46132
6.42825 -7.72007
6.58061 -8.20612
6.58118 -8.32222
6.54254 -6.85219
6.11329 -5.64919
2.77601 -2.1941
0.564056 -2.67956
0.500663 -2.76014
4.79149 -1.9398
4.8914 -2.15921
4.98722 -2.38786
