-0.480793 -6.07853
-0.463923 -5.88602
-0.415651 -5.50504
-0.294539 -4.89668
-0.137773 -4.21816
0.458056 -2.45352
0.543734 -2.25494
1.08447 -1.27528
1.23691 -1.00141
1.47834 -0.60159
1.54447 -0.494925
1.6323 -0.395432
1.75614 -0.287828
2.08829 -0.0868987
2.19241 -0.0330594
2.3257 0.0197871
2.47054 0.0689305
2.62229 0.105878
2.77568 0.0866552
3.15675 -0.0364467
3.35919 -0.124325
3.53343 -0.22707
3.70354 -0.344111
3.98356 -0.554733
4.5265 -1.31023
6.03103 -4.3646
6.13453 -4.62912
6.21096 -4.82668
6.34729 -5.34081
6.44871 -5.76376
6.47371 -5.94696
6.52091 -6.32326
6.5525 -6.58878
6.56898 -7.45439
6.58061 -8.20612
6.58118 -8.32222
6.57795 -8.43551
6.5427 -8.76376
6.51572 -8.86601
6.46611 -9.03881
6.34782 -9.31763
6.25375 -9.49339
6.15213 -9.62026
6.03765 -9.70588
5.91494 -9.77332
5.86521 -9.78377
5.59502 -9.8405
5.30025 -9.85763
5.20047 -9.86171
3.45295 -9.89558
3.22271 -9.8958
2.85056 -9.88261
2.64153 -9.86345
2.41064 -9.83904
2.21485 -9.80988
1.95185 -9.75024
1.73049 -9.69937
1.65994 -9.6798
1.41291 -9.60005
1.26622 -9.54447
1.15671 -9.50173
0.963931 -9.39788
0.759517 -9.27015
0.536372 -9.08297
0.367908 -8.9173
0.232975 -8.73
-0.044693 -8.29455
-0.170684 -8.05352
-0.222497 -7.93258
-0.277617 -7.78982
-0.340604 -7.61193
-0.418994 -7.26003
-0.436691 -6.97164
