-0.0100093 -6.20656
0.258541 -6.14775
0.10471 -5.86703
-0.116764 -5.89545
-0.116349 -5.62891
0.176955 -5.50609
0.379028 -5.88181
0.513684 -5.52132
0.672474 -5.94373
0.51843 -6.37418
0.890256 -6.43769
0.679422 -6.71929
0.846747 -6.99744
0.570891 -7.05998
0.554349 -6.7205
0.419159 -6.73622
0.351625 -7.00874
0.201308 -6.7878
0.141142 -7.11807
-0.0619154 -6.84322
-0.192542 -7.17768
0.102649 -7.52591
-0.285879 -7.57325
-0.512748 -7.31049
-0.529341 -6.95688
-0.916157 -7.2227
-0.960734 -6.60258
-1.27163 -7.00304
-1.38168 -6.68747
-1.40532 -6.32133
-1.68783 -6.59906
-1.69109 -6.2032
-1.52834 -5.851
-1.84111 -5.93715
-1.78352 -5.55337
-1.97582 -5.72173
-1.99377 -5.42217
-2.14182 -5.73063
-2.18629 -5.40821
-2.33385 -5.77759
-2.36674 -5.40401
-2.43435 -5.69316
-2.52115 -5.67526
-2.5249 -5.3031
-2.33252 -4.96594
-2.45604 -4.8378
-2.61595 -5.05355
-2.52896 -4.6533
-2.63585 -4.8109
-2.62267 -4.49262
-2.72491 -4.84038
-2.71998 -4.63094
-2.7388 -4.43336
-2.80383 -4.77438
-2.87269 -4.66528
-2.80187 -4.29861
-2.94751 -4.55454
-2.8612 -4.18205
-3.02724 -4.34613
-2.92528 -4.08239
-2.99875 -4.062
-2.88925 -3.87347
-2.83389 -3.95413
-2.76369 -3.70486
-2.81077 -3.59937
-2.68839 -3.40287
-2.7135 -3.29581
-2.64531 -3.21647
-2.57412 -3.13054
-2.63905 -3.06678
-2.56902 -2.83147
-2.63823 -2.90343
-2.65753 -2.70951
-2.68561 -2.86942
-2.71211 -2.68933
-2.7215 -2.80443
-2.70384 -2.91005
-2.71668 -3.02532
-2.70709 -3.05012
-2.68159 -3.06384
-2.73378 -3.23494
-2.79485 -3.48679
-2.77358 -3.35178
-2.72378 -3.19332
-2.75687 -3.23942
-2.73695 -3.13333
-2.79725 -3.41399
-2.8326 -3.50076
-2.85685 -3.58225
-2.89623 -3.68372
-2.98861 -3.84345
-3.03227 -3.85327
-2.66765 -2.40008
-2.60955 -2.26685
-2.56788 -2.16211
-2.57002 -2.05317
-2.52415 -1.82497
-3.18486 -3.89325
-3.08767 -3.8766
-3.25653 -4.11883
-3.13547 -4.11778
-3.051 -4.01778
-3.08195 -4.21833
-3.15224 -4.35497
-3.10324 -4.41767
-3.10162 -4.5947
-3.05499 -4.69411
-3.17598 -4.91169
-3.18999 -4.62341
-3.29122 -5.01135
-3.25429 -5.20441
-3.19627 -5.2898
-3.0912 -4.97659
-3.0983 -5.21783
-3.00028 -4.93385
-3.01963 -4.79024
-3.0478 -5.30059
-2.92779 -5.01985
-2.9737 -5.38867
-2.84279 -5.07531
-2.86244 -5.3323
-2.77131 -5.11079
-2.76197 -5.29686
-2.70069 -5.01982
-2.70166 -5.47182
-2.81943 -5.5977
-2.86992 -5.5331
-2.9502 -5.85408
-2.82463 -5.88979
-2.98009 -6.26651
-2.85466 -6.31664
-2.74012 -6.08298
-2.72454 -6.50954
-2.62388 -6.02232
-2.65825 -5.73141
-2.49051 -5.93428
-2.57203 -6.23315
-2.42573 -6.2329
-2.23415 -6.07897
-2.2852 -6.47708
-2.13254 -6.2788
-2.05297 -6.00708
-1.94064 -6.32499
-2.11994 -6.5203
-1.99787 -6.76216
-1.78935 -7.00287
-1.54527 -6.91356
-1.54516 -7.27723
-1.23697 -7.29328
-1.29106 -7.5048
-1.54355 -7.6114
-1.70619 -7.48187
-1.88298 -7.37174
-1.79838 -7.65976
-2.01584 -7.64405
-1.94913 -7.94272
-1.61054 -7.89954
-1.23892 -7.81414
-1.33241 -8.1668
-1.00066 -8.05097
-0.839574 -7.84372
-1.01567 -7.57385
-1.11991 -7.41017
-0.665863 -7.57995
-0.442468 -7.89694
-0.0664792 -7.88425
-0.203174 -8.10054
-0.406302 -8.14941
-0.682178 -8.1
-0.52505 -8.32275
-0.906494 -8.31345
-0.643978 -8.5101
-0.948618 -8.61168
-1.23668 -8.45222
-1.56598 -8.43472
-1.42498 -8.74811
-1.77824 -8.62642
-1.89198 -8.86815
-2.09352 -8.6335
-1.85235 -8.4352
-2.03869 -8.28728
-2.32882 -8.40195
-2.18937 -8.09433
-1.73444 -8.19288
-2.16594 -7.8223
-2.39821 -7.99721
-2.21451 -7.43268
-2.48941 -7.56596
-2.38127 -7.29001
-2.49093 -7.09954
-2.31001 -7.06953
-2.36108 -6.81339
-2.21104 -6.77343
-2.46661 -6.65539
-2.15752 -7.02518
-2.01651 -7.11422
-2.61742 -6.83045
-2.6494 -7.16964
-2.76042 -7.06764
-2.74036 -7.44208
-2.89939 -7.49473
-2.81014 -7.7352
-2.67974 -7.7541
-2.61235 -7.408
-2.58376 -7.95274
-2.70033 -8.08841
-2.80406 -8.02412
-2.79812 -8.33192
-2.62264 -8.29613
-2.77338 -8.64636
-2.94169 -8.57254
-2.91543 -8.22193
-3.02695 -8.37638
-3.00768 -7.9827
-2.89406 -7.90737
-3.04015 -7.5986
-3.12815 -7.87225
-3.12357 -8.28196
-3.22148 -8.13245
-3.21712 -8.51687
-3.3049 -8.36114
-3.30154 -8.6555
-3.2452 -8.84665
-3.10312 -8.69189
-3.15219 -9.06437
-2.95365 -9.00081
-3.07785 -9.26169
-3.19489 -9.32576
-3.27679 -9.12834
-3.30721 -9.36961
-3.3783 -9.17428
-3.35295 -8.87087
-3.43571 -8.95855
-3.43197 -8.627
-3.51655 -8.84328
-3.50183 -8.51782
-3.55972 -8.62374
-3.53346 -8.20353
-3.44752 -8.24511
-3.46236 -7.91019
-3.39192 -7.90122
-3.40016 -7.49781
-3.50339 -7.70498
-3.45665 -7.28141
-3.55274 -7.47045
-3.5073 -7.04606
-3.39788 -6.8732
-3.41425 -6.62549
-3.49593 -6.69849
-3.41048 -6.41454
-3.4461 -6.32134
-3.52531 -6.56846
-3.51389 -6.34524
-3.4675 -6.04611
-3.38589 -5.97022
-3.37322 -6.17573
-3.30814 -5.91689
-3.32172 -6.22112
-3.23269 -5.88123
-3.1927 -6.02903
-3.12132 -5.64898
-3.19281 -5.56388
-3.06684 -5.72438
-2.96704 -5.62219
-3.07521 -5.9511
-3.07516 -6.22065
-3.18623 -6.31708
-3.3055 -6.46549
-3.2905 -6.7231
-3.17946 -6.57352
-3.27361 -7.07052
-3.1589 -6.73858
-3.09346 -6.46858
-3.07496 -6.65614
-2.97105 -6.59872
-3.05064 -6.94762
-2.95572 -6.86191
-2.88088 -6.63897
-2.87717 -6.95926
-2.99789 -7.21012
-3.12434 -7.4083
-3.16264 -7.03115
-3.24059 -7.45231
-3.32344 -7.56142
-3.37407 -7.08412
-3.30662 -7.92449
-3.21132 -7.75924
-3.37555 -8.27958
-3.35618 -8.5752
-3.30807 -5.64979
-3.30365 -5.43939
-3.40328 -5.68431
-3.33369 -5.34941
-3.42273 -5.50157
-3.36908 -5.23838
-3.36066 -5.04561
-3.43096 -5.30664
-3.42862 -5.01632
-3.3272 -4.75281
-3.4235 -4.73622
-3.49559 -5.00892
-3.48384 -4.67005
-3.49816 -4.88717
-3.51637 -4.78289
-3.47634 -4.61836
-3.55544 -4.87519
-3.52088 -4.82303
-3.59264 -5.16194
-3.56725 -5.2207
-3.53368 -5.13115
-3.57127 -5.47264
-3.5413 -5.37509
-3.48806 -5.25499
-3.52049 -5.57162
-3.49252 -5.61233
-3.49771 -5.83225
-3.54764 -5.87989
-3.54156 -5.99719
-3.53161 -6.12736
-3.57074 -6.15708
-3.57655 -6.38783
-3.57892 -6.62531
-3.63379 -6.66594
-3.61238 -6.40635
-3.68235 -6.66856
-3.60969 -6.15202
-3.66252 -6.29099
-3.60436 -5.81527
-3.65191 -6.06673
-3.60681 -5.76096
-3.63094 -5.85311
-3.60426 -5.59506
-3.57773 -5.40579
-3.60664 -5.32944
-3.62894 -5.55163
-3.64167 -5.75429
-3.65125 -5.88899
-3.62965 -5.78889
-3.682 -6.05055
-3.69072 -6.2143
-3.69096 -6.48391
-3.69968 -6.35034
-3.69724 -6.61809
-3.68783 -6.56629
-3.71847 -6.7715
-3.72549 -6.97791
-3.73521 -7.20607
-3.69468 -6.99051
-3.71876 -7.31184
-3.68193 -7.17731
-3.64668 -6.91959
-3.63502 -7.22259
-3.57349 -6.8483
-3.569 -7.02894
-3.58782 -7.30554
-3.62761 -7.42914
-3.66927 -7.56512
-3.69838 -7.44328
-3.72323 -7.77576
-3.67554 -7.92421
-3.61886 -7.59884
-3.59053 -7.86112
-3.62431 -8.23291
-3.60227 -8.49292
-3.67555 -8.58579
-3.69499 -8.28169
-3.73734 -8.5114
-3.72165 -8.8667
-3.66956 -8.96007
-3.61418 -8.75301
-3.59444 -9.02022
-3.57235 -8.83569
-3.48958 -9.19058
-3.55817 -9.31338
-3.64246 -9.24394
-3.59798 -9.42786
-3.65923 -9.44189
-3.70108 -9.29079
-3.69379 -9.35837
-3.74112 -9.19359
-3.74347 -9.10016
-3.79563 -8.98286
-3.77382 -8.75107
-3.79723 -8.61649
-3.81102 -8.79856
-3.69735 -9.50552
-3.69041 -9.65412
-3.67685 -9.65905
-3.62453 -9.68431
-3.58128 -9.573
-3.50361 -9.74811
-3.51259 -9.56072
-3.41568 -9.71141
-3.43765 -9.56732
-3.48637 -9.43284
-3.4034 -9.43141
-3.35476 -9.63877
-3.30945 -9.54197
-3.22056 -9.52873
-3.24714 -9.67871
-3.13429 -9.67303
-3.0831 -9.49429
-3.02223 -9.67152
-2.90459 -9.56398
-2.97027 -9.33918
-2.76737 -9.29759
-2.68382 -8.93176
-2.5678 -8.58864
-2.42293 -8.79519
-2.49265 -8.33788
-2.51228 -9.12886
-2.23166 -8.9797
-2.29829 -9.25807
-2.03734 -9.13236
-1.68172 -9.07224
-1.8967 -9.25548
-2.10138 -9.32265
-1.92222 -9.43218
-2.23513 -9.49386
-1.97008 -9.63765
-2.23173 -9.69398
-2.46288 -9.63335
-2.51884 -9.40997
-2.69351 -9.57501
-2.61239 -9.75792
-2.78657 -9.71354
-2.90791 -9.76338
-2.74464 -9.85435
-2.89287 -9.91028
-3.04138 -9.80403
-3.06974 -9.92065
-2.86391 -10.0303
-2.67174 -9.9998
-2.66236 -10.0932
-2.82622 -10.1096
-3.01774 -10.0495
-2.95993 -10.1271
-3.13783 -10.0756
-3.20273 -9.9672
-3.29525 -9.97867
-3.35769 -9.8672
-3.42927 -9.91307
-3.54825 -9.8429
-3.45506 -9.9263
-3.3022 -10.0047
-3.36966 -9.96702
-3.48181 -9.91539
-3.57725 -9.85072
-3.5529 -9.8585
-3.41216 -9.93814
-3.45551 -9.90558
-3.58697 -9.83057
-3.51819 -9.86108
-3.40897 -9.89529
-3.14382 -9.88182
-3.28888 -9.90039
-3.13506 -9.95881
-3.35586 -9.93699
-3.17747 -9.98452
-2.98586 -10.0235
-3.11465 -10.0268
-3.29355 -9.97105
-3.17741 -10.025
-3.30161 -9.99305
-3.23049 -10.0261
-3.07803 -10.0622
-3.15365 -10.0802
-2.97113 -10.1181
-2.89927 -10.0972
-2.73505 -10.1253
-2.80328 -10.1671
-2.62959 -10.1976
-2.64477 -10.1841
-2.45894 -10.2109
-2.44631 -10.147
-2.51775 -10.0761
-2.37188 -10.0871
-2.43917 -10.0224
-2.242 -10.0588
-2.28855 -9.95095
-2.07016 -10.0055
-2.03992 -9.8559
-1.89386 -9.98027
-1.69102 -9.93101
-1.73382 -9.76308
-1.36483 -9.79926
-1.57947 -9.54151
-1.09236 -9.54183
-1.28499 -9.285
-1.65101 -9.29328
-1.48496 -9.16681
-1.30646 -9.03891
-0.967289 -8.8909
-0.546082 -8.77073
-0.621062 -9.11149
-0.27338 -9.00612
-0.14133 -8.78559
-0.338781 -8.53979
-0.013597 -8.53751
-0.229305 -8.31664
0.0767841 -8.228
0.31825 -8.55143
0.380219 -8.25092
0.299064 -7.91829
0.380774 -7.60794
0.358679 -7.31002
0.53441 -7.45567
0.765605 -7.47209
0.562547 -7.74801
0.768692 -7.84184
0.613169 -8.09786
0.901577 -8.07135
1.02509 -7.74953
1.15265 -8.03712
1.08145 -8.29201
0.814654 -8.34108
0.987962 -8.55206
0.769377 -8.57497
0.581705 -8.43382
0.610716 -8.75683
0.88554 -8.78909
0.791471 -9.02683
1.00599 -8.99973
0.97661 -9.22446
1.21619 -9.12394
1.19654 -9.39513
1.5099 -9.26976
1.4646 -8.9683
1.18491 -8.79801
1.53806 -8.6168
1.24058 -8.49717
1.44044 -8.21583
1.65599 -8.36702
1.8039 -8.19289
1.71193 -7.88172
1.3561 -7.80913
1.58398 -7.5443
1.37721 -7.56649
1.22634 -7.5667
1.36081 -7.28433
1.05366 -7.34245
1.13081 -6.90676
1.44051 -6.82436
1.2212 -6.49968
1.11596 -6.18106
0.962274 -5.89532
1.23162 -5.88619
1.30357 -6.20677
1.49287 -6.06156
1.47693 -6.42485
1.68743 -6.29044
1.72049 -6.65546
1.73178 -7.13484
2.00095 -6.86341
2.00781 -7.182
2.28671 -7.18389
2.23509 -6.63438
1.9651 -6.37037
2.17974 -6.29596
2.11616 -5.91827
1.76908 -5.9679
1.83192 -5.60911
1.49195 -5.6271
1.71854 -5.18321
1.19456 -5.20999
1.20077 -5.58377
0.999367 -5.53754
0.790227 -5.27783
0.782274 -5.62301
0.468458 -5.17643
0.334598 -5.32551
0.179313 -5.13928
-0.172118 -5.24079
-0.0264182 -4.9068
0.154524 -4.92857
0.335031 -4.92544
0.149395 -4.75081
0.408784 -4.6673
0.659723 -4.92447
0.697293 -4.66007
0.571073 -4.482
0.831556 -4.47125
0.992002 -4.77975
1.15934 -4.43844
0.907223 -4.24
1.15389 -4.13353
0.734044 -3.91549
1.14748 -3.90604
0.99882 -3.5758
1.46935 -3.85552
1.34815 -4.04234
1.58228 -4.27274
1.71253 -4.02195
1.82902 -3.85591
1.67359 -3.62961
1.97234 -3.57904
2.13402 -3.94681
2.33379 -3.63139
2.54448 -4.15755
2.6586 -3.6589
2.92037 -4.06892
2.83459 -4.49476
3.08234 -4.49544
3.05384 -4.72754
2.9533 -4.94662
3.21325 -5.01039
3.15455 -5.43123
3.38511 -5.43088
3.37419 -5.77623
3.51369 -5.72792
3.53957 -6.03143
3.65355 -5.86609
3.69141 -6.22798
3.81856 -6.0642
3.80472 -6.41125
3.90975 -6.45159
3.86067 -6.71529
3.72438 -6.58082
3.77922 -6.93697
3.96517 -7.11238
3.97863 -6.7657
4.03975 -6.96018
4.12624 -7.15779
4.10063 -6.7897
4.24887 -7.09401
4.22641 -6.78444
4.36841 -7.00943
4.28754 -6.53755
4.13892 -6.48718
4.14553 -6.14385
4.00084 -6.2073
4.06259 -6.50225
4.01064 -6.54023
4.02892 -5.82406
3.88148 -5.68399
3.7287 -5.62918
3.76633 -5.39322
3.6486 -5.27545
3.57053 -5.50731
3.45776 -5.09463
3.59027 -4.93133
3.73368 -5.09631
3.68759 -4.73241
3.8567 -4.95612
3.83694 -5.30366
3.96845 -5.42448
4.0674 -5.10399
4.15335 -5.71494
4.23285 -5.49216
4.33255 -5.91052
4.35815 -5.54723
4.47004 -5.9048
4.44949 -6.19546
4.38811 -6.36202
4.51625 -6.52683
4.56592 -6.24052
4.62447 -6.62588
4.6518 -6.4063
4.7479 -6.68243
4.69144 -6.37467
4.74232 -6.32623
4.78844 -6.54986
4.79452 -6.7886
4.81239 -6.98412
4.84973 -7.06334
4.80461 -6.67001
4.89766 -6.82821
4.90962 -7.14162
4.99504 -7.05555
4.97753 -7.35839
4.90652 -7.35083
4.94027 -7.50522
4.93869 -7.63551
4.96632 -7.64784
4.98977 -7.54794
5.04073 -7.7743
5.04335 -7.9222
5.05313 -8.40485
5.05052 -8.2677
5.04023 -8.38857
5.03851 -8.52692
5.04205 -8.4727
5.0459 -8.66356
5.03231 -8.70316
5.00751 -8.88291
5.00003 -8.90044
5.04235 -8.53624
5.00491 -8.86255
5.0233 -8.65318
4.98923 -8.76157
4.87991 -8.97697
4.82374 -9.09017
4.92294 -9.02465
4.93493 -9.14757
4.84497 -9.30158
4.78456 -9.33234
4.758 -9.43876
4.79346 -9.41816
4.72122 -9.50848
4.73777 -9.50237
4.64008 -9.60281
4.66191 -9.55957
4.55169 -9.66969
4.53425 -9.70423
4.42957 -9.76476
4.43578 -9.73206
4.30707 -9.82915
4.31328 -9.78648
4.17653 -9.86811
4.14969 -9.78813
3.98657 -9.86481
3.98014 -9.92645
3.78624 -9.90096
3.83536 -9.80907
3.55308 -9.86412
3.41166 -9.75924
3.86159 -9.68198
3.6719 -9.68239
3.55537 -9.70613
3.24832 -9.79188
3.3048 -9.8477
3.06215 -9.81142
2.85655 -9.8224
-3.27579 -4.0051
-3.35444 -4.1452
-3.34462 -4.43889
-3.2296 -4.40226
-3.38906 -4.37835
-3.41804 -4.28691
-3.44182 -4.34914
-3.46618 -4.42774
-3.44533 -4.41949
-3.4372 -4.47544
-3.46833 -4.55728
-3.41783 -4.5395
-3.47494 -4.52294
-3.46928 -4.56124
-3.57109 -4.94111
-3.57195 -5.0207
-3.74059 -7.44816
-3.75439 -7.70838
-3.76889 -7.96122
-3.7315 -7.60832
-3.74124 -8.15465
-3.76677 -8.19909
-3.78555 -8.42986
-3.65806 -9.77601
-3.64844 -9.75858
-2.99589 -9.8476
-2.80144 -9.82839
-2.64115 -9.87415
-2.85162 -9.93242
-2.55958 -9.94236
-2.27947 -9.89992
-2.40289 -9.96733
-2.61823 -10.0059
-2.36812 -10.0093
-2.18651 -9.95403
-2.05646 -10.0056
-1.8227 -9.87611
-1.70419 -9.94902
-1.78395 -10.0216
-1.48731 -9.98201
-1.71867 -10.0372
-1.92511 -10.0248
-1.98197 -10.0546
-2.07984 -10.0246
-2.26144 -10.0384
-2.14933 -10.0616
-2.37288 -10.1012
-2.4732 -10.056
-2.57523 -10.0403
-2.70977 -10.0675
-2.86088 -9.99889
-2.91303 -10.0816
-2.6348 -10.1206
-2.29606 -10.1408
-2.46505 -10.1389
-2.19409 -10.1409
-2.29013 -10.1718
-2.09246 -10.173
-2.25853 -10.1901
-2.04999 -10.191
-2.2321 -10.1319
-2.0555 -10.1006
-1.86599 -10.1608
-1.89183 -10.0623
-1.70657 -10.0929
-1.76136 -10.0225
-1.62221 -10.0332
-1.40478 -10.0216
-1.55116 -10.0785
-1.45489 -10.115
-1.58299 -10.1259
-1.5331 -10.1745
-1.6867 -10.1718
-1.60955 -10.1924
-1.84357 -10.2018
-1.68355 -10.1391
-1.95607 -10.1371
-1.87661 -10.1327
-2.06801 -10.141
-2.01782 -10.1174
-1.66494 -10.1111
-1.53477 -10.0748
-1.42476 -10.0834
-1.40197 -10.1304
-1.45893 -10.1673
-1.27316 -10.1467
-1.34088 -10.2092
-1.21247 -10.1804
-1.27273 -10.1293
-1.09415 -10.1659
-1.11024 -10.0882
-0.910397 -10.1117
-1.09672 -9.97383
-1.21498 -10.0571
-0.959267 -9.77179
-0.748136 -9.93337
-0.702229 -9.75878
-0.780604 -9.6073
-0.562156 -9.64689
-0.585322 -9.4372
-0.294792 -9.60756
-0.21032 -9.3091
-0.891245 -9.32077
-0.825912 -9.4742
-1.00362 -9.1184
-0.0171437 -9.53387
0.151862 -9.37891
0.0659142 -9.07318
0.346382 -9.22651
0.313313 -9.00261
0.166396 -8.79797
0.395623 -8.83739
0.542129 -9.07209
0.55844 -9.34884
0.386846 -9.43905
0.573117 -9.55521
0.265708 -9.64594
0.690094 -9.7698
0.326791 -9.85895
0.54638 -9.929
0.29743 -9.99664
0.611271 -10.0327
0.400452 -10.0919
0.10435 -10.0842
0.0222378 -9.98515
0.162369 -9.92401
0.0357857 -9.84444
-0.228926 -9.953
-0.16413 -10.0638
-0.386981 -10.0811
-0.293122 -10.1385
-0.463478 -10.1813
-0.624356 -10.0955
-0.746754 -10.1927
-0.97662 -10.1846
-0.872511 -10.111
-1.12379 -10.129
-1.12798 -10.1572
-1.04663 -10.0909
-1.19289 -10.0749
-0.99406 -10.0428
-1.0289 -9.98566
-1.33025 -10.0137
-1.07472 -9.96439
-1.16933 -9.93082
-1.21497 -9.91228
-1.44952 -9.90828
-1.2194 -9.86768
-1.444 -9.85706
-1.62631 -9.87508
-1.26042 -9.83176
-1.07603 -9.80544
-0.888835 -9.79252
-0.69924 -9.78515
-0.987907 -9.84174
-1.08725 -9.82518
-0.71776 -9.83793
-0.505938 -9.77183
-0.415946 -9.84461
-0.546353 -9.88763
-0.137675 -9.8829
-0.3436 -9.95093
-0.535966 -9.95806
-0.472595 -10.0075
-0.63243 -9.98371
-0.688828 -9.93449
-0.816709 -9.99916
-0.847697 -9.94727
-0.779195 -9.89402
-0.92907 -9.9431
-0.930793 -9.89308
-0.758553 -9.85936
-0.840572 -9.85318
-0.975205 -9.86527
-0.641644 -10.0622
-0.629766 -10.1458
-0.400584 -10.1185
-0.279314 -10.1774
-0.246096 -10.1746
-0.154859 -10.1658
-0.126642 -10.1745
-0.17888 -10.1471
0.0330648 -10.1599
-0.00562239 -10.1184
-0.19549 -10.107
-0.0610719 -10.0674
0.137118 -10.0781
0.134171 -9.984
0.352551 -10.0254
0.393861 -9.9233
0.61574 -9.97355
0.713984 -9.87767
0.937232 -9.93301
1.10504 -9.85993
1.27525 -9.91423
1.55996 -9.85706
1.58643 -9.92938
1.33139 -9.99877
1.66047 -10.0071
1.43996 -10.0522
1.69452 -10.0765
1.27213 -10.1173
1.21601 -10.0674
1.03091 -10.1143
0.984142 -10.0303
1.12905 -9.97854
0.768131 -10.0107
0.759449 -10.0638
0.580208 -10.048
0.718252 -10.1161
0.307537 -10.1155
0.465071 -10.1498
0.248043 -10.1653
0.0419207 -10.177
0.317087 -10.17
0.154084 -10.1824
-0.0521293 -10.1774
0.141532 -10.1769
-0.10762 -10.1431
0.263739 -10.1321
0.378495 -10.1625
0.406768 -10.1772
0.621734 -10.162
0.540092 -10.1475
0.380384 -10.1388
0.706278 -10.1053
0.807567 -10.1604
0.997831 -10.1446
0.931957 -10.0588
0.849201 -9.95703
1.01373 -10.0125
1.13481 -9.96885
1.07423 -9.85778
1.11771 -9.65854
0.804071 -9.59191
0.924284 -9.44941
0.723027 -9.45698
0.752337 -9.27615
1.46842 -9.53439
1.48905 -9.71985
1.32142 -9.8084
1.59214 -9.84114
1.35878 -9.91118
1.68303 -9.95685
1.37941 -9.99997
1.58683 -10.0433
1.3716 -10.0588
1.51317 -10.104
1.23416 -10.098
1.17051 -10.039
1.46107 -10.1467
1.24251 -10.1573
1.45337 -10.1604
1.66473 -10.1666
1.77194 -10.1518
1.78928 -10.1426
2.0234 -10.1421
2.29178 -10.1274
1.96825 -10.1096
1.60082 -10.1315
2.17918 -10.0487
1.97709 -9.99592
2.27382 -9.96906
2.10401 -9.93937
1.86865 -9.95353
2.02111 -9.90217
1.7913 -9.89429
1.87288 -9.85535
2.12641 -9.86274
2.29136 -9.91617
2.4135 -9.8904
2.21496 -9.81608
1.94128 -9.82915
1.96214 -9.72553
1.69604 -9.80452
1.7655 -9.85419
1.37128 -9.82154
1.50496 -9.74751
1.24284 -9.70946
1.48674 -9.70817
0.998739 -9.71142
-0.308514 -9.74914
-0.206185 -9.79248
-0.106898 -9.74339
0.0953798 -9.71836
0.0174184 -9.75093
0.306574 -9.71027
0.00283623 -9.81028
0.194399 -9.84951
0.0679774 -9.87976
0.147127 -9.90526
-0.0951076 -9.96815
0.473352 -9.86596
0.424713 -9.83249
0.471453 -9.77044
0.619811 -9.81388
0.758958 -9.71343
0.907786 -9.78112
0.818152 -9.8369
1.08894 -9.82143
0.527564 -9.71253
1.72676 -9.71652
2.19214 -9.74742
2.41563 -9.78424
2.4567 -9.85202
2.63594 -9.85252
2.63769 -9.81047
2.8442 -9.90448
2.60412 -9.8999
2.67211 -9.94451
2.52595 -9.93939
2.72528 -9.98332
2.48183 -9.95656
2.49311 -10.0294
2.69689 -10.0504
2.5178 -10.0799
2.24436 -10.087
2.79837 -10.1163
2.65852 -10.1569
2.30844 -10.1629
2.60686 -10.185
2.3123 -10.1538
1.98006 -10.1524
2.18041 -10.1466
1.93635 -10.1303
1.70957 -10.1295
1.7526 -10.0989
1.95031 -10.0999
1.8577 -10.0463
2.14657 -10.0651
2.06097 -9.97901
1.97421 -9.84387
2.30544 -9.89024
2.40013 -9.73745
2.04127 -9.65091
1.75713 -9.75356
1.71163 -9.63475
1.8332 -9.4255
1.72711 -9.26501
1.72368 -9.06527
1.8827 -9.21937
2.02855 -9.01645
1.86944 -8.76239
1.6427 -8.85839
1.84317 -8.45312
2.13181 -8.52126
2.04665 -8.28079
2.10361 -7.9713
2.31538 -8.27608
2.50579 -7.9953
2.29934 -7.64758
1.96916 -7.51457
2.56505 -7.54622
2.56352 -7.22117
2.80276 -7.32493
2.84993 -7.87298
2.76985 -8.31406
3.01909 -8.21892
3.0483 -8.50519
2.83763 -8.67181
2.48986 -8.58967
2.66142 -8.8513
2.87762 -8.94471
2.65461 -9.05021
2.38308 -8.97312
2.47634 -9.2349
2.82206 -9.21643
2.57978 -9.42364
2.84679 -9.42967
2.66333 -9.57811
2.98239 -9.56331
2.74678 -9.69683
2.98425 -9.73109
2.66929 -9.83995
2.99075 -9.84865
3.26284 -9.75366
3.18678 -9.63282
3.39759 -9.57701
3.24154 -9.50074
3.12908 -9.33078
3.44291 -9.36344
3.36017 -9.12905
3.11069 -9.0564
3.08839 -8.79013
3.30893 -8.8867
3.26351 -8.63587
3.22205 -8.34779
3.41811 -8.49202
3.43019 -8.73235
3.57785 -8.65702
3.53943 -8.92642
3.70922 -8.80589
3.7722 -9.03532
3.56978 -9.15909
3.69467 -9.28561
3.83802 -9.21697
3.8741 -9.38568
3.97422 -9.11073
4.10191 -9.25493
4.06043 -9.46264
4.22792 -9.33091
4.19889 -9.53595
4.36725 -9.36602
4.34747 -9.53199
4.25464 -9.67279
4.07487 -9.71299
4.11466 -9.80981
4.2904 -9.76058
4.1222 -9.87324
4.24724 -9.82813
4.22096 -9.87452
4.06578 -9.94754
3.99626 -9.93156
3.95215 -9.91989
3.90343 -9.99348
3.78405 -9.99298
3.79793 -9.91033
3.56879 -10.0233
3.72341 -10.054
3.54465 -10.114
3.70312 -10.0943
3.86379 -10.0436
3.86837 -10.0294
4.01339 -9.9965
4.05685 -9.97514
3.97337 -9.99373
3.81451 -10.0312
3.98751 -9.97543
4.11205 -9.93579
4.13128 -9.92477
4.28554 -9.85978
4.20617 -9.90643
4.1442 -9.93914
4.27762 -9.87986
4.15832 -9.9347
3.99664 -9.99769
4.37449 -9.82982
4.35604 -9.78681
4.51855 -9.69587
4.44942 -9.67784
4.43488 -9.58702
4.60933 -9.51321
4.55808 -9.40545
4.44695 -9.44648
4.51217 -9.29317
4.45973 -9.16466
4.34433 -9.19792
4.4017 -8.97898
4.25129 -9.12368
4.26014 -8.89754
4.14618 -9.0546
4.09912 -8.85197
3.94568 -8.91253
3.85398 -8.77422
3.98967 -8.73267
3.91739 -8.52513
3.74588 -8.56511
3.78133 -8.20422
3.58405 -8.35131
3.55225 -7.95626
3.37495 -8.15386
3.29457 -7.7
3.14373 -8.00273
3.04443 -7.64879
3.09331 -7.29735
2.89006 -6.83892
2.55267 -6.82139
2.66296 -6.26323
2.36777 -6.30261
2.41078 -5.94679
2.31457 -5.55998
2.03854 -5.43953
2.17523 -5.04044
1.81574 -4.7207
1.42303 -4.75896
2.11933 -4.41262
1.89459 -4.09862
2.59392 -4.7518
2.55844 -5.36088
2.858 -5.32539
2.83387 -5.83363
2.55961 -5.77558
3.00023 -6.40436
3.12917 -6.07422
3.27221 -6.51529
3.19917 -6.92612
3.44697 -6.93779
3.36692 -7.16351
3.29622 -7.31423
3.51611 -7.45157
3.66246 -7.15219
3.77146 -7.52209
3.82662 -7.25645
3.95209 -7.52959
4.12591 -7.52994
4.07853 -7.83367
4.20018 -7.85125
4.19041 -8.08417
4.07032 -8.08169
3.9145 -7.89857
3.99425 -8.26779
4.14625 -8.30952
4.08962 -8.54979
4.20008 -8.47411
4.23334 -8.64712
4.30548 -8.36632
4.37891 -8.69188
4.4834 -8.47276
4.50929 -8.75437
4.60415 -8.56331
4.61988 -8.81603
4.69354 -8.66108
4.72325 -8.8914
4.77771 -8.60885
4.70585 -8.39854
4.77967 -8.40569
4.82174 -8.41375
4.84557 -8.60625
4.89732 -8.45628
4.90308 -8.68324
4.82746 -8.83306
4.88384 -8.89406
4.9885 -8.76801
4.92236 -8.94956
4.96935 -8.92587
4.9295 -9.05437
4.87541 -9.06371
4.83917 -9.23029
4.92545 -9.20391
4.97519 -9.05759
4.96998 -9.16284
4.9708 -9.09606
4.91136 -9.29729
4.92034 -9.24753
4.86137 -9.33429
4.82624 -9.39861
4.82006 -9.4285
4.70469 -9.56523
4.79686 -9.44932
4.67546 -9.57023
4.55782 -9.70026
4.61399 -9.6521
4.53347 -9.72499
4.4246 -9.80393
4.42884 -9.78862
4.33446 -9.85767
4.60032 -9.66207
4.66342 -9.60063
4.76047 -9.41427
4.74383 -9.32998
4.66133 -9.34136
4.72981 -9.22803
4.64821 -9.18083
4.77217 -9.06419
4.62408 -9.00804
4.55493 -9.13204
4.53158 -8.98123
4.83782 -9.01503
4.8135 -9.16856
4.84392 -9.32889
4.88424 -9.31977
4.96106 -8.96421
4.97308 -8.49401
5.02205 -8.56286
5.0033 -8.37433
4.96467 -8.25327
4.9204 -8.30252
4.86812 -8.19275
4.9256 -8.08074
4.86542 -7.92643
4.81981 -7.95437
4.77336 -8.18429
4.73244 -7.80396
4.67053 -8.08445
4.58156 -8.2447
4.59441 -8.00848
4.51269 -7.96699
4.4448 -8.17288
4.40425 -7.91039
4.30991 -8.03012
4.29056 -7.74497
4.39096 -7.66769
4.26264 -7.43521
4.38309 -7.37179
4.51186 -7.67465
4.46042 -7.81425
4.56208 -7.87826
4.61905 -7.82998
4.6162 -7.48518
4.48688 -7.30909
4.53775 -7.18159
4.46555 -7.09432
4.46797 -6.84277
4.60329 -7.13894
4.59184 -6.83834
4.69478 -7.01569
4.71726 -7.40318
4.79095 -7.29371
4.82596 -7.63969
4.84496 -7.3172
4.90039 -7.73983
4.88442 -7.4216
4.9581 -7.85886
4.93932 -8.03271
4.98643 -8.19516
4.97302 -8.0506
5.02903 -8.26818
5.04588 -8.10361
4.78276 -7.06444
3.71413 -7.8146
3.61216 -6.76681
3.46209 -6.56163
3.57376 -6.39555
3.37544 -6.17351
3.22157 -5.8336
3.04329 -5.69569
2.66396 -4.44083
3.97207 -9.96419
3.82769 -9.98334
3.87157 -10.0034
3.70463 -10.0354
3.58885 -10.0784
3.66303 -10.0778
3.4388 -10.128
3.55372 -10.1139
3.40773 -10.1336
3.20416 -10.1636
3.19887 -10.1357
2.9326 -10.1614
2.9681 -10.1363
3.18103 -10.1127
3.0457 -10.0833
3.29227 -10.0471
3.03776 -10.0227
2.8377 -10.0767
2.84025 -10.0317
2.93292 -9.96451
3.16472 -9.97197
3.34786 -9.99631
3.35077 -9.96602
3.15043 -9.92745
3.3895 -9.91539
3.58044 -9.95433
3.58451 -10.0161
3.47165 -10.072
3.77658 -9.95846
3.39025 -10.1198
2.90296 -10.1627
3.27712 -10.132
3.01621 -10.1034
2.73834 -10.1008
2.5029 -10.146
2.50463 -10.0934
2.29751 -10.1144
2.09476 -10.1247
2.39351 -10.0656
2.429 -9.98633
2.62217 -10.0408
2.82645 -9.95928
2.88343 -10.0392
2.99811 -9.99646
3.0972 -10.0309
3.17737 -10.078
3.29401 -10.0267
3.18058 -9.93271
3.44377 -9.95758
3.47487 -9.82834
3.54506 -9.66982
3.70465 -9.72923
3.73709 -9.58302
3.62596 -9.48761
3.88717 -9.5985
3.875 -9.76009
3.65142 -9.88007
3.96305 -9.83187
4.02296 -9.61844
2.3877 -9.57951
2.24303 -9.44164
2.13909 -9.23628
2.18601 -8.77657
2.5348 -8.29672
1.40199 -10.135
1.30218 -10.181
1.13469 -10.1646
0.950522 -10.1491
0.850003 -10.175
0.675117 -10.1652
0.57494 -10.1826
0.480933 -10.1679
0.373421 -10.1648
0.728612 -10.1807
1.02035 -10.1767
0.910084 -10.1833
1.09699 -10.1678
1.20251 -10.1667
1.46372 -10.162
-0.270336 -10.0439
-2.59725 -9.82611
-2.38593 -9.82394
-2.17175 -9.82339
-2.21363 -9.85591
-2.01548 -9.87588
-2.60737 -9.83882
-0.474752 -9.96277
-0.47954 -9.80541
-0.356197 -9.88904
-0.227778 -9.80245
-0.0440512 -9.69514
-1.41051 -10.1838
-1.4679 -10.2013
-3.03919 -10.0619
3.9453 -9.48413
3.81278 -9.55275
3.68642 -9.63458
3.8375 -9.60467
3.95985 -9.52323
4.02752 -9.53874
4.14653 -9.58717
4.08364 -9.70863
4.24667 -9.63474
4.2497 -9.69556
4.38968 -9.69504
4.37263 -9.63134
4.48214 -9.57334
4.56036 -9.61156
4.60588 -9.47712
4.52841 -9.44806
4.37692 -9.53853
4.43084 -9.38874
4.27741 -9.40703
4.07883 -9.43014
5.06747 -7.61913
5.06654 -7.49633
5.01886 -7.28586
4.96319 -6.79715
4.94384 -6.52938
4.85628 -6.50879
4.85533 -6.21544
4.78769 -6.29993
4.79361 -5.89725
4.73425 -5.98118
4.66118 -6.08224
4.65485 -5.75207
4.58892 -5.67502
4.55425 -5.90233
4.47018 -5.5879
4.49813 -5.27685
4.36027 -5.18851
4.22755 -5.1766
4.22995 -4.82914
4.12846 -4.87422
4.0228 -4.60208
3.89884 -4.5961
3.92092 -4.32434
3.80451 -4.11916
3.75285 -4.46101
3.63985 -4.02073
3.60492 -4.35188
3.46905 -3.99092
3.4848 -4.30987
3.34955 -4.13237
3.39816 -4.46978
3.5444 -4.59708
3.46096 -4.76428
3.28842 -4.69609
3.20884 -4.28666
3.16456 -4.73173
3.15257 -3.87384
2.90685 -3.60345
3.08657 -3.50609
3.2302 -3.67758
3.31683 -3.86684
3.34183 -3.66463
3.21921 -3.49277
3.29481 -3.38254
3.48214 -3.59765
3.37977 -3.26753
3.50701 -3.28756
3.37512 -3.06444
3.21943 -3.05734
3.26273 -2.77931
3.0887 -2.77635
3.00752 -2.94325
3.11455 -3.25308
2.84604 -3.18077
2.80638 -2.75271
2.62229 -2.8756
2.46133 -3.18416
2.7213 -3.39817
2.38564 -2.72609
2.56524 -2.56823
2.26779 -2.34211
2.51749 -2.26414
2.28224 -2.0248
2.47207 -2.01268
2.24311 -1.7087
2.55734 -1.87195
2.69397 -2.18311
2.81424 -2.03498
2.97583 -2.45801
3.06606 -2.17279
2.87887 -1.82889
3.07262 -1.94791
3.22497 -2.16427
3.22708 -2.30652
3.37329 -2.41765
3.22732 -2.46937
3.42931 -2.70831
3.57708 -2.68084
3.61614 -2.95908
3.48006 -2.99357
3.63252 -3.24036
3.73558 -3.20977
3.75433 -3.44592
3.87253 -3.45649
3.82963 -3.75851
3.95063 -3.88365
3.89955 -4.06133
3.98696 -4.23781
4.08348 -4.1374
4.06671 -4.4218
4.12149 -4.64331
4.15372 -4.48823
4.25114 -4.59971
4.34085 -4.84128
4.32326 -4.54665
4.45882 -4.85333
4.41025 -5.04105
4.56027 -5.13045
4.54319 -4.85247
4.60653 -5.06967
4.60933 -4.87932
4.67751 -5.2021
4.62868 -5.28556
4.70645 -5.5793
4.78547 -5.49388
4.72686 -5.17337
4.87667 -5.3073
4.852 -5.55834
4.84231 -5.743
4.89537 -5.72766
4.87068 -5.84733
4.87007 -5.96591
4.91793 -6.01913
4.90332 -5.8661
4.90734 -6.26489
4.86921 -5.51893
4.87685 -5.20969
4.83585 -4.99881
4.75423 -4.94183
4.77771 -4.84979
4.72781 -4.69448
4.64699 -4.45077
4.67384 -4.71291
4.61765 -4.47707
4.64709 -4.70292
4.52507 -4.50707
4.69302 -4.93586
4.52623 -4.21147
4.43865 -4.13196
4.37913 -4.17206
4.40879 -4.49191
4.29863 -4.22058
4.21809 -4.31852
4.1782 -3.97165
4.04236 -3.68791
4.1484 -3.6481
4.25344 -3.89096
4.22771 -3.55242
4.34017 -3.84999
4.31918 -3.60647
4.37138 -3.77112
4.44245 -3.91485
4.38979 -3.7116
4.44649 -3.79387
4.5155 -4.00906
4.59386 -4.19453
4.53703 -3.93627
4.43963 -3.6509
4.35444 -3.54119
4.35274 -3.36797
4.25114 -3.30208
4.19395 -2.99508
4.14953 -3.07435
4.12672 -3.2043
4.09997 -3.37598
4.02255 -3.14337
3.97241 -3.28444
4.05835 -3.49244
3.77746 -3.00532
3.90398 -2.88347
3.70589 -2.63638
3.52343 -2.40383
3.63084 -2.34974
3.79169 -2.54158
3.74445 -2.3311
3.87212 -2.51015
3.90231 -2.67379
3.99114 -2.83973
3.98549 -2.69578
4.08754 -2.88831
4.08987 -2.75541
4.19583 -2.83531
4.27557 -3.09458
4.11001 -2.61032
4.02204 -2.39559
3.97457 -2.51128
3.90784 -2.3098
3.837 -2.31353
3.80746 -2.09424
3.70694 -2.14097
3.58815 -2.15667
3.54407 -1.97123
3.43826 -2.00283
3.44688 -2.16277
3.24181 -1.93067
3.3615 -2.21582
3.3511 -1.80815
3.13464 -1.60985
2.95827 -1.6306
2.93836 -1.38411
3.1217 -1.43918
3.27041 -1.61272
3.28061 -1.47419
3.10415 -1.293
2.98463 -1.27651
2.94995 -1.12303
2.79702 -1.15473
2.7229 -1.28948
2.5891 -1.05775
2.40959 -1.09019
2.67679 -1.48686
2.63668 -1.70057
2.42476 -1.38799
2.39565 -1.57592
2.28064 -1.36915
2.16096 -1.38812
1.94697 -1.39803
2.01648 -1.6043
2.01187 -1.78256
1.83527 -1.51642
1.71876 -1.64341
1.84293 -1.9091
2.08667 -2.04576
1.96011 -2.1738
2.04422 -2.39305
2.18173 -2.57196
1.96972 -2.58231
2.16028 -2.84067
1.91338 -2.78249
1.98558 -2.96107
2.14963 -3.09182
2.14417 -3.33025
1.94081 -3.16297
1.93932 -3.34732
1.65529 -3.30958
1.70848 -2.9381
1.38629 -3.02829
1.18641 -3.25112
1.39982 -3.52533
0.697241 -3.14143
0.369028 -3.43102
0.331649 -3.09018
0.443655 -2.96008
0.592745 -2.75415
0.214438 -2.82287
0.314135 -2.57374
0.554504 -2.30044
0.983294 -2.53909
0.995625 -2.20764
1.36947 -2.36369
1.36271 -2.72579
1.68755 -2.61343
1.75766 -2.32564
1.50996 -2.14156
1.68638 -2.04233
1.45246 -1.95791
1.24125 -2.04508
1.25 -1.81856
0.807744 -1.82291
1.16786 -1.52532
1.52259 -1.76859
1.46507 -1.51421
1.58108 -1.38182
1.29792 -1.2659
1.44923 -1.07712
1.70481 -1.29011
1.71467 -1.10201
1.94139 -1.17795
1.78316 -0.916258
1.49892 -0.797554
1.63164 -0.682726
1.88043 -0.761653
2.11933 -1.10397
2.10851 -0.843723
2.21737 -0.747137
2.44961 -0.867952
2.37303 -0.67908
2.5817 -0.844262
2.63804 -0.976817
2.76055 -0.971381
2.70367 -0.842295
2.57087 -0.720637
2.7416 -0.757109
2.87316 -0.906366
3.20055 -1.26569
3.3517 -1.38891
3.46798 -1.5151
3.57084 -1.66152
3.65646 -1.81855
3.70127 -2.0005
3.56734 -1.76073
3.45728 -1.74076
3.4496 -1.58923
3.922 -2.23232
2.48933 -0.483355
2.61395 -0.606197
2.43655 -0.567352
2.24853 -0.494327
2.08094 -0.53558
2.09903 -0.408953
2.1844 -0.338488
2.34233 -0.401554
2.0204 -0.275641
1.83256 -0.273217
1.981 -0.377864
1.8719 -0.394722
1.81984 -0.518057
2.02148 -0.681038
1.6765 -0.590492
1.54998 -0.411651
1.49716 -0.585169
1.33012 -0.418729
1.29143 -0.619822
1.26814 -0.800085
1.11262 -0.95259
1.07041 -0.689467
0.821087 -0.771037
0.905879 -0.968739
0.993518 -1.17489
0.759214 -1.36309
0.683337 -1.00857
0.423553 -1.18122
0.422921 -1.49992
0.45528 -1.73828
0.3633 -1.94669
0.189994 -2.18446
0.196272 -2.39605
-0.093996 -2.33486
0.0765848 -2.57072
-0.172293 -2.70368
0.0271235 -3.05864
-0.370006 -2.98698
-0.113505 -3.30552
0.0410218 -3.6144
0.318151 -3.77206
0.116977 -3.86593
0.349689 -4.04521
0.61513 -4.25078
0.28847 -4.37388
0.0340838 -4.10948
-0.121281 -4.5024
0.175886 -4.57351
-0.323757 -4.87478
-0.614809 -4.59741
-0.648414 -5.12413
-0.433403 -5.5257
-0.293205 -5.77221
-0.513163 -5.80606
-0.319313 -6.04436
-0.684752 -6.09605
-0.345299 -6.51979
0.0195403 -6.56119
0.247637 -6.46208
-0.272712 -6.8767
-1.11985 -6.01085
-0.837025 -5.61707
-1.24517 -5.60485
-1.14747 -5.19345
-0.954926 -4.82813
-1.25904 -4.79739
-1.03349 -4.43326
-0.714405 -4.16476
-0.976048 -3.95973
-0.681592 -3.79338
-0.904945 -3.48883
-0.56589 -3.47603
-0.687494 -3.11177
-0.410828 -3.26754
-0.632185 -2.81967
-0.478398 -2.69983
-0.68021 -2.57078
-0.848032 -2.77938
-0.89156 -2.45592
-1.11012 -2.71628
-0.999489 -3.07791
-1.22573 -3.09353
-1.17605 -3.37117
-1.21071 -3.75629
-1.40748 -3.56939
-1.49846 -4.01888
-1.2874 -4.19318
-1.59502 -4.50123
-1.35284 -4.53772
-1.50299 -4.78081
-1.45471 -5.03618
-1.74598 -5.05333
-1.50523 -5.37514
-1.92807 -4.68523
-1.7458 -4.25402
-1.93419 -4.20478
-1.68867 -3.84491
-1.84277 -3.86677
-1.75141 -3.53227
-1.56003 -3.46992
-1.54264 -3.16774
-1.69685 -3.09299
-1.51131 -2.80961
-1.6374 -2.75962
-1.51751 -2.53191
-1.32294 -2.48706
-1.45854 -2.19827
-1.6695 -2.4927
-1.62885 -2.14221
-1.51887 -1.92998
-1.36794 -1.84458
-1.49899 -1.65306
-1.32724 -1.60129
-1.19014 -1.69352
-1.19973 -1.43627
-1.37724 -1.4001
-1.241 -1.20816
-1.41894 -1.17594
-1.27516 -1.01276
-1.45 -0.964305
-1.26763 -0.857212
-1.37666 -0.815588
-1.2111 -0.687973
-1.42309 -0.704335
-1.22189 -0.527672
-1.05032 -0.467406
-1.00592 -0.667852
-1.1252 -0.787086
-0.979171 -0.843998
-1.15619 -0.888659
-1.09827 -1.03179
-0.868054 -1.04448
-0.746938 -0.809497
-0.600654 -0.964991
-0.519387 -0.755664
-0.655982 -0.646551
-0.435287 -0.604601
-0.567738 -0.491762
-0.314224 -0.471311
-0.436373 -0.346787
-0.131186 -0.332605
-0.322154 -0.194614
-0.10427 -0.147416
0.111426 -0.10511
0.182673 -0.242196
0.323956 -0.083004
0.509339 -0.0708766
-0.539676 -0.257026
-0.743376 -0.345342
-0.894637 -0.421392
-0.876452 -0.444841
-0.821179 -0.535055
-1.41498 -0.56628
-1.60395 -0.67412
-1.60376 -0.790467
-1.5302 -0.864219
-1.68428 -0.90679
-1.62829 -1.01758
-1.58253 -1.16037
-1.75554 -1.19167
-1.68493 -1.33462
-1.55065 -1.37475
-1.70912 -1.59363
-1.6492 -1.86865
-1.78999 -1.86166
-1.92704 -1.73798
-1.83635 -1.4171
-1.97373 -1.48529
-1.93667 -1.29182
-2.09782 -1.42865
-2.0488 -1.15839
-2.1627 -1.31688
-2.18473 -1.20595
-2.12157 -1.10567
-2.04661 -1.01596
-1.77676 -0.801958
-1.92627 -0.914753
-1.80447 -0.946532
-1.75164 -1.02853
-1.87253 -1.08739
-2.2453 -1.32151
-2.29716 -1.43836
-2.23802 -1.46904
-2.33987 -1.52137
-2.33982 -1.63806
-2.21578 -1.6396
-2.07506 -1.65576
-2.18606 -1.86829
-2.07231 -1.84986
-2.05305 -2.0531
-1.90267 -2.06037
-2.01962 -2.31126
-1.88582 -2.33062
-1.76284 -2.09132
-1.76092 -2.33069
-1.88977 -2.64143
-1.82874 -2.94753
-2.0627 -3.07631
-1.97893 -3.21561
-1.92552 -3.41937
-2.09456 -3.45112
-2.15343 -3.86711
-1.96168 -3.86167
-2.1338 -4.24278
-2.14795 -4.62491
-2.29292 -4.5743
-2.1773 -5.03295
-2.02449 -5.11556
-2.2619 -4.26156
-2.38932 -4.45792
-2.32018 -4.11466
-2.45919 -4.25848
-2.36608 -3.93984
-2.46637 -3.96968
-2.38138 -3.69825
-2.49283 -3.80819
-2.48085 -3.58101
-2.59945 -3.85637
-2.5448 -3.98638
-2.6347 -4.17567
-2.54212 -4.16955
-2.69475 -4.1177
-2.72616 -3.92965
-2.58567 -3.48186
-2.73338 -4.26353
-2.70258 -4.23708
-2.40776 -3.28108
-2.44426 -3.04887
-2.29046 -2.98109
-2.32884 -2.82232
-2.40599 -2.76571
-2.33868 -2.68276
-2.36149 -2.51073
-2.48263 -2.61122
-2.48499 -2.88229
-2.56702 -2.52485
-2.50622 -2.43302
-2.51898 -2.25974
-2.66103 -2.51214
-2.44971 -2.3376
-2.45187 -2.04821
-2.55563 -1.9319
-2.41711 -1.71373
-2.38289 -1.61912
-2.32315 -1.86634
-2.33429 -2.1737
-2.26654 -2.00226
-2.20284 -2.1063
-2.12226 -1.96858
-2.15925 -2.32677
-2.26289 -2.34976
-2.25075 -2.60316
-2.12473 -2.51642
-2.16653 -2.74952
-2.02116 -2.55921
-2.0587 -2.79668
-2.16553 -2.95854
-2.25849 -3.19278
-2.23308 -3.46194
-2.20989 -3.67551
-2.29437 -3.72684
-2.35576 -3.4348
-2.27377 -3.8684
-2.25946 -2.79613
1.48902 -0.238134
1.64747 -0.26605
1.37967 -0.285063
1.33873 -0.195624
1.19496 -0.15679
1.07156 -0.450538
0.886349 -0.296378
0.87221 -0.429568
0.852696 -0.555735
0.676899 -0.421386
0.601651 -0.582731
0.544774 -0.766801
0.29356 -0.879016
0.316639 -0.63097
0.17218 -0.716826
0.0317922 -0.608106
0.167128 -0.446226
-0.0930691 -0.485012
-0.221488 -0.577794
-0.13676 -0.734205
0.0652852 -0.763352
-0.0143509 -0.917089
-0.315548 -0.902735
-0.128762 -1.19724
-0.441908 -1.12721
-0.45516 -1.40031
-0.195422 -1.4824
-0.356683 -1.73591
-0.0686545 -1.65924
0.0689459 -1.46167
0.201725 -1.70089
0.191381 -1.27858
0.153822 -1.08667
-0.0297456 -1.94773
-0.38774 -2.1116
-0.434067 -2.44621
-0.668853 -2.2741
-0.642183 -1.957
-0.869109 -2.13911
-1.07812 -2.30122
-1.01157 -2.01918
-0.846373 -1.85391
-1.02113 -1.77747
-0.841591 -1.59904
-0.645953 -1.65707
-0.693067 -1.45028
-0.684131 -1.22801
-0.823042 -1.40129
-0.887896 -1.27326
-1.00385 -1.48436
-1.05269 -1.24019
-1.21003 -2.03902
-1.35392 -2.90779
-0.332431 -0.7015
0.433722 -0.344213
0.485272 -0.201978
0.657975 -0.285013
0.80402 -0.169811
0.658021 -0.104785
0.929696 -0.152886
1.05287 -0.130681
0.430466 -0.471087
-0.842684 -0.697891
-1.39728 -3.24667
-1.30199 -3.31106
-0.270832 -3.52788
-0.407714 -3.76831
-0.131206 -3.81775
-0.269981 -4.07149
-0.506669 -4.00194
-0.450601 -4.26431
3.0358 -1.08727
3.07354 -1.19141
1.02823 -2.90667
4.0643 -2.98953
4.02222 -3.00533
4.48806 -4.67267
4.60187 -5.44963
3.67215 -3.62807
2.74144 -2.46869
2.87435 -2.58631
2.95243 -2.69538
4.64609 -9.24859
4.73282 -9.20606
4.71342 -9.33984
4.77908 -9.1457
4.69439 -9.47114
4.62577 -9.36673
4.56259 -9.31796
4.90874 -8.87608
4.26541 -6.12996
0.914079 -5.03638
1.09076 -5.71366
-2.37397 -9.80987
-2.5309 -9.90989
-3.26889 -9.81062
-3.16064 -9.7925
-3.5729 -5.84934
-2.56744 -6.49036
-2.69642 -2.52422
