-3.57109 -4.94111
-3.46618 -4.42774
-3.44182 -4.34914
-2.52415 -1.82497
-2.18473 -1.20595
-2.12157 -1.10567
-2.04661 -1.01596
-1.92627 -0.914753
-1.77676 -0.801958
-1.60395 -0.67412
-1.41498 -0.56628
-0.539676 -0.257026
-0.322154 -0.194614
-0.10427 -0.147416
0.111426 -0.10511
0.323956 -0.083004
0.509339 -0.0708766
1.05287 -0.130681
2.0204 -0.275641
2.1844 -0.338488
2.34233 -0.401554
2.48933 -0.483355
2.61395 -0.606197
3.3517 -1.38891
3.46798 -1.5151
3.57084 -1.66152
3.922 -2.23232
4.02204 -2.39559
4.11001 -2.61032
4.19583 -2.83531
4.53703 -3.93627
4.83585 -4.99881
4.87685 -5.20969
5.06654 -7.49633
5.06747 -7.61913
5.05313 -8.40485
5.0459 -8.66356
4.96998 -9.16284
4.91136 -9.29729
4.82006 -9.4285
4.70469 -9.56523
4.61399 -9.6521
4.53347 -9.72499
4.4246 -9.80393
4.33446 -9.85767
4.15832 -9.9347
4.01339 -9.9965
3.70312 -10.0943
3.20416 -10.1636
2.60686 -10.185
-1.34088 -10.2092
-2.45894 -10.2109
-2.62959 -10.1976
-2.80328 -10.1671
-3.15365 -10.0802
-3.48181 -9.91539
-3.57725 -9.85072
-3.65806 -9.77601
-3.69041 -9.65412
-3.79563 -8.98286
-3.81102 -8.79856
-3.69968 -6.35034
-3.682 -6.05055
