-4.45559 -7.01965
-4.25913 -5.8446
-4.16178 -5.52026
-4.09241 -5.3847
-2.44412 -2.98849
-2.16348 -2.60373
-2.04703 -2.48455
-1.92169 -2.37993
-1.76851 -2.27354
-1.00156 -1.77846
-0.508218 -1.68071
-0.342625 -1.72502
-0.178125 -1.78291
-0.0147161 -1.84408
0.13469 -1.96208
0.205608 -2.03273
0.943283 -3.2098
1.72176 -4.49512
1.87258 -4.79519
1.91976 -4.94006
2.0023 -5.2267
2.03151 -5.3867
2.2724 -6.72059
2.33328 -8.43471
2.3364 -8.63056
2.32788 -8.75621
2.29235 -8.88136
2.23721 -9.05763
2.10396 -9.3796
2.01264 -9.54992
1.94134 -9.66414
1.83584 -9.80354
1.71953 -9.9415
1.60283 -10.0646
1.46406 -10.185
1.33962 -10.2804
1.21382 -10.3662
1.09838 -10.4206
0.939919 -10.4843
0.900406 -10.4993
0.683821 -10.5746
0.401953 -10.6564
0.18574 -10.7145
0.0649652 -10.7401
-0.209892 -10.7928
-0.696046 -10.8488
-1.24038 -10.8922
-1.58903 -10.9171
-2.23314 -10.9191
-2.54618 -10.9088
-2.95442 -10.8819
-3.12969 -10.857
-3.37426 -10.8093
-3.57133 -10.7493
-3.67157 -10.6963
-3.7591 -10.6479
-3.85451 -10.5925
-3.93666 -10.5062
-3.99797 -10.4249
-4.39436 -9.73149
-4.41479 -9.58725
