-5.02146 -5.10082
-5.03567 -5.2279
-5.00027 -5.33614
-4.94818 -5.35471
-4.95641 -5.54041
-4.90108 -5.56989
-4.90016 -5.71287
-4.933 -5.72384
-4.9659 -5.58999
-4.9801 -5.46143
-4.97645 -5.52185
-4.93369 -5.70068
-4.95496 -5.66026
-4.90733 -5.85457
-4.90713 -5.85054
-4.83232 -6.03286
-4.85834 -5.89125
-4.76058 -6.08112
-4.67634 -6.22343
-4.75654 -6.1906
-4.6686 -6.26377
-4.65307 -6.31267
-4.75069 -6.20875
-4.56056 -6.41302
-4.52782 -6.40989
-4.44215 -6.49023
-4.34939 -6.52462
-4.30963 -6.56138
-4.16744 -6.61692
-4.12125 -6.57048
-4.29672 -6.47407
-4.03417 -6.52725
1.8489 -6.72427
1.6521 -6.69393
1.42933 -6.68802
1.20485 -6.68203
0.970394 -6.7093
0.724247 -6.74512
0.995642 -6.77986
0.476176 -6.78255
0.770332 -6.86782
1.09892 -6.86777
1.3038 -6.81884
1.35124 -6.91993
1.59225 -6.88458
1.57994 -6.80117
1.73831 -6.84295
1.8145 -6.78046
1.85119 -6.84238
1.97993 -6.83712
1.99663 -6.74955
2.13944 -6.77917
2.27611 -6.81329
2.40664 -6.84843
2.65112 -6.9079
2.53123 -6.8814
2.7668 -6.929
2.5534 -6.96592
2.39849 -6.9369
2.44607 -6.88984
2.15021 -6.90819
2.2563 -7.00818
2.44594 -7.0256
2.35557 -7.06909
2.49568 -7.08281
2.62365 -7.02751
2.68391 -7.09125
2.79093 -7.01054
2.8811 -6.94681
2.92982 -6.96883
2.99902 -6.93701
3.11937 -6.92964
3.23057 -6.8997
3.35698 -6.83974
3.22327 -6.91904
3.29319 -6.89467
3.36383 -6.86358
3.43911 -6.7864
3.52977 -6.73376
3.36652 -6.86264
3.39278 -6.78654
3.27009 -6.89744
3.21275 -6.85914
3.3474 -6.73683
3.45805 -6.64462
3.36839 -6.63917
3.2217 -6.7078
3.32968 -6.56552
3.4412 -6.51699
3.3598 -6.4032
3.48472 -6.30132
3.37625 -6.23455
3.42717 -6.11409
3.3226 -6.06362
3.37905 -5.91192
3.49537 -6.00537
3.39978 -5.70426
3.4995 -5.7657
3.46516 -5.55955
3.57455 -5.57152
3.55108 -5.35647
3.48354 -4.90496
3.52426 -5.13414
3.39425 -4.93066
3.41552 -5.30404
3.30165 -5.06726
3.31954 -5.4474
3.3972 -5.50376
3.33026 -5.70202
3.22787 -5.58055
3.20257 -5.2137
3.10404 -5.32956
3.12485 -5.62514
2.99104 -5.45119
3.06812 -5.85411
3.20991 -5.85753
3.19242 -6.10807
3.2994 -5.83197
3.2805 -6.29035
3.16879 -6.31416
3.20906 -6.50898
3.05137 -6.40969
3.05658 -6.1717
2.89075 -6.27595
2.89433 -5.95674
2.6959 -6.09818
2.68001 -5.74749
2.51904 -5.92296
2.42203 -5.65009
2.28866 -5.84904
2.42736 -6.16041
2.14281 -6.03825
2.21032 -6.283
1.94936 -6.20059
1.91205 -5.94114
1.7097 -6.00996
1.70189 -5.68803
1.47651 -5.84781
1.48434 -6.10479
1.27993 -5.9748
1.24077 -6.22312
1.10806 -6.05178
1.00279 -6.1827
0.980443 -6.41673
1.35359 -6.48716
1.14767 -6.62646
0.930473 -6.59373
0.791154 -6.54349
0.660862 -6.42892
0.635714 -6.6005
0.806255 -6.64692
0.754111 -6.74316
0.979917 -6.71155
1.04812 -6.83685
0.841048 -6.87595
1.12304 -6.95136
0.933005 -6.97181
0.674182 -6.91988
0.833426 -7.00717
1.17552 -7.02956
1.24505 -7.06093
1.51772 -7.05484
1.58624 -7.06298
1.90178 -7.07732
1.80255 -7.05646
1.98711 -7.08732
1.88296 -7.05596
1.60903 -7.03135
1.69757 -7.01881
1.89989 -7.02992
2.05025 -7.09231
2.17002 -7.07532
2.21781 -7.12466
2.35929 -7.11494
2.39008 -7.15223
2.50848 -7.13014
2.58741 -7.15278
2.39572 -7.17843
2.25029 -7.14764
2.26849 -7.14631
2.13791 -7.13024
2.08716 -7.11427
2.09597 -7.09992
2.165 -7.11404
2.15853 -7.0978
1.9859 -7.06424
1.76512 -7.04226
1.92851 -7.02939
2.14663 -7.06104
2.10353 -6.99967
2.31632 -7.03741
2.29789 -6.96024
2.47178 -7.02399
2.52045 -6.96912
2.6996 -7.02492
2.4961 -7.06406
2.60876 -7.10706
2.87289 -7.04155
2.8029 -7.0936
3.00162 -7.03062
2.92027 -7.07829
2.78246 -7.10582
2.91798 -7.05906
3.05874 -7.01852
2.97917 -7.03698
3.09705 -6.98832
3.22315 -6.94733
3.21001 -6.95039
3.10114 -6.96418
2.98005 -7.0228
2.8913 -7.02112
2.83699 -7.08014
2.60664 -7.14122
2.45117 -7.15294
2.37597 -7.13096
2.35588 -7.09169
2.97891 -6.96097
3.05146 -6.85523
2.87182 -6.92894
2.703 -6.91322
2.88809 -6.83039
2.75472 -6.84237
2.78235 -6.75048
2.96504 -6.71671
3.05295 -6.76083
3.10521 -6.66553
3.0276 -6.58724
2.88706 -6.64485
2.88478 -6.50121
2.73319 -6.60901
2.58804 -6.71457
2.55828 -6.57096
2.66689 -6.396
2.39425 -6.44066
2.3925 -6.64205
2.22248 -6.53369
2.17037 -6.70135
2.41869 -6.80912
2.2163 -6.86351
1.97411 -6.79966
2.04622 -6.91725
1.82063 -6.84265
1.86298 -6.94994
1.57876 -6.86186
1.67943 -6.98525
1.36909 -6.93283
1.54271 -7.01921
1.35175 -7.00175
1.25449 -6.78592
1.42597 -6.70212
1.64136 -6.75926
1.59776 -6.62521
1.62518 -6.45345
1.47782 -6.30516
1.6911 -6.2547
1.87107 -6.44681
1.75999 -6.58964
1.93186 -6.64726
2.05485 -6.55268
2.09147 -6.4107
2.23152 -6.422
1.79327 -6.73482
1.85896 -6.80339
2.3967 -6.90542
2.53394 -6.89369
2.6306 -6.82994
2.02344 -6.99056
1.8137 -6.97302
1.85407 -6.91422
1.62843 -6.94924
1.62484 -6.9968
1.4664 -6.98181
1.29549 -6.97309
1.07411 -6.93327
1.11208 -6.98995
1.35637 -7.00511
1.12845 -7.03701
1.44664 -7.02733
1.24087 -7.06316
0.958526 -7.05807
0.843482 -7.0306
0.630185 -7.02701
0.590386 -6.98696
0.859944 -6.99494
0.571924 -6.96187
0.254777 -6.9538
0.275527 -6.92802
-0.0411515 -6.90431
0.00738859 -6.8729
-0.310867 -6.84831
-0.24591 -6.83178
-0.0213771 -6.79712
0.179901 -6.84048
0.229621 -6.76892
0.408785 -6.8498
0.27796 -6.88604
0.520256 -6.91208
0.817448 -6.95495
-3.50794 -6.67903
-3.77054 -6.60149
-3.96092 -6.59372
-3.91478 -6.66033
-3.5719 -6.7293
-3.66555 -6.74616
-3.88158 -6.69866
-4.045 -6.66628
-4.18151 -6.62189
-4.09235 -6.65249
-4.26304 -6.57209
-4.4052 -6.48724
-4.4047 -6.47754
-4.49367 -6.4161
-4.52928 -6.35831
-4.5915 -6.33095
-4.58592 -6.2925
-4.65943 -6.19034
-4.58199 -6.22745
-4.44546 -6.4092
-4.43611 -6.38131
-4.30161 -6.51175
-4.26359 -6.56986
-4.13961 -6.65393
-4.09306 -6.6851
-3.91302 -6.76027
-3.92902 -6.73516
-3.68299 -6.79557
-3.78175 -6.74883
-3.95941 -6.71545
-3.51927 -6.79692
-3.41773 -6.78686
-3.29562 -6.81047
-3.21826 -6.82245
-3.03435 -6.86128
-3.02963 -6.8179
-3.26313 -6.78971
-2.91719 -6.8053
-2.71798 -6.85803
-2.51758 -6.81403
-2.82087 -6.75892
-2.21052 -6.84682
-0.856974 -6.76416
-0.657873 -6.78861
-0.269905 -6.81874
-0.467937 -6.80504
-0.655997 -6.79118
-0.548683 -6.81332
-0.543681 -6.86275
-0.730488 -6.80836
-0.853753 -6.86076
-0.928614 -6.7809
-1.17367 -6.81113
-1.06035 -6.72913
-1.30644 -6.7771
-1.5016 -6.82418
-1.55524 -6.81745
-1.71719 -6.82666
-1.7762 -6.82136
-1.9938 -6.83332
-2.30871 -6.86667
-2.02022 -6.89049
-1.75813 -6.85987
-1.84752 -6.94936
-2.19509 -6.93484
-2.00898 -6.98314
-2.45416 -6.95847
-2.48169 -6.89503
-2.7351 -6.91491
-2.91201 -6.90451
-3.25381 -6.83768
-3.2602 -6.82722
-3.4424 -6.78723
-3.45413 -6.82155
-3.65601 -6.82763
-3.44208 -6.85255
-3.1898 -6.85276
-3.29534 -6.83731
-3.57275 -6.82013
-3.48332 -6.79073
-3.70317 -6.73425
-3.80225 -6.7782
-4.00425 -6.69037
-3.88162 -6.68626
-4.03064 -6.57706
-4.17576 -6.568
-4.18829 -6.45035
-4.31873 -6.4235
-4.32017 -6.32969
-4.4625 -6.24129
-4.35676 -6.14392
-4.51503 -5.99749
-4.60119 -6.07259
-4.65801 -5.80851
-4.69193 -6.01345
-4.69326 -6.10382
-4.78791 -5.96761
-4.77608 -5.82767
-4.85263 -5.78409
-4.84423 -5.63181
-4.90533 -5.39541
-4.82704 -5.47401
-4.76343 -5.66147
-4.72604 -5.51271
-4.62777 -5.557
-4.54064 -5.74196
-4.55424 -5.4556
-4.69594 -5.23751
-4.56187 -5.17635
-4.63489 -4.90823
-4.76491 -4.85311
-4.81015 -5.07979
-4.85554 -4.87743
-4.86134 -5.10507
-4.80006 -5.29
-4.87619 -5.28924
-4.93635 -5.16355
-4.99138 -4.869
-5.00468 -4.9731
-4.94452 -4.72086
-4.90944 -4.65341
-4.82565 -4.63032
-4.87691 -4.3767
-4.94872 -4.58636
-4.91322 -4.23208
-4.8707 -4.10065
-4.80977 -4.14488
-4.8291 -3.9492
-4.76246 -3.92005
-4.80406 -3.70889
-4.71512 -3.69725
-4.70964 -3.45244
-4.62286 -3.51662
-4.64876 -3.87565
-4.5016 -3.57996
-4.5546 -3.98782
-4.46048 -3.92983
-4.36458 -3.6651
-4.35767 -4.12172
-4.49898 -4.24577
-4.42329 -4.53466
-4.29711 -4.46626
-4.32337 -4.80707
-4.18731 -4.63596
-4.18786 -4.18943
-4.0547 -4.40501
-4.05556 -4.04683
-3.89755 -4.069
-3.99372 -3.68964
-3.83037 -3.53957
-3.70516 -3.79791
-3.69729 -4.32817
-3.56745 -3.91611
-3.49544 -4.13665
-3.50428 -4.51339
-3.65904 -4.73183
-3.5498 -4.96253
-3.72914 -5.0063
-3.6937 -5.28685
-3.79008 -5.17276
-3.82663 -5.30947
-3.79858 -5.62695
-3.57404 -5.5418
-3.52594 -5.27869
-3.37544 -5.40947
-3.38507 -5.11021
-3.12876 -5.11951
-3.29097 -4.69016
-3.00803 -4.61452
-2.90011 -4.87068
-2.72069 -4.5464
-2.7179 -4.92987
-2.87939 -5.13839
-2.66277 -5.27505
-2.54724 -5.0017
-2.40427 -5.20119
-2.37298 -4.86691
-2.14513 -5.11747
-2.18157 -4.70595
-1.99435 -4.89759
-1.86787 -5.21306
-1.9886 -5.51252
-1.71986 -5.56423
-1.58212 -5.26176
-1.46637 -5.68609
-1.62157 -5.87672
-1.36466 -5.98899
-1.25489 -5.80292
-1.10963 -5.99576
-1.21238 -6.25632
-0.920636 -6.14733
-0.876565 -5.88262
-0.631886 -6.05334
-0.807714 -6.39709
-0.493215 -6.29359
-0.459368 -6.48303
-0.647326 -6.60256
-0.413972 -6.62338
-0.208221 -6.5501
-0.267983 -6.71555
-0.523066 -6.7077
-0.519547 -6.78893
-0.261896 -6.81398
-0.043437 -6.78684
-0.126822 -6.86358
-0.386288 -6.86214
-0.283188 -6.9117
0.00273943 -6.92832
-0.164427 -6.96983
0.140489 -6.98139
-0.0165744 -7.00944
0.289351 -7.01652
0.162317 -7.04898
-0.178831 -7.02325
-0.351265 -7.00667
-0.472922 -7.02124
-0.210465 -7.06181
-0.574827 -7.05298
-0.475091 -7.07249
-0.00468159 -7.04136
-0.204731 -7.0076
0.0697627 -6.98706
-0.0631356 -6.95186
-0.318433 -6.95596
-0.178239 -6.93061
-0.304203 -6.895
-0.441788 -6.90165
-0.602115 -6.93246
-0.46315 -7.00556
-0.722159 -7.0204
-0.866219 -6.95592
-1.03045 -6.99119
-1.11693 -6.93292
-1.30171 -6.98586
-1.47369 -6.91026
-1.60411 -6.98841
-1.27612 -7.02954
-1.70522 -7.02546
-1.99383 -7.01027
-2.23783 -7.00075
-2.01212 -7.0286
-2.37629 -7.00737
-2.54555 -6.97287
-2.70856 -6.94955
-2.94957 -6.89797
-2.96042 -6.9064
-2.6765 -6.93681
-2.48683 -6.9779
-2.43529 -6.93929
-2.76234 -6.89466
-2.53658 -6.88996
-2.27634 -6.9056
-2.07415 -6.98369
-1.95933 -6.92229
-1.68267 -6.96812
-1.71591 -6.91109
-1.44439 -6.91403
-1.21851 -6.95248
-1.49441 -7.00019
-1.16476 -7.00476
-0.782481 -6.99354
-0.979636 -7.01595
-1.33997 -7.02545
-1.05727 -7.02933
-0.940793 -7.01737
-0.890662 -7.02203
-0.887661 -7.03897
-0.732314 -7.04542
-0.81354 -7.0284
-0.728884 -7.00424
-0.830871 -6.93116
-0.492932 -6.96162
-0.565604 -6.89631
-0.828578 -6.86726
-1.11379 -6.89555
-1.04589 -6.84683
-1.3081 -6.85284
-1.60257 -6.85571
-1.47077 -6.79329
-1.78468 -6.7688
-1.49482 -6.67651
-1.86595 -6.64872
-2.13853 -6.69227
-2.04298 -6.79706
-1.87285 -6.85715
-2.12495 -6.85984
-2.30039 -6.79083
-2.29796 -6.8527
-2.48708 -6.83946
-2.54808 -6.76154
-2.73425 -6.78705
-2.69352 -6.85371
-2.91014 -6.83253
-3.07156 -6.85666
-3.28805 -6.82204
-3.15891 -6.79538
-3.38444 -6.74832
-3.59301 -6.6839
-3.47141 -6.64035
-3.64725 -6.57452
-3.83514 -6.56379
-3.73672 -6.40317
-3.96273 -6.31244
-4.06228 -6.42948
-4.11746 -6.28333
-4.21244 -6.30938
-4.2252 -6.15913
-4.31879 -5.99048
-4.4263 -5.90875
-4.36521 -5.851
-4.42831 -5.66327
-4.28077 -5.80029
-4.31486 -5.49413
-4.44627 -5.32253
-4.32426 -5.16782
-4.472 -4.93439
-4.17906 -5.05358
-4.21977 -5.34971
-4.09595 -5.37319
-4.03111 -5.14291
-3.94661 -5.36734
-3.88531 -5.03475
-4.0454 -4.82254
-3.90068 -4.58524
-3.78002 -4.75427
-4.01722 -5.64679
-3.92565 -5.91986
-3.73732 -5.99027
-3.84477 -6.17112
-3.99308 -6.10113
-4.10664 -6.14061
-4.1093 -5.90309
-4.2112 -6.00974
-4.17909 -5.60657
-3.66898 -6.22717
-3.58478 -6.37085
-3.51111 -6.27316
-3.54256 -6.0956
-3.28431 -6.22184
-3.4008 -5.97028
-3.58518 -5.83419
-3.39061 -5.72514
-3.14351 -5.93227
-3.16682 -5.57794
-2.94639 -5.73782
-2.78124 -5.98479
-2.93386 -6.20647
-2.53284 -6.27368
-2.77186 -6.40866
-3.03414 -6.37036
-2.94017 -6.52738
-2.66199 -6.57181
-2.82195 -6.60513
-2.73944 -6.68539
-2.92742 -6.63432
-2.9865 -6.72581
-3.11748 -6.60826
-3.25299 -6.68706
-3.34535 -6.56055
-3.54562 -6.50454
-3.4204 -6.40387
-3.20159 -6.45817
-2.46165 -6.68391
-2.37993 -6.58856
-2.4992 -6.47282
-2.14545 -6.50128
-2.14327 -6.2547
-2.42042 -6.00407
-2.09113 -6.01134
-1.83017 -6.21912
-1.8332 -6.42459
-1.53654 -6.37322
-1.57191 -6.53017
-1.77964 -6.56948
-1.23254 -6.52632
-1.11847 -6.6819
-1.15299 -6.78146
-0.809283 -6.72083
-0.823685 -6.81644
-0.616809 -6.84848
-0.917284 -6.60896
-1.55901 -6.14084
-1.82439 -5.98419
-1.83249 -5.75855
-2.0264 -5.78387
-2.28921 -5.73279
-2.13246 -5.62871
-2.23545 -5.45131
-2.45292 -5.47958
-2.64974 -5.68179
-2.91914 -5.4385
-1.68304 -7.02539
-1.8622 -7.0238
-2.21144 -7.00911
0.323029 -7.01613
0.345113 -7.04672
0.664914 -7.04549
0.52537 -7.05054
0.0764065 -7.04622
0.440489 -7.04108
0.668894 -7.0376
0.81168 -7.05751
0.939493 -7.06276
0.698094 -7.02618
0.522643 -7.02775
0.464787 -6.99966
0.474 -6.94098
0.254519 -6.95565
0.180694 -6.87264
0.431895 -6.87863
0.539545 -6.80864
0.317798 -6.82163
0.312363 -6.71433
0.157914 -6.77526
0.0484362 -6.64854
0.363122 -6.51272
0.0429811 -6.42229
-0.225841 -6.31213
0.0342269 -6.18466
-0.140411 -6.02449
-0.363595 -6.10653
-0.334044 -5.75532
-0.663705 -5.64644
-0.445527 -5.22591
-0.0783253 -5.40143
-0.00610495 -5.74528
0.187449 -5.52092
0.277247 -5.78514
0.0696011 -5.96326
0.217067 -6.04597
0.262547 -6.25103
0.472284 -6.013
0.495881 -6.28306
0.757025 -6.17296
0.77874 -5.84233
0.549973 -5.70268
0.462197 -5.5055
0.581101 -5.57196
0.708689 -5.54059
0.618581 -5.28917
0.277178 -5.18953
0.617071 -4.95262
0.228168 -4.70699
-0.141638 -4.97327
-0.169744 -4.49773
0.171333 -4.1867
-0.285633 -3.95378
-0.518325 -4.36563
-0.440052 -4.79591
-0.674521 -4.60395
-0.722582 -4.90515
-0.879973 -4.57477
-1.03565 -4.89696
-1.12614 -4.39256
-1.2773 -4.65617
-1.34055 -5.02094
-1.07187 -5.35069
-1.29607 -5.49698
-1.07831 -5.71195
-0.895271 -5.59246
-0.808086 -5.28272
-1.60497 -4.85563
-1.80269 -4.88904
-1.78418 -4.52173
-1.99473 -4.57779
-2.03602 -4.14116
-2.18458 -4.38455
-2.30191 -4.12651
-2.4104 -4.47681
-2.55576 -4.09399
-2.5565 -4.75137
-2.85978 -4.1706
-2.71333 -3.72939
-3.03971 -3.8416
-3.10399 -4.28857
-3.29634 -4.14383
-3.22533 -3.78929
-3.37977 -3.72848
-3.16577 -3.46886
-3.31281 -3.44158
-3.39678 -3.40241
-3.5321 -3.5504
-3.44937 -3.12155
-3.65346 -3.32977
-3.59489 -2.88753
-3.76495 -3.08074
-3.92308 -3.23751
-3.85525 -2.82657
-3.99209 -2.91037
-4.09517 -3.37753
-4.11934 -3.82025
-4.23281 -3.75387
-4.24579 -3.29939
-4.37195 -3.24886
-4.27353 -2.8096
-4.13134 -2.90251
-4.15214 -2.53615
-3.99698 -2.48076
-3.91659 -2.65599
-3.82517 -2.43783
-3.70926 -2.67016
-3.65219 -2.29925
-3.56427 -2.51577
-3.39016 -2.62049
-3.42487 -2.10301
-3.22652 -2.26901
-3.12361 -1.86491
-3.00919 -2.16613
-3.12867 -2.55578
-2.98248 -2.38662
-2.81574 -2.24699
-2.76542 -1.88078
-2.53374 -2.05017
-2.4565 -1.66848
-2.19899 -1.84627
-2.17224 -1.4619
-1.90781 -1.6177
-1.90135 -1.30111
-1.74962 -1.4409
-1.57973 -1.23301
-1.85059 -1.01436
-2.1564 -1.03663
-1.94395 -0.651428
-2.27094 -0.604366
-2.53499 -0.935189
-2.39589 -1.31147
-2.64521 -1.44765
-2.79605 -1.24751
-2.88807 -1.62769
-3.01874 -1.37078
-3.28058 -1.53988
-3.14168 -1.08426
-2.87532 -0.832707
-3.08876 -0.715489
-2.9734 -0.425577
-2.7884 -0.394662
-2.65416 -0.54835
-2.48058 -0.49184
-2.57891 -0.155236
-2.35087 -0.285499
-2.27529 0.0289665
-2.12716 -0.289026
-2.02091 -0.0352309
-2.01104 0.276147
-1.81471 0.0125931
-1.85688 -0.270042
-1.53151 -0.198669
-1.65421 -0.534241
-1.4149 -0.531622
-1.1501 -0.428704
-1.22669 -0.776459
-1.48034 -0.730433
-1.42404 -0.953703
-1.16469 -1.15869
-0.918914 -0.917728
-1.01428 -0.691527
-0.747974 -0.619574
-0.904955 -0.248037
-1.16034 0.0672914
-0.809031 -0.00224644
-0.60997 -0.267243
-0.535435 0.0996319
-0.353657 -0.121469
-0.417398 -0.32486
-0.205169 -0.33377
-0.0290513 -0.0281101
0.129225 -0.427299
0.297125 -0.163376
0.315296 0.097612
0.560898 -0.118773
0.486484 -0.407324
0.814189 -0.382434
0.698741 -0.768765
1.0549 -0.80205
0.986068 -1.16495
1.30274 -1.22526
1.21932 -1.63234
0.918708 -1.43469
0.659575 -1.16542
0.730204 -1.47083
0.943422 -1.76137
0.65872 -1.62756
0.689713 -1.90663
0.467247 -1.64688
0.378176 -1.81195
0.468139 -2.12855
0.849284 -2.31787
0.605428 -2.59094
1.08707 -2.80133
1.14467 -2.40879
1.38386 -2.65907
1.41244 -3.00231
1.62452 -3.02606
1.51628 -3.19892
1.32884 -3.31733
1.61876 -3.4317
1.52057 -3.74668
1.7609 -3.84153
1.87263 -3.45177
2.00853 -4.03012
2.09091 -3.69184
2.23128 -4.05502
2.21156 -4.43938
2.02571 -4.49075
2.22688 -4.8488
2.02679 -4.81718
1.84661 -4.54825
1.8876 -4.99059
2.15952 -5.13594
2.13881 -5.46746
2.32499 -5.38844
2.52044 -5.38606
2.3406 -5.18301
2.4451 -5.05075
2.58606 -5.18093
2.76608 -5.35464
2.83217 -5.70731
2.92568 -5.6824
2.8891 -5.13145
2.9907 -5.09147
2.88371 -4.8429
2.75627 -4.88106
2.77887 -4.59955
2.61671 -4.45105
2.56892 -4.87723
2.40631 -4.43754
2.37252 -4.73759
2.41865 -4.05057
2.25426 -3.6681
2.42345 -3.66579
2.58043 -4.00841
2.56954 -3.64934
2.70012 -3.92626
2.74153 -4.27981
2.85226 -4.13702
2.87774 -4.535
3.01395 -4.53976
2.9725 -4.79789
3.08673 -4.97172
3.1718 -4.83102
3.2669 -4.67919
3.13014 -4.43399
3.22805 -4.30133
3.11445 -4.10669
2.99379 -4.04803
3.06279 -3.72301
2.92041 -3.58787
2.85484 -3.77825
2.76606 -3.82342
2.76843 -3.61101
2.68332 -3.62383
2.70745 -3.36161
2.58664 -3.3291
2.44599 -3.29984
2.49953 -2.9128
2.32453 -2.91014
2.28335 -3.28844
2.17816 -2.91526
2.08005 -3.22452
2.01419 -2.62928
1.83915 -2.86249
1.59477 -2.50831
1.77557 -2.24961
1.51459 -2.01746
1.2822 -2.16208
1.00206 -2.10996
1.46439 -1.6388
1.62988 -1.83986
1.57208 -1.44087
1.75034 -1.78916
1.968 -1.9835
1.76044 -1.38642
1.9655 -1.45813
2.08404 -1.77628
2.13593 -1.49129
2.20868 -1.88456
2.14269 -2.06677
2.26497 -2.20787
2.31297 -2.02578
2.37397 -2.25025
2.35889 -2.5359
2.49131 -2.42873
2.4124 -2.03108
2.5374 -2.06977
2.61683 -2.40657
2.61735 -2.75448
2.72542 -2.60888
2.74986 -3.05057
2.6345 -3.08617
2.81504 -3.44107
2.86876 -3.24299
2.96739 -3.29574
2.87045 -2.85211
2.99652 -3.01069
3.0738 -3.37498
3.11787 -3.08609
3.17078 -3.46167
3.23116 -3.28683
3.25324 -3.58835
3.31074 -3.59666
3.35018 -3.55718
3.37898 -3.7274
3.32971 -3.83562
3.39768 -3.92182
3.42477 -4.1288
3.41732 -4.40086
3.36571 -3.40012
3.36118 -3.27401
3.36958 -3.1123
3.2746 -2.99759
3.24019 -3.04955
3.20807 -2.72852
3.12893 -2.68381
3.17673 -2.56202
3.15324 -2.29766
3.06567 -2.11083
2.98714 -2.31549
3.00407 -2.71704
2.89711 -2.45565
2.94322 -2.75492
2.80076 -2.42652
2.68601 -2.14828
2.79243 -2.07805
2.67277 -1.71846
2.55373 -1.72238
2.40565 -1.65131
2.44366 -1.37521
2.30056 -1.1804
2.25722 -1.43567
2.28993 -1.75208
2.14548 -1.13188
1.96929 -1.05301
2.02879 -0.843907
2.1489 -0.856148
2.25375 -0.895861
2.38461 -0.972778
2.16901 -0.613431
2.30502 -0.577991
2.14714 -0.2934
1.9485 -0.207089
1.96291 -0.540581
1.78585 -0.219939
1.75118 -0.420756
1.55824 -0.0389708
1.53177 -0.363565
1.35422 0.00687524
1.22154 -0.137313
1.40105 -0.508484
1.61569 -0.842548
1.42181 -0.801269
1.17454 -0.494282
1.28792 -0.865234
1.44088 -1.07994
1.57121 -1.09998
1.81723 -1.08365
1.76497 -0.731364
1.89725 -0.704118
0.932659 -0.111044
0.751903 -0.0988682
0.648712 0.128652
0.935633 0.186247
0.651762 0.446865
0.341935 0.382633
0.0405531 0.298598
0.0425487 0.592417
-0.254012 0.456218
-0.178124 0.230195
-0.354259 0.260062
-0.50206 0.347781
-0.291698 0.100336
-0.790456 0.303473
-0.565374 0.566532
-0.877905 0.587389
-1.07015 0.402502
-1.34705 0.416066
-1.62138 0.231929
-1.60236 0.504622
-1.83522 0.496644
-2.15326 0.733015
-2.30628 0.370683
-2.55497 0.527535
-2.49239 0.209895
-2.71585 0.187897
-2.83042 0.398622
-2.95271 0.129527
-2.8412 -0.11379
-3.03031 -0.16086
-3.20268 -0.451621
-3.19463 -0.0548762
-3.30201 -0.307237
-3.39596 -0.521783
-3.35275 -0.721165
-3.51632 -0.868457
-3.39955 -0.980021
-3.25307 -0.848874
-3.33504 -1.19464
-3.5352 -1.29465
-3.41363 -1.43405
-3.49543 -1.68552
-3.60622 -1.98667
-3.73646 -2.10101
-3.70977 -1.7454
-3.87347 -2.06927
-3.87777 -1.74288
-3.95666 -1.91331
-3.98753 -2.13377
-4.08762 -2.2474
-4.04076 -1.99992
-4.11049 -2.11278
-4.19762 -2.25574
-4.107 -1.96953
-4.16068 -1.8464
-4.27084 -2.06728
-4.36075 -2.48631
-4.38448 -2.91727
-4.47523 -2.84075
-4.45139 -3.1636
-4.5413 -3.17814
-4.55744 -2.82048
-4.49235 -2.44104
-4.62174 -2.61488
-4.63985 -2.9875
-4.69784 -2.74536
-4.67623 -2.42168
-4.57617 -2.23817
-4.6181 -2.00482
-4.52892 -1.92373
-4.47148 -2.01455
-4.46738 -1.79154
-4.48685 -1.59437
-4.37753 -1.66002
-4.32925 -1.21793
-4.42041 -1.1952
-4.31596 -0.827486
-4.44062 -1.02922
-4.35182 -0.674304
-4.26502 -0.512976
-4.13658 -0.390684
-4.1704 -0.253301
-4.10409 -0.0897388
-4.16257 -0.0103153
-4.06604 0.146722
-3.97716 -0.0086392
-3.93028 0.352175
-3.84067 0.270367
-3.83962 0.043744
-3.68311 0.329188
-3.76286 0.578281
-3.61427 0.676496
-3.49831 0.636406
-3.47885 0.333753
-3.34177 0.690171
-3.39239 0.870853
-3.25877 0.977535
-3.35407 1.11727
-3.15793 1.31377
-3.32326 1.35796
-3.47223 1.18046
-3.40859 1.39545
-3.50409 1.34949
-3.62492 1.09714
-3.62628 1.26869
-3.73382 1.08789
-3.76168 0.887892
-3.64761 0.865484
-3.88396 0.676267
-4.08136 0.340491
-3.88493 0.887848
-4.23065 0.242327
-4.2454 0.0440564
-4.33857 -0.405229
-4.3228 -0.428421
-4.33857 -0.405231
-4.41549 -0.678639
-4.48306 -0.920809
-4.48357 -0.720674
-4.62973 -1.23297
-4.54149 -1.20264
-4.60624 -1.50472
-4.51518 -1.35981
-4.58218 -1.66046
-4.66071 -1.84338
-4.69952 -2.05684
-4.7274 -2.26689
-4.74977 -2.05584
-4.80398 -2.34209
-4.80528 -2.62102
-4.88493 -2.53073
-4.86584 -2.71267
-4.83667 -2.79731
-4.86817 -2.86542
-4.7925 -2.94731
-4.81019 -2.81368
-4.75529 -2.85858
-4.70581 -2.92146
-4.72062 -3.06332
-4.66707 -3.21926
-4.6299 -3.27766
-4.70679 -3.2795
-4.78922 -3.44398
-4.77614 -3.19105
-4.88459 -3.39119
-4.88809 -3.62634
-4.88402 -3.85632
-4.93674 -3.76825
-4.94233 -3.98556
-5.02202 -3.78129
-4.99779 -3.95758
-4.9761 -4.20067
-5.00823 -4.136
-5.0352 -4.30545
-5.02065 -4.43947
-5.04808 -3.63329
-5.06359 -3.48579
-5.00092 -3.13332
-5.0749 -3.34229
-5.06852 -3.22215
-5.03016 -3.10942
-4.99732 -3.061
-4.98169 -2.79322
-4.95344 -2.89442
-4.92358 -2.95933
-4.92109 -2.74863
-4.83843 -3.02338
-4.89593 -3.16215
-4.9543 -3.34074
-4.95702 -3.59009
-4.96595 -2.49466
-4.84932 -2.23665
-4.86857 -2.05973
-4.79519 -1.94164
-4.71139 -1.70408
-4.78574 -1.65433
-4.73615 -1.28084
-4.82604 -1.52371
-4.87973 -1.84924
-4.93467 -2.18255
-5.02839 -3.03763
-4.82199 -1.28849
-4.81618 -1.39943
-4.72255 -0.957176
-4.69117 -0.717263
-4.63367 -0.593157
-4.65765 -0.649752
-4.71195 -0.778766
-4.75996 -0.892555
-4.79534 -1.02506
-4.83057 -1.04644
-4.84644 -1.1851
-4.77874 -0.887995
-5.03443 -3.03692
-4.34797 0.149101
-4.2833 0.354207
-4.2325 0.302194
-4.40023 -0.115261
-4.3472 -0.0142963
-4.47538 -0.374895
-4.37526 -0.16014
-4.47299 -0.492555
-4.57765 -0.685295
-4.60635 -0.897721
-4.39407 -0.442049
-4.34876 -0.194276
-4.6874 -0.9954
-4.63695 -0.765236
-4.58405 -0.594669
-4.59984 -0.558412
-4.59721 -0.481401
-4.58071 -0.319468
-4.46366 -0.171657
-4.50579 -0.15222
-4.74636 -0.81518
-4.42475 -0.0112364
-4.23402 0.270385
-4.23391 0.270731
-4.18892 0.443333
-4.20582 0.50291
-4.15173 0.661871
-4.09775 0.75702
-4.08725 0.64412
-3.97226 0.872657
-3.85161 0.999817
-4.0627 0.853914
-3.69281 1.389
-3.60898 1.50018
-3.56018 1.55515
-3.44321 1.6094
-3.34199 1.69344
-3.29552 1.91489
-3.26485 1.83971
-3.32785 1.56468
-3.40674 1.52289
-3.2084 1.57199
-3.09029 1.76615
-3.11043 1.93758
-2.93932 1.92845
-2.92763 1.72342
-3.07106 1.58088
-2.96273 1.52274
-2.73299 1.61293
-2.75289 1.91439
-2.53849 1.93488
-2.39978 1.7197
-2.57733 1.42944
-2.75646 1.26403
-2.93996 1.30401
-2.91444 1.04123
-3.09055 1.04221
-3.04059 0.769862
-3.19879 0.803167
-3.24549 0.525764
-3.06861 0.385296
-2.82214 0.679762
-2.88198 0.868655
-2.7281 0.978091
-2.61154 0.791271
-2.45057 0.761027
-2.45645 0.986148
-2.23017 1.09295
-2.03225 1.08141
-1.81063 0.968507
-1.8197 1.28838
-1.5384 1.13383
-1.58758 1.36448
-1.40049 1.33087
-1.19388 1.14402
-1.37997 0.99696
-1.23982 0.854563
-1.52926 0.879997
-1.44213 0.661245
-1.16088 0.615755
-0.988311 0.769162
-0.975286 0.959116
-0.704685 0.844489
-0.792552 1.07075
-0.485139 1.16219
-0.275284 0.805841
-0.159599 1.02209
-0.135658 0.897933
0.0336542 0.875303
0.346965 0.676382
0.363877 1.01193
0.634477 0.729887
0.960826 0.513824
0.810693 0.785406
0.646678 0.918804
0.789994 0.953831
1.00341 0.808756
0.859262 1.1263
0.627498 1.12969
0.68123 1.39305
0.424241 1.35868
0.157034 1.30814
0.0497017 1.10544
-0.134933 1.30614
0.0281558 1.50806
0.232523 1.54283
0.076889 1.76067
-0.163651 1.58673
-0.189486 1.79336
-0.38402 1.68175
-0.355007 1.44862
-0.600453 1.50663
-0.869289 1.30277
-0.874784 1.63937
-1.19461 1.50897
-0.954736 1.11042
-1.07546 1.85977
-1.45116 1.77473
-1.46715 1.50908
-1.67996 1.56278
-1.78132 1.84263
-1.92772 1.57427
-1.98595 1.76381
-2.14974 1.62842
-2.06604 1.99459
-2.33117 2.02053
-2.22372 2.24721
-2.4155 2.19156
-2.59224 2.14355
-2.47803 2.36828
-2.59175 2.32096
-2.77635 2.13262
-2.96443 2.08359
-2.86018 2.23885
-2.99244 2.17269
-3.12464 2.10619
-2.73514 2.30152
-2.33041 2.43842
-2.15902 2.52279
-2.0344 2.59864
-1.93172 2.68756
-1.88641 2.55938
-1.9907 2.47504
-2.03335 2.30554
-1.84079 2.38496
-1.92402 2.21456
-1.75656 2.17104
-1.58775 2.35829
-1.70144 2.57952
-1.82921 2.63886
-1.80461 2.7316
-1.40794 2.76032
-1.49098 2.7838
-1.59124 2.7103
-1.28472 2.70328
-1.35465 2.64905
-1.3956 2.52624
-1.68832 2.72867
-1.15035 2.65782
-1.07131 2.44804
-1.32157 2.29086
-1.03913 2.17342
-1.32838 2.04948
-1.51298 2.17906
-1.57279 2.01936
-0.797481 2.0246
-0.84351 1.83653
-0.626591 1.81784
-0.534967 2.1027
-0.352904 1.92041
-0.271108 2.15699
-0.459401 2.32172
-0.565854 2.30372
-0.678382 2.4777
-0.808323 2.4186
-0.890891 2.3313
-0.792942 2.20139
-0.672472 2.16058
-1.07131 2.44804
-1.08776 2.47099
-0.83634 2.54529
-0.985569 2.59844
0.347141 2.27204
0.501402 2.15367
0.263816 2.01704
0.513905 1.95576
0.496194 1.69042
0.0547361 1.97076
-0.114912 1.95806
-0.0123048 2.13315
-0.129464 2.32133
-0.29534 2.32799
0.258926 2.31468
0.122143 2.32246
0.137964 2.20726
-0.0222659 2.31353
0.679978 1.87238
0.641551 2.06233
0.807639 1.99134
0.816894 1.84212
0.815552 1.70906
0.965943 1.79688
1.06415 1.59912
1.14292 1.69624
1.27155 1.56832
1.27047 1.36239
1.05197 1.47116
1.11785 1.30139
0.927358 1.37222
1.11998 1.05239
1.25881 1.15604
1.37127 0.900986
1.32291 0.62787
1.52101 0.641374
1.5832 0.792695
1.74161 0.475652
1.59144 0.370355
1.81271 0.141158
1.9418 0.194059
1.92265 0.429419
2.07883 0.222399
2.02699 0.411256
2.11769 0.407715
2.19252 0.176906
2.20775 0.00956313
2.30901 0.00189249
2.32085 -0.294398
2.45195 -0.224828
2.49259 -0.506877
2.58388 -0.481903
2.53291 -0.202371
2.60129 -0.34257
2.6739 -0.541756
2.70476 -0.790025
2.79241 -0.756986
2.83728 -1.1283
2.73953 -1.06747
2.81813 -1.39848
2.69952 -1.21699
2.77753 -1.66191
2.64104 -1.34165
2.54007 -1.3669
2.5291 -1.08635
2.46895 -0.749533
2.5921 -1.03734
2.62224 -0.824989
2.92728 -1.82976
2.91074 -1.50321
3.00041 -1.74762
3.10085 -1.79945
2.98334 -1.37036
3.06535 -1.34056
3.15325 -1.6423
3.10115 -1.13264
3.1649 -1.50699
3.20565 -1.74828
3.20826 -1.86799
3.25297 -1.98419
3.20475 -2.09234
3.21121 -2.53289
3.26655 -2.39533
3.3515 -2.37097
3.30164 -2.54944
3.21294 -2.53751
3.29298 -2.66584
3.3628 -2.75506
3.36093 -2.56421
3.36969 -2.94385
3.21196 -2.54183
3.21288 -2.53746
3.32978 -2.1866
3.22542 -1.6523
3.23527 -1.82284
3.19578 -1.44578
3.15026 -1.31431
3.1387 -1.3512
3.10115 -1.13264
3.02393 -1.03195
2.9625 -0.93095
2.97501 -1.07374
2.87044 -0.764021
2.86662 -0.561107
2.77472 -0.416739
2.79292 -0.271971
2.67237 -0.0994685
2.61722 -0.177452
2.70791 -0.472728
2.78841 -0.601881
2.89637 -1.01767
2.51221 0.220859
2.43087 0.044981
2.32579 0.425616
2.261 0.267903
2.17844 0.545785
2.05816 0.618917
1.96564 0.58627
1.94665 0.76257
2.05324 0.745347
1.92231 0.921993
2.02448 0.893756
1.90632 1.0772
2.08007 1.01368
1.90592 1.2385
1.6942 1.44901
0.980209 1.92091
1.13347 1.81653
1.28397 1.70285
1.46231 1.61539
1.41024 1.43607
1.55635 1.39368
1.72014 1.21926
1.51651 1.26532
1.65996 1.07312
1.45967 1.08947
1.64466 0.919072
1.79163 0.698234
1.79649 0.894038
1.86704 0.738557
1.80311 1.03846
2.95648 -0.405974
2.90988 -0.280056
2.86475 -0.181358
2.94199 -0.467333
2.9401 -0.526015
2.88112 -0.37253
2.90354 -0.51856
2.81491 -0.26634
2.8677 -0.453523
2.90389 -0.580818
2.87811 -0.524607
2.82535 -0.344025
2.92616 -0.688137
2.93006 -0.805458
3.03563 -0.923316
2.98368 -0.728858
3.0394 -0.875523
3.09325 -1.06589
3.0665 -0.919764
3.16137 -1.22913
3.11743 -1.019
3.08694 -0.820294
2.99767 -0.674201
3.00329 -0.744939
3.04141 -0.683168
2.99544 -0.537907
2.79121 -0.258697
2.74232 -0.0271954
2.63253 0.134956
2.66683 0.188216
2.54622 0.466074
2.49314 0.467853
2.30123 0.710441
2.39664 0.65402
2.23382 0.778335
2.18316 0.72489
2.68183 0.252493
2.73882 0.117268
2.81739 -0.0787446
2.6317 0.388845
2.48051 0.580246
2.88296 -2.06448
2.1226 -0.0363105
1.99951 -0.0401943
1.69662 0.0588736
1.48805 0.272573
1.28573 0.314268
1.14863 0.578619
1.15499 0.189071
0.915012 1.5738
0.760812 1.57617
-2.36673 1.34317
-2.0984 1.33631
-1.738 0.707673
-2.58818 1.20193
-3.34061 0.154276
-3.42795 -0.264212
-3.55429 -0.0777015
-3.66633 -0.49134
-3.5529 -0.60284
-3.70961 -0.912881
-3.8407 -0.783834
-3.92194 -1.19177
-3.78435 -1.37135
-3.63781 -1.10523
-4.00029 -1.674
-4.10322 -1.44473
-4.25645 -1.71951
-4.21295 -1.29711
-4.37829 -2.05977
-4.02582 -1.00899
-4.13814 -0.798101
-3.92073 -0.562878
-3.79907 -0.531973
-3.73851 -0.266849
-3.8548 -0.214605
-3.99252 -0.346906
-3.91209 -0.128933
-3.75686 -0.0105368
-3.6465 0.0610178
-3.77458 1.17647
-3.56762 1.01811
-3.50702 0.923029
3.43518 -4.65428
3.33935 -4.51564
3.31467 -4.12708
3.18892 -3.94828
3.24056 -3.76922
3.14993 -3.66698
2.18015 -2.47177
1.81801 -5.36967
1.56159 -4.92918
1.55508 -5.32401
1.28614 -5.08144
1.35338 -5.51609
0.965836 -5.29563
1.13223 -5.60558
0.94071 -5.62184
1.06994 -5.83929
0.942662 -6.02086
1.27198 -5.7582
0.953687 -4.78034
0.586987 -4.46515
0.940285 -4.28387
0.560634 -3.88153
0.0994949 -3.61793
0.411036 -3.49491
0.259268 -3.14151
-0.150059 -3.18141
-0.268672 -3.5019
-0.430895 -3.24507
-0.559406 -3.54736
-0.721891 -3.98569
-0.910287 -3.50211
-1.05614 -3.93671
-0.916165 -4.25328
-1.33038 -4.01324
-1.35597 -4.36102
-1.51381 -4.15987
-1.60978 -3.73964
-1.73514 -4.13099
-1.51989 -4.53943
-1.91806 -3.71267
-2.31187 -3.66284
-1.98324 -3.23497
-2.3547 -3.09812
-2.59567 -3.35732
-2.87598 -3.38012
-2.68081 -3.01942
-3.01714 -2.96761
-3.27384 -3.20593
-3.26232 -2.89005
-2.90045 -2.55054
-2.74311 -2.71876
-2.62839 -2.4106
-2.42228 -2.6584
-2.08383 -2.7686
-2.10271 -2.42838
-1.87471 -2.47826
-1.81898 -2.06292
-2.29005 -2.23773
-1.62842 -2.41598
-1.72378 -2.80987
-1.38129 -2.6315
-1.32357 -2.19117
-1.06346 -2.50131
-0.965394 -2.18939
-0.796892 -2.39433
-0.629603 -2.12523
-0.511562 -2.51637
-0.77708 -2.72543
-0.45041 -2.90927
-0.70754 -3.13809
-1.08741 -2.98311
-1.30021 -3.48355
-1.43193 -3.01613
-1.64522 -3.27443
-1.7951 -3.47241
-0.102064 -2.71984
-0.276567 -2.31242
0.122532 -2.31814
0.289576 -2.73376
0.540582 -2.94742
0.711643 -3.35367
0.802644 -2.96469
1.0128 -3.17255
1.06952 -3.47025
0.975693 -3.80909
1.27539 -3.74375
1.26505 -4.17173
1.44344 -4.0123
1.49127 -4.27813
1.65433 -4.17081
1.647 -4.57264
1.44694 -4.51175
1.2499 -4.62362
1.85762 -4.21865
-0.255732 -1.95056
-0.585937 -1.80319
-0.978403 -1.82002
-0.667254 -1.54231
-0.968951 -1.4525
-1.2845 -1.51502
-1.40398 -1.83205
-1.62004 -1.61317
-0.768521 -1.23294
-0.321018 -1.33597
-0.394743 -1.64609
-0.142543 -1.66181
0.120109 -1.88885
0.147899 -1.54951
0.0864177 -1.17947
-0.254359 -0.919739
-0.586129 -0.978943
-0.50878 -0.807835
-0.438318 -0.66821
-0.169163 -0.613652
-0.38518 -0.48314
-0.544529 -0.499755
-0.497931 -0.401715
0.143049 -0.821939
0.384893 -0.656443
0.453138 -0.891864
0.355617 -1.0843
0.443253 -1.38195
-0.753071 -4.3592
2.01147 -5.74013
-1.65841 -0.851817
-2.95358 -1.89586
-0.349695 -4.9989
0.509566 -6.68509
1.0363 -7.08376
1.17972 -7.08708
1.38614 -7.0692
1.21437 -7.07734
1.39331 -7.06716
-4.55868 -4.58927
-4.68675 -4.61463
-4.6401 -4.26858
-4.7713 -4.39738
-4.7587 -4.62367
-4.72782 -4.12544
-4.96537 -5.19776
-3.04353 -6.72892
-3.27235 -6.70927
-3.49031 -6.77635
-4.1824 -6.63175
3.57364 -6.60935
3.59756 -6.46829
3.5954 -6.27565
3.5752 -5.97547
3.6035 -6.12323
3.54826 -5.87433
3.55078 -5.77934
3.49224 -6.70726
-5.01861 -5.32422
-5.0044 -5.46163
-4.97488 -5.63246
-4.9181 -5.78834
-4.84966 -5.98181
-4.75064 -6.14797
-4.61521 -6.29324
-4.47628 -6.4034
-4.4345 -6.46682
-4.85207 -6.028
-5.01598 -5.34656
