-4.84644 -1.1851
-4.83057 -1.04644
-4.77874 -0.887995
-4.58071 -0.319468
-4.15173 0.661871
-4.0627 0.853914
-3.69281 1.389
-3.60898 1.50018
-3.29552 1.91489
-3.12464 2.10619
-2.99244 2.17269
-2.73514 2.30152
-1.93172 2.68756
-1.80461 2.7316
-1.49098 2.7838
0.258926 2.31468
0.347141 2.27204
0.980209 1.92091
1.46231 1.61539
1.6942 1.44901
1.90592 1.2385
2.48051 0.580246
2.6317 0.388845
2.90988 -0.280056
2.95648 -0.405974
3.08694 -0.820294
3.16137 -1.22913
3.32978 -2.1866
3.3515 -2.37097
3.57455 -5.57152
3.6035 -6.12323
3.59756 -6.46829
3.57364 -6.60935
3.52977 -6.73376
3.36652 -6.86264
3.22315 -6.94733
3.05874 -7.01852
2.92027 -7.07829
2.58741 -7.15278
2.39572 -7.17843
-2.01212 -7.0286
-2.37629 -7.00737
-3.65601 -6.82763
-3.91302 -6.76027
-4.09306 -6.6851
-4.44215 -6.49023
-4.56056 -6.41302
-4.75069 -6.20875
-4.85207 -6.028
-4.90733 -5.85457
-4.97488 -5.63246
-5.0044 -5.46163
-5.03567 -5.2279
-5.0749 -3.34229
-5.06852 -3.22215
