-0.762647 2.14106
-0.833565 2.36157
-0.79448 2.43935
-0.717457 2.26738
-0.746396 2.50852
-0.644031 2.28169
-0.623092 1.98882
-0.545884 2.01752
-0.532387 2.19349
-0.434983 1.9275
-0.461774 1.73352
-0.307212 1.62133
-0.314884 1.83479
-0.202002 1.67215
-0.185448 1.40608
-0.257559 1.41943
-0.329105 1.43892
-0.201488 1.2676
-0.257714 1.23467
-0.116241 1.04194
-0.225879 1.11441
-0.179113 0.993815
0.042758 0.764378
-0.0503759 0.795539
-0.196337 0.954574
-0.0537014 0.749
0.15518 0.549562
0.0761929 0.595776
0.0234518 0.645302
-0.128371 0.810165
-0.0491505 0.717713
-0.202039 0.864825
-0.0775585 0.714525
0.0950451 0.552103
-0.00984287 0.662565
0.0385447 0.654134
0.130289 0.575131
3.51901 -0.456926
3.74508 -0.359488
3.63384 -0.433862
3.88988 -0.341074
4.12266 -0.232642
4.23692 -0.162538
4.35918 -0.140917
4.45109 -0.0457136
4.61026 -0.0208588
4.78952 0.0873937
4.83004 0.0524544
5.03206 0.1618
5.03994 0.208562
4.76993 0.130455
4.97939 0.298288
5.3087 0.412404
5.27204 0.254691
5.47361 0.403639
5.52418 0.518661
5.64089 0.545882
5.66297 0.63763
5.77576 0.701262
5.77862 0.771988
5.64822 0.7846
5.85224 0.943737
5.891 0.871272
5.99345 1.07322
5.97865 1.25472
6.08679 1.25217
6.08456 1.17875
6.16668 1.33016
6.15521 1.41734
6.22293 1.46807
6.21495 1.39766
6.16332 1.27764
6.23332 1.35182
6.28395 1.5374
6.32873 1.62407
6.31661 1.50385
6.22029 1.31377
6.30686 1.47085
6.25174 1.38922
6.33042 1.55962
6.35899 1.66144
6.38405 1.7363
6.42149 1.87141
6.42864 1.95006
6.46169 2.04671
6.46809 2.03038
6.49863 2.26931
6.47198 2.13512
6.48322 2.32179
6.5175 2.46552
6.49352 2.54849
6.46723 2.406
6.49045 2.69231
6.44727 2.52354
6.44391 2.77655
6.46353 2.90299
6.49155 2.93219
6.44779 3.0638
6.45726 3.14258
6.49724 3.14142
6.43946 3.27754
6.41383 3.46913
6.32524 3.6234
6.39063 3.29853
6.2759 3.55679
6.34603 3.26282
6.40515 3.03222
6.33497 3.05551
6.38848 2.85842
6.39754 2.64075
6.35481 2.77828
6.34642 2.52285
6.39682 2.37542
6.42696 2.23877
6.3583 2.08219
6.38809 1.94856
6.45099 2.11402
6.39827 1.83772
6.34127 1.72029
6.3359 1.61374
6.27327 1.50554
6.171 1.24088
6.10411 1.10662
6.00113 0.972119
6.07471 1.16335
6.17888 1.39988
6.03534 1.2622
6.16489 1.52996
6.28341 1.73065
6.20434 1.72336
6.27594 1.9617
6.17213 1.85783
6.22837 2.13576
6.12406 2.03532
6.16175 2.31422
6.07181 2.21082
6.05624 2.52405
5.92075 2.2652
5.99529 1.96788
5.79409 1.87034
5.9175 1.7097
6.05305 1.7575
5.91309 1.46336
6.07906 1.54414
5.90783 1.24543
5.82175 1.00315
5.93107 0.976502
5.72745 0.769698
5.81992 0.759685
5.87287 0.765461
5.95718 0.879757
5.81661 0.684199
5.98422 0.909781
6.11011 1.11849
6.00643 0.943738
6.10961 1.13269
5.99937 0.995194
5.89619 0.807905
5.76379 0.627282
5.89822 0.782195
5.6658 0.519924
5.59186 0.451117
5.53325 0.382337
5.43057 0.29652
5.38223 0.236659
5.21404 0.170631
5.00575 0.121056
5.05201 0.101966
5.18401 0.11855
4.93935 0.0366284
5.01342 0.0411709
5.19045 0.108808
5.35351 0.20601
5.25525 0.166406
5.4202 0.288415
5.20528 0.161402
5.27919 0.265701
5.43579 0.433099
5.61524 0.541461
5.56288 0.604124
5.42666 0.546087
5.60196 0.769797
5.41771 0.655006
5.51254 0.846291
5.72129 1.01859
5.63532 1.07802
5.41836 0.91603
5.56167 1.22884
5.2948 1.00309
5.40507 1.31494
5.60641 1.5508
5.77289 1.51346
5.74375 1.29461
5.79329 1.21539
5.52454 1.88037
5.72147 2.24485
5.51714 2.37409
5.67177 2.65252
5.81004 2.44813
5.87375 2.65098
5.70622 3.02468
5.51179 3.05045
5.48667 3.39986
5.67288 3.38227
5.80442 3.13173
5.87275 2.91499
5.93215 3.03228
5.82467 3.33894
5.9658 3.18704
6.08282 2.90509
6.04413 3.22741
5.9047 3.48558
6.01322 3.43313
5.9552 3.60959
6.02681 3.5459
6.1109 3.32993
6.10821 3.55801
5.9309 3.82014
5.98988 3.95981
5.81868 4.20275
5.87833 4.27312
5.71855 4.59163
5.89114 4.42491
5.96032 4.16411
6.01629 4.19613
5.86936 4.53329
6.00316 4.36984
5.86506 4.71415
5.99065 4.46562
6.07737 4.26453
6.14012 4.05917
6.15268 4.10999
6.06177 4.36384
6.15295 4.18614
6.0725 4.39932
5.99675 4.52924
5.98052 4.58666
5.93154 4.67382
5.90939 4.74812
5.83695 4.85666
5.92636 4.63764
5.82714 4.8784
5.73639 5.02888
5.74219 4.96334
5.7723 4.79566
5.6582 5.02913
5.62881 5.19031
5.51008 5.33798
5.49619 5.20389
5.64123 4.91329
5.52054 4.96194
5.76999 4.72591
5.56453 4.70537
5.65286 4.43675
5.51289 4.6157
5.5847 4.35995
5.74687 4.08499
5.58555 4.13601
5.42004 4.46262
5.4202 4.14312
5.23559 4.44066
5.24937 4.7223
5.03957 4.75508
5.14292 5.01291
4.8958 5.16302
4.78524 4.92837
4.8553 4.58448
4.64664 4.81053
4.60023 4.55803
4.79559 4.34429
4.68354 4.25522
4.86373 4.06998
4.60408 3.95887
4.52146 4.31858
4.35246 4.25128
4.3489 3.99779
4.12429 4.17009
4.23612 3.7975
4.43056 3.75304
4.40514 3.39782
4.17343 3.52447
3.96361 3.8696
3.99251 3.41142
4.2819 3.09923
4.02804 2.92471
3.78385 3.29041
3.8144 2.979
3.89551 2.65069
4.10653 2.42996
4.28737 2.59196
4.30875 2.1332
4.47992 2.28702
4.52135 1.77049
4.60505 2.14461
4.63477 2.44638
4.76656 2.12086
4.82267 2.65695
4.97756 2.3337
5.09536 2.68522
4.9261 3.03586
4.68399 3.168
4.83208 3.27038
4.78699 3.53482
4.57707 3.56946
4.47866 3.05626
4.62249 2.80305
4.47166 2.70699
4.39241 3.18149
4.84945 3.80907
5.01661 3.58951
4.9651 3.31651
5.12873 3.33057
5.25473 3.47208
5.30819 3.13064
5.38951 3.27752
5.29424 3.75631
5.12942 3.73773
5.08385 3.97286
5.22373 4.11431
4.98869 4.25704
5.07101 4.42972
4.99235 3.84468
5.49562 3.77024
5.58881 3.90271
5.6874 3.62774
5.74045 3.79984
5.79281 3.56287
5.85549 3.76375
5.44545 2.7735
5.26577 2.84953
5.32253 2.52536
5.34849 2.14452
5.16421 2.26883
5.19761 1.96585
5.3091 1.82889
5.29715 1.51314
5.46915 1.55443
5.15227 1.13288
5.03284 1.3191
5.13544 1.66788
4.94583 1.53547
4.99767 1.924
4.77853 1.63165
4.61879 1.32351
4.797 1.24752
4.57953 0.891585
4.88157 0.973031
4.75387 0.620176
5.03282 0.81165
5.18593 0.734667
4.96568 0.556152
5.13511 0.546883
4.98126 0.364847
5.24191 0.478848
5.31273 0.684442
5.11335 0.253969
5.30159 0.387597
5.11536 0.146632
5.01783 0.12841
4.94346 0.155063
4.91289 0.216277
4.78002 0.113905
4.76051 0.21816
4.58911 0.0981941
4.53975 0.214245
4.38847 0.0617388
4.46317 -0.0130201
4.62673 0.0425142
4.59395 -0.0316958
4.35515 -0.10768
4.48039 -0.111856
4.67844 -0.0449424
4.79525 0.0063287
4.8615 0.00903296
4.73837 -0.0549725
4.91665 0.00633502
4.81269 -0.0349539
5.07011 0.0728573
5.03587 0.0694986
4.96239 0.062698
4.80676 -0.0376675
4.54362 -0.129353
4.65719 -0.0760231
4.86232 0.0318667
4.62122 -0.0568995
4.37565 -0.173655
4.1164 -0.261254
4.09799 -0.266573
4.38816 -0.18669
4.23207 -0.231531
4.3257 -0.190103
4.5214 -0.129435
4.21346 -0.227932
4.3761 -0.17028
4.57118 -0.112867
4.26508 -0.186661
4.14088 -0.223874
4.07551 -0.245889
4.09088 -0.204826
4.21548 -0.0724244
3.96811 -0.194587
3.80793 -0.305015
3.91926 -0.291889
3.68288 -0.38619
3.5402 -0.406857
3.38335 -0.49732
3.46708 -0.488366
3.73772 -0.370088
3.60612 -0.442104
3.81989 -0.358287
3.72007 -0.396274
3.90843 -0.331004
4.0017 -0.294704
4.1015 -0.268176
3.97209 -0.285616
3.92067 -0.29233
3.92004 -0.332346
3.60522 -0.453472
3.8194 -0.359544
3.87949 -0.364697
3.6614 -0.444112
3.71906 -0.420302
3.56637 -0.485699
3.41417 -0.526387
3.42256 -0.53496
3.23713 -0.547394
3.23779 -0.492389
3.1361 -0.434932
0.9425 -0.0441536
1.09538 -0.157305
0.962817 -0.108636
1.04278 -0.219435
1.19094 -0.301229
1.17078 -0.343722
1.31299 -0.378828
1.39109 -0.449141
1.44763 -0.438223
1.58122 -0.509042
1.58214 -0.512043
1.77454 -0.566242
1.77064 -0.566259
2.02105 -0.614387
1.95035 -0.585583
2.18789 -0.607218
2.31266 -0.629435
2.21487 -0.613133
2.47222 -0.630364
2.36599 -0.601275
2.60811 -0.582102
2.76363 -0.623949
2.86045 -0.577146
2.80467 -0.526097
2.5949 -0.514572
2.75116 -0.488358
2.68455 -0.453212
2.51701 -0.475876
2.34086 -0.445816
2.10132 -0.410347
1.56912 -0.366012
1.26342 -0.285026
1.4004 -0.369894
1.29291 -0.328626
1.57766 -0.452175
1.75842 -0.45665
1.75922 -0.523055
1.95322 -0.514839
1.94858 -0.449321
2.17666 -0.501576
2.17023 -0.558496
1.97277 -0.565156
2.38479 -0.55159
2.40272 -0.503144
2.89377 -0.474132
3.08827 -0.488982
3.14856 -0.470296
3.10567 -0.558084
3.01262 -0.600621
3.2196 -0.59185
3.13963 -0.599836
2.99352 -0.600003
2.8274 -0.601405
2.57603 -0.615296
2.64951 -0.594208
2.42408 -0.605093
2.39179 -0.558567
2.03361 -0.538867
2.21679 -0.480141
2.50473 -0.469407
2.72419 -0.509581
2.68527 -0.448942
2.83553 -0.428645
3.0114 -0.474558
2.95023 -0.560913
3.25046 -0.485803
3.16484 -0.560379
3.02648 -0.582143
3.20385 -0.568566
3.24417 -0.388261
3.46204 -0.362187
3.64684 -0.316013
3.65096 -0.244757
3.43708 -0.270705
3.58488 -0.163795
3.78901 -0.085583
3.84715 -0.177212
4.02887 -0.0507725
3.78531 -0.258667
3.96946 0.0736002
4.17458 0.135335
4.2267 0.0348004
4.33789 0.140916
4.38039 0.308049
4.58388 0.390073
4.51878 0.528509
4.7602 0.376919
4.32036 0.558596
4.20343 0.314655
4.0802 0.440687
4.07172 0.222788
3.92517 0.231129
3.80821 0.0704553
3.71226 0.241183
3.60535 -0.00381875
3.49245 0.189958
3.37164 0.0115897
3.41691 -0.151123
3.21663 -0.130036
3.24265 -0.269698
3.04821 -0.366431
3.05396 -0.237455
2.86861 -0.322507
2.63674 -0.3821
2.68541 -0.251192
2.47492 -0.30145
2.34304 -0.37749
2.32476 -0.304831
2.13658 -0.272109
2.05428 -0.385243
1.97014 -0.463132
1.7811 -0.384463
1.76766 -0.468398
1.75942 -0.525276
1.48877 -0.422291
1.56627 -0.494233
1.3913 -0.437075
1.41075 -0.458247
1.26629 -0.396409
1.26276 -0.393884
1.14881 -0.345451
1.1744 -0.326896
1.04667 -0.280624
0.978889 -0.221028
0.895285 -0.191107
0.855932 -0.11487
0.882922 -0.0960968
0.739458 -0.000844896
0.748532 0.040668
0.848195 0.0051406
0.688815 0.171545
0.595084 0.16751
0.528723 0.305894
0.545129 0.353072
0.367655 0.448881
0.415299 0.342031
0.271324 0.468348
0.293472 0.413738
0.164996 0.501919
0.328465 0.331028
0.45731 0.262344
0.466807 0.192086
0.61739 0.103647
0.635986 0.0226178
0.757092 -0.0664407
0.829557 -0.142826
0.718066 -0.0122026
0.501391 0.161225
0.624164 0.0984539
0.463031 0.238693
0.324413 0.31693
0.29611 0.338619
0.231716 0.41909
0.171494 0.478701
0.306276 0.368502
0.421732 0.31959
0.385458 0.427339
0.651758 0.188636
0.611901 0.329233
0.861266 0.183353
0.919055 0.0148407
0.796462 0.029645
0.937283 -0.0761349
0.816514 -0.0340014
0.689274 0.0885628
0.567695 0.180168
1.04413 -0.199387
1.13693 -0.161057
1.2575 -0.29058
1.40029 -0.296503
1.23803 -0.338065
1.60115 -0.38605
1.5852 -0.320634
1.66227 -0.280085
1.48661 -0.231389
1.61391 -0.139852
1.38127 -0.125711
1.30417 -0.179931
1.15476 -0.0290284
1.35651 -0.0238817
1.15403 0.152763
0.883198 0.311456
0.668241 0.383433
0.71554 0.494213
1.0144 0.406025
0.759378 0.623874
0.967659 0.619888
1.24382 0.47811
1.34116 0.258569
1.53694 0.360138
1.59736 0.174269
1.48049 0.0645129
1.81129 0.0119026
1.909 -0.166015
1.85744 -0.282796
2.12136 -0.110261
2.32532 -0.222283
2.3642 -0.093968
2.16135 0.105965
1.81273 0.232238
2.01919 0.32116
2.2344 0.300695
2.4408 0.180893
2.41396 0.39712
2.63959 0.253634
2.66326 0.476653
2.93854 0.219131
2.6991 0.0398879
2.97588 -0.07284
2.77986 -0.132904
2.58922 -0.112503
2.45921 0.0204047
2.49245 -0.209122
2.88806 -0.211895
3.16563 0.0334384
3.25407 0.225259
3.10153 0.386631
2.91006 0.538815
3.09709 0.611251
3.22765 0.435734
3.23388 0.621478
3.37979 0.436097
3.55995 0.374238
3.49092 0.617905
3.67156 0.530224
3.86459 0.476445
3.7666 0.835371
3.98939 0.755123
4.1682 0.708542
4.13218 1.02467
4.31942 0.904338
4.27118 1.20402
4.44086 1.23171
4.33418 1.47423
4.28995 1.76599
4.11766 1.51093
4.1224 2.00534
3.90698 1.93776
3.9298 1.57712
3.89697 1.22714
3.78108 1.66487
3.70782 1.43373
3.71139 1.17165
3.6169 1.06261
3.57366 0.832112
3.46376 1.18355
3.55523 1.41392
3.35203 1.61944
3.28471 1.32205
3.39865 0.944862
3.23672 1.08157
3.31381 0.758542
3.08793 0.968758
3.07049 1.46847
2.9305 1.34311
2.80558 1.14546
2.92369 0.805186
2.66003 0.829537
2.34269 0.68194
2.32046 1.01804
2.08073 0.882167
2.08187 0.702817
2.10892 0.506219
1.88425 0.686855
1.76741 0.483824
1.58622 0.763461
1.42548 0.596106
1.26596 0.862429
1.12947 0.709282
0.97288 0.943373
0.863017 0.827603
0.743446 1.01768
0.590459 0.96263
0.545826 1.20981
0.324955 1.21376
0.376888 0.96138
0.591041 0.799169
0.481393 0.720899
0.756444 0.757995
0.215575 0.927491
0.294148 0.73758
0.4799 0.571258
0.253366 0.638786
0.478762 0.468637
0.202147 0.5871
0.125907 0.75105
0.0980101 0.850743
-0.0322104 1.14056
0.137379 1.18175
-0.0585146 1.40947
0.0899162 1.49555
0.322574 1.50903
0.135245 1.75293
-0.00689697 1.83514
-0.0728388 1.64813
-0.145181 1.90041
-0.279593 1.99324
-0.21906 2.17179
-0.0878229 2.16066
-0.184371 2.42885
-0.00471973 2.58516
0.0960112 2.10817
0.236393 2.47721
0.268773 2.13424
0.410889 2.27047
0.414886 1.9742
0.26541 1.85714
0.478742 1.69015
0.590975 1.84289
0.579968 2.08138
0.761642 1.91189
0.80868 1.59781
0.997689 1.83129
1.24286 1.53954
1.06623 1.32769
1.40976 1.11732
1.05311 1.11528
0.852587 1.31903
0.785396 1.16577
0.610209 1.40938
1.61571 1.35769
1.69372 1.14259
1.79635 0.92867
1.95239 1.21199
1.96211 0.791051
1.80075 1.50101
1.5833 1.71259
1.81746 1.68797
2.00522 1.58032
1.86154 1.99789
2.25822 1.76285
2.27859 1.37306
2.50585 1.51165
2.55256 1.19563
2.66343 1.35372
2.7293 1.58574
2.46174 1.83691
2.59206 2.10728
2.86514 1.84179
2.81871 2.34999
2.53354 2.61002
2.41957 2.36467
2.26012 2.15911
2.27459 2.59658
2.09008 2.53831
1.96686 2.36591
1.88516 2.70058
1.70961 2.46547
1.62829 2.23304
1.49593 2.08381
1.2601 1.9073
1.18987 2.27567
1.049 2.06199
0.89123 2.03808
0.906437 2.29227
0.747424 2.137
0.631362 2.39039
0.437491 2.56764
0.59446 2.69634
0.834985 2.67417
0.629358 3.0035
0.472549 2.79771
0.413139 2.92522
0.439807 3.11215
0.240344 2.9181
0.34751 2.74404
0.342483 3.28627
0.167611 3.19203
0.232261 3.44661
0.0308981 3.30727
0.0617533 2.98499
-0.0605764 2.92483
-0.166748 2.71919
-0.160526 3.06454
-0.283165 2.79858
-0.276589 3.2014
-0.39317 3.04117
-0.426325 2.65159
-0.295445 2.4267
-0.246843 2.58031
-0.377839 2.25119
-0.297814 2.19761
-0.369966 2.02045
-0.445564 2.14894
-0.49998 2.39114
-0.590797 2.43257
-0.573231 2.713
-0.674024 2.60744
-0.653757 2.91343
-0.755425 2.82407
-0.803449 2.65524
-0.827544 2.85091
-0.832325 2.66306
-0.859604 2.50285
-0.891512 2.68845
0.146285 6.50081
0.0411711 6.25995
0.172135 6.29806
0.0794201 6.08401
-0.0268879 6.04678
-0.024519 5.91817
0.0566816 5.88382
-0.0452213 5.67893
-0.137788 5.78931
-0.173562 5.45161
-0.0753679 5.43798
-0.00982952 5.53079
-0.00990105 5.32415
-0.136686 5.14978
-0.0511494 5.04584
-0.140818 4.80734
-0.0104294 4.82721
-0.147223 4.43016
-0.239734 4.55883
-0.247928 4.82803
-0.324745 4.51996
-0.302917 4.20614
-0.411236 4.21624
-0.41683 3.92828
-0.49487 3.94476
-0.498579 3.70867
-0.571078 3.67774
-0.545268 3.36159
-0.625358 3.37323
-0.625272 3.16534
-0.587142 3.02792
-0.701414 3.16659
-0.500508 3.01191
-0.437855 3.32121
-0.44064 3.62623
-0.351903 3.5979
-0.353473 3.33179
-0.265931 3.55086
-0.240182 3.93747
-0.34374 3.8557
-0.066267 4.15839
-0.150405 3.79356
-0.0372381 3.86332
-0.122231 3.49763
0.102125 3.77052
0.187534 3.6028
0.334596 3.8519
0.29956 4.1651
0.0910625 4.13487
0.236727 4.42854
0.0954933 4.45286
-0.00339603 4.5333
0.127602 4.81039
0.0963783 5.05297
0.0283928 5.11413
0.104223 5.30663
0.0911846 5.63421
0.205672 5.4853
0.267168 5.74555
0.210363 6.02492
0.328981 5.94609
0.405914 6.16095
0.308996 6.36348
0.250052 6.49741
0.365263 6.65229
0.457765 6.4925
0.55126 6.79612
0.617885 6.57979
0.551327 6.34167
0.574759 6.09009
0.718709 6.36462
0.768414 6.03836
0.968195 6.27557
0.948137 5.95551
1.08238 6.0509
1.08284 5.87448
1.24731 5.95599
1.17461 5.64862
0.990902 5.75125
0.944047 5.52215
1.14167 5.26834
0.886568 5.21528
1.03096 5.01842
1.21148 4.93701
1.07886 4.74809
0.857647 4.86406
0.933585 4.52117
1.19426 4.40204
0.95294 4.1111
1.32295 3.95916
1.062 3.70923
0.765922 3.73167
0.877762 3.44434
0.605551 3.36554
0.766953 3.24726
0.945722 3.09863
1.10687 3.39398
1.26757 3.11027
1.1627 2.69629
1.47337 2.77133
1.44525 2.42017
1.01937 2.4885
1.68631 2.7984
1.57593 3.10959
1.77304 2.9392
1.83066 3.15358
1.66189 3.43528
1.37429 3.50724
1.61335 3.70634
1.63762 3.9728
1.45822 4.23183
1.71236 4.29903
1.42653 4.50231
1.25691 4.68144
1.40076 4.77893
1.38796 5.0673
1.59758 4.84752
1.56533 4.6024
1.72106 4.58766
1.8887 4.45587
2.03065 4.19524
1.97027 3.85719
2.25231 3.92406
2.25557 3.65473
2.15082 3.46686
1.93141 3.5841
2.02156 3.27205
2.29086 3.04175
2.04695 2.88962
1.82947 3.45458
1.89081 2.92231
2.59093 3.07358
2.3873 3.37544
2.53451 3.37154
2.47765 3.63652
2.66799 3.39293
2.71566 3.71368
2.49556 4.02286
2.25433 4.19052
2.36978 4.3669
2.10916 4.48413
2.26396 4.62986
2.06655 4.84949
1.85136 4.7447
1.86845 5.00173
1.72434 5.00468
1.57257 5.12655
1.74884 5.27306
1.43113 5.3945
1.6194 5.57738
1.42484 5.73834
1.64525 5.84282
1.45001 5.96612
1.38373 6.19442
1.1719 6.18892
1.21752 6.44326
1.04462 6.59033
0.87804 6.53395
0.933142 6.75628
0.767029 6.66064
0.685919 6.79019
0.817579 6.89739
0.697783 6.98005
0.612856 7.05835
0.450482 6.94073
0.568502 7.18352
0.205994 6.71053
0.316396 6.78234
0.253691 6.63371
0.8269 7.45405
0.734464 7.24911
0.908107 7.35839
0.842195 7.13367
1.02337 7.24852
1.00317 7.00845
1.10278 6.82291
1.16813 6.99745
1.13949 7.14719
1.3087 7.11232
1.27056 6.86471
1.47555 6.88328
1.35804 6.66692
1.53232 6.65243
1.70175 6.75995
1.6837 6.48238
1.46244 6.45082
1.61561 6.25132
1.87407 6.24063
1.74698 6.04987
1.56504 6.06587
1.86713 5.8579
1.87222 5.58572
2.13839 5.77028
2.137 5.39129
1.96914 5.30605
2.124 5.11345
2.31511 5.12644
2.28255 4.86748
2.43863 4.89482
2.46822 4.62579
2.60552 4.81806
2.68489 4.5657
2.8585 4.7898
2.86626 4.34719
2.60919 4.31696
2.77376 4.03457
2.95053 4.07268
2.99455 3.74671
2.87579 3.42448
3.01224 3.44033
3.05424 3.11645
2.80931 3.12133
2.90652 2.76917
3.11397 2.69643
3.06984 2.3877
3.03578 1.96236
3.20366 2.00269
3.18725 1.67963
2.90839 1.56203
3.33829 1.96865
3.45171 1.76563
3.44824 2.06047
3.26637 2.34275
3.43598 2.37743
3.29689 2.7437
3.20679 2.58735
3.16108 2.51674
3.5473 2.57791
3.47131 2.93333
3.30353 3.23632
3.12146 3.43958
3.24187 3.62285
3.18934 3.88679
3.07734 4.01815
3.21214 4.13298
3.04792 4.2104
3.13431 4.4709
3.40807 4.29292
3.42886 3.85426
3.6631 4.09262
3.73412 3.68622
3.59168 3.4907
3.65116 3.29979
3.69253 3.13884
3.54047 3.22056
3.67675 2.84989
3.41772 3.50025
3.85874 4.28927
3.62335 4.46094
3.81685 4.61144
3.60628 4.72432
3.39078 4.67581
3.49677 4.94371
3.31726 4.95359
3.14703 4.84898
2.98985 5.12125
2.76482 5.18196
2.66678 5.01267
2.58976 5.2266
2.50437 5.07672
2.39598 5.39932
2.62242 5.44711
2.47217 5.71107
2.35959 6.07353
2.08575 6.07602
1.94046 6.00401
2.12544 6.28229
1.94184 6.53037
2.19326 6.48189
2.30222 6.30701
2.43925 6.28575
2.63844 6.24184
2.69349 5.86393
2.85577 6.03033
2.91899 6.22424
2.78684 6.50643
3.06655 6.37659
2.98455 6.64887
2.69998 6.83798
2.63495 6.66786
2.49172 6.78834
2.5389 6.52998
2.30181 6.67715
2.3836 6.44133
2.50367 6.37403
2.097 6.66756
2.11572 6.84108
1.92915 6.81273
1.74908 7.00869
1.6172 6.94946
1.54229 7.15278
1.73931 7.28917
1.53976 7.43868
1.36473 7.36978
1.39234 7.58955
1.233 7.51098
1.2476 7.69512
1.12468 7.58538
1.08911 7.68155
0.985889 7.53927
1.07487 7.44099
0.914107 7.6507
1.07507 7.79047
1.80485 8.04538
1.66261 7.99342
1.44997 8.01721
1.5442 7.90595
1.39214 7.89362
1.4325 7.7779
1.62809 7.78212
1.55968 7.6375
1.7302 7.6325
1.66755 7.50971
1.79712 7.46838
1.91427 7.3292
1.97457 7.07685
2.11179 7.25329
1.956 7.53484
2.22824 7.39967
2.11133 7.61721
1.97347 7.73125
1.81171 7.75977
1.89972 7.88104
1.72058 7.89306
1.79535 7.96795
1.89521 7.98742
1.96626 8.04664
2.00869 7.94697
2.17967 7.97122
2.46655 7.93586
2.6439 7.81836
2.77483 7.67203
2.88044 7.67821
2.95839 7.5929
3.18666 7.53627
4.03244 7.07998
3.7839 7.19323
3.57364 7.30423
3.70036 7.16323
3.46404 7.28041
3.636 7.12743
3.42599 7.14277
3.6951 6.9272
3.47679 6.9583
3.69604 6.71733
3.47533 6.77716
3.63133 6.57471
3.79863 6.50878
3.76447 6.35679
3.95518 6.33514
3.9497 6.06751
3.63804 6.20333
3.80497 5.89737
3.56028 5.93623
3.74485 5.74391
3.62076 5.62869
3.87171 5.54252
3.75774 5.35371
3.57376 5.43014
3.42071 5.58103
3.43842 5.38674
3.23472 5.50674
3.34487 5.2038
3.60393 5.18815
3.71886 4.89421
3.85793 5.07154
3.98868 5.24524
4.11719 4.932
3.94336 4.80451
4.1407 4.68568
4.00935 4.6067
3.98894 4.43868
4.15944 4.45829
4.3463 4.54974
4.25836 4.74635
4.37073 4.81391
4.23695 5.15457
4.46892 4.97818
4.41648 5.2792
4.21019 5.42201
4.27499 5.55952
4.03446 5.68458
4.07405 5.41315
3.86166 5.71544
4.22216 5.82132
4.17823 6.1225
4.40781 5.88567
4.47957 5.55832
4.66333 5.66715
4.70721 5.412
4.64384 5.22909
4.59456 5.04246
4.83049 5.42553
4.95938 5.33187
5.04433 5.21086
5.11168 5.32223
4.88526 5.52957
4.9514 5.62776
4.76506 5.79418
4.51257 5.99919
4.65426 6.04754
4.46072 6.23386
4.28067 6.26711
4.29343 6.46464
4.07088 6.55362
4.08803 6.37365
3.91619 6.5398
4.34011 6.07121
3.85992 6.70819
3.92897 6.79505
3.84891 6.99108
3.9867 6.85583
4.12249 6.70115
4.03579 6.89177
4.24119 6.74271
4.08563 6.93539
3.91712 7.05644
4.22292 6.88191
4.22517 6.96449
4.3285 6.84544
4.4414 6.68982
4.47973 6.49901
4.31761 6.56522
4.45272 6.3907
4.5721 6.3189
4.56321 6.22082
4.71215 6.14729
4.64316 6.32351
4.75973 6.21725
4.67935 6.42129
4.87389 6.16942
4.82395 6.33294
4.34383 6.88081
6.28176 3.92922
6.27718 3.82116
6.22629 4.04815
6.19934 4.14547
6.13544 4.26393
6.09571 4.36989
6.008 4.55297
6.03602 4.47646
5.93676 4.68845
5.95116 4.6938
5.87415 4.8227
5.89497 4.85039
5.8195 4.96919
5.8285 5.00272
5.76452 5.09659
5.7518 5.08356
5.83598 4.89749
5.76822 5.04468
5.73591 5.10424
5.67458 5.22305
5.62412 5.32248
5.63363 5.27093
5.50836 5.46288
5.54492 5.43222
5.44345 5.59854
5.37136 5.67732
5.35627 5.61647
5.28371 5.80423
5.30164 5.88508
5.20257 5.93767
5.18576 5.87408
5.08929 6.0687
5.0158 6.07625
4.98436 6.2023
4.91729 6.22944
4.97348 6.27248
5.538 5.46885
5.59907 5.35261
5.7022 5.23252
5.0268 6.18787
5.02228 6.22893
5.07398 5.90312
4.897 6.02547
5.03501 5.81825
5.17841 5.64241
5.07773 5.61556
4.88048 5.87158
5.24304 5.39936
5.32693 5.43559
5.25774 5.66156
5.38901 5.4563
5.3954 5.23581
5.33688 5.13754
5.28997 5.0059
5.43778 4.87491
5.36312 4.7659
5.26591 4.88023
6.22197 3.99528
6.21232 3.87727
6.22715 3.78247
6.14155 3.86774
6.16052 3.71607
6.25194 3.38214
6.21899 3.16764
6.29767 2.91164
6.28288 2.68288
6.21596 2.88574
6.19198 2.61194
6.26593 2.41433
6.31892 2.24743
6.14639 3.09231
5.97676 2.79259
6.06085 3.97832
4.53221 4.79064
3.11341 5.32911
3.05698 5.52957
2.86259 5.49063
3.01899 5.7668
2.65922 5.63662
3.18541 5.0919
3.25091 5.71694
3.19373 5.91247
3.02426 6.02031
3.14548 6.13322
3.32949 6.00799
3.34216 6.23465
3.20569 6.48728
3.4073 6.45244
3.20363 6.70901
2.91416 6.93582
3.11055 6.95175
2.87382 7.15841
2.56271 7.22329
2.47492 7.00801
2.33087 7.17236
2.26228 6.97837
2.3104 7.55744
2.52572 7.51667
2.35235 7.75517
2.1139 7.79586
2.5684 7.70592
2.71737 7.50445
2.70693 7.34743
2.88803 7.32255
3.07733 7.13888
3.07272 7.28646
2.93058 7.46757
3.12681 7.3792
3.22447 7.25856
3.25832 7.13535
3.28485 7.29917
3.24309 7.40516
3.07466 7.48489
3.37842 7.40076
3.2847 6.96488
3.30602 6.80802
3.43935 6.62763
3.58247 6.44283
3.39675 5.79959
1.29847 7.82165
1.18934 7.78608
1.24242 7.89445
1.18873 7.31907
3.77293 2.405
3.63747 2.11567
3.96497 2.28716
3.59441 1.74242
2.72165 2.74848
2.75834 2.93039
1.95759 5.11462
1.19888 6.68137
0.723905 7.11494
1.7852 3.63392
1.79115 3.76011
1.72369 3.57384
0.450976 3.62986
0.608037 4.03348
0.441096 4.11271
0.543503 4.3978
0.381412 4.47076
0.479776 4.66415
0.348146 4.69067
0.485789 4.96105
0.300879 4.93227
0.219375 4.66442
0.221998 5.19675
0.402556 5.23909
0.339715 5.50889
0.507963 5.52113
0.433095 5.8274
0.627582 5.7839
0.709624 5.4596
0.558255 5.26511
0.686532 5.1001
0.63598 4.77283
0.748425 4.58853
0.759018 4.339
0.823655 5.75371
0.294378 3.63787
-0.67164 3.50096
-0.748569 3.32033
-0.794246 3.08172
-0.848103 3.29509
-0.862708 3.04137
-0.869072 2.8379
-0.647408 4.49333
-0.682394 4.23724
-0.748509 3.55706
-0.697149 3.76819
-0.757998 3.7531
-0.704238 3.88306
-0.701342 3.98772
-0.664915 4.01565
-0.630964 4.28088
-0.604233 4.24568
-0.624681 3.90732
-0.556176 4.26242
-0.513142 4.17989
-0.545402 3.93191
-0.490889 4.44586
-0.517045 4.48819
-0.448452 4.76442
-0.502623 4.69936
-0.462575 4.93466
-0.524545 4.85898
-0.55073 4.63775
-0.582705 4.49381
-0.551263 4.47501
-0.399801 5.14704
-0.286032 5.34033
-0.35844 5.03995
-0.352002 4.79975
-0.421981 4.49356
-0.271232 5.11028
-0.219256 5.55844
-0.249342 5.6
-0.216234 5.83158
-0.102478 6.1026
2.34265 1.91763
1.06601 -0.266105
0.907922 -0.161774
1.0145 -0.251705
1.15345 -0.317953
0.948832 -0.21862
3.28195 -0.563993
3.40691 -0.526634
3.38481 -0.552112
3.535 -0.483553
3.45702 -0.507832
4.8744 0.0842661
4.73452 0.0422143
5.11915 3.07098
5.55497 0.420579
5.72654 0.595674
5.63456 0.47927
5.4888 0.33446
5.45665 0.309142
6.24203 2.01616
6.32551 2.00284
6.42137 2.13086
6.37143 1.87433
6.43781 1.99385
6.4831 2.22863
6.46098 2.31379
6.54545 2.67377
6.52901 2.5455
6.53806 2.46926
6.52145 2.36883
6.51501 2.39812
6.50991 2.25346
6.47664 2.10568
6.5054 2.16918
6.42185 1.89655
6.36744 1.75523
6.37275 1.7001
6.4202 1.85148
6.45511 1.98536
6.51501 2.51972
6.54196 2.71061
6.50603 2.66552
6.51755 2.82767
6.51821 2.9417
6.50715 2.82493
6.50179 2.73614
6.28164 1.61713
6.27486 1.7647
6.15316 1.54222
6.16967 1.72037
6.23325 1.87622
6.12548 1.83575
6.18458 1.9467
5.46346 1.53552
5.61155 1.57133
5.73479 1.62149
5.72932 1.67648
5.80434 1.70197
5.99436 1.74079
5.85539 1.56918
6.01325 1.61578
6.08538 1.68939
6.0997 1.75316
6.09979 1.59859
5.97925 1.46193
5.85036 1.26284
5.81139 1.37312
5.71714 1.428
5.7114 1.53619
5.59138 1.46842
5.41973 1.42482
5.56009 1.35423
5.4055 1.29123
5.28551 1.20571
5.50159 1.19354
5.26846 0.975895
5.06807 0.756283
4.95018 0.539526
4.70767 0.474517
4.60939 0.363427
4.77284 0.335377
4.76557 0.406701
5.00583 0.451479
5.13016 0.529664
5.14091 0.460985
5.34684 0.702467
5.51311 0.601604
5.70827 1.02807
5.51943 1.02258
5.69577 1.19339
5.67412 1.30543
4.98851 0.377041
4.76903 0.213847
4.55969 0.12082
-0.373499 1.07386
-0.4609 1.23167
-0.494102 1.32313
-0.369349 1.10896
-0.351087 1.12821
-0.237288 0.945977
-0.29667 1.12826
-0.443528 1.33837
-0.326932 1.2234
-0.433489 1.45294
-0.554425 1.59421
-0.571412 1.53518
-0.618232 1.51509
-0.67583 1.68103
-0.702788 1.82941
-0.717565 1.9016
-0.652287 1.73173
-0.645983 1.83785
-0.531485 1.68312
-0.422526 1.5273
-0.359514 1.36629
-0.267972 0.956209
-0.137788 5.78931
