-0.891512 2.68845
-0.848103 3.29509
-0.647408 4.49333
-0.216234 5.83158
-0.102478 6.1026
0.205994 6.71053
0.914107 7.6507
1.07507 7.79047
1.24242 7.89445
1.44997 8.01721
1.80485 8.04538
1.96626 8.04664
2.46655 7.93586
4.03244 7.07998
4.22517 6.96449
4.34383 6.88081
5.02228 6.22893
5.30164 5.88508
5.7022 5.23252
5.8285 5.00272
5.89497 4.85039
6.19934 4.14547
6.28176 3.92922
6.41383 3.46913
6.49724 3.14142
6.51821 2.9417
6.54196 2.71061
6.54545 2.67377
6.53806 2.46926
6.5054 2.16918
6.4202 1.85148
6.30686 1.47085
6.22029 1.31377
6.10411 1.10662
6.00643 0.943738
5.98422 0.909781
5.89822 0.782195
5.81661 0.684199
5.63456 0.47927
5.4888 0.33446
5.35351 0.20601
5.19045 0.108808
5.01342 0.0411709
4.80676 -0.0376675
3.38481 -0.552112
3.2196 -0.59185
3.13963 -0.599836
2.76363 -0.623949
2.47222 -0.630364
2.31266 -0.629435
2.02105 -0.614387
1.77064 -0.566259
1.58214 -0.512043
1.41075 -0.458247
1.26629 -0.396409
1.14881 -0.345451
0.895285 -0.191107
0.829557 -0.142826
0.635986 0.0226178
0.29611 0.338619
-0.0775585 0.714525
-0.202039 0.864825
-0.373499 1.07386
-0.618232 1.51509
-0.67583 1.68103
-0.833565 2.36157
-0.859604 2.50285
