-8.55904 4.67044
-8.52122 4.91975
-8.41619 5.44728
-8.31945 5.70064
-7.9999 6.41829
-7.96993 6.47231
-7.74595 6.86232
-7.60581 7.08513
-7.15531 7.73583
-6.78824 8.17889
-6.70989 8.26487
-6.48275 8.47842
-6.30114 8.6196
-6.07334 8.78386
-5.06052 9.4189
-4.88858 9.5183
-4.55187 9.51832
-3.75707 9.48246
-3.48 9.43614
-2.67286 8.87135
-2.335 8.39329
-1.62508 7.00208
-1.18343 5.31858
-1.15695 5.14703
-1.13385 4.77716
-1.18006 4.29595
-1.40849 3.4621
-1.83666 2.76751
-2.06087 2.45906
-2.35702 2.12446
-2.56992 1.93435
-2.93862 1.6464
-3.19427 1.459
-3.27503 1.4126
-3.40745 1.3438
-3.54484 1.29758
-3.83599 1.21656
-3.96655 1.19937
-4.10766 1.19351
-5.73843 1.14416
-5.80122 1.14731
-5.9379 1.19247
-6.07837 1.25285
-6.41376 1.41277
-6.78609 1.60319
-7.14995 1.79938
-7.31112 1.89114
-7.44351 1.98132
-7.61708 2.12586
-7.65786 2.17212
-7.89534 2.51288
-8.01154 2.71231
-8.12816 2.91983
-8.282 3.24834
-8.41151 3.57795
-8.46304 3.7598
-8.51674 3.97713
-8.55266 4.17142
-8.55727 4.33519
