4.63718 -1.09892
5.83521 1.36787
5.92266 1.54443
6.58329 2.02845
6.74067 2.14123
6.97951 2.18124
7.21732 2.21887
8.27253 2.35703
8.89749 2.3172
9.17183 2.25206
9.74226 1.98749
9.91563 1.82651
10.0668 1.67688
10.2927 1.27788
10.7132 0.113739
10.8845 -0.377657
11.2744 -1.58727
11.5487 -2.93828
11.6065 -3.37488
11.6267 -3.59804
11.6503 -3.87586
11.3288 -4.49387
10.8531 -4.67393
10.2719 -4.86919
9.14801 -5.02842
6.47986 -5.27062
6.15631 -5.21145
5.6285 -4.71384
4.95657 -3.52887
4.66985 -3.00442
4.51569 -2.30256
4.48553 -1.86922
4.4787 -1.74206
4.55864 -1.29427
