1.30227 -6.89523
1.34419 -7.11144
1.302 -7.25044
1.38464 -7.29244
1.36443 -7.4791
1.29355 -7.54436
1.28373 -7.83575
1.26085 -7.48048
1.1867 -7.67392
1.18546 -7.34797
1.12923 -7.43926
1.13447 -7.22285
1.07231 -7.26423
1.05637 -7.02285
0.996541 -7.19501
1.03708 -7.44418
0.939649 -7.41107
0.994316 -7.68701
0.884786 -7.68287
0.813606 -7.32184
0.759187 -7.72894
0.842916 -7.97422
0.724912 -8.13008
0.830678 -8.22043
0.764343 -8.45046
0.608976 -8.51128
0.579888 -8.18384
0.42206 -8.45675
0.467347 -8.13733
0.538383 -8.00892
0.620076 -7.83495
0.454536 -7.86111
0.519463 -7.48823
0.378272 -7.53168
0.412375 -7.13765
0.56525 -7.12136
0.667305 -7.41829
0.682629 -6.99599
0.809348 -6.86215
0.686665 -6.67673
0.618362 -6.71086
0.582502 -6.3964
0.537001 -6.63644
0.577325 -6.85657
0.482677 -6.82181
0.408925 -6.42434
0.362718 -6.76889
0.236087 -6.53784
0.251747 -6.9395
0.0642033 -6.71455
0.0745153 -6.21718
-0.0657358 -6.37713
-0.127417 -6.63328
-0.251874 -6.25206
-0.10415 -6.06293
-0.259821 -5.69338
-0.477252 -5.89872
-0.545989 -5.35536
-0.728659 -5.66471
-0.66135 -6.06315
-0.945254 -5.97439
-0.749271 -6.40156
-1.10246 -6.46541
-1.2014 -6.0672
-1.27339 -5.70506
-1.34979 -5.95753
-1.55108 -5.84675
-1.55979 -5.4723
-1.85728 -5.62685
-1.75838 -5.26207
-2.02222 -5.39127
-2.08973 -5.56862
-2.11576 -5.79213
-1.8612 -6.12479
-2.18421 -6.07607
-2.32798 -5.88017
-2.30394 -5.48757
-2.5399 -5.86131
-2.41736 -6.18323
-2.718 -6.2288
-2.75351 -5.83534
-2.63239 -5.53008
-2.87551 -5.56501
-2.94416 -5.97348
-3.15786 -5.65859
-3.16813 -6.19496
-3.38949 -5.9739
-3.46908 -5.56221
-3.6061 -5.8711
-3.81805 -5.5915
-3.61789 -5.09821
-3.99675 -5.17302
-3.92344 -4.70907
-4.19797 -4.93903
-4.32959 -4.65312
-4.53302 -4.98265
-4.65916 -4.65646
-4.95197 -4.8731
-4.93191 -4.50561
-4.56268 -4.31158
-4.94484 -4.12803
-4.62593 -3.9779
-4.78332 -3.77113
-5.06207 -3.82781
-5.31611 -4.11504
-5.29507 -3.65271
-5.6408 -4.15729
-5.58975 -4.48771
-5.76259 -4.45207
-5.9118 -4.44414
-5.84041 -4.10283
-6.02514 -4.21775
-6.15732 -4.63797
-6.20769 -4.29916
-6.36785 -4.66669
-6.33369 -4.26803
-6.49045 -4.53897
-6.44343 -4.16938
-6.25602 -3.86142
-6.39685 -3.79965
-6.2733 -3.56243
-6.17199 -3.50918
-6.18795 -3.21492
-6.36549 -3.48325
-6.36199 -3.1479
-6.5122 -3.52347
-6.54829 -3.20136
-6.68087 -3.6668
-6.60915 -3.73376
-6.66967 -3.98348
-6.78989 -4.07064
-6.76154 -4.20368
-6.84249 -4.35643
-6.73326 -4.36532
-6.87449 -4.6365
-6.78515 -4.7452
-6.62284 -4.50428
-6.5587 -4.04752
-6.56314 -3.79605
-6.48042 -3.71815
-6.69959 -4.83891
-6.60921 -4.76353
-6.53224 -4.83303
-6.66642 -5.054
-6.49983 -5.11028
-6.31723 -4.96435
-6.35837 -5.34092
-6.17176 -5.06803
-6.01882 -4.7821
-5.94105 -5.05331
-5.83527 -4.68461
-5.69626 -4.83966
-5.49971 -4.67652
-5.27052 -4.46215
-5.35772 -4.7129
-5.51074 -4.90508
-5.28466 -4.89755
-5.16685 -4.67815
-5.20998 -5.17338
-4.84952 -5.30016
-5.21562 -5.56052
-5.45607 -5.35303
-5.44597 -5.10564
-5.70224 -5.23713
-5.63234 -5.71532
-5.86164 -5.55963
-5.88673 -5.75274
-5.92894 -6.03152
-5.71145 -6.05928
-5.49102 -6.07185
-5.32579 -5.88237
-5.04456 -5.89237
-4.90136 -5.64229
-4.73939 -5.8885
-4.60882 -5.5882
-4.42109 -5.87425
-4.23573 -5.51883
-4.0852 -5.90969
-3.8047 -6.01974
-3.98804 -6.25065
-4.29363 -6.20274
-4.17497 -6.51484
-4.54507 -6.50593
-4.31468 -6.73494
-4.48264 -6.84977
-4.72547 -6.83599
-4.54539 -7.15524
-4.88282 -7.09614
-4.71775 -7.46104
-4.46817 -7.50333
-4.24643 -7.32213
-4.27373 -6.99214
-3.96337 -7.0755
-4.10649 -6.78418
-3.83882 -6.58676
-3.59676 -6.96973
-3.54359 -6.56955
-3.6108 -6.23018
-3.37706 -6.35386
-3.34106 -6.71239
-3.24694 -6.46651
-3.11668 -6.62119
-2.96306 -6.34912
-2.85166 -6.73624
-3.05051 -6.95182
-3.19958 -6.93869
-3.15445 -7.31559
-3.34518 -7.07518
-3.45784 -7.41292
-3.73884 -7.33684
-3.71353 -7.69292
-3.41272 -7.83979
-3.27846 -7.60658
-3.10626 -7.82322
-2.88715 -7.52476
-2.92097 -7.13131
-2.74237 -7.21006
-2.80852 -7.00911
-2.68855 -6.94526
-2.50951 -6.63768
-2.48606 -7.12276
-2.18732 -6.85043
-2.15497 -6.41429
-1.97374 -6.62378
-1.91471 -6.43955
-1.6657 -6.61884
-1.43161 -6.22622
-1.3711 -6.51624
-1.33069 -6.73889
-1.09679 -6.99793
-0.835186 -6.7569
-0.743459 -7.12742
-0.574725 -6.75814
-0.490141 -6.35336
-0.315974 -6.71264
-0.418247 -7.15448
-0.111477 -7.09112
-0.230802 -7.60995
0.0469074 -7.59097
0.140308 -7.19819
0.232827 -7.55575
0.291468 -7.2783
0.313205 -7.83541
0.192939 -7.85238
0.262909 -8.00913
0.162028 -8.14184
0.330805 -8.15149
0.169824 -8.5599
0.291696 -8.83703
0.454878 -8.79093
0.344983 -9.03024
0.190911 -9.17887
0.117192 -8.97406
0.0456896 -9.21566
-0.0433178 -9.12862
-0.0127254 -8.86919
-0.192157 -9.02981
-0.128896 -8.82067
-0.0457602 -8.6299
-0.18079 -8.67683
-0.174263 -8.44671
-0.334371 -8.60103
-0.343829 -8.3025
-0.525034 -8.41142
-0.495053 -8.19151
-0.692452 -8.21049
-0.547666 -7.97918
-0.751733 -7.95798
-0.959619 -8.20922
-0.807918 -8.2929
-0.750137 -8.46824
-0.963857 -8.59177
-1.20716 -8.46858
-1.28243 -8.20048
-1.50923 -8.43464
-1.34042 -8.67233
-1.53851 -8.82481
-1.83946 -8.68269
-1.795 -8.23902
-2.0259 -8.41565
-2.21928 -8.76598
-2.25334 -8.29243
-2.03234 -8.10439
-2.19456 -8.0116
-2.34097 -8.02396
-2.26064 -7.79088
-2.07961 -7.84976
-2.07544 -7.52634
-1.83308 -7.81864
-1.74181 -7.37645
-1.98954 -7.1331
-2.22582 -7.22178
-2.368 -7.49916
-2.62516 -7.50542
-2.50211 -7.84085
-2.74701 -7.80945
-2.66641 -8.05473
-2.87944 -8.08156
-2.9053 -7.81876
-3.08773 -8.21142
-3.26419 -8.12943
-3.47664 -8.20307
-3.62031 -7.97999
-3.71516 -8.19952
-3.61274 -8.53568
-3.26114 -8.53528
-3.47091 -8.87755
-3.68779 -8.86057
-3.87405 -8.68773
-3.88462 -9.0509
-4.14466 -8.84757
-4.09581 -8.44644
-3.84704 -8.39732
-3.94817 -8.14319
-4.23556 -8.0683
-4.3544 -8.37553
-4.27946 -8.62485
-4.48972 -8.66012
-4.33165 -8.79686
-4.42427 -9.04658
-4.69535 -8.91076
-4.78113 -8.54259
-4.91332 -8.82461
-4.86364 -9.09421
-5.04693 -9.0563
-4.95129 -9.38347
-5.17009 -9.30699
-5.13845 -9.60655
-5.27383 -9.5011
-5.33551 -9.74538
-5.3993 -9.52367
-5.34753 -9.29222
-5.55342 -9.35682
-5.45732 -9.08354
-5.2727 -8.9767
-5.48943 -8.79186
-5.64668 -9.02429
-5.69355 -8.70221
-5.85846 -8.85777
-5.8146 -9.18737
-5.99039 -9.07352
-5.93121 -9.26917
-6.03711 -9.31721
-5.88838 -9.47392
-6.03331 -9.49487
-6.02686 -9.66169
-5.86108 -9.78255
-5.6989 -9.60817
-5.72161 -9.37972
-5.68 -9.23622
-5.52248 -9.68332
-5.67019 -9.88445
-5.50757 -9.91035
-5.38073 -10.0053
-5.14511 -9.91432
-5.26588 -10.1419
-5.03256 -10.1323
-4.88285 -9.974
-4.94072 -9.72025
-4.70996 -9.79017
-4.76226 -9.5561
-4.46202 -9.52877
-4.69924 -9.26717
-4.15546 -9.26433
-4.16156 -9.56598
-3.86251 -9.48892
-3.6345 -9.15547
-3.52263 -9.45455
-3.4206 -9.17726
-3.24867 -8.99775
-3.25313 -9.37506
-3.08492 -9.15088
-3.02345 -8.8353
-2.94848 -8.45899
-2.76377 -8.71504
-2.7041 -8.34179
-2.49571 -8.54461
-2.49194 -8.18441
-2.56916 -8.96049
-2.38596 -9.14137
-2.19382 -9.1032
-2.01892 -9.00031
-2.08729 -9.32466
-1.76637 -9.15028
-1.89395 -9.60198
-2.17088 -9.63385
-2.28847 -9.50678
-2.43977 -9.79426
-2.47509 -9.46647
-2.28219 -9.30791
-2.59845 -9.2619
-2.70917 -9.50659
-2.75327 -9.31208
-2.69436 -9.1681
-2.85375 -9.12872
-2.89259 -9.47311
-3.04045 -9.37179
-3.10044 -9.67454
-2.86232 -9.76133
-2.6461 -9.70409
-2.72182 -9.91917
-2.63574 -10.0701
-2.41698 -10.078
-2.13912 -9.92467
-2.25114 -10.1748
-2.4446 -10.2562
-2.58566 -10.2103
-2.62698 -10.3348
-2.47906 -10.3975
-2.31683 -10.3122
-2.28327 -10.4168
-2.44489 -10.5014
-2.5707 -10.4958
-2.69078 -10.5444
-2.66244 -10.447
-2.81693 -10.5017
-2.87615 -10.6688
-2.75077 -10.7045
-2.96038 -10.7184
-2.89581 -10.7473
-3.08262 -10.7471
-3.26288 -10.7648
-3.46899 -10.7609
-3.36278 -10.7333
-3.54119 -10.7305
-3.42504 -10.6925
-3.64334 -10.7005
-3.73258 -10.7525
-3.62089 -10.7656
-2.35292 -10.7308
-2.51399 -10.7565
-2.47477 -10.72
-2.68026 -10.7524
-2.58757 -10.7131
-2.2871 -10.5217
-2.04624 -10.4634
-2.12743 -10.3001
-1.92338 -10.3063
-2.00811 -10.2406
-2.07004 -10.1506
-1.91331 -10.1782
-1.96787 -10.0487
-1.87177 -9.90236
-1.69855 -9.76799
-1.50469 -9.51756
-1.52432 -9.82656
-1.67363 -9.9742
-1.4121 -10.0324
-1.32184 -9.80695
-1.23617 -9.95732
-1.10818 -9.85911
-1.13302 -9.6053
-0.999638 -9.75478
-0.914465 -9.65243
-0.8991 -9.37169
-1.21303 -9.25918
-1.00056 -9.01586
-0.800121 -9.14139
-0.748128 -8.87494
-0.962109 -8.80373
-1.13148 -8.74032
-1.28435 -8.93301
-0.581482 -9.2903
-0.426375 -8.971
-0.33687 -9.21384
-0.183801 -9.28643
-0.334946 -9.43444
-0.159569 -9.51766
-0.0623384 -9.32468
0.0299082 -9.43192
-0.0715847 -9.69226
0.0816545 -9.60499
0.162771 -9.41485
0.317558 -9.29414
0.200813 -9.52577
0.303637 -9.53654
0.158576 -9.71661
0.314074 -9.70282
0.18752 -9.87976
0.0392656 -9.89948
0.0173278 -9.77091
-0.0916901 -9.86826
-0.157654 -9.82306
-0.248565 -9.93126
-0.109379 -10.0153
-0.286987 -10.1438
-0.505944 -10.0204
-0.388569 -9.8067
-0.609441 -9.82962
-0.47959 -9.61016
-0.714005 -9.61261
-0.874575 -9.8696
-0.724321 -10.0007
-0.878984 -10.0724
-1.09932 -10.082
-0.93244 -10.169
-0.983972 -10.3054
-1.33712 -10.2811
-1.67719 -10.2129
-1.55741 -10.3744
-1.76802 -10.4091
-1.82573 -10.0683
-1.59199 -10.4936
-1.41457 -10.4345
-1.20995 -10.4364
-0.749448 -10.1709
-0.529583 -10.2036
-0.0823684 -10.1391
0.0572295 -10.143
0.0561414 -10.0315
0.21664 -10.0034
0.366026 -9.83218
0.410282 -9.94676
0.545135 -9.72847
0.477524 -9.61844
0.415354 -9.53122
0.556397 -9.35897
0.672463 -9.46964
0.716375 -9.22553
0.653543 -9.02018
0.51155 -9.20457
0.524227 -9.06418
0.445405 -9.19751
0.442616 -9.03989
0.427895 -9.36614
0.570562 -8.855
0.686461 -8.70817
0.816818 -8.70647
0.861836 -8.42606
0.936138 -8.50699
0.919164 -8.24593
0.89653 -8.1039
0.949045 -7.98057
1.03561 -8.24117
1.04465 -7.92761
1.09096 -7.68226
1.1231 -7.92002
1.19345 -8.00999
1.12334 -8.15998
1.09382 -8.06469
1.11972 -8.42157
1.19225 -8.28756
1.18662 -8.54219
1.22454 -8.40193
1.23996 -8.17193
1.29424 -8.13497
1.26545 -8.36921
1.31259 -8.28871
1.30398 -8.4208
1.25773 -8.55861
1.24315 -8.76214
1.22832 -8.92669
1.17509 -8.96749
1.20558 -9.07077
0.605841 -9.8248
0.736465 -9.60181
0.88999 -9.46211
0.836658 -9.37856
0.774722 -9.27985
0.877608 -9.12297
0.973726 -9.25527
1.0248 -8.90754
0.915036 -8.81296
0.808637 -9.01477
0.798974 -9.16791
1.02951 -8.59769
1.1087 -8.66305
1.15889 -8.80401
1.21077 -8.6312
0.494713 -9.98651
0.35569 -10.1178
0.216688 -10.1896
0.241794 -10.1099
0.375321 -10.0478
-4.41944 -10.7802
-5.71709 -10.606
-5.94984 -10.5839
-6.17343 -10.652
-6.73534 -10.6448
-6.64307 -10.594
-6.80714 -10.5272
-6.71576 -10.4715
-6.86733 -10.3896
-6.76655 -10.3273
-6.65012 -10.4198
-6.56902 -10.5104
-6.54776 -10.3918
-6.65666 -10.3295
-6.60274 -10.2259
-6.43587 -10.3164
-6.49616 -10.1399
-6.35939 -10.2128
-6.39338 -10.0424
-6.25796 -10.1582
-6.24273 -9.94501
-6.07318 -10.1672
-6.03561 -9.91226
-5.83917 -10.0574
-5.66885 -10.057
-5.59918 -9.99505
-5.55217 -10.07
-5.67699 -10.1965
-5.47608 -10.1828
-5.57497 -10.2976
-5.39365 -10.3181
-5.14896 -10.2687
-5.2199 -10.3641
-5.33526 -10.4513
-5.50875 -10.4416
-5.5841 -10.3869
-5.69974 -10.4899
-5.52933 -10.5338
-5.72239 -10.356
-5.89164 -10.4327
-6.05578 -10.4583
-6.18404 -10.5345
-6.22275 -10.3506
-6.39122 -10.487
-6.31136 -10.6002
-6.02659 -10.3484
-5.87693 -10.2741
-5.20227 -10.5165
-5.11123 -10.4432
-5.02115 -10.5464
-4.93996 -10.4773
-4.94688 -10.3904
-4.7867 -10.4602
-4.74789 -10.3601
-4.88885 -10.3015
-5.01848 -10.3159
-4.9717 -10.2447
-4.72427 -10.1913
-5.09444 -10.357
-4.48876 -10.3492
-4.27593 -10.2048
-4.46832 -10.0567
-4.16116 -9.96375
-4.46616 -9.86302
-4.6638 -9.99044
-4.26813 -9.74884
-4.06697 -9.73433
-3.88637 -9.83998
-3.62948 -9.76271
-3.71022 -10.0257
-3.91567 -10.0042
-3.9219 -10.1451
-3.70516 -10.1728
-3.48972 -10.1949
-3.45868 -9.97688
-3.35241 -10.0983
-3.22494 -9.97534
-3.36427 -9.71895
-3.02773 -9.92614
-3.01923 -10.1224
-2.89671 -9.98668
-2.82305 -10.0876
-2.81435 -10.2582
-3.08692 -10.2996
-3.24267 -10.1825
-3.29356 -10.3135
-3.47251 -10.412
-3.72688 -10.2922
-3.68465 -10.3959
-3.86126 -10.3863
-3.71251 -10.4882
-3.9562 -10.4809
-3.91866 -10.5853
-3.6793 -10.5959
-3.47082 -10.5676
-3.26422 -10.5203
-3.19248 -10.4268
-3.09822 -10.5053
-2.96348 -10.431
-2.96712 -10.551
-2.77649 -10.4018
-3.1157 -10.5837
-2.99292 -10.6286
-3.12646 -10.6424
-3.26109 -10.6125
-3.23188 -10.6725
-3.38472 -10.6412
-3.55755 -10.6432
-3.27041 -10.7182
-3.13251 -10.7153
-3.04957 -10.6825
-3.21902 -10.7288
-3.76858 -10.659
-3.85283 -10.7157
-3.98513 -10.6803
-4.02835 -10.7211
-4.15065 -10.7068
-4.22183 -10.6493
-4.34434 -10.7272
-4.50379 -10.6869
-4.4161 -10.629
-4.54915 -10.6359
-4.49658 -10.5798
-4.33373 -10.5799
-4.40881 -10.4887
-4.15956 -10.5324
-4.15767 -10.3904
-4.61394 -10.4406
-4.63214 -10.5247
-4.8201 -10.5469
-4.67085 -10.6051
-4.85345 -10.6405
-5.03518 -10.6263
-5.17952 -10.5819
-4.75078 -10.7135
-4.57701 -10.7474
-4.19232 -10.7508
-3.97421 -10.7591
-3.98443 -10.2875
-6.16187 -9.74439
-6.1803 -9.46305
-6.31528 -9.65829
-6.35114 -9.41936
-6.49465 -9.48034
-6.44368 -9.7936
-6.63275 -9.62337
-6.62795 -9.40825
-6.61943 -9.18119
-6.44763 -9.21858
-6.52807 -8.97708
-6.69702 -8.78262
-6.76524 -9.05494
-6.7493 -9.32908
-6.88687 -9.11052
-6.85904 -8.87656
-6.98759 -8.88396
-6.92794 -8.74342
-7.00325 -8.64631
-6.92241 -8.61405
-6.98413 -8.48888
-7.07576 -8.4373
-7.02313 -8.38002
-7.03985 -8.22311
-7.17409 -8.18081
-7.17838 -8.44643
-7.10619 -8.69022
-7.25218 -8.59243
-7.26735 -8.32593
-7.3564 -8.34245
-7.3266 -8.64289
-7.40485 -8.61752
-7.44256 -8.38986
-7.48537 -8.45012
-7.46657 -8.15026
-7.57292 -8.21989
-7.53631 -7.90398
-7.63373 -7.96677
-7.5617 -7.65857
-7.49989 -7.62464
-7.52187 -7.32677
-7.62442 -7.45598
-7.55601 -7.04789
-7.61369 -7.10897
-7.67002 -7.29503
-7.65775 -6.93803
-7.69365 -7.23036
-7.72816 -7.52004
-7.7391 -7.32029
-7.70912 -7.05655
-7.75444 -7.24179
-7.76371 -6.98827
-7.78941 -7.28883
-7.77812 -7.50483
-7.82286 -7.51641
-7.80051 -7.11812
-7.81534 -7.02382
-7.85197 -7.37848
-7.85287 -7.07872
-7.83336 -6.76101
-7.90213 -7.22458
-7.91589 -7.47511
-7.90172 -7.65731
-7.87177 -7.67353
-7.86655 -7.90326
-7.81151 -7.86897
-7.84852 -8.10388
-7.79726 -8.26398
-7.76828 -8.07937
-7.75752 -7.83254
-7.76309 -7.69386
-7.69383 -7.72807
-7.67423 -7.50495
-7.71866 -8.05529
-7.69211 -8.35392
-7.74476 -8.34491
-7.71257 -8.50039
-7.73455 -8.58539
-7.77916 -8.5613
-7.74702 -8.80117
-7.79114 -8.80653
-7.74098 -9.05075
-7.79785 -8.82328
-7.84649 -8.54305
-7.89365 -7.86672
-7.87935 -8.09984
-7.87423 -8.14463
-7.87378 -8.30395
-7.84107 -8.31855
-7.8068 -8.55392
-7.87316 -8.419
-7.57328 -9.89257
-7.66087 -9.66533
-7.62602 -9.69638
-7.66218 -9.48495
-7.70166 -9.2668
-7.6361 -9.38339
-7.67748 -9.06325
-7.58999 -9.20815
-7.63102 -8.96421
-7.57429 -8.84749
-7.47213 -9.13758
-7.47164 -8.78276
-7.56462 -8.53418
-7.63078 -8.55788
-7.62793 -8.32893
-7.68494 -8.71382
-7.41276 -9.00016
-7.39149 -8.85388
-7.3325 -8.83748
-7.34871 -8.99798
-7.25158 -9.07146
-7.26677 -8.80762
-7.18645 -8.8718
-7.12165 -9.1099
-7.08679 -8.94404
-7.00486 -9.15379
-7.05181 -9.28657
-7.14634 -9.31234
-7.04364 -9.48943
-6.98211 -9.3777
-6.90977 -9.6002
-6.89126 -9.35434
-6.78931 -9.55021
-6.73878 -9.82084
-6.55883 -9.92283
-6.62901 -10.0452
-6.74125 -10.0693
-6.89372 -9.8922
-6.83556 -10.1387
-6.97616 -10.0426
-7.03694 -9.84303
-7.00108 -9.69941
-7.08576 -9.65646
-7.14427 -9.49996
-7.18162 -9.6307
-7.12708 -9.78304
-7.20609 -9.80063
-7.28727 -9.63059
-7.29669 -9.82592
-7.39564 -9.66115
-7.36819 -9.85816
-7.47158 -9.76145
-7.47459 -9.61041
-7.54556 -9.52705
-7.58105 -9.67449
-7.48809 -9.91694
-7.5578 -9.85296
-7.48573 -10.0246
-7.47243 -10.099
-7.39417 -10.2048
-7.27367 -10.3779
-7.30262 -10.2826
-7.38758 -10.1359
-7.23963 -10.2808
-7.28003 -10.1491
-7.38562 -9.98371
-7.28299 -10.0073
-7.20092 -10.1436
-7.13619 -10.2766
-7.10895 -10.1734
-7.16944 -10.0602
-7.10417 -10.0909
-7.10864 -9.96722
-7.21251 -9.9389
-7.03612 -10.1369
-6.91436 -10.2287
-7.0061 -10.2813
-6.96856 -10.4274
-7.10669 -10.4021
-7.19082 -10.3869
-7.08133 -10.4782
-6.98542 -10.5188
-6.98262 -10.589
-6.86489 -10.6187
-6.87896 -10.56
-6.75844 -10.6987
-6.8308 -10.6838
-2.20593 -0.00478135
-2.42749 0.100144
-2.66847 0.153453
-2.61095 0.0416312
-2.85125 0.0370489
-2.87507 0.142614
-3.04994 0.0923743
-3.23137 0.0591141
-3.38775 0.0753872
-3.35825 0.00762917
-3.16102 -0.0211375
-3.43149 -0.0802719
-3.25293 -0.169032
-2.94777 -0.119194
-2.67403 -0.0660878
-2.73418 -0.220683
-2.46929 -0.173391
-2.44636 -0.0321247
-2.28547 -0.117182
-2.09092 -0.142907
-2.02399 -0.0642304
-1.90403 -0.133573
-1.90351 -0.0570194
-1.77061 -0.0934781
0.79882 -3.77044
0.450048 -2.67496
0.391207 -2.46664
0.34367 -2.61709
0.300195 -2.40828
0.270081 -2.25146
0.226475 -2.32957
0.182474 -2.20193
0.158422 -2.31244
0.216794 -2.47762
0.114105 -2.39079
0.14747 -2.58448
0.0164948 -2.39148
0.02739 -2.59348
-0.0536914 -2.42072
-0.123985 -2.43577
-0.0821266 -2.64592
-0.255935 -2.4489
-0.282721 -2.24968
-0.465409 -2.19779
-0.391566 -2.06319
-0.292401 -2.07159
-0.425484 -1.90919
-0.541092 -1.91819
-0.543571 -1.74471
-0.620448 -1.75928
-0.684502 -1.60189
-0.694048 -1.79342
-0.840539 -1.6283
-0.790303 -1.86816
-1.02152 -1.69217
-0.974877 -1.43219
-1.07861 -1.45409
-1.23036 -1.45052
-1.10316 -1.26981
-1.28219 -1.11507
-1.4687 -1.31407
-1.39905 -1.56944
-1.5747 -1.55391
-1.66104 -1.35921
-1.65132 -1.1035
-1.81319 -1.27504
-1.88228 -1.02095
-1.71879 -0.895684
-1.84072 -0.758302
-1.66102 -0.765648
-1.69101 -0.642289
-1.50183 -0.696251
-1.61006 -0.526652
-1.86225 -0.528878
-1.76273 -0.380155
-1.96112 -0.36947
-1.87355 -0.333202
-1.89799 -0.265076
-1.65042 -0.301593
-1.72836 -0.189402
-1.44627 -0.315467
-0.154264 -1.79111
0.0987005 -2.18751
0.0274682 -2.08132
0.0201731 -2.17757
0.0921078 -2.27304
0.0387845 -2.28995
-0.0582714 -2.19818
-0.142332 -2.26103
-0.19546 -2.0453
-0.320484 -1.91662
-0.27183 -1.82192
-0.0969939 -2.015
-0.290171 -1.65521
-0.425652 -1.58477
-0.427626 -1.75445
-0.561536 -1.5754
-0.555521 -1.4191
-0.480914 -1.38906
-0.366765 -1.48067
-0.46382 -1.28314
-0.623777 -1.19987
-0.570206 -1.09978
-0.715796 -0.96144
-0.89296 -0.835196
-1.01344 -0.629591
-1.09984 -0.770826
-1.18256 -0.589912
-1.22866 -0.650418
-1.36493 -0.567142
-1.29331 -0.727171
-1.388 -0.884228
-1.22786 -0.889017
-1.09487 -1.01746
-0.940975 -0.983966
-0.950284 -1.18909
-0.820397 -1.38666
-0.797974 -1.17206
-0.67642 -1.38011
-0.79214 -1.01151
-1.47201 -1.05543
-1.56655 -0.891494
-1.27223 -0.440044
-1.51147 -0.414082
-1.13376 -0.515549
-0.2356 -1.57918
-2.19556 -0.271438
-2.17469 -0.492033
-2.48065 -0.366829
-2.38807 -0.541727
-2.62322 -0.594266
-2.30059 -0.754642
-2.5989 -0.839955
-2.91537 -0.778006
-2.91835 -0.55003
-3.18567 -0.60939
-3.2275 -0.806304
-3.43759 -0.716333
-3.44528 -0.538443
-3.27628 -0.477251
-3.38115 -0.35604
-3.7057 -0.4769
-3.6592 -0.650969
-3.86117 -0.635078
-3.99382 -0.539708
-3.883 -0.371023
-4.11268 -0.426364
-4.27357 -0.637725
-4.33503 -0.47377
-4.18522 -0.295945
-3.98525 -0.292236
-3.92217 -0.177795
-4.05407 -0.127403
-4.3393 -0.214193
-3.9099 0.0112364
-5.0743 -0.386027
-5.32528 -0.559259
-5.51866 -0.720534
-5.7783 -0.890318
-5.64981 -0.838474
-5.7366 -0.965044
-5.91743 -1.11268
-6.08234 -1.2329
-6.20843 -1.37659
-7.41617 -3.1807
-6.44149 -1.6586
-6.59287 -1.87362
-6.44529 -1.77988
-6.27027 -1.5642
-6.12671 -1.54281
-6.10072 -1.34583
-5.96104 -1.34211
-5.76995 -1.13262
-5.83813 -1.3918
-5.59789 -1.14873
-5.58632 -0.909071
-5.42639 -0.911175
-5.3755 -0.730398
-5.18348 -0.761306
-5.1527 -0.560729
-4.91846 -0.403193
-4.97369 -0.545517
-4.73777 -0.383035
-4.75791 -0.308712
-4.57605 -0.228827
-4.54842 -0.305646
-4.5306 -0.419439
-4.80944 -0.526347
-4.7163 -0.582661
-4.55846 -0.637301
-4.80195 -0.716377
-4.8672 -0.638217
-4.98187 -0.765258
-4.97437 -0.640177
-5.11092 -0.964902
-5.35553 -1.05264
-5.24265 -1.11998
-5.34206 -1.29399
-5.50492 -1.266
-5.68454 -1.47714
-5.51085 -1.43821
-5.60297 -1.62047
-5.78287 -1.81193
-5.62159 -1.84449
-5.83226 -2.15051
-5.63334 -2.08984
-5.44711 -1.87143
-5.42186 -1.58987
-5.2346 -1.67767
-5.22277 -1.44067
-4.99963 -1.47318
-5.11143 -1.20946
-4.87765 -1.22628
-4.91056 -1.02398
-4.66187 -1.06089
-4.72933 -0.851549
-4.50074 -0.826468
-4.31499 -0.83203
-4.07689 -0.771642
-4.25035 -0.99875
-3.9614 -1.02386
-3.82772 -0.795483
-3.71515 -0.931813
-3.62882 -0.798657
-3.4628 -0.927504
-3.64295 -1.13961
-3.40314 -1.09015
-3.14845 -1.02723
-3.34202 -1.25259
-2.95242 -1.30474
-2.7664 -1.04646
-2.60293 -1.26643
-2.45334 -1.04868
-2.3628 -1.30319
-2.15727 -1.0879
-2.04097 -0.850175
-2.03974 -0.66275
-1.98181 -1.2448
-2.13298 -1.42577
-1.93377 -1.41688
-1.77657 -1.53644
-1.96506 -1.6187
-1.82635 -1.77943
-1.66524 -1.76027
-1.46614 -1.77761
-1.61403 -2.02729
-1.73747 -1.89556
-1.84102 -2.01643
-1.97666 -1.8433
-2.10795 -2.06531
-1.9087 -2.33591
-1.75041 -2.17428
-1.65248 -2.33107
-1.46979 -2.22491
-1.3233 -2.03821
-1.30121 -2.33635
-1.06227 -2.23411
-1.11088 -1.94505
-1.25764 -1.74642
-0.900097 -2.02551
-0.761815 -2.32466
-0.6835 -2.12118
-0.638103 -1.98175
-0.566404 -2.32556
-0.406545 -2.47824
-0.554756 -2.5117
-0.699983 -2.55552
-0.90983 -2.5323
-0.72307 -2.73284
-0.908272 -2.80901
-1.083 -2.66783
-1.13975 -2.47747
-1.3299 -2.6638
-1.11652 -2.91629
-1.36892 -3.09387
-1.54912 -2.86632
-1.59116 -2.60754
-1.77848 -2.84823
-1.77387 -2.55555
-1.96621 -2.67549
-2.09801 -2.53705
-2.26292 -2.81834
-2.27831 -2.51386
-2.13635 -2.34376
-2.35813 -2.27136
-2.61001 -2.5989
-2.65757 -2.18784
-2.86953 -2.34167
-2.9197 -2.54004
-3.05817 -2.40766
-3.14367 -2.58597
-3.29815 -2.35453
-3.07844 -2.24976
-3.22829 -2.09082
-2.94486 -2.10971
-3.07014 -1.92713
-2.79638 -1.92202
-3.01677 -1.73121
-3.36619 -1.82808
-3.2615 -1.52324
-2.91418 -1.54483
-2.66707 -1.46311
-2.69845 -1.69051
-2.41091 -1.56043
-2.49802 -1.40451
-2.16385 -1.73524
-2.44355 -1.9173
-3.58481 -1.62399
-3.74427 -1.81589
-3.59079 -2.13124
-3.95433 -2.0226
-3.90168 -2.42225
-4.14882 -2.16562
-4.25612 -2.3957
-4.34561 -2.15096
-4.25726 -1.89763
-4.55506 -2.04195
-4.53728 -1.6768
-4.80106 -1.90669
-4.79304 -2.19976
-5.06713 -2.15825
-4.98414 -2.48369
-5.24561 -2.52344
-5.35097 -2.29941
-5.26942 -1.97833
-5.4822 -2.15248
-5.52923 -2.38473
-5.67657 -2.35386
-5.62099 -2.50067
-5.73994 -2.63748
-5.87653 -2.55404
-5.96277 -2.91829
-6.07764 -2.69338
-5.94819 -2.42737
-6.10169 -2.42608
-6.24448 -2.72602
-6.22254 -2.92722
-6.31189 -2.90507
-6.39561 -2.86153
-6.29057 -2.59234
-6.42479 -2.62561
-6.53596 -2.88474
-6.629 -3.08242
-6.71136 -3.33102
-6.75463 -3.13269
-6.63445 -2.91137
-6.70438 -2.81713
-6.84989 -2.983
-6.89507 -3.26836
-6.98665 -3.23398
-6.97066 -3.01395
-6.86897 -2.77447
-6.95454 -2.81879
-7.06249 -3.06463
-7.08989 -3.29098
-7.13909 -3.25578
-7.18426 -3.25027
-7.13065 -3.03463
-7.04464 -2.86231
-7.136 -2.93548
-7.20076 -3.12161
-7.19654 -3.01008
-7.23792 -3.11277
-7.2843 -3.24024
-7.26151 -3.31852
-7.34695 -3.4647
-7.30311 -3.5592
-7.20595 -3.47917
-7.27563 -3.66008
-7.27671 -3.77791
-7.18179 -3.64724
-7.07671 -3.45494
-7.00477 -3.49866
-7.11156 -3.68785
-7.05913 -3.71116
-7.13624 -3.95212
-7.2011 -3.94219
-7.28718 -3.99141
-7.2926 -4.22667
-7.36312 -4.30679
-7.37249 -4.07708
-7.35048 -3.85558
-7.42462 -4.19899
-7.40968 -3.9957
-7.49181 -4.31285
-7.51101 -4.58582
-7.42725 -4.3696
-7.44934 -4.66363
-7.36638 -4.48902
-7.38243 -4.78882
-7.48238 -5.08479
-7.53123 -5.01177
-7.53547 -5.34831
-7.58975 -5.43518
-7.54629 -5.76433
-7.60235 -5.85675
-7.64829 -5.7894
-7.62558 -5.32314
-7.65243 -5.43521
-7.67122 -5.75341
-7.67144 -5.54141
-7.69662 -5.89701
-7.67876 -5.62899
-7.70697 -5.85512
-7.69752 -5.52411
-7.67571 -5.37242
-7.67573 -5.28981
-7.66099 -5.09047
-7.65841 -5.21825
-7.6467 -4.89757
-7.63696 -4.75035
-7.66288 -4.95337
-7.64 -4.71082
-7.69024 -5.04281
-7.7134 -5.38161
-7.67392 -5.20561
-7.74062 -5.66481
-7.77051 -6.09466
-7.73851 -5.85778
-7.74284 -6.11183
-7.72959 -6.15963
-7.7501 -6.3616
-7.76675 -6.52046
-7.72219 -6.25445
-7.70417 -6.14243
-7.7412 -6.56945
-7.70378 -6.4804
-7.68511 -6.27695
-7.63532 -6.11795
-7.64378 -6.49079
-7.59801 -6.15971
-7.58047 -6.49193
-7.53836 -6.20856
-7.50279 -5.96071
-7.48538 -5.68449
-7.49222 -5.44451
-7.45547 -5.52011
-7.41576 -5.25404
-7.43292 -5.49799
-7.39186 -5.50558
-7.33415 -5.269
-7.31147 -4.94171
-7.23443 -5.05532
-7.19897 -4.65412
-7.15795 -4.86464
-7.08701 -4.70206
-7.0565 -4.33441
-7.00516 -4.52604
-6.91627 -4.2671
-6.94372 -4.06195
-6.83341 -3.91951
-6.89009 -3.83105
-6.98379 -3.94961
-6.9044 -3.61539
-7.02283 -3.74989
-6.93909 -3.48347
-6.85481 -3.36551
-6.80329 -3.39873
-6.80668 -3.61654
-7.09454 -4.11327
-7.20431 -4.33625
-7.22929 -4.17901
-7.28674 -4.44677
-7.28642 -4.63389
-7.13755 -4.3639
-6.9329 -4.52181
-6.99296 -4.74825
-6.93289 -4.98981
-7.10124 -5.03588
-7.02607 -5.33559
-6.90149 -5.30017
-6.8027 -5.05509
-6.78455 -5.32829
-6.65738 -5.38911
-6.76908 -5.60559
-6.85951 -5.51649
-6.88799 -5.77552
-6.94069 -5.53027
-7.02818 -5.69772
-7.11674 -5.49307
-7.12135 -5.73382
-7.21661 -5.63258
-7.16784 -5.93281
-7.08456 -5.92443
-7.11003 -6.18395
-6.9855 -6.08035
-7.02496 -6.46333
-6.86654 -6.42043
-6.85892 -6.0687
-6.77043 -5.88315
-6.76798 -6.14519
-6.64399 -5.98934
-6.66226 -5.69047
-6.57267 -5.75287
-6.53801 -5.51615
-6.46018 -5.82463
-6.26075 -5.58874
-6.23251 -5.33446
-6.11457 -5.35677
-6.06874 -5.72519
-5.94993 -5.38504
-6.29282 -5.97933
-6.16622 -6.18178
-6.34581 -6.40289
-6.43032 -6.18976
-6.56886 -6.28773
-6.48391 -6.47436
-6.59947 -6.67318
-6.67562 -6.54454
-6.70952 -6.33526
-6.76779 -6.59767
-6.86062 -6.84531
-6.96853 -6.77079
-6.94388 -6.97277
-7.02826 -7.09131
-6.91973 -7.16447
-7.00683 -7.3935
-7.09497 -7.35781
-7.16097 -7.14664
-7.18595 -7.51321
-7.25277 -7.39169
-7.26281 -7.16303
-7.22499 -7.00463
-7.27638 -6.883
-7.19675 -6.80931
-7.25843 -6.50671
-7.37192 -6.69264
-7.35184 -7.10176
-7.44863 -7.01164
-7.45345 -6.63292
-7.41871 -6.40233
-7.47311 -6.30417
-7.52445 -6.53779
-7.51244 -6.83635
-7.55216 -6.74366
-7.59333 -6.80309
-7.50559 -7.05454
-7.42966 -7.42273
-7.42911 -6.06742
-7.44853 -5.71475
-7.381 -5.7715
-7.32027 -5.54837
-7.3044 -5.80798
-7.25818 -5.35314
-7.17888 -5.30398
-7.1092 -5.28935
-7.24851 -5.94522
-7.30099 -5.97379
-7.3496 -6.01023
-7.28944 -6.15447
-7.35458 -6.30497
-7.20908 -6.20016
-7.14438 -6.49558
-7.32953 -7.41152
-7.38015 -7.66025
-7.29764 -7.69364
-7.38821 -7.95242
-7.45585 -7.79032
-7.28625 -8.05752
-7.19753 -7.83616
-7.09657 -7.62357
-7.08672 -7.92788
-6.9765 -7.68794
-6.91281 -7.41436
-6.8473 -7.57895
-6.84623 -7.3577
-6.76277 -7.36098
-6.81031 -7.13318
-6.87058 -7.2718
-6.7288 -6.81557
-6.66152 -7.0762
-6.48202 -6.82944
-6.55138 -7.2851
-6.40893 -7.12816
-6.28641 -6.73588
-6.24716 -6.44382
-6.14822 -6.44953
-6.06784 -6.25519
-5.98615 -6.3721
-5.82062 -6.25124
-5.80175 -6.57945
-5.63804 -6.28446
-5.56056 -6.49815
-5.4113 -6.3516
-5.18659 -6.20076
-5.20685 -6.50137
-4.93978 -6.55339
-4.84384 -6.19617
-4.56972 -6.13594
-5.12349 -6.80664
-5.37423 -6.62383
-5.36334 -6.92301
-5.57329 -6.73619
-5.57504 -7.0262
-5.74241 -6.88263
-5.77276 -7.15822
-5.96297 -7.01001
-6.07916 -6.71405
-6.23525 -7.16129
-6.10594 -7.34951
-6.22848 -7.42831
-6.33422 -7.51861
-6.39578 -7.35496
-6.49639 -7.56246
-6.40479 -7.87616
-6.6282 -7.87753
-6.64517 -7.58853
-6.72409 -7.75726
-6.77588 -7.92121
-6.80052 -7.74865
-6.74505 -7.58301
-6.87661 -7.84052
-6.86141 -8.04922
-6.74599 -8.19302
-6.90451 -8.24749
-6.96724 -8.00133
-6.97421 -8.36666
-6.8942 -8.48158
-6.8153 -8.3948
-6.7975 -8.56297
-6.71885 -8.47261
-6.63405 -8.35952
-6.55768 -8.16977
-6.51454 -8.42542
-6.36675 -8.26878
-6.19819 -8.0247
-6.19059 -7.65569
-5.96501 -7.82999
-6.00818 -7.52766
-5.93524 -7.30222
-5.77762 -7.50343
-5.59581 -7.31213
-5.60416 -7.48492
-5.45503 -7.51202
-5.37886 -7.25698
-5.32226 -7.48412
-5.18828 -7.45646
-5.15369 -7.1571
-4.97075 -7.42775
-4.92209 -6.82383
-5.03429 -7.70255
-4.83643 -7.67937
-4.57827 -7.88121
-4.86662 -7.89468
-4.81271 -8.16793
-5.077 -8.0156
-5.00599 -8.34692
-5.26885 -8.27207
-5.30216 -7.98407
-5.27415 -7.71812
-5.40586 -7.86007
-5.44471 -7.71355
-5.52717 -7.81909
-5.58431 -7.6432
-5.697 -7.82601
-5.78386 -8.11929
-5.50774 -8.04332
-5.56725 -8.42
-5.30515 -8.61049
-5.13229 -8.50692
-5.10715 -8.75379
-4.98495 -8.59105
-5.89074 -8.46706
-6.01275 -8.15496
-6.15227 -8.35581
-6.10253 -8.7253
-6.27393 -8.52066
-6.39793 -8.52977
-6.31048 -8.7564
-6.4934 -8.71186
-6.61338 -8.54485
-6.3703 -9.00925
-6.2002 -9.085
-6.29334 -9.10561
-6.30835 -9.22126
-4.57667 -8.30012
-4.43768 -8.15699
-4.22887 -7.68058
-3.99825 -7.81337
-4.0727 -7.6653
-3.99348 -7.51301
-3.79721 -7.96179
-6.85118 -8.67943
-6.67515 -7.38916
-6.46852 -7.3468
-7.09218 -6.79979
-7.69117 -6.63681
-7.71246 -6.8504
-7.72684 -6.76796
-7.77918 -6.81393
-7.80562 -6.83209
-7.79704 -6.64793
-7.78558 -6.37974
-7.6356 -4.49017
-7.63106 -4.37308
-7.58258 -4.12848
-7.55779 -3.95272
-7.52555 -3.73125
-7.48402 -3.86548
-7.45604 -3.64509
-7.49628 -3.55444
-7.4551 -3.50721
-7.48245 -3.41675
-7.4206 -3.40927
-7.43525 -3.30909
-7.3997 -3.33492
-7.38522 -3.25769
-7.34367 -3.13703
-7.33027 -3.2203
-7.26832 -3.09251
-7.21374 -2.93137
-7.14705 -2.87968
-7.05817 -2.7565
-7.38405 -3.37698
-7.42121 -3.54243
-7.40703 -3.61825
-7.39351 -3.7615
-7.4596 -3.89921
-7.46052 -3.73336
-7.51011 -4.04848
-7.55948 -4.1132
-7.55985 -4.25765
-7.57434 -4.27312
-7.60349 -4.42446
-7.59985 -4.52025
-7.58057 -4.47727
-7.53825 -4.23137
-7.57137 -4.49013
-7.55227 -4.44168
-7.46934 -4.09686
-7.54704 -4.60231
-7.594 -4.73655
-7.5847 -4.95612
-7.62674 -5.03061
-7.59057 -4.70177
-7.61247 -4.6538
-7.59658 -4.29474
-7.36208 -3.78328
-6.93285 -2.62027
-6.84078 -2.3769
-6.80633 -2.19816
-6.72217 -2.04039
-6.68715 -1.86278
-6.66397 -2.12787
-6.55354 -1.96419
-6.5628 -2.1265
-6.45138 -1.93584
-6.4603 -2.12136
-6.33169 -1.93268
-6.2413 -1.78989
-6.16154 -1.75806
-6.04317 -1.60788
-6.14459 -1.84931
-5.95043 -1.74121
-6.1379 -2.02376
-6.31383 -2.11583
-6.23861 -1.88694
-6.24789 -2.33265
-6.01151 -2.0803
-6.4323 -2.43474
-6.48891 -2.33697
-6.5647 -2.28822
-6.63985 -2.52302
-6.53647 -2.49427
-6.56907 -2.66813
-6.77061 -2.72237
-6.77033 -2.54671
-6.66513 -2.33404
-6.7499 -2.41237
-6.82406 -2.4766
-6.74783 -2.32028
-6.74975 -2.23246
-6.73754 -2.14699
-6.87979 -2.63373
-6.11765 -2.93034
-6.03323 -3.32347
-5.85076 -3.16385
-5.75396 -2.87899
-5.6662 -3.02978
-5.53084 -2.66204
-5.50584 -2.95336
-5.36537 -2.7962
-5.18203 -2.80317
-5.39045 -3.0552
-5.20891 -3.16526
-4.89224 -2.84342
-4.71912 -2.44596
-4.49123 -2.68654
-4.50258 -2.31051
-4.12725 -2.71514
-4.28172 -3.03419
-4.65165 -3.15273
-4.38019 -3.3161
-4.58817 -3.50729
-4.90504 -3.51579
-4.51451 -3.75702
-4.26423 -3.60652
-4.2937 -3.98728
-3.93989 -3.83636
-4.02856 -3.56314
-4.11409 -3.33751
-3.82184 -3.48269
-3.92236 -3.0499
-3.59644 -3.24317
-3.61241 -2.8103
-3.89516 -2.74707
-3.56584 -2.45971
-3.37963 -2.60668
-3.25088 -2.83387
-2.95415 -2.77694
-3.06061 -3.08036
-2.7729 -2.99752
-2.53526 -2.94917
-2.44158 -3.14619
-2.24655 -3.13346
-2.03641 -2.98061
-2.12165 -3.29873
-1.90066 -3.13631
-1.67743 -3.16938
-1.91692 -3.43424
-1.72636 -3.40179
-1.53879 -3.48743
-1.2726 -3.39547
-1.09702 -3.23314
-1.04676 -3.56312
-1.29228 -3.64168
-1.1268 -3.8609
-1.45951 -3.94072
-1.71985 -3.77665
-1.82807 -4.11727
-1.97838 -3.82426
-1.7783 -3.57263
-2.25657 -3.71245
-2.25007 -4.11723
-2.52707 -4.11816
-2.49237 -4.53435
-2.78804 -4.45776
-2.76384 -4.84655
-2.94168 -4.77723
-3.01772 -4.56829
-2.98164 -4.25494
-3.23834 -4.4918
-3.13471 -4.84232
-3.35931 -4.84801
-3.56158 -4.60249
-3.45172 -4.23567
-3.67411 -4.31284
-3.65703 -4.03201
-3.82102 -4.13432
-3.6672 -3.76687
-3.44154 -3.89105
-3.51188 -3.57484
-3.2051 -3.64453
-3.36468 -3.39067
-3.34381 -3.12163
-3.17012 -3.33123
-2.87479 -3.37898
-2.89614 -3.83334
-2.67349 -3.56267
-2.60417 -3.34467
-2.41342 -3.42968
-2.64051 -3.17131
-2.5867 -3.79416
-2.75878 -4.09572
-3.19711 -4.06259
-4.00973 -4.13043
-3.87694 -4.35639
-4.15718 -4.35351
-3.74478 -4.49801
-3.28234 -5.1956
-2.9876 -5.15909
-2.73414 -5.20743
-2.57899 -4.92765
-2.49889 -5.19297
-2.32251 -4.85153
-2.13119 -4.42402
-2.0854 -4.7155
-1.77483 -4.57159
-1.61262 -4.23793
-1.36546 -4.37569
-1.17373 -4.12632
-1.00861 -4.40167
-0.922688 -4.10771
-0.869099 -3.83389
-0.66006 -4.07471
-0.676387 -3.79585
-0.472213 -3.89656
-0.616455 -3.56027
-0.80909 -3.62427
-0.857877 -3.38207
-0.674069 -3.24454
-0.479734 -3.37686
-0.489018 -3.11674
-0.288308 -3.37406
-0.301371 -3.10313
-0.409053 -2.90083
-0.574549 -2.88081
-0.548971 -2.70671
-0.712944 -2.97079
-0.380997 -2.69801
-0.214122 -2.92896
-0.224481 -2.67637
-0.0631528 -2.86681
0.0768375 -2.87027
0.0301208 -3.05066
-0.0640545 -3.06836
0.0332193 -3.30287
0.165287 -3.16419
0.178813 -3.42318
0.283199 -3.38574
0.291085 -3.15945
0.39254 -3.351
0.388583 -3.09389
0.49787 -3.33304
0.484758 -3.06845
0.537451 -3.27804
0.514844 -2.91113
0.429866 -2.82762
0.410905 -2.92129
0.35409 -2.78144
0.306987 -2.85655
0.286435 -2.98003
0.195229 -2.79893
0.232584 -2.7317
0.268743 -2.6775
0.213554 -2.99228
0.653432 -3.24199
0.68941 -3.40329
0.705587 -3.55375
0.6608 -3.44485
0.679309 -3.67765
0.807426 -4.06675
0.878857 -4.06748
1.03266 -4.65462
0.939488 -4.35313
0.978334 -4.57489
1.04165 -4.81345
1.10997 -4.93561
1.11535 -5.10392
1.18251 -5.30153
1.21161 -5.64761
1.16724 -5.42513
1.16068 -5.61339
1.17588 -5.83122
1.14334 -5.74935
1.14073 -5.94967
1.09237 -5.77435
1.11832 -5.57305
1.05996 -5.47285
1.00101 -5.59212
1.02591 -5.93118
0.932913 -5.68551
0.951549 -6.08853
0.847826 -5.74321
0.824952 -5.36578
0.759255 -5.48273
0.703622 -5.11321
0.662191 -5.42346
0.590353 -5.12361
0.563968 -5.35427
0.485155 -5.10559
0.5126 -4.8695
0.42697 -4.86821
0.425466 -4.65239
0.330862 -4.72141
0.348587 -4.49448
0.415346 -4.40749
0.293812 -4.25106
0.263145 -4.49972
0.136402 -4.36017
0.180009 -4.01665
0.0425181 -3.93841
0.134656 -3.67445
-0.0775108 -3.56973
-0.111569 -3.8797
-0.219527 -3.65749
-0.267527 -3.88144
-0.383438 -3.62076
-0.297191 -4.18094
-0.168953 -4.09231
-0.158972 -4.35317
-0.0434699 -4.19763
-0.0180292 -4.59897
0.120289 -4.72436
0.229712 -4.72348
0.199383 -4.98105
0.076232 -4.96386
0.185125 -5.29809
0.0348182 -5.20935
0.079504 -5.51741
-0.122362 -5.30242
-0.0624104 -4.95261
-0.188233 -4.97057
-0.239617 -5.08409
-0.331272 -5.20788
-0.0268912 -5.77681
-0.333438 -4.85476
-0.497902 -4.96993
-0.535189 -4.63547
-0.783333 -4.82596
-0.819055 -5.2537
-1.07683 -5.01808
-1.02536 -5.46181
-1.38349 -5.21243
-1.39493 -4.78553
-1.65762 -4.98732
-2.04284 -5.04189
-1.56705 -5.25756
-1.11952 -4.66522
-0.733817 -4.38963
-0.540574 -4.34633
-0.458323 -4.1887
-0.364589 -4.46415
-0.251907 -4.41159
-0.193413 -4.65831
0.159297 -5.87719
0.223846 -5.63936
0.337877 -5.94823
0.337785 -5.55699
0.305068 -5.20607
0.459704 -5.40018
0.364633 -5.01614
0.277108 -4.95629
0.295433 -4.85315
0.491882 -5.84777
0.614273 -5.70511
0.626617 -6.08759
0.542585 -6.11235
0.474914 -6.13823
0.24268 -6.19449
0.747992 -6.4226
0.740068 -6.05586
0.819448 -6.30019
0.840144 -6.05603
0.756465 -5.74925
0.907309 -6.36329
1.0252 -6.49771
1.0697 -6.27915
1.11004 -6.55394
1.14895 -6.44614
1.11818 -6.12099
1.19813 -6.29864
1.16565 -6.11704
1.19047 -6.09207
1.23754 -6.645
1.24182 -6.95268
1.17176 -6.74087
1.17019 -7.04275
1.1076 -6.77489
1.02766 -6.76433
0.963698 -6.62259
0.953283 -6.88594
0.875215 -6.57926
0.901161 -7.13577
1.2436 -7.21836
-0.147195 -3.21848
0.296662 -3.91555
0.274719 -3.6267
0.361097 -3.79217
0.388902 -3.61207
0.454505 -3.87243
0.505548 -3.74424
0.582972 -4.04084
0.608159 -3.77662
0.53751 -3.64812
0.552429 -3.55038
0.475909 -3.53798
0.572681 -3.49249
0.6023 -3.3755
0.735813 -4.01511
0.687766 -4.09885
0.774364 -4.29949
0.828068 -4.24677
0.896183 -4.39898
0.883661 -4.53391
0.967331 -4.6728
0.974724 -4.82078
0.908501 -4.82135
0.973464 -4.9866
0.956602 -5.07085
0.905585 -5.06272
0.818952 -4.7839
0.826551 -5.07546
0.916331 -5.34776
0.770262 -5.08988
0.74394 -4.8157
0.636043 -4.73932
0.59424 -4.88671
0.526188 -4.61896
0.582381 -4.50413
0.657734 -4.54946
0.590739 -4.31869
0.500575 -4.34213
0.485692 -4.10863
0.398286 -4.15531
0.401214 -3.96064
0.71814 -4.42215
0.821955 -4.5591
0.982847 -5.29386
1.02796 -5.20683
1.09431 -5.38193
1.11039 -5.21345
1.14941 -5.43884
1.0387 -4.93991
1.03292 -5.02705
-0.900445 -3.08666
-2.05741 -4.11328
-2.31043 -5.14283
-4.9975 -3.25694
-5.48154 -3.40588
-5.6572 -3.79081
-5.72222 -3.52399
-5.58676 -3.21657
-5.75378 -3.29892
-5.9272 -3.53207
-5.88727 -3.85591
-6.09503 -3.92408
-6.09882 -3.62486
-6.22194 -4.08543
-4.64139 -2.23702
-5.82107 -2.33338
-5.74316 -2.22348
-5.03354 -1.78959
-4.81374 -1.63618
-4.68424 -1.37356
-4.42116 -1.3992
-4.45131 -1.17369
-4.43987 -0.976863
-4.20907 -1.24211
-4.18796 -1.54458
-3.92717 -1.31931
-3.61812 -1.4012
-3.8622 -1.5712
-4.01443 -1.76179
-1.47037 -2.42528
-4.91154 -0.866636
-3.61405 0.0780267
-3.55295 -0.00885223
-3.79684 -0.0482149
-3.68188 -0.121124
-3.54089 -0.207046
-3.78906 -0.238808
-3.66771 -0.325322
-3.03473 -0.27822
-3.09934 -0.430232
-2.80964 -0.397709
-7.15649 -10.4863
-7.12199 -10.4826
-7.03908 -10.5839
-7.48316 -9.44089
-7.38293 -9.41983
-7.35314 -9.18088
-7.25323 -9.39923
-6.71682 -10.2249
-2.27798 -10.6731
1.33446 -8.38306
-0.310899 -9.63226
-0.218974 -9.74503
-0.267506 -8.82664
-0.384272 -8.78392
-0.52359 -8.69251
-1.46196 -9.13075
-1.91858 -6.84094
-1.7591 -7.00747
-1.47375 -7.07304
-1.47339 -7.41745
-1.26636 -7.3241
-1.00684 -7.46149
-1.3021 -7.64191
-1.10918 -7.7086
-0.937339 -7.80841
-0.618834 -7.61677
-1.18738 -7.92502
-1.50189 -7.98741
-1.57188 -7.65257
-0.38331 -7.86628
-0.18175 -8.07527
-0.0425601 -7.86179
0.016643 -8.07712
0.00437212 -8.33313
0.0851398 -7.91728
-0.383598 -8.07784
-3.79691 -6.27071
-4.49607 -5.31188
-4.27873 -5.18368
-2.28327 -10.4168
-7.85197 -7.37848
-0.391566 -2.06319
-5.24265 -1.11998
-6.85118 -8.67943
-7.45604 -3.64509
0.484758 -3.06845
0.410905 -2.92129
