-8.94816 -1.62058
-9.06799 -1.58725
-9.17092 -1.75051
-9.19515 -1.90756
-9.21963 -2.16827
-9.14675 -2.04589
-9.10392 -2.13311
-9.06746 -1.98941
-8.97513 -1.98483
-9.01504 -2.19297
-9.11373 -2.27698
-9.08387 -2.34477
-9.10018 -2.50573
-9.16668 -2.42717
-9.21932 -2.61538
-9.30129 -2.80497
-9.28384 -2.88645
-9.32028 -2.99279
-9.77569 -3.93003
-9.91342 -4.12456
-9.9839 -4.23955
-10.043 -4.32982
-9.87429 -4.18647
-9.95369 -4.31103
-10.1229 -4.46008
-9.98417 -4.38519
-10.0638 -4.49291
-10.2809 -4.61368
-10.563 -4.73075
-10.756 -4.79626
-10.6347 -4.70711
-10.47 -4.62533
-10.6118 -4.64016
-10.7745 -4.73222
-10.7363 -4.63345
-10.6035 -4.56393
-10.6547 -4.5086
-10.5471 -4.50016
-10.457 -4.40064
-10.5682 -4.35444
-10.7718 -4.44506
-10.6674 -4.30861
-10.5024 -4.19157
-10.6449 -4.15859
-10.8512 -4.34648
-10.83 -4.19752
-10.6929 -3.99571
-10.9428 -4.13155
-11.0171 -4.31305
-11.2237 -4.26269
-11.0553 -4.07142
-10.8565 -3.89791
-11.0724 -3.92467
-11.209 -4.08917
-11.3198 -3.97173
-11.1175 -3.76419
-10.9139 -3.71686
-10.9761 -3.58905
-10.7781 -3.4193
-10.9708 -3.43484
-11.1308 -3.57471
-11.097 -3.3465
-11.3119 -3.51364
-11.2576 -3.24789
-11.523 -3.40929
-11.5491 -3.68814
-11.7126 -3.61501
-11.7762 -3.46732
-11.9369 -3.65401
-11.811 -3.80179
-12.0567 -3.83017
-12.0081 -4.00384
-12.284 -3.94126
-12.2515 -3.71527
-12.5483 -3.87852
-12.5084 -3.69782
-12.691 -3.76048
-12.8262 -3.90404
-12.8765 -3.7052
-12.6372 -3.58445
-12.8113 -3.40414
-13.1068 -3.6066
-13.1346 -3.93338
-13.3853 -3.75551
-13.4205 -3.98719
-13.5096 -3.8707
-13.6912 -3.79278
-13.487 -3.55871
-13.6356 -3.37111
-13.8988 -3.48289
-13.7977 -3.13122
-14.0674 -3.18866
-14.1291 -3.56768
-14.3154 -3.48493
-14.2685 -3.20484
-14.4223 -3.31178
-14.3522 -2.96566
-14.5296 -3.2143
-14.6486 -3.04079
-14.6425 -3.26937
-14.7734 -3.34275
-14.9078 -3.12045
-14.8158 -2.87815
-15.023 -2.79613
-15.1298 -3.15398
-15.2329 -2.9186
-15.1849 -2.721
-15.1371 -2.53859
-15.3144 -2.68372
-15.2627 -2.34193
-15.453 -2.52876
-15.4193 -2.18947
-15.5662 -2.40702
-15.5469 -2.11956
-15.6442 -2.28953
-15.63 -2.04674
-15.673 -2.55689
-15.7154 -2.77468
-15.6151 -2.78297
-15.721 -2.95044
-15.7955 -2.92908
-15.7791 -3.14639
-15.8026 -2.22246
-15.8508 -2.24188
-15.8237 -3.79308
-15.8393 -4.08996
-15.7506 -4.01992
-15.6807 -3.72416
-15.7492 -3.4595
-15.7691 -3.28982
-15.6939 -3.15729
-15.6589 -3.38796
-15.5637 -3.13167
-15.4792 -2.8166
-15.4003 -3.00628
-15.3074 -3.21339
-15.4588 -3.32877
-15.364 -3.49876
-15.2265 -3.40419
-15.0354 -3.502
-15.2578 -3.65043
-15.1606 -3.80556
-14.9832 -3.86218
-14.787 -3.648
-14.5956 -3.43873
-14.5416 -3.70756
-14.4703 -3.49737
-14.3158 -3.84131
-14.5416 -3.98836
-14.7584 -3.97163
-14.6577 -4.18698
-14.8202 -4.18898
-14.9609 -4.14938
-14.8898 -4.25915
-14.9457 -4.33668
-15.1368 -4.30901
-15.1571 -4.04782
-15.3264 -4.18307
-15.326 -3.91827
-15.4657 -4.06385
-15.4602 -3.86442
-15.3934 -3.72601
-15.5004 -3.64956
-15.5723 -3.89152
-15.5877 -3.69544
-15.5853 -3.48672
-15.6603 -4.01164
-15.5902 -4.14846
-15.4818 -4.28264
-15.6179 -4.34262
-15.7008 -4.20438
-15.7367 -4.3794
-15.8109 -4.24282
-15.653 -4.47844
-15.5097 -4.47931
-15.3577 -4.5343
-15.3339 -4.39606
-15.1794 -4.52793
-15.0177 -4.45887
-14.9505 -4.61044
-14.8495 -4.46719
-14.7979 -4.32173
-14.5966 -4.41675
-14.4158 -4.16617
-14.284 -4.34228
-14.2998 -4.21093
-14.1963 -4.09311
-14.0366 -3.80461
-13.9595 -4.00414
-13.8176 -4.09579
-13.6518 -4.02635
-13.5602 -3.94804
-13.5491 -4.06895
-13.4779 -4.14539
-13.3168 -4.15305
-13.4716 -4.27488
-13.6601 -4.22832
-13.5807 -4.44964
-13.3147 -4.34733
-13.3448 -4.53666
-13.0667 -4.41127
-13.1034 -4.19528
-12.8489 -4.22832
-12.932 -4.06652
-12.7176 -4.05177
-12.6041 -4.18297
-12.5014 -4.04498
-12.3197 -4.1412
-12.5176 -4.34773
-12.6958 -4.28834
-12.7933 -4.38234
-12.7104 -4.47695
-12.9057 -4.52606
-12.7677 -4.58602
-12.5572 -4.53322
-12.7097 -4.71366
-12.4125 -4.63315
-12.2148 -4.45127
-12.2276 -4.28393
-12.0004 -4.27994
-12.0847 -4.17254
-11.8807 -4.13416
-11.6331 -3.96599
-11.6973 -4.22842
-11.5086 -4.08904
-11.3379 -3.75547
-11.409 -4.17189
-11.5296 -4.34596
-11.4348 -4.47332
-11.6749 -4.51099
-11.7467 -4.40204
-11.9293 -4.52515
-11.8038 -4.62592
-11.6013 -4.63425
-11.8202 -4.74446
-11.9904 -4.68315
-12.0371 -4.78796
-12.1819 -4.74399
-12.5014 -4.75877
-12.9486 -4.67431
-13.172 -4.75027
-13.1389 -4.60857
-13.3753 -4.7019
-13.5935 -4.77764
-13.5855 -4.6448
-13.7559 -4.73414
-13.8432 -4.62282
-14.1284 -4.69707
-14.3885 -4.76913
-14.2839 -4.65696
-14.2002 -4.54985
-14.419 -4.58081
-14.051 -4.40675
-14.039 -4.2125
-13.8873 -4.28314
-13.8456 -4.43506
-14.0167 -4.55096
-14.5895 -4.6846
-11.6032 -4.75548
-11.4983 -4.79729
-11.318 -4.79637
-11.397 -4.71292
-11.4939 -4.67963
-11.3698 -4.59324
-11.2114 -4.44538
-11.1669 -4.54269
-11.0478 -4.43694
-10.9762 -4.51312
-10.9026 -4.61976
-11.1125 -4.6266
-11.1141 -4.72852
-11.2387 -4.70667
-11.1438 -4.80956
-10.9983 -4.74074
-10.9638 -4.79986
-10.8743 -4.71083
-10.8603 -4.79382
-9.23432 -2.40884
-9.18532 -2.29236
-12.7932 3.20812
-13.0347 3.15266
-12.838 3.09207
-13.0475 3.024
-13.2103 3.04571
-13.3643 2.94443
-14.8668 1.35129
-14.7755 1.54057
-14.7719 1.41399
-14.6401 1.59262
-14.6247 1.77235
-14.2494 2.19031
-14.2939 2.06819
-14.4407 1.93127
-14.37 1.89059
-14.1911 2.06887
-14.1458 2.21796
-13.9869 2.24551
-13.9721 2.40573
-14.1464 2.3076
-13.7359 2.6535
-13.5716 2.78087
-13.4644 2.86826
-13.4073 2.81278
-13.2287 2.93472
-13.2568 2.82646
-13.0982 2.90492
-12.8887 2.97121
-12.9858 2.84033
-13.1915 2.77645
-13.1024 2.70027
-13.2929 2.61475
-13.3996 2.67189
-13.4822 2.50019
-13.6119 2.4956
-13.6095 2.63414
-13.7896 2.44296
-13.7984 2.31282
-13.9441 2.1759
-14.0955 2.05501
-13.9783 2.01338
-14.2011 1.83866
-14.2734 1.89103
-14.3969 1.64592
-14.4058 1.76467
-14.5054 1.69105
-14.4884 1.63132
-14.5324 1.60455
-14.5563 1.54272
-14.5571 1.47189
-14.5244 1.41053
-14.4517 1.45191
-14.3164 1.58668
-14.4382 1.33638
-14.2859 1.43904
-14.1532 1.71637
-14.1276 1.51138
-13.9958 1.79159
-13.7753 1.98336
-13.7727 2.20938
-13.5627 2.29726
-13.6474 2.37852
-13.3845 2.4622
-13.3853 2.34273
-13.216 2.5039
-13.2668 2.27739
-13.0756 2.43566
-13.0047 2.60872
-12.8988 2.75001
-12.8177 2.66433
-12.733 2.76849
-12.5564 2.80763
-9.43821 0.0859815
-9.52042 0.216152
-9.51831 0.101307
-9.60425 0.245684
-9.64694 0.389867
-9.68159 0.301413
-9.77148 0.439047
-9.7409 0.276536
-9.93316 0.584909
-9.87664 0.255578
-10.033 0.472172
-10.1147 0.695627
-10.1904 0.598335
-10.0469 0.22181
-10.279 0.481788
-10.2215 0.224943
-10.3829 0.380268
-10.2986 0.121198
-10.4557 0.283098
-10.4203 0.0637407
-10.6201 0.355904
-10.5669 0.551165
-10.8033 0.751072
-10.8843 0.451703
-11.032 0.838572
-11.0192 1.13368
-10.8322 1.04808
-10.9076 1.31435
-11.0964 1.50555
-11.2698 1.35525
-11.2906 1.68156
-11.1265 1.8417
-10.9433 1.62033
-10.9598 1.85464
-10.8021 1.69758
-10.8622 1.9637
-11.0526 2.05317
-10.9848 2.15984
-11.185 2.28605
-11.2083 2.08932
-11.3656 2.20661
-11.3919 2.38085
-11.5591 2.34241
-11.5118 2.48683
-11.3579 2.53005
-11.5762 2.6329
-11.6912 2.53222
-11.7699 2.71109
-11.9413 2.64014
-11.8323 2.44892
-12.0409 2.47247
-12.0923 2.6055
-12.2191 2.56484
-12.2593 2.35833
-12.4079 2.51484
-12.1963 2.69293
-12.4273 2.71428
-12.6316 2.6977
-12.3185 2.81289
-12.7185 2.58064
-12.8984 2.5224
-12.8036 2.41839
-12.6105 2.47736
-12.7034 2.27962
-12.4956 2.33359
-12.5962 2.15523
-12.7938 2.02171
-12.9277 2.20563
-13.0002 1.98394
-13.1531 2.04962
-13.1656 1.78568
-13.3114 1.86226
-13.3871 1.64683
-13.4981 1.77348
-13.3573 2.0355
-13.5271 1.93505
-13.6263 1.79036
-13.7064 1.57889
-13.563 1.54605
-13.6975 1.33947
-13.8428 1.33323
-13.8946 1.48209
-14.024 1.17274
-14.056 1.38162
-14.199 1.13838
-14.1665 1.31392
-14.2945 1.21984
-13.935 1.6549
-14.3944 0.922292
-14.2295 0.802877
-14.4716 0.63294
-14.5764 0.711078
-14.6501 0.44265
-14.743 0.505292
-14.8443 0.199935
-14.9154 0.320682
-15.0276 0.00891924
-15.045 0.122952
-15.0116 0.329073
-14.9027 0.511638
-14.7931 0.608987
-14.8243 0.751056
-14.9357 0.568009
-14.9078 0.771717
-15.0001 0.495901
-15.0275 0.534276
-14.9324 0.795276
-15.0487 0.534828
-14.9799 0.767798
-15.0622 0.559645
-15.1199 0.398041
-15.2104 0.113043
-15.2445 0.0656613
-14.9868 0.854035
-14.9311 1.02682
-14.9277 0.953485
-14.8718 1.12315
-14.85 1.27597
-14.7867 1.28918
-14.7067 1.43395
-14.7026 1.33142
-14.81 1.14775
-14.779 1.15739
-14.8565 1.01019
-14.9018 0.973238
-14.8661 0.960025
-14.7997 1.02761
-14.6694 1.23618
-14.6678 1.33446
-14.6151 1.44436
-14.6119 1.52694
-14.7645 1.00253
-14.5931 1.21619
-14.7025 0.9717
-14.5779 1.05016
-14.4233 1.21357
-14.4883 0.982323
-14.6539 0.779218
-14.7175 0.831866
-14.5027 1.77246
-15.2883 -0.160679
-15.3337 -0.39692
-15.3 -0.232102
-15.2743 -0.0670227
-15.2879 -0.158139
-15.274 -0.108864
-15.2129 0.12479
-15.3013 -0.180599
-15.327 -0.302724
-15.3394 -0.312102
-15.3797 -0.459551
-15.4064 -0.522334
-15.345 -0.401807
-15.4152 -0.607717
-15.3806 -0.637283
-15.4757 -0.824519
-15.3736 -0.587017
-15.5018 -0.98105
-15.5605 -1.10579
-15.53 -0.933505
-15.4565 -0.710099
-15.4594 -0.71288
-15.5648 -1.06209
-15.4925 -0.8581
-15.3888 -0.493632
-15.4271 -0.643262
-15.3346 -0.327092
-15.2546 -0.0394679
-15.2725 -0.173659
-15.2108 0.065682
-15.1837 0.212181
-15.1188 0.377239
-15.1205 0.366312
-15.1272 0.292255
-15.1949 0.00201404
-15.088 0.280593
-15.1355 0.0373243
-15.2294 -0.185204
-15.2964 -0.293684
-15.3547 -0.453721
-15.3621 -0.531292
-15.2973 -0.42464
-15.3911 -0.73567
-15.2711 -0.551282
-15.1985 -0.226461
-15.1178 -0.260936
-14.9608 -0.100586
-15.0313 -0.315467
-15.1439 -0.48323
-15.0414 -0.487512
-14.863 -0.235204
-14.9235 -0.537168
-14.7559 -0.376191
-14.6179 -0.115236
-14.6937 0.021086
-14.4972 0.220752
-14.6752 0.215747
-14.8182 0.0184022
-14.5402 0.404116
-14.4038 0.507269
-14.2904 0.461053
-14.15 0.59797
-13.9986 0.764109
-14.0384 0.96049
-13.8778 1.08932
-13.8105 0.909485
-13.6756 1.11419
-13.4951 1.36713
-13.4811 1.08975
-13.3361 1.28718
-13.272 1.51408
-13.1594 1.3744
-13.0808 1.60521
-12.9607 1.79951
-12.9388 1.63835
-12.799 1.72087
-12.5741 1.91857
-12.6356 1.6493
-12.4156 1.7134
-12.3695 1.96067
-12.4137 2.15069
-12.1963 2.10621
-12.0681 2.28634
-11.9512 2.11655
-11.921 2.32573
-11.747 2.25007
-11.6996 2.40558
-11.5513 2.05912
-11.7683 1.98266
-11.6507 1.79867
-11.8267 1.7486
-11.9186 1.90053
-12.0813 1.90801
-12.0039 1.71066
-12.195 1.69491
-12.1127 1.51
-12.3209 1.41984
-12.1367 1.23377
-11.9178 1.47581
-11.9169 1.16827
-11.7123 1.31041
-11.7349 1.58867
-11.5787 1.57513
-11.4715 1.78332
-11.4231 1.56009
-11.3341 1.96108
-11.4809 1.3437
-11.348 1.13
-11.1881 1.05688
-11.2388 0.779399
-11.5273 1.05506
-11.4923 0.763152
-11.6554 0.904498
-11.7145 1.07394
-11.8012 1.12801
-11.8305 0.936065
-12.0796 0.899265
-11.9214 0.67493
-11.672 0.638855
-11.8489 0.34959
-12.1399 0.504779
-12.0584 0.194503
-12.2659 0.173882
-12.4484 0.437545
-12.316 0.744924
-12.4721 0.695363
-12.4757 0.927668
-12.6384 0.65377
-12.6995 0.928801
-12.5883 1.0544
-12.6881 1.17935
-12.4949 1.19455
-12.5628 1.43105
-12.3382 1.15227
-12.2693 0.993259
-12.8175 1.42014
-12.9467 1.02997
-13.0314 1.27626
-13.2355 1.06546
-12.9842 1.48119
-13.1354 0.890497
-13.2799 0.727654
-13.4658 0.830602
-13.652 0.873551
-13.6359 0.605939
-13.4652 0.615245
-13.5365 0.454183
-13.6693 0.300932
-13.7944 0.471585
-13.877 0.24925
-13.9412 0.495806
-13.8131 0.690226
-14.0666 0.512058
-14.0811 0.25526
-14.176 0.411857
-14.302 0.184151
-14.1968 -0.0441325
-14.4079 -0.144386
-14.4547 0.0445601
-14.5942 -0.394919
-14.3993 -0.495571
-14.593 -0.661872
-14.779 -0.627649
-14.7145 -0.803764
-14.857 -0.882549
-14.9717 -0.793496
-15.0023 -1.03582
-15.1375 -0.977136
-15.1066 -0.732349
-15.2455 -0.939659
-15.2578 -1.12592
-15.3408 -1.09738
-15.3297 -1.34815
-15.4243 -1.22461
-15.454 -1.48376
-15.3579 -1.69303
-15.2319 -1.51674
-15.1533 -1.26035
-15.0466 -1.57201
-14.9429 -1.27514
-14.8683 -1.07782
-14.7757 -1.22499
-14.7589 -1.52751
-14.5756 -1.26308
-14.707 -1.0158
-14.5316 -1.03222
-14.602 -0.864283
-14.4454 -0.825828
-14.4093 -1.05531
-14.4607 -1.16082
-14.3315 -1.27011
-14.2967 -0.960956
-14.1168 -1.09298
-14.1915 -0.789651
-14.0661 -0.685772
-14.2012 -0.506907
-14.3034 -0.711881
-14.2606 -0.276915
-14.1407 -0.252685
-13.9785 -0.103092
-14.0604 -0.396491
-13.9193 -0.490109
-13.7398 -0.276519
-13.7669 0.0392029
-13.5482 -0.0104222
-13.4936 0.284447
-13.3116 0.207616
-13.3825 0.464014
-13.184 0.493431
-13.0719 0.738384
-13.0013 0.541958
-12.8667 0.729803
-12.8377 0.464937
-12.6701 0.384365
-12.6038 0.145506
-12.4472 0.135925
-12.5084 0.0172679
-12.58 -0.121937
-12.7369 -0.0493782
-12.7251 -0.384673
-12.4866 -0.354084
-12.3811 -0.108939
-12.2522 -0.463951
-12.0778 -0.14811
-12.023 -0.475975
-12.0493 -0.707281
-12.2443 -0.732781
-12.1353 -0.918705
-12.3088 -0.84632
-12.4659 -0.677714
-12.3795 -1.02736
-12.5974 -0.875648
-12.6925 -0.699176
-12.781 -0.886131
-12.6542 -1.07606
-12.869 -1.09826
-12.7539 -1.31561
-12.9825 -1.29536
-12.921 -1.51967
-13.1089 -1.4691
-13.1085 -1.75554
-13.3293 -1.52761
-13.1591 -1.25924
-13.3044 -1.16151
-13.1542 -0.995607
-13.3116 -0.875061
-13.5184 -1.17031
-13.4642 -0.704651
-13.6199 -0.812519
-13.5992 -0.502318
-13.7605 -0.662413
-13.5826 -0.273654
-13.4305 -0.342268
-13.3297 -0.0823572
-13.1829 -0.305484
-13.1643 0.00315011
-13.0404 0.264268
-12.9485 -0.0965889
-12.8096 0.190811
-12.9705 -0.421733
-12.8816 -0.660685
-13.1145 -0.671762
-12.9767 -0.903352
-13.0341 -1.10936
-13.3027 -0.573245
-13.7516 -1.0646
-13.9199 -0.876303
-13.9297 -1.29382
-14.0811 -1.47945
-14.1819 -1.36918
-14.248 -1.60195
-14.4742 -1.60101
-14.3609 -1.9915
-14.1274 -1.84434
-14.2089 -2.35915
-13.981 -1.94689
-13.9711 -1.63796
-13.7812 -1.60195
-13.8693 -2.02817
-13.7064 -2.03371
-13.566 -1.64578
-13.4916 -1.90798
-13.3226 -1.87361
-13.4045 -2.10988
-13.5622 -2.28417
-13.7395 -2.41172
-13.9202 -2.36927
-13.8501 -2.76949
-14.0988 -2.786
-14.1928 -3.04205
-14.4857 -2.70057
-14.4408 -2.44405
-14.6113 -2.55547
-14.679 -2.77416
-14.8002 -2.65112
-14.7182 -2.43777
-14.9163 -2.44099
-14.7574 -2.24755
-14.9508 -2.13071
-14.7726 -2.05743
-14.8748 -1.84845
-15.1108 -1.90027
-15.1392 -2.14227
-15.2616 -2.06218
-15.2678 -1.86292
-15.3596 -1.9494
-15.4614 -1.92261
-15.4844 -1.70898
-15.5655 -1.84535
-15.5505 -1.55547
-15.6138 -1.67387
-15.5487 -1.36066
-15.5263 -1.23352
-15.5141 -1.20129
-15.4854 -0.99868
-15.4467 -1.05233
-15.3636 -0.832291
-15.3808 -0.992544
-15.3106 -0.789846
-15.2292 -0.646736
-15.1572 -0.624822
-15.2354 -0.777218
-15.3084 -0.925335
-15.5016 -1.32242
-15.4399 -0.728025
-15.5354 -1.00118
-15.5768 -1.32855
-15.6029 -1.2358
-15.6337 -1.46383
-15.6586 -1.54347
-15.6509 -1.4312
-15.7077 -1.69173
-15.7272 -1.74611
-15.7634 -1.95987
-15.7946 -2.00453
-15.7126 -1.71274
-15.674 -1.57726
-15.6298 -1.37097
-15.6081 -1.23134
-15.6787 -1.5109
-15.7196 -1.79011
-15.7516 -2.02764
-15.707 -1.87945
-15.6846 -1.65972
-15.6423 -1.85869
-15.2122 -1.70758
-15.079 -2.31055
-14.6283 -1.92192
-14.6698 -2.12843
-14.5626 -2.26138
-14.3844 -2.27622
-13.9919 -2.17962
-13.6468 -2.60825
-13.6883 -2.87681
-13.624 -3.06932
-13.4981 -2.78905
-13.4761 -3.13992
-13.3402 -2.96703
-13.2516 -2.6722
-13.1633 -2.96425
-13.108 -2.76777
-13.0487 -2.58466
-12.9508 -2.82455
-12.8294 -2.52031
-12.6297 -2.75092
-12.62 -2.41613
-12.332 -2.45129
-12.5329 -2.16659
-12.7752 -2.24417
-12.7219 -2.00979
-12.9728 -2.07537
-12.9606 -2.35096
-13.1659 -2.37775
-13.2365 -2.09551
-12.8009 -1.76229
-13.3723 -2.41447
-13.2716 -2.48688
-12.494 -1.85733
-12.5948 -1.63559
-12.3763 -1.60464
-12.549 -1.44663
-12.7302 -1.53236
-12.5277 -1.245
-12.2897 -1.35938
-12.0411 -1.18008
-11.7935 -0.958282
-11.6749 -1.33402
-11.5358 -1.12625
-11.5164 -0.951569
-11.6085 -0.734254
-11.8389 -0.631111
-11.6874 -0.465523
-11.8848 -0.38411
-11.7869 -0.172901
-11.9161 0.0648279
-11.7622 0.0780962
-11.6331 0.183524
-11.6256 0.37748
-11.5004 0.246607
-11.4554 0.411498
-11.4903 0.598716
-11.3285 0.534743
-11.2237 0.239235
-11.0775 0.334676
-10.8029 0.0335734
-10.6048 0.0571929
-10.5703 -0.274635
-10.3573 -0.261155
-10.2205 -0.133382
-10.1578 -0.363269
-10.0312 -0.298188
-10.1115 -0.0154626
-9.90353 -0.176556
-9.80144 -0.0478247
-9.69313 0.0164594
-9.62762 -0.213744
-9.67372 -0.382239
-9.50192 -0.434583
-9.52103 -0.597942
-9.60927 -0.687011
-9.44808 -0.810295
-9.55331 -0.989324
-9.40951 -1.04005
-9.3018 -0.897142
-9.38949 -0.662312
-9.27123 -0.712811
-9.33102 -0.513971
-9.21636 -0.669545
-9.18497 -0.542055
-9.33449 -0.357885
-9.49485 -0.232957
-9.41612 -0.187686
-9.57543 0.0466316
-9.65951 0.215167
-9.61493 0.190131
-9.44823 -0.0539488
-9.38932 -0.0401917
-9.32567 -0.191889
-9.24743 -0.168839
-9.17177 -0.37102
-9.09051 -0.3325
-9.07808 -0.92401
-9.05795 -1.17689
-9.17206 -1.04782
-9.17237 -1.30175
-9.29128 -1.18493
-9.28352 -1.52682
-9.45556 -1.31839
-9.41502 -1.55937
-9.52756 -1.64317
-9.62195 -1.41208
-9.69315 -1.61527
-9.73128 -1.44209
-9.74699 -1.24843
-9.87785 -1.49226
-9.91723 -1.16416
-10.0375 -1.30316
-10.1029 -1.03827
-10.2103 -1.31619
-10.0807 -1.51062
-10.2421 -1.61279
-10.2987 -1.43182
-10.3468 -1.30291
-10.3953 -1.4853
-10.4701 -1.25686
-10.569 -1.51725
-10.6074 -1.22346
-10.7305 -1.33633
-10.7334 -1.61207
-10.8832 -1.47713
-10.8822 -1.81379
-11.0623 -1.61134
-11.0558 -1.83629
-11.2613 -1.79985
-11.092 -2.12839
-11.3688 -2.05909
-11.511 -1.88482
-11.547 -1.6412
-11.7926 -1.8078
-11.6585 -2.1202
-11.9579 -2.0221
-12.146 -1.79276
-11.9755 -1.63569
-12.1575 -1.56611
-11.987 -1.44301
-11.7911 -1.57525
-11.3234 -1.43661
-11.4462 -1.254
-11.3034 -1.0805
-11.0736 -1.30503
-11.064 -1.02699
-11.188 -0.687865
-11.4022 -0.805472
-11.4603 -0.544861
-11.3695 -0.266525
-11.5746 -0.300404
-11.5937 -0.0644246
-11.4476 0.0428509
-11.2766 -0.0593207
-11.3411 0.159523
-11.1779 0.00573349
-10.9883 -0.058086
-11.1073 -0.297026
-10.869 -0.445378
-10.7363 -0.329152
-10.673 -0.685263
-10.5656 -0.533296
-10.3841 -0.599575
-10.4983 -0.765629
-10.3458 -1.00805
-10.2071 -0.790926
-10.1914 -0.554437
-10.0555 -0.766112
-10.0189 -0.544852
-9.8891 -0.761055
-9.8221 -0.523745
-9.72005 -0.829977
-9.81047 -0.992907
-9.94824 -0.937056
-9.68415 -1.04995
-9.60383 -1.20168
-10.5493 -0.991553
-10.7358 -1.00306
-10.8251 -0.723769
-10.9331 -0.871391
-10.8909 -1.17225
-10.9712 -0.603954
-12.2396 -2.09311
-11.9618 -2.3201
-12.072 -2.60058
-11.8349 -2.59304
-11.6835 -2.39926
-11.4163 -2.38058
-11.6144 -2.60167
-11.4582 -2.79235
-11.1618 -2.58341
-10.9127 -2.46025
-10.8234 -2.13229
-10.6348 -1.91177
-10.6639 -2.36692
-10.4103 -2.18316
-10.4171 -1.77411
-10.2461 -1.92656
-10.0359 -1.82359
-10.1335 -2.23207
-9.86937 -2.14649
-9.80098 -1.8293
-9.62891 -1.86198
-9.71532 -2.02671
-9.60767 -2.06307
-9.49433 -1.97672
-9.39667 -1.7474
-9.39044 -1.93383
-9.30739 -1.8359
-9.17978 -1.77374
-9.15321 -1.51293
-9.06754 -1.5942
-9.09005 -1.39166
-8.99788 -1.3956
-8.95127 -1.20824
-8.91759 -1.35232
-8.87568 -1.25295
-8.91033 -1.48807
-8.89666 -1.64182
-8.96553 -1.56771
-9.07106 -1.81694
-9.08509 -2.10709
-9.25022 -2.05064
-9.20912 -2.28535
-9.30423 -2.25532
-9.37689 -2.11082
-9.33875 -1.98477
-9.39422 -2.34247
-9.4674 -2.21359
-9.56703 -2.21998
-9.50953 -2.40199
-9.63439 -2.42508
-9.68921 -2.2203
-9.78385 -2.42554
-9.71712 -2.64301
-9.87 -2.65951
-9.81998 -2.86258
-9.94855 -2.85479
-9.96503 -3.077
-10.086 -2.96574
-10.0308 -2.72157
-10.2302 -2.83859
-10.2287 -3.09587
-10.3885 -3.12923
-10.4703 -2.86142
-10.5671 -3.18953
-10.5387 -3.44029
-10.6898 -3.05788
-10.8939 -3.20887
-10.827 -2.90718
-11.0392 -3.0482
-10.9374 -2.75297
-11.0931 -2.82011
-11.0156 -2.64962
-11.2529 -2.86397
-11.2023 -3.01961
-11.393 -3.09174
-11.7041 -3.17096
-11.7605 -2.84523
-12.0381 -3.09678
-11.9858 -2.79934
-12.2767 -2.85878
-12.3294 -3.19694
-12.5722 -3.11585
-12.8488 -3.08672
-12.5173 -3.37149
-13.081 -3.29995
-13.0395 -3.07763
-13.1442 -3.15304
-13.2825 -3.21135
-13.2967 -3.47715
-13.4396 -3.36459
-12.3605 -3.36253
-12.2245 -3.32919
-12.3661 -3.50966
-12.0377 -3.43099
-10.7894 -2.63868
-10.6497 -2.72866
-10.4949 -2.53254
-10.3067 -2.53557
-10.1265 -2.55671
-9.96229 -2.45679
-10.7373 -3.64804
-10.6152 -3.7349
-10.4748 -3.79711
-10.4138 -3.57021
-10.3156 -3.64144
-10.2343 -3.4386
-10.3221 -3.3183
-10.1464 -3.20439
-10.0691 -3.32349
-9.93218 -3.25231
-9.80599 -3.0866
-9.85288 -3.3664
-9.65425 -3.11226
-9.67609 -2.85961
-9.51972 -2.83575
-9.57466 -2.62498
-9.43528 -2.57116
-9.30381 -2.48705
-9.38125 -2.72222
-9.32024 -2.68144
-9.23762 -2.60685
-9.20256 -2.46403
-9.1279 -2.36258
-9.1445 -2.49412
-9.08872 -2.47452
-9.03541 -2.38103
-9.02834 -2.54161
-9.03103 -2.6644
-9.11393 -2.61559
-9.09718 -2.74571
-9.16502 -2.76811
-9.18561 -2.68207
-9.22159 -2.7889
-9.22085 -2.68047
-9.18726 -2.58463
-9.27539 -2.75592
-9.30011 -2.94306
-9.3532 -2.84387
-9.40626 -3.05973
-9.36582 -3.1673
-9.45033 -3.28805
-9.42887 -3.37012
-9.52808 -3.51815
-9.4917 -3.52477
-9.58788 -3.68892
-9.70463 -3.74791
-9.61904 -3.56164
-9.56853 -3.39195
-9.72408 -3.58022
-9.6909 -3.36144
-9.80663 -3.51387
-9.9227 -3.58524
-10.0559 -3.62034
-10.0089 -3.42077
-10.1625 -3.54545
-10.3045 -3.81506
-10.1624 -3.82883
-10.2991 -4.01704
-10.4541 -4.03877
-10.5097 -3.97511
-10.3775 -4.21873
-10.1637 -4.05681
-10.1367 -3.90611
-10.0076 -3.86557
-10.0213 -3.75427
-9.87699 -3.68842
-9.85988 -3.80393
-9.90083 -3.9555
-10.0008 -3.9626
-10.0766 -4.11462
-10.262 -4.25323
-10.1742 -4.2813
-9.98784 -4.12053
-10.1033 -4.29908
-10.2833 -4.46227
-10.3274 -4.39434
-10.4673 -4.5222
-10.3081 -4.58995
-10.1341 -4.43694
-10.1819 -4.53828
-10.0529 -4.4748
-9.95936 -4.3904
-9.90854 -4.33009
-9.98085 -4.33005
-10.0233 -4.2956
-9.91342 -4.18351
-9.86354 -4.19103
-9.76375 -4.04465
-9.75628 -4.07196
-9.67395 -3.94951
-9.6404 -3.84527
-9.74004 -3.94932
-9.72198 -3.86736
-9.84598 -4.0434
-9.8296 -3.94609
-9.97374 -4.1943
-9.4804 -3.62131
-9.55166 -3.78353
-9.42823 -3.57468
-9.37603 -3.39964
-9.42449 -3.43723
-9.35719 -3.26713
-9.26757 -3.16077
-9.2891 -3.07408
-9.21352 -3.00833
-9.21355 -2.91152
-9.14316 -2.88241
-9.18508 -3.01041
-9.18068 -3.07072
-9.18774 -3.13501
-9.23528 -3.182
-9.30254 -3.30566
-9.25715 -3.26044
-9.31801 -3.40825
-9.27389 -3.38487
-9.18269 -3.19454
-9.08569 -2.9737
-9.10439 -3.06384
-9.21701 -3.20235
-9.15985 -3.08197
-9.28583 -3.24432
-9.33392 -3.34587
-9.32204 -3.39143
-9.43027 -3.50797
-9.40952 -3.54995
-9.52146 -3.6645
-9.53665 -3.63619
-9.62691 -3.79674
-9.59889 -3.82569
-9.74578 -3.99652
-9.68353 -3.7616
-9.57977 -3.66004
-9.59698 -3.59044
-9.4964 -3.42613
-9.48035 -3.48292
-9.36167 -3.29432
-9.39661 -3.40732
-9.24327 -3.13962
-9.26274 -3.10553
-9.38828 -3.23483
-9.28841 -3.05157
-9.18216 -2.91152
-9.15262 -2.96235
-9.07625 -2.80491
-8.99596 -2.64884
-8.95611 -2.49769
-8.86679 -1.88507
-8.91041 -1.80012
-8.95071 -1.70099
-9.01594 -1.84513
-9.04204 -1.71402
-9.11229 -1.82142
-9.11976 -1.938
-8.88114 -2.05637
-8.9682 -2.39677
-8.93699 -2.2276
-9.08034 -2.67481
-9.19656 -2.73075
-9.21871 -2.8785
-9.49686 -3.54776
-9.54303 -3.57352
-9.7345 -4.03512
-9.81136 -4.16589
-9.66056 -3.95613
-9.77799 -4.14091
-9.65076 -3.97628
-9.5128 -3.78414
-9.50884 -3.74207
-9.3899 -3.5731
-9.38667 -3.59554
-9.47283 -3.73553
-9.43835 -3.683
-9.5712 -3.86828
-9.55354 -3.82216
-9.63317 -3.94743
-9.66826 -3.98529
-9.7376 -4.09133
-9.81182 -4.16139
-9.86556 -4.27084
-9.8921 -4.31392
-9.87702 -4.27975
-9.45083 -3.65652
-9.35542 -3.53667
-9.3825 -3.52482
-9.36619 -3.44
-9.33928 -3.53033
-9.29979 -3.44325
-9.23217 -3.31209
-9.28586 -3.42236
-9.19617 -3.26261
-9.16574 -3.20024
-9.10984 -3.13836
-9.1531 -3.17315
-9.10035 -3.09021
-9.18161 -3.19907
-9.26293 -3.35746
-9.27304 -3.33765
-9.57703 -3.22369
-9.51294 -3.05509
-9.49963 -3.20228
-9.42539 -2.90591
-9.18075 -0.828619
-9.12266 -0.741592
-9.28776 -0.331816
-13.5251 -2.52229
-12.8829 1.56777
-12.2503 1.88333
-15.1089 -0.0462447
-13.7684 1.74404
-13.644 1.92413
-13.5051 2.12378
-13.2199 2.16406
-13.0996 2.25989
-12.9593 2.37489
-12.0614 2.80055
-11.8679 2.92256
-11.6819 2.9368
-11.5017 2.81491
-10.4412 1.94289
-10.5526 2.06677
-10.5321 1.91383
-10.3841 1.80568
-10.427 1.73712
-10.2912 1.622
-10.1913 1.47937
-10.0829 1.35708
-9.9442 1.16086
-9.74843 0.727359
-9.83972 0.933638
-9.89576 0.809376
-9.98722 1.01376
-10.0969 1.22327
-10.1262 1.07691
-10.2459 1.32145
-10.1782 1.37808
-10.2583 1.47822
-10.3952 1.54134
-10.3856 1.34373
-10.5717 1.45982
-10.4165 1.1999
-10.2657 1.13639
-10.2763 0.918976
-10.1232 0.884339
-10.0054 0.849959
-9.91691 0.71583
-9.79785 0.608004
-10.4301 1.05746
-10.499 1.21709
-10.5644 1.09324
-10.7534 1.40589
-10.6984 1.78148
-10.5515 1.74545
-10.6933 1.95058
-10.8301 2.13164
-10.6815 2.0918
-10.8039 2.22738
-10.9775 2.31332
-10.8511 2.35611
-11.0515 2.50505
-11.1596 2.44713
-11.2244 2.57127
-11.3499 2.68472
-11.4881 2.69755
-11.675 2.79821
-10.6904 2.2161
-10.7511 1.15024
-10.6645 0.881433
-10.4724 0.6955
-10.3756 0.806959
-11.9052 2.75704
-13.8739 2.19273
-13.7889 2.54007
-13.8666 2.54445
-11.2593 -4.63923
-14.7301 -4.5907
-14.5827 -4.57699
-12.324 -4.71432
-12.1748 -4.62459
-11.9158 -4.38459
-12.9486 -4.67431
-11.9413 2.64014
-9.90854 -4.33009
-9.21701 -3.20235
-9.21701 -3.20235
