-15.2445 0.0656613
-14.8668 1.35129
-14.7755 1.54057
-14.6247 1.77235
-14.1464 2.3076
-13.8666 2.54445
-13.7359 2.6535
-13.4644 2.86826
-13.3643 2.94443
-13.2103 3.04571
-13.0347 3.15266
-12.7932 3.20812
-11.6819 2.9368
-11.5017 2.81491
-11.0515 2.50505
-10.8511 2.35611
-10.6904 2.2161
-10.5526 2.06677
-10.4412 1.94289
-9.9442 1.16086
-9.09051 -0.3325
-8.87568 -1.25295
-8.86679 -1.88507
-8.88114 -2.05637
-8.95611 -2.49769
-9.10984 -3.13836
-9.33928 -3.53033
-9.43835 -3.683
-9.47283 -3.73553
-9.8921 -4.31392
-9.95936 -4.3904
-10.0638 -4.49291
-10.2809 -4.61368
-10.563 -4.73075
-10.756 -4.79626
-11.1438 -4.80956
-14.3885 -4.76913
-15.653 -4.47844
-15.7367 -4.3794
-15.8109 -4.24282
-15.8393 -4.08996
-15.8508 -2.24188
-15.6787 -1.5109
-15.6081 -1.23134
-15.5648 -1.06209
-15.53 -0.933505
