-3.37167 2.46947
-3.46848 2.61111
-3.54771 2.7785
-3.52661 2.58911
-3.5923 2.65148
-3.69916 2.88511
-3.66121 2.49797
-3.53184 2.44537
-3.55843 2.24873
-3.63088 2.18247
-3.56497 2.10951
-3.56302 1.96457
-3.51176 2.04316
-3.45308 1.78559
-3.43319 1.97295
-3.44379 2.18747
-3.37843 2.00728
-3.33835 2.08812
-3.34384 2.24991
-3.45308 2.43135
-3.31322 1.93619
-3.27724 1.73706
-5.56655 6.70754
-5.79429 6.76576
-6.0344 6.78535
-6.11368 6.92781
-6.33754 6.97211
-6.58264 7.03263
-6.77997 6.93757
-6.50649 6.89609
-6.67438 6.8026
-6.46023 6.74049
-6.27259 6.83
-6.22846 6.60153
-5.93283 6.67218
-6.00092 6.53839
-5.77509 6.59005
-5.74494 6.68621
-5.63762 6.64586
-4.34487 5.51262
-4.46845 5.74576
-4.76664 6.21345
-4.90561 6.2737
-4.84868 6.0968
-4.95143 6.19571
-5.03443 6.07559
-4.85639 5.87055
-4.75345 5.93871
-4.69172 6.0262
-4.63058 5.82738
-4.74007 5.81137
-4.67522 5.68994
-4.53212 5.58239
-4.65659 5.50989
-4.7654 5.67006
-4.77868 5.42421
-4.87465 5.64304
-5.00519 5.75534
-4.95948 5.45513
-5.1153 5.59197
-5.20332 5.84127
-5.28386 5.54708
-5.13182 5.35012
-5.31367 5.22763
-5.46264 5.42052
-5.43907 5.62758
-5.61261 5.60576
-5.50541 5.80316
-5.35906 5.761
-5.38801 5.96765
-5.26508 6.13413
-5.17692 6.29758
-5.02333 6.28473
-5.10941 6.41471
-4.98659 6.38447
-5.26813 6.45186
-5.44938 6.51324
-5.39861 6.34389
-5.63041 6.46003
-5.59864 6.57617
-5.8564 6.44646
-5.75186 6.33908
-5.91107 6.2641
-6.04848 6.37148
-6.09409 6.13934
-6.25882 6.29122
-6.13667 6.46646
-6.49202 6.35272
-6.50647 6.05987
-6.60924 6.16639
-6.70953 6.2295
-6.66423 6.44513
-6.87061 6.28842
-6.89994 6.08278
-6.9416 6.17429
-7.04884 6.13073
-7.0339 6.40025
-7.24033 6.16019
-7.28826 6.34912
-7.14126 6.60457
-7.40997 6.49411
-7.2859 6.66569
-7.15244 6.7693
-6.99267 6.76676
-6.99889 6.87544
-6.85187 6.82833
-7.05074 6.97256
-7.20724 6.8626
-7.31124 6.93587
-7.82391 6.77026
-8.04304 6.65292
-8.99083 5.9857
-8.22935 6.57223
-8.33426 6.44481
-8.15663 6.51459
-7.93835 6.58072
-8.1457 6.41849
-8.28253 6.40087
-8.32445 6.28875
-8.4618 6.29135
-8.48033 6.1598
-8.64761 6.1046
-8.64996 6.21712
-8.50166 6.35208
-8.81241 6.1256
-8.76075 6.09892
-8.87186 6.02305
-8.82502 5.99193
-8.75487 5.93653
-8.59196 5.94755
-8.79541 5.75513
-8.90825 5.83015
-8.98386 5.6266
-9.05535 5.70162
-9.16775 5.4765
-9.16538 5.60238
-9.27688 5.46225
-9.2326 5.60085
-9.11253 5.73277
-9.19192 5.72449
-9.7072 5.05097
-9.73998 4.91055
-9.80735 4.85942
-9.80575 4.75916
-9.86772 4.65953
-10.0332 4.05855
-9.97262 4.28802
-9.92858 4.45622
-9.9039 4.46011
-9.85411 4.60989
-9.94294 4.54394
-9.85852 4.55739
-9.78084 4.74409
-9.81241 4.57229
-9.7027 4.84241
-9.70171 4.9301
-9.45148 5.21589
-9.34206 5.43595
-9.34778 5.33838
-9.34889 5.21319
-9.54699 4.92444
-9.57849 5.02009
-9.68526 4.78357
-9.63206 4.97375
-9.68613 4.64094
-9.59776 4.62542
-9.43747 4.9094
-9.49426 4.66766
-9.32769 4.91476
-9.39141 4.64164
-9.2399 4.84421
-9.14542 5.13372
-9.25619 5.09296
-9.32054 5.07756
-9.22355 5.239
-9.0681 5.40698
-8.948 5.37713
-8.89952 5.56324
-8.80243 5.55668
-8.79694 5.6539
-8.68112 5.73018
-8.66445 5.59442
-8.56768 5.74784
-8.47851 5.64963
-8.44262 5.89243
-8.56564 5.83341
-8.38384 6.1143
-8.27525 6.0554
-8.1668 6.25513
-8.09371 6.08657
-7.93998 6.34608
-7.87252 6.21406
-7.76296 6.38237
-7.656 6.31692
-7.59879 6.53027
-7.76872 6.49705
-7.66293 6.60976
-7.51909 6.6915
-7.67195 6.71071
-7.7803 6.58187
-7.88727 6.49507
-8.01449 6.42596
-7.56842 6.86764
-7.43318 6.81612
-7.33233 6.75387
-7.42569 6.64145
-7.50097 6.26014
-7.65454 6.14326
-7.78146 6.11314
-7.75081 5.91561
-7.96432 5.94509
-7.96417 5.69837
-8.13303 5.7005
-8.15073 5.86488
-8.28898 5.88209
-8.28519 5.6949
-8.40447 5.52597
-8.5607 5.4034
-8.65185 5.46488
-8.75088 5.27503
-8.80067 5.41153
-8.94543 5.19747
-8.87401 5.01036
-8.65238 5.17909
-8.72523 4.92685
-8.54194 5.10669
-8.42444 5.33963
-8.34483 5.14649
-8.16944 5.45917
-8.28069 5.54301
-8.08188 5.26594
-7.94884 5.50284
-7.82797 5.67778
-7.78618 5.54841
-7.66817 5.7181
-7.54775 5.93176
-7.46128 5.76461
-7.38729 5.9811
-7.25554 5.93599
-7.42442 6.1316
-7.29259 5.7307
-7.08617 5.8546
-6.90126 5.88586
-6.72979 6.01271
-6.81032 5.80887
-6.66625 5.84802
-6.50076 5.7359
-6.28783 5.96906
-6.25871 5.69378
-6.39173 5.49997
-6.61128 5.44431
-6.44953 5.29034
-6.67126 5.17881
-6.47898 5.02742
-6.7381 4.88837
-6.56622 4.87482
-6.61253 4.74585
-6.79495 4.55671
-6.5415 4.55084
-6.71423 4.22377
-6.98741 4.24608
-7.03546 4.48876
-7.24944 4.25285
-7.18536 4.66813
-7.4371 4.4046
-7.41602 4.66981
-7.61189 4.52459
-7.66839 4.17878
-7.85258 4.34064
-7.88464 4.05867
-7.96745 4.16166
-8.08348 4.23775
-7.97518 4.49955
-8.16127 4.47382
-7.9947 4.71616
-8.19569 4.71601
-8.03394 4.90448
-7.82483 4.9657
-7.9543 5.12097
-8.20103 4.97122
-7.85696 5.36375
-7.73374 5.23461
-7.63434 5.50328
-7.49751 5.32472
-7.42279 5.56843
-7.21716 5.52271
-7.33136 5.22876
-7.12872 5.28333
-6.99592 5.48485
-6.9669 5.69083
-6.77788 5.61812
-6.88015 5.30633
-7.08843 5.03261
-7.25078 5.0985
-7.3092 4.89447
-7.38186 5.02877
-7.52214 4.83764
-7.50315 5.08271
-7.65217 4.94499
-7.63975 5.11238
-7.77886 4.6993
-6.97016 4.87694
-6.87208 5.06512
-6.9462 4.70241
-8.38486 4.71154
-8.36993 4.46458
-8.56266 4.47303
-8.54412 4.20348
-8.72078 4.2194
-8.69281 3.98867
-8.85266 3.95671
-8.78591 3.69486
-8.53415 3.89998
-8.5947 3.56484
-8.37172 3.74013
-8.3716 3.94785
-8.33407 4.17464
-8.23322 3.9838
-8.05551 4.00154
-8.17733 3.80216
-7.99218 3.76539
-7.78879 3.89987
-7.79476 3.61751
-7.6188 3.89302
-7.47844 4.12589
-7.41608 3.91441
-7.18111 3.91695
-7.38278 3.6716
-7.57036 3.63858
-7.49945 3.35185
-7.69513 3.39187
-7.71942 3.06096
-7.87673 3.27496
-8.02059 3.45061
-8.08586 3.15485
-8.13845 3.35295
-8.22194 3.51605
-8.2208 3.26059
-8.38187 3.24749
-8.28172 2.98923
-8.51966 2.92146
-8.33839 2.49661
-8.12046 2.74445
-7.92992 2.92605
-7.94228 2.48686
-7.81017 2.73548
-7.64359 2.67383
-7.54078 3.0135
-7.46933 2.82364
-7.32942 3.13533
-7.2255 3.53666
-7.15461 3.3413
-6.97065 3.53287
-7.02968 3.78014
-6.94763 4.01233
-6.81125 3.87176
-6.53698 3.96678
-6.40669 4.30382
-6.22981 4.0128
-6.15756 4.40009
-6.31374 4.62143
-6.1076 4.7254
-6.27494 4.89729
-6.10525 4.97399
-6.23346 5.19207
-6.0249 5.12823
-6.03431 5.35509
-6.21391 5.45838
-6.05879 5.61418
-6.09274 5.87504
-5.91021 5.78449
-5.92766 6.03233
-5.76766 5.93169
-5.75984 6.15702
-5.58436 6.02933
-5.59191 6.26948
-5.44258 6.16559
-5.64645 5.82226
-5.75585 5.73415
-5.83811 5.51788
-5.65193 5.32689
-5.85206 5.20805
-5.66467 5.01542
-5.50836 5.19234
-5.4461 4.98403
-5.25648 4.95961
-5.15441 5.13004
-5.10559 4.96543
-4.99561 5.14609
-4.85079 5.232
-4.71982 5.12007
-4.63627 5.28335
-4.6266 5.1096
-4.53728 5.11714
-4.53281 5.34749
-4.41696 5.15385
-4.40285 5.36101
-4.30305 5.31292
-4.0836 5.02294
-4.21073 5.23684
-4.17316 5.12296
-4.23607 5.17936
-4.3187 5.17726
-4.19998 5.00505
-4.32656 4.98178
-4.41745 4.84906
-4.30578 4.78251
-4.23385 4.86046
-4.2095 4.6981
-4.13937 4.77823
-4.07616 4.85295
-3.99076 4.39943
-4.05898 4.64366
-4.06617 4.74297
-4.12576 4.58508
-4.10047 4.4565
-4.1095 4.31439
-4.02336 4.12276
-3.85838 3.99422
-3.97262 3.92636
-4.04796 3.95779
-4.1199 4.12909
-4.15705 3.9879
-4.08088 3.80568
-3.99501 3.76567
-4.07807 3.55207
-4.19772 3.75399
-4.19277 3.53769
-4.29226 3.57805
-4.27131 3.39267
-4.36255 3.41172
-4.3896 3.19847
-4.50405 3.31517
-4.43016 3.56134
-4.61134 3.47627
-4.48605 3.77103
-4.33937 3.78531
-4.39321 4.01145
-4.53301 4.02645
-4.44407 4.27372
-4.58523 4.31983
-4.4987 4.43237
-4.53518 4.60422
-4.70511 4.58895
-4.77611 4.27245
-4.91065 4.43737
-4.91322 4.22247
-5.09789 4.14595
-5.08455 4.47151
-4.99367 4.64487
-5.15352 4.72108
-4.98803 4.86647
-4.86056 4.73093
-4.85229 4.99395
-4.74052 4.86561
-4.60989 4.89677
-5.29325 4.40306
-5.37911 4.72107
-5.46058 4.52598
-5.5262 4.29095
-5.60578 4.54
-5.50114 4.64553
-5.55789 4.77346
-5.73727 4.7083
-5.7556 4.47865
-5.92467 4.52717
-5.91308 4.9015
-5.82098 4.2738
-6.00038 4.19037
-5.86791 4.00867
-6.02621 3.91682
-6.12099 3.59973
-6.42012 3.6726
-6.40753 3.28523
-6.58509 3.44938
-6.6495 3.20606
-6.79992 3.34445
-6.68271 3.6539
-7.06973 3.13094
-6.85079 3.00295
-7.05661 2.78107
-7.29059 2.71202
-7.15212 2.40691
-7.29369 2.43319
-7.40121 2.39359
-7.49742 2.55892
-7.52924 2.28198
-7.43798 2.14583
-7.53097 1.8983
-7.37366 1.92926
-7.40135 1.57339
-7.55777 1.45203
-7.71109 1.66007
-7.66557 1.09816
-7.47361 1.03456
-7.63299 0.580353
-7.47985 0.564307
-7.29523 0.748697
-7.27656 1.29476
-7.26696 1.64425
-7.11702 1.6362
-7.2181 1.95986
-7.31781 1.77458
-7.31737 2.21285
-6.9611 2.12142
-6.89874 2.61201
-6.74263 2.45451
-6.62673 2.86484
-6.52779 2.51982
-6.32872 2.90092
-6.17454 3.22168
-6.11782 3.01803
-6.17319 2.79242
-6.31337 2.55931
-6.13739 2.59722
-6.00194 2.8835
-5.99653 2.64127
-5.87616 2.80406
-5.80646 3.06387
-5.69635 2.86756
-5.64529 3.19246
-5.49152 3.21021
-5.53862 3.4535
-5.71871 3.35924
-5.63101 3.63488
-5.78559 3.53231
-5.94468 3.28319
-5.90208 3.5959
-5.76434 3.79831
-5.93037 3.7817
-5.69967 4.10909
-5.54249 3.9506
-5.39182 4.15433
-5.32767 3.94361
-5.28037 4.16463
-5.20355 3.86201
-5.05998 3.75245
-4.89166 4.04231
-4.83641 3.8271
-4.70274 4.03758
-4.67816 3.74131
-4.90533 3.55518
-4.76178 3.47664
-4.90207 3.29123
-5.05998 3.2796
-5.07072 3.48366
-5.16995 3.30965
-5.25089 3.00444
-5.31217 3.25264
-5.17918 3.48526
-5.31511 3.59007
-5.48887 2.87317
-5.46986 2.49396
-5.59772 2.57104
-5.65308 2.66086
-5.77877 2.55514
-5.89134 2.57527
-5.93571 2.23601
-6.09159 2.36233
-6.13979 2.06017
-6.28963 2.08119
-6.25555 2.35568
-6.46272 2.17889
-6.49115 1.75153
-6.29026 1.77656
-6.4492 1.45707
-6.59581 1.41729
-6.70628 1.50744
-6.72127 1.22056
-6.88149 1.17933
-6.87491 1.65363
-6.64922 1.84264
-6.7047 2.12835
-7.08795 1.19104
-7.05872 0.707098
-7.24345 0.328423
-7.42831 0.247275
-7.33895 0.0381975
-7.46999 -0.104965
-7.58744 0.0237108
-7.5609 0.300531
-7.66562 0.195138
-7.7848 0.277478
-7.79544 0.709796
-7.95925 0.374389
-7.9123 0.83185
-7.82392 1.18431
-7.97813 1.18844
-8.01186 0.753238
-8.10375 0.932271
-8.11311 1.39359
-8.19934 1.09917
-8.23603 0.711321
-8.3373 1.13081
-8.22929 1.38797
-8.3232 1.66852
-8.19831 1.67349
-8.24087 2.02441
-8.37027 2.07033
-8.45031 1.87152
-8.47542 1.49328
-8.59988 1.86559
-8.50215 2.20986
-8.709 2.29489
-8.71539 1.97978
-8.8074 2.02006
-8.74361 1.68027
-8.93496 1.81791
-8.92 2.24223
-9.10405 2.10013
-9.06869 2.50061
-9.17784 2.32689
-9.22918 2.47638
-9.32574 2.15624
-9.38368 2.51754
-9.53882 2.23767
-9.60333 2.51862
-9.71444 2.24082
-9.83978 2.34635
-9.8721 2.10547
-9.94524 2.17898
-10.0288 2.23833
-9.96723 2.50902
-10.0708 2.34185
-10.0948 2.41655
-10.0736 2.55872
-10.0028 2.77664
-10.1102 2.64909
-10.1107 2.81608
-10.1677 2.64611
-10.1993 2.75616
-10.149 2.95062
-10.2056 2.87437
-10.173 3.0337
-10.0782 3.21352
-10.1628 3.19896
-10.2248 2.9264
-10.27 2.9564
-10.1929 3.30809
-10.2661 3.07024
-10.3629 2.78987
-10.3177 3.05224
-10.2493 3.2911
-10.2917 3.2806
-10.3342 3.10847
-10.3956 2.82791
-10.616 2.21042
-10.5634 2.343
-10.5507 2.43016
-10.5041 2.50826
-10.4504 2.67935
-10.4818 2.59718
-10.4314 2.80447
-10.4452 2.6101
-10.455 2.45246
-10.3466 2.62356
-10.4359 2.30661
-10.5196 2.19183
-10.53 2.26769
-10.5728 2.06208
-10.5922 2.1554
-10.6368 1.94692
-10.6269 2.09
-10.6615 1.96187
-10.7242 1.65815
-10.7601 1.52204
-10.744 1.43505
-10.69 1.71518
-10.7082 1.76802
-10.6768 1.8469
-10.6348 1.84096
-10.6848 1.54407
-10.5626 1.90766
-10.5082 1.90785
-10.4933 2.07049
-10.5596 2.01161
-10.4284 2.11951
-10.4461 1.89151
-10.3768 2.03264
-10.3465 2.20939
-10.3374 2.40488
-10.2654 2.33585
-10.2387 2.55103
-10.2687 2.70336
-10.2878 2.7999
-10.171 2.47936
-10.1785 2.23954
-10.2963 2.15124
-10.2883 1.9421
-10.1428 2.05144
-10.0252 2.03811
-10.1623 1.80769
-9.96716 1.85321
-9.72785 1.96417
-9.85959 1.62
-10.0775 1.5421
-9.97422 1.27606
-10.102 1.33981
-10.2113 1.27233
-10.1175 1.19771
-10.1891 1.00115
-10.2792 0.994234
-10.2537 0.871633
-10.3314 0.728208
-10.3687 1.06442
-10.4257 0.784152
-10.4687 0.886507
-10.4865 1.08486
-10.5613 0.831048
-10.5643 1.10664
-10.4966 1.28121
-10.5337 1.39732
-10.4684 1.45941
-10.4873 1.66259
-10.5605 0.526594
-10.4927 0.70754
-10.4467 0.568546
-10.4896 0.327843
-10.39 0.401727
-10.2731 0.426916
-10.22 0.741663
-10.1275 0.583237
-10.1332 0.834654
-10.0667 1.02274
-10.0395 0.804278
-9.9576 0.965651
-9.83347 1.08621
-9.74513 1.34651
-9.653 1.0328
-9.55281 1.36655
-9.61569 1.66751
-9.48612 1.57283
-9.42117 1.76965
-9.52791 1.97254
-9.22637 1.71929
-9.08223 1.79926
-9.05327 1.48726
-8.85583 1.28697
-9.01532 1.0642
-9.2331 1.17454
-9.09611 0.658064
-9.39129 0.725816
-9.4517 1.10177
-9.38618 1.45605
-9.52807 0.878412
-9.62852 0.689627
-9.83834 0.798098
-9.82157 0.433143
-9.5394 0.336574
-9.26441 0.322778
-9.38493 0.10525
-9.53254 0.0534422
-9.72931 0.11148
-9.60713 -0.15543
-9.84222 -0.0896303
-9.76551 -0.274348
-9.9254 -0.25069
-9.82296 -0.421063
-9.60562 -0.435828
-9.7423 -0.593264
-9.5625 -0.66216
-9.40279 -0.577002
-9.34633 -0.324993
-9.20129 -0.563785
-9.04566 -0.34783
-9.1976 -0.0365422
-9.41127 -0.082336
-8.963 -0.056264
-8.78568 -0.234691
-8.80413 0.205395
-9.0338 0.236049
-8.93884 0.438026
-8.86542 0.725928
-8.66532 0.559685
-8.71979 0.955123
-8.68981 1.26728
-8.60687 1.45723
-8.54057 0.977741
-8.37349 0.642453
-8.49873 0.415751
-8.60771 0.195338
-8.4677 -0.034519
-8.35789 0.280856
-8.27656 0.0127927
-8.23432 0.329726
-8.12999 0.136221
-8.11331 0.518111
-8.02018 -0.0681266
-8.16337 -0.194427
-8.05019 -0.325605
-8.17606 -0.47626
-8.31723 -0.289541
-8.36499 -0.533177
-8.47808 -0.384351
-8.59661 -0.261307
-8.64371 -0.0505391
-8.65862 -0.489304
-8.84943 -0.486133
-8.81024 -0.65935
-8.99405 -0.612695
-8.97116 -0.782316
-9.15718 -0.753628
-9.29546 -0.696759
-9.32945 -0.8204
-9.41748 -0.72314
-9.50771 -0.811566
-9.43797 -0.907664
-9.59649 -0.919263
-9.28593 -0.93786
-9.11653 -0.878706
-9.21749 -0.854191
-8.79514 -0.810943
-8.62605 -0.836842
-8.63656 -0.694497
-8.44958 -0.721869
-8.51019 -0.578172
-8.27288 -0.6559
-8.09388 -0.687527
-7.9637 -0.509472
-7.90173 -0.694515
-7.77461 -0.592319
-7.77903 -0.388553
-7.91497 -0.253661
-7.75346 -0.0819798
-7.89039 0.0210485
-7.62122 -0.254818
-7.60654 -0.491781
-7.4893 -0.326479
-7.3279 -0.203294
-7.38569 -0.463111
-7.20231 -0.331628
-7.16471 -0.12661
-7.03304 -0.17059
-7.01307 0.116328
-7.20347 0.0539405
-7.1012 0.310254
-6.95129 0.45721
-6.80363 0.862874
-6.7792 0.534196
-6.58044 0.873362
-6.60304 1.16113
-6.45044 1.1796
-6.27548 1.46646
-6.35233 1.15774
-6.21472 1.27288
-6.0791 1.61279
-6.11418 1.84555
-5.95985 1.92431
-5.80596 2.14679
-5.73368 2.42434
-5.65655 2.3625
-5.69405 2.14582
-5.65912 1.91301
-5.43862 2.19204
-5.21274 2.53987
-5.24364 2.76694
-5.05899 2.97928
-4.91583 2.80676
-4.87234 3.11095
-4.76611 3.30301
-4.70386 3.14072
-4.70375 2.87056
-4.5565 3.09018
-4.48784 2.92456
-4.32418 3.03557
-4.23283 3.21177
-4.18096 2.98605
-4.10305 3.25978
-4.17245 3.39335
-3.95267 3.32161
-3.91363 3.55625
-3.81888 3.33048
-3.84024 3.12121
-3.99241 3.06266
-3.86646 2.90834
-4.01701 2.72183
-4.2782 2.71387
-4.37053 2.85117
-4.4705 2.65675
-4.48661 2.77465
-4.64154 2.67119
-4.65196 2.42725
-4.41281 2.47341
-4.59283 2.28103
-4.79678 2.13193
-4.8305 2.28965
-4.95375 2.11789
-4.94011 2.31698
-4.79063 2.45663
-4.84792 2.58725
-5.06433 2.39922
-5.11332 2.04933
-5.31743 2.05811
-5.33219 1.57588
-5.49293 1.6837
-5.59041 1.31912
-5.67794 1.52838
-5.52206 1.88686
-5.93389 1.31459
-5.82921 1.03343
-6.00354 0.942265
-6.18645 0.818889
-6.05171 0.6583
-6.33263 0.318329
-6.42388 0.557592
-6.37017 0.906022
-6.59544 0.54835
-6.43561 1.01482
-6.59287 0.279074
-6.79932 0.249868
-6.89466 0.320107
-6.89576 0.00224909
-6.75686 0.0641714
-6.83313 -0.169256
-6.60867 0.0338943
-6.4556 -0.0153483
-6.24801 0.0291414
-6.06596 0.310395
-6.02726 0.0541226
-5.87607 0.274457
-5.85521 0.604662
-5.6555 0.912306
-5.50119 1.16872
-5.49695 0.87991
-5.3756 1.15196
-5.18874 1.34606
-5.02577 1.78008
-5.05243 1.50682
-4.93417 1.57174
-4.80181 1.86807
-4.63983 2.08294
-4.66917 1.89685
-4.52327 1.98652
-4.42786 2.22107
-4.32047 1.98392
-4.24245 2.21034
-4.28828 2.38006
-4.19579 2.52697
-4.16911 2.36516
-4.04403 2.3931
-3.91688 2.47749
-3.90705 2.23894
-3.97871 2.12841
-3.87814 1.97087
-3.96747 1.90238
-3.88323 1.6811
-4.04242 1.74553
-4.06638 2.01082
-4.16871 1.95299
-4.16145 2.10354
-4.10686 2.21536
-4.22267 2.07719
-4.20136 1.74468
-4.33253 1.73636
-4.46696 1.79947
-4.4224 1.5502
-4.58021 1.61115
-4.61413 1.78662
-4.67166 1.63115
-4.71099 1.38642
-4.55676 1.375
-4.65112 1.10148
-4.81617 0.969619
-4.89894 1.26509
-4.95052 0.920374
-4.95949 0.661366
-5.07223 0.728334
-5.04253 1.00893
-5.14639 0.824632
-5.16089 1.0428
-5.28765 0.77891
-5.27931 1.03896
-5.0467 1.29488
-5.38107 0.898942
-5.43764 0.68478
-5.3678 0.41495
-5.62885 0.504606
-5.57325 0.202179
-5.7579 0.141789
-5.889 0.0835589
-5.90185 -0.103492
-5.64714 -0.0742491
-5.78871 -0.303755
-5.99167 -0.38125
-6.17353 -0.22736
-6.21451 -0.525056
-6.01432 -0.604319
-6.16666 -0.730424
-6.34642 -0.69852
-6.40947 -0.580408
-6.50143 -0.687073
-6.45087 -0.788379
-6.57597 -0.773069
-6.50249 -0.887455
-6.30611 -0.858132
-6.35578 -0.95045
-6.38715 -1.0337
-6.22377 -0.988509
-6.14831 -1.11224
-6.06689 -1.02273
-6.09032 -0.899916
-5.9928 -0.779925
-5.96495 -0.881406
-5.91844 -0.981867
-5.83076 -0.851998
-5.72322 -0.984948
-5.80854 -1.08086
-5.63631 -1.12177
-5.51334 -0.988729
-5.62612 -0.861612
-5.44401 -0.857708
-5.52692 -0.69917
-5.29414 -0.748265
-5.3455 -0.536156
-5.55456 -0.491523
-5.70413 -0.600503
-5.70363 -0.445143
-5.602 -0.306158
-5.84673 -0.50673
-5.4206 -0.333058
-5.48613 -0.167794
-5.41915 0.050544
-5.33161 -0.150393
-5.27016 0.00027281
-5.26972 0.177503
-5.12894 0.392325
-5.20494 0.616974
-5.15001 0.0808344
-5.03082 0.172486
-4.94519 0.384737
-4.82757 0.622836
-4.80717 0.368745
-4.89603 0.162373
-4.77519 0.199915
-4.80558 0.0193861
-5.00975 -0.0819049
-4.82917 -0.2108
-4.98924 -0.341903
-4.85607 -0.448624
-5.07798 -0.586844
-5.19106 -0.315234
-5.18471 -0.104804
-4.88553 -0.637633
-4.98193 -0.781155
-5.13142 -0.805071
-5.26402 -0.953843
-5.07576 -0.906311
-5.08208 -1.02876
-5.21541 -1.11025
-5.3979 -1.11756
-5.27769 -1.25076
-5.506 -1.22849
-5.70355 -1.24095
-5.82816 -1.17726
-6.00583 -1.19626
-6.15053 -1.20562
-6.29992 -1.16714
-5.07824 -1.16174
-4.94612 -1.0559
-4.95064 -0.922272
-4.82684 -0.949212
-4.81495 -0.77256
-4.70928 -0.844361
-4.65822 -0.664534
-4.73546 -0.553852
-4.58484 -0.449244
-4.6617 -0.285901
-4.4819 -0.206002
-4.52745 -0.0128638
-4.36755 0.091734
-4.45164 0.262505
-4.31905 0.40092
-4.40556 0.508219
-4.29074 0.666598
-4.42009 0.744312
-4.55774 0.447616
-4.56895 0.842668
-4.42216 1.02026
-4.51174 1.16192
-4.71517 0.821144
-4.69692 0.570542
-4.4074 1.21663
-4.4498 1.34467
-4.33277 1.33973
-4.25102 1.51695
-4.15809 1.17797
-4.32116 1.15037
-4.29055 0.939333
-4.15756 0.815999
-4.21291 0.557818
-4.10768 0.567752
-4.01222 0.802514
-4.07354 0.96705
-3.99552 1.0629
-4.00791 1.27702
-4.0961 1.48733
-3.95605 1.45764
-3.9046 1.21228
-3.83487 1.38769
-3.74814 1.55362
-3.76716 1.82008
-3.67597 1.70095
-3.67667 1.96432
-3.79389 2.10078
-3.73123 2.30316
-3.82828 2.33008
-3.81879 2.49754
-3.89171 2.60949
-3.8023 2.67943
-3.75073 2.50757
-3.5639 1.72625
-3.61919 1.49228
-3.49405 1.47874
-3.34116 1.55645
-3.39922 1.31591
-3.50678 1.24988
-3.46389 1.1062
-3.56429 1.09838
-3.60946 1.23489
-3.657 1.00439
-3.58722 0.888397
-3.71353 0.764098
-3.72068 1.02124
-3.79355 0.734324
-3.8563 0.952651
-3.91111 0.695619
-3.90926 0.454964
-4.00361 0.54622
-4.00768 0.400513
-4.08795 0.367471
-4.21358 0.310759
-4.16456 0.14237
-4.26177 0.0568771
-4.34812 -0.143658
-4.23903 -0.0915792
-4.32959 -0.300057
-4.44778 -0.36702
-4.23122 -0.246591
-4.15462 -0.204484
-4.11662 -0.0168298
-4.04897 -0.0636071
-3.95936 0.1538
-4.03893 0.244859
-3.84326 0.356903
-3.79346 0.559056
-3.74021 0.513475
-3.66251 0.656064
-3.67555 0.463118
-3.77608 0.336422
-3.86891 0.173437
-3.55417 0.66938
-3.42465 0.924049
-3.35261 1.15445
-3.24532 1.50512
-3.35052 1.72936
-3.36377 1.8578
-10.5503 -0.588971
-10.4688 -0.71241
-10.5555 -0.522398
-10.4471 -0.659618
-10.519 -0.484809
-10.6123 -0.313231
-10.6309 -0.346102
-10.6076 -0.455231
-10.795 0.282799
-10.7832 0.24692
-10.7937 0.444743
-10.8188 0.520812
-10.8307 0.617289
-10.8047 0.762996
-10.7958 0.631663
-10.7954 0.847928
-10.7853 0.987545
-10.7952 0.934091
-10.8163 0.813789
-10.8069 1.01281
-10.793 1.10088
-10.7942 1.2198
-10.7605 1.32904
-10.8259 0.9842
-10.7858 1.25359
-10.7817 1.1596
-10.7759 1.11995
-10.7149 1.16127
-10.7736 0.913484
-10.7817 0.689966
-10.7732 0.455376
-10.5871 0.252052
-10.5942 0.0245841
-10.5085 0.0829073
-10.428 0.199575
-10.3962 0.015289
-10.4559 -0.0985344
-10.5158 -0.0928737
-10.4676 -0.249697
-10.5559 -0.202068
-10.6278 -0.121961
-10.5588 -0.313407
-10.6747 -0.119552
-10.695 0.0131735
-10.4746 -0.416717
-10.4324 -0.607937
-10.3835 -0.589346
-10.3793 -0.429122
-10.3701 -0.228995
-10.2637 -0.445836
-10.2719 -0.266823
-10.3149 -0.112426
-10.2171 -0.15183
-10.2787 0.0896979
-10.365 0.218711
-10.1499 0.267649
-10.1246 0.00283909
-9.96931 0.141345
-10.0206 0.401789
-9.9726 0.628078
-9.95388 0.795105
-9.9969 -0.0857849
-10.0771 -0.214539
-10.1432 -0.377246
-9.97953 -0.401839
-10.0094 -0.582987
-10.1458 -0.549854
-10.2049 -0.616332
-10.2915 -0.62398
-10.1868 -0.724164
-10.1008 -0.698276
-10.0903 -0.854651
-9.93105 -0.794651
-9.86075 -0.669781
-9.71171 -0.779136
-9.88385 -0.540354
-9.77431 -0.928939
-9.92772 -0.957928
-10.0424 -1.01204
-10.1833 -0.93756
-10.2293 -0.787762
-10.2994 -0.826167
-10.3161 -0.713144
-10.3617 -0.70227
-10.3892 -0.740574
-10.3783 -0.843078
-10.2452 -1.0007
-7.47462 -0.799977
-7.32845 -0.843733
-7.27732 -0.758625
-7.16274 -0.895355
-6.997 -0.807641
-7.134 -0.631038
-7.31193 -0.611931
-7.2229 -0.503927
-7.02886 -0.417752
-6.91304 -0.616334
-6.79848 -0.40861
-6.62986 -0.203309
-6.59418 -0.404949
-6.42195 -0.212495
-6.39994 -0.421973
-6.55146 -0.564589
-6.72002 -0.582647
-6.62998 -0.684072
-6.74027 -0.78481
-6.8288 -0.896388
-6.89217 -0.983538
-6.65786 -0.972069
-6.70194 -1.05552
-6.52706 -1.11479
-7.49281 -0.655462
-7.64891 -0.631636
-7.69004 -0.733645
-10.7881 0.549908
-3.96168 -0.0162941
-3.8034 1.1698
-3.71969 1.30413
-4.69807 0.343046
-4.67338 0.176627
-4.57039 0.158655
-4.67137 -0.0396083
-5.95731 -1.1023
-5.85538 -0.685803
-5.71243 -0.746216
-4.76006 1.64877
-6.15669 1.13311
-6.05335 1.41626
-5.8818 1.78004
-3.73302 3.15712
-3.68314 3.06104
-3.5947 3.0059
-3.65522 3.17215
-3.57491 3.15755
-3.63909 3.29702
-3.71534 3.3137
-3.69929 3.41245
-3.78697 3.47325
-3.81854 3.64276
-3.81948 3.78895
-3.90331 3.78145
-8.30124 0.468939
-10.5213 1.74826
-10.4071 1.86111
-10.3884 1.74212
-10.3186 1.63027
-10.2182 1.53943
-10.3026 1.38265
-10.4121 1.3593
-10.4226 1.57837
-10.5856 2.22552
-10.5345 2.35492
-10.4995 2.44628
-10.2259 3.50536
-10.1773 3.54497
-10.0947 3.79421
-10.0267 3.98027
-9.92089 4.21025
-9.91129 4.36175
-9.7912 4.46923
-9.85098 4.21903
-9.75368 4.36415
-9.86351 4.05669
-9.93163 4.00132
-9.98639 3.74957
-10.0318 3.80307
-10.1059 3.51674
-10.1245 3.59518
-10.0797 3.4485
-9.9781 3.57089
-9.86491 3.87674
-9.80443 3.75479
-9.75295 4.01308
-9.77637 4.15744
-9.66853 4.25171
-9.67921 4.37594
-9.60359 4.4689
-9.54708 4.38135
-9.66443 4.11067
-9.58005 4.11115
-9.41881 4.35759
-9.28027 4.61148
-9.26551 4.40996
-9.17384 4.59507
-9.1656 4.75549
-9.04459 4.74239
-9.08639 4.95732
-8.89805 4.80183
-8.96396 4.62008
-9.10648 4.4227
-8.93546 4.44653
-8.83114 4.67861
-8.7447 4.50073
-8.68277 4.75249
-8.54815 4.92953
-8.55969 4.71602
-8.40862 4.8996
-8.88924 4.21113
-9.03144 4.22629
-9.03752 3.9452
-8.95799 3.72281
-9.11845 3.61195
-9.21912 3.81435
-9.25977 3.54736
-9.35465 3.65436
-9.33746 3.85578
-9.26742 4.00276
-9.36021 4.02351
-9.25797 4.2041
-9.36324 4.21987
-9.47681 4.05308
-9.46049 3.77751
-9.64142 3.78205
-9.59235 3.57325
-9.70486 3.50761
-9.7899 3.55121
-9.8221 3.34635
-9.93162 3.39038
-9.92482 3.20036
-10.0143 3.12632
-9.9596 3.01972
-9.84706 3.14115
-9.88695 2.95206
-9.75521 3.03712
-9.66102 3.3087
-9.61246 3.11793
-9.4817 3.27615
-9.49015 3.50467
-9.36459 3.43978
-9.27588 3.2394
-9.4949 3.04757
-9.44421 2.8343
-9.21039 2.8018
-9.03598 3.11997
-9.00118 3.44803
-8.80834 3.31479
-8.88461 3.04437
-8.73181 3.03733
-8.58228 3.26711
-8.43698 3.47128
-8.71032 2.73147
-8.84502 2.86532
-8.87513 2.59716
-8.98872 2.83545
-8.55431 2.55234
-9.54168 2.89631
-9.65795 2.90503
-9.58832 2.76551
-9.74887 2.64295
-9.84355 2.80311
-10.0404 2.94552
-10.0777 3.00645
-9.6847 3.9408
-9.72938 3.95121
-9.15821 4.10411
-8.12031 2.29294
-8.10716 1.84989
-7.98156 2.01379
-7.83132 2.09388
-7.78477 2.45765
-7.66682 2.22362
-7.59505 2.43973
-7.88807 1.63614
-8.0117 1.62703
-5.4662 3.71771
-5.68497 4.33806
-4.43429 4.53087
-4.34459 4.61777
-4.34484 4.39548
-4.3285 4.19058
-4.22257 4.25498
-4.275 4.48394
-4.19591 4.49367
-4.26661 4.62441
-4.26879 4.00135
-6.31972 5.36547
-6.45603 4.79767
-7.57746 6.08098
-9.08754 5.84404
-8.97951 5.88047
-6.86852 6.66772
-6.64995 6.64061
-6.81031 6.50793
-6.49129 6.57716
-3.99076 4.39943
-5.96495 -0.881406
-3.95936 0.1538
-3.5947 3.0059
-10.0267 3.98027
