11.056 -0.284653
11.3897 0.932224
11.5761 1.19698
12.3811 2.33342
12.5137 2.49138
12.95 2.9851
13.0438 3.05311
13.3994 3.25555
13.5944 3.36405
13.82 3.41901
14.0641 3.45984
14.3183 3.49141
14.5902 3.50678
14.8698 3.45339
15.31 3.36747
15.496 3.26054
15.6678 3.13312
16.918 2.03186
17.0423 1.90989
17.1684 1.78162
17.6315 1.16721
17.694 1.07129
17.7733 0.925802
17.8933 0.685695
18.3788 -0.532556
18.4134 -0.630125
18.6049 -1.29638
18.6401 -1.43591
18.9129 -2.61665
18.9369 -2.72497
19.0228 -3.27747
19.0422 -3.56198
19.0468 -3.83902
19.027 -4.01118
18.9664 -4.45105
18.9486 -4.52786
18.7881 -4.95115
18.6939 -5.11102
17.4413 -5.39334
17.2077 -5.41717
17.1002 -5.42038
16.5742 -5.43321
16.2473 -5.4303
16.0002 -5.41825
15.6989 -5.39568
14.7096 -5.29128
13.0656 -4.99004
11.532 -4.69469
11.391 -4.63514
11.3157 -4.59219
11.1968 -4.44477
11.1643 -4.35221
11.1445 -4.2508
11.011 -1.48499
