14.8626 3.28427
14.9579 3.35586
15.0098 3.24673
15.1262 3.346
15.1788 3.33985
15.2261 3.45827
15.1165 3.44838
15.2063 3.52098
15.1876 3.58191
15.2779 3.60528
15.2625 3.74176
15.3736 3.76148
15.3612 3.59172
15.4376 3.78216
15.4264 3.65592
15.4714 3.75731
15.496 3.90219
15.4793 3.91573
15.5207 4.06686
15.4559 3.95524
15.4809 4.14983
15.5181 4.27173
15.5592 4.23686
15.5499 4.41379
15.5805 4.4053
15.5472 4.60101
15.5764 4.61394
15.5366 4.84465
15.5384 4.87209
15.4849 5.07159
15.4904 5.1361
15.421 5.33521
15.4179 5.36628
15.3444 5.62251
15.2764 5.75773
15.2613 5.80645
15.1981 5.98695
15.1166 6.137
15.0895 6.23844
14.9853 6.42617
14.9884 6.46343
15.0561 6.30634
14.9591 6.52612
15.0146 6.40285
14.9172 6.61149
14.8497 6.76102
14.8091 6.77677
14.9222 6.5513
14.3789 7.49621
14.462 7.32094
14.5774 7.16866
14.683 6.99137
14.6724 7.00748
14.7231 6.95102
14.6269 7.18793
14.5198 7.3756
14.4926 7.43639
14.5733 7.28811
14.7124 7.04712
14.5942 7.27963
14.7495 6.98008
14.8276 6.87742
14.8876 6.68177
14.8726 6.66969
14.995 6.38099
14.9243 6.46498
15.0502 6.18794
15.1807 5.95142
15.1331 5.93805
15.2455 5.70971
15.3313 5.45207
15.3069 5.47254
15.3772 5.23556
15.4138 5.2181
15.4912 5.02537
15.4451 5.0405
15.5278 4.75701
15.5473 4.81329
15.566 4.60213
15.5504 4.4085
15.5561 4.39723
15.5768 4.35841
15.5613 4.22022
15.5616 4.04817
15.5764 4.21761
15.546 4.05196
15.5131 3.87803
15.5142 3.79149
15.478 3.73301
15.4376 3.63408
15.4548 3.6207
15.3922 3.51238
15.3921 3.55699
15.307 3.42797
15.3362 3.39591
15.2523 3.30774
15.2198 3.31665
15.1266 3.26743
15.1862 3.24853
15.1012 3.22143
15.007 3.20832
14.847 3.17549
14.7871 3.2007
14.6317 3.15398
14.7213 3.146
14.7434 3.1205
14.6213 3.11876
14.6199 3.09684
14.649 3.05753
14.7714 3.04546
14.6376 2.99584
14.7042 2.94448
14.5198 2.90208
14.6325 2.85099
14.4608 2.77346
14.583 2.75513
14.693 2.81332
14.788 2.92836
14.8281 2.81455
14.6345 2.68448
14.7548 2.65427
14.8763 2.74944
14.9158 2.86252
14.9596 2.82856
15.0098 2.98215
14.9299 2.91148
14.9355 3.00645
15.087 3.14859
15.1624 3.13097
15.0791 2.97162
15.1845 3.10059
15.157 3.04717
15.2437 3.16123
15.2492 3.19853
15.3247 3.30855
15.3011 3.26711
15.4213 3.47558
15.3938 3.44448
15.469 3.64265
15.4317 3.57874
15.4592 3.74917
15.5107 3.86912
15.5286 3.77105
15.4764 3.6241
15.4742 3.61806
15.5395 3.89882
15.5492 3.98748
15.3915 3.45913
15.534 4.12001
15.5099 4.26805
15.5194 4.50156
15.4804 4.42334
15.4602 4.67203
15.4068 5.00344
15.3187 4.87965
15.2924 5.2073
15.332 5.27324
15.2767 5.49707
15.1617 5.49554
15.2216 5.15801
15.0983 5.30482
14.997 5.62137
15.0005 5.87008
14.8417 5.95329
14.8453 6.17171
14.7453 6.22252
14.682 6.47469
14.6424 6.40051
14.5023 6.70266
14.5567 6.82223
14.6867 6.66909
14.5941 6.92583
14.6575 6.86229
14.5364 7.11794
14.611 7.06131
14.5024 7.31496
14.3757 7.37193
14.318 7.60522
14.1791 7.68675
14.1441 7.93567
14.3041 7.74967
14.188 7.99002
14.3072 7.83918
14.1137 8.16979
14.0409 8.19726
13.8921 8.4757
13.9704 8.40739
14.1084 8.1921
13.9699 8.36912
13.8564 8.54352
13.8539 8.532
13.9102 8.46017
14.0027 8.30464
13.9148 8.45164
14.0362 8.25432
14.1421 8.05394
13.7969 8.63775
13.5534 8.96212
13.6841 8.82037
13.4941 8.99009
13.6525 8.80499
13.7569 8.66657
13.7372 8.69275
13.831 8.58016
13.7344 8.70561
13.7412 8.66081
13.7293 8.60361
13.9042 8.37495
13.8482 8.35571
13.9761 8.18858
13.9683 8.05719
13.7717 8.32116
13.7121 8.51879
13.6314 8.54115
13.5786 8.69853
13.4749 8.71197
13.4147 8.9021
13.2673 8.93712
13.2235 9.11952
13.4016 8.99387
13.2363 9.17383
13.0033 9.35746
13.0626 9.37033
13.2211 9.24713
13.3356 9.13284
13.433 9.02409
13.2876 9.22288
13.4201 9.10139
13.1769 9.329
13.0569 9.4581
12.8895 9.58459
12.9835 9.52426
12.7895 9.62166
12.7191 9.68545
12.5415 9.81299
12.3586 9.93561
12.1698 10.045
12.0035 10.1432
11.9784 10.0413
12.2239 9.92445
12.0893 9.96058
12.1915 9.86733
12.3786 9.76176
12.4552 9.80134
12.6093 9.72089
12.6043 9.6314
12.7062 9.64607
12.7832 9.53997
12.7959 9.42274
13.0468 9.21132
12.8575 9.24864
13.0706 9.04159
13.2212 8.82708
13.3966 8.61692
13.2766 8.64124
13.4206 8.42667
13.5876 8.26173
13.4961 8.18483
13.7099 7.86973
13.7967 7.99127
13.7133 8.2577
13.8871 8.05356
13.6725 8.41225
13.5765 8.47572
13.9575 7.78324
14.0209 7.83468
14.12 7.58378
14.2983 7.359
14.2188 7.29735
14.3924 7.05254
14.4659 7.11593
14.31 6.99496
14.3879 6.73412
14.5205 6.44708
14.3663 6.57051
14.4592 6.36383
14.5882 6.16536
14.6889 6.18613
14.7378 5.97383
14.8513 5.72117
14.6915 5.87591
14.8227 5.50855
14.9767 5.4369
15.0752 5.05166
15.1644 5.11953
15.2174 4.97874
15.2511 4.72178
15.374 4.48872
15.2846 4.41433
15.3442 4.18213
15.4132 4.20202
15.3762 3.93302
15.4551 3.98314
15.4209 3.80758
15.3994 3.65048
15.3803 3.76806
15.3255 3.73916
15.3319 3.5157
15.3662 3.46065
15.2558 3.32224
15.2854 3.29777
15.1671 3.15973
15.2018 3.13049
15.1765 3.05421
15.108 2.9666
15.1056 3.03686
15.0016 2.90331
15.0289 3.01625
15.0839 3.15911
14.9312 2.96984
14.9226 3.06649
14.8264 2.9338
14.7702 3.00023
14.7 2.85816
14.6342 2.93638
14.5162 2.80684
14.5044 2.95532
14.6875 3.12194
14.4833 3.08462
14.3707 2.99204
14.3244 3.14445
14.5435 3.30376
14.3592 3.34698
14.4346 3.62796
14.2537 3.50084
14.1384 3.88753
14.0676 3.46846
13.8735 3.71466
13.8378 4.05218
13.9372 4.2743
14.1255 4.40494
13.8961 4.64426
14.0492 4.78266
13.9067 4.98707
14.0296 5.05789
14.1458 4.8928
14.1862 4.65813
14.2837 4.7623
14.1653 5.1476
14.3604 4.91823
14.4908 4.49154
14.5128 4.89524
14.3322 5.26457
14.5149 5.2612
14.3101 5.64409
14.4884 5.64586
14.6934 5.2149
14.6905 5.47907
14.8552 5.14078
14.5741 5.83958
14.8493 4.85978
14.9959 4.71087
15.1602 4.56027
15.1063 4.35991
15.2269 4.17463
15.0876 4.01025
15.2236 3.84615
15.3051 3.95636
15.2256 3.60286
15.1314 3.71289
15.0721 3.49614
15.1798 3.38227
15.0106 3.25049
14.8988 3.3105
14.9045 3.5894
14.7618 3.36706
14.6846 3.60085
14.7921 3.88235
14.9594 3.89383
14.8708 4.14205
14.7091 4.24058
14.7949 4.44677
14.6502 4.58047
14.7036 4.83902
14.8734 4.58581
14.9344 4.63685
14.9929 4.38899
14.9062 4.33195
14.9747 4.13928
15.0377 3.71771
14.5761 3.97497
14.4285 4.18673
14.3108 4.43705
14.2913 4.15733
14.3874 3.9447
14.8603 3.13911
14.3976 6.02216
14.4197 6.2574
14.5577 6.03861
14.2418 6.31782
14.1942 6.65167
14.2158 6.91368
14.0718 6.94692
14.0127 7.17513
14.1295 7.24149
13.9153 7.49805
13.8006 7.33959
13.7653 7.6039
13.8915 7.7306
14.0399 7.52041
13.5983 7.70965
13.5198 7.96886
13.4195 7.93991
13.3738 8.18153
13.2551 8.18459
13.1893 8.40159
13.0521 8.36869
12.9862 8.62326
12.7816 8.64732
12.82 8.81677
12.617 8.9643
12.7827 8.9748
12.9516 8.83651
12.8714 9.06254
12.6433 9.14139
12.6621 9.2809
12.6469 9.4149
12.4385 9.466
12.5056 9.54532
12.5976 9.51808
12.488 9.63368
12.3379 9.67803
12.2278 9.618
12.1075 9.79621
12.008 9.68228
12.239 9.45408
12.0266 9.50497
11.801 9.6346
11.7619 9.8215
11.6036 9.78287
11.578 9.94673
11.3647 9.87333
11.5557 9.60818
11.3523 9.70613
11.2225 9.76479
11.0878 9.8718
11.2615 10.0467
11.4812 10.06
11.3625 10.145
11.4606 10.1964
11.6247 10.1347
11.676 10.2582
11.3821 10.3222
11.5119 10.3417
11.0404 10.316
10.499 10.0952
9.94095 9.47914
10.0731 9.61766
10.2811 9.90789
10.2101 9.73633
10.3859 9.72948
10.5888 9.88544
10.6266 9.78267
10.8293 9.89282
10.8453 9.76211
11.0637 9.69178
10.8717 9.60699
11.0901 9.47477
11.3036 9.58693
11.3498 9.36613
11.491 9.43325
11.5833 9.22794
11.6701 9.37625
11.8844 9.40935
11.8515 9.19017
12.0994 9.1609
12.1983 9.31366
12.3557 9.07362
12.4398 9.19999
12.335 9.3215
12.4643 9.31486
12.5183 8.8242
12.2799 8.88135
12.4741 8.68517
12.6399 8.58216
12.8759 8.29402
12.6035 8.41725
12.8194 8.0728
13.041 7.90642
13.2005 8.01834
13.2734 7.68769
13.4355 7.72825
13.4351 7.50259
13.5866 7.45069
13.4833 7.78552
13.7139 7.15306
13.8644 7.02511
13.951 7.07959
14.008 6.86309
13.9231 6.79657
14.0567 6.59642
13.9258 6.57875
14.0836 6.29081
14.2714 5.99454
14.1365 5.97305
14.0907 5.65991
13.911 6.21617
13.8687 5.86213
13.8822 5.40645
13.7202 5.83775
13.7411 6.12328
13.5635 6.1268
13.6408 6.4957
13.7789 6.62566
13.8055 6.86222
13.6289 6.91183
13.5217 7.2528
13.4325 7.08552
13.4921 6.80711
13.3705 6.5561
13.3515 6.91592
13.2243 6.88905
13.2173 7.17706
13.0324 7.04952
13.1212 6.6861
12.9077 6.75614
13.0022 6.43117
13.1854 6.32802
13.3547 6.06729
13.5335 5.59075
13.2828 5.70504
13.3344 5.37121
13.4489 5.13666
13.6865 4.98658
13.4252 4.67816
13.6945 4.39397
13.4917 4.22618
13.2812 4.3073
13.2053 4.67523
13.0416 4.43491
13.0558 4.96445
13.2682 5.03253
13.1674 5.37707
12.9671 5.42542
13.1083 5.75361
13.1977 6.00702
13.0653 6.10299
12.977 5.84445
12.904 6.12978
12.8282 5.73779
12.7375 5.1917
12.9073 5.08435
12.8735 4.78399
12.6929 4.68408
12.8199 4.41456
12.9235 4.01494
13.1697 3.98933
13.0899 3.77139
13.269 3.60768
13.4072 3.89183
13.4571 3.59579
13.6318 3.63231
13.5619 3.95819
13.6216 4.13029
13.7045 3.93398
13.7082 4.13011
13.8541 3.3978
13.6962 3.36126
13.5254 3.31939
13.7856 3.18024
13.6608 3.02669
13.898 2.94626
14.0638 3.14757
14.1123 2.91916
14.2333 2.99812
14.2159 3.29501
14.3128 2.87469
14.1757 2.79742
14.3116 2.7327
14.4708 2.67217
14.6324 2.73478
14.5968 2.61905
14.7128 2.68935
14.681 2.59588
14.7684 2.66392
14.7653 2.5989
14.8806 2.72132
14.8098 2.74529
14.8983 2.86276
14.7951 2.81569
14.9969 2.82885
14.9344 2.70623
15.0496 2.87606
14.9792 2.78332
15.0818 2.94953
14.8622 2.66394
14.8342 2.5789
14.6858 2.50643
14.6208 2.55524
14.5097 2.44235
14.4945 2.36873
14.6389 2.4172
14.3795 2.32098
14.4795 2.38082
14.6316 2.45138
14.7811 2.55026
14.6683 2.51662
14.5285 2.44131
14.5628 2.52649
14.4005 2.48765
14.4388 2.56802
14.258 2.53622
14.2785 2.62725
14.0576 2.59108
14.0959 2.71161
13.906 2.68005
13.901 2.78469
14.0317 2.82112
13.7111 2.84657
13.7726 2.73641
13.5956 2.73553
13.5221 2.84883
13.5851 2.92566
13.4337 3.02005
13.3351 2.84358
13.4463 2.75727
13.3011 2.71784
13.4416 2.69217
13.5356 2.63179
13.7318 2.66238
13.7 2.58558
13.8527 2.61088
13.8349 2.52186
14.0861 2.50765
13.9807 2.44397
14.2073 2.46596
14.1044 2.3975
14.3165 2.39686
14.0806 2.32956
14.2816 2.33264
14.1259 2.30007
14.2072 2.29481
14.1102 2.24966
14.3187 2.28572
14.1584 2.2554
14.3326 2.34657
14.1632 2.33312
14.3294 2.43586
14.4774 2.54715
14.3006 2.52569
14.4558 2.65653
14.2828 2.65014
14.3083 2.80365
14.1215 2.67685
14.1366 2.85387
14.35 2.93762
14.5234 2.99304
14.4117 3.02754
14.5447 3.06204
14.5016 3.09063
14.3255 3.07192
14.4663 3.10652
14.531 3.13873
14.6549 3.14158
14.401 3.12949
14.4898 3.13882
14.6217 3.16233
14.4651 3.15364
14.6036 3.17758
14.7398 3.21709
14.3277 3.13541
14.2352 3.13668
14.1624 3.12922
14.2498 3.13258
14.0902 3.14216
14.0902 3.14839
14.1898 3.11271
14.3328 3.11772
14.1493 3.06489
14.2243 3.0074
13.9983 2.98763
13.9804 2.85441
14.0315 3.10038
14.0523 3.15084
10.7646 2.14503
10.9221 2.11345
11.1687 2.07656
11.1284 1.986
11.3843 1.9438
11.3062 1.88281
11.6409 1.81496
11.4327 1.77994
11.2082 1.83004
11.2134 1.78731
10.9483 1.88497
11.0338 1.82606
11.1236 1.79733
11.2919 1.7819
11.0776 1.82314
11.2118 1.82175
10.9465 1.85757
11.0735 1.87631
10.8915 1.93692
11.0818 1.93528
11.2326 1.89368
11.2222 1.94747
11.1198 2.01157
10.9313 2.022
10.9694 2.12904
10.7632 2.1358
10.7255 2.05023
10.4882 2.17083
10.5031 2.06591
10.2298 2.16738
10.2828 2.08618
10.064 2.14753
10.1868 2.07594
10.3938 2.02809
10.2304 2.04611
9.96056 2.149
9.92871 2.14272
10.1664 2.06279
10.4626 1.98671
10.3361 2.05614
10.1226 2.08843
9.93663 2.1351
9.9285 2.13312
9.7543 2.20617
9.8195 2.19631
10.0382 2.12897
9.93294 2.18231
10.1045 2.12805
10.1159 2.15876
10.3284 2.08363
10.3693 2.13766
10.4887 2.08945
10.6382 2.09364
10.6036 2.0536
10.7752 2.02078
10.6104 2.01713
10.8105 1.96261
10.8941 1.97579
10.9521 2.0024
11.036 1.93034
10.6058 1.99298
10.7119 1.90894
10.6993 1.91363
10.5231 1.96873
10.7453 1.92253
10.8856 1.85439
10.8839 1.8713
10.9966 1.81099
10.7869 1.93598
10.615 1.97872
10.7125 1.99321
10.5073 2.05904
10.4029 2.17154
10.2221 2.179
10.0687 2.20435
10.5947 2.1622
9.13473 2.53119
9.25381 2.47206
9.29806 2.45071
9.37641 2.42156
9.49971 2.36955
9.63013 2.32438
9.76811 2.27881
9.92088 2.24576
9.56599 2.31015
9.7214 2.21319
9.48255 2.34842
9.6888 2.25938
9.46863 2.37157
9.24102 2.47661
9.26558 2.48552
9.08603 2.61301
9.01116 2.62377
8.89693 2.72417
8.79478 2.82217
8.10151 3.96419
8.02253 4.14461
7.9815 4.32103
8.463 6.13346
8.51379 6.3984
8.63327 6.2397
8.69598 6.55276
8.61407 6.73807
8.79926 6.85088
8.71085 7.08247
8.99438 7.16999
8.92686 7.33771
9.08182 7.45751
9.1376 7.38307
9.23923 7.33561
9.23806 7.56748
9.4722 7.71291
9.33348 7.79772
9.47891 7.96612
9.73962 8.11838
9.74628 7.78332
9.97703 7.91951
10.0845 8.24484
9.96144 8.47116
10.2138 8.52907
10.1227 8.68017
9.94819 8.70535
10.1654 8.87342
10.3586 8.78125
10.448 9.06336
10.1618 9.03451
10.3264 9.21972
10.1487 9.17614
9.89191 8.99384
10.0375 9.23946
10.3289 9.37829
10.1478 9.44407
10.3367 9.57156
10.2016 9.57137
10.4971 9.66484
10.4848 9.56663
10.6674 9.6387
10.5986 9.49174
10.7402 9.54859
10.8057 9.43194
10.5499 9.3128
10.7724 9.21554
10.9854 9.31641
11.0071 9.17804
11.2103 9.23691
11.137 9.02216
11.4562 9.04644
11.3321 8.82583
11.6141 8.73169
11.8407 8.87527
11.4056 9.22498
12.0391 8.97556
12.1685 8.71378
12.3729 8.63418
12.3837 8.40539
12.6174 8.11277
12.4163 8.08775
12.6554 7.80914
12.7884 7.8741
12.8818 7.59373
12.9402 7.80242
13.1073 7.55454
13.0362 7.34104
13.3383 7.38212
12.8858 7.31158
12.7484 7.10025
12.6942 7.47867
12.4742 7.35294
12.4527 7.72669
12.1937 7.63606
12.1969 8.02197
12.1257 8.43163
11.9577 8.2793
11.9474 7.97575
11.8356 8.21508
11.7113 8.42666
11.8566 8.55652
11.4557 8.59075
11.5045 8.37688
11.6678 8.1457
11.4267 8.20724
11.4524 7.955
11.7222 7.81841
11.9498 7.68562
12.0209 7.46519
12.198 7.22626
11.9016 7.24812
11.7857 7.51969
11.5989 7.27582
11.4682 7.61359
11.3199 7.30088
11.2347 7.537
11.1388 7.80453
11.2682 8.08934
11.0693 8.15042
11.2566 8.28901
11.3812 8.34366
11.3188 8.45935
11.0715 8.42295
11.2084 8.63923
10.9679 8.6267
10.8228 8.45805
10.808 8.60796
10.6303 8.54757
10.6133 8.21648
10.8748 8.25728
10.8313 7.98939
10.5443 7.82299
10.7883 7.64711
11.02 7.40702
10.7612 7.403
10.6691 7.49662
10.5916 7.58182
10.5496 7.34055
10.4373 7.58078
10.3151 7.72092
10.2242 7.40641
10.1329 7.73253
10.2828 8.01308
9.90217 7.54728
9.94271 7.08977
10.183 7.06607
10.3706 7.09111
10.5612 7.03348
10.7913 7.11416
10.6592 6.83013
10.8657 6.74337
11.1221 7.00345
11.3604 7.06693
11.4455 7.17981
11.5113 7.0565
11.7347 6.96408
11.4133 6.76306
11.7075 6.56935
11.9678 6.74089
12.0153 7.0221
12.2031 6.87315
12.4587 6.94337
12.3339 6.72438
12.4475 6.49856
12.6791 6.70645
12.8168 6.44119
12.6442 6.37454
12.7252 6.08414
12.5127 6.01254
12.644 5.67139
12.4844 5.59828
12.5443 5.32356
12.4734 4.86229
12.3803 5.29542
12.221 5.0066
12.2862 4.72988
12.3368 4.5127
12.5787 4.23514
12.2334 4.19567
12.3885 3.91395
12.5756 3.825
12.75 3.81726
12.9826 3.54932
12.6735 3.53971
12.8322 3.30315
13.0122 3.21502
13.2302 3.26543
13.1309 2.98779
12.823 3.04544
12.904 2.82711
13.128 2.77338
12.904 2.66853
13.1163 2.64235
13.3118 2.62489
13.0741 2.54935
13.3711 2.56546
13.5483 2.56386
13.4564 2.5079
13.6313 2.53329
13.5651 2.46856
13.7036 2.42362
13.4091 2.37942
13.5258 2.31018
13.8514 2.34927
13.628 2.2677
13.8492 2.30123
13.9279 2.26666
13.731 2.24391
13.7273 2.2162
13.8746 2.22601
14.0589 2.27582
13.8191 2.18323
13.9649 2.22687
13.7447 2.18198
13.9314 2.25145
13.653 2.22763
13.433 2.1394
13.5787 2.14757
13.2705 2.10783
13.1555 2.08979
12.9193 2.03778
12.9353 2.04002
13.2428 2.14098
12.864 2.09485
12.6506 2.0113
12.4993 2.00233
12.5214 2.07055
12.8956 2.20854
12.5653 2.15666
12.7082 2.26884
13.0963 2.31437
12.9969 2.39709
13.2826 2.43582
13.1237 2.4852
12.9478 2.46131
13.273 2.49579
12.751 2.4504
12.8309 2.53388
12.9355 2.59203
12.7468 2.56145
12.6511 2.49523
12.5333 2.51283
12.4101 2.39465
12.5541 2.34862
12.7955 2.38159
12.3378 2.23347
12.4188 2.16642
12.2013 2.10206
12.3142 2.06435
11.9803 1.98172
12.2179 1.98162
12.3322 1.98642
12.182 1.93164
12.0453 1.91532
12.0879 1.89994
12.2836 1.94351
12.3622 1.93333
12.1542 1.87891
11.8694 1.841
11.8212 1.85857
11.6606 1.80461
11.6601 1.78471
11.8965 1.83102
11.9029 1.84304
11.6685 1.94399
12.0909 1.89539
12.1684 1.88011
12.3402 1.94305
12.4298 1.94003
12.6404 2.00738
12.3716 1.99325
12.6276 2.06269
12.8524 2.11009
12.9483 2.07808
13.1506 2.12182
13.0736 2.17607
13.3795 2.20428
13.1902 2.22873
13.425 2.2945
13.5293 2.27045
13.6598 2.35103
13.8903 2.38842
14.08 2.43734
14.1834 2.43925
14.0313 2.50054
13.9746 2.58019
13.9722 2.71718
13.1666 2.25282
12.9061 2.20249
12.6447 2.14847
12.8778 2.15367
12.3821 2.09064
12.1254 2.04645
11.8786 2.03729
11.6442 2.04413
11.4104 2.05614
11.7269 2.00868
12.0352 1.9729
12.6348 1.9677
12.8111 2.00487
12.7184 1.98746
12.5185 1.94794
12.3518 1.91091
12.3741 1.92374
11.4655 1.75943
11.5388 1.81217
11.4187 1.81236
11.6397 1.88122
11.4462 1.88525
11.7215 1.98579
11.5774 2.0089
11.7784 2.07247
11.7358 2.11653
11.5804 2.09949
11.7291 2.18311
11.5781 2.19514
11.7127 2.29872
11.5461 2.3267
11.6779 2.45261
11.4581 2.50126
11.5899 2.71685
11.8651 2.553
11.9243 2.85898
11.4758 3.20282
11.7885 3.18534
11.6597 3.39766
11.8304 3.37902
12.0732 3.17576
11.9506 3.55757
11.7172 3.66067
11.8694 3.97003
12.0827 3.76008
12.1951 3.46116
12.2888 3.68882
12.2027 3.90824
12.4735 3.67407
12.4381 3.45784
12.6208 3.24578
12.3702 3.20988
12.5444 3.01323
12.6442 2.81929
12.4225 2.84544
12.3308 3.00774
12.2116 2.89482
12.2851 2.69109
12.0739 2.59383
12.2213 2.52179
12.3653 2.5468
12.3146 2.44768
12.4404 2.52665
12.5434 2.63038
12.6358 2.57932
12.7179 2.62492
12.7471 2.71388
12.4771 2.73625
12.0491 2.40589
12.1708 2.32554
12.2361 2.34519
12.17 2.27321
12.3613 2.3149
12.0002 2.11754
11.9194 2.16626
12.0091 2.26694
11.9878 2.29325
11.8698 2.21018
11.8663 2.28915
11.8397 2.38617
12.0668 4.01338
12.0053 4.24806
11.7887 4.49932
12.1126 4.59508
11.9496 5.05106
12.1174 5.23827
12.0702 5.58725
11.7909 5.46734
11.8618 5.79239
11.7331 5.74079
11.7065 6.0819
12.0021 6.08462
11.9164 6.41181
11.4894 6.37153
11.3532 5.99844
11.5726 5.63295
11.2969 5.48884
11.5608 5.04584
11.2378 5.07341
11.3303 4.68457
11.5226 4.53448
11.5339 4.09101
11.4039 4.39699
11.2193 4.29765
11.2481 3.7898
11.5211 3.61854
11.0308 3.42607
11.1773 3.08511
11.3478 2.88965
11.1377 2.84801
10.8902 3.142
10.8583 2.82291
10.5822 3.13068
10.62 3.37726
10.8172 3.3701
10.7303 3.58474
10.8822 3.88093
10.5919 3.85451
10.586 4.21064
10.327 3.9903
10.2727 4.32542
10.4318 4.53913
10.678 4.65503
10.3898 4.93746
10.7197 5.1765
11.0153 4.79272
10.913 4.31021
11.0695 4.06287
10.9726 5.39088
10.8033 5.39832
10.7213 5.61698
10.8994 5.77372
10.7857 6.05589
10.6334 5.88729
10.5293 6.06203
10.5233 5.76963
10.2877 5.80539
10.4652 5.43932
10.1781 5.30948
10.0417 4.86482
10.2361 4.62052
10.0654 4.49339
9.80759 4.55121
10.013 4.18001
9.72735 4.22881
9.856 3.97962
9.63909 3.96993
9.84564 3.79717
10.0933 3.79295
9.94998 3.58989
10.2812 3.42887
10.0387 3.37004
10.2797 3.13344
10.5674 2.92602
10.4147 2.85684
10.6827 2.70169
10.9415 2.52455
11.1864 2.56689
11.1638 2.34028
11.36 2.35387
11.3204 2.23126
11.4497 2.23277
11.4141 2.12403
11.1827 2.15279
11.2999 2.01359
11.4509 2.02417
11.3701 1.94847
10.9495 2.30019
10.8211 2.23019
10.7494 2.33904
10.586 2.29272
10.5725 2.45609
10.3596 2.4642
10.2651 2.33701
10.0942 2.52915
9.95856 2.45791
10.0597 2.31125
10.2665 2.23124
9.91663 2.27102
9.71803 2.49318
9.6442 2.38563
9.8085 2.24204
9.68233 2.26393
9.81625 2.20123
9.60315 2.33841
9.45503 2.40208
9.43709 2.47493
9.25669 2.5324
9.09972 2.62157
9.07754 2.69671
9.2405 2.63162
9.04597 2.84729
9.23043 2.71851
9.41591 2.61004
9.21994 2.81244
9.39737 2.77795
9.18603 2.93477
9.04702 3.00822
8.83959 3.13051
8.78711 3.03655
8.91195 2.85828
8.75737 2.94655
8.9099 2.77839
8.76002 2.89048
8.68828 2.94506
8.60462 3.08155
8.61719 3.08399
8.68274 2.98782
8.67087 3.09102
8.57442 3.14964
8.60295 3.21439
8.62428 3.30506
8.3952 3.49294
8.44798 3.35764
8.50324 3.22363
8.34501 3.62075
8.22017 3.79552
8.29658 3.81702
8.16109 3.99413
8.246 4.05563
8.1444 4.21195
8.21724 4.26698
8.14936 4.43235
8.24675 4.45297
8.30812 4.18043
8.3882 4.303
8.46216 4.01522
8.55095 4.11274
8.4728 4.43068
8.63656 4.25647
8.70395 3.96068
8.81951 4.08401
8.76814 4.36962
8.91627 4.2004
9.02967 3.94537
9.05869 4.17482
8.93929 4.46378
9.20492 4.32172
9.23181 3.98949
9.4048 4.0629
9.48684 3.76406
9.47935 4.32719
9.72738 3.71208
9.75255 3.48336
9.47373 3.46027
9.2471 3.71808
9.2315 3.48925
9.37803 3.30627
9.584 3.182
9.42832 3.14035
9.59713 2.99023
9.74801 2.99781
9.78091 2.86857
9.98281 2.86729
9.8406 3.09103
10.1234 2.99016
9.95186 3.22672
9.7109 3.28912
10.2747 2.76091
10.5257 2.6356
10.3938 2.58666
10.1767 2.64605
10.7485 2.48334
9.9259 2.71198
9.84259 2.61213
9.69038 2.79873
9.63067 2.68842
9.78157 2.54895
9.41563 2.96671
9.24038 2.97935
9.19851 3.12013
9.07188 3.12664
9.08007 3.27207
8.92746 3.36847
8.89537 3.23429
8.76907 3.47005
8.69376 3.38498
8.47541 3.5967
8.60937 3.60003
8.50646 3.71204
8.54966 3.77744
8.67184 3.66334
8.79706 3.65618
8.61907 3.87287
8.62573 3.97614
8.90306 3.80189
9.02819 3.50304
9.07975 3.68836
9.23873 3.25613
8.40378 3.8785
9.29403 4.59672
9.50678 4.75189
9.62135 4.45163
9.74893 4.9783
9.5603 5.12642
9.38174 5.15207
9.24422 4.92256
9.22053 5.22986
9.03554 5.14413
9.0837 4.71179
8.84193 4.88466
8.74679 4.63604
8.59094 4.60399
8.65466 4.86841
8.50406 4.91682
8.41861 4.70491
8.35234 4.53226
8.25956 4.77045
8.18926 4.61669
8.17953 4.5228
8.1425 4.58605
8.07488 4.60822
8.05917 4.37433
7.97097 4.52471
7.97662 4.7211
8.03461 4.86965
8.09 5.02789
8.17394 5.22735
8.25556 5.10934
8.3694 4.97166
8.3746 5.22654
8.46803 5.10323
8.58899 5.1117
8.52245 5.28909
8.74966 5.34498
8.56609 5.49295
8.65867 5.74779
8.89178 5.79004
8.82136 6.16171
9.03538 6.10503
9.08051 6.4786
9.26771 6.24047
9.15288 5.79752
9.42136 5.94991
9.33309 5.52109
9.56224 5.69052
9.50098 5.37629
9.71873 5.40403
9.79695 5.8435
9.98853 5.61119
9.92568 5.22622
10.045 6.08633
9.8436 6.24057
9.63666 6.02828
9.58257 6.37791
9.88395 6.61226
9.9558 6.40411
10.0833 6.46077
10.1058 6.80323
10.2462 6.65746
10.324 6.33601
10.4386 6.76491
10.2714 6.88577
10.6384 6.46647
9.98659 6.30081
9.64857 6.84891
9.67118 7.25156
9.43903 7.03042
9.37017 6.65258
9.20509 6.85576
8.99851 6.74325
8.89098 6.50343
8.84937 6.66179
8.95016 6.88975
9.11184 7.02152
8.77636 6.42455
8.62812 5.99592
8.52417 6.01239
8.50966 5.81533
8.49727 5.62788
8.33436 5.63076
8.41751 5.45116
8.24796 5.43189
8.39676 5.87518
9.28066 7.136
9.45321 7.35207
9.64821 7.545
9.14084 5.43852
8.98778 5.50323
8.70011 5.05539
8.13873 4.74628
8.96684 2.6947
11.3492 2.6853
10.4381 3.65969
10.8871 6.41673
11.1008 6.59203
11.06 6.18254
11.2805 6.39107
11.086 5.80471
10.9535 5.96211
12.1743 6.50631
12.2622 6.07114
12.325 5.65615
12.2235 5.34798
13.244 2.27447
13.2764 2.20819
13.5255 2.20992
13.577 2.17593
10.3675 8.36691
10.4264 8.60302
10.5911 8.76123
10.8244 8.75348
10.7519 8.92221
10.5688 8.92079
10.6904 9.04821
10.8901 9.06055
10.9414 8.92101
11.0732 8.81219
10.0633 9.49148
9.95099 9.33902
9.85781 9.28278
9.75383 9.10128
9.58429 8.97459
9.66172 8.80942
9.78766 8.73758
9.99148 8.8697
9.70945 8.44523
9.52943 8.57765
9.46347 8.32097
9.53742 8.17731
9.30603 8.02722
9.23577 8.3719
9.10909 8.04901
9.11411 7.81936
9.18036 7.70852
9.01413 7.57748
8.95809 7.73528
8.80476 7.41457
9.33788 8.59065
9.50922 8.75306
9.4264 8.80389
14.4148 3.12984
11.0232 10.0435
10.8058 10.0205
10.9079 10.15
11.2464 10.269
10.9134 10.245
10.7834 10.1992
10.6752 10.1171
10.3983 9.99505
11.8408 10.2195
11.8098 10.1215
11.6986 10.0348
11.8555 10.024
11.9896 9.9391
11.8034 9.98437
11.8902 9.86965
11.7307 9.95448
13.0904 8.84858
13.1343 8.63035
13.3165 8.41142
13.5994 8.8621
13.488 8.95108
13.6017 8.81906
13.5459 8.82262
14.331 7.64938
14.3995 7.51296
14.2772 7.80434
14.4321 7.55465
14.3561 7.7186
14.4666 7.5039
14.342 7.76365
14.4576 7.54533
14.5858 7.28331
14.4449 7.55311
14.5444 7.30451
14.7118 6.99804
14.6203 7.11376
14.7259 6.84415
14.8216 6.71653
14.8466 6.56596
14.9769 6.24648
14.8096 6.54043
14.9392 6.1774
15.1173 5.84475
15.2229 5.68988
14.7875 6.39456
14.4226 7.51654
14.217 7.99568
14.2252 7.96807
14.1018 8.15809
14.1978 7.96524
14.0936 8.14523
14.2075 7.92337
15.2897 3.28775
15.2018 3.22412
15.185 3.22207
15.1263 3.19995
15.0173 3.13476
14.8847 3.03162
14.8927 3.12939
14.8012 2.98952
14.9217 6.60834
15.1611 3.66021
15.2257 3.80078
15.3647 4.07181
15.2959 3.96773
15.2579 3.88728
15.3817 3.91624
15.424 4.1096
15.4197 4.20925
15.4628 4.34976
15.4903 4.49181
15.5061 4.63295
15.499 4.77186
15.4867 4.90822
15.4458 5.10108
15.4351 5.22686
15.3895 5.30259
15.3849 5.26088
15.2731 5.59853
15.1773 5.90568
15.2129 5.75025
15.1826 5.91446
15.2613 5.69153
15.338 5.47466
15.3353 5.44594
15.3307 5.58026
15.2411 5.83443
15.2457 5.86593
15.1406 6.10646
15.1573 6.10636
15.1121 6.12507
15.0174 6.32699
15.4885 5.01384
15.5278 4.55445
15.5128 4.41618
15.078 3.52627
15.039 3.43139
