15.5218 -6.16812
15.5808 -6.11041
15.6907 -6.0355
15.6941 -6.20378
15.776 -6.12176
15.7864 -5.93515
15.846 -6.03357
15.8025 -6.18792
15.8477 -6.23251
15.9132 -6.058
15.8999 -5.90402
15.9504 -5.84163
15.943 -6.0335
15.9833 -5.82808
15.9426 -6.00437
15.9575 -5.81148
15.9365 -5.99142
15.9242 -5.97184
15.9633 -5.75711
16.0004 -5.5441
15.9605 -5.69914
16.0038 -5.36688
16.0387 -5.23075
16.042 -5.35239
15.8631 -5.8336
15.9289 -5.75365
15.9735 -5.6967
16.0033 -5.63463
16.0087 -5.56552
16.0251 -5.5136
16.0399 -5.46096
15.9957 -5.62032
10.8517 0.944171
11.0584 0.918414
11.2159 0.957076
11.3539 0.982515
11.5542 0.925816
11.6878 0.998508
11.8571 1.0394
12.0413 1.10011
12.2175 1.15199
12.4084 1.16213
12.6058 1.15831
12.8076 1.11175
13.3828 0.990096
13.9875 0.671761
14.124 0.554085
13.9917 0.541799
13.8613 0.633649
13.8493 0.773811
13.7067 0.82773
13.7 0.54583
13.922 0.431002
13.8315 0.263154
14.0818 0.18261
13.9681 -0.0832045
14.1434 -0.061302
14.2143 -0.275539
14.2638 -0.143106
14.2258 0.00291143
14.346 -0.0940624
14.3992 -0.315135
14.5318 -0.154588
14.318 0.142366
14.4955 0.0792369
14.3823 0.32655
14.5818 0.118893
14.6485 0.187651
14.7223 0.0402368
15.0658 -0.453142
14.8937 -0.241946
14.8014 -0.11243
14.7388 -0.234812
14.8497 -0.500991
14.9804 -0.494597
15.0073 -0.6493
15.0784 -0.627131
15.1354 -0.834035
15.1979 -0.702925
15.2583 -0.934352
15.3427 -0.936328
16.0957 -4.144
16.0811 -4.41613
16.0593 -4.68724
16.0433 -4.90371
16.0494 -5.10808
16.0085 -5.01317
15.9407 -5.29862
15.9097 -5.66128
15.8547 -5.57705
15.8191 -5.41543
15.8948 -5.1184
15.8032 -5.143
15.89 -4.87814
15.9702 -4.91801
15.9393 -4.66986
15.8637 -4.61656
15.9657 -4.30912
16.0079 -4.62766
16.0548 -4.36968
16.0152 -4.8118
16.0727 -4.02936
16.1223 -3.87576
16.0583 -3.65874
16.0059 -3.89907
15.9038 -3.56135
15.9693 -3.32219
16.0522 -3.36067
15.9899 -3.17423
16.0177 -3.13726
15.9943 -2.90879
15.9675 -2.71347
15.9027 -2.5133
15.9186 -2.82216
15.9761 -3.00297
15.917 -3.04933
15.8476 -2.83991
15.8538 -3.13381
15.7586 -2.84348
15.7444 -2.60338
15.828 -2.58475
15.7518 -2.39067
15.7935 -2.33779
15.8376 -2.30298
15.7658 -2.08418
16.0873 -3.60497
15.6947 -1.85795
15.6232 -1.62544
15.5513 -1.38778
15.4678 -1.16819
15.5433 -1.50214
15.4179 -1.3594
15.525 -1.64978
15.6388 -1.82627
15.5962 -1.92232
15.7082 -2.1407
15.6404 -2.2906
15.454 -1.99321
15.5065 -2.33172
15.6253 -2.6618
15.4259 -2.53957
15.5897 -3.06861
15.714 -2.99896
15.7495 -3.30814
15.7683 -3.64201
15.8739 -3.94198
15.7103 -3.92808
15.8048 -4.31171
15.6536 -4.37386
15.7277 -4.69712
15.8001 -4.89136
15.6613 -5.13145
15.6971 -5.45096
15.5533 -5.56306
15.4914 -5.29412
15.5473 -4.84263
15.3314 -5.1664
15.397 -4.72501
15.4994 -4.4089
15.5627 -4.0177
15.4281 -4.07537
15.4578 -3.75573
15.2891 -3.82514
15.381 -3.33959
15.5711 -3.54788
15.486 -3.2043
15.3856 -2.89556
15.2475 -2.97149
15.1942 -2.63753
15.31 -2.60544
15.2393 -2.39935
15.2883 -2.22967
15.1325 -2.12153
15.2273 -1.93648
15.3738 -2.20087
15.2703 -1.64596
15.4377 -1.63498
15.3052 -1.45585
15.3762 -1.42811
15.2773 -1.27851
15.1312 -1.2958
15.139 -1.04399
15.2695 -1.09078
15.3731 -1.09607
14.9854 -0.789347
14.9796 -0.981395
14.7813 -0.730452
14.8462 -1.15563
15.0564 -1.57506
14.8174 -1.61513
15.0279 -1.84777
14.9439 -2.04769
15.0697 -2.3525
14.8775 -2.47354
15.0619 -2.54767
15.0789 -2.81789
14.9113 -3.1519
15.1731 -3.26137
15.0952 -3.57975
15.1115 -3.95292
15.1878 -4.32156
15.3455 -4.36148
15.246 -4.76119
15.0699 -4.71637
15.1085 -5.16275
15.1534 -5.54442
15.3369 -5.68588
15.0619 -5.99022
15.2551 -6.13613
15.4705 -5.97371
15.6193 -5.76964
15.5911 -6.01238
15.6674 -5.89468
15.7188 -5.68351
15.7919 -5.68286
15.7378 -5.8913
15.8195 -5.85867
15.7328 -6.10668
15.8112 -6.12212
15.8615 -5.93971
15.9103 -5.88587
15.8649 -6.13694
15.8665 -6.29307
15.9105 -6.17312
15.8821 -6.33706
15.8793 -6.36979
15.9128 -6.17933
15.8814 -6.27563
15.8564 -6.5482
15.8159 -6.45705
15.765 -6.32219
15.7668 -6.4998
15.6907 -6.46394
15.651 -6.32051
15.5781 -6.41359
15.5584 -6.28411
15.4963 -6.36679
15.4427 -6.4591
15.3556 -6.27328
15.4536 -6.22535
15.1989 -6.29048
10.3816 -7.11249
10.6274 -7.20409
10.8697 -7.31129
10.7332 -7.36945
10.9086 -7.45685
10.7286 -7.47406
10.8442 -7.54946
10.9773 -7.54508
11.0935 -7.53091
11.0725 -7.59439
11.1707 -7.60622
11.0717 -7.65374
10.9656 -7.59656
10.8656 -7.63602
10.6304 -7.58268
10.712 -7.65829
10.9245 -7.68298
10.6835 -7.70694
10.456 -7.64542
10.4105 -7.68291
10.6585 -7.76138
10.9462 -7.7697
10.8068 -7.79651
10.4762 -7.71925
10.6658 -7.77771
10.9345 -7.83786
10.8308 -7.83889
10.9859 -7.85471
10.8943 -7.87059
10.6944 -7.84099
10.8701 -7.89728
11.116 -7.8985
11.044 -7.91437
10.8257 -7.88093
10.9901 -7.88622
10.7937 -7.82389
10.9596 -7.82672
10.8251 -7.75455
11.0693 -7.76125
11.1479 -7.85651
11.3008 -7.80729
11.384 -7.88084
11.5764 -7.80188
11.332 -7.71837
11.6101 -7.678
11.3573 -7.56168
11.6627 -7.56155
11.836 -7.63407
11.9072 -7.74845
12.0657 -7.63147
11.9164 -7.50793
12.1573 -7.51529
12.0957 -7.43395
12.3181 -7.33724
11.9652 -7.32155
12.0962 -7.06947
12.4664 -6.9685
12.2104 -6.78998
12.4764 -6.59461
12.0915 -6.46121
12.5368 -6.13548
12.0928 -6.07512
12.1972 -5.73173
11.8222 -5.83291
11.889 -5.52176
12.0375 -5.32784
12.3756 -5.48544
12.401 -5.1506
12.635 -5.43917
12.5476 -5.7169
12.9547 -5.72249
12.8678 -5.0399
13.1853 -5.33392
13.2948 -5.59194
13.2777 -5.89026
13.5534 -5.64731
13.4711 -5.31116
13.7477 -5.33754
13.8168 -5.6606
13.9974 -5.38343
14.0783 -5.84451
14.2135 -5.41392
14.3905 -5.63398
14.3989 -5.18758
14.1523 -4.99411
14.3737 -4.77041
14.1918 -4.51014
13.8934 -4.59766
14.0428 -4.03829
13.72 -4.09268
13.8171 -3.47993
14.1255 -3.57009
14.2683 -3.84252
14.3205 -3.56434
14.2333 -3.28239
14.4135 -3.29016
14.4536 -3.6691
14.5779 -3.52035
14.6132 -3.10688
14.371 -2.89621
14.2998 -3.09592
14.1687 -2.98983
14.2131 -2.69883
14.3426 -2.52848
14.156 -2.43707
14.0383 -2.7339
13.9382 -2.40954
13.767 -2.85927
13.6432 -2.35257
13.4497 -2.79456
13.4612 -3.2306
13.9663 -3.08369
13.9463 -3.26068
14.0433 -3.26359
13.4422 -3.67494
13.6027 -3.83326
13.3997 -4.11266
13.5285 -4.54679
13.1801 -4.55589
13.1037 -4.21889
13.1712 -3.89918
12.9164 -4.06227
12.9669 -3.78987
12.8102 -3.91232
12.7573 -3.69325
12.5901 -4.07848
12.3391 -3.64873
12.1094 -4.12784
12.3861 -4.62376
12.8403 -4.4366
13.3167 -4.96044
12.0566 -4.93972
11.8194 -4.54315
11.6251 -5.04187
11.8017 -5.35366
11.9165 -5.39443
11.4975 -5.51548
11.2385 -5.20785
11.1622 -4.88411
11.4161 -4.61076
11.1164 -4.5467
11.3111 -4.2937
11.5301 -4.38061
11.6389 -4.09417
11.2883 -3.93713
10.9831 -4.22478
11.0607 -3.83299
10.8347 -3.86811
11.0344 -3.56664
11.2597 -3.58196
11.2811 -3.1642
11.4279 -3.38899
11.664 -3.20677
11.7397 -2.74238
12.0671 -2.94707
12.1548 -2.56093
12.0321 -2.19507
11.6324 -2.39803
11.6834 -2.02541
11.9889 -1.65163
11.6825 -1.69638
11.755 -1.40693
11.9551 -1.27781
11.8162 -1.13051
12.0132 -0.996145
12.1945 -1.23733
12.2306 -0.925133
12.0975 -0.6368
11.7828 -0.866196
11.7547 -0.573184
11.8957 -0.296973
11.5386 -0.370233
11.7353 -0.0181779
12.0169 -0.0325445
12.2285 -0.256584
12.3031 0.111919
11.9407 0.236829
12.1693 0.449807
12.3615 0.348515
12.4275 0.492769
12.5874 0.245615
12.7226 0.517379
12.4287 0.778493
12.7593 0.784504
12.6416 0.969432
12.4238 1.03363
12.1425 0.727244
11.9301 0.800524
11.8351 0.926129
11.8059 0.795552
11.7666 0.630529
11.9845 0.61335
11.8891 0.446107
12.2924 0.612899
11.568 0.29343
11.449 -0.0609897
11.1973 0.0366127
11.2747 0.294419
11.3519 0.432546
11.1936 0.404632
11.2322 0.53837
11.4878 0.629623
11.2286 0.746095
11.0733 0.571232
10.9735 0.666556
10.8802 0.461023
10.7941 0.57638
10.6525 0.434035
10.7114 0.252976
10.9091 0.295883
10.8437 0.0179746
11.0785 0.250861
11.0502 0.437277
10.934 -0.291785
11.2205 -0.323006
10.9449 -0.698312
11.2584 -0.628784
11.4756 -0.803399
11.1306 -1.02508
11.336 -1.11169
11.5573 -1.17713
11.2197 -1.48513
11.5272 -1.5232
11.4346 -1.83668
11.1809 -1.9434
11.3273 -2.28157
10.9843 -2.23854
11.0245 -2.75605
11.3951 -2.67562
10.8353 -3.38757
10.6164 -2.96126
10.7659 -2.51174
10.5616 -2.50478
10.6833 -2.05345
10.9633 -1.82356
10.796 -1.62656
10.5424 -1.53791
10.7589 -1.4158
10.8066 -1.16063
10.6004 -0.976194
10.2572 -1.19617
10.412 -0.757755
10.179 -0.869242
10.2757 -0.616085
10.0674 -0.670045
10.2246 -0.436696
10.478 -0.370712
10.3138 -0.217675
10.1446 -0.329355
10.142 -0.139054
9.9723 -0.377594
9.91115 -0.175969
9.76003 -0.412993
10.0476 0.0411882
9.60214 -0.640472
9.672 -0.665043
9.80976 -0.591817
9.74529 -0.71875
9.81598 -0.807019
9.93924 -0.578488
10.0697 -0.47825
9.97646 -0.947309
9.77749 -1.14454
9.94297 -1.15556
10.0775 -1.07415
10.0295 -1.25481
10.0304 -1.5056
10.2145 -1.66984
10.0102 -1.83401
10.1425 -2.12082
10.3477 -1.89328
10.3955 -2.24381
10.4839 -1.92817
10.2129 -2.49908
10.3703 -2.72146
10.1708 -2.83157
10.2692 -3.27064
10.5048 -3.53435
10.3046 -3.72037
10.4041 -3.98844
10.6197 -3.83145
10.5717 -4.35076
10.2541 -4.38585
10.2721 -4.78927
10.4942 -4.93302
10.8153 -4.7421
10.6509 -5.06788
10.8756 -5.1849
10.5015 -5.40291
10.8085 -5.55531
11.0826 -5.44957
11.0651 -5.81514
11.4405 -5.96035
11.7452 -6.20759
11.3039 -6.34717
11.6412 -6.58212
11.8899 -6.82599
11.5174 -6.90758
11.7295 -7.11877
11.3157 -7.16397
11.5946 -7.38491
11.2427 -7.38951
10.9929 -7.50257
11.1106 -7.64706
10.8388 -7.64867
10.73 -7.53424
10.7454 -7.392
10.5602 -7.48232
10.5789 -7.38261
10.6171 -7.25823
10.815 -7.25145
10.9333 -7.03017
10.9958 -7.29261
11.2511 -6.96814
11.2645 -6.74698
10.952 -6.6283
10.895 -6.23913
10.6453 -6.56097
10.5687 -6.29988
10.5821 -5.93588
11.1769 -6.08486
10.4195 -6.23003
10.2361 -6.1546
10.3005 -5.77777
10.2101 -5.5409
10.2478 -5.20705
10.0368 -5.45795
10.0611 -5.08159
10.0719 -4.7133
9.91005 -4.95863
9.8779 -5.30383
9.77873 -5.10943
9.79311 -4.84695
9.90463 -4.63263
9.72112 -4.51546
9.89339 -4.34179
10.0486 -4.36406
9.98522 -3.99969
10.1945 -4.04027
10.1547 -3.72451
10.0059 -3.53828
9.78451 -3.77394
9.83159 -3.34375
9.63773 -3.42704
9.71764 -3.10782
9.56007 -3.12099
9.63932 -2.94712
9.71198 -2.92104
9.81873 -2.87545
9.84324 -3.10299
9.99246 -3.08215
9.99696 -2.5892
9.7928 -2.57196
9.8552 -2.18898
9.6252 -2.49197
9.61363 -2.04238
9.47063 -2.39761
9.39911 -2.16849
9.50112 -1.93046
9.41038 -1.9158
9.50441 -1.73004
9.57172 -1.8352
9.66346 -1.66223
9.57869 -1.52948
9.46494 -1.55972
9.55598 -1.32686
9.6869 -1.40415
9.61801 -1.02285
9.44598 -1.19598
9.48198 -1.00359
9.56222 -0.835844
9.68257 -0.809721
9.4609 -0.823691
9.3434 -1.00955
9.25187 -1.17874
9.34601 -1.45066
9.18324 -1.47058
9.18788 -1.66706
9.33432 -1.75591
9.15193 -1.93401
9.28343 -2.04084
9.173 -2.16756
9.24029 -2.30842
9.2894 -2.6196
9.15961 -2.55322
9.0974 -2.867
9.2041 -2.99593
9.33058 -2.99658
9.44454 -2.71812
9.44863 -3.00969
9.40631 -3.39461
9.55668 -2.83618
9.23665 -3.25515
9.17942 -3.64548
9.36229 -3.90132
9.55674 -3.81753
9.506 -4.29172
9.6716 -4.1126
9.80982 -4.15415
9.54792 -4.7271
9.66152 -4.96709
9.47719 -5.13004
9.66986 -5.42488
9.43575 -5.65822
9.62217 -5.99173
9.84607 -5.73877
10.0596 -5.83901
9.91019 -5.98189
9.97898 -6.1915
10.0562 -6.55238
10.3537 -6.50499
10.1944 -6.83993
10.4473 -6.81778
10.6971 -6.82776
10.5489 -7.05239
10.3089 -7.03674
10.3259 -7.24983
10.4407 -7.39183
10.237 -7.43452
10.3819 -7.5136
10.4818 -7.56076
10.5966 -7.57336
10.5041 -7.60501
10.6248 -7.64789
10.4511 -7.65248
10.5879 -7.72455
10.716 -7.69861
10.6925 -7.60115
10.2767 -7.67728
10.4182 -7.73798
10.607 -7.80378
10.4636 -7.75426
10.494 -7.77996
10.6849 -7.86609
10.4668 -7.75285
10.426 -7.73252
10.283 -7.73174
10.2304 -7.69863
10.0591 -7.72935
10.2221 -7.71549
9.94492 -7.70119
10.133 -7.65857
10.2232 -7.64317
10.0937 -7.62359
9.85255 -7.6225
9.84088 -7.64704
9.62844 -7.60491
9.58744 -7.51038
9.79953 -7.51323
9.96536 -7.57339
9.98401 -7.49421
10.1787 -7.57184
10.1981 -7.46934
10.3736 -7.55408
10.267 -7.62875
10.5176 -7.42026
10.3218 -7.30392
10.326 -7.17411
10.168 -7.21803
10.1342 -7.0387
9.87816 -6.98961
8.24197 -2.83033
8.28169 -2.67111
8.33489 -2.75301
8.38048 -2.62311
8.50218 -2.63601
8.3823 -2.84496
8.48618 -2.77193
8.51472 -2.58575
8.47001 -2.57053
8.42675 -2.56032
8.42759 -2.47696
8.60999 -2.47203
8.69993 -2.35138
8.76068 -2.2539
8.83076 -2.17197
8.92298 -1.97221
8.86754 -2.0877
9.00498 -2.02898
8.93501 -2.23
9.07379 -2.18601
8.99445 -2.43695
9.11974 -2.37049
9.05096 -2.61932
8.96041 -2.63341
8.93781 -2.86434
8.96078 -3.17053
9.09888 -3.25076
8.94909 -3.57035
8.83792 -3.33852
8.69388 -3.55739
8.79406 -3.83926
8.61766 -3.9027
8.8041 -4.24683
8.93456 -3.9236
9.02597 -4.16337
9.0466 -3.849
9.13497 -3.97472
9.17364 -4.25067
9.23373 -4.00422
9.31443 -4.28181
9.23871 -4.57245
9.38205 -4.69492
9.28297 -4.79662
9.31252 -5.02483
9.33641 -5.34717
9.19229 -5.25307
9.19098 -4.86872
9.03167 -4.9796
9.05722 -5.35005
9.14131 -5.52937
9.25549 -5.59878
9.15737 -5.74561
9.25365 -5.99405
9.43199 -6.06491
9.34971 -6.28101
9.4929 -6.37987
9.67657 -6.49594
9.80951 -6.14489
9.86593 -6.43617
9.84507 -6.73768
9.99303 -6.88884
9.82664 -7.06839
10.0804 -7.13056
9.8664 -7.33124
10.0967 -7.34507
10.0139 -7.50622
10.216 -7.56341
10.0717 -7.6045
10.2311 -7.622
10.1186 -7.64663
10.0182 -7.65173
10.046 -7.67801
10.2329 -7.69356
10.0645 -7.67298
10.3214 -7.71396
9.92073 -7.67473
9.79417 -7.65112
9.87297 -7.6589
9.69391 -7.64781
9.75595 -7.65596
9.61434 -7.66061
9.72571 -7.64696
9.87255 -7.65417
9.8569 -7.64988
9.95356 -7.65638
9.86564 -7.64725
9.70106 -7.65472
9.76714 -7.63461
9.64866 -7.61468
9.49708 -7.66328
9.5542 -7.66727
9.36843 -7.6558
9.44555 -7.6755
9.52464 -7.67203
9.38719 -7.64409
9.44351 -7.65562
9.60767 -7.6519
9.61297 -7.64585
9.32559 -7.61861
9.44902 -7.62117
9.7721 -7.69221
9.66679 -7.65203
9.40108 -7.57366
9.45557 -7.53707
9.27345 -7.46848
9.41442 -7.49129
9.37312 -7.36417
9.67761 -7.33219
9.51642 -7.14577
9.80103 -7.11415
9.96583 -7.2355
9.9027 -7.38467
10.0911 -7.34904
9.61138 -6.97196
9.48013 -7.06206
8.30934 -6.18043
8.3712 -5.84647
8.33325 -5.72883
8.30624 -5.61141
8.5182 -5.6552
8.44293 -5.411
8.54633 -5.32898
8.72548 -5.37564
8.57862 -5.00594
8.77381 -4.91267
8.66601 -4.60643
8.81658 -4.60548
8.8992 -4.53262
8.90021 -4.79567
8.97872 -4.64904
9.08589 -4.55217
8.9641 -4.41727
8.89062 -5.12083
8.97817 -5.22431
8.93593 -5.42052
9.04904 -5.63261
8.89864 -5.77267
8.68381 -5.78746
8.75519 -6.08672
8.94947 -6.10655
8.87469 -6.40106
9.07968 -6.27911
9.06939 -5.92749
9.2305 -6.35446
9.13559 -6.60422
9.33298 -6.60218
9.22064 -6.8061
9.11419 -6.85357
8.96258 -6.76263
9.05682 -6.9884
9.21359 -7.04127
9.07933 -7.16741
8.93858 -7.05052
8.98121 -7.24655
8.80718 -7.15114
8.89873 -7.32662
8.78262 -7.30077
8.92677 -7.4352
9.06229 -7.41711
9.0966 -7.54791
9.23834 -7.53606
9.23165 -7.40699
9.36408 -7.48734
9.42684 -7.58846
9.2923 -7.6227
9.53526 -7.50247
9.40284 -7.36426
9.62517 -7.37783
9.51823 -7.2095
9.69363 -7.23987
9.65012 -7.10045
9.53903 -6.98875
9.68171 -6.8763
9.56223 -6.74396
9.55395 -6.56987
9.47641 -6.63277
9.43695 -6.82712
9.31702 -6.87728
9.39179 -7.04393
9.34556 -7.20383
9.22347 -7.26479
9.10938 -7.31543
9.75778 -7.51008
9.87035 -7.60399
9.15127 -7.59936
9.28005 -7.64779
9.10524 -7.58673
9.26076 -7.62292
9.05357 -7.56811
9.17367 -7.58806
8.97664 -7.51241
9.0494 -7.51738
9.21113 -7.56074
9.01566 -7.46704
9.11293 -7.46208
8.84551 -7.31676
8.96019 -7.32267
9.06973 -7.32061
9.20625 -7.24982
9.34643 -7.16121
8.58328 -7.25895
8.72705 -7.28861
8.76573 -7.3622
8.87428 -7.44115
8.6875 -7.3711
8.47533 -7.25385
8.3605 -7.18648
8.33194 -7.12248
8.30579 -7.0249
8.41564 -7.15877
8.46143 -7.22451
8.52218 -7.24081
8.62665 -7.3409
8.63159 -7.27649
8.71669 -7.37564
8.81794 -7.43897
8.7971 -7.41163
8.95939 -7.50351
8.97666 -7.52284
8.86796 -7.4903
8.93025 -7.51816
8.75545 -7.41295
8.82162 -7.48386
8.88476 -7.48689
8.74066 -7.41888
8.82914 -7.45432
8.58992 -7.3295
8.63459 -7.37802
8.40074 -7.24315
8.53243 -7.3066
8.6466 -7.16317
8.52688 -7.12881
8.4954 -7.18002
8.41355 -7.08337
8.44672 -7.00268
8.34159 -6.92917
8.33527 -6.81614
8.33487 -6.56761
8.43802 -6.5734
8.58564 -6.75334
8.60622 -6.40482
8.76165 -6.64343
8.78098 -6.89491
8.64973 -7.00483
8.55483 -7.05113
8.52039 -6.93731
9.01263 -6.52329
8.30728 -6.32822
8.52788 -6.04659
8.33317 -6.01004
8.57635 -4.24224
8.49511 -4.63148
8.45674 -4.35493
8.39172 -4.0769
8.41016 -3.90474
8.39574 -3.90148
8.4144 -3.76682
8.4247 -3.45371
8.39456 -3.2496
8.52812 -3.37978
8.56308 -3.15193
8.6968 -3.24393
8.72691 -2.92266
8.50632 -2.97635
8.63937 -2.65381
8.76853 -2.68731
8.83585 -2.48006
8.86973 -2.6924
8.91691 -2.55723
8.845 -3.11629
8.41065 -2.95432
8.36862 -3.15022
8.31997 -3.03305
8.27181 -2.93232
8.4324 -3.62741
8.33051 -4.46479
8.35599 -4.27461
8.36055 -4.60387
8.35949 -4.73494
8.42665 -4.98134
8.47771 -5.19775
8.38133 -5.26133
8.351 -5.10197
8.29429 -5.26385
8.23554 -5.35156
8.26915 -5.48555
8.22603 -5.19824
8.26301 -5.05622
8.3219 -4.88926
9.987 -7.63356
10.3366 -7.64929
10.3716 -7.59807
9.02134 -1.79077
9.10477 -1.48368
9.15267 -1.34482
9.06532 -1.63129
8.37565 -2.50499
8.33727 -2.52665
9.68625 -2.76711
9.85119 -1.40176
9.83282 -1.75791
10.1778 0.258477
10.3198 0.462382
10.3407 0.29238
10.4764 0.421633
10.5056 0.619954
10.5724 0.517865
10.476 0.212135
10.6598 0.601013
10.6287 0.73387
10.7353 0.861125
10.8073 0.72447
10.2552 0.108177
10.3469 -0.0107505
10.5466 -0.0206983
10.6466 -0.155756
10.7191 -0.26646
10.6807 -0.552658
10.9343 -1.37372
10.9668 -1.57459
11.691 0.82057
12.8389 0.956293
13.0135 1.07364
12.9662 0.836298
13.1468 0.829337
13.2076 1.03375
13.4185 0.736611
13.5522 0.959616
13.2063 0.574131
13.4258 0.525617
13.3844 0.408323
13.5854 0.363849
13.5353 0.544417
13.4988 0.125679
13.7161 0.129813
13.7273 -0.0851346
13.8545 -0.380096
14.1246 -0.509748
13.9809 -0.670079
14.1483 -0.861837
13.9181 -0.969636
14.1489 -1.15231
14.2377 -1.03527
14.3038 -0.952643
14.3443 -1.18789
14.4766 -0.934505
14.2867 -0.760388
14.349 -0.565609
14.5595 -0.622805
14.5968 -0.417575
14.7316 -0.502099
14.6901 -0.361779
14.6429 -0.0441186
14.6687 -0.879153
14.6533 -1.04201
14.6303 -1.24428
14.4885 -1.22205
14.4978 -1.54531
14.6963 -1.98073
14.4377 -1.94208
14.5536 -2.34759
14.6919 -2.73149
14.511 -2.69871
14.7558 -3.61453
14.9603 -3.79061
14.7993 -4.2261
15.0178 -4.27685
14.9139 -4.6264
14.9031 -5.05663
14.7378 -4.78944
14.6518 -5.32442
14.9048 -5.60644
14.5902 -5.97201
14.8126 -6.0723
14.8482 -6.37226
15.0494 -6.38953
14.8593 -6.69189
15.0767 -6.65817
15.2108 -6.4079
15.3124 -6.52865
15.3578 -6.27756
15.5179 -6.28634
15.4517 -6.55222
15.579 -6.46665
15.6626 -6.3094
15.6588 -6.09299
15.7453 -6.31542
15.6732 -6.51402
15.7701 -6.45623
15.7358 -6.63194
15.8213 -6.52429
15.7474 -6.7035
15.8381 -6.59676
15.8531 -6.45852
15.8215 -6.35909
15.8517 -6.53976
15.8327 -6.66722
15.7546 -6.73768
15.7825 -6.62574
15.6941 -6.73055
15.7361 -6.60837
15.6212 -6.65272
15.6992 -6.58609
15.5954 -6.53866
15.4731 -6.57491
15.3281 -6.51313
15.2139 -6.39336
15.1731 -6.50732
14.9965 -6.41282
14.9952 -6.32765
13.6582 -7.16484
13.7807 -7.08915
13.8401 -7.20035
14.0623 -7.10398
14.0782 -7.19874
14.2472 -7.10738
14.3271 -7.18002
14.4706 -7.06266
14.6747 -7.13812
14.7286 -6.98917
14.964 -6.98336
14.9633 -6.87377
15.2157 -6.90133
15.1686 -6.77481
15.3336 -6.76827
15.2664 -6.69515
15.1654 -6.6708
15.2536 -6.60947
15.3693 -6.69458
15.3728 -6.59981
15.291 -6.55676
15.0884 -6.60348
14.9934 -6.53989
14.9006 -6.65552
14.7946 -6.52117
14.8436 -6.38633
14.6976 -6.45204
14.5751 -6.52091
14.4147 -6.60788
14.3522 -6.667
14.2179 -6.80463
14.3631 -6.86688
14.1307 -6.97151
14.3018 -7.02093
14.5362 -6.93117
14.644 -6.73817
14.7499 -6.88169
14.8569 -6.76538
15.0272 -6.7264
14.0652 -6.91503
13.9117 -7.00467
15.4819 -6.66453
15.4487 -6.75313
15.553 -6.73761
15.4445 -6.85017
15.5811 -6.80176
15.6411 -6.8099
15.5197 -6.86393
15.5727 -6.81696
15.4322 -6.95164
15.496 -6.8582
15.3535 -6.98372
15.4236 -6.87362
15.2929 -6.9589
15.3405 -6.89035
15.3866 -6.84421
15.5063 -6.78725
15.3966 -6.78017
15.2835 -6.91142
15.2665 -6.90264
15.2831 -6.84732
15.18 -6.99517
15.202 -7.0059
15.0998 -7.16151
15.1821 -7.06283
15.2245 -7.03704
15.1426 -7.14508
15.219 -7.08057
15.1188 -7.16311
15.1954 -7.08912
15.3232 -7.05582
15.2973 -7.02832
15.3574 -6.93777
15.2559 -6.99272
15.259 -6.95384
15.15 -6.98229
15.1691 -7.05983
14.9996 -7.07872
15.078 -7.14585
14.9262 -7.19999
14.754 -7.26479
14.8809 -7.3187
15.0344 -7.25863
14.9769 -7.33487
15.0789 -7.2279
14.9791 -7.33171
14.9628 -7.33199
14.8273 -7.42713
14.8449 -7.37606
14.6264 -7.43179
14.7317 -7.34992
14.5223 -7.33209
14.3204 -7.47096
14.1433 -7.37454
14.3652 -7.25177
14.1186 -7.28956
13.9228 -7.37271
13.8766 -7.30625
13.7123 -7.41991
13.5891 -7.33694
13.4297 -7.51952
13.7882 -7.4466
13.557 -7.55988
13.9671 -7.5158
13.771 -7.6108
13.5108 -7.68609
13.8332 -7.65798
14.004 -7.57172
14.0403 -7.60979
14.2121 -7.59269
14.1325 -7.61901
14.2586 -7.60555
14.3888 -7.56831
14.4111 -7.56533
14.5681 -7.50737
14.5393 -7.4977
14.4207 -7.52109
14.559 -7.45097
14.6942 -7.43156
14.6562 -7.39577
14.5694 -7.41332
14.6391 -7.32848
14.7718 -7.31916
14.7668 -7.19233
14.9064 -7.18079
14.9021 -7.06351
14.7872 -6.98523
14.985 -6.89718
15.0339 -7.00436
15.1752 -6.78641
14.9261 -6.8225
15.1717 -6.92747
15.271 -6.78578
15.3772 -6.7056
15.3242 -6.67342
15.5203 -6.62225
15.5922 -6.69257
15.0403 -7.1344
14.8769 -7.31846
14.7811 -7.43945
14.658 -7.48498
14.4352 -7.53081
14.6909 -6.86029
14.6044 -7.0093
14.5448 -7.19797
14.4633 -7.03096
14.5514 -6.85743
14.3565 -6.83463
14.5204 -6.62198
14.3944 -6.56121
14.5035 -6.37478
14.371 -6.30845
14.2189 -6.59694
14.147 -6.27966
13.9072 -6.61162
14.0625 -6.90465
14.2443 -7.13575
13.9395 -7.14793
13.98 -7.34391
14.2799 -7.37322
14.4902 -7.38469
14.359 -7.46496
14.4554 -7.46306
14.3103 -7.54323
14.2159 -7.60956
14.127 -7.59589
14.1945 -7.50983
14.0201 -7.57423
14.0251 -7.48258
13.9196 -7.56194
13.872 -7.53508
13.7864 -7.59216
13.8563 -7.61825
13.6673 -7.6628
13.7749 -7.65716
13.9513 -7.63223
13.8958 -7.66515
13.7728 -7.70334
13.9787 -7.64754
14.0322 -7.64202
14.1229 -7.6383
14.019 -7.63736
13.6061 -7.73087
13.5726 -7.73197
13.352 -7.75254
13.2282 -7.70427
13.2478 -7.65575
13.0137 -7.69019
12.9368 -7.6466
13.2355 -7.60524
13.0317 -7.5571
13.2049 -7.42899
12.9146 -7.49795
12.7077 -7.57222
12.7946 -7.61026
12.5024 -7.63592
12.3352 -7.57629
12.0525 -7.5996
12.1283 -7.67346
11.8962 -7.65284
11.8589 -7.73553
12.332 -7.73003
12.053 -7.79006
11.6033 -7.81631
11.8218 -7.83179
12.0357 -7.81705
12.2798 -7.80921
12.128 -7.84868
12.4182 -7.85684
12.6197 -7.81498
12.6402 -7.84661
12.8823 -7.84582
12.8537 -7.84148
13.1073 -7.83744
13.007 -7.78679
13.21 -7.75786
13.2825 -7.79371
13.3573 -7.74075
13.4188 -7.76968
13.4936 -7.70175
13.5534 -7.70591
13.6386 -7.63636
13.5172 -7.73088
13.3786 -7.79268
13.2751 -7.8201
13.134 -7.81586
13.013 -7.76
12.8859 -7.80757
12.7353 -7.76441
12.8064 -7.72697
12.8961 -7.72535
12.7315 -7.69319
12.6102 -7.74125
12.4381 -7.76129
13.5694 -7.60512
13.3437 -7.6651
13.4625 -7.53725
13.1586 -7.61022
13.1266 -7.70933
12.8944 -7.71104
12.7998 -7.80663
12.5839 -7.79964
12.6285 -7.6706
12.847 -7.61
12.9795 -7.61683
13.0383 -7.49812
13.2788 -7.50269
13.2682 -7.4181
13.1729 -7.34547
12.9492 -7.29647
12.6854 -7.4745
12.6712 -7.19459
12.9637 -7.00806
12.71 -6.98626
12.7949 -6.72183
13.1498 -6.69519
13.0725 -6.2508
12.7232 -6.43862
13.1031 -5.97241
13.6163 -6.06971
13.4144 -6.4917
13.6946 -6.43702
13.5611 -6.70653
13.9054 -6.25666
13.6462 -7.01042
13.3139 -6.8957
13.357 -6.70951
13.2332 -7.15547
13.414 -7.28102
13.7038 -7.28042
13.4742 -7.41409
13.7018 -7.4328
13.8437 -7.47943
13.6724 -7.52151
13.7402 -7.56122
14.3314 -6.01325
12.3549 -7.60034
12.3854 -7.75295
12.1792 -7.71841
12.1479 -7.81047
12.3367 -7.83438
12.3795 -7.85685
12.616 -7.84884
12.3986 -7.87475
12.1552 -7.89819
11.9024 -7.8713
11.8712 -7.81476
11.8931 -7.81258
11.7203 -7.8033
11.6685 -7.82289
11.5134 -7.80236
11.6042 -7.83133
11.7594 -7.82422
11.459 -7.81689
11.3879 -7.8318
11.1755 -7.82393
11.4173 -7.76613
11.1844 -7.78486
11.212 -7.72685
11.2314 -7.65142
11.4535 -7.59715
11.5834 -7.70665
11.6674 -7.66301
12.1956 -7.58774
12.4425 -7.53325
12.5657 -7.50619
12.547 -7.48743
12.65 -7.45299
12.7519 -7.48754
12.9006 -7.43136
12.7466 -7.4173
12.842 -7.37334
12.9744 -7.35278
13.1639 -7.29436
13.4057 -7.28992
13.4938 -7.22385
13.3293 -7.27282
12.9295 -7.33502
13.039 -7.32079
11.1077 -7.42608
11.2431 -7.51861
11.3396 -7.57945
11.2724 -7.62103
11.1773 -7.84199
11.3636 -7.8202
11.3286 -7.83621
11.4776 -7.81414
11.3664 -7.87046
11.2913 -7.91692
11.4733 -7.89634
11.5038 -7.90066
11.665 -7.86372
11.5311 -7.85268
11.8169 -7.9083
11.7385 -7.89165
11.944 -7.89973
11.8766 -7.86652
12.1502 -7.87594
11.6197 -7.88125
11.3439 -7.90796
11.1973 -7.9175
14.6564 -6.35561
14.6821 -6.64534
14.1922 -7.54785
15.0382 -7.20177
15.6507 -6.74176
15.5761 -6.79472
15.626 -6.77707
15.8091 -6.2948
14.5516 -4.92818
14.559 -4.48842
14.5759 -3.95598
14.4459 -4.2122
14.4113 -3.94285
14.3638 -3.75587
14.2933 -4.17299
14.3767 -4.44501
14.3082 -2.20414
14.2419 -1.90676
14.3195 -1.72272
14.2145 -1.71951
14.0781 -1.74505
14.1001 -2.11415
13.8843 -2.00672
13.8547 -1.60217
14.0176 -1.37123
14.2357 -1.49189
13.8352 -1.27801
13.6536 -1.39717
13.6439 -1.83719
13.3508 -1.60493
13.4491 -1.04931
13.703 -1.07944
13.6452 -0.749784
13.4014 -0.672404
13.4713 -0.425577
13.1929 -0.431382
13.2553 -0.0579825
12.8777 -0.0939998
12.8706 -0.631379
13.215 -0.776678
13.0841 -1.16199
12.82 -1.04449
12.6145 -0.86335
12.4688 -0.553242
12.56 -0.225204
12.378 -0.787725
12.4244 -1.04263
12.6206 -1.19135
12.4242 -1.29944
12.5198 -1.51628
12.7922 -1.408
12.6056 -1.84246
12.9752 -1.69838
13.1231 -2.04576
13.3977 -2.10554
13.1928 -2.34144
13.3498 -2.49716
13.0773 -2.66668
13.2579 -2.75819
13.1083 -3.08305
12.775 -2.9198
12.7128 -3.32618
12.9395 -3.45204
13.1567 -3.53434
12.9627 -3.61786
12.3865 -3.14517
12.5424 -2.63306
12.8346 -2.65952
12.9328 -2.41368
12.7745 -2.14907
12.4145 -2.2452
12.3446 -2.03647
12.3067 -1.80301
11.9773 -3.3894
11.9153 -3.77364
11.5781 -3.61999
12.2942 -1.50829
12.5841 0.0157511
12.8809 0.233297
13.0218 0.0672158
13.0814 0.192885
13.2407 0.291522
13.0071 0.432898
12.9555 0.644833
13.0695 0.721562
13.5877 -0.214591
13.6842 -0.476283
13.823 -0.643793
13.65 -4.96477
13.8984 -5.05473
15.6732 -3.4422
15.683 -3.64371
14.5575 0.313378
14.2505 0.434254
14.1665 0.345183
14.0596 0.412447
