8.24197 -2.83033
8.28169 -2.67111
8.33727 -2.52665
9.4609 -0.823691
10.1778 0.258477
10.3198 0.462382
10.7353 0.861125
10.8517 0.944171
12.2175 1.15199
12.4084 1.16213
12.6058 1.15831
13.2076 1.03375
13.5522 0.959616
13.8493 0.773811
14.5575 0.313378
14.6485 0.187651
15.0658 -0.453142
15.3427 -0.936328
15.4678 -1.16819
15.5513 -1.38778
15.9675 -2.71347
15.9943 -2.90879
16.0873 -3.60497
16.1223 -3.87576
16.0399 -5.46096
15.9833 -5.82808
15.8564 -6.5482
15.8327 -6.66722
15.7546 -6.73768
14.9769 -7.33487
14.8273 -7.42713
14.658 -7.48498
14.4111 -7.56533
14.2586 -7.60555
14.1229 -7.6383
13.2751 -7.8201
13.1073 -7.83744
12.1552 -7.89819
11.8169 -7.9083
11.2913 -7.91692
11.1973 -7.9175
11.044 -7.91437
10.8701 -7.89728
9.44555 -7.6755
9.28005 -7.64779
9.10524 -7.58673
9.05357 -7.56811
8.82162 -7.48386
8.63459 -7.37802
8.40074 -7.24315
8.3605 -7.18648
8.33194 -7.12248
8.30579 -7.0249
8.22603 -5.19824
