9.55932 1.86738
9.8079 1.84983
10.0258 1.75254
10.1917 1.60453
11.2078 0.454311
8.69683 1.5252
8.97712 1.79024
9.15535 1.84708
9.3573 1.86612
9.25274 1.75182
9.57592 1.76176
9.39962 1.66815
9.551 1.57872
9.79395 1.46572
9.88483 1.64956
10.0224 1.47499
10.058 1.58
10.1588 1.41954
10.3223 1.42564
10.5439 1.3139
10.6561 1.14531
10.8455 0.888855
10.9278 0.768776
11.0878 0.63624
10.9376 0.522867
11.131 0.386965
11.3179 0.258006
11.1109 0.065714
11.3535 -0.0520474
11.3969 0.0786993
11.4932 -0.0982063
12.117 -1.60515
12.1377 -1.7144
12.1499 -1.89478
11.7895 -3.83415
11.8607 -3.7846
11.8214 -3.9477
11.9252 -3.91463
11.9102 -3.69736
11.9949 -3.72522
11.9953 -3.93526
12.0113 -3.67147
12.0085 -3.78889
12.0415 -3.45017
11.9907 -3.45695
12.0047 -3.36843
12.022 -3.1935
12.0337 -3.20482
12.0324 -3.02689
12.0513 -3.03467
12.0415 -2.89268
12.0703 -2.72916
11.9598 -3.58679
12.0985 -2.63889
12.1192 -2.53645
12.0903 -2.68251
12.1462 -2.45161
12.1707 -2.33538
12.158 -2.41382
12.1205 -2.08092
12.1093 -1.83007
12.0847 -1.75583
12.0937 -1.69768
12.0851 -1.64472
12.0928 -1.54069
12.0082 -1.78637
12.039 -1.84502
12.0547 -2.03201
12.015 -2.03788
12.0497 -2.41125
12.0999 -2.30183
12.0989 -2.56958
12.101 -2.6034
12.092 -2.68658
12.0914 -2.80655
12.0726 -2.89209
12.0796 -2.98586
12.0615 -3.15562
12.0811 -3.13649
12.0486 -3.38507
12.0347 -3.55965
12.0362 -3.61405
12.0483 -3.39543
12.0364 -3.68449
12.0167 -3.59835
11.9836 -3.92372
12.0111 -3.88
11.9706 -4.11602
11.9636 -4.10321
11.9657 -4.09666
11.9396 -4.2995
11.9233 -4.39896
11.8831 -4.52947
11.864 -4.69431
11.8672 -4.63664
11.8692 -4.48474
11.9362 -4.22688
11.8958 -4.2929
11.8258 -4.43048
11.8724 -4.19094
11.9252 -4.07186
11.9107 -3.90716
11.9746 -3.84311
11.9649 -3.66871
11.9783 -3.35623
11.9244 -3.60516
11.9124 -3.246
11.981 -3.05077
11.9252 -2.84137
11.858 -3.00217
11.8596 -2.7552
11.9281 -2.45685
11.9896 -2.55905
11.997 -2.30547
12.0218 -2.76582
12.0688 -2.71882
12.0354 -3.01057
12.0828 -2.83429
12.0606 -3.09027
12.0824 -2.93815
12.0996 -2.70366
12.0175 -3.28749
11.9543 -2.06291
11.9876 -1.63017
11.8884 -1.73862
11.9025 -1.4448
11.812 -1.50495
11.8023 -1.26389
11.869 -1.13387
11.9374 -1.28797
11.9701 -1.47593
11.7959 -0.979898
11.7095 -0.822003
11.6244 -0.655906
11.6151 -0.364206
11.5659 -0.279495
11.5925 -0.532743
11.4715 -0.262874
11.3496 -0.351473
11.4724 -0.617355
11.5851 -0.748491
11.5303 -0.874082
11.6673 -0.945515
11.5965 -1.1151
11.716 -1.13743
11.7017 -1.38179
11.514 -1.34555
11.6602 -1.61491
11.7738 -1.69282
11.6839 -1.94318
11.8339 -2.10602
11.6988 -2.32493
11.8033 -2.5431
11.7203 -2.69169
11.7953 -2.88535
11.7171 -3.00873
11.799 -3.22735
11.6953 -3.25451
11.7077 -3.54276
11.8473 -3.56078
11.7587 -3.83094
11.8472 -3.84647
11.8416 -4.0699
11.7747 -4.05724
11.7683 -4.30396
11.6692 -4.22625
11.7106 -4.01471
11.6261 -3.92671
11.525 -4.26089
11.5651 -4.49631
11.669 -4.47454
11.6031 -4.67928
11.72 -4.60822
11.8074 -4.62361
11.734 -4.816
11.8218 -4.69617
11.7884 -4.84554
11.6607 -5.00191
11.6633 -5.04206
11.7671 -4.90201
11.8256 -4.75594
11.6909 -4.90945
11.725 -4.75252
11.8131 -4.61453
11.8436 -4.50412
11.827 -4.50148
11.7232 -4.58064
11.8397 -4.40514
11.8925 -4.36996
11.9145 -4.27325
11.946 -4.17704
11.9523 -4.11563
11.9368 -4.24149
11.8483 -4.25136
11.8682 -4.08531
11.7634 -4.10155
11.7029 -3.95906
11.6242 -4.08609
11.5586 -4.21584
11.4772 -4.34414
11.4094 -4.47103
11.5222 -4.46182
11.4641 -4.59845
11.5509 -4.56353
11.4919 -4.64777
11.5184 -4.69702
11.6122 -4.60436
11.6523 -4.49534
11.7471 -4.40438
11.6691 -4.39059
11.7296 -4.28399
11.6133 -4.32101
11.5989 -4.44403
11.6123 -4.68969
11.6453 -4.74356
11.5999 -4.86603
11.5419 -4.8008
11.4576 -4.95047
11.4105 -4.86318
11.4317 -4.73017
11.3187 -4.83708
11.3418 -4.66247
11.1538 -4.79298
11.1416 -4.66337
11.3172 -4.57697
10.9666 -4.77401
8.7881 -5.56961
8.57651 -5.57879
8.40941 -5.58154
8.23732 -5.58826
8.06965 -5.59131
6.3142 -4.95774
6.3092 -4.81352
6.35495 -4.81012
6.31405 -4.59371
6.40913 -4.57594
6.43526 -4.78215
6.41142 -4.94575
6.50362 -4.83771
6.5362 -4.6352
6.59154 -4.7918
6.54277 -5.03374
6.68579 -4.85979
6.69228 -4.59249
6.82548 -4.6636
6.85309 -4.40334
6.98018 -4.45366
6.95652 -4.68449
6.84218 -4.90448
7.07816 -4.79986
7.12602 -4.52414
7.26292 -4.59159
7.36036 -4.75253
7.17246 -4.98458
7.43457 -4.97309
7.65364 -4.74357
7.62044 -4.54975
7.80433 -4.57672
7.95046 -4.31404
7.60902 -4.35136
7.73817 -4.04672
8.11643 -3.89317
7.91906 -3.77041
8.09304 -3.63287
8.33232 -3.57336
8.18584 -3.39081
8.45518 -3.26653
8.5794 -3.45788
8.81086 -3.16856
8.73472 -3.499
8.89927 -3.46666
9.14675 -3.35888
9.12786 -2.95581
8.94944 -2.87387
9.04385 -2.62944
8.80196 -2.74677
8.86304 -2.35557
9.12873 -2.24492
8.94169 -1.85776
9.19427 -1.91241
9.20565 -1.58938
9.03973 -1.34439
8.7661 -1.47238
8.92581 -1.04903
8.7034 -0.955975
9.00318 -0.559552
9.13896 -0.93231
9.27688 -0.617045
9.33924 -0.881442
9.46644 -0.698841
9.54939 -1.02455
9.70247 -0.662286
9.48852 -0.380196
9.78052 -0.331726
9.6061 -0.064706
9.84036 -0.0579602
9.71501 0.135389
9.91245 0.165938
9.73392 0.35188
9.99337 0.400726
10.1568 0.164135
10.2326 0.383918
10.3894 0.154591
10.4333 0.538049
10.1405 0.652769
10.2687 0.762406
10.1485 0.960277
9.95959 0.872651
9.97679 1.1017
10.0885 1.25199
10.2436 1.17194
10.3313 0.893852
10.3934 1.07765
10.5548 1.03804
10.4885 0.855233
10.6975 0.723494
10.7744 0.299264
10.8353 0.781576
10.7716 1.00604
10.8512 -0.177898
11.122 -0.363574
11.0026 -0.65573
11.2602 -0.699255
11.1401 -1.05934
11.352 -1.02785
11.2889 -1.36202
11.384 -1.66643
11.543 -1.82023
11.4398 -2.03443
11.5327 -2.0512
11.6018 -2.14158
11.5273 -2.22436
11.5947 -2.49184
11.4601 -2.39195
11.5058 -2.78973
11.6361 -2.82717
11.62 -3.07972
11.4982 -3.18209
11.611 -3.33909
11.5214 -3.58466
11.452 -3.99841
11.3412 -3.75106
11.3039 -3.31699
11.1968 -3.62724
11.0252 -3.43202
11.0661 -3.01043
11.2381 -2.99421
11.1689 -2.69543
11.3555 -2.92887
11.3362 -2.5551
11.1679 -2.25713
11.019 -2.41706
10.9505 -2.09272
11.0844 -1.89629
11.263 -1.88603
11.1326 -1.53386
10.9199 -1.69828
10.9297 -1.24902
10.7243 -1.48547
10.7018 -1.11465
10.8441 -0.87979
10.9779 -0.962602
10.7505 -0.52616
10.6448 -0.769808
10.5705 -0.492931
10.4035 -0.645647
10.4161 -0.349398
10.568 -0.190832
10.3063 -0.0978022
10.2193 -0.335352
10.0704 -0.0624902
9.9908 -0.273794
10.0513 -0.650796
10.3062 -1.00033
10.5247 -0.967301
10.5018 -1.319
10.2358 -1.39283
10.4429 -1.65945
10.5872 -1.59819
10.6761 -1.90584
10.4045 -1.98482
10.5635 -2.33035
10.817 -2.34178
10.7404 -2.6046
10.954 -2.6599
10.8489 -2.84731
10.8312 -3.11362
10.6383 -2.82821
10.5905 -3.14614
10.76 -3.42768
10.8599 -3.73554
11.0582 -3.80362
10.8742 -4.12684
11.0989 -4.05514
11.1985 -3.86667
11.2442 -4.11533
11.0299 -4.35583
11.1796 -4.44373
11.354 -4.33768
11.4177 -4.54642
11.249 -4.62736
11.3303 -4.78619
11.4796 -4.72828
11.3891 -4.93252
11.5221 -4.84385
11.6222 -4.83517
11.493 -4.97267
11.5919 -4.97766
11.4552 -5.09828
11.5683 -5.07539
11.4927 -5.15114
11.3087 -5.21489
11.3015 -5.24101
11.3621 -5.21937
11.4977 -5.14514
11.6186 -5.04945
11.4754 -5.14135
11.5198 -5.03704
11.3542 -5.17963
11.3517 -5.10119
11.3052 -5.04819
11.2277 -5.17373
11.2048 -5.25738
11.0423 -5.26995
11.1703 -5.15837
11.0137 -5.16027
11.175 -5.06355
11.289 -4.96594
11.1597 -4.9273
11.0583 -5.02609
11.0232 -4.97434
10.9959 -4.90217
10.7948 -4.90991
10.5585 -5.06463
10.8822 -5.05662
10.6491 -5.19976
10.8179 -5.19836
10.8759 -5.27753
10.6689 -5.29694
10.7687 -5.34897
10.9397 -5.38041
10.634 -5.44956
10.6484 -5.4789
10.831 -5.44005
11.0467 -5.36119
10.819 -5.43455
10.97 -5.38987
11.1684 -5.30488
10.9866 -5.37704
11.1489 -5.29784
10.9878 -5.36515
11.1214 -5.27666
11.2322 -5.16946
11.0486 -5.23186
11.1349 -5.10959
11.2734 -5.06205
11.361 -5.07181
11.3417 -5.14685
11.2298 -4.96623
11.0527 -4.99409
10.9543 -5.17162
10.8392 -5.06454
10.9981 -4.74953
10.6809 -4.9521
10.7393 -4.58887
10.6003 -4.34026
10.681 -3.96114
10.5019 -4.06562
10.5349 -3.8092
10.6727 -3.68001
10.4987 -3.49116
10.2923 -3.86204
10.2532 -3.4148
10.3516 -3.13922
10.1038 -3.1157
10.2173 -2.809
10.4387 -2.89896
10.4064 -2.58663
10.0972 -2.38595
10.3217 -2.25895
10.5869 -2.59147
10.1726 -1.99774
9.89683 -1.95789
10.0654 -1.66332
10.2554 -1.74007
9.97903 -1.33138
10.0909 -1.06324
9.85128 -0.99984
9.73295 -1.34371
9.86956 -1.59192
9.67574 -1.69964
9.63393 -2.04218
9.79229 -2.34331
9.56428 -2.33782
9.66148 -2.59009
9.91396 -2.74987
9.66349 -2.91555
9.88306 -3.11704
10.0052 -3.49846
9.69725 -3.33516
9.76551 -3.7042
9.97539 -3.96322
10.1202 -4.30783
10.3675 -4.31786
10.2349 -4.64869
10.4427 -4.58271
10.5532 -4.61928
10.4411 -4.85847
10.0969 -5.01581
10.2982 -5.11303
10.4547 -5.12634
10.6107 -5.1884
10.4039 -5.28767
10.5342 -5.33998
10.749 -5.25468
10.667 -5.38407
10.8722 -5.30723
10.7916 -5.41144
10.9676 -5.32199
10.843 -5.44101
10.6128 -5.50087
10.7824 -5.46428
10.5956 -5.51131
10.6101 -5.49555
10.6351 -5.49122
10.4385 -5.5405
10.371 -5.55838
10.1647 -5.60938
10.4012 -5.53422
10.1047 -5.60506
10.3804 -5.51726
10.1495 -5.55053
10.2533 -5.50445
10.4106 -5.46604
10.5617 -5.42658
10.3661 -5.43374
10.5734 -5.36805
10.4663 -5.36264
10.4806 -5.30676
10.3211 -5.2365
10.2411 -5.38871
10.0801 -5.3636
9.87159 -5.41129
10.0618 -5.48076
9.75163 -5.48058
9.87589 -5.52212
10.0799 -5.51759
10.2331 -5.46725
9.92294 -5.56896
9.56183 -5.57925
9.76396 -5.6345
9.91678 -5.65922
9.69112 -5.69207
9.37356 -5.67774
9.54399 -5.7413
9.83002 -5.68443
9.55176 -5.72363
9.83232 -5.67065
10.0649 -5.61533
10.1176 -5.6217
10.3539 -5.57589
10.5456 -5.48704
10.3313 -5.52784
10.4841 -5.44839
10.3088 -5.42081
10.1221 -5.53347
10.1318 -5.60229
9.93484 -5.60666
9.8955 -5.51304
10.0673 -5.41513
9.8294 -5.38339
10.0346 -5.27254
10.217 -5.32125
10.1873 -5.20832
10.3069 -5.22925
9.79619 -5.19854
9.78976 -4.96991
9.9157 -4.66222
9.59973 -4.7951
9.60821 -4.44371
9.38062 -4.64786
9.19373 -4.37986
9.46834 -4.14233
9.71994 -4.06945
9.87968 -4.30324
9.52443 -3.80217
9.23076 -3.97128
9.27706 -3.66004
8.98175 -3.71137
8.88583 -4.10007
8.83767 -4.40591
8.95763 -4.54488
9.10026 -4.68556
8.69606 -4.68066
9.00566 -4.95271
9.33214 -4.84876
9.46914 -5.0699
9.12752 -5.22214
9.4829 -5.36871
9.68308 -5.49007
9.47107 -5.56716
9.7099 -5.60133
9.534 -5.64788
9.6414 -5.64036
9.75732 -5.63712
9.91846 -5.6603
9.68224 -5.6856
9.62645 -5.70753
9.41747 -5.73039
9.35367 -5.75173
9.22951 -5.76241
9.20722 -5.76428
8.92249 -5.78233
8.83803 -5.74856
9.02905 -5.73063
9.01001 -5.66798
9.14753 -5.62498
9.19364 -5.58073
9.4709 -5.5213
9.66188 -5.43193
9.41658 -5.47117
9.2798 -5.52905
9.22272 -5.48296
9.43032 -5.43913
9.00683 -5.52574
8.91171 -5.58112
8.93228 -5.6323
8.81201 -5.63706
8.4797 -5.64507
8.71244 -5.71564
8.32139 -5.69951
8.55753 -5.75437
8.61052 -5.75619
8.34787 -5.75829
8.40937 -5.76245
8.15459 -5.75365
8.33371 -5.75373
8.61185 -5.75599
8.55826 -5.75655
8.83769 -5.76826
8.80164 -5.76237
8.49454 -5.75376
8.7041 -5.7029
8.96822 -5.70445
8.99636 -5.73901
9.03041 -5.77527
9.17034 -5.70269
9.23226 -5.74872
9.10788 -5.74904
9.40673 -5.70246
9.54416 -5.68838
9.55775 -5.67135
9.36083 -5.65638
9.18511 -5.62168
9.27294 -5.50683
9.09106 -5.5468
8.89993 -5.626
8.93699 -5.52516
8.71224 -5.54509
8.61141 -5.63891
8.417 -5.6835
8.43583 -5.63762
8.45775 -5.56522
8.24827 -5.61091
8.23268 -5.503
8.50509 -5.4351
8.81454 -5.45264
8.77934 -5.31258
8.47184 -5.30592
8.34296 -5.35294
8.21012 -5.26043
8.5165 -5.15212
8.19583 -5.09562
7.91016 -5.16131
7.98162 -4.97215
8.40641 -4.92853
8.07527 -4.68006
8.46408 -4.29979
8.27293 -4.08172
8.57641 -3.80557
8.70552 -4.8985
8.70226 -5.01796
8.83713 -5.13667
9.0885 -5.42731
7.73888 -4.89199
7.6532 -5.06946
7.3727 -5.18738
7.64832 -5.23045
7.88807 -5.34035
7.53784 -5.37308
7.80817 -5.47079
8.01735 -5.45499
8.01905 -5.54543
8.1915 -5.39501
7.84286 -5.57063
8.00974 -5.63254
8.18066 -5.67518
8.22451 -5.72083
8.26741 -5.75339
7.98714 -5.72682
8.01066 -5.7196
7.77398 -5.67715
7.74386 -5.68249
7.78765 -5.70205
8.05323 -5.71734
7.74338 -5.65896
7.94345 -5.66961
8.17491 -5.65595
7.89803 -5.59956
7.72762 -5.62152
7.7009 -5.63496
7.38909 -5.58662
7.585 -5.64551
7.43985 -5.5991
7.22051 -5.55517
7.5608 -5.59176
7.73234 -5.57669
7.00972 -5.53517
7.0827 -5.5632
6.8553 -5.53168
6.96009 -5.55528
7.17696 -5.57113
7.40597 -5.61898
7.34614 -5.62555
7.08026 -5.57709
7.28886 -5.59652
7.55228 -5.65214
7.57036 -5.66939
7.56374 -5.65784
7.36811 -5.63227
7.6247 -5.66814
7.75955 -5.69416
7.75439 -5.67068
7.85648 -5.67928
7.77865 -5.63577
8.00561 -5.68419
7.50885 -5.59248
7.6369 -5.5278
7.40382 -5.48317
7.26517 -5.55601
7.14116 -5.59107
7.19935 -5.6063
7.05501 -5.5842
6.93981 -5.55539
7.02417 -5.51138
6.79453 -5.4993
6.85409 -5.39394
7.16614 -5.36969
6.91387 -5.23452
7.11064 -5.16387
6.96197 -5.04736
7.24185 -5.08844
6.80402 -5.11069
6.68767 -5.23166
6.69883 -5.04768
6.48497 -5.24659
6.61878 -5.38756
6.45555 -5.32991
6.32153 -5.21473
6.31242 -5.10142
6.36171 -5.31273
6.41321 -5.34537
6.4775 -5.36963
6.51091 -5.39673
6.56677 -5.42259
6.58801 -5.40318
6.48713 -5.37499
6.71685 -5.46819
6.65484 -5.44606
6.76415 -5.50458
6.64471 -5.45028
6.89143 -5.53006
6.86258 -5.50533
7.012 -5.55838
7.14261 -5.58377
6.80914 -5.51506
6.93668 -5.55101
6.84612 -5.54703
6.72258 -5.52483
6.63469 -5.47778
6.66776 -5.45145
6.55892 -5.42309
9.64196 -5.66694
8.80046 -3.61535
9.45874 -3.46868
9.42168 -3.1024
9.37531 -2.60976
9.625 -3.57374
9.38596 -2.10409
9.4987 -1.81634
9.3424 -1.7772
9.4685 -1.48413
9.28696 -1.20025
11.1752 -4.83766
11.3105 -5.23529
11.1881 -5.3002
10.6166 0.125214
11.2745 -1.60232
11.3381 -2.22713
11.4766 -1.00008
11.4193 -0.813857
9.94591 1.29638
9.97854 1.39052
9.83746 1.21883
9.70064 1.27224
9.72039 1.11549
9.82514 1.01064
9.63562 0.907987
9.80697 0.860852
9.79912 0.656376
9.54683 0.68781
9.54058 0.487735
9.49504 0.210026
9.32407 0.389808
9.39808 0.590887
9.22353 0.581163
9.08449 0.255283
9.26724 0.150448
9.13559 -0.099333
9.36792 -0.0702954
9.24889 -0.330147
8.90611 -0.113845
8.71801 -0.457458
8.69322 -0.114617
8.83419 0.215149
8.97853 0.580551
8.75554 0.437912
8.78119 0.704369
9.00242 0.930994
8.7688 1.00262
8.59247 0.721663
8.57148 0.89863
8.62329 1.01576
8.45104 0.928903
8.38032 0.665079
8.20741 0.739105
8.27681 0.941988
8.03154 0.871245
8.23023 1.03831
8.46232 1.13244
8.39593 1.23574
7.90984 0.731772
7.69444 0.409654
7.81753 0.560412
7.94592 0.558809
7.79466 0.392883
7.69963 0.250606
7.56932 0.25902
7.46235 0.127391
7.13333 -0.513869
7.22026 -0.331534
7.22501 -0.462245
7.32765 -0.361943
7.37853 -0.206635
7.30015 -0.177636
7.38176 -0.0260224
7.54296 0.0977033
7.50717 -0.0903068
7.64755 0.0584099
7.56567 -0.197063
7.75066 -0.0164794
7.69209 -0.30913
7.85034 -0.0664679
7.8906 -0.27287
8.00444 0.0629195
7.90692 0.150663
8.03979 0.280212
7.96191 0.35599
7.79771 0.194631
7.84042 0.350209
8.0852 0.550182
8.19582 0.545874
8.10007 0.433339
8.20994 0.327449
8.43169 0.475862
8.58932 0.450835
8.37046 0.0951734
8.61649 0.155359
8.48236 -0.242612
8.61404 -0.312793
8.55808 -0.474112
8.56942 -0.712489
8.45885 -1.02043
8.48526 -1.45205
8.30342 -1.32249
8.2828 -1.01541
8.41097 -0.666245
8.21179 -0.761716
8.30555 -0.469421
8.13421 -0.464384
8.29976 -0.241738
8.22568 -0.171501
8.1159 -0.10974
7.98541 -0.413315
7.93676 -0.684593
8.01074 -0.926613
7.87555 -0.923426
7.78623 -1.24183
8.00226 -1.3641
8.13625 -1.06371
8.17223 -1.26457
8.14035 -1.55198
8.27587 -1.63206
8.12928 -1.90971
8.33369 -1.90378
8.56081 -1.84691
8.73176 -1.82424
8.67756 -2.11993
8.40549 -2.28715
8.60424 -2.5297
8.34222 -2.7307
8.54735 -2.92055
8.27131 -3.08769
8.05303 -2.95136
8.182 -2.5786
7.97031 -2.62339
7.77856 -2.99195
7.75654 -2.65399
7.54068 -2.98002
7.6154 -2.62788
7.45508 -2.71318
7.60169 -2.37311
7.73106 -2.40687
7.77244 -2.09819
7.61733 -2.02207
7.79666 -1.69958
7.62532 -1.65708
7.58928 -1.40997
7.61042 -1.14162
7.44657 -1.39317
7.47395 -1.12209
7.32521 -1.28388
7.38948 -0.960209
7.58734 -0.872498
7.55016 -0.642663
7.72427 -0.575677
7.50049 -0.474344
7.39803 -0.717189
7.32479 -0.613743
7.20074 -0.935782
7.19843 -1.21683
7.06464 -1.25236
7.02675 -1.13325
7.03414 -0.955216
6.90618 -1.17952
6.83423 -1.17062
6.98498 -0.856903
7.04426 -0.694795
6.91313 -1.01165
6.7739 -1.34393
6.69948 -1.52559
6.81091 -1.38872
6.91552 -1.33614
6.77676 -1.57051
6.93373 -1.50932
7.07328 -1.43425
6.98256 -1.72256
7.16258 -1.50352
7.1191 -1.8419
7.27977 -1.5663
7.26292 -1.78251
7.36323 -1.64416
7.34782 -1.86386
7.4757 -1.64673
7.46663 -1.94953
7.30167 -2.16344
7.41629 -2.36189
7.20883 -2.50454
7.24207 -2.82243
7.30996 -3.10156
7.144 -3.18493
7.12612 -3.50827
7.3502 -3.40078
7.56201 -3.34546
7.39333 -3.64195
7.55491 -3.67044
7.80846 -3.35988
7.74282 -3.72825
7.95527 -3.52597
8.0467 -3.26444
7.53959 -3.94613
7.38819 -4.28267
7.33531 -3.95533
7.16127 -4.24353
7.16969 -4.04167
7.19627 -3.79735
7.01214 -4.14253
7.0228 -3.86191
6.91045 -3.7796
6.96522 -3.41043
6.77749 -3.72819
6.72686 -4.08651
6.88223 -4.06939
6.7709 -4.29926
6.87431 -4.22978
6.6494 -4.39614
6.54283 -4.32696
6.4309 -4.24883
6.59186 -3.95641
6.43995 -3.9565
6.54636 -3.70157
6.45462 -3.74255
6.49354 -3.48626
6.59477 -3.47698
6.62517 -3.57037
6.68899 -3.40803
6.67002 -3.64467
6.80262 -3.43744
6.79841 -3.25139
6.93036 -3.13612
7.0746 -3.07671
7.07773 -2.82901
6.94937 -2.86449
6.837 -3.05383
6.86079 -2.8713
6.74762 -2.9805
6.73503 -3.18883
6.62047 -3.21877
6.66102 -2.98963
6.7162 -2.79439
6.83626 -2.72801
6.82244 -2.45752
6.93302 -2.54495
7.02987 -2.25647
6.93049 -2.07948
7.20377 -2.02957
7.15484 -2.29871
7.04228 -2.57127
6.7999 -2.22577
6.83123 -1.98975
6.81577 -1.75568
6.69974 -1.96733
6.7012 -1.79049
6.61117 -1.95194
6.62032 -1.72103
6.5535 -1.93376
6.5004 -2.18974
6.60792 -2.12292
6.56984 -2.3028
6.49521 -2.48422
6.58663 -2.51348
6.67952 -2.21527
6.71085 -2.40372
6.65802 -2.65884
6.52738 -2.8222
6.58917 -2.9641
6.47004 -3.06449
6.50533 -3.2082
6.37013 -3.31048
6.40499 -3.60154
6.36097 -3.59523
6.35343 -3.87172
6.33371 -4.13617
6.33416 -4.36933
6.46004 -2.45963
6.42562 -2.73876
6.39656 -3.02414
6.4868 -2.71605
6.926 -2.71646
7.17536 -0.717706
7.16982 -0.581896
7.27195 -0.520872
7.4179 -0.392518
7.44045 -0.25042
7.7688 -0.852832
7.86077 -0.554048
7.96172 -1.81589
7.92335 -2.25862
8.15459 -2.2682
8.55675 1.42624
8.68438 1.26685
8.63813 1.09866
8.84062 1.2244
8.92315 1.44999
8.99831 1.33909
9.03197 1.19701
9.15116 1.39138
9.19001 1.26585
9.23028 1.11673
9.2065 0.840865
9.40926 1.00085
9.42125 1.19859
9.57154 1.14725
9.54182 1.37026
9.32086 1.31523
9.35804 1.48541
9.18518 1.59062
8.85001 1.61685
8.75652 1.5038
9.39879 0.774087
7.43243 -4.51575
12.1812 -2.06455
12.1859 -2.25564
