3.51535 9.56195
3.25521 9.63623
3.2328 9.46722
2.99697 9.49752
3.23789 9.45497
2.93237 9.48742
2.75413 9.48929
2.76248 9.51757
2.57971 9.51949
2.48044 9.45823
2.63149 9.6836
2.34385 9.61874
2.93257 9.65029
1.52098 9.39955
1.34017 9.29357
-0.56628 6.90541
-0.48167 7.08705
-0.402843 7.24779
0.0100775 8.24536
0.811965 8.99072
0.675343 8.87188
0.544898 8.76602
0.623805 8.62174
0.448332 8.5788
0.471231 8.41666
0.325053 8.42074
0.324105 8.24521
0.168538 8.26434
0.183708 8.09645
0.308435 8.04732
0.471045 8.23269
0.476802 7.98697
0.613454 8.22096
0.629744 8.40311
0.810308 8.3409
0.796425 8.58058
0.788734 8.74349
0.94821 8.7618
0.881042 8.89539
1.0739 8.92735
1.18077 8.80018
1.26672 8.97412
1.51223 8.95698
1.38992 9.13212
1.17972 9.05441
1.17908 9.16475
1.53181 9.27401
1.72412 9.20976
1.6869 9.34032
1.72095 9.45018
1.93973 9.37731
1.91929 9.52829
2.48044 9.45823
2.26758 9.53422
2.12174 9.61192
2.1096 9.2852
2.37825 9.35386
2.49151 9.29711
2.70624 9.35885
2.65072 9.20323
2.40398 9.13498
2.23233 9.20338
2.10866 9.05162
1.90553 9.09258
1.74769 8.92275
1.55571 8.78079
1.33704 8.72826
1.48176 8.53663
1.26308 8.54674
1.15535 8.63316
0.977776 8.6124
1.09128 8.38269
0.914358 7.97799
0.683082 8.07783
0.617729 7.80351
0.36803 7.66235
0.282307 7.83999
0.148306 7.62008
0.11118 7.88434
-0.0762186 7.62227
-0.0402184 7.91536
-0.137564 7.79632
-0.218876 7.67143
-0.254864 7.53584
-0.35693 7.32456
-0.278638 7.41473
-0.1862 7.47234
-0.128775 7.32244
0.025835 7.39388
-0.0083704 7.09658
-0.226029 6.93867
-0.0533638 6.67452
0.156752 6.93626
0.139791 6.63673
0.335127 6.81304
0.292755 6.42604
0.562504 6.66281
0.522844 6.19459
0.851503 6.45802
0.767506 6.07236
1.03433 6.09798
1.12778 6.42856
1.30697 6.20221
1.31505 6.60483
1.08179 6.71194
1.19947 7.03632
0.861903 6.95294
1.00181 7.28946
1.18172 7.44509
0.966915 7.59323
0.773682 7.34145
0.755803 7.64108
0.51583 7.42586
0.557274 7.06317
0.34302 7.11515
0.208502 7.31029
1.1685 7.76901
1.25656 8.09174
1.36363 7.80964
1.54177 7.94872
1.45514 8.26193
1.74504 8.27983
1.30008 8.37928
1.7935 8.68011
2.07612 8.50411
2.05949 8.75502
1.95673 8.89505
2.16051 8.89687
2.36665 8.9738
2.32596 8.7539
2.65034 8.88179
2.57695 9.07329
2.86234 9.08048
2.8617 9.25511
3.00655 9.19961
3.0455 9.30365
2.90268 9.38998
3.11049 9.43313
3.21282 9.32436
3.3587 9.34329
3.35649 9.44037
3.47104 9.42627
3.47143 9.42615
3.47104 9.42627
3.63264 9.43077
3.75342 9.50924
4.54655 8.7838
4.22206 9.14409
4.43528 8.84392
4.65179 8.71463
4.47162 8.70527
4.70418 8.40267
4.87374 8.368
4.86751 8.51752
5.08236 8.16982
5.07221 8.30089
5.27068 8.05426
5.27795 7.92897
5.42829 7.7845
5.55552 7.55758
6.39115 4.03519
6.44113 4.14824
6.46038 4.2384
6.49489 4.33169
6.51196 4.44442
6.52603 4.56973
6.49808 4.39821
6.51219 4.53742
6.53131 4.87997
6.53434 4.7225
6.04057 6.66383
6.01384 6.80223
6.05618 6.47908
5.92373 6.74142
5.97055 6.54133
6.0449 6.42858
6.08748 6.34915
6.10288 6.37107
6.12949 6.26163
6.14179 6.26125
6.35781 5.74572
6.39288 5.66282
6.41327 5.51411
6.35999 5.63669
6.39077 5.47128
6.43808 5.36564
6.48405 5.05979
6.47601 4.8982
6.49331 4.62969
6.45779 4.68329
6.43529 5.04027
6.45338 5.09764
6.41338 5.29116
6.37931 5.34546
6.33461 5.55448
6.29447 5.61237
6.25492 5.76406
6.2778 5.76077
6.32445 5.6643
6.23986 5.91462
6.278 5.87103
6.22889 5.99257
6.18896 6.07483
6.18614 6.11715
6.13023 6.21207
6.13855 6.13009
6.06046 6.3463
5.99043 6.41995
6.04475 6.15402
6.16637 5.95065
6.22255 5.90292
6.19655 5.80084
6.12055 5.93213
6.1351 5.74142
6.30292 5.42942
6.23836 5.29956
6.35946 5.13197
6.31952 5.03285
6.3643 4.90657
6.39207 4.8837
6.39458 4.70736
6.42902 4.49177
6.44639 4.51819
6.46667 4.43643
6.441 4.34258
6.44088 4.18653
6.50047 4.3428
6.46439 4.09939
6.48437 4.21139
6.48325 4.28093
6.4609 4.11021
6.45932 4.18888
6.42331 4.02272
6.38366 3.9335
6.37137 3.83468
6.40992 3.92521
6.34979 3.77028
6.35402 3.78754
6.41292 3.92504
6.3483 3.78718
6.40637 3.95706
6.31445 3.81052
6.38308 3.97377
6.23051 3.84891
6.34202 4.12928
6.37457 4.33116
6.25355 4.41416
6.33467 4.55032
6.26371 4.66436
6.16649 4.77016
6.22389 4.84592
6.30677 4.80984
6.23709 5.03189
6.18258 4.99591
6.14256 5.23111
6.06276 5.11584
6.00847 5.45363
6.1261 5.49799
5.98657 5.7346
5.87022 5.68995
5.76727 5.97594
5.90151 6.00284
5.7348 6.20875
5.80391 6.31323
5.972 6.05305
5.94575 6.18909
6.03636 6.01065
5.87997 6.42596
5.71636 6.5468
5.72688 6.662
5.59019 6.76929
5.63671 6.94548
5.82846 6.65346
5.7615 6.8712
5.88481 6.64682
5.86316 6.74675
5.79259 6.94759
5.69308 7.06211
5.63258 7.10169
5.61608 7.22727
5.68497 7.17577
5.58151 7.38765
5.50155 7.46997
5.48435 7.58093
5.67259 7.32626
5.36757 7.71137
5.34645 7.6021
5.21387 7.91731
5.24528 7.81723
5.1353 7.93723
5.06296 8.06502
5.03501 8.0487
5.07846 7.90746
4.9899 8.08461
4.98007 8.1553
4.91299 8.19218
4.95401 7.99152
4.81538 8.0972
4.92473 7.76161
4.73221 8.00934
4.65305 8.22012
4.54826 8.12786
4.49278 8.4809
4.31221 8.4917
4.1842 8.88377
4.13653 8.7083
4.09143 8.87811
3.95705 8.79273
3.93498 9.0024
4.19322 8.94944
3.91387 9.13309
3.68985 9.21894
3.75699 9.29832
3.9852 9.20059
3.8159 9.36544
3.94952 9.40629
4.10613 9.28079
4.19838 9.02681
4.30881 8.87396
3.73058 9.01734
3.52014 9.20767
3.50524 9.01369
3.34898 9.20349
3.31065 9.1011
3.32514 8.9231
3.55162 8.81203
3.74375 8.82577
3.70182 8.62294
3.90051 8.60342
4.11806 8.48265
4.00383 8.39065
3.85717 8.44968
3.95381 8.19057
4.17232 8.16843
4.13549 7.95238
4.02144 7.8435
4.24461 7.65363
4.29971 7.85574
4.41857 7.57051
4.49105 7.73771
4.34611 8
4.32765 8.21108
4.45558 7.98803
4.59052 7.82647
4.75605 7.74894
4.70534 7.49056
4.84689 7.43985
4.9202 7.5115
4.99783 7.24552
5.09814 7.33216
5.12472 7.54014
5.0491 7.78306
5.1828 7.65737
5.28405 7.39617
5.3388 7.50921
5.20856 7.74496
5.48392 7.27479
5.50472 7.32805
5.49248 7.148
5.43213 7.07813
5.41772 7.28888
5.2323 7.26366
5.32617 6.97403
5.48976 6.82403
5.47074 6.69183
5.60107 6.59432
5.59115 6.44987
5.38352 6.62578
5.58328 6.28452
5.42984 6.34207
5.59426 6.09023
5.7078 5.81735
5.47135 6.00896
5.63822 5.65671
5.84225 5.44737
5.6707 5.31704
5.89498 5.06171
6.04941 4.84625
6.09499 4.57022
5.94586 4.74397
5.96879 4.43306
6.12028 4.31224
6.19828 4.10162
5.97956 4.10922
6.05582 3.8813
6.03911 3.74133
5.9215 3.71564
5.82863 3.811
5.761 3.56348
5.59707 3.58122
5.59181 3.37537
5.39069 3.31167
5.49097 3.12053
5.70235 3.34036
5.62328 3.10564
5.73062 3.24825
5.84841 3.40852
5.83429 3.29586
5.9183 3.46192
5.9709 3.44085
6.04019 3.5636
5.95167 3.54521
6.05635 3.66534
5.89918 3.57256
6.14475 3.67603
6.22639 3.70107
6.11828 3.57128
6.22014 3.60745
6.02661 3.42459
6.0623 3.39695
6.19237 3.54034
6.2973 3.67079
6.27817 3.66527
6.17548 3.54263
6.27196 3.68786
6.16624 3.57735
6.28832 3.73922
6.14563 3.62809
6.30051 3.91777
5.50269 3.55683
5.36683 3.40141
5.47212 3.40428
5.63469 3.48076
5.50717 3.3158
5.62113 3.31714
5.45172 3.11821
5.6451 3.17183
5.7508 3.32088
5.71297 3.24749
5.75613 3.23145
5.87523 3.38014
5.89091 3.29891
5.74971 3.14696
5.82585 3.13943
5.92795 3.2855
5.86207 3.15801
5.94407 3.26009
6.04018 3.38504
5.92425 3.21471
5.90446 3.21241
5.83275 3.08041
5.78324 3.0353
5.75183 3.05673
5.67583 2.89132
5.62707 2.84378
5.66834 2.98559
5.76601 3.1433
5.7119 3.11514
5.59986 2.97927
5.49229 2.91849
5.53796 2.83434
5.3683 2.68773
5.47858 2.66895
5.57273 2.7064
5.45028 2.56249
5.26178 2.47743
5.34925 2.47056
5.51055 2.5819
5.40068 2.48547
5.55173 2.65878
5.62384 2.7604
5.72055 2.93792
5.65622 2.8303
5.77892 3.01736
5.67818 2.89248
5.77149 3.02805
5.68977 2.98518
5.58311 2.79329
5.58329 2.89135
5.6597 3.05474
5.52157 2.95911
5.44942 2.71803
5.3355 2.82785
5.28366 2.97478
5.33151 3.10675
5.37574 3.23912
5.21355 3.07016
5.23573 3.24553
5.23326 3.23899
5.09452 3.07456
4.83488 2.70862
4.45542 2.38602
4.29681 2.2853
4.13048 2.19235
4.42144 2.25984
4.61444 2.48941
4.72926 2.40679
4.77509 2.59795
4.96925 2.52516
4.95809 2.61778
5.03944 2.77672
5.1362 2.67902
5.20649 2.82094
5.16414 2.90362
4.95821 2.89863
5.23378 2.60254
5.09186 2.49157
4.9168 2.40832
4.98597 2.38397
4.79906 2.32455
4.60622 2.24964
4.7663 2.28187
4.58947 2.23656
4.39604 2.15222
4.1342 2.12117
4.04483 2.01487
3.94892 2.02102
3.96562 2.11376
3.81017 1.99921
3.77027 2.03937
3.58331 1.97314
3.48264 1.94678
3.35305 1.97072
2.45812 2.21159
2.29173 2.27967
2.13494 2.2886
1.97148 2.18518
2.39151 2.08656
2.18318 2.02493
2.44069 1.94239
2.66319 2.01094
2.63468 1.92258
2.61875 1.83325
2.42416 1.83862
2.60675 1.73624
2.29925 1.80705
2.17878 1.91683
2.09442 1.8574
1.90614 1.92363
1.94435 2.03934
1.74317 2.02314
1.70893 2.11658
1.59885 2.23374
1.48388 2.13646
1.54118 2.05045
1.27578 2.13095
1.42362 2.01803
1.6375 1.95284
1.4575 1.96485
1.63829 1.90575
1.80576 1.89158
1.89818 1.84844
1.97744 1.84537
2.06166 1.81234
2.13022 1.8174
2.21254 1.77598
2.44697 1.71347
2.2364 1.76002
2.43713 1.70768
2.26656 1.76972
2.44979 1.72627
2.25627 1.81864
2.47514 1.76688
2.3149 1.8618
2.50442 1.82272
2.6699 1.7634
2.65896 1.85788
2.86314 1.7979
2.88314 1.91218
2.65386 1.98485
2.95432 2.09681
2.64546 2.14042
2.84954 2.29904
3.05877 2.25748
3.17975 2.41846
3.26289 2.23891
3.49304 2.43211
3.60985 2.3071
3.73896 2.46053
3.9227 2.40306
3.93458 2.5491
3.71884 2.62303
4.06031 2.71899
4.20754 2.54767
4.30205 2.69654
4.30145 2.8351
4.10519 2.96216
3.80902 2.88158
3.90333 3.1408
3.70493 3.07235
3.67049 3.31447
3.92426 3.44702
3.71331 3.57144
3.50998 3.59007
3.61647 3.82641
3.832 3.75666
3.73415 4.08488
3.974 4.03199
4.01655 3.69984
4.20965 3.83577
4.14415 4.18484
4.02492 4.35004
3.83938 4.44442
3.99467 4.59768
4.15645 4.55243
4.04151 4.81873
3.88148 4.85776
3.99047 5.12963
3.77408 5.30764
3.95706 5.53575
4.1087 5.29472
4.16933 5.62388
4.25391 5.20033
4.44944 5.33997
4.32344 5.83987
4.10539 6.18948
3.95828 5.93274
3.83113 6.37486
3.96832 6.53922
4.09973 6.7085
3.82413 6.81682
3.80002 7.37086
4.22009 7.11137
4.04469 7.54388
4.22288 7.43858
4.12812 7.63197
3.86141 7.7649
3.78818 8.06877
3.64693 7.90287
3.486 7.76535
3.38954 8.09223
3.54134 8.25438
3.27847 8.39042
3.43012 8.61275
3.12246 8.63884
3.18808 8.80239
2.96239 8.8459
2.84203 8.66445
2.58494 8.66347
2.69508 8.41924
3.0127 8.43885
2.93771 8.18529
3.16652 8.22156
3.19027 7.9131
2.89214 7.90617
3.04136 7.6161
3.3721 7.4601
3.10734 7.22013
3.35083 7.11405
3.57771 7.06946
3.44398 6.81023
3.65085 6.71768
3.56354 6.41578
3.71714 5.89348
3.44823 6.09137
3.27555 6.51576
3.24253 6.91482
3.04055 6.83052
2.86493 7.08394
2.78583 6.75013
2.99882 6.43236
2.73922 6.31587
2.96636 6.10622
3.20442 6.0394
3.05902 5.86789
3.20303 5.6776
3.45595 5.54028
3.21323 5.29878
3.42271 5.14802
3.6103 4.88152
3.3683 4.90019
3.44621 4.53924
3.62919 4.40286
3.51291 4.16059
3.24908 4.32106
3.26847 4.6716
3.04631 4.7343
3.19066 4.93596
3.01354 5.11691
2.93959 5.46209
3.05617 5.63618
2.85186 5.86265
2.68165 5.57617
2.81278 5.26493
2.58436 5.14539
2.85158 5.00722
2.79601 4.77641
2.91043 4.36781
2.5751 4.64648
2.36613 4.92122
2.20928 5.3099
2.11048 4.80566
1.84873 5.30341
2.01561 5.63258
2.17183 5.73084
2.39571 5.65414
2.2261 6.11822
2.03038 5.96539
1.9213 6.49299
2.18027 6.5354
2.0889 6.80361
2.30241 6.85422
2.38143 6.42327
2.54619 6.64295
2.57688 7.15698
2.29159 7.26951
2.10308 7.14348
2.11281 7.57404
2.39574 7.58665
2.27482 8.00685
2.52667 7.83885
2.63818 8.08542
2.70509 7.84388
2.82627 7.69417
2.64168 7.60234
2.84157 7.41016
2.44141 8.28036
2.22492 8.28237
2.17133 8.17001
2.0415 8.18762
1.987 7.91916
1.8776 8.08129
1.78471 7.92743
1.89404 7.68445
1.90781 7.3604
1.71949 7.60994
1.69985 7.1168
1.9442 6.98622
1.6874 6.70205
1.49678 6.85544
1.40792 7.28559
1.50971 7.57612
1.32881 7.59418
1.59175 6.32038
1.81426 5.88427
1.63236 5.91722
1.45965 5.88362
1.22489 5.83247
1.29254 5.44095
1.60772 5.59751
1.53598 5.1974
1.63908 4.74649
1.26793 4.93433
1.22873 4.51567
1.50882 4.25963
1.98855 4.24212
2.34491 4.43453
2.36981 4.03977
2.63509 4.19325
2.66955 3.72895
2.88423 3.98437
3.01697 3.69937
3.12901 3.97783
3.38626 3.90658
3.27074 3.6554
3.37676 3.35113
3.15525 3.46812
2.92405 3.42931
3.13419 3.24117
2.84418 3.1237
3.13021 2.98519
3.31768 3.12023
3.51627 3.11574
3.3865 2.93226
3.59731 2.94674
3.52589 2.77005
3.42457 2.58158
3.17667 2.69321
2.9739 2.48379
2.85281 2.59739
2.87244 2.82419
2.6141 2.67427
2.57519 2.91647
2.54007 3.15477
2.66643 3.357
2.50958 3.29633
2.35673 3.2595
2.26679 3.04427
2.18143 3.22759
2.15225 3.45499
1.93722 3.21569
1.74857 3.5752
2.02279 3.80605
1.69395 3.93507
2.18714 3.94739
2.3188 3.73078
1.48943 3.77361
1.39566 3.98093
1.13733 4.15335
1.20535 3.80072
0.897877 3.92191
0.973202 3.67681
0.730421 3.70345
0.920564 3.45025
1.19782 3.51903
1.18928 3.28525
1.51642 3.32082
1.41825 3.05736
1.69914 3.0587
1.96575 2.91846
2.27955 2.7447
1.95705 2.70279
2.12369 2.53495
2.42187 2.51806
2.27254 2.36559
2.57249 2.35823
2.40047 2.20952
2.61702 2.24233
2.78521 2.44304
2.65394 2.5091
2.4108 2.06135
2.21661 2.1338
2.16652 2.04413
2.39991 1.92994
2.0934 1.96236
2.12683 1.89658
1.8962 1.96056
2.03713 1.89327
2.07186 1.8551
1.79918 1.92141
1.88504 1.85258
1.58097 1.91475
1.67438 1.87866
2.05074 1.81892
2.09489 1.79551
2.11467 1.81971
1.38181 1.95374
1.31124 1.99954
1.46 2.00785
1.21018 2.06943
1.23539 2.11292
1.45227 2.06823
1.64959 1.99283
1.66338 2.05665
1.46372 2.10407
1.48622 2.14286
1.64778 2.11707
1.58989 2.18155
1.30201 2.25739
1.28613 2.17154
1.08027 2.2902
1.0304 2.2328
1.01799 2.17464
0.783108 2.30288
0.799227 2.23714
1.05523 2.11762
0.791813 2.2282
1.03139 2.10224
1.19536 2.02857
1.22149 2.03168
1.00639 2.15296
1.07045 2.15776
1.09671 2.19541
1.08058 2.26534
1.32999 2.28259
1.09957 2.40645
1.29455 2.48133
1.08192 2.55491
1.20879 2.63695
1.07273 2.69386
1.98036 2.39936
2.13316 2.33831
1.82607 2.45256
1.6691 2.50085
1.67745 2.38982
1.51075 2.54432
1.35527 2.5842
1.48196 2.38559
-0.263294 2.94
-0.367527 3.07182
-0.451401 3.17941
-0.515891 3.29183
-0.556896 3.34431
-0.594754 3.39922
-0.65932 3.46736
-0.628573 3.40459
-0.523828 3.25902
-0.494994 3.18847
-0.5945 3.3305
-0.443366 3.11219
-0.361513 2.98725
-0.292214 2.91805
-0.310957 2.96216
-0.18774 2.82254
-0.201196 2.847
-0.0905046 2.7435
-0.211147 2.86682
-0.0416126 2.71719
-0.134388 2.82119
-0.26857 2.96822
-0.383151 3.0787
-0.462432 3.1612
-0.506542 3.23453
-0.518208 3.29251
-0.383774 3.16279
-0.523608 3.40107
-0.454278 3.32838
-0.395725 3.33122
-0.503448 3.50294
-0.477351 3.61053
-0.3584 3.49146
-0.272828 3.25404
-0.255849 3.37264
-0.166778 3.22644
-0.159286 3.08767
-0.0368109 3.06381
-0.0324612 2.97133
0.130832 2.8802
0.0321398 2.85364
0.157939 2.7707
0.127091 2.73311
0.282154 2.64337
0.262106 2.73204
0.425715 2.61386
0.357288 2.73285
0.297195 2.87035
0.0994234 3.03322
0.252953 3.04639
0.518154 2.8664
0.546314 2.7192
0.80343 2.68458
0.790994 2.56821
0.574195 2.60385
0.770883 2.48733
0.618062 2.5154
0.822171 2.38354
0.854205 2.42426
0.991083 2.40906
0.533963 2.48
0.53985 2.39488
0.313113 2.54922
0.342591 2.49966
0.404346 2.44125
0.259836 2.54106
0.232166 2.54305
0.307724 2.49542
0.548791 2.35363
0.525112 2.39772
0.658117 2.29005
0.798372 2.23961
0.650315 2.3428
0.828891 2.24265
0.619759 2.3928
0.445015 2.45717
0.36967 2.51385
0.459602 2.50994
0.320296 2.54682
0.417046 2.56658
0.618194 2.48949
0.575171 2.57806
0.713999 2.53335
0.803631 2.4472
0.877095 2.51144
0.943057 2.38562
0.911993 2.34289
0.786909 2.34343
0.969237 2.26004
0.879811 2.25824
0.741256 2.61929
0.942857 2.59573
0.705996 2.73138
0.827061 2.81522
0.947008 2.75404
0.470227 2.81406
0.687526 2.84107
0.577925 2.82808
0.544846 2.73001
0.379772 2.68565
0.368558 2.795
0.269377 2.77987
0.169289 2.7716
0.0198984 2.816
0.212474 2.70283
0.0709763 2.69511
0.230989 2.63169
0.362499 2.63928
0.457409 2.64636
0.446694 2.60563
0.330829 2.59075
0.227399 2.5936
0.0836477 2.6472
0.0855751 2.62591
0.195986 2.57249
0.0137033 2.65919
-0.0252399 2.69028
-0.130779 2.75945
-0.151149 2.79499
-0.027029 2.71262
-0.0764275 2.77452
-0.130013 2.86141
-0.284981 2.90671
-0.235796 2.86482
-0.204036 2.81392
-0.120788 2.75669
-0.0694799 2.72095
0.0655537 2.62087
0.220848 2.55086
0.0947294 2.62725
0.572467 2.6512
0.618338 2.31948
0.12688 2.62215
0.0371819 2.70009
0.192435 2.58607
0.136027 2.66634
0.212319 2.64886
-0.023324 2.80983
-0.202029 2.96416
-0.11215 2.96267
-0.260708 3.11366
1.09853 2.51698
1.24744 2.36904
1.37415 2.40693
1.40863 2.51707
1.16648 2.63565
1.40395 2.6966
1.10789 2.79935
1.30201 2.90835
0.970432 2.99933
0.839005 2.88679
0.655967 3.08593
0.632059 2.93565
0.445511 3.05157
0.743335 2.81542
0.40433 3.22887
0.284394 3.17126
0.164707 3.21324
0.0919447 3.16706
0.0310469 3.36318
-0.0353098 3.21098
-0.165895 3.44722
-0.070322 3.57777
0.0577374 3.59356
0.112031 3.44155
0.209239 3.33431
0.181612 3.50684
0.360861 3.46462
0.211861 3.74225
0.0529528 3.82888
-0.0568781 3.78272
-0.0413351 4.02658
-0.155257 3.99382
-0.189755 3.77159
-0.308974 4.14555
-0.340469 3.90165
-0.262742 3.65981
-0.2841 3.52148
-0.375329 3.72682
-0.459218 3.73289
-0.475475 3.85851
-0.463994 4.02299
-0.430754 4.16573
-0.548615 4.33445
-0.474401 4.46563
-0.656528 4.70825
-0.559544 4.80459
-0.450631 4.65804
-0.348919 4.49116
-0.397133 4.72612
-0.473565 4.84506
-0.411933 4.99538
-0.288398 4.70107
-0.304995 5.00813
-0.354739 5.30226
-0.228834 5.22822
-0.181827 4.85704
-0.0853367 5.15174
-0.125207 5.54563
0.0668106 5.43602
0.00484562 5.70689
0.192604 5.90046
0.232585 5.53341
0.240647 5.20978
0.365081 5.45898
0.344115 5.6765
0.55218 5.63477
0.494691 5.27096
0.710268 5.40377
0.812175 5.6539
0.970047 5.42461
1.0253 5.75176
0.879231 5.88422
1.14065 5.61088
0.7236 5.83573
0.592995 5.92183
0.432692 5.86682
1.02869 5.09294
0.890539 4.64464
0.718643 5.05225
0.547287 4.65757
0.588297 4.32923
0.379642 4.41873
0.356112 4.07856
0.221676 4.33526
0.113159 4.0805
0.462289 3.73265
0.624442 3.99096
0.625075 3.47624
0.557946 3.29255
0.822777 3.23941
1.00082 3.27018
1.11114 3.11907
0.0691166 4.40262
-0.0295105 4.26007
-0.181376 4.32785
-0.0795641 4.55409
-0.183585 4.59344
-0.0515022 4.84607
0.0527811 4.69895
0.0619888 5.02546
0.190632 4.84639
0.172592 4.57647
0.270727 4.69445
0.395027 4.90744
0.364128 4.63704
0.274344 4.52518
0.837774 4.2308
1.00854 4.38219
-0.0618153 5.92979
0.0384703 6.30923
-0.182213 6.24427
-0.236493 5.84168
-0.269581 5.52502
-0.390721 5.7023
-0.478367 5.36121
-0.540569 5.69903
-0.606211 5.38562
-0.531947 5.07969
-0.673184 5.10234
-0.695002 5.40466
-0.775657 5.29664
-0.786812 5.02517
-0.809689 4.76584
-0.693803 4.44554
-0.805128 4.44881
-0.674887 4.1951
-0.598688 4.19793
-0.546795 4.00491
-0.586518 3.91473
-0.512594 3.86837
-0.608499 3.77239
-0.715961 4.01817
-0.770823 3.98363
-0.632075 3.65609
-0.66385 3.58171
-0.74416 3.79878
-0.77285 3.81102
-0.761992 3.70729
-0.627704 3.43192
-0.70539 3.55163
-0.615987 3.4044
-0.54315 3.28783
-0.564407 3.31041
-0.547389 3.26678
-0.653328 3.43384
-0.776581 3.59435
-0.743598 3.59704
-0.829808 3.73831
-0.783193 3.65525
-0.789417 3.60952
-0.768414 3.58654
-0.851034 3.85218
-0.880045 3.98748
-0.986257 4.22301
-0.904055 4.10493
-1.02378 4.3806
-1.07912 4.546
-0.969651 4.39479
-0.874567 4.18634
-0.924659 4.43914
-0.845828 4.22135
-0.8325 4.27184
-0.822734 3.97886
-0.899083 4.54695
-0.732082 4.16961
-0.892488 4.70743
-0.955584 4.76484
-0.929996 4.94039
-0.873584 5.03783
-0.92562 5.21776
-0.996657 5.07873
-1.01051 5.3153
-1.0462 5.13031
-1.02123 4.93003
-1.02515 4.71037
-1.06782 4.96677
-1.08836 4.9041
-1.07529 4.73823
-1.11964 4.78945
-0.804366 6.44286
-0.899185 6.33483
-0.856245 6.25839
-0.966269 6.19983
-0.904219 6.09069
-1.00959 6.05831
-0.946357 5.90093
-1.04402 5.91006
-1.01884 5.71946
-0.955673 5.71919
-0.867624 5.82458
-0.911704 5.63106
-0.996913 5.52047
-0.944389 5.44145
-1.05003 5.32498
-1.08818 5.49173
-1.10804 5.16615
-1.15106 5.30459
-1.14066 5.05035
-1.16012 5.48322
-1.12825 5.63993
-1.08864 5.77458
-0.86603 5.44448
-0.834305 5.6811
-0.759784 5.56285
-0.844522 5.21083
-0.748785 5.85617
-0.659866 5.65002
-0.611664 5.95112
-0.686915 6.15879
-0.801866 5.99365
-0.864782 5.98949
-0.80812 6.1388
-0.743367 6.34555
-0.610625 6.50073
-0.545902 6.32333
-0.567746 6.15714
-0.467944 6.09606
-0.413188 6.47517
-0.493857 6.55215
-0.430616 6.63432
-0.355444 6.68425
-0.263474 6.55242
-0.454766 6.8263
-0.332036 6.29644
-0.327277 6.0475
-0.647687 6.72363
-0.727068 6.58193
0.948673 2.73509
1.00755 2.63516
1.45662 2.9256
1.62644 2.83945
1.75828 2.54122
1.61454 2.37982
1.85687 2.3494
1.78605 2.22911
2.08283 2.25234
2.02236 2.40026
2.01842 2.13389
1.8534 2.07863
1.48576 2.29566
-0.730488 3.54601
1.87933 2.01431
1.42875 3.59343
2.45415 3.46184
2.35124 4.70043
2.39079 8.49865
2.54149 6.35581
2.53871 6.04425
3.09642 8.95652
3.13391 9.09151
3.71524 8.38122
4.4763 7.18761
4.47427 6.81577
4.67081 6.64448
4.74747 6.8487
4.65683 7.13398
4.7936 7.08128
4.58695 7.37332
4.8928 7.18506
5.01043 6.85191
5.06337 6.99203
5.21628 6.66634
5.18316 6.97866
5.144 6.50288
5.29344 6.3473
5.2606 6.20594
5.31329 5.89299
5.5036 5.68262
5.44798 5.53163
5.49343 5.21547
5.65982 4.98611
5.79429 4.94399
5.7654 4.6542
5.53715 4.83266
5.57171 4.43611
5.79092 4.28221
5.79421 4.01889
5.6223 3.84302
5.6254 4.11095
5.43775 3.95303
5.46597 4.19616
5.28635 4.14814
5.37538 4.37184
5.35745 4.6627
5.19176 4.44575
5.14125 4.84468
5.31809 5.07426
5.06436 5.34573
5.25995 5.55771
5.01298 5.84823
5.13357 5.98538
5.12098 6.2684
4.92467 6.34595
4.95705 6.65392
4.77724 6.14543
4.89315 5.70639
4.71642 5.78759
4.83544 5.40505
4.91334 4.99072
4.70207 5.12436
4.65247 5.48862
4.51923 5.80985
4.56651 6.17906
4.34153 6.22893
4.38723 6.59641
4.58304 6.4835
4.5713 4.86167
4.74826 4.69305
4.56417 4.40623
4.7934 4.26316
4.97151 4.55515
5.03662 4.12007
5.20656 3.85242
5.00485 3.76923
5.11351 3.5592
5.36896 3.62746
5.21359 3.37652
5.16169 3.15507
5.0115 3.29822
4.95193 3.06121
4.79003 3.20812
4.73423 2.97322
4.56406 3.1082
4.51197 2.90343
4.34984 3.03293
4.45398 2.76281
4.66435 2.77849
4.47417 2.6445
4.69572 2.62586
4.86385 2.72716
4.86455 2.62896
5.01197 2.70414
4.97532 2.57206
5.17633 2.68928
5.1508 2.55247
5.09965 2.46441
4.97619 2.46773
4.96893 2.39301
4.78184 2.38212
4.83619 2.46606
4.75791 2.53169
4.64385 2.41533
4.49595 2.49532
4.4293 2.36733
4.21084 2.39018
3.95057 2.26596
4.23098 2.27605
3.97369 2.14965
4.29205 2.17886
4.51343 2.3132
4.50293 2.24803
4.69093 2.29523
4.49729 2.20263
4.663 2.23322
4.85975 2.29798
5.0687 2.36492
5.16832 2.38384
5.00672 2.32383
5.00683 2.32384
5.22319 2.37984
5.054 2.32654
5.21244 2.38673
5.32708 2.47429
5.4747 2.61385
5.28436 2.52714
5.59704 2.74122
5.16229 2.43088
5.14233 2.45851
4.95021 2.31223
4.63513 2.2213
4.71604 2.2541
4.39096 2.0997
4.5293 2.14917
4.70045 2.2091
4.87557 2.28844
4.91699 2.30179
4.76618 2.24348
4.52732 2.13464
4.57583 2.153
4.84015 2.24857
4.70147 2.22359
4.52709 2.15233
4.36092 2.09885
4.21788 2.04388
4.17362 2.02645
4.28984 2.08545
4.11307 2.03133
3.99531 2.03274
3.99396 1.98385
3.79613 1.92604
3.85711 1.90155
4.03968 1.97522
3.95072 1.93197
3.94038 1.91951
4.11344 2.01868
4.26631 2.08952
4.03114 1.99415
4.08875 2.0361
3.91557 1.97343
3.77994 1.90792
3.75952 1.91428
3.59558 1.82152
3.61374 1.82436
3.79576 1.89889
3.6744 1.83598
3.86726 1.92288
3.92973 1.97685
3.70062 1.83275
3.3779 1.72727
3.45101 1.76081
3.27693 1.70238
3.3392 1.72792
3.41488 1.78112
3.21363 1.75674
3.27736 1.81076
3.43789 1.79771
3.54569 1.85116
3.37333 1.85617
3.31349 1.89312
3.1886 1.87475
3.0507 1.81838
3.00213 1.89736
3.06456 1.95302
3.20667 1.94895
3.02586 2.04832
3.22554 2.00633
2.8984 1.97951
2.82788 2.09581
2.63802 2.15242
2.81368 1.88682
2.83622 1.77249
3.0251 1.75106
2.91077 1.7057
3.11144 1.71309
3.12982 1.68427
2.94682 1.6639
2.7152 1.67668
2.59878 1.69414
2.77117 1.6818
2.58728 1.68648
2.64074 1.70323
2.87003 1.70763
3.00393 1.6797
3.07823 1.70195
3.05751 1.74678
3.24401 1.73728
3.24468 1.80374
3.43302 1.80797
3.45113 1.88534
3.60118 1.87481
3.70272 1.94754
3.5919 2.00076
3.79251 2.04448
3.72998 2.1062
3.83118 2.17518
3.68707 2.19237
3.79196 2.29174
3.38983 2.12406
3.54542 2.07645
3.38006 1.99129
3.14651 1.96987
3.24734 1.8852
3.06518 1.84333
3.17637 2.10373
3.63552 1.84818
3.44289 1.74103
3.21657 1.69381
3.13423 1.68625
5.34122 2.86241
5.15439 2.83103
5.27486 3.02562
5.07932 2.94754
5.00828 2.8068
4.89122 2.87175
4.40722 3.23561
4.1739 3.2453
4.35746 3.49751
4.13945 3.52438
4.45731 3.82544
4.51157 3.57509
4.64325 3.67754
4.6297 4.0077
4.49576 4.09773
4.34198 4.22678
4.36165 4.78693
4.16187 4.96552
4.8231 3.87702
4.85262 3.52145
4.59192 3.38462
5.87362 3.26866
6.03029 3.43643
6.01642 3.47063
5.97759 3.50338
6.03182 3.60568
6.16996 3.71691
6.08131 3.72913
6.20648 3.82345
6.10392 3.80144
5.99712 3.78843
5.88151 3.74926
5.69122 3.66082
5.79254 3.61953
5.92271 3.70144
5.96916 3.65597
5.87175 3.56639
5.90326 3.51108
5.77136 3.45916
5.8558 3.44382
5.76576 3.53581
3.17954 9.22317
4.97968 8.18876
5.81757 7.12601
5.90291 6.95412
6.457 4.04126
6.379 5.43857
6.4686 5.21857
1.90872 9.00913
0.000261307 8.04366
0.116941 8.34621
0.311604 8.56707
0.403239 8.68576
0.213341 8.45554
0.991876 9.07359
