-1.14066 5.05035
-1.16012 5.48322
-1.12825 5.63993
-1.00959 6.05831
-0.966269 6.19983
0.0100775 8.24536
0.403239 8.68576
0.811965 8.99072
1.52098 9.39955
2.12174 9.61192
2.63149 9.6836
3.25521 9.63623
3.75342 9.50924
3.94952 9.40629
4.10613 9.28079
4.86751 8.51752
5.07221 8.30089
5.27068 8.05426
6.01384 6.80223
6.39288 5.66282
6.53131 4.87997
6.53434 4.7225
6.52603 4.56973
6.51196 4.44442
6.50047 4.3428
6.48437 4.21139
6.457 4.04126
6.41292 3.92504
6.34979 3.77028
6.2973 3.67079
5.51055 2.5819
5.40068 2.48547
5.22319 2.37984
3.70062 1.83275
3.44289 1.74103
3.27693 1.70238
3.21657 1.69381
2.94682 1.6639
2.7152 1.67668
2.58728 1.68648
2.43713 1.70768
1.67438 1.87866
1.38181 1.95374
1.19536 2.02857
1.03139 2.10224
0.658117 2.29005
0.0655537 2.62087
-0.130779 2.75945
-0.204036 2.81392
-0.361513 2.98725
-0.789417 3.60952
-0.986257 4.22301
-1.07912 4.546
-1.11964 4.78945
