1.87672 6.60709
1.79315 6.78997
1.72642 7.01005
1.68643 6.82792
1.63397 7.02888
1.58973 6.95643
1.56018 7.15551
1.64377 7.14637
1.6079 7.28423
1.51015 7.35965
1.41511 7.2325
1.39534 7.51741
1.5066 7.48948
1.47819 7.60752
1.33372 7.91139
1.16277 8.20398
1.11886 7.93285
0.97092 8.13504
0.977568 8.32066
0.825871 8.31563
0.90524 8.47873
1.56924 7.41108
-2.61075 9.33077
-2.8499 9.24193
-2.75241 9.21477
-2.89332 9.12844
-2.78503 9.10301
-2.99246 8.95916
-3.09202 9.07764
-3.18462 8.88349
-3.3204 8.89419
-3.30859 9.02903
-3.47207 8.88359
-3.6617 8.81977
-3.61266 8.72151
-3.76919 8.60157
-3.92828 8.534
-4.29265 7.96334
-4.41323 7.72935
-4.52869 7.60342
-4.52589 7.4739
-4.58817 7.45392
-4.63492 7.39958
-4.64113 7.254
-4.74002 6.97543
-4.66168 7.0532
-4.57333 7.20373
-4.41359 7.53276
-4.43092 7.28871
-4.29443 7.6489
-4.31128 7.77209
-4.19937 7.91764
-4.18222 8.12237
-4.11534 8.28733
-3.99289 8.36168
-4.05665 8.14276
-3.93448 8.30436
-3.91346 8.12696
-4.03332 8.00993
-4.10796 7.93365
-4.18277 7.73502
-4.0651 7.78876
-4.25144 7.49262
-4.28743 7.55902
-4.37409 7.09782
-4.16051 7.3964
-4.25844 7.0795
-4.03098 7.21761
-3.96782 7.62974
-3.90238 7.89553
-3.79737 7.83518
-3.76122 8.07733
-3.71128 8.3225
-3.81069 8.39726
-3.65382 8.54958
-3.88669 8.44586
-3.50946 8.5038
-3.49355 8.72145
-3.34133 8.7257
-3.31713 8.56286
-3.16621 8.75511
-3.1364 8.60975
-3.00678 8.79004
-2.92479 8.69524
-2.79641 8.92803
-2.71095 8.79222
-2.50741 9.00389
-2.52261 8.74043
-2.2094 8.94364
-2.21689 9.21561
-2.4656 9.2392
-2.28509 9.39051
-2.42706 9.37471
-2.37554 9.44097
-2.46251 9.44942
-2.33968 9.51031
-2.13697 9.51287
-1.96953 9.57912
-1.81583 9.55992
0.68157 8.72374
0.578333 8.82152
0.556875 8.61468
0.421259 8.74811
0.41738 8.94397
0.222835 8.80236
0.304996 8.50959
-0.00302887 8.53825
-0.0236235 8.85483
0.12961 8.99388
-0.0480032 9.06331
-0.259339 8.9808
-0.224433 9.18742
-0.433278 9.18829
-0.434377 9.36062
-0.598026 9.30401
-0.645163 9.18118
-0.505184 9.00818
-0.713654 9.01446
-0.899395 9.1398
-0.793368 9.30242
-0.984142 9.29871
-0.940925 9.40324
-1.14965 9.36157
-1.09729 9.49014
-0.889219 9.49399
-0.724345 9.40586
0.148432 9.20881
0.271367 8.98409
0.218961 9.10012
0.0847549 9.13108
0.0482092 9.21718
-0.0489712 9.19589
-0.0318594 9.26681
-0.166545 9.29613
-1.35842 9.44363
-1.56672 9.46633
-1.65142 9.55665
-1.76523 9.42615
-1.60925 9.29904
-1.83561 9.25599
-1.97565 9.32921
-2.01374 9.16791
-2.10469 9.38976
-1.9519 9.4688
-1.83719 9.02744
-2.05836 8.75819
-2.30731 8.64778
-2.13888 8.57086
-2.31697 8.39554
-2.61311 8.45284
-2.79366 8.58696
-2.89454 8.36906
-3.07047 8.44477
-3.13149 8.16917
-3.26518 8.26025
-3.27811 8.40879
-3.43236 8.22785
-3.42653 8.38303
-3.58496 8.25494
-3.60759 8.01655
-3.38799 8.07788
-3.5243 7.87001
-3.32497 7.94776
-3.11439 7.9134
-2.85575 8.1779
-2.82064 7.95139
-2.57196 8.16748
-2.59213 7.89566
-2.2891 8.07196
-2.00335 8.41336
-1.98552 8.03116
-1.77715 8.24301
-1.65123 8.55091
-1.53568 8.27109
-1.38073 8.53848
-1.43503 8.74379
-1.57455 8.88835
-1.34336 8.9093
-1.2235 8.77372
-1.1449 9.00377
-1.35097 9.07899
-1.14568 9.20645
-0.934114 8.83654
-1.36143 9.26417
-1.54722 9.1241
-1.85618 8.71545
-1.12823 8.53355
-0.841246 8.488
-0.647444 8.79227
-0.540822 8.51341
-0.416291 8.7818
-0.222563 8.70167
-0.366067 8.60771
-0.299565 8.39384
-0.117074 8.22561
0.0977859 8.2295
-0.0551748 7.9972
-0.306042 7.96596
-0.103028 7.66221
-0.430121 7.47472
-0.586128 7.82224
-0.529809 8.17293
-0.739239 8.03018
-0.703884 8.28525
-0.865057 8.18939
-0.943001 7.92292
-0.79318 7.76793
-0.970314 7.55724
-1.18055 7.79193
-1.09413 8.18673
-1.38312 8.02159
-1.45688 7.61601
-1.22337 7.41118
-1.47903 7.10726
-1.75963 7.41002
-1.69961 7.90658
-1.98132 7.67681
-2.17615 7.80555
-2.24215 7.46507
-2.01758 7.36482
-2.16159 7.15892
-1.94393 7.04189
-1.73217 7.08276
-1.75046 6.73511
-1.46038 6.59106
-1.26152 6.84207
-1.20519 7.11026
-1.02173 6.90999
-1.05528 7.24765
-0.868542 7.22662
-0.7147 7.50721
-0.656986 7.16981
-0.45895 6.96606
-0.171272 7.20006
-0.236916 6.74218
-0.435843 6.60512
-0.589062 6.65761
-0.561518 6.30617
-0.821802 6.51892
-0.667203 6.85699
-0.80556 6.9424
-1.16968 6.45513
-1.03016 6.03788
-1.23041 6.07444
-1.41637 6.16598
-1.36938 5.84198
-1.58827 5.80685
-1.48672 5.57021
-1.68673 5.41285
-1.48332 5.24055
-1.31481 5.59148
-1.24223 5.40255
-1.12543 5.6764
-1.20618 5.84804
-0.956516 5.72978
-0.763491 5.92539
-0.872572 5.5556
-0.706006 5.50977
-0.452282 5.79255
-0.313024 6.30767
-0.11902 5.94273
-0.0533552 6.42438
0.0382185 6.88808
0.209162 6.52167
0.304862 6.95366
0.185801 7.39844
0.169977 7.89615
0.377273 7.73827
0.37228 7.99248
0.530924 7.93604
0.475902 8.14525
0.320149 8.19923
0.500343 8.36044
0.676767 8.44136
0.720287 8.60574
0.790756 8.49787
0.649926 8.17451
0.819538 8.0834
0.733788 7.84261
0.938642 7.88829
0.926715 7.56629
1.08185 7.69094
1.24655 7.69668
1.17384 7.57616
1.11757 7.40286
1.2646 7.44443
1.26703 7.14145
1.39996 6.90478
1.50057 6.98218
1.48633 6.8249
1.58825 6.71711
1.48518 6.62782
1.60477 6.28847
1.6578 6.4753
1.69609 6.62135
1.78829 6.58615
1.73648 6.4219
1.83991 6.28617
1.75627 3.55455
1.81397 3.65606
1.80402 3.67564
1.76289 3.56675
1.71321 3.48876
1.76824 3.59048
1.684 3.4487
1.66112 3.38458
1.61492 3.31719
1.56454 3.27589
1.63402 3.40854
1.69744 3.54255
1.76946 3.60155
1.79099 3.73885
1.73811 3.67786
1.6623 3.54595
1.74583 3.75257
1.63432 3.61716
1.53408 3.33973
1.48779 3.38368
1.40354 3.22359
1.32684 3.20129
1.29274 3.07402
1.20493 3.00912
1.20499 3.09761
1.2963 3.25234
1.19521 3.22068
1.06003 3.03409
1.05308 3.19319
0.900896 3.00781
0.914587 3.18576
0.743227 3.02739
0.763848 3.20699
0.567252 3.057
0.540233 2.91376
0.682107 2.85955
0.363309 2.734
0.5794 2.69984
0.862519 2.81692
0.681264 2.65377
0.818084 2.64661
0.993695 2.7647
1.07841 2.92817
1.11168 2.87416
1.18544 2.91742
1.07942 2.77704
1.17502 2.81687
1.2828 2.96146
1.39931 3.11995
1.3408 3.01123
1.4694 3.15027
1.60056 3.37167
1.42276 3.05525
1.32843 2.94477
1.26968 2.86238
1.17119 2.75653
1.10231 2.68419
1.00461 2.58296
1.05375 2.64128
1.15364 2.73478
1.05865 2.68958
1.24007 2.87082
0.945998 2.55845
0.938199 2.55094
0.82815 2.46613
0.876426 2.48098
0.820385 2.44701
0.756673 2.39015
0.558504 2.26593
0.656933 2.33252
0.383314 2.1664
0.512729 2.28446
0.316816 2.18492
0.233601 2.08836
0.092803 2.03344
0.106018 1.98188
-0.0928526 1.91063
-0.150812 1.9541
0.0879564 2.10377
-0.202615 2.00949
0.0743961 2.18971
0.309788 2.28128
0.297239 2.35515
0.501533 2.43222
0.436069 2.51431
0.0842009 2.30408
0.185738 2.46342
-0.0888042 2.3278
-0.217475 2.19946
-0.390574 2.20784
-0.513531 2.06785
-0.687616 2.08776
-0.770288 1.9816
-0.999564 1.96417
-0.893813 1.90852
-1.05733 1.82466
-1.2634 1.83766
-1.21074 1.73474
-1.35895 1.73025
-1.54496 1.83128
-1.42564 1.96955
-1.75539 2.03002
-1.79622 1.90548
-1.75931 1.79597
-1.97807 1.92661
-2.00334 2.03254
-2.17966 2.04178
-2.30248 2.16877
-2.43148 2.11393
-2.62947 2.23949
-2.6403 2.18418
-2.62685 2.10476
-2.23674 1.97986
-2.41596 1.95888
-2.79759 2.04386
-3.01139 2.16872
-3.16332 2.11596
-3.28843 2.2035
-3.4464 2.16657
-3.50175 2.25725
-3.63971 2.22769
-3.71821 2.32583
-3.81445 2.26751
-3.90769 2.39197
-4.02141 2.34004
-3.87569 2.22361
-3.65311 2.16166
-3.79188 2.15856
-4.02604 2.2559
-3.90856 2.16651
-4.09102 2.25102
-4.23785 2.32899
-4.18918 2.39361
-4.14631 2.45008
-4.09422 2.52256
-4.30412 2.56473
-4.26217 2.73018
-4.39519 2.72551
-4.39774 2.8318
-4.33976 2.90261
-4.44875 2.98027
-4.52537 2.86288
-4.60087 3.0874
-4.67563 2.98088
-4.82191 3.11555
-4.71705 3.27391
-4.55703 3.25405
-4.62109 3.43622
-4.47723 3.35201
-4.4205 3.52034
-4.6318 3.64096
-4.71847 3.53344
-4.83036 3.44256
-4.79191 3.59003
-4.93476 3.58518
-4.9855 3.47186
-5.06713 3.55073
-5.09208 3.42402
-4.97384 3.36799
-5.04473 3.24855
-4.87897 3.28639
-4.9884 3.09592
-5.12327 3.14166
-5.20188 3.2585
-5.25531 3.20345
-5.32607 3.36146
-5.36129 3.27603
-5.42119 3.39046
-5.44546 3.32471
-5.41539 3.23797
-5.48973 3.30226
-5.51388 3.43877
-5.57781 3.39851
-5.53129 3.27232
-5.60265 3.38032
-5.55005 3.24494
-5.61782 3.38933
-5.5662 3.32012
-5.46728 3.18218
-5.43588 3.2249
-5.32905 3.09453
-5.36363 3.0517
-5.22557 2.95764
-5.30951 2.97189
-5.16601 2.88464
-5.21174 2.93489
-5.08477 2.86789
-5.13822 2.92806
-5.08165 2.8921
-5.19425 2.96106
-5.19976 3.00443
-5.32616 3.04148
-5.32153 3.13377
-5.17537 3.06811
-5.06996 2.95617
-5.04129 3.02183
-4.95335 2.93907
-4.89863 3.00119
-4.813 2.88915
-4.77603 2.96894
-4.67192 2.87488
-4.67822 2.80749
-4.56693 2.75788
-4.46164 2.6927
-4.47392 2.62062
-4.35745 2.48013
-4.50517 2.57835
-4.60325 2.70622
-4.65229 2.67715
-4.75932 2.79078
-4.87419 2.77905
-4.92874 2.86975
-4.62521 2.63603
-4.53161 2.55338
-4.43787 2.45053
-4.39636 2.44046
-4.24005 2.31708
-4.28255 2.35781
-4.4302 2.50681
-4.25246 2.39612
-4.08012 2.30944
-4.13741 2.37299
-3.93832 2.3249
-4.07666 2.4468
-3.81483 2.37491
-3.9454 2.4372
-3.92817 2.48707
-3.6824 2.42661
-3.8653 2.62341
-1.99621 1.6999
-1.85163 1.6576
-1.83621 1.63163
-2.01454 1.665
-2.17785 1.75195
-2.38787 1.846
-2.31571 1.76745
-2.59257 1.89647
-2.55343 1.90255
-2.91823 1.9839
-2.74342 1.93801
-2.99968 1.97804
-3.19692 2.02521
-3.2405 1.99924
-3.40758 2.04195
-3.43261 2.03965
-3.31988 2.00296
-3.55551 2.06237
-3.61743 2.09159
-3.77651 2.12015
-3.82194 2.15584
-3.99592 2.2095
-3.93732 2.21981
-3.72602 2.13236
-3.8219 2.21703
-3.54178 2.12313
-3.54347 2.0777
-3.38517 2.06222
-3.22495 2.0672
-3.38282 2.14297
-3.64152 2.24285
-3.31696 2.199
-3.17645 2.11881
-3.59281 2.30164
-3.68314 2.31501
-4.11823 2.27851
-3.6802 2.11961
-3.44157 2.04355
-3.55385 2.10232
-3.3342 2.03872
-3.34269 2.08883
-3.12208 2.01147
-3.02572 2.04816
-2.88937 1.98161
-2.79404 1.99701
-2.52645 1.91259
-2.71958 1.9665
-2.67499 1.9093
-2.93699 1.97429
-2.82425 1.96846
-2.64473 1.89873
-2.41254 1.81276
-2.38939 1.8411
-2.1768 1.7605
-2.19483 1.80604
-2.22992 1.85479
-1.94926 1.75647
-2.1459 1.87532
-1.99126 1.86107
-1.67527 1.66183
-1.50713 1.68921
-1.48151 1.58291
-1.27643 1.64718
-1.23383 1.55067
-1.06195 1.64323
-1.06551 1.72606
-0.869755 1.73169
-0.845764 1.84383
-0.64938 1.83431
-0.540361 1.94793
-0.722016 1.94161
-0.230658 2.09836
-0.354991 1.99206
-0.437629 1.91018
-0.447093 1.85784
-0.699428 1.7785
-0.609963 1.76719
-0.370548 1.81632
-0.652732 1.72653
-0.471248 1.7583
-0.190187 1.8455
-0.316324 1.79021
-0.0352335 1.88286
0.248318 2.06913
0.0562677 1.931
0.224991 2.05787
0.475341 2.22562
0.410093 2.21057
0.610791 2.34187
0.80516 2.48193
0.905779 2.53829
0.986753 2.618
1.13596 2.747
1.22667 2.82117
1.26907 2.86446
1.34167 2.93401
1.36451 2.97081
1.45235 3.05446
1.52898 3.19221
1.53079 3.15669
1.46407 3.08759
1.53435 3.19598
1.60473 3.31168
1.60906 3.31665
1.68824 3.43873
1.66159 3.40702
1.72411 3.48156
1.65349 3.38168
1.55897 3.23902
1.51794 3.23162
1.44456 3.11232
1.40263 3.06743
1.33013 2.94029
1.4472 3.08484
1.25299 2.85982
1.165 2.7734
1.19173 2.82204
1.08859 2.71103
0.972444 2.62232
0.663639 2.42122
0.594153 2.3832
0.487815 2.31079
0.161274 2.13379
0.0257301 2.11273
-0.0743322 2.09089
-0.215493 2.08846
1.30311 2.93052
1.48641 3.20805
1.62099 3.36224
1.75241 3.48873
1.72471 3.45956
1.75025 3.49066
-1.06228 1.94828
-0.88052 1.98608
-0.999492 1.87842
-1.16803 1.81729
-1.0216 1.8335
-1.07115 1.75213
-0.960396 1.82439
-0.847143 1.84159
-0.943723 1.72176
-1.21165 1.64508
-1.09389 1.60361
-1.32585 1.57837
-1.45411 1.61877
-1.50492 1.58058
-1.55643 1.5892
-1.6578 1.58996
-1.59683 1.61091
-1.72218 1.62349
-1.37372 1.70539
-4.86426 6.71771
-4.77434 6.8673
-4.82451 6.65587
-4.92433 6.4708
-5.03467 6.24733
-5.15737 6.04019
-5.35511 5.4259
-5.24205 5.69615
-5.1986 5.87771
-5.15 5.96548
-5.2454 5.64011
-5.11771 5.90878
-5.03035 6.22576
-4.97388 6.17706
-4.89113 6.48376
-4.85244 6.40748
-4.79261 6.64122
-4.75847 6.7484
-4.66853 6.89243
-4.69404 6.96587
-4.55757 7.08244
-4.58792 6.91265
-4.52166 6.92517
-4.65686 6.63727
-4.72499 6.64689
-4.77705 6.40608
-4.91297 6.10823
-4.74479 6.28822
-4.91286 5.87872
-4.75993 6.01473
-4.59454 6.37948
-4.55499 6.67949
-4.4233 6.77917
-4.43495 6.57363
-4.27973 6.85422
-4.33586 6.58915
-4.17061 6.84485
-4.00788 6.87429
-3.83543 7.1312
-3.68765 7.42342
-3.81049 7.59986
-3.63744 7.67841
-3.4289 7.71378
-3.68291 7.79487
-3.39309 7.44837
-3.23025 7.6723
-3.0126 7.73324
-3.15767 7.52139
-2.94686 7.52923
-2.8041 7.75484
-2.68307 7.60987
-2.41541 7.71943
-2.53931 7.38644
-2.4111 7.04569
-2.67223 7.0904
-2.82497 7.30292
-2.91435 6.93485
-3.19161 7.19055
-3.16908 6.74832
-3.44273 6.80877
-3.59401 7.1162
-3.71156 6.75325
-3.81648 6.9315
-3.91868 6.68537
-4.09422 6.57371
-4.20141 6.61807
-4.23421 6.40608
-4.36479 6.34836
-4.34675 6.15483
-4.52522 6.0322
-4.49051 5.83724
-4.27429 6.00079
-4.17246 6.30681
-4.0695 6.20036
-4.022 6.4485
-3.86372 6.41111
-3.95262 6.10103
-3.75729 6.12414
-3.60065 6.45435
-3.44095 6.03657
-3.33309 6.48164
-3.15224 6.23745
-3.15335 6.50069
-2.93932 6.47136
-2.91933 6.00929
-2.59185 6.07244
-2.65809 6.71577
-2.41111 6.59309
-2.18752 6.80804
-2.19159 6.27251
-2.00154 6.65886
-1.92332 6.39149
-1.7103 6.2063
-1.96294 6.06076
-1.86192 5.6823
-2.11408 5.75397
-2.3287 5.80102
-2.26211 5.41141
-2.06405 5.3413
-2.19804 5.07224
-2.38343 5.07029
-2.4747 5.50924
-2.66247 5.16089
-2.62278 5.59429
-2.78435 5.6657
-2.97994 5.43928
-2.9141 4.91598
-3.16351 5.16492
-3.28034 5.57863
-3.1198 5.84679
-3.5228 5.65549
-3.71413 5.80828
-3.69569 5.49943
-3.87638 5.612
-3.93332 5.84367
-4.10949 5.47653
-4.12836 5.8807
-4.39376 5.61829
-4.40122 5.29143
-4.57401 5.33258
-4.66791 5.48444
-4.6644 5.74071
-4.85703 5.49089
-4.85808 5.23285
-5.00423 5.14682
-5.02121 5.31881
-4.93317 5.63045
-5.12904 5.29128
-5.0467 5.5862
-5.15539 5.4366
-5.28463 5.13305
-5.20467 5.46715
-5.06296 5.72838
-5.13382 5.73487
-5.20794 5.62916
-5.2962 5.37246
-5.34364 5.36584
-5.39929 5.13753
-5.4137 5.19232
-5.32928 5.47356
-5.49636 4.97417
-5.54895 4.73848
-5.65327 4.18102
-5.66654 4.04496
-5.63527 4.10882
-5.60685 4.41351
-5.5675 4.40899
-5.52413 4.65646
-5.47478 4.9206
-5.45456 4.8878
-5.48752 4.66244
-5.4044 4.89315
-5.40259 4.72412
-5.36864 5.11147
-5.28419 5.26232
-5.27516 4.92313
-5.36594 4.62906
-5.46053 4.41015
-5.50562 4.47265
-5.55661 4.22334
-5.50375 4.07919
-5.37874 4.38658
-5.39971 4.13436
-5.32578 4.28625
-5.27197 4.46674
-5.25409 4.7173
-5.16213 4.65756
-5.11331 4.8946
-4.96694 4.8899
-5.14164 5.04951
-5.07665 4.50105
-4.91208 4.64117
-4.77144 4.87523
-4.74965 5.15364
-4.59774 5.09638
-4.57627 4.84427
-4.43652 5.04678
-4.24496 5.1371
-4.30634 4.81924
-3.93998 4.99407
-3.87458 5.36903
-3.69339 5.20242
-3.4489 5.27624
-3.50188 4.80405
-3.28259 4.95287
-3.09949 4.78855
-3.23941 4.68549
-3.105 4.50126
-2.94283 4.488
-2.69237 4.47912
-2.84865 4.07426
-2.63868 3.9083
-2.3979 4.19845
-2.47353 4.69779
-2.24043 4.67679
-2.19431 4.34691
-1.98409 4.54447
-2.03109 4.96062
-1.78432 5.00223
-1.8909 5.26099
-1.60668 4.70147
-1.26233 5.09045
-1.2631 4.62705
-0.93983 5.15566
-1.05674 5.43375
-0.923267 4.75347
-0.555193 5.10657
-0.724371 4.63027
-0.434724 4.62593
-0.160692 4.93157
-0.165268 5.42059
0.129667 5.14742
0.140682 5.61837
0.145148 6.09502
0.435123 5.85965
0.292083 6.20591
0.405951 6.34591
0.615967 6.1501
0.534618 6.63
0.698423 6.48192
0.715274 6.85097
0.503202 6.98641
0.426062 6.83081
0.407716 7.24155
0.607486 7.29257
0.432987 7.47985
0.570527 7.64958
0.741694 7.52406
0.860372 7.19629
0.999092 7.30063
1.0932 6.9742
0.931253 6.76529
0.844243 6.4887
0.979517 6.42567
1.06602 6.57441
1.12339 6.15254
1.1977 6.51326
1.27976 6.77448
1.33116 6.41285
1.3931 6.62196
1.45884 6.32413
1.39356 6.04984
1.53578 5.89939
1.67269 5.857
1.70483 6.06647
1.71098 6.26937
1.74798 6.08032
1.78582 6.20807
1.82111 6.01968
1.85101 6.09035
1.91853 6.01674
1.95605 6.09854
1.99356 5.8989
2.10493 5.42084
2.0847 5.15858
2.09494 5.02127
2.07303 4.84697
2.10043 4.89534
2.0642 4.63214
2.01381 4.3974
2.02416 4.50739
1.91594 3.88357
1.87225 3.87124
1.81632 3.72988
1.87165 3.9355
1.80246 3.81509
1.84566 3.99716
1.74365 3.90798
1.83889 4.20353
1.7304 4.07213
1.77356 4.27009
1.67916 4.16405
1.63976 3.86811
1.60196 4.0021
1.62228 4.23461
1.68146 4.33184
1.74288 4.4468
1.68544 4.51773
1.76075 4.68908
1.71088 4.90361
1.82708 4.91788
1.77674 5.1814
1.71962 5.19617
1.7284 5.47214
1.82167 5.44247
1.78074 5.80424
1.63169 5.59201
1.63785 5.2434
1.54744 5.49134
1.54824 5.19744
1.58544 4.88212
1.47546 5.05153
1.46967 5.35383
1.41644 5.24641
1.37082 5.5083
1.32571 5.3299
1.23075 5.66473
1.24098 5.2407
1.12302 5.53219
1.07448 5.8166
0.934428 6.10854
0.952883 5.62202
0.795635 5.97516
0.692708 5.7447
0.841057 5.28381
0.624619 5.43812
0.705684 5.05591
0.425413 5.27416
0.546866 4.90917
0.353685 4.93257
0.157127 4.73232
0.462203 4.60552
0.271475 4.50146
0.103121 4.45468
-0.116604 4.54124
-0.0375423 4.16432
-0.349627 4.30729
-0.730583 4.21083
-0.424218 3.96172
-0.726274 3.8604
-0.965849 3.84067
-1.18928 4.01221
-1.22526 3.54239
-1.65076 3.63781
-1.55806 3.28111
-1.87101 3.19546
-2.08844 3.44742
-2.17893 3.0044
-2.42266 3.20779
-2.35604 3.54006
-2.19086 3.71292
-2.00095 3.81879
-2.14207 4.06751
-2.3152 3.82653
-2.46582 3.76144
-2.60611 3.4577
-2.83339 3.61266
-2.79826 3.29283
-2.93765 3.31937
-3.06141 3.53067
-3.1084 3.1569
-3.18656 3.38232
-3.28021 3.61507
-3.15388 3.91155
-3.36985 3.98749
-3.39867 3.73839
-3.48692 3.83404
-3.5154 3.53085
-3.59791 3.80587
-3.62162 4.10243
-3.74271 3.87468
-3.68213 3.66736
-3.85551 3.66521
-3.75023 3.44811
-3.66247 3.21836
-3.48812 3.18547
-3.31634 3.29867
-3.35616 3.00996
-3.19745 2.81739
-2.95631 2.92219
-2.9004 3.1279
-2.71445 3.07162
-2.78088 2.78534
-2.5122 2.86095
-2.62229 2.66546
-2.81063 2.58103
-3.00056 2.69927
-3.01628 2.55188
-3.19865 2.60016
-3.3073 2.6796
-3.42214 2.76371
-3.39933 2.58692
-3.62773 2.63401
-3.47975 2.45943
-3.28968 2.46313
-3.12094 2.46921
-3.19106 2.40425
-3.26507 2.31501
-3.04813 2.36401
-2.87636 2.24212
-2.84889 2.32824
-2.90266 2.44297
-2.72562 2.35387
-2.67687 2.4451
-2.61131 2.53669
-2.43688 2.42901
-2.4645 2.58247
-2.48581 2.69697
-2.29974 2.70454
-1.96931 2.76223
-1.94328 2.96392
-1.65349 2.95473
-1.74458 2.76195
-1.76402 2.6499
-1.88921 2.53854
-2.10507 2.58012
-2.02388 2.42326
-1.74788 2.35295
-1.61679 2.50428
-1.42286 2.32057
-1.28232 2.50692
-1.49357 2.70408
-1.0504 2.70147
-1.21375 2.90117
-1.25601 3.17111
-0.825602 3.08838
-0.943074 3.34349
-0.868979 3.61169
-0.680393 3.45434
-0.58474 3.69133
-0.402473 3.54863
-0.384677 3.73725
-0.127919 3.74726
0.129027 3.8884
0.253086 4.07429
0.227739 4.30374
0.379597 4.20796
0.377152 4.38645
0.515494 4.29037
0.674508 4.39501
0.729187 4.69585
0.827502 4.42894
0.953836 4.6506
0.830183 4.84026
0.871706 4.96299
0.967473 4.98703
1.02702 5.17822
1.08223 4.8403
1.16275 5.00742
1.10787 5.31741
1.30412 4.82677
1.36875 5.04516
1.45151 4.65839
1.307 4.411
1.20193 4.66584
1.18573 4.4071
1.11399 4.56799
1.08571 4.32229
0.937459 4.24457
1.05131 3.98592
1.20689 4.15451
1.19296 3.90999
1.33712 3.997
1.40917 4.28328
1.46488 4.10192
1.4866 4.34937
1.55755 4.5244
1.64474 4.64335
1.61472 4.42673
1.55077 4.26013
1.54397 4.01804
1.43335 3.8084
1.54665 3.79637
1.4402 3.57769
1.5333 3.59424
1.41918 3.38444
1.31856 3.39069
1.32749 3.56736
1.18736 3.39554
1.23456 3.58139
1.31797 3.7237
1.21807 3.73754
1.0947 3.54114
1.1013 3.75443
0.920096 3.6682
0.850484 3.94753
0.799456 3.76449
0.70157 3.84457
0.697768 3.64711
0.604329 3.77911
0.48891 3.6881
0.557136 3.44921
0.754791 3.42027
0.922029 3.38428
0.587616 3.24007
0.39571 3.28328
0.342072 3.49831
0.170249 3.337
0.110965 3.56491
-0.141932 3.38952
0.00815487 3.18282
0.22623 3.14504
0.0280066 2.99565
-0.325474 3.0856
-0.279588 2.87047
-0.0789614 2.78658
0.283721 2.91182
0.252435 3.02721
0.401588 3.09959
0.0892687 2.71348
0.0509253 2.5857
0.209317 2.56633
0.372456 2.59724
-0.00453472 2.45965
-0.177521 2.46664
-0.235449 2.58075
-0.458298 2.38675
-0.678031 2.47907
-0.439039 2.69025
-0.757535 2.63584
-0.971819 2.5225
-1.06693 2.35756
-0.810385 2.2729
-1.18134 2.12601
-0.8583 2.12061
-0.583774 2.23108
-0.274979 2.34066
-1.22189 1.95413
-1.57717 2.15809
-0.653277 2.83936
-0.938789 2.87175
-0.513825 3.29908
-0.742369 3.28389
0.0993137 3.72822
0.273032 3.72043
0.313201 3.89181
0.3978 3.81401
0.506062 3.97421
0.70579 4.01705
0.645894 4.16911
0.784566 4.19241
1.04004 3.33381
-1.8943 2.23794
-2.07152 2.17536
-2.16972 2.34092
-2.30264 2.28245
-2.51718 2.32085
-2.26175 2.50352
-3.56394 2.36254
-3.63597 2.46748
-3.70571 2.41188
-3.81107 2.42593
-3.7644 2.51391
-3.92245 2.5296
-4.05516 2.72286
-3.84833 2.66114
-3.90672 2.84612
-4.05852 2.93116
-3.94569 3.04397
-3.85981 2.94747
-3.78768 2.89817
-3.76417 2.78255
-3.61609 2.92929
-3.79011 3.03359
-3.85658 3.22085
-3.98737 3.20325
-4.1382 3.16546
-3.98737 3.4029
-4.20729 3.45282
-4.33957 3.30261
-4.26717 3.6488
-4.07707 3.6839
-4.22538 3.80292
-4.41549 3.77754
-4.27279 3.99294
-4.11185 3.90927
-4.06339 4.15587
-4.24256 4.16202
-4.38961 4.15045
-4.25778 4.31968
-4.476 4.34033
-4.62077 4.09584
-4.46868 3.97331
-4.63064 3.85592
-4.78086 3.93088
-4.85154 4.0942
-4.92996 3.89443
-5.08033 4.00955
-4.935 4.33947
-5.12212 4.22499
-5.17368 4.0826
-5.24255 4.14492
-5.22798 3.99445
-5.34167 3.98575
-5.32391 4.1651
-5.26565 4.30348
-5.1882 4.3213
-5.1975 4.44999
-5.44045 3.94577
-5.4043 3.77822
-5.25307 3.80485
-5.33739 3.63489
-5.20653 3.56701
-5.05639 3.72889
-5.32015 3.49557
-5.45094 3.5642
-5.21293 3.38214
-5.50677 3.79907
-5.5325 3.66873
-5.57398 3.75433
-5.55374 3.60297
-5.62359 3.71192
-5.61367 3.54357
-5.65239 3.66486
-5.65954 3.51167
-5.6805 3.66423
-5.6669 3.77916
-5.66293 3.84049
-5.67572 3.92592
-5.69645 3.84455
-5.59772 3.93034
-5.6666 3.49784
-4.97074 3.16322
-4.81654 3.12352
-4.97794 3.04521
-4.78205 2.9597
-4.91872 2.91672
-4.74566 2.8562
-4.8138 2.83505
-4.63126 2.77398
-4.80763 2.78785
-4.68339 2.71533
-4.53094 2.65061
-4.57302 2.6304
-4.34938 2.57372
-4.48565 2.68236
-4.40852 2.72595
-4.15252 2.61072
-4.26899 2.44474
-4.23955 2.81992
-4.65223 3.12979
-4.48674 3.01957
-4.66145 3.02166
-4.56675 2.87431
-4.78224 2.7351
-4.82211 2.75839
-4.88766 2.7755
-5.01405 2.81162
-4.92886 2.81213
-5.07134 2.86742
-4.95743 2.86845
-5.10294 2.91412
-5.0489 2.94478
-5.08752 3.01939
-5.17358 2.99967
-5.22801 3.08274
-5.17098 3.13516
-5.55047 3.88003
-4.70332 4.34014
-4.74923 4.60314
-4.53033 4.58438
-4.32806 4.52791
-4.06759 4.53257
-3.84708 4.28985
-3.73518 4.52649
-3.48302 4.36045
-3.25906 4.35135
-3.82822 4.07536
-3.9359 3.89987
-4.83042 3.74008
-4.34533 3.08747
-4.20828 2.91597
-4.44124 3.2282
-4.47933 3.12925
-3.0401 4.18992
-2.98004 3.84897
-1.85751 4.20944
-1.75906 3.94429
-1.59683 4.31181
-1.45782 4.1359
-1.20394 4.34923
-1.09557 4.54179
-0.982696 4.42132
-1.89296 3.68674
0.579191 5.91218
0.773036 6.245
1.23403 5.94413
1.26458 6.1491
1.32332 5.82858
1.44386 5.68372
1.86058 5.61953
1.88309 5.8531
1.92696 5.57377
1.95987 5.77264
1.99157 5.49141
2.02083 5.71282
2.0526 5.55231
2.08016 5.3661
2.03004 5.25233
2.00437 5.26632
1.93749 5.26575
1.98667 5.0512
1.89796 4.89986
1.85669 5.1809
1.82326 4.68589
1.85358 4.51712
1.9502 4.72836
1.92377 4.45088
2.0068 4.57403
2.02354 4.92258
2.05208 5.10994
1.97936 4.3505
1.92318 4.27974
1.93526 4.14358
1.88549 5.41372
0.374243 6.67173
-5.03914 5.9281
-4.71627 5.89143
-4.65444 6.12417
-4.52427 6.26923
-2.94616 5.73923
-1.78609 1.59629
-1.59387 1.56087
-1.73538 1.56123
-1.9054 1.61641
-1.91825 1.61971
-1.85271 1.60504
-2.03953 1.65851
-2.11402 1.68159
-2.24722 1.75196
-2.37887 1.80005
-2.47556 1.8317
-2.60725 1.88771
-2.68868 1.91035
-2.65497 1.89852
-2.32663 1.78711
-2.18997 1.72714
-2.18072 1.73097
-1.9717 1.65371
-1.98957 1.71755
-1.74646 1.61517
-1.66851 1.55161
-1.57155 1.53754
-1.41334 1.49617
-1.45422 1.50224
-1.14457 1.53369
-1.24686 1.54211
-1.03194 1.57928
-0.858304 1.62528
-0.803104 1.69112
-0.595937 1.70229
-0.443967 1.79152
-0.163939 1.8223
-0.229507 1.84381
-0.0207338 1.9256
-0.166739 1.93202
-0.362319 1.88221
-0.26023 1.96721
-0.440784 1.96213
-0.117712 2.02601
-0.462707 2.08882
-0.544856 2.00447
-0.644047 1.92789
-0.662524 2.03983
-0.780364 1.93155
-0.909745 1.88086
-0.638575 1.83112
-0.788098 2.13675
-0.604197 2.19707
-0.0038271 2.01476
0.122932 2.04695
0.285608 2.16397
-0.697233 1.6889
-0.879813 1.63541
-0.842586 1.69073
-1.03722 1.59233
-1.42781 1.55954
-2.86866 1.95706
-3.12417 1.9922
-3.06696 1.97534
-2.82995 1.94538
-2.52577 1.86449
-5.43568 3.17625
-5.43156 3.1119
-5.49215 3.16839
-5.45582 3.08299
0.646298 2.55062
0.715056 2.48151
0.918888 2.62851
0.796967 2.46925
0.657243 2.37415
0.514455 2.34471
1.37809 7.70389
-1.30704 8.31851
-2.01263 8.61931
-2.64353 9.21028
-2.63683 9.10726
1.71321 3.48876
