-4.60072 -5.47642
-4.6024 -5.23797
-4.62679 -4.55787
-4.59967 -4.75105
-4.56334 -4.56588
-4.57064 -4.36184
-4.53113 -4.30674
-4.54007 -4.17651
-4.51682 -4.03376
-4.53089 -3.99941
-4.57289 -4.15639
-4.54928 -3.98651
-4.5217 -3.82463
-4.49197 -3.80572
-4.49876 -3.57645
-4.56192 -3.94776
-4.46896 -3.39892
-4.4661 -3.56823
-4.43533 -3.25171
-4.38264 -3.02883
-4.37411 -2.82154
-4.22636 -2.48944
-4.28823 -2.6598
-4.23102 -2.61136
-4.31049 -2.79793
-4.25406 -2.77535
-4.31705 -2.93038
-4.35193 -3.14291
-4.25048 -2.9598
-4.32761 -3.3108
-4.36192 -3.3176
-4.36432 -3.28492
-4.40287 -3.45243
-4.39891 -3.27625
-4.46918 -3.74128
-4.49156 -3.85011
-4.51381 -4.0732
-4.51227 -4.06975
-4.48646 -3.85777
-4.52107 -4.34125
-4.50493 -4.39997
-4.5262 -4.63069
-4.52901 -4.65319
-4.54044 -5.01064
-4.53546 -4.95033
-4.52178 -5.19517
-4.56053 -5.48398
-4.5513 -5.51846
-4.54464 -5.82823
-4.5631 -5.88121
-4.56019 -5.63488
-4.55758 -5.7896
-4.56344 -5.96742
-4.56042 -6.0254
-4.55722 -6.21166
-4.57596 -6.22505
-4.58632 -5.93352
-4.60294 -6.01089
-4.60391 -5.77458
-4.61599 -5.95599
-4.61267 -5.60632
-4.57494 -5.67214
-4.58097 -5.4314
-4.56761 -5.35448
-4.57043 -5.03568
-4.56341 -4.811
-4.57175 -4.81114
-4.54671 -4.57812
-4.60242 -6.13665
-4.61279 -6.22459
-4.59261 -6.31173
-4.58279 -6.42178
-4.57941 -6.48655
-4.55504 -6.50062
-4.5698 -6.67796
-4.5711 -6.59112
-4.55525 -6.78691
-4.29343 -7.41718
-4.37174 -7.37347
-4.42753 -7.18607
-4.47864 -7.09758
-4.44652 -7.26652
-4.46293 -7.24042
-4.50342 -7.12643
-4.51548 -6.97896
-4.52518 -7.0789
-4.53732 -6.89258
-4.50385 -7.03465
-4.52796 -6.76364
-4.50813 -6.84203
-4.53907 -6.58768
-4.5305 -6.37702
-4.54849 -6.07842
-4.54285 -6.07677
-4.5298 -5.93756
-4.52577 -5.82766
-4.53141 -6.01877
-4.51233 -6.04734
-4.52754 -6.2015
-4.49923 -6.26429
-4.48015 -5.91208
-4.45532 -6.1918
-4.46411 -6.53893
-4.489 -6.51891
-4.47761 -6.73134
-4.45091 -6.81635
-4.45903 -6.93962
-4.4791 -6.9079
-4.44993 -7.12931
-4.4041 -7.07608
-4.42451 -7.29253
-4.38639 -7.32981
-4.37197 -7.52154
-4.44583 -7.37108
-4.39906 -7.6553
-4.42252 -7.52166
-4.46819 -7.34799
-4.45447 -7.39142
-4.42636 -7.45725
-4.36472 -7.6269
-4.38642 -7.54727
-4.42212 -7.39876
-4.46243 -7.33608
-4.47048 -7.31593
-4.48975 -7.21918
-4.49921 -7.18779
-4.48417 -7.25515
-4.45333 -7.18599
-4.47375 -6.99839
-4.45556 -7.13108
-4.47574 -6.96316
-4.50297 -6.76812
-4.49999 -6.62541
-4.51466 -6.40398
-4.44706 -7.27361
-4.34614 -7.5321
-4.33458 -7.67539
-4.28155 -7.6641
-4.29516 -7.53273
-4.22614 -7.65666
-4.21279 -7.76162
-4.23616 -7.8161
-4.16019 -7.87236
-4.12263 -7.79117
-4.04321 -7.98409
-4.1322 -7.98528
-3.99506 -8.15452
-4.0956 -8.09014
-4.20269 -7.94776
-4.28293 -7.77806
-4.34259 -7.72853
-4.26342 -7.89091
-4.30804 -7.86328
-4.26484 -7.80466
-4.21088 -7.98844
-4.19571 -8.02225
-4.16019 -8.10444
-4.10442 -8.14905
-4.11833 -8.11957
-4.15462 -8.05996
-4.19443 -7.97555
-4.06828 -8.16221
-4.06325 -8.20169
-3.98101 -8.28582
-4.00759 -8.20986
-3.89512 -8.33125
-3.84278 -8.28872
-3.76627 -8.41169
-3.69837 -8.38815
-3.64068 -8.51801
-3.53733 -8.50479
-3.49927 -8.65597
-3.39812 -8.6548
-3.39816 -8.51323
-3.51691 -8.44503
-3.6276 -8.30966
-3.46483 -8.31932
-3.26855 -8.44433
-3.38464 -8.23639
-3.18851 -8.33794
-3.30849 -8.20475
-3.21762 -8.17119
-3.44164 -8.05665
-3.34022 -7.94994
-3.07303 -8.11622
-2.94568 -8.34826
-2.67042 -8.38103
-2.22444 -8.55045
-2.61813 -8.53268
-2.3481 -8.69286
-2.69727 -8.6883
-2.98185 -8.55639
-2.916 -8.80083
-3.16316 -8.63208
-3.2139 -8.76498
-3.04853 -8.90907
-2.89431 -8.96121
-2.65635 -8.96677
-2.79233 -9.08512
-2.56633 -9.10912
-2.42386 -9.04244
-2.32469 -8.9373
-2.18426 -9.05776
-1.97302 -8.97941
-1.96267 -9.07684
-1.775 -9.07555
-1.59613 -8.99091
-1.8358 -8.86058
-2.09735 -8.86438
-2.0501 -8.77036
-2.28562 -8.82098
-2.55415 -8.8217
-1.9514 -8.64448
-1.77913 -8.75614
-1.55384 -8.67704
-1.54013 -8.82404
-1.3836 -8.77672
-1.17341 -8.67743
0.0324636 -8.39547
0.326638 -8.3606
0.566401 -8.27966
0.898276 -8.24433
2.01126 -8.20238
1.71164 -8.25418
1.29833 -8.2657
1.61612 -8.42194
1.30717 -8.40077
1.05274 -8.4238
0.691474 -8.45109
0.866626 -8.5653
0.604691 -8.67956
0.391646 -8.60304
0.448544 -8.43799
0.227139 -8.50513
0.10277 -8.68
0.00256252 -8.56458
-0.129758 -8.66652
-0.262172 -8.55657
-0.495656 -8.52354
-0.543943 -8.6291
-0.665251 -8.56887
-0.821714 -8.65823
-0.638008 -8.78335
-0.940853 -8.83133
-1.28333 -8.8774
-1.01397 -8.99199
-1.25287 -9.0812
-1.39507 -8.82852
-1.52706 -9.14874
-1.20502 -9.22283
-0.901674 -9.13616
-0.946675 -9.26368
-0.675454 -9.24935
-0.843659 -9.38202
-1.1052 -9.3413
-1.05259 -9.44279
-1.30308 -9.41401
-1.29711 -9.32573
-1.42328 -9.26207
-1.47227 -9.3376
-1.64454 -9.25007
-1.80707 -9.15239
-1.87745 -9.22938
-2.04253 -9.15107
-2.06552 -9.24467
-2.299 -9.15392
-2.24839 -9.26053
-2.46728 -9.22207
-2.6603 -9.16439
-2.64163 -9.21892
-2.48465 -9.28447
-2.63633 -9.25561
-2.78664 -9.20942
-2.68963 -9.26171
-2.81935 -9.22009
-2.97553 -9.13794
-2.90716 -9.12771
-2.76716 -9.16395
-2.99009 -9.02441
-3.06316 -9.05817
-3.17218 -8.93175
-3.18415 -8.99067
-3.31292 -8.89166
-3.34679 -8.79275
-3.46112 -8.75659
-3.60782 -8.6287
-3.57093 -8.70193
-3.71455 -8.58047
-3.75715 -8.48427
-3.81508 -8.46859
-3.83681 -8.48621
-3.91215 -8.37232
-3.87459 -8.39857
-4.01816 -8.25817
-3.97977 -8.33071
-4.07728 -8.20555
-4.03908 -8.24707
-4.1127 -8.11996
-4.02403 -8.17815
-4.14378 -7.99768
-4.13259 -7.9253
-4.25489 -7.67833
-4.30666 -7.46219
-4.23159 -7.57423
-4.26974 -7.41163
-4.33661 -7.26206
-4.29222 -7.23585
-4.35069 -7.05127
-4.40559 -6.77106
-4.3303 -6.84061
-4.36783 -6.60976
-4.42484 -6.43262
-4.34394 -6.34919
-4.38699 -6.08333
-4.32897 -6.07468
-4.33053 -5.80924
-4.38985 -5.77642
-4.42835 -5.87156
-4.4149 -5.58711
-4.44856 -5.62346
-4.43384 -5.41729
-4.47475 -5.38901
-4.43063 -5.16097
-4.48851 -5.19827
-4.51108 -5.53417
-4.51936 -5.27685
-4.53062 -4.95698
-4.49086 -4.89834
-4.49976 -4.58274
-4.48907 -4.41745
-4.50105 -4.30309
-4.49116 -4.22932
-4.497 -4.06051
-4.50075 -3.91009
-4.44672 -3.82586
-4.40863 -3.61575
-4.40284 -3.65911
-4.42268 -3.82033
-4.45546 -4.06613
-4.40942 -3.98287
-4.37886 -3.63303
-4.33913 -3.8764
-4.29202 -3.41935
-4.37931 -3.47961
-4.24634 -3.78006
-4.30302 -4.20299
-4.37439 -4.27977
-4.3482 -4.57505
-4.39459 -4.59269
-4.38805 -4.71705
-4.4228 -4.84984
-4.37069 -4.8646
-4.39601 -5.06358
-4.46342 -4.67601
-4.39865 -5.31064
-4.34819 -5.12735
-4.35747 -5.47587
-4.29459 -5.17131
-4.31993 -4.85249
-4.28597 -4.52387
-4.2521 -4.83269
-4.20998 -4.47058
-4.23676 -4.18531
-4.18458 -4.21605
-4.17334 -3.89389
-4.19535 -3.75062
-4.16692 -3.56728
-4.20528 -3.3551
-4.1351 -3.25871
-4.13817 -3.03129
-4.20887 -3.10532
-4.14756 -2.80547
-4.1417 -2.65122
-4.18526 -2.62346
-4.11186 -2.44939
-4.13818 -2.3717
-4.00824 -2.21422
-4.02889 -2.09918
-4.13275 -2.22872
-4.06808 -2.02255
-4.0154 -1.82872
-3.94602 -1.84708
-3.91556 -1.65856
-3.73907 -1.1744
-3.84037 -1.45456
-3.69213 -1.26078
-3.7847 -1.50528
-3.8511 -1.55589
-3.86545 -1.65348
-3.84975 -1.7681
-3.94544 -1.96957
-3.90089 -2.00036
-3.78358 -1.9129
-3.71453 -1.60293
-3.65453 -1.70313
-3.59967 -1.47302
-3.64125 -1.34279
-3.46283 -1.17662
-3.56264 -1.12162
-3.59163 -1.01441
-3.43303 -0.850318
-3.49421 -0.770457
-3.34408 -0.521669
-3.45103 -0.574041
-3.34674 -0.350004
-2.98405 0.497947
-2.84343 0.632771
-2.78718 0.575196
-2.98234 0.323582
-2.79211 0.376056
-3.01053 0.144317
-3.14332 0.0994061
-3.1483 -0.0290397
-3.25651 -0.116692
-3.23069 -0.23034
-3.07905 -0.0822565
-3.1969 -0.332558
-3.26761 -0.57601
-3.16338 -0.40923
-3.15338 -0.598783
-3.32116 -0.821516
-3.27824 -0.9747
-3.34949 -1.32211
-3.51881 -1.60291
-3.37337 -1.66304
-3.50732 -1.97187
-3.34235 -1.97478
-3.46055 -2.31454
-3.34317 -2.30525
-3.39152 -2.62932
-3.25399 -2.4639
-3.28072 -2.74135
-3.36516 -2.99261
-3.47607 -2.90507
-3.48408 -3.15813
-3.41257 -3.35233
-3.57966 -3.46818
-3.60837 -3.07915
-3.71285 -3.42378
-3.71384 -3.73106
-3.79079 -3.64173
-3.81031 -3.46252
-3.8737 -3.67395
-3.84386 -3.92805
-3.9491 -3.92181
-3.9516 -3.69064
-3.89884 -3.40905
-4.01146 -3.61015
-4.01359 -3.84754
-4.08129 -3.87625
-4.04896 -4.13979
-3.9485 -4.25054
-4.0422 -4.43182
-4.13151 -4.47826
-4.07766 -4.67253
-3.99192 -4.60542
-4.05177 -4.93659
-4.15539 -4.90083
-4.11381 -5.13819
-4.1657 -5.23568
-4.12914 -5.3839
-4.07029 -5.21911
-4.05406 -5.44627
-3.98554 -5.17055
-3.92335 -4.83992
-3.87362 -5.1403
-3.94453 -5.44042
-3.80962 -5.41282
-3.91433 -5.72929
-4.03328 -5.7295
-4.01328 -6.06368
-4.11346 -5.95029
-4.16578 -6.21938
-4.18925 -5.98279
-4.14444 -5.70495
-4.23221 -5.84783
-4.26329 -6.13037
-4.29183 -5.93298
-4.27259 -5.73358
-4.21084 -5.52377
-4.2873 -5.49536
-4.22836 -5.19983
-4.18629 -4.67663
-4.16542 -4.33745
-4.13245 -4.16232
-4.2533 -6.41769
-4.17834 -6.48037
-4.21794 -6.65574
-4.13215 -6.64109
-4.13061 -6.87701
-4.03376 -6.74002
-4.07272 -6.44031
-3.9655 -6.5703
-3.95393 -6.34069
-3.86314 -6.11913
-3.90396 -5.92674
-3.79919 -5.78129
-3.73239 -5.99268
-3.78028 -6.22081
-3.69043 -6.27674
-3.59175 -6.0036
-3.64897 -5.77973
-3.54401 -5.6209
-3.67261 -5.51014
-3.71071 -5.76566
-3.69971 -5.19545
-3.77236 -5.1054
-3.70182 -4.91574
-3.8062 -4.88275
-3.72647 -4.66156
-3.81889 -4.65424
-3.88032 -4.49558
-3.84029 -4.22682
-3.74091 -4.05705
-3.61746 -3.86095
-3.6489 -4.19287
-3.76234 -4.39322
-3.6616 -4.4564
-3.62419 -4.67133
-3.55211 -4.35538
-3.48446 -4.64609
-3.59699 -4.99609
-3.46293 -5.02239
-3.56139 -5.28852
-3.63113 -5.24666
-3.45808 -5.33486
-3.38847 -5.56483
-3.46555 -5.85755
-3.34037 -5.91829
-3.45794 -6.17973
-3.32799 -6.25119
-3.39698 -6.38237
-3.46938 -6.52223
-3.57025 -6.32141
-3.6236 -6.62638
-3.4942 -6.7835
-3.39687 -6.78363
-3.43803 -6.92057
-3.52432 -7.04215
-3.31996 -7.05347
-3.37598 -7.36138
-3.50973 -7.35897
-3.41857 -7.58601
-3.26349 -7.63146
-3.31875 -7.78128
-3.20406 -7.8397
-3.24734 -8.00233
-3.45106 -7.82882
-3.35131 -8.0367
-3.44157 -8.09518
-3.60649 -7.86557
-3.62251 -8.0644
-3.4772 -8.29441
-3.30928 -8.3367
-3.33527 -8.48661
-3.17443 -8.52808
-3.20516 -8.65256
-3.01354 -8.72301
-3.08859 -8.80566
-2.939 -8.87012
-2.98232 -8.93207
-2.78139 -9.00628
-2.90873 -9.0304
-2.77519 -9.1255
-2.95279 -9.08503
-3.05225 -8.96607
-3.12593 -8.98684
-3.22736 -8.86461
-3.28152 -8.92462
-3.10664 -9.06855
-3.26928 -8.98762
-3.40463 -8.87692
-3.41161 -8.81442
-3.51308 -8.76139
-3.51726 -8.80949
-3.43383 -8.85771
-3.3611 -8.91952
-3.32456 -8.92732
-3.19786 -9.02132
-3.2532 -8.95888
-3.43861 -8.81896
-3.10407 -9.06096
-3.09608 -9.10347
-3.14744 -9.0852
-3.02121 -9.15109
-2.90281 -9.17119
-2.77721 -9.19476
-2.69915 -9.25175
-2.62654 -9.29486
-2.51696 -9.31846
-2.44819 -9.34801
-2.55729 -9.29305
-2.44981 -9.31039
-2.31295 -9.34308
-2.28648 -9.309
-2.10196 -9.37337
-2.13037 -9.40934
-2.29625 -9.38123
-2.36402 -9.37531
-2.2412 -9.40191
-2.26978 -9.37904
-2.4181 -9.33936
-2.31881 -9.33708
-2.48506 -9.27173
-2.3866 -9.23999
-2.60424 -9.17881
-2.5433 -9.08752
-2.6777 -8.90681
-2.8407 -8.85338
-2.82798 -8.72874
-3.00523 -8.53929
-2.82049 -8.54626
-3.04005 -8.28109
-3.16066 -8.38536
-3.26278 -8.19851
-3.07402 -8.005
-2.92272 -8.1577
-2.80814 -8.35397
-2.77354 -8.18057
-2.91558 -7.96783
-2.70401 -7.9959
-2.90476 -7.68718
-3.09274 -7.76454
-3.15984 -7.43976
-2.98296 -7.38664
-3.11452 -7.15069
-3.19731 -6.85268
-3.31113 -6.82102
-3.31262 -6.57702
-3.17162 -6.61345
-3.19913 -6.36954
-3.22396 -6.07614
-3.06369 -6.18991
-3.07051 -6.50542
-2.94371 -6.45069
-2.9003 -6.22705
-2.94565 -5.85993
-3.14325 -5.85651
-3.09408 -5.52524
-3.25235 -5.63447
-3.2443 -5.86942
-3.21557 -5.30846
-3.30346 -5.41835
-3.33721 -5.17923
-3.17055 -4.93188
-3.31403 -4.69242
-3.1658 -4.59526
-3.2031 -4.40075
-3.27936 -4.34067
-3.15106 -4.0319
-3.34073 -4.14254
-3.3734 -4.43526
-3.44104 -4.34637
-3.45404 -4.14549
-3.39003 -3.85736
-3.52869 -4.01761
-3.48675 -3.68858
-3.37574 -3.57448
-3.30847 -3.39299
-3.29723 -3.19158
-3.18306 -3.26004
-3.22008 -2.95197
-3.03845 -2.85516
-3.15276 -2.63347
-2.98528 -2.43109
-3.11346 -2.28966
-3.23094 -2.13064
-3.11092 -1.97524
-3.18491 -1.74456
-3.28714 -1.70079
-3.23229 -1.4389
-3.1004 -1.40778
-3.11946 -1.15212
-3.23256 -1.13691
-3.13078 -0.882913
-2.97491 -0.605041
-3.00191 -0.281089
-3.10355 -0.36786
-3.09691 -0.254607
-3.03567 -0.151225
-2.95634 -0.0513833
-2.8904 0.1295
-2.8719 0.0452189
-2.82903 -0.0546434
-2.82134 -0.304558
-2.66561 -0.0834912
-2.67215 0.113
-2.79619 0.113773
-2.68722 0.280938
-2.60324 0.471819
-2.54537 0.667106
-2.45689 0.567952
-2.51569 0.426603
-2.30828 0.502605
-2.49952 0.28061
-2.25784 0.213868
-2.52033 0.0950229
-2.47889 -0.077865
-2.29206 -0.0706714
-2.45326 -0.347838
-2.1722 -0.257618
-2.36245 -0.537621
-2.53597 -0.672949
-2.63501 -0.541729
-2.64924 -0.309376
-2.78717 -0.554684
-2.73243 -0.839661
-2.87732 -0.79159
-2.90358 -1.06127
-3.00296 -0.934687
-3.02158 -1.17836
-2.97523 -1.392
-2.79015 -1.28289
-2.9181 -1.62368
-3.01113 -1.6376
-3.07072 -1.58379
-3.07952 -1.75592
-3.01461 -1.82677
-3.01241 -2.0643
-2.92725 -1.87365
-2.89615 -2.09522
-2.78439 -1.7079
-2.71698 -1.9769
-2.61287 -1.67784
-2.59645 -1.36733
-2.57973 -0.997662
-2.41411 -0.778264
-2.35257 -1.04355
-2.1951 -0.627539
-2.09373 -0.848718
-2.09702 -1.18277
-2.41633 -1.46148
-2.26236 -1.62244
-2.51471 -1.83261
-2.39779 -1.98932
-2.13016 -1.81918
-1.95172 -1.43956
-1.77868 -1.6453
-2.04291 -2.08702
-2.30889 -2.15809
-2.30664 -2.40002
-2.12315 -2.47725
-2.39043 -2.71468
-2.48731 -2.58334
-2.62033 -2.8541
-2.51979 -3.12324
-2.80295 -3.25635
-2.68449 -3.57884
-2.49786 -3.37669
-2.40758 -3.58277
-2.5873 -3.83369
-2.43039 -3.89747
-2.58832 -4.1002
-2.77599 -4.00387
-2.73999 -4.28976
-2.54112 -4.4326
-2.823 -4.58875
-2.91474 -4.31828
-3.03025 -4.61969
-2.9583 -4.96257
-3.09413 -5.20086
-2.97878 -5.32217
-2.97408 -5.55317
-2.84008 -5.5407
-2.84086 -5.20921
-2.67502 -5.34675
-2.67822 -4.9253
-2.46631 -5.21602
-2.50968 -5.53268
-2.63498 -5.6966
-2.4106 -5.8631
-2.57348 -6.06394
-2.75446 -5.86197
-2.7484 -6.17078
-2.51008 -6.55805
-2.78141 -6.48314
-2.71367 -6.8463
-2.86592 -6.66144
-2.9723 -6.65019
-2.91613 -6.88311
-3.06615 -6.74947
-3.0501 -6.9662
-2.94008 -7.16571
-2.79128 -7.12032
-2.60845 -7.22028
-2.50423 -6.99299
-2.33857 -7.36315
-2.52183 -7.51477
-2.75273 -7.45685
-2.54565 -7.72984
-2.68968 -7.76963
-2.52942 -7.94684
-2.43111 -7.8835
-2.34287 -7.75847
-2.31401 -8.06727
-2.06873 -7.97792
-2.15832 -7.68485
-2.06464 -7.50479
-2.13428 -7.20134
-2.32637 -6.96674
-2.15968 -6.93448
-2.27345 -6.73647
-2.2748 -6.51751
-2.3605 -6.23881
-2.14862 -6.33594
-2.23686 -6.07524
-2.2261 -5.86127
-2.30259 -5.55884
-2.11975 -5.74061
-2.10495 -5.50071
-2.2096 -5.19442
-2.32548 -4.77169
-2.00299 -4.84796
-2.1205 -4.58014
-2.15157 -4.23988
-2.40432 -4.12777
-2.28042 -3.96824
-2.28954 -3.77083
-2.12357 -3.81497
-2.19046 -3.60033
-2.18298 -3.38669
-2.32214 -3.23102
-2.01761 -3.0825
-2.22203 -2.86725
-1.87914 -2.62143
-1.84659 -2.23165
-1.64394 -2.31023
-1.58799 -2.02372
-1.76952 -1.93866
-1.5797 -1.76391
-1.4298 -1.48103
-1.5999 -1.40414
-1.70409 -1.33783
-1.48115 -1.20413
-1.69523 -1.04918
-1.84216 -0.789171
-1.48091 -0.579894
-1.70462 -0.500319
-1.92959 -0.567577
-1.73078 -0.273134
-1.97392 -0.344665
-1.815 0.00542422
-2.07266 0.0934362
-1.88297 0.193159
-1.97085 0.310513
-2.09991 0.210333
-2.03916 0.516874
-1.76151 0.567157
-1.86007 0.727447
-2.0705 0.740094
-2.29366 0.73401
-2.05937 0.951849
-2.30273 0.911183
-2.47092 0.867615
-2.61725 0.759683
-2.7241 0.751138
-2.54448 0.911022
-1.65582 1.79202
-1.81005 1.60219
-2.03778 1.46847
-1.89729 1.38963
-2.17884 1.24689
-2.33877 1.03809
-2.09082 1.13281
-1.76164 1.21741
-1.64778 1.4834
-1.50258 1.41604
-1.43289 1.25986
-1.24436 1.4651
-1.19241 1.28381
-1.04622 1.40326
-0.947006 1.21199
-1.29307 1.04069
-0.998762 0.921507
-0.664737 1.00589
-0.837765 0.807413
-1.06999 0.62054
-0.660781 0.674319
-0.90914 0.371767
-0.549495 0.320529
-0.911563 0.0976005
-1.12588 0.146339
-1.21941 -0.158228
-1.44036 0.0502906
-1.17833 0.321508
-1.38846 0.370117
-1.57527 0.199767
-1.68512 0.334147
-1.43785 0.636426
-1.59226 0.841382
-1.38286 0.838954
-1.22812 0.817094
-1.5847 1.06859
-1.82699 0.937099
-1.51438 -0.288081
-1.10128 -0.436461
-1.2633 -0.849084
-0.871149 -0.630833
-0.991672 -0.925875
-1.1873 -1.16923
-1.06472 -1.47815
-1.32543 -1.79903
-1.0729 -1.79815
-1.21236 -1.94123
-1.33899 -2.17162
-1.10369 -2.02352
-1.0083 -2.30087
-1.26594 -2.48563
-1.52782 -2.54994
-1.28665 -2.86233
-1.12589 -2.58249
-1.09016 -2.70724
-0.979762 -2.82061
-1.02445 -3.09371
-1.25725 -3.41281
-0.86972 -3.39575
-1.0646 -3.82536
-0.661603 -3.79351
-0.911402 -4.02721
-1.11065 -4.20849
-1.32191 -4.08532
-1.40199 -4.4031
-1.67621 -4.14297
-1.70099 -4.6074
-1.93915 -4.48072
-1.66379 -5.03784
-1.45525 -4.73448
-1.31727 -5.00271
-1.44374 -5.33831
-1.68653 -5.44786
-1.43303 -5.8539
-1.05931 -5.34261
-1.08699 -5.79881
-1.04085 -6.21175
-1.32698 -6.26265
-1.55355 -6.41632
-1.2652 -6.52689
-1.40419 -6.89745
-1.76661 -6.7831
-1.68772 -7.1657
-1.40156 -7.34098
-1.66332 -7.50446
-1.39096 -7.72491
-1.70101 -7.77901
-1.51151 -8.01607
-1.79241 -7.9991
-1.94706 -7.76896
-1.85858 -8.1884
-1.62051 -8.2305
-1.74832 -8.38828
-2.03575 -8.31393
-1.82372 -8.58975
-1.61072 -8.55304
-1.58477 -8.69081
-1.69085 -8.82111
-1.95177 -8.77704
-1.81553 -8.98297
-2.0353 -8.92312
-2.21012 -8.7487
-2.22038 -8.98386
-2.42338 -8.77629
-2.46816 -8.95382
-2.32093 -9.12479
-2.11647 -9.18517
-2.2188 -9.24842
-2.06995 -9.32762
-2.22476 -9.31872
-2.15147 -9.38216
-1.97235 -9.42208
-2.07411 -9.42898
-2.16848 -9.41463
-1.95079 -9.44377
-1.92223 -9.42639
-1.77386 -9.46581
-1.85077 -9.4523
-1.81834 -9.433
-1.90719 -9.37321
-1.75997 -9.35612
-1.91559 -9.26097
-1.6976 -9.19831
-1.96694 -9.09624
-1.53103 -9.02565
-1.34646 -9.23487
-1.55656 -9.37981
-1.38124 -9.40005
-1.46109 -9.46936
-1.56557 -9.48148
-1.47616 -9.48501
-1.54811 -9.49815
-1.45293 -9.49178
-1.33054 -9.46675
-1.32631 -9.49302
-1.44844 -9.46883
-1.59494 -9.47533
-1.70373 -9.43257
-1.65261 -9.48437
-1.75535 -9.47254
-1.68395 -9.44776
-1.57959 -9.39111
-1.7403 -9.38818
-1.88906 -9.3809
-1.80994 -9.32487
-2.07016 -9.32209
-1.61819 -9.3224
-1.19229 -9.47382
-1.19494 -9.49439
-1.03261 -9.50145
-0.982032 -9.47628
-0.883334 -9.4474
-0.839952 -9.47156
-0.873712 -9.49028
-0.753758 -9.47882
-0.687425 -9.44066
-0.611927 -9.47842
-0.734622 -9.48658
-0.572031 -9.46471
-0.701963 -9.46805
-0.870022 -9.49276
-0.762738 -9.45296
-0.896681 -9.45268
-1.04322 -9.48875
-1.0617 -9.43431
-1.15733 -9.47383
-1.23151 -9.47589
-1.20679 -9.4608
-1.21453 -9.37844
-1.02176 -9.3518
-1.10154 -9.28331
-1.04481 -9.17051
-1.21907 -9.03253
-0.917254 -9.04669
-1.06569 -8.84672
-1.41196 -8.84751
-1.36344 -8.64189
-1.04442 -8.59249
-1.3001 -8.49984
-1.49198 -8.43755
-1.26988 -8.29926
-1.25472 -8.01397
-1.00456 -8.12726
-1.0642 -7.83452
-1.10873 -7.49842
-0.816054 -7.6354
-0.8176 -7.23698
-1.14629 -7.1632
-0.999695 -6.78081
-0.568303 -6.86835
-0.729457 -6.49114
-0.657493 -6.15074
-0.791533 -5.77554
-0.346815 -5.84486
-0.524243 -5.28744
-0.740662 -4.74905
-1.07161 -4.92891
-1.13892 -4.61626
-0.832443 -4.26895
-0.431037 -4.20138
-0.379359 -3.82105
-0.33576 -3.5561
-0.516481 -3.26588
-0.0618539 -3.18203
-0.452151 -2.7017
0.0765271 -2.56675
-0.243988 -2.27006
-0.605527 -2.17957
-0.288787 -1.87282
-0.612926 -1.737
-0.878136 -1.94221
-0.759748 -2.48946
-0.956135 -2.59535
-0.777447 -2.71234
-0.761902 -2.99382
-0.862279 -1.65668
-0.694118 -1.37608
-0.886061 -1.14072
-0.643499 -1.07541
-0.742231 -0.878602
-0.453063 -0.870147
-0.600933 -0.666875
-0.566354 -0.409797
-0.796363 -0.286703
-0.526713 -0.132554
-0.706138 -0.00446928
-0.9516 -0.150753
-0.474638 0.080246
-0.203455 0.188037
-0.225595 0.44337
-0.300053 0.639251
-0.0323253 0.608504
-0.0376577 0.422178
0.182096 0.522552
0.0998259 0.317944
0.158676 0.0627995
-0.219691 -0.212692
-0.360367 -0.0102208
0.204692 -0.311683
-0.0815921 -0.60026
0.261927 -0.763551
-0.13232 -1.03699
0.230462 -1.18301
0.0382195 -1.55782
0.442703 -1.47148
0.323687 -1.82286
0.0626793 -2.05125
-0.355448 -1.44988
0.485968 -2.19852
0.480245 -2.64584
0.283513 -2.92468
0.599759 -3.01838
0.737206 -2.70177
0.708507 -2.46099
1.0152 -2.50912
0.832686 -2.23661
0.807233 -1.98013
0.621672 -1.77941
0.970392 -1.62787
0.711745 -1.48969
0.648445 -1.31287
0.547003 -1.05609
0.898519 -1.16452
0.834435 -0.683541
0.539547 -0.740685
0.521309 -0.442071
0.798166 -0.301972
0.606534 -0.096987
0.425248 -0.223559
0.36809 -0.0838145
0.457506 0.102986
0.406996 0.354974
0.749537 0.232063
0.756805 0.53973
0.452882 0.660556
0.206278 0.731318
0.369997 0.801259
0.280706 0.913415
-0.0152836 0.851681
0.14104 1.06155
-0.0840392 1.06811
-0.333697 0.90513
-0.312969 1.19911
-0.616483 1.30752
-0.399791 1.39543
-0.205236 1.3973
0.0755439 1.32076
-0.104879 1.56969
0.180688 1.6125
-0.0455532 1.80714
-0.353786 1.74654
-0.321029 1.52739
-0.572227 1.56603
-0.650128 1.80961
-0.860085 1.68246
-0.839003 1.4576
-1.02006 1.5488
-1.1152 1.68137
-1.39429 1.60839
-1.24101 1.76239
-1.0644 1.82983
-1.20097 1.87067
-1.40286 1.75027
-1.3794 1.88346
-1.59872 1.70981
-1.56254 1.63167
-1.71286 1.56691
-1.46371 1.97428
-1.1697 2.07407
-1.12045 1.98647
-0.860284 2.08938
-0.976219 1.94545
-0.74095 1.96479
-0.874627 1.8507
-0.522933 1.93533
-0.585703 2.07109
-0.311841 2.00915
-0.459248 2.15301
-0.640399 2.18836
-0.770844 2.20581
-0.904102 2.2291
-0.679686 2.27426
-1.13445 2.20728
-1.31412 2.11561
0.277231 2.49618
-0.122706 2.31419
0.127621 2.27853
0.252109 2.36712
0.266368 2.28828
0.410162 2.28532
0.400653 2.40186
0.515303 2.47497
0.566453 2.3574
0.738151 2.42785
0.667312 2.53673
0.867278 2.51648
1.04551 2.56322
1.06668 2.4663
0.940543 2.42035
0.878209 2.3455
0.749695 2.28453
0.959713 2.21948
0.746321 2.10633
0.973364 2.04229
1.16481 2.11085
1.18255 2.27061
1.0095 2.33356
1.08771 2.38312
1.23911 2.38367
1.24389 2.48112
1.43836 2.38193
1.41449 2.27514
1.59713 2.27778
1.61596 2.16319
1.39496 2.13015
1.62393 2.02481
1.82948 2.04393
1.80911 2.18406
2.09065 2.0272
1.99837 2.21581
1.68727 2.35061
1.43343 2.48712
1.23918 2.56447
2.68945 1.89688
2.49203 1.98307
2.30746 2.0857
2.42975 1.88029
2.21698 1.85706
2.36392 1.73146
2.16489 1.70765
2.00458 1.8902
1.87904 1.73021
1.79993 1.9213
1.62779 1.85269
1.61843 1.61334
1.84147 1.57505
2.05129 1.49805
1.79491 1.44086
1.9667 1.25965
2.24188 1.27543
2.42679 1.48503
2.53887 1.10073
2.18724 1.02239
2.41237 0.911941
2.6016 0.763815
2.80116 0.895613
2.92395 0.613803
3.04921 0.851776
3.11956 0.607643
3.11974 0.429048
3.01453 0.244583
3.25457 0.18305
3.21055 -0.111294
3.02281 0.0140036
2.81821 0.0766476
2.72345 0.437189
2.47805 0.295668
2.56187 -0.00891382
2.8345 -0.344245
2.46406 -0.25853
2.67391 -0.63365
2.36086 -0.528336
2.51196 -0.814334
2.26211 -0.801516
2.10696 -0.532468
1.92642 -0.805625
2.16951 -1.07892
2.51145 -1.18992
2.25462 -1.41601
1.92207 -1.29612
2.10852 -1.71591
1.82626 -1.72941
1.99561 -1.95991
1.86868 -1.97724
1.73614 -2.00953
1.88916 -2.28266
1.6841 -2.25846
1.54818 -2.10555
1.54635 -1.81633
1.39565 -2.00091
1.33843 -2.26733
1.52705 -2.36897
1.35135 -2.67032
1.65984 -2.61734
1.49795 -3.01139
1.7132 -3.06537
1.57219 -3.3235
1.7409 -3.54025
1.48838 -3.70239
1.40927 -3.33709
1.21701 -3.55185
1.27508 -4.11881
1.5318 -4.08856
1.50111 -4.28963
1.47465 -4.55692
1.1062 -4.68178
1.50952 -5.04938
1.21534 -5.13787
1.4222 -5.43499
1.15161 -5.39465
0.865165 -5.08756
0.950701 -5.56798
1.28483 -5.72471
1.05814 -5.96347
0.675337 -5.82952
0.840288 -6.15735
1.07916 -6.33812
0.77377 -6.43598
0.532648 -6.2127
0.565871 -6.47907
0.60129 -6.70259
0.940073 -6.70752
0.716003 -6.86562
0.485428 -7.041
0.373861 -6.80056
0.103423 -6.8853
0.114373 -7.28148
-0.259223 -7.16242
-0.114375 -7.62547
0.144776 -7.52032
0.229565 -7.71965
0.0724649 -7.97071
0.339472 -7.98575
0.204734 -8.13186
0.361907 -8.26279
0.580688 -8.00121
0.579567 -7.71796
0.790518 -7.86464
0.942426 -7.62511
0.801938 -7.31464
0.385157 -7.43967
0.826646 -6.98838
1.17396 -6.98923
1.32773 -6.59357
1.42507 -6.16063
1.71345 -6.50284
1.52681 -6.82915
1.84032 -6.91737
1.50187 -7.11495
1.68206 -7.45149
1.22859 -7.35875
1.23938 -7.63762
1.31402 -7.91305
1.02453 -7.83174
0.837841 -8.09882
1.11948 -8.3025
0.680665 -8.44698
0.222116 -8.61998
0.617229 -8.75169
0.92547 -8.56047
1.0062 -8.73871
0.800114 -8.96476
0.491571 -8.97543
0.616261 -9.09366
0.398543 -9.10393
0.310673 -9.01589
0.140061 -9.07541
0.275481 -9.21242
0.539666 -9.21387
0.42302 -9.29895
0.294308 -9.31979
0.136832 -9.29921
0.191506 -9.3526
0.0838079 -9.35399
-0.0580683 -9.32805
-0.0118055 -9.37349
0.0907469 -9.38336
-0.0395632 -9.40878
-0.191292 -9.39968
-0.207115 -9.42972
-0.0387511 -9.4159
-0.190378 -9.42625
-0.0048089 -9.40022
-0.143697 -9.39284
0.0368719 -9.37349
0.187898 -9.37451
0.113832 -9.39489
0.249565 -9.37444
0.178555 -9.37884
0.0701685 -9.40881
0.285632 -9.35806
0.348368 -9.36302
0.375347 -9.352
0.450419 -9.33371
0.533418 -9.28503
0.601974 -9.31203
0.554754 -9.32102
0.377925 -9.34227
0.328597 -9.35276
0.188441 -9.34617
0.390354 -9.28785
0.52733 -9.30152
0.638259 -9.21658
0.514819 -9.19684
0.317214 -9.22139
0.496176 -9.10289
0.732266 -9.07528
0.676093 -8.97593
0.91825 -8.90498
0.814943 -8.84439
0.605497 -8.85337
0.45705 -8.97738
0.236745 -8.86887
0.265546 -9.08619
0.0202351 -9.08281
-0.185219 -9.01843
-0.166055 -8.83507
-0.403356 -8.97167
-0.524336 -9.11158
-0.696595 -8.97426
-0.452744 -8.86479
-0.361819 -8.71938
-0.277156 -9.2221
-0.548912 -9.35764
-0.309093 -9.37045
-0.0398183 -9.32512
0.0740299 -9.21903
0.182234 -9.29211
-0.343847 -9.41492
-0.482843 -9.4099
-0.509406 -9.44146
-0.404805 -9.44793
0.819415 -8.7207
1.02156 -8.74339
0.979849 -8.6341
1.06135 -8.54372
1.1246 -8.62124
1.30658 -8.51772
1.2645 -8.66887
1.49185 -8.62263
1.58001 -8.53858
1.84299 -8.60253
2.03106 -8.50877
2.22182 -8.64903
2.09647 -8.78738
1.71345 -8.71249
1.65581 -8.61641
1.43443 -8.73198
1.48708 -8.83401
1.20632 -8.81527
1.02266 -8.98713
1.28759 -8.96553
1.11396 -9.10691
0.870241 -9.1348
0.980973 -9.21072
1.17953 -9.19033
1.10406 -9.24186
0.935223 -9.27691
0.83278 -9.25548
0.860884 -9.2101
0.772046 -9.22392
0.682938 -9.28466
0.781162 -9.28265
0.675292 -9.315
0.740653 -9.28226
0.626244 -9.26105
0.708683 -9.24857
0.69277 -9.17295
0.777831 -9.10924
0.818279 -9.20147
0.968008 -9.11176
1.12776 -8.91771
1.22532 -9.07562
1.11512 -9.2311
0.934514 -9.25106
0.990606 -9.28393
0.874556 -9.28577
0.817036 -9.26528
0.832271 -9.28123
1.09716 -9.26569
1.22363 -9.25857
1.3341 -9.19095
1.35008 -9.23146
1.22271 -9.24613
1.35131 -9.23065
1.23029 -9.20616
1.31544 -9.18169
1.35101 -9.0838
1.4771 -9.15028
1.55165 -9.06778
1.52818 -8.98293
1.75897 -9.04131
1.63984 -9.11325
1.76546 -9.13845
1.65151 -9.15959
1.51235 -9.20564
1.69063 -9.1895
1.60617 -9.18745
1.48809 -9.19282
1.63362 -9.13971
1.52018 -9.11267
1.40648 -9.05128
1.42144 -8.90415
1.58964 -8.97702
1.68253 -8.84469
1.59775 -8.74914
1.36984 -8.69052
1.21072 -8.52141
1.51286 -8.43924
1.34294 -8.36251
1.54219 -8.1794
1.87135 -8.30231
1.89248 -8.06843
1.75168 -7.85427
2.08862 -7.84234
1.97041 -7.64073
2.06846 -7.43918
2.14059 -7.1435
2.26826 -7.35389
2.2259 -7.57789
2.45471 -7.40591
2.45451 -7.72974
2.70837 -7.41185
2.63007 -7.13086
2.40184 -7.17625
2.47736 -6.82249
2.17568 -6.78816
2.04506 -6.54457
2.33011 -6.47404
2.17666 -6.25589
1.95882 -6.25132
2.08408 -6.03744
1.90511 -5.94186
2.07672 -5.69526
1.84987 -5.63344
1.89144 -5.21295
1.67252 -5.44045
1.6314 -5.79622
1.74447 -6.14405
1.71374 -4.77903
1.94682 -4.66288
2.09984 -4.99841
2.17604 -5.33007
2.2806 -5.02333
2.35722 -5.34265
2.30904 -5.64573
2.24365 -5.96649
2.43433 -5.91834
2.34229 -6.17644
2.50675 -6.20301
2.56019 -6.45873
2.78245 -6.51773
2.76958 -6.85021
3.00508 -6.67489
2.95796 -7.09023
3.23733 -6.75477
3.32335 -7.0713
3.0865 -7.38164
3.32863 -7.37499
3.17129 -7.63383
3.5321 -7.52621
3.26371 -7.84305
2.97953 -7.92452
3.15329 -8.10578
2.83692 -8.20431
3.04073 -8.33994
2.75413 -8.45215
2.98667 -8.47281
2.95549 -8.59036
3.21235 -8.46829
3.21368 -8.6155
3.07938 -8.71151
2.84936 -8.71557
2.9289 -8.79596
3.17582 -8.83099
2.85855 -8.90795
2.67786 -8.80099
2.45384 -8.93819
2.63903 -9.02949
2.31874 -9.06969
2.19005 -9.02442
2.09071 -9.08722
1.95186 -9.04008
1.91039 -9.13422
1.78215 -9.10319
1.73489 -9.16272
1.81258 -9.18835
1.81033 -9.19711
1.74338 -9.18431
1.82765 -9.17531
1.89155 -9.18213
1.91793 -9.17976
1.98044 -9.16934
2.10326 -9.14845
2.06139 -9.15444
1.92732 -9.16044
1.9568 -9.1136
1.84561 -9.16438
1.76322 -9.1635
2.17439 -9.10302
2.22403 -9.14842
2.31846 -9.12589
2.36709 -9.13913
2.3278 -9.1421
2.46058 -9.10025
2.46411 -9.1412
2.40013 -9.14429
2.47204 -9.14648
2.48159 -9.13912
2.57402 -9.14959
2.57429 -9.15783
2.6856 -9.18065
2.7046 -9.14514
2.59219 -9.11316
2.75317 -9.09598
2.87043 -9.0366
2.85356 -9.0005
3.05484 -8.99752
3.11722 -8.93106
3.36903 -8.94942
3.50469 -8.80114
3.35447 -8.70018
3.67917 -8.64296
3.45511 -8.55209
3.73634 -8.44315
3.52023 -8.36761
3.33298 -8.25225
3.59015 -8.17117
3.4975 -7.94909
3.80865 -7.97355
3.81441 -7.66775
3.8629 -7.36148
3.76944 -7.09438
3.51635 -7.20778
3.58641 -6.96218
3.51916 -6.69761
3.74967 -6.74151
3.69273 -6.5421
3.87778 -6.40756
3.58385 -6.34512
3.71602 -6.02704
3.49883 -6.03577
3.53969 -5.72757
3.28559 -5.8526
3.32652 -6.23564
3.19174 -6.10552
3.04997 -6.00912
3.10569 -5.76626
2.92194 -5.73689
2.84809 -6.02806
2.89211 -6.22641
2.70687 -6.23011
3.06927 -6.32504
2.66789 -5.90264
2.73726 -5.57562
2.52429 -5.5475
2.68087 -5.26021
2.4744 -5.11546
2.62071 -4.8742
2.38088 -4.59095
2.16357 -4.70495
2.09094 -4.21275
1.90455 -4.30985
1.70598 -4.34053
1.85461 -3.9934
1.66726 -3.93817
2.00048 -3.59441
1.88735 -3.19481
2.08986 -3.06291
1.89338 -2.78211
2.0975 -2.58129
2.125 -2.20001
2.13381 -1.96429
2.30778 -2.03957
2.3368 -1.72638
2.53421 -1.9344
2.62247 -2.37964
2.32203 -2.4649
2.53245 -2.87664
2.2669 -2.80922
2.31679 -3.15726
2.18974 -3.44496
2.34066 -3.47421
2.27805 -3.68779
2.16649 -3.78666
2.30682 -4.03404
2.43815 -3.76683
2.52631 -4.19316
2.70186 -3.87812
2.53517 -3.39836
2.76257 -3.52171
2.71149 -3.21958
2.81152 -2.98765
2.7277 -2.72312
2.95833 -2.69855
2.88692 -2.30611
2.75048 -2.08276
3.01559 -1.99621
2.71329 -1.836
2.77561 -1.59438
2.51543 -1.6053
2.88186 -1.3189
2.74796 -0.974891
3.02966 -1.04037
2.84737 -0.8474
2.90695 -0.711546
3.10134 -0.68189
3.05037 -0.409262
3.03139 -0.190886
3.20419 -0.442373
3.44387 -0.519479
3.34628 -0.782
3.27316 -1.04636
3.50004 -1.14912
3.37312 -1.35653
3.2257 -1.23226
3.17849 -1.4473
3.43994 -1.72005
3.56447 -1.50306
3.741 -1.85396
3.59349 -2.0475
3.36115 -2.02436
3.55328 -2.29852
3.30968 -2.32435
3.50902 -2.55394
3.29927 -2.69868
3.09603 -2.40031
3.2093 -3.05506
3.01471 -3.0881
3.14363 -3.33695
3.3626 -3.44431
3.45183 -3.07106
3.56486 -3.36316
3.54517 -3.65784
3.4128 -3.88387
3.63167 -3.99577
3.48932 -4.26507
3.72429 -4.5318
3.41048 -4.69118
3.24757 -4.18354
3.14096 -4.5392
3.22194 -4.83153
3.06472 -4.74891
3.06246 -4.60635
2.96866 -4.53568
2.98086 -4.1796
2.76557 -4.36754
2.84879 -4.58155
2.76102 -4.68757
2.9122 -4.75061
2.8374 -5.01358
2.99406 -4.94753
3.00131 -5.17066
2.88822 -5.37672
3.136 -5.45119
3.1308 -5.04742
3.33283 -5.12663
3.37455 -5.49772
3.55327 -5.3281
3.47998 -5.03422
3.61914 -4.98334
3.73796 -5.27054
3.82753 -5.01907
3.9813 -4.796
3.96986 -4.43345
3.87543 -4.02129
4.09877 -4.18521
4.18544 -4.5915
4.28167 -4.28124
4.34375 -4.52605
4.44331 -4.82306
4.19765 -5.01438
4.40583 -5.31164
4.16038 -5.36971
4.01445 -5.12308
3.92988 -5.36288
4.08787 -5.70688
4.35328 -5.65035
4.25744 -5.85039
4.18843 -6.02743
3.96051 -6.01284
4.10243 -6.26845
4.16182 -6.58246
3.9739 -6.785
4.13437 -6.82728
4.27164 -6.87782
4.40182 -6.61712
4.30332 -6.30585
4.52234 -6.33445
4.40951 -6.00196
4.67168 -6.05197
4.54287 -5.76646
4.48837 -5.62221
4.46032 -5.53087
4.57858 -5.52264
4.6229 -5.19972
4.77321 -5.45888
4.71962 -5.73494
4.8681 -5.68382
4.84042 -5.90929
4.89297 -6.2341
4.70435 -6.37603
4.79989 -6.63375
4.97606 -6.66642
4.87063 -6.76771
4.81811 -6.85796
4.7022 -6.89724
4.81008 -7.07327
4.90955 -6.91628
4.92098 -7.14185
5.04761 -6.97972
5.0608 -6.78159
5.12746 -6.69591
5.07689 -6.35393
5.22408 -6.40157
5.16662 -6.10203
5.0518 -6.07324
4.98861 -5.83853
5.11494 -5.89258
5.12317 -5.6324
4.96473 -5.46022
5.1048 -5.33206
4.999 -5.1167
4.82765 -5.10744
4.91884 -4.80104
4.78034 -4.70652
4.66805 -4.89996
4.62525 -4.57267
4.46408 -4.34884
4.63311 -4.18393
4.51772 -3.95053
4.37046 -4.01026
4.21903 -3.95986
4.29087 -3.73171
4.19021 -3.74733
4.17089 -3.5209
4.34507 -3.41436
4.09571 -3.08582
4.32975 -2.96376
4.0977 -2.67039
3.95004 -2.73567
3.8356 -2.36279
3.79252 -2.70764
3.89857 -2.93322
3.71486 -3.06814
3.91933 -3.15573
3.85811 -3.35738
4.0077 -3.41005
3.90909 -3.62459
3.73044 -3.5815
4.06874 -3.779
3.64949 -2.72144
3.67432 -2.51667
3.52886 -2.81428
4.07146 -2.38783
3.97178 -2.12657
4.00193 -1.8049
3.73773 -1.41256
3.92479 -1.36214
3.76388 -1.12644
3.63841 -1.07474
3.51916 -0.868024
3.65032 -0.838331
3.67283 -0.523852
3.46137 -0.138203
3.71051 -0.110762
3.45018 0.197206
3.26878 0.437838
3.41029 0.475977
3.24606 0.666347
3.38449 0.688501
3.26988 0.879111
3.1185 1.10813
2.86499 1.11124
2.93993 1.32552
2.70868 1.31626
2.7485 1.52731
2.53753 1.67807
2.70289 1.72456
2.90563 1.71677
2.89942 1.60655
3.14112 1.52236
2.98398 1.4706
3.19071 1.31503
3.29843 1.37261
3.44773 1.21573
3.41234 1.37551
3.65557 1.18379
5.836 -7.26508
5.81654 -7.45584
5.83266 -7.49888
5.58154 -7.8652
5.57647 -7.96965
5.5077 -7.98051
5.4774 -8.13077
5.41904 -8.05659
5.36172 -8.28042
5.43785 -8.25987
5.40009 -8.35058
5.27815 -8.45854
5.20632 -8.4006
5.11796 -8.59745
5.0406 -8.5372
4.97006 -8.65153
4.98474 -8.71366
4.84238 -8.73301
4.82749 -8.6268
4.64149 -8.756
4.70143 -8.83119
4.47891 -8.86034
4.54238 -8.9305
4.28092 -8.94651
4.31476 -8.99277
4.05753 -9.02873
4.15251 -9.04197
3.97259 -9.08237
4.04784 -9.09149
3.90311 -9.11483
4.02072 -9.10278
3.79928 -9.14005
3.85419 -9.0993
3.64929 -9.11156
3.84972 -9.05113
3.66897 -9.02615
3.50706 -9.08314
3.49515 -9.02305
3.27994 -9.06648
3.4438 -9.09504
3.33159 -9.12349
3.47512 -9.15004
3.26432 -9.1516
3.20612 -9.12252
3.08607 -9.14965
3.07594 -9.15294
3.24335 -9.09462
3.07194 -9.1245
2.98483 -9.13592
2.91316 -9.15519
2.86217 -9.1284
2.78291 -9.151
2.80389 -9.17613
2.94392 -9.17266
2.81799 -9.16686
2.94403 -9.14319
2.82367 -9.1248
2.91489 -9.09285
3.07439 -9.09696
3.03623 -9.0559
2.66373 -9.15213
2.64707 -9.12178
2.35135 -9.06658
2.54023 -8.99131
2.35726 -8.97894
2.37136 -8.90963
2.63005 -8.90275
2.84449 -9.02808
2.85923 -8.87419
2.69106 -8.79261
2.43353 -8.78442
2.55519 -8.67744
2.34712 -8.55867
2.65503 -8.53956
2.25632 -8.41267
2.58166 -8.3401
2.23092 -8.29728
2.02011 -8.30758
2.29583 -8.20614
1.92105 -8.37662
2.53342 -8.18811
2.84077 -8.21108
3.10196 -8.15163
5.00579 -8.08331
5.17965 -8.04377
5.06418 -8.27
4.89093 -8.32172
4.79457 -8.16237
4.71086 -8.36366
4.74364 -8.49502
4.47219 -8.4787
4.5729 -8.29219
4.42879 -8.37442
4.45771 -8.30761
4.44174 -8.22337
4.59256 -8.10074
4.34815 -8.06842
4.90394 -8.01209
4.26519 -8.21506
4.08964 -8.13663
4.06599 -8.30707
3.78744 -8.18936
3.92179 -8.04827
4.1221 -7.94577
3.49442 -8.13775
3.30914 -8.19998
3.49936 -8.27074
3.20165 -8.29727
3.47095 -8.39467
3.24748 -8.43385
2.97023 -8.36909
2.86427 -8.45671
3.08142 -8.48122
3.01549 -8.57753
2.93738 -8.74438
3.22017 -8.66942
3.32504 -8.78778
3.14876 -8.92651
3.4829 -8.90106
3.39373 -9.01592
3.06097 -9.06648
2.97161 -9.10682
3.49297 -9.08796
3.44272 -9.14386
3.62024 -9.12742
3.57878 -9.14441
3.64346 -9.14438
3.74026 -9.12044
3.81801 -9.08816
3.67024 -9.07185
3.82304 -9.01425
3.60486 -9.0054
3.75942 -8.91616
3.64103 -8.81447
3.96114 -8.8376
3.81234 -8.71539
4.01902 -8.75241
4.06879 -8.67675
3.88502 -8.58158
3.60821 -8.59722
3.68898 -8.48806
3.46252 -8.4981
3.74589 -8.36297
3.96635 -8.455
4.2431 -8.41843
4.16006 -8.54802
4.29701 -8.63418
4.22466 -8.7622
4.52845 -8.65146
4.42846 -8.78957
4.23777 -8.87014
4.02367 -8.94628
4.32829 -8.31581
3.30546 -8.56205
3.4879 -8.69293
3.85615 -9.10533
4.95388 -8.45624
5.10051 -8.39083
5.19731 -8.2284
5.30239 -8.20724
5.32708 -7.99952
5.4442 -7.85673
5.51837 -7.85796
2.1464 -8.94904
1.92574 -8.84358
1.91432 -8.94536
1.72703 -8.8847
1.98289 -9.02888
2.12518 -9.05368
3.65936 -8.96679
3.64527 -8.8781
3.89201 -8.87076
3.7849 -8.7698
4.04938 -8.74428
3.93292 -8.66093
3.95742 -8.50307
4.17069 -8.57916
4.2126 -8.35474
3.9998 -8.29788
3.7902 -8.22623
4.08009 -8.03258
4.06576 -7.73226
4.29448 -7.76607
4.35924 -7.99943
4.20085 -8.17905
4.3369 -8.19171
4.39398 -8.27184
4.41285 -8.42855
4.52329 -8.26026
4.48999 -8.13242
4.71021 -8.10428
4.5759 -7.92451
4.49397 -7.75071
4.63538 -7.72946
4.72543 -7.8173
4.72866 -7.62476
4.61769 -7.51794
4.82387 -7.40259
4.66051 -7.19969
4.47476 -7.32866
4.44134 -7.57335
4.28528 -7.50502
4.29268 -7.19847
4.07672 -7.42699
4.06941 -7.08158
4.49675 -6.96744
4.60836 -6.63917
4.82003 -7.6654
4.94886 -7.62288
4.8384 -7.83543
4.9499 -7.94423
4.86946 -8.20501
5.02053 -8.17289
4.89361 -8.34601
4.7331 -8.38642
4.83314 -8.51596
4.62545 -8.61347
4.76533 -8.68963
4.94571 -8.57723
4.88079 -8.72306
5.05613 -8.6058
5.00345 -8.73459
5.162 -8.59786
5.12121 -8.68724
4.99407 -8.8087
4.91781 -8.81959
4.83116 -8.82605
4.82664 -8.88232
4.69215 -8.88792
4.63379 -8.83251
4.51486 -8.93677
4.64458 -8.94839
4.46757 -9.01389
4.59198 -8.98958
4.44735 -9.01942
4.26672 -9.05234
4.3078 -9.03604
4.32178 -9.01893
4.50014 -8.98623
4.6403 -8.97628
4.69978 -8.93459
4.77794 -8.86435
4.87697 -8.87296
4.81296 -8.91172
4.97353 -8.82617
4.9132 -8.8651
4.74212 -8.9325
5.08933 -8.75559
5.09725 -8.73832
5.02272 -8.78425
5.17454 -8.69483
5.05375 -8.71883
4.93075 -8.81357
4.88873 -8.78927
5.22042 -8.59925
5.30332 -8.56004
5.23354 -8.63732
5.37417 -8.46873
5.31167 -8.5095
5.20608 -8.63718
5.24054 -8.54369
5.36392 -8.39056
5.27721 -8.42471
5.19192 -8.47744
5.26604 -8.24393
5.10344 -8.43642
5.13573 -8.23883
5.24013 -8.05027
5.1493 -8.05437
5.22288 -7.82182
5.09533 -7.93923
5.10519 -7.66938
5.2508 -7.49642
5.14039 -7.31429
5.26716 -7.20947
5.20049 -6.97854
5.00107 -7.33142
5.05529 -7.48802
5.24251 -6.71828
5.32302 -6.93452
5.32442 -6.58122
5.32126 -6.31234
5.27413 -6.09828
5.36386 -6.11512
5.31757 -5.86016
5.20944 -5.85605
5.25602 -5.6275
5.19589 -5.44252
5.28685 -5.37409
5.33846 -5.63917
5.43035 -5.49399
5.3452 -5.19381
5.2304 -4.99163
5.19191 -5.24371
5.11306 -5.05253
5.10989 -4.71022
5.02568 -4.85966
4.99619 -4.5486
4.87014 -4.38221
4.96271 -4.17261
4.88096 -4.00799
4.76768 -3.99577
4.74321 -4.3808
4.63778 -3.79148
4.71259 -3.52211
4.60846 -3.48899
4.6174 -3.28677
4.51279 -3.31047
4.56123 -3.46003
4.52552 -3.59211
4.41857 -3.74127
4.5248 -3.02076
4.41018 -2.75065
4.25211 -2.57571
4.37356 -2.491
4.18823 -2.23884
4.33772 -2.27932
4.29829 -1.99727
4.1105 -1.60734
4.25042 -1.57771
4.06344 -1.23898
3.8534 -0.949886
3.97801 -0.93897
3.89938 -0.625507
4.07589 -0.94191
4.07166 -0.613638
3.92737 -0.333901
3.90325 -0.062699
3.73482 0.234946
3.57285 0.274556
3.55753 0.538475
3.74754 0.499817
3.61489 0.710662
3.45601 0.807664
3.55939 0.883067
3.37703 1.05184
3.59314 1.01002
3.61678 1.10279
3.77413 0.952389
3.75054 0.741235
3.92851 0.72146
3.97969 0.826104
3.89743 1.01502
4.05598 0.879219
4.12925 0.718555
4.21191 0.531862
4.32721 0.438144
4.29109 0.337679
4.3716 0.137116
4.46941 -0.0810115
5.46036 -3.04188
5.6917 -4.68476
5.71428 -4.84481
5.74784 -4.98233
5.80253 -5.11846
5.77455 -5.22138
5.81966 -5.28629
5.85421 -5.4239
5.81427 -5.41005
5.86838 -5.57984
5.86762 -5.78276
5.88089 -6.05196
5.86276 -6.35197
5.82382 -6.6007
5.81462 -6.77798
5.77448 -6.77542
5.81196 -6.9273
5.82289 -7.08408
5.77447 -7.10745
5.78328 -7.2673
5.78473 -7.46479
5.72386 -7.40098
5.69804 -7.6805
5.6864 -7.56268
5.62309 -7.78409
5.62862 -7.94354
5.68305 -7.87676
5.61827 -8.07626
5.68697 -7.95142
5.77227 -7.68377
5.7388 -7.8239
5.65232 -8.0265
5.59372 -8.15076
5.55425 -8.19444
5.59233 -8.06157
5.69251 -7.88674
5.6308 -7.9202
5.55625 -8.07133
5.50085 -8.21672
5.73644 -7.73973
5.76283 -7.69147
5.80339 -7.64396
5.44711 -8.32639
5.34847 -8.46282
5.4213 -8.41369
5.5147 -8.29508
5.51196 -8.28961
5.44805 -8.35596
5.54544 -8.15989
5.46635 -8.21168
5.55742 -8.01515
5.4916 -8.071
5.55014 -7.86405
5.41665 -7.95964
5.39093 -8.23093
5.31516 -8.03649
5.33103 -7.8602
5.43476 -7.61606
5.33159 -7.62512
5.38751 -7.28714
5.5018 -7.32884
5.49279 -6.998
5.4003 -6.99436
5.41676 -6.72567
5.50505 -6.68767
5.47215 -6.44139
5.39328 -6.39385
5.4372 -6.19382
5.42458 -5.88842
5.5295 -6.15004
5.51622 -5.81086
5.5837 -5.56481
5.50004 -5.3626
5.43045 -5.14579
5.53838 -5.2508
5.48665 -4.97671
5.38005 -4.77427
5.32879 -4.95606
5.25814 -4.6488
5.31955 -4.41941
5.21492 -4.22212
5.16102 -4.44303
5.1834 -4.70512
5.05939 -4.31541
5.10333 -4.03721
5.01194 -3.9741
4.99585 -3.56033
4.93664 -3.80956
4.89036 -3.49851
4.85675 -3.18013
4.78915 -3.31563
4.8351 -3.68595
4.66158 -3.12835
4.72337 -2.94117
4.54953 -2.74804
4.63378 -2.57802
4.46409 -2.38347
4.54276 -2.22668
4.45847 -1.80808
4.6827 -2.13832
4.7018 -2.44601
4.83178 -2.55693
4.79285 -2.78263
4.86994 -2.80697
4.91567 -3.06579
4.94428 -2.8861
5.03603 -3.26366
5.05348 -3.02272
4.95986 -2.66346
4.85201 -2.25538
4.99651 -2.47781
5.05825 -2.82426
5.13798 -2.78569
5.16791 -3.1578
5.23353 -3.07058
5.30083 -3.36398
5.25784 -3.63518
5.13494 -3.36291
5.15496 -3.72946
5.28225 -4.04405
5.34001 -3.97954
5.36704 -4.26548
5.42201 -4.14926
5.43275 -4.43995
5.48847 -4.35734
5.49282 -4.59368
5.56989 -4.5912
5.54506 -4.84362
5.45511 -4.70059
5.57597 -5.11622
5.62144 -5.03409
5.64233 -5.23936
5.6702 -5.09321
5.70941 -5.36261
5.72721 -5.2379
5.79785 -5.5039
5.70794 -4.99128
5.75302 -5.5965
5.82831 -5.81288
5.71249 -5.81086
5.79052 -6.13154
5.69279 -6.1188
5.71962 -6.34253
5.68617 -6.29204
5.64091 -6.19771
5.64052 -6.35049
5.6036 -6.27851
5.61758 -6.51971
5.54727 -6.4756
5.56431 -6.74594
5.63333 -6.77538
5.58007 -6.96919
5.62031 -7.13062
5.55177 -7.16187
5.56463 -7.34063
5.5199 -7.50356
5.56924 -7.50556
5.61174 -7.37983
5.62277 -7.59197
5.52207 -7.68264
5.68068 -7.30662
5.7224 -6.95635
5.73204 -6.62815
5.68517 -6.48204
5.78184 -6.46362
5.60353 -5.98563
5.66483 -5.48575
5.60878 -5.33179
5.64719 -4.91102
5.62536 -4.86107
5.64785 -4.68991
5.58399 -4.39673
5.53339 -4.3756
5.52049 -4.14775
5.47469 -4.17324
5.45429 -4.02221
5.39049 -3.7713
5.45671 -3.8545
5.41741 -3.65262
5.39154 -3.48077
5.35315 -3.24671
5.30253 -3.12199
5.32967 -3.01693
5.25405 -2.86695
5.31853 -2.79841
5.25648 -2.64706
5.17645 -2.58591
5.08967 -2.47366
5.10974 -2.30819
5.01118 -2.1992
4.91951 -2.12801
4.89263 -1.81349
4.81944 -1.89918
4.73291 -1.94056
4.59641 -1.75278
4.67589 -1.64814
4.56782 -1.48987
4.45201 -1.43364
4.3427 -1.47571
4.21277 -1.25067
4.31489 -1.2476
4.21123 -0.971721
4.34061 -1.05915
4.22209 -0.722903
4.1352 -0.438222
4.0267 -0.305651
4.08957 -0.136758
3.92907 0.224811
4.10379 0.131682
4.25235 -0.121589
4.26228 -0.463753
4.37054 -0.376819
4.42259 -0.711504
4.50299 -0.568491
4.58672 -0.939939
4.60687 -0.700849
4.7099 -0.902998
4.73348 -1.25033
4.654 -1.3555
4.73842 -1.43585
4.76227 -1.61723
4.79425 -1.51749
4.85566 -1.46512
4.82235 -1.16419
4.90343 -1.43008
4.95432 -1.67757
4.99971 -1.57894
5.03832 -1.80721
5.08039 -1.81612
5.108 -1.99275
5.04536 -1.99226
5.14286 -2.17474
5.18245 -2.184
5.15665 -1.98055
5.23867 -2.18703
5.09793 -1.73049
5.06449 -1.53311
5.00491 -1.38912
5.02817 -1.55178
4.93393 -1.30707
4.94666 -1.24158
4.90002 -1.15579
4.84749 -0.984677
4.78062 -0.939127
4.751 -0.794872
4.67687 -0.677046
4.69919 -0.606166
4.59171 -0.485775
4.44725 -0.277662
4.34074 -0.0184599
4.3511 -0.187709
4.21638 0.11638
4.25492 0.226921
4.1133 0.323106
4.01002 0.333456
3.99785 0.460317
3.88906 0.481076
3.92051 0.593419
4.03268 0.529577
4.0775 0.631012
4.1646 0.431074
4.83034 -0.777222
4.96792 -1.18803
5.31235 -2.40938
5.24772 -2.35099
5.30016 -2.56931
5.36361 -2.62231
5.35823 -2.76743
5.4102 -2.81862
5.36861 -2.90272
5.36218 -2.91688
5.39149 -3.1121
5.46676 -3.39389
5.41647 -3.33308
5.39037 -3.33571
5.42941 -3.47628
5.46552 -3.65183
5.49629 -3.66496
5.55567 -3.57918
5.56007 -3.83439
5.51228 -3.86864
5.55976 -4.06644
5.56259 -4.22366
5.58785 -4.28752
5.61571 -4.47018
5.63819 -4.51085
5.6752 -4.67339
5.70007 -4.81029
5.67524 -4.46487
5.64485 -4.29029
5.59994 -4.05351
5.20303 -2.40592
4.60328 -1.41857
4.49843 -1.15485
4.34783 -0.816076
5.388 -4.52645
4.99142 -8.392
4.18813 -9.06479
4.1269 -9.04478
3.98409 -9.07111
4.08924 -9.00476
3.88543 -8.97836
4.13575 -8.89076
4.07976 -8.82283
4.2494 -8.76872
4.21751 -8.68661
4.39129 -8.62776
4.55936 -8.49147
4.45982 -8.74094
4.40569 -8.82971
4.58459 -8.75519
4.34869 -8.92484
4.59377 -8.34407
4.30403 -9.00786
3.7876 -5.63666
2.60517 -4.54258
2.9418 -3.77233
3.08941 -3.96752
3.16818 -3.71561
2.93749 -3.37384
3.21046 -1.76809
3.018 -1.6305
3.21073 -6.49572
3.38279 -6.50237
1.71689 -9.05707
1.86073 -8.92318
2.1501 -8.92444
2.0988 -8.79803
1.8888 -8.7896
2.04483 -8.64603
1.78712 -8.72139
1.7541 -8.56579
2.11916 -8.40771
2.07181 -8.29281
2.20355 -8.12918
2.48964 -8.30413
2.63547 -8.00842
2.84646 -7.65594
2.38525 -8.53128
2.6132 -8.66136
2.30224 -8.69132
2.38119 -8.80676
2.89827 -7.3985
-0.393181 -9.44609
-0.569279 -9.45696
-0.432832 -9.4161
-0.637551 -9.43779
-0.673056 -9.45315
-0.753599 -9.4377
-0.613502 -9.39192
-0.837282 -9.38524
-0.614806 -9.31153
-0.86683 -9.27222
-0.625342 -9.20469
-0.818479 -9.16168
-0.656254 -9.094
-0.712492 -8.94853
-0.433082 -9.03177
-0.431252 -8.83788
-0.782302 -8.78151
-0.645935 -8.61184
-0.871706 -8.38241
-0.470802 -8.36424
-0.746409 -8.19483
-0.776932 -7.95097
-0.562732 -8.08303
-0.607508 -7.94016
-0.602465 -7.78627
-0.510405 -7.48614
-0.397195 -7.77635
-0.487197 -7.93023
-0.265574 -8.04963
-0.186753 -8.33576
-0.227998 -8.46506
-0.00681305 -8.4441
0.0319314 -8.22058
-0.238094 -8.61422
-0.0707536 -8.81033
0.223286 -8.8977
-0.124736 -8.98989
-0.0610862 -9.10519
-0.241621 -9.12064
-0.0405807 -9.20979
-0.365025 -9.23272
-0.459053 -9.13752
-0.213823 -9.29661
-0.407564 -9.34184
-0.249247 -9.36782
-0.544366 -7.18991
-0.229405 -6.78086
-0.357316 -6.40614
-0.0207038 -6.54886
0.0931106 -6.10347
-0.0341072 -5.74156
-0.134508 -5.44216
0.260484 -5.57447
0.0583439 -5.15912
0.398682 -5.01528
-0.00764084 -4.73508
-0.200473 -5.0769
-0.369455 -4.80555
-0.262802 -4.49685
-0.0281487 -4.24524
-0.455153 -4.55465
-0.105956 -3.76518
0.274456 -3.91337
0.200853 -3.51285
0.317906 -3.2285
0.557891 -3.53213
0.935318 -3.24861
0.926701 -3.78832
0.634648 -4.05893
0.376126 -4.44569
0.749826 -4.48095
0.637818 -4.74944
0.631085 -5.41071
0.833472 -4.749
0.937239 -4.22736
1.25597 -3.10999
1.09271 -2.87792
0.878086 -2.86874
0.395402 -5.93158
0.320762 -6.54061
1.13645 -2.01567
1.3584 -1.86284
1.31769 -1.66344
1.27591 -1.25188
1.16654 -0.955349
1.0346 -0.85793
1.24395 -0.611438
1.10204 -0.289312
1.3083 -0.325853
1.53495 -0.301469
1.59059 -0.656813
1.37824 -0.893112
1.61129 -1.0412
1.85675 -0.411815
1.58549 -1.45053
1.84271 -0.0842358
1.54065 0.00871
1.34822 -0.161211
1.2498 0.0219352
0.93479 -0.0199689
1.10762 0.256165
0.978789 0.435403
1.27784 0.546533
1.44819 0.259526
1.70774 0.442653
1.78525 0.197187
1.94655 0.331727
2.17105 0.109886
2.09316 0.519793
2.44594 0.563901
2.29378 0.770446
1.97592 0.831207
1.67266 0.732229
1.76644 0.899207
1.5859 0.991811
1.31345 0.862212
1.3017 1.1548
1.07809 0.968639
0.965168 1.14473
0.831488 0.934096
0.99384 0.74419
0.714354 0.757779
0.541236 0.900878
0.708554 1.08911
0.433998 1.15638
0.768462 1.30772
0.505755 1.52663
0.868696 1.54633
1.11483 1.40964
1.11615 1.68567
1.33501 1.59394
1.44053 1.41597
1.62555 1.43266
1.64956 1.24965
1.37871 1.8064
1.15739 1.92761
0.814402 1.81855
1.32251 1.9489
1.44397 1.97341
1.29982 2.02693
0.48811 1.79809
0.363142 1.67779
0.238892 1.82181
0.365709 1.99591
0.0355692 2.0811
-0.283632 2.19833
-0.363025 2.33018
-0.494836 2.25998
-0.546141 2.34856
0.285694 2.18394
0.504187 2.13148
0.592412 1.97057
0.598702 2.23508
1.00204 0.572616
1.85311 1.04211
2.1378 -0.259482
-0.978436 1.77984
-0.453406 -1.15328
-0.254666 -0.760319
-0.36307 -0.577652
-2.63457 -8.75629
-2.60524 -8.55248
-2.65794 -8.34705
-2.48533 -8.40925
-2.62269 -8.22627
-2.49164 -8.17393
-2.29196 -8.35516
-2.10796 -8.56057
-2.30517 -8.54538
-2.40652 -8.61417
-1.86277 -7.59374
-1.90267 -7.34605
-1.96081 -7.03338
-2.07251 -6.68835
-1.89477 -6.40444
-2.04122 -6.04083
-1.76533 -6.09572
-1.87996 -5.71384
-1.94015 -5.29016
-1.89742 -3.86054
-1.9338 -3.46963
-1.61814 -3.65764
-1.60168 -3.23913
-1.81765 -3.16747
-1.69778 -2.91122
-1.37815 -3.82502
-3.08243 -4.33802
-2.97423 -4.06435
-2.99785 -3.85219
-3.04208 -3.71551
-3.13282 -3.59218
-2.98423 -3.48287
-3.00293 -3.22437
-3.2754 -3.58584
-3.26057 -3.84184
-2.82952 -2.88643
-2.82942 -2.54388
-2.62831 -2.54135
-2.63443 -2.21312
-2.8178 -2.26725
-3.00408 -2.23777
-2.49085 -2.26502
-2.45007 -2.39258
-2.90751 -3.61903
-2.87739 -3.82531
-2.64595 -9.22064
-2.56868 -9.27649
-2.67257 -9.24364
-3.5485 -8.76248
-3.67658 -8.64027
-3.62915 -8.6925
-3.75175 -8.57124
-3.85284 -8.47781
-3.94422 -8.36052
-3.87665 -8.37813
-3.90022 -8.26861
-4.01465 -8.10198
-3.92092 -8.13689
-4.03353 -7.94916
-4.15323 -7.75043
-4.04974 -7.78163
-4.17762 -7.56983
-4.07297 -7.51699
-4.2121 -7.35162
-4.16117 -7.25889
-4.25552 -7.09764
-4.17075 -7.07225
-4.2415 -6.86389
-4.30133 -6.62786
-4.09866 -7.07224
-4.08057 -7.24295
-3.9897 -7.08406
-3.96009 -7.43085
-3.81224 -7.37377
-3.84122 -7.08648
-3.90046 -6.81964
-3.73918 -6.93714
-3.822 -6.49042
-3.63301 -7.24434
-3.74828 -7.2076
-3.68371 -7.3736
-3.57022 -7.51839
-3.68778 -7.52525
-3.72177 -7.64954
-3.83994 -7.60574
-3.7545 -7.82397
-3.61089 -7.68184
-3.90389 -7.72072
-3.78633 -7.99647
-3.63936 -8.26579
-3.81944 -8.14705
-3.69618 -8.35469
-3.80365 -8.32989
-3.94901 -7.98907
-3.92236 -7.90346
-3.98452 -7.73475
-3.65255 -8.51857
-3.57116 -8.48866
-3.50078 -8.6551
-3.57422 -8.64308
-3.49849 -8.71923
-3.3817 -8.79175
-3.37078 -8.75016
-3.41815 -8.61661
-3.25963 -8.74166
-3.34232 -8.59784
-3.47015 -8.46656
-3.12625 -8.87256
-3.62347 -8.63321
-3.71755 -8.58284
-3.77073 -8.46816
-3.78898 -8.50018
-4.08934 -3.59186
-4.09395 -3.33662
-3.99215 -3.2619
-4.04278 -3.02051
-3.92525 -2.88041
-3.95756 -2.72729
-4.0352 -2.69945
-3.90901 -2.46842
-3.96932 -2.45681
-4.04122 -2.48611
-3.91708 -2.23071
-3.80035 -2.2052
-3.66386 -1.98877
-3.7221 -2.28232
-3.80657 -2.4465
-3.72744 -2.49569
-3.81356 -2.69463
-3.7074 -2.7738
-3.61798 -2.34802
-3.54145 -2.6705
-3.76284 -3.1882
-3.85635 -3.02289
-3.88172 -2.6284
-3.28722 0.00444235
-3.15728 0.241577
-3.54277 -0.73212
-3.63097 -0.918417
-4.41768 -4.47884
-4.43182 -4.28005
-4.46011 -4.31737
-4.08896 -7.66687
-4.20118 -7.54885
-4.01156 -7.82422
-3.9775 -7.7552
-3.87766 -7.91852
-3.94606 -7.98886
-3.78726 -8.09191
-3.64004 -8.07261
-3.84684 -7.77558
-3.65205 -7.86924
-3.5264 -7.8849
-3.63179 -7.75977
-3.81367 -8.15939
-3.78061 -8.2648
-3.90658 -8.14003
-4.60978 -4.36029
-3.25651 -0.116692
