-4.039 -3.1616
-4.04955 -2.99861
-4.00093 -2.73282
-3.85212 -2.20563
-3.77935 -1.95305
-3.12019 -0.440372
-3.02127 -0.235223
-2.87099 0.0531121
-2.4694 0.761115
-2.29877 0.992087
-1.77626 1.64986
-1.68406 1.73351
-0.895345 2.00274
-0.619976 2.05648
-0.261717 1.96594
0.165251 1.80065
0.404548 1.69355
0.641448 1.57336
0.782833 1.44551
1.60169 0.495607
1.85218 0.177539
3.08751 -1.60063
3.58568 -2.35819
3.66967 -2.55394
3.81971 -2.91253
3.87802 -3.07033
3.90934 -3.23742
3.92637 -3.38951
3.92922 -3.53283
3.91171 -4.08404
3.88491 -4.52306
3.81109 -5.03274
3.69649 -5.75811
3.64347 -5.9747
3.58482 -6.11799
3.52842 -6.23232
3.43763 -6.38887
3.36769 -6.50303
3.33012 -6.56262
3.25502 -6.6724
3.10614 -6.80876
3.06097 -6.84879
2.91259 -6.95478
2.79755 -7.03477
2.68414 -7.09439
2.56762 -7.14383
2.28147 -7.20787
2.07934 -7.25034
1.88346 -7.28131
1.2822 -7.33324
-0.667316 -7.47798
-0.887202 -7.44944
-0.979988 -7.43077
-1.15559 -7.37744
-1.72659 -7.16027
-1.94974 -7.06392
-2.09929 -6.96135
-2.17885 -6.89832
-2.29234 -6.79423
-2.38696 -6.70094
-3.37594 -5.3447
-3.44206 -5.25062
-3.48601 -5.15761
-3.70728 -4.65687
-3.78475 -4.47263
-3.89705 -4.05008
-3.94326 -3.86014
