2.76505 2.75386
2.74966 2.9985
2.81563 3.19333
3.21042 4.04073
4.6584 6.88792
4.76529 7.05818
4.87558 7.21739
5.00394 7.36056
5.87093 8.11569
6.00878 8.18462
6.14115 8.24365
6.73157 8.39939
6.89407 8.41541
7.0573 8.43004
7.36578 8.44979
7.65368 8.38384
7.78635 8.30098
8.40444 7.87378
8.63739 7.68778
9.08114 7.2996
9.20173 7.18181
9.57529 6.77827
10.1133 5.94829
10.195 5.81588
10.4306 5.42897
11.3647 3.62993
11.3927 3.56942
11.4607 3.3688
11.6526 2.43761
11.6549 2.16863
11.6533 1.9784
11.6376 1.6055
11.6234 1.50201
11.5778 1.19457
11.4731 0.705125
11.4054 0.528382
11.2389 0.121696
11.1917 0.00850892
11.0958 -0.211123
10.9239 -0.541543
10.8255 -0.728836
10.6716 -0.935213
10.6101 -1.00554
10.5495 -1.0584
10.4905 -1.10835
10.2914 -1.2543
9.85678 -1.52807
9.28407 -1.86535
9.24608 -1.88439
9.10939 -1.93899
7.59173 -2.26434
7.50456 -2.27388
7.19807 -2.25195
7.12031 -2.23128
7.01859 -2.20332
6.92604 -2.16804
5.90311 -1.75204
5.26654 -1.46929
4.92359 -1.28293
4.73663 -1.14893
4.59635 -1.03997
4.30512 -0.677803
3.38437 0.613867
3.04422 1.15828
2.97835 1.31009
