-3.76583 1.42357
-4.01318 1.36244
-4.26678 1.29454
-3.95434 1.25435
-4.29243 1.1528
-4.1858 1.0887
-4.48762 1.0099
-4.2467 0.951881
-3.95213 1.07628
-3.98895 0.982444
-4.00297 0.813897
-3.71795 0.978527
-3.66921 0.746673
-3.90264 0.567688
-4.19321 0.613635
-4.13415 0.374375
-3.85012 0.391841
-3.81315 0.179516
-4.24606 0.0966121
-4.50582 0.252477
-4.43447 0.479219
-4.72484 0.387573
-4.63022 0.587191
-4.86949 0.503977
-4.80046 0.701525
-4.49463 0.764857
-4.57098 0.881705
-4.80946 0.886304
-5.02966 0.712783
-5.08866 0.813529
-4.92235 0.911205
-5.08211 0.875805
-4.89598 0.990292
-5.07098 0.932168
-5.0877 0.993452
-4.80472 1.1127
-5.37555 0.857747
-5.66056 0.711882
-5.97794 0.381175
-5.82323 0.543788
-5.75005 0.485351
-5.93336 0.313503
-6.12324 0.21905
-6.00223 0.156816
-6.16153 0.037893
-6.2717 0.0361203
-6.30259 -0.152433
-6.11166 -0.0700447
-6.29722 -0.308285
-6.16869 -0.345823
-6.35922 -0.553222
-6.40969 -0.4687
-6.53382 -0.665742
-6.47149 -0.771169
-6.61557 -0.938411
-6.62738 -0.832598
-6.70573 -0.798545
-6.6208 -0.638275
-6.79853 -0.994147
-6.89616 -1.18892
-6.75163 -1.06632
-6.76599 -1.28278
-6.95078 -1.48053
-6.9719 -1.36851
-7.1442 -1.68334
-7.05982 -1.5316
-7.06851 -1.71652
-6.99151 -1.70916
-7.06409 -1.84077
-7.13063 -1.92594
-7.10448 -1.9972
-7.02157 -1.8554
-7.03679 -2.01577
-7.1216 -2.15885
-7.17402 -2.18537
-7.20103 -2.12622
-7.25965 -2.38075
-7.19102 -2.36621
-7.29982 -2.67907
-7.20124 -2.61703
-7.28417 -2.9459
-7.39553 -3.02846
-7.40205 -2.82577
-7.43218 -2.99252
-7.4711 -2.98076
-7.47216 -3.13644
-7.50542 -3.07568
-7.5446 -3.00498
-7.47878 -2.85364
-7.59753 -3.17991
-7.54112 -3.18505
-7.59944 -3.35996
-7.51674 -3.36776
-7.56279 -3.63252
-7.61715 -3.57506
-7.72204 -4.68208
-7.82627 -5.84561
-7.88748 -7.21065
-7.86875 -7.092
-7.82239 -7.30683
-7.88815 -7.32199
-7.88653 -7.42913
-7.81159 -7.83978
-7.84722 -7.78778
-7.86603 -7.71211
-7.86353 -7.63544
-7.87306 -7.53266
-7.8335 -7.7295
-7.80129 -7.83853
-7.82116 -7.83517
-7.78262 -7.9778
-7.78958 -7.93783
-7.80476 -7.85624
-7.77335 -7.90913
-7.73809 -8.075
-7.71844 -8.08287
-7.6594 -8.114
-7.69606 -7.97075
-7.59834 -8.02307
-7.50215 -8.05986
-6.55928 -8.24843
-6.79572 -8.20845
-6.73471 -8.33047
-7.02764 -8.17807
-7.15822 -8.14602
-7.18509 -8.29242
-7.28304 -8.11837
-7.40526 -8.09468
-7.32606 -8.25103
-7.41439 -8.1944
-7.47339 -8.23345
-7.3674 -8.33532
-7.42884 -8.41388
-7.53199 -8.25714
-7.57208 -8.2967
-7.6648 -8.18941
-7.58466 -8.32271
-7.65252 -8.24063
-7.71738 -8.13877
-7.76684 -8.02139
-7.74206 -8.12078
-7.7489 -7.9937
-7.78829 -7.77999
-7.74693 -7.88318
-7.80205 -7.65843
-7.80139 -7.50843
-7.74012 -7.7033
-7.74688 -7.42916
-7.80932 -7.15799
-7.72949 -7.14727
-7.66372 -7.43737
-7.63758 -7.7394
-7.56383 -7.62428
-7.52723 -7.875
-7.5577 -8.04863
-7.65789 -7.99065
-7.59399 -8.14554
-7.59237 -8.2501
-7.69088 -8.11125
-7.6118 -8.32203
-7.69027 -8.1608
-7.67706 -8.25166
-7.57523 -8.40954
-7.63994 -8.29726
-7.56067 -8.42806
-7.4585 -8.60185
-7.49541 -8.53258
-7.36507 -8.70607
-7.34674 -8.7512
-7.37704 -8.73024
-7.26737 -8.84396
-7.27582 -8.80775
-7.16377 -8.95667
-7.13808 -8.94482
-7.0424 -9.043
-6.99879 -9.00898
-6.9015 -9.10292
-6.87173 -9.04743
-6.72961 -9.14563
-6.756 -9.05526
-6.61663 -9.10125
-6.67791 -8.99338
-6.85978 -8.92776
-6.69023 -8.86314
-6.58055 -8.93398
-6.55178 -8.85101
-6.59528 -8.70758
-6.40973 -8.83469
-6.27977 -8.72594
-6.41559 -8.63643
-6.24059 -8.53394
-6.50156 -8.55164
-6.47315 -8.41
-6.27714 -8.39625
-6.31896 -8.29496
-6.07448 -8.34659
-5.82603 -8.40182
-5.57212 -8.44957
-5.31019 -8.48509
-5.03487 -8.51085
-4.73979 -8.53527
-4.74145 -8.6155
-4.41997 -8.55478
-4.33745 -8.68079
-4.07596 -8.57386
-3.92216 -8.68198
-3.71392 -8.59732
-1.96706 -8.75418
0.696741 -8.26067
0.502274 -8.39977
-1.34739 -8.73145
-1.6499 -8.76358
-1.35276 -8.7643
-1.17428 -8.75869
-1.06089 -8.72256
-0.932538 -8.76507
-0.796262 -8.72044
-0.557604 -8.73765
-0.348802 -8.76643
0.319749 -8.53986
0.488443 -8.51729
0.672944 -8.45304
0.571899 -8.58744
0.855773 -8.53555
0.645491 -8.67864
0.869771 -8.71544
1.13421 -8.57835
1.18445 -8.36095
1.32428 -8.43804
1.40782 -8.25287
1.47378 -8.39024
1.62143 -8.17133
1.59149 -8.33954
1.69658 -8.19921
1.79172 -8.02012
1.73094 -7.92523
1.87363 -7.73738
1.77806 -7.79222
1.59929 -7.82477
1.95847 -7.67191
2.02618 -7.58926
1.97031 -7.76735
1.90345 -7.85786
1.92885 -7.87922
1.88008 -8.00096
1.95927 -7.88949
1.89545 -8.05548
1.84936 -8.14576
1.78116 -8.15317
1.76289 -8.2419
1.81286 -8.21979
1.67809 -8.38695
1.68874 -8.3021
1.58105 -8.45739
1.47185 -8.50997
1.455 -8.60036
1.33161 -8.63299
1.33554 -8.54687
1.21087 -8.65065
1.04568 -8.74497
1.17504 -8.75793
1.00872 -8.8461
0.814223 -8.87458
0.539053 -8.81159
0.512352 -8.97493
0.300926 -8.89483
0.157209 -9.01151
0.0597806 -8.90075
0.239862 -8.8016
-0.032208 -8.78717
0.185686 -8.74047
0.14465 -8.66877
0.387282 -8.70226
0.381793 -8.60436
-0.169304 -8.80348
-0.100939 -8.89331
-0.388271 -8.86744
-0.363606 -8.79295
-0.829737 -8.86407
-0.590598 -8.95793
-0.990296 -9.00731
-1.1679 -8.88514
-1.41177 -8.93855
-1.42015 -8.83583
-1.187 -8.80117
-1.40849 -8.78453
-1.69504 -8.87226
-1.85668 -8.839
-2.04616 -8.80373
-2.29497 -8.7301
-2.41278 -8.85767
-2.62852 -8.77616
-2.63403 -8.69694
-2.98558 -8.66321
-2.91807 -8.8026
-3.19131 -8.74079
-3.34779 -8.63022
-3.43839 -8.72398
-3.62157 -8.6759
-3.68349 -8.75748
-4.09536 -8.80322
-3.67288 -8.84814
-3.34842 -8.82212
-3.40425 -8.89104
-3.07369 -8.86973
-3.11083 -8.8195
-2.76224 -8.84532
-2.78864 -8.95221
-3.2178 -8.96004
-3.10517 -9.0663
-2.61383 -9.07218
-2.33915 -8.95418
-2.09698 -9.04542
-2.06552 -8.94945
-1.7766 -8.96563
-1.72801 -9.04812
-1.39168 -9.05595
-2.03326 -8.89133
-1.54167 -9.11059
-1.21547 -9.1336
-1.1115 -9.08483
-0.879932 -9.10258
-0.879599 -9.15785
-0.599703 -9.16924
-0.678836 -9.24997
-0.379745 -9.25467
-0.573197 -9.30893
-0.294845 -9.30729
-0.129628 -9.25878
-0.130839 -9.22333
0.116936 -9.2471
0.00272751 -9.28467
0.212869 -9.29398
0.293272 -9.27426
0.440505 -9.26172
0.382903 -9.30432
0.576672 -9.23492
0.653511 -9.19779
0.540279 -9.20388
0.366857 -9.23633
0.516462 -9.15894
0.714896 -9.15377
0.769322 -9.0661
0.927467 -9.05961
1.00105 -8.97544
0.902774 -8.95336
1.07887 -8.88675
1.14546 -8.88758
1.19941 -8.81265
1.27442 -8.79736
1.31593 -8.71754
1.43311 -8.67171
1.38517 -8.75349
1.16284 -8.91745
1.30982 -8.81436
1.17603 -8.9191
1.23201 -8.8328
1.10361 -8.95841
1.0419 -9.02592
0.96384 -9.04313
1.08267 -8.9377
0.911079 -9.03795
0.768976 -9.13406
0.757956 -9.1025
0.824737 -9.02733
0.631739 -9.13789
0.655969 -9.18169
0.510869 -9.24415
0.461293 -9.2212
0.512581 -9.1455
0.330121 -9.23176
0.314115 -9.29837
0.183018 -9.28655
0.130214 -9.22759
0.0182118 -9.30974
0.0957417 -9.32546
-0.0777364 -9.34345
-0.0782037 -9.34884
-0.274785 -9.36241
-0.183332 -9.33157
-0.419643 -9.36046
-0.2973 -9.29522
-0.628815 -9.31944
-0.412683 -9.24282
-0.544173 -9.2608
-0.611382 -9.20612
-0.899799 -9.29056
-0.936639 -9.34698
-0.932174 -9.39133
-1.14931 -9.37295
-1.21473 -9.39799
-1.34161 -9.37726
-1.40781 -9.3961
-1.52913 -9.38636
-1.55922 -9.41513
-1.33479 -9.42405
-1.46474 -9.41045
-1.23056 -9.3984
-1.42515 -9.39474
-1.08206 -9.39109
-0.966911 -9.41116
-0.846759 -9.38527
-0.701609 -9.4007
-0.6588 -9.38766
-0.834188 -9.35983
-0.474425 -9.34443
-0.80111 -9.31362
-1.06772 -9.32115
-0.8897 -9.2649
-1.07126 -9.22145
-1.3497 -9.25189
-1.56835 -9.15098
-1.64319 -9.24106
-1.86815 -9.18516
-1.84127 -9.09864
-2.04186 -9.1254
-2.07339 -9.11013
-2.31266 -9.14197
-2.09548 -9.18094
-2.23286 -9.26145
-2.63768 -9.26403
-2.68879 -9.14223
-2.9594 -9.12846
-2.89793 -9.20143
-3.20056 -9.20648
-3.2437 -9.10911
-3.46791 -9.07444
-3.45172 -9.01778
-3.72495 -9.02026
-3.69408 -8.94871
-3.48216 -8.94655
-3.62994 -8.90086
-3.8809 -8.88881
-3.95955 -8.95897
-4.19647 -8.90192
-4.54403 -8.86486
-4.42706 -8.7722
-4.67312 -8.73304
-4.92113 -8.78885
-4.95883 -8.69365
-5.20348 -8.71237
-5.53967 -8.6521
-5.37525 -8.73986
-5.23207 -8.83655
-5.53223 -8.79815
-5.49317 -8.95333
-5.79463 -8.86345
-5.75632 -8.73332
-5.91234 -8.61425
-5.76271 -8.51787
-5.96288 -8.47875
-6.11272 -8.64894
-6.00354 -8.74796
-6.14765 -8.90689
-5.82857 -9.00374
-6.08374 -9.07072
-6.31974 -9.02614
-6.42675 -8.92539
-6.51804 -9.02297
-6.44898 -9.12972
-6.54268 -9.19563
-6.39567 -9.20449
-6.26951 -9.16943
-6.2615 -9.24131
-6.43069 -9.24478
-6.28362 -9.28499
-6.47266 -9.28572
-6.60656 -9.23223
-6.78074 -9.2022
-6.66962 -9.2583
-6.82993 -9.2033
-6.91938 -9.14464
-6.9793 -9.09419
-7.05135 -9.05261
-6.95635 -9.10125
-7.11471 -8.98048
-7.18783 -8.93592
-7.23961 -8.84626
-7.29353 -8.84161
-7.32942 -8.70029
-7.41948 -8.61132
-7.41396 -8.59578
-7.49225 -8.4729
-7.40386 -8.5529
-7.49827 -8.39698
-7.51751 -8.24509
-7.43559 -8.39858
-7.46206 -8.22203
-7.4836 -8.06244
-7.3862 -8.15229
-7.35779 -8.37093
-7.26223 -8.35291
-7.2742 -8.51108
-7.19441 -8.55375
-7.20655 -8.68317
-7.33018 -8.54285
-7.29914 -8.68026
-7.18704 -8.839
-7.0515 -8.87516
-7.05115 -8.98717
-6.92759 -9.04633
-6.91182 -8.96576
-6.96237 -8.83628
-7.09164 -8.68812
-6.99426 -8.65058
-7.12898 -8.49084
-7.01095 -8.40634
-7.17374 -8.2427
-7.29172 -8.08706
-7.19948 -7.95597
-7.32941 -7.82298
-7.38505 -7.96358
-7.45051 -7.75778
-7.44572 -7.96724
-7.39049 -7.52217
-7.50515 -7.48845
-7.58158 -7.40905
-7.54539 -7.24804
-7.63874 -7.21597
-7.60067 -7.02388
-7.6708 -7.00085
-7.74417 -6.7996
-7.83136 -6.94211
-7.8369 -6.70617
-7.88204 -6.87744
-7.87176 -6.63409
-7.89946 -6.61455
-7.89273 -6.46846
-7.91309 -6.74785
-7.90681 -6.31465
-7.89857 -6.16782
-7.86085 -6.0118
-7.82025 -6.19177
-7.84927 -6.36444
-7.81103 -6.34322
-7.76638 -6.1811
-7.77703 -6.47634
-7.83694 -6.49988
-7.71574 -6.26989
-7.68269 -6.5332
-7.63943 -6.78622
-7.58141 -6.51544
-7.54015 -6.80297
-7.52887 -7.05598
-7.46393 -7.00896
-7.48017 -7.17715
-7.46792 -7.33593
-7.39862 -7.22186
-7.30245 -7.36418
-7.23282 -7.63239
-7.17467 -7.3157
-7.08559 -7.58029
-7.02469 -7.32614
-6.92391 -7.6024
-6.86151 -7.30617
-6.70689 -7.58787
-6.80628 -7.82633
-6.91969 -7.84043
-6.83287 -8.05211
-6.98245 -7.97243
-6.9268 -8.23337
-6.72839 -8.36685
-6.65746 -8.14566
-6.45711 -8.41755
-6.54708 -8.59481
-6.71857 -8.61876
-6.50143 -8.81076
-6.26217 -8.72545
-6.22801 -8.9428
-6.39133 -8.97934
-6.55 -8.95384
-6.39802 -9.08387
-6.5446 -9.081
-6.38181 -9.18256
-6.51708 -9.18711
-6.67481 -9.08513
-6.70064 -8.95447
-6.82121 -8.96156
-6.8509 -8.80986
-6.70939 -8.79995
-6.86711 -8.62625
-6.86099 -8.45601
-7.07495 -8.11289
-6.79332 -9.07696
-6.63596 -9.20183
-6.78178 -9.17208
-6.64999 -9.23191
-6.50792 -9.26856
-6.46959 -9.24421
-6.32727 -9.2865
-6.31063 -9.29479
-6.14247 -9.30561
-6.11931 -9.28897
-6.0954 -9.26164
-5.96273 -9.28707
-5.85525 -9.2577
-5.80816 -9.29988
-5.58521 -9.3155
-5.60767 -9.22034
-5.84167 -9.14406
-5.57796 -9.08928
-5.38877 -9.16663
-5.28517 -9.06673
-5.1762 -8.97636
-4.94489 -9.06232
-4.91714 -8.92058
-4.65583 -8.98551
-4.4252 -8.94935
-4.44608 -9.01527
-4.22695 -8.99407
-4.32605 -9.05192
-4.17512 -9.07747
-3.9803 -9.03834
-3.77725 -9.08173
-3.98081 -9.07942
-3.97685 -9.09792
-4.12514 -9.15071
-4.33023 -9.13114
-4.38585 -9.20976
-4.52664 -9.13921
-4.40549 -9.09132
-4.55869 -9.0572
-4.69461 -9.09026
-4.73942 -9.18901
-5.10005 -9.20202
-4.87202 -9.30056
-5.07503 -9.33365
-5.35001 -9.29276
-5.24399 -9.36409
-5.40487 -9.32638
-5.41255 -9.35118
-5.50095 -9.35635
-5.70199 -9.33536
-5.59558 -9.34692
-5.79211 -9.33147
-5.92902 -9.32296
-5.99149 -9.31969
-6.17863 -9.28377
-6.04526 -9.27496
-6.2183 -9.24169
-6.35213 -9.25337
-6.2339 -9.17253
-6.09827 -9.24048
-6.0492 -9.1813
-6.22223 -9.08009
-5.9667 -9.09254
-5.96466 -8.9425
-5.75729 -9.08041
-5.67173 -9.18891
-5.81486 -9.23011
-5.54501 -9.28378
-5.68107 -9.31448
-5.40348 -9.35129
-5.50364 -9.35582
-5.68569 -9.33062
-5.85456 -9.31636
-5.92804 -9.26313
-5.38823 -9.39109
-5.25576 -9.39799
-5.1391 -9.42439
-5.30184 -9.39574
-5.08051 -9.4319
-5.02545 -9.39303
-4.87433 -9.43456
-4.82941 -9.44514
-4.59417 -9.43686
-4.80352 -9.38791
-4.53106 -9.39039
-4.34923 -9.41544
-4.24297 -9.46338
-4.49157 -9.45602
-4.2398 -9.46616
-4.38421 -9.44717
-4.65429 -9.43881
-4.93922 -9.42134
-4.62526 -9.4178
-4.92043 -9.39644
-5.1395 -9.37616
-5.27111 -9.32155
-5.05054 -9.34688
-5.08748 -9.26914
-5.39783 -9.24724
-5.28196 -9.18945
-5.50816 -9.1368
-5.29335 -9.09625
-5.64683 -9.00315
-5.45514 -8.9043
-5.86624 -8.75986
-6.1693 -8.54345
-6.26536 -8.34252
-6.45774 -8.13017
-6.23211 -8.15392
-5.93281 -8.42547
-6.02979 -8.04539
-6.38901 -7.79464
-6.03802 -7.68275
-6.30483 -7.40266
-6.53501 -7.4365
-6.68756 -7.24624
-6.49397 -7.16526
-6.6283 -6.92169
-6.80068 -7.05336
-6.81681 -6.76789
-6.95845 -7.01763
-6.96355 -6.67873
-7.096 -6.84437
-7.06356 -6.50538
-7.17936 -6.61824
-7.23251 -6.87563
-7.17672 -7.05892
-7.2908 -7.11266
-7.09113 -7.11747
-7.3264 -6.89265
-7.37859 -7.00396
-7.40329 -6.75421
-7.29067 -6.66944
-7.34101 -6.41914
-7.46619 -6.43117
-7.37392 -6.13392
-7.26019 -6.08559
-7.23018 -6.39323
-7.1562 -6.15682
-7.14014 -6.37029
-7.04658 -6.15006
-7.10057 -5.77305
-7.00168 -5.89496
-6.93119 -5.66624
-7.00324 -5.35119
-6.88842 -5.34988
-6.89806 -5.04833
-7.00476 -4.96561
-7.08911 -5.21858
-7.09827 -4.9474
-7.04474 -4.6625
-7.15697 -4.75938
-7.1854 -5.13579
-7.23279 -4.92901
-7.23024 -4.69893
-7.3015 -4.86664
-7.3083 -5.15595
-7.35909 -5.00921
-7.40024 -5.21394
-7.41142 -4.96933
-7.35861 -4.78181
-7.40504 -4.71223
-7.35558 -4.50814
-7.40596 -4.45409
-7.34808 -4.27202
-7.39675 -4.14829
-7.31064 -4.00892
-7.34663 -3.69133
-7.43038 -3.91962
-7.48427 -4.26262
-7.51039 -3.8974
-7.53947 -4.23188
-7.58346 -4.09637
-7.57956 -4.36225
-7.62869 -4.38483
-7.6521 -4.12756
-7.68888 -4.41745
-7.6659 -4.74762
-7.60544 -4.55731
-7.6224 -4.74975
-7.55242 -4.53978
-7.58745 -4.87461
-7.50589 -4.6691
-7.44772 -4.43742
-7.45147 -4.63491
-7.47501 -4.86921
-7.54266 -5.01593
-7.47798 -5.15609
-7.55289 -5.30649
-7.61073 -5.17538
-7.60627 -5.43534
-7.66879 -5.3539
-7.66809 -5.03532
-7.73205 -5.3112
-7.71974 -5.04466
-7.75891 -5.2055
-7.74975 -4.92657
-7.75572 -5.09431
-7.78067 -5.2386
-7.79795 -5.37917
-7.77885 -5.44269
-7.80049 -5.51869
-7.81158 -5.66439
-7.75651 -5.57747
-7.76666 -5.76957
-7.72353 -5.75281
-7.74961 -5.90162
-7.78098 -5.95096
-7.75281 -6.01364
-7.70975 -6.02022
-7.67058 -5.85397
-7.65392 -5.62357
-7.713 -5.52367
-7.61753 -5.82166
-7.59428 -5.63196
-7.55514 -5.52853
-7.54743 -5.7665
-7.47683 -5.50242
-7.46024 -5.84969
-7.36778 -5.73259
-7.36679 -5.41907
-7.27873 -5.44853
-7.16455 -5.46322
-7.25132 -5.74396
-7.08738 -5.45077
-7.31956 -5.93398
-7.35971 -5.94675
-7.40155 -5.96095
-7.45589 -6.10675
-7.50952 -5.99878
-7.53849 -6.231
-7.62395 -6.27458
-7.5827 -6.02498
-7.65299 -6.04626
-7.81678 -5.93306
-7.61633 -3.81199
-7.57304 -3.85874
-7.4932 -3.56791
-7.43548 -3.61155
-7.45236 -3.33412
-7.36568 -3.30157
-7.2525 -3.24073
-7.19591 -2.88535
-7.18601 -3.03568
-7.16416 -3.1419
-7.20243 -3.37994
-7.24871 -3.55123
-7.18536 -3.65918
-7.11824 -3.29495
-7.03677 -3.46235
-7.09899 -3.80753
-7.17977 -4.05251
-7.2535 -3.9441
-7.28485 -4.24274
-7.27616 -3.7692
-7.22509 -4.36343
-7.28843 -4.57259
-7.22906 -4.53583
-7.18152 -4.50899
-7.15697 -4.28384
-7.10269 -4.43204
-7.07234 -4.09191
-6.99613 -4.3111
-6.9735 -4.01015
-6.99903 -3.76956
-6.88091 -3.77107
-6.89736 -3.46401
-6.88669 -3.10111
-7.01104 -3.09979
-6.92039 -2.88448
-6.98786 -2.80571
-7.08121 -2.99118
-7.133 -2.89206
-7.04519 -2.69782
-7.11461 -2.61962
-7.08981 -2.3044
-7.01482 -2.38551
-6.96319 -2.05432
-6.94607 -1.79371
-6.8741 -1.82367
-6.84821 -1.65917
-6.88465 -1.57046
-6.78048 -1.50542
-6.68854 -1.33892
-6.60825 -1.15263
-6.49087 -0.931687
-6.49335 -1.13913
-6.59747 -1.2837
-6.56204 -1.43971
-6.42517 -1.36401
-6.54707 -1.71222
-6.42978 -1.68477
-6.51736 -1.95526
-6.39137 -1.92523
-6.56713 -2.31672
-6.67475 -2.12399
-6.71305 -2.49257
-6.70382 -2.79608
-6.82341 -2.73611
-6.79171 -2.46324
-6.88579 -2.62425
-6.83178 -2.31769
-6.78534 -1.9982
-6.66737 -1.73561
-6.78378 -1.71633
-6.67442 -1.47714
-6.8561 -1.94898
-6.89659 -2.19512
-6.94748 -2.50324
-6.7866 -3.18804
-6.66574 -3.08396
-6.57637 -2.81622
-6.54381 -2.57828
-6.44597 -2.62428
-6.41698 -2.31161
-6.28119 -2.35576
-6.26768 -2.04202
-6.21339 -1.68507
-6.29425 -1.46135
-6.13311 -1.30024
-6.18918 -1.08459
-6.29825 -1.16346
-6.3542 -0.994715
-6.24382 -0.939205
-6.24164 -0.740609
-6.36444 -0.76408
-6.24933 -0.556674
-6.13081 -0.516217
-6.02078 -0.306503
-5.98453 -0.123387
-5.91456 -0.195873
-5.94467 -0.304302
-5.98864 -0.514872
-5.84872 -0.294611
-5.81589 -0.629883
-5.61455 -0.203939
-5.78889 -0.0476411
-5.56349 0.0560196
-5.66372 0.208061
-5.89762 0.0817952
-5.8196 0.281277
-5.62925 0.387018
-5.48306 0.55123
-5.52186 0.651882
-5.41526 0.765427
-5.29719 0.737551
-5.22115 0.862035
-5.26759 0.631653
-5.42836 0.406677
-5.11354 0.517495
-5.26935 0.308295
-5.4485 0.214531
-5.27036 0.0605648
-5.02698 0.328155
-4.86323 0.170897
-4.98588 -0.0222689
-5.19083 -0.179843
-4.9397 -0.201582
-5.15759 -0.388566
-4.94844 -0.405256
-5.08945 -0.5929
-4.95955 -0.502171
-4.81862 -0.545586
-5.00021 -0.852224
-5.28369 -0.907024
-5.18943 -1.18208
-5.44658 -1.23163
-5.39039 -1.55965
-5.61167 -1.51397
-5.6195 -1.26557
-5.52428 -0.996742
-5.68535 -1.14089
-5.79545 -1.47064
-5.78821 -1.15255
-5.66629 -0.85118
-5.85551 -0.999236
-5.92079 -1.32409
-5.99211 -1.15553
-5.92565 -0.916561
-6.02818 -0.901882
-6.06447 -1.50291
-5.98938 -1.678
-6.13145 -1.83455
-6.07038 -1.96132
-5.93822 -1.94855
-5.75534 -1.76718
-5.78281 -2.09756
-6.0259 -2.44339
-5.82878 -2.43998
-5.95306 -2.81084
-6.15924 -2.86598
-6.21403 -2.69448
-6.19572 -2.48349
-6.33463 -2.68858
-6.35136 -2.99343
-6.50737 -2.96379
-6.52297 -3.25253
-6.62356 -3.24983
-6.64488 -3.46128
-6.55622 -3.52256
-6.72999 -3.80581
-6.75649 -3.43954
-6.88664 -4.11555
-6.79148 -4.21742
-6.67073 -4.09526
-6.72569 -4.47408
-6.89571 -4.5798
-6.78331 -4.84887
-6.79547 -5.20175
-6.654 -5.04121
-6.67728 -4.73234
-6.55164 -4.72289
-6.4696 -4.9907
-6.53483 -5.32347
-6.34441 -5.22717
-6.38773 -5.58867
-6.21788 -5.40369
-6.17252 -5.6209
-6.23798 -5.93426
-6.52609 -5.91111
-6.44851 -6.27768
-6.12689 -6.33546
-6.38757 -6.68541
-6.04639 -6.67804
-6.24205 -7.0259
-5.86867 -6.95486
-5.99992 -7.30026
-6.45536 -6.95492
-5.63402 -7.22021
-5.57045 -6.90094
-5.64858 -6.56744
-5.36394 -6.72989
-5.32542 -7.00368
-5.09633 -6.744
-5.20262 -6.43129
-4.88118 -6.4452
-4.84773 -6.77518
-5.01283 -7.09753
-4.70067 -7.03214
-4.82782 -7.3619
-5.04667 -7.45081
-5.29533 -7.32788
-5.23541 -7.63643
-4.87365 -7.79649
-5.22817 -7.87115
-5.13985 -8.10698
-5.44564 -7.97898
-5.43502 -8.2277
-5.6923 -8.04834
-5.70409 -7.78453
-5.88409 -7.92657
-5.79635 -7.5076
-5.5253 -7.54299
-5.43305 -7.7706
-5.85487 -8.06871
-5.74435 -8.23346
-5.44888 -8.50776
-5.10542 -8.41122
-5.09226 -8.64239
-5.21555 -8.80024
-4.9247 -8.79108
-4.89987 -8.9493
-5.11243 -9.00795
-4.88563 -9.06243
-4.60764 -9.08697
-4.65829 -8.87279
-4.35987 -8.97422
-4.20009 -9.1452
-4.12098 -9.01659
-3.91421 -9.08952
-3.87285 -9.24114
-4.13421 -9.26719
-3.97326 -9.33969
-4.25389 -9.32104
-4.07999 -9.4036
-4.39849 -9.36235
-4.22854 -9.43247
-3.81595 -9.44494
-4.077 -9.48255
-3.79649 -9.4789
-4.00257 -9.47309
-3.73561 -9.46731
-3.92763 -9.44852
-3.6593 -9.45106
-3.8318 -9.4231
-4.0977 -9.4151
-3.96607 -9.35826
-4.28308 -9.35178
-4.05441 -9.25805
-3.78031 -9.30909
-3.81521 -9.17858
-3.52096 -9.25975
-3.50099 -9.13401
-3.27909 -9.33678
-3.57094 -9.39518
-3.28236 -9.41348
-3.43863 -9.4474
-3.43751 -9.46231
-3.21531 -9.44497
-3.06726 -9.47186
-3.33434 -9.48808
-3.57733 -9.47789
-3.56642 -9.46709
-3.33829 -9.45053
-3.54327 -9.46052
-3.45431 -9.41314
-3.80072 -9.39711
-3.68294 -9.34286
-3.4601 -9.35131
-3.55098 -9.2716
-3.62905 -9.14376
-3.32646 -9.20228
-3.34106 -9.30794
-3.11339 -9.31541
-3.28128 -9.37106
-3.06477 -9.41002
-3.14395 -9.45217
-3.01264 -9.46956
-2.87505 -9.44348
-2.68168 -9.42817
-2.66918 -9.46184
-2.4825 -9.43597
-2.32104 -9.44219
-2.39129 -9.44737
-2.06597 -9.4315
-2.2098 -9.42817
-2.00677 -9.43708
-2.00321 -9.39876
-1.76853 -9.41177
-1.67758 -9.36536
-1.89351 -9.30506
-2.18385 -9.35353
-2.32826 -9.40319
-2.47165 -9.35653
-2.6188 -9.42025
-2.8239 -9.37644
-2.9939 -9.3006
-3.09411 -9.38268
-3.04912 -9.4187
-2.96303 -9.44265
-2.84595 -9.42656
-2.72943 -9.43503
-2.81398 -9.44654
-2.61762 -9.42825
-2.48015 -9.43762
-2.02067 -9.23152
-1.5787 -9.31221
-1.38471 -9.3373
-1.48568 -9.38751
-1.20789 -9.37549
-1.73923 -9.42594
-2.05635 -9.42782
-1.80354 -9.39362
-2.10934 -9.40751
-2.29599 -9.41672
-2.36985 -9.4012
-2.48 -9.40517
-2.62014 -9.40727
-2.59504 -9.38005
-2.78961 -9.40621
-2.84019 -9.35345
-2.62217 -9.28137
-2.8944 -9.28296
-3.06048 -9.20518
-2.84684 -9.20057
-2.98544 -9.07406
-3.19446 -9.10763
-3.40562 -9.02134
-3.18266 -8.99811
-3.2486 -8.82309
-3.53859 -8.82337
-3.70445 -8.98757
-3.78407 -8.8222
-3.95549 -8.93014
-4.04374 -8.6793
-4.17458 -8.88758
-4.40046 -8.76708
-4.41574 -8.4979
-4.76219 -8.62044
-4.76446 -8.25922
-4.43224 -8.19467
-4.10704 -8.33186
-4.22361 -8.04445
-3.93119 -8.03715
-3.86106 -8.29239
-3.57344 -8.29342
-3.70242 -7.81859
-3.29019 -7.96336
-3.18665 -8.29776
-3.0074 -8.1419
-2.92587 -8.45717
-2.71485 -8.11069
-2.50037 -8.53014
-2.77409 -8.71731
-3.00071 -8.7464
-2.85004 -8.91465
-3.05576 -8.91953
-3.1569 -8.59579
-3.40934 -8.61145
-3.27763 -8.45411
-3.69457 -8.62612
-3.85019 -8.45834
-3.12359 -8.45448
-2.66785 -9.09082
-2.58736 -8.85997
-2.3286 -9.00703
-2.41676 -9.18375
-2.33523 -9.27155
-2.1083 -9.17776
-2.15694 -9.30824
-2.37124 -9.3636
-2.15908 -9.37962
-1.97965 -9.34183
-1.972 -9.37696
-1.76862 -9.35329
-1.81108 -9.29345
-1.96424 -9.26164
-1.72598 -9.18109
-1.82944 -9.04443
-2.06421 -9.03236
-2.10718 -8.90653
-2.24621 -8.8737
-2.3695 -8.81404
-2.13985 -8.70507
-2.10869 -8.37094
-2.36062 -8.10459
-1.99302 -7.98208
-2.29912 -7.71583
-1.97542 -7.55841
-2.31265 -7.20988
-1.81992 -7.14464
-2.09377 -6.89188
-2.33295 -6.8201
-2.16182 -6.53969
-2.53556 -6.55035
-2.55386 -6.8782
-2.77177 -6.70416
-2.81 -7.08853
-2.60224 -7.53051
-2.92239 -7.51363
-2.74366 -7.77844
-2.97303 -7.85409
-3.2217 -7.61155
-3.43463 -7.70917
-3.52856 -7.44178
-3.21346 -7.21001
-3.51964 -7.09831
-3.78921 -7.16745
-3.7996 -7.49352
-4.00192 -7.3922
-4.03258 -7.09908
-4.22814 -7.23789
-4.16492 -6.87214
-4.42135 -6.95288
-4.30294 -6.58983
-4.59074 -6.60341
-4.41036 -6.35554
-4.60665 -6.18721
-4.87743 -6.20177
-5.00183 -6.29312
-5.06691 -6.16094
-5.38252 -6.14467
-5.78781 -6.23373
-5.91336 -6.46087
-5.95864 -6.02414
-5.63158 -5.85629
-5.95623 -5.72005
-5.66674 -5.44241
-6.00644 -5.41059
-5.84866 -5.10583
-6.11917 -5.13108
-5.96949 -4.73889
-6.2661 -4.8744
-6.22777 -4.42338
-5.88243 -4.17089
-6.1264 -3.97928
-6.26816 -4.14877
-6.29135 -3.95152
-6.40362 -4.25668
-6.4408 -3.99399
-6.57467 -4.26684
-6.55132 -3.98763
-6.5707 -3.78541
-6.45025 -3.76691
-6.41494 -3.5096
-6.42671 -3.29425
-6.28737 -3.19027
-6.13007 -3.09592
-6.24039 -3.41949
-6.02367 -3.25155
-5.75098 -3.03214
-5.73155 -2.61492
-5.45846 -2.57639
-5.62401 -2.25423
-5.37144 -2.12195
-5.49685 -1.92672
-5.28167 -1.8007
-5.02712 -1.4769
-5.08082 -1.93789
-4.77365 -1.69845
-4.80055 -2.04694
-5.02406 -2.2137
-4.84138 -2.3698
-5.12568 -2.50231
-5.22344 -2.2626
-5.25952 -2.84254
-5.48646 -3.0546
-5.30054 -3.14613
-5.42292 -3.39016
-5.63992 -3.41814
-5.49754 -3.72523
-5.31365 -3.64983
-5.27045 -4.01873
-5.10545 -3.72591
-4.99119 -4.04142
-5.03955 -4.38549
-5.33044 -4.44907
-5.10183 -4.73275
-4.80039 -4.726
-4.95387 -4.91455
-4.79448 -5.08502
-4.57341 -4.9404
-4.51778 -5.18764
-4.68589 -5.33324
-4.94558 -5.33374
-4.73633 -5.56609
-5.08341 -5.57523
-4.93108 -5.7919
-5.24866 -5.81714
-5.38268 -5.60671
-5.28689 -5.34203
-5.52793 -5.0314
-5.1339 -5.04518
-5.34887 -4.78072
-5.6315 -4.59558
-5.56198 -4.12264
-5.70668 -3.79457
-5.90401 -3.59641
-5.75139 -4.86943
-5.09416 -5.9714
-4.85804 -6.01156
-4.60089 -5.83795
-4.28927 -5.98093
-4.37115 -6.1848
-4.17218 -6.27643
-3.84967 -5.97925
-4.08033 -5.69546
-4.34096 -5.73676
-4.2694 -5.52463
-4.48032 -5.62541
-4.48524 -5.42821
-4.27517 -5.25334
-4.35252 -4.98369
-4.09315 -4.96289
-4.25803 -4.82765
-4.43513 -4.62721
-4.1651 -4.67092
-4.17436 -4.29749
-4.45358 -4.17389
-4.73115 -4.25992
-4.61426 -4.0079
-4.80171 -3.76009
-4.49176 -3.79022
-4.62855 -3.39868
-4.85055 -3.35328
-4.76881 -3.06742
-5.04921 -3.09366
-5.00924 -3.46326
-5.21198 -3.40592
-4.88124 -2.80501
-5.05956 -2.75232
-4.94077 -2.592
-4.76478 -2.60708
-4.63347 -2.48925
-4.57161 -2.25566
-4.39198 -2.60599
-4.27471 -2.23366
-4.4754 -1.88414
-4.15751 -1.92556
-4.22416 -1.62109
-4.50159 -1.5006
-4.7279 -1.40155
-4.53364 -1.18706
-4.77605 -1.19373
-4.62744 -0.855977
-4.93133 -1.10144
-4.2917 -0.972239
-4.24148 -0.696598
-4.3858 -0.430143
-4.68817 -0.274343
-4.39055 -0.139039
-4.6563 -0.00757601
-4.00609 -0.148181
-3.93845 -0.474889
-3.74723 -0.274522
-3.54938 -0.103112
-3.36744 0.152777
-3.55865 0.44599
-3.2825 0.331675
-3.16684 0.482835
-3.39061 0.668798
-3.38316 0.912429
-3.11997 0.70837
-3.0253 0.912756
-3.20668 1.07904
-3.40582 1.10131
-3.62245 1.20553
-3.54656 1.45025
-3.45091 1.32105
-3.3308 1.24877
-3.30502 1.38018
-3.02882 1.30904
-3.17496 1.16878
-2.90453 1.10456
-2.72682 1.23794
-2.45517 1.09802
-2.51593 1.29857
-2.73323 1.38279
-2.46928 1.45928
-2.73531 1.53278
-2.9281 1.47724
-3.13214 1.47899
-3.34264 1.4766
-2.55873 1.59305
-2.22799 1.68068
-2.0544 1.72608
-2.09577 1.63878
-2.38709 1.61388
-2.16297 1.50035
-1.86367 1.57516
-1.96567 1.42326
-2.2009 1.30934
-1.84718 1.29975
-1.7561 1.43733
-1.5356 1.34499
-1.57037 1.53874
-1.69048 1.65546
-1.78856 1.6874
-1.88303 1.73824
-1.71647 1.78452
-1.48379 1.81258
-1.51391 1.695
-1.26449 1.77983
-1.35448 1.60969
-1.14182 1.59124
-1.03994 1.72949
-0.820963 1.67616
-0.611371 1.62084
-0.0574331 1.43895
-0.230065 1.48408
-0.410532 1.57522
-0.416111 1.43035
-0.15583 1.31756
-0.266832 1.20706
0.00046587 1.10429
-0.0820837 0.981045
0.169483 0.893434
0.308867 0.987484
0.352762 0.810132
0.434403 0.853769
0.445753 0.769095
0.560688 0.71593
0.69673 0.494505
0.53393 0.546271
0.689912 0.308799
0.835939 0.277784
0.910574 -0.0215502
0.657736 0.144237
0.846561 -0.164849
0.649075 -0.0155341
0.672037 -0.254654
0.542883 0.0132089
0.446434 -0.0839841
0.53307 -0.322357
0.628588 -0.45667
0.516993 -0.583771
0.668892 -0.675128
0.752954 -0.528397
0.788268 -0.76147
0.863097 -0.65747
0.888257 -0.83498
0.980393 -0.762532
0.922553 -0.51074
1.05853 -0.697807
1.09092 -0.793794
1.11527 -1.04126
1.21541 -0.960228
1.28517 -1.21431
1.2061 -1.3083
1.30883 -1.40692
1.27288 -1.57476
1.14327 -1.45126
1.12451 -1.24819
1.05819 -1.22846
1.02264 -1.46596
1.10789 -1.67847
1.01167 -1.84867
1.16359 -1.94382
1.20618 -1.71727
1.26781 -1.93137
1.27589 -1.75601
1.34177 -1.81954
1.39882 -1.61866
1.44304 -1.91976
1.37395 -2.14626
1.48804 -2.20296
1.54013 -2.05018
1.55756 -2.23101
1.61852 -2.1928
1.64929 -2.43573
1.56237 -2.48989
1.63262 -2.62448
1.69531 -2.66698
1.67766 -2.83921
1.61828 -2.82095
1.68969 -3.13802
1.60971 -3.11418
1.69476 -3.50409
1.60231 -3.38895
1.65162 -3.60117
1.61353 -3.68621
1.71145 -3.83915
1.6889 -4.00602
1.77262 -4.23831
1.83254 -4.01324
1.87978 -4.6095
1.92361 -4.4504
1.95877 -4.77619
1.96163 -5.09253
1.86326 -5.04218
1.93758 -5.39955
1.87402 -5.5415
1.80211 -5.22475
1.77282 -4.94884
1.72345 -5.09379
1.75631 -5.46265
1.66477 -5.21457
1.62871 -4.89497
1.56568 -5.09294
1.6285 -5.50276
1.51237 -5.34241
1.49075 -5.10675
1.4189 -5.10441
1.46457 -4.87102
1.36763 -4.72519
1.3181 -4.91939
1.33911 -5.21956
1.41454 -5.51048
1.27901 -5.45687
1.25193 -5.06669
1.16778 -5.20878
1.16426 -5.5524
1.06388 -5.32864
1.06753 -5.01686
0.94979 -5.07845
0.976432 -4.66256
0.816311 -4.8057
0.835324 -4.49631
0.664617 -4.487
0.779057 -4.21643
0.598957 -4.03389
0.492706 -4.31169
0.418121 -4.63001
0.335648 -4.3298
0.37148 -4.04988
0.115861 -4.14222
0.192358 -4.47429
-0.103664 -4.42004
0.109801 -4.81267
-0.248762 -4.73661
-0.565408 -4.4016
-0.591129 -4.90306
-0.173057 -5.1274
-0.51265 -5.29223
-0.241193 -5.50378
-0.518455 -5.57158
-0.385951 -5.72962
-0.677895 -5.84597
-0.837642 -5.48105
-1.17257 -5.76506
-1.00268 -6.14125
-0.521741 -6.26212
-1.01892 -6.55359
-0.563709 -6.67242
-0.821537 -6.82756
-0.584918 -6.9744
-0.875689 -7.05784
-1.06526 -6.8818
-1.16708 -7.11191
-0.957574 -7.30789
-1.20597 -7.33559
-1.43975 -7.24468
-1.33814 -7.52169
-1.64144 -7.50548
-1.47311 -7.78309
-1.13396 -7.75531
-1.29316 -8.10337
-0.847771 -7.99132
-1.02577 -8.2413
-1.21012 -8.31578
-1.07956 -8.4367
-0.729699 -8.29835
-0.865934 -8.55665
-1.25084 -8.7191
-1.45249 -8.42526
-1.62242 -8.68023
-1.66312 -8.87289
-1.47447 -8.98977
-1.9196 -8.94404
-1.90081 -8.78014
-1.97063 -8.6965
-1.85727 -8.56974
-1.08526 -8.93525
-1.2971 -9.12542
-1.5582 -9.26465
-1.28515 -9.23556
-1.39551 -9.29325
-1.55414 -9.32693
-1.6172 -9.38231
-1.36565 -9.35062
-1.17417 -9.29592
-1.10193 -9.32698
-0.982859 -9.18529
-0.957847 -9.05368
-0.674997 -9.05903
-0.459478 -9.08484
-0.328674 -9.1373
-0.103947 -9.17814
-0.114241 -9.04334
-0.290996 -9.03217
-0.15546 -8.91302
-0.406528 -8.9524
-0.216763 -8.77375
-0.495946 -8.78958
-0.231653 -8.57176
-0.515317 -8.51518
-0.81867 -8.75004
-0.761261 -8.93083
-0.577458 -8.94724
-0.188837 -8.33414
-0.360684 -8.22467
-0.488477 -8.03384
-0.557978 -7.83151
-0.751026 -7.59761
-0.433539 -7.66503
-0.369871 -7.41628
-0.65014 -7.25445
-1.08067 -7.50409
-0.387651 -7.14346
-0.249421 -6.87167
-0.142621 -7.17258
0.0571527 -6.93517
0.0241656 -6.63798
-0.236999 -6.51995
0.00930119 -6.33371
-0.209981 -6.30484
-0.151731 -6.08118
-0.373251 -5.94448
-0.179373 -5.78659
0.0332384 -5.83924
-0.0310225 -5.62213
-0.0063343 -5.40975
0.172473 -5.58517
0.161981 -5.23287
0.397282 -5.05451
0.379018 -5.42187
0.603971 -5.32746
0.518063 -5.66083
0.352373 -5.69849
0.231555 -5.89239
0.416664 -5.93949
0.269739 -6.2252
0.478391 -6.20991
0.377565 -6.41111
0.289783 -6.44412
0.283736 -6.65939
0.524629 -6.48921
0.472396 -6.80539
0.268496 -7.0212
0.0779395 -7.19395
0.21946 -7.37675
0.454084 -7.09477
0.4446 -7.31907
0.357726 -7.51009
0.520298 -7.45727
0.662061 -7.13913
0.6975 -7.38491
0.569471 -7.68623
0.3844 -7.69122
0.403389 -7.86572
0.232746 -7.93979
0.334782 -8.03917
0.48236 -7.98924
0.343768 -8.22531
0.191443 -8.19399
0.167472 -8.41684
-0.00131369 -8.38303
-0.0221839 -8.59584
0.140944 -8.63223
-0.0266066 -8.76162
0.0998025 -8.85739
0.27355 -8.6607
0.322732 -8.46387
0.422419 -8.55195
0.544691 -8.26398
0.578894 -8.55478
0.689654 -8.32398
0.782626 -8.0722
0.691657 -7.87817
0.791825 -7.54712
0.939498 -7.68875
0.980358 -7.3416
0.85487 -7.28912
0.798619 -7.19323
0.883936 -7.14907
0.895825 -6.99588
0.831899 -6.77553
0.637535 -6.86063
0.745652 -6.65168
0.629838 -6.65276
0.740139 -6.41022
0.638353 -6.21796
0.811557 -5.99815
0.602595 -5.94863
0.71256 -5.6412
0.852599 -5.67065
0.956926 -5.77143
1.00144 -6.00021
0.925325 -6.28157
1.08904 -6.20863
0.989398 -6.5042
0.854719 -6.52935
1.00376 -6.72562
1.18661 -6.49915
1.07855 -6.85966
1.21758 -6.77631
1.15308 -7.05998
1.28395 -6.87464
1.35953 -6.6233
1.39394 -6.86684
1.29221 -7.08823
1.40925 -7.06583
1.32632 -7.34009
1.48101 -7.16055
1.52119 -6.90296
1.60955 -7.12083
1.65684 -6.81601
1.5808 -6.63454
1.47504 -6.69288
1.49848 -6.46715
1.40199 -6.21396
1.23764 -6.06767
1.12628 -5.87308
1.23843 -5.76242
1.05481 -5.64034
1.04194 -5.82807
0.933211 -5.45439
1.34282 -5.82263
1.45426 -5.86858
1.53713 -5.69725
1.55418 -6.05865
1.62844 -5.84215
1.72336 -5.80888
1.68308 -6.10018
1.79775 -6.10262
1.75992 -6.38212
1.81875 -6.31332
1.85328 -6.48657
1.77405 -6.68447
1.68683 -6.579
1.7519 -6.987
1.87886 -6.8417
1.83603 -7.06594
1.77147 -7.17486
1.82437 -7.2516
1.72979 -7.37422
1.70636 -7.21023
1.61255 -7.40281
1.62743 -7.69149
1.78748 -7.5199
1.72227 -7.77853
1.60865 -7.92419
1.64962 -8.04727
1.50256 -8.13092
1.52117 -7.95625
1.39924 -8.12598
1.31438 -8.37264
1.47867 -8.30732
1.30413 -8.55691
1.16874 -8.61031
1.11328 -8.76978
1.21509 -8.76546
1.0107 -8.91202
1.34375 -8.70161
1.39078 -8.58613
1.46251 -8.56896
1.38742 -8.69365
1.53243 -8.55854
1.46318 -8.65387
1.59262 -8.51814
1.65026 -8.42468
1.61168 -8.41966
1.78448 -8.22711
1.69499 -8.25625
1.85186 -8.05422
1.92738 -7.98611
1.95422 -7.87446
1.92317 -7.84772
1.8361 -7.97728
1.87473 -7.80234
1.96967 -7.67063
1.94501 -7.57652
2.03932 -7.42459
1.95237 -7.34534
1.85688 -7.61351
1.87587 -7.38644
1.91329 -7.19472
1.88215 -7.07182
1.92618 -7.00966
1.98012 -6.84684
1.94017 -6.56921
1.91857 -6.32561
1.85874 -6.25491
1.89478 -6.01042
1.81101 -5.79198
1.98392 -5.8075
1.98247 -6.20688
2.06932 -6.17193
2.05769 -5.79983
2.00818 -5.49083
2.05723 -5.52531
2.01942 -5.28327
2.01175 -5.01848
2.06089 -5.26231
2.05024 -4.98713
1.99943 -4.68637
2.06616 -4.74146
2.09871 -5.18868
2.12125 -4.9853
2.12521 -5.24087
2.14275 -5.50498
2.0986 -5.51924
2.12713 -5.80198
2.17378 -5.82478
2.16717 -6.10721
2.11671 -6.00832
2.14219 -6.35553
2.18509 -6.41164
2.17 -6.62711
2.18918 -6.64439
2.17132 -6.81227
2.1752 -6.87008
2.15584 -7.0132
2.1389 -6.88914
2.14148 -7.1768
2.09968 -7.13842
2.10221 -7.40143
2.13968 -7.37093
2.09752 -7.58286
2.1495 -7.50536
2.11661 -7.71521
2.12124 -7.60864
2.05585 -7.80672
2.08355 -7.71089
2.03345 -7.82282
2.00754 -7.93036
1.99015 -7.94934
1.93205 -8.06629
1.95848 -7.97886
1.89244 -8.10964
1.82986 -8.2205
1.8514 -8.19463
1.92776 -8.05798
1.71904 -8.35962
1.73329 -8.35442
1.58046 -8.5446
1.55362 -8.54284
2.00626 -7.88637
2.02845 -7.79083
2.0191 -7.72196
2.05591 -7.68563
2.05858 -7.58142
2.08992 -7.58849
2.1047 -7.40482
2.12323 -7.45342
2.16311 -7.38278
2.13884 -7.28245
2.1607 -7.22026
2.20993 -7.18406
2.18404 -7.30242
2.1811 -7.09415
2.1639 -7.20163
2.19232 -6.93714
2.18654 -6.67586
2.18263 -6.67555
2.19997 -6.43269
2.19851 -6.44761
2.19541 -6.21885
2.20793 -6.24861
2.18552 -6.00742
2.1923 -5.9271
2.17704 -5.62212
2.17912 -5.69066
2.20017 -5.8663
2.20808 -6.1574
2.2201 -5.93756
2.2035 -6.29876
2.19753 -6.41932
2.18885 -6.41868
2.18028 -6.53028
2.17112 -6.74628
2.15965 -6.79125
2.16167 -6.66283
2.15661 -6.87699
2.20448 -6.17494
2.21052 -6.0595
2.22206 -5.71139
2.19426 -5.61834
2.20027 -5.45374
2.18663 -5.24602
2.18094 -5.41876
2.18392 -5.11133
2.17087 -5.22161
2.1571 -5.22677
2.16643 -4.93806
2.14477 -5.00266
2.14324 -4.82699
2.10801 -4.59024
2.1427 -4.59048
2.09954 -4.3868
2.06603 -4.28931
2.02513 -4.27358
2.04806 -4.00688
1.98121 -3.8191
1.92591 -4.0402
1.99577 -4.42758
1.95078 -4.37024
1.91051 -4.22225
1.82417 -3.64329
1.76157 -3.57534
1.71975 -3.38611
1.75427 -3.34519
1.75042 -3.02366
1.80301 -3.33906
1.88847 -3.57293
1.85556 -3.19513
1.94468 -3.39948
1.90622 -3.01095
1.80207 -2.83027
1.74067 -2.56245
1.79034 -2.65147
1.83967 -2.70926
1.77909 -2.50564
1.83448 -2.50053
1.78488 -2.31709
1.70066 -2.29265
1.76949 -2.0623
1.62513 -1.95995
1.72248 -1.88726
1.68169 -1.6951
1.55817 -1.68651
1.52441 -1.44115
1.46319 -1.54039
1.51211 -1.79451
1.37412 -1.3934
1.40791 -1.31024
1.35559 -1.08538
1.44653 -1.18855
1.53669 -1.21474
1.456 -0.990898
1.41521 -1.08858
1.2746 -0.846327
1.35193 -0.816837
1.26338 -0.644537
1.12425 -0.644686
1.15315 -0.787696
1.05235 -0.393551
1.01459 -0.129915
1.11836 -0.280934
0.907444 0.149751
0.232094 1.16359
0.0423694 1.34199
0.135116 1.24948
0.0286803 1.23853
1.80988 -2.19636
1.62958 -1.44375
1.21103 -0.438059
1.85111 -2.34174
1.88791 -2.48016
1.88763 -2.64897
1.90692 -2.73728
1.89506 -2.81486
1.94741 -2.96431
1.99617 -3.17372
1.99617 -3.17372
2.00976 -3.19416
2.05269 -3.43973
2.05893 -3.37828
2.08234 -3.62477
2.19276 -5.22023
2.18567 -4.96273
2.19282 -4.93043
2.18518 -4.69782
2.1866 -4.67946
2.16996 -4.42196
2.17034 -4.43783
2.14206 -4.14405
2.13694 -4.22847
2.10818 -3.98626
2.11143 -4.07828
2.08532 -3.86442
2.08795 -4.03778
2.12573 -4.27805
2.07387 -4.18758
2.05906 -3.81657
2.01603 -3.62711
2.04686 -3.54824
2.0821 -3.72329
2.10749 -3.87967
2.15684 -4.44809
2.16743 -4.7065
2.17802 -4.96744
2.19038 -4.87966
2.20947 -5.47002
2.06297 -7.48991
2.15128 -7.15448
2.17061 -6.94219
2.16478 -6.98753
2.18807 -7.03295
2.02848 -3.14123
2.01058 -3.02836
1.9597 -2.87687
2.02908 -7.66484
2.03239 -7.11198
2.07605 -6.80201
1.96412 -7.10054
2.021 -6.49954
2.10064 -6.49433
2.12557 -6.63311
2.10024 -5.74478
1.96918 -6.40262
1.78721 -7.86258
1.76384 -8.02071
1.62435 -8.24159
1.75665 -8.12099
1.54102 -8.42696
1.4688 -8.43316
0.911797 -8.90514
0.710829 -9.02646
0.818713 -8.88454
0.69943 -8.96148
0.557137 -9.0056
0.347085 -9.12644
0.368938 -8.97552
0.552042 -8.81658
0.362584 -8.7809
0.74661 -8.63478
0.733294 -8.4471
0.856009 -8.42243
0.827525 -8.25816
0.937289 -8.2397
0.982622 -7.98954
1.16345 -7.61528
1.15652 -7.36403
1.22238 -7.4383
1.32725 -7.62656
1.47722 -7.37866
1.47565 -7.64887
1.31312 -7.89914
1.17495 -7.88174
1.19241 -8.01745
1.07739 -8.14183
1.20871 -8.13238
1.08801 -8.3366
1.23843 -8.27086
1.08843 -8.52577
0.939834 -8.51761
0.885927 -8.71629
0.991194 -8.74422
0.711781 -8.85278
0.974255 -8.34589
1.32278 -8.06882
1.45013 -7.902
0.215955 -8.95895
0.17391 -9.09585
0.0577712 -9.03373
-0.0800405 -9.27833
1.61954 -6.35983
1.51854 -6.27794
0.976606 -7.11471
0.812469 -5.47567
0.791093 -5.20592
0.737385 -5.40889
0.627083 -4.91522
0.0327229 -8.15615
-0.124603 -8.13158
0.0284643 -7.93701
-0.201945 -7.98193
-0.0395064 -7.70008
-0.310801 -7.81222
-0.232796 -7.61198
-0.0687051 -7.42103
0.204646 -7.69756
0.187747 -6.46523
0.0891194 -6.07677
-1.772 -8.27289
-1.54465 -8.21501
-1.64412 -8.02608
-1.75272 -7.77344
-1.41425 -6.86928
-1.817 -6.71907
-1.51047 -6.44324
-1.86966 -6.41447
-2.05884 -6.22771
-2.40136 -6.14697
-2.06939 -5.91372
-2.42994 -5.66356
-2.05697 -5.58619
-2.26678 -5.38934
-2.56086 -5.27372
-2.84478 -5.51504
-2.8909 -5.18861
-2.69507 -4.83225
-3.09737 -4.98007
-3.24631 -5.36593
-3.36115 -5.07347
-3.34145 -4.76735
-3.53453 -4.97897
-3.59816 -5.26448
-3.77783 -4.99137
-3.60588 -4.76554
-3.86353 -4.57486
-3.51999 -4.48046
-3.67494 -4.23431
-3.90028 -4.11269
-3.66517 -3.8701
-3.89225 -3.77545
-3.7532 -3.49396
-4.011 -3.5031
-4.1102 -3.85813
-4.19647 -3.53179
-4.18705 -3.1005
-4.38157 -3.42997
-4.29338 -3.7272
-4.30091 -3.98211
-4.51704 -3.00837
-4.59743 -2.68871
-4.70061 -2.81881
-4.15196 -2.68425
-4.21246 -2.47873
-4.02405 -2.41887
-4.07269 -2.13868
-3.93079 -2.17442
-3.79945 -2.3161
-3.82018 -2.55585
-3.92896 -2.8304
-3.68093 -2.7462
-3.70869 -3.09619
-3.91959 -3.20803
-3.49394 -3.35867
-3.58649 -3.61259
-3.4361 -3.72074
-3.41849 -4.10093
-3.25613 -3.86076
-3.22392 -3.51788
-3.06482 -3.85598
-3.0087 -3.5565
-3.04724 -3.15005
-3.29564 -3.14243
-3.48349 -2.94573
-3.25687 -2.78061
-3.49447 -2.5891
-3.66933 -2.48523
-3.57629 -2.25242
-3.79169 -2.05146
-3.57444 -1.88009
-3.92834 -1.76027
-3.75711 -1.47586
-4.0257 -1.45314
-4.24204 -1.27137
-3.96486 -1.19249
-4.11793 -1.05725
-3.94441 -0.848972
-3.65971 -1.13874
-3.55834 -0.794188
-3.74057 -0.618898
-3.49972 -0.441414
-3.15177 -0.730113
-3.14731 -0.454713
-3.15432 -0.231058
-3.28039 -0.0395419
-3.0606 0.000732534
-3.01908 0.225031
-2.78804 0.0400125
-2.77264 -0.161717
-2.41577 -0.0356167
-2.69108 0.165275
-2.472 0.206036
-2.7696 0.384026
-2.95325 0.565014
-2.71308 0.663053
-2.33889 0.378474
-2.28587 0.580976
-2.39632 0.802747
-2.71614 0.925182
-2.12577 0.886771
-2.04604 0.665327
-1.72783 0.781058
-1.8151 0.578531
-1.59325 0.494316
-1.37039 0.609827
-1.25156 0.372848
-1.02522 0.548998
-1.29848 0.861594
-0.937292 0.824137
-0.700221 0.577247
-0.715777 0.335196
-0.49647 0.369531
-0.479151 0.180273
-0.18627 0.214932
-0.333491 -0.0560233
-0.677581 0.042978
-0.455308 -0.250132
-0.194695 -0.372819
-0.0543599 -0.172427
0.0638447 -0.546714
0.182234 -0.290977
0.31526 -0.642505
0.19324 -0.958658
0.0356503 -0.769239
-0.0921659 -0.641521
-0.0608997 -0.924317
-0.363739 -0.596958
-0.286745 -0.95409
-0.566616 -0.796177
-0.405819 -1.19078
-0.117073 -1.24417
-0.180591 -1.48125
0.0442667 -1.58592
-0.0878582 -1.78628
-0.40158 -1.57537
-0.255294 -1.96834
-0.567544 -1.82049
-0.423391 -2.10225
-0.159427 -2.40058
-0.598325 -2.30436
-0.587334 -2.0333
-0.800849 -1.93148
-1.03655 -2.1201
-0.902649 -2.5093
-1.33419 -2.3724
-1.08408 -2.69685
-1.33421 -2.73709
-1.08091 -3.0005
-0.784273 -2.90315
-0.832028 -3.20285
-0.60992 -3.20812
-0.667426 -3.46438
-1.04515 -3.45091
-0.733839 -3.74459
-0.941952 -3.77112
-1.18792 -3.88028
-0.820624 -4.0133
-1.00553 -4.2463
-1.01226 -4.62342
-1.45832 -4.28633
-1.36134 -4.64328
-1.21201 -4.88333
-1.5471 -4.79195
-1.56898 -4.57065
-1.8767 -4.50161
-1.83269 -4.15743
-2.10925 -4.13004
-2.30395 -4.33413
-2.35498 -4.0488
-2.59016 -4.06174
-2.4604 -3.83053
-2.64488 -3.59254
-2.84834 -3.80439
-2.90249 -4.27882
-2.55754 -4.45337
-3.05196 -4.65537
-3.23059 -4.40163
-3.16989 -4.10374
-2.25945 -4.7047
-2.21278 -5.10926
-1.84979 -4.92985
-1.77865 -5.27715
-2.03722 -5.36597
-1.84009 -5.49433
-1.67217 -5.75526
-1.63917 -5.50117
-1.43035 -5.57423
-1.48478 -5.3942
-1.39445 -5.14327
-1.21745 -5.44435
-1.05183 -5.27123
-0.815076 -5.16836
-1.06614 -5.0887
-0.926067 -4.94065
-1.3974 -6.09423
-1.76836 -6.14041
-1.23809 -6.31149
-2.86797 -3.45816
-2.77863 -3.1902
-2.88301 -2.80877
-3.07181 -2.80558
-3.10555 -2.52621
-2.88932 -2.39157
-3.19535 -2.05257
-2.87233 -2.0459
-2.97657 -1.62432
-3.38329 -1.50317
-3.16119 -1.33348
-3.31571 -1.09228
-2.92527 -1.13793
-2.79742 -0.799544
-2.78433 -0.477727
-2.48992 -0.735367
-2.61202 -0.983254
-2.35847 -0.931828
-2.38798 -1.1851
-2.20305 -1.01605
-2.06629 -0.801165
-1.97376 -1.20446
-1.55691 -1.02548
-1.64481 -0.605833
-1.99098 -0.497279
-1.82266 -0.350507
-2.14198 -0.29016
-2.31748 -0.502747
-2.47657 -0.2862
-1.89804 -0.0962742
-2.16117 0.140495
-1.83299 0.155508
-2.05847 0.265518
-1.92994 0.412684
-1.52416 0.247675
-1.49199 -0.0216728
-1.10687 0.0663311
-1.15895 -0.21225
-0.757854 -0.297141
-0.973665 -0.381489
-0.795764 -0.541899
-1.01472 -0.515743
-1.17233 -0.388006
-1.24391 -0.579872
-0.907606 -0.743
-1.13622 -0.806817
-0.949342 -1.00781
-0.693799 -0.998867
-0.695744 -1.26291
-0.710802 -1.51833
-1.07384 -1.30217
-0.86203 -1.64641
-1.18471 -1.69095
-1.43599 -1.36609
-1.66593 -1.27956
-1.67508 -1.58477
-2.1966 -1.61941
-2.63678 -1.43701
-2.65533 -1.17655
-2.57693 -1.90526
-2.21727 -2.03281
-2.36591 -2.32572
-2.06119 -2.29532
-2.10912 -2.5098
-2.27609 -2.63587
-2.57366 -2.68738
-2.24428 -2.9579
-2.50796 -3.19579
-2.69378 -2.96379
-2.16019 -3.42747
-2.41372 -3.57563
-2.25316 -3.81628
-1.95527 -3.82916
-1.84635 -3.51931
-1.85939 -3.1079
-1.51668 -3.51417
-1.43021 -3.05849
-1.75255 -2.59771
-2.05168 -2.75066
-1.71533 -3.7453
-1.52205 -3.88205
-1.70642 -3.98474
-2.66769 -2.26791
-1.81487 -2.05589
-1.41265 -1.95609
-1.21694 -0.973697
-1.36132 -0.784873
-0.606994 -0.554356
-1.48392 -0.309843
-0.9485 0.275295
-3.41428 -2.13069
-3.33485 -2.37775
-0.518411 -4.01892
-0.446321 -3.74435
-0.297494 -3.98238
-0.310596 -4.19597
-0.131629 -4.11639
-0.136536 -3.79289
0.172731 -3.73957
-0.0750208 -3.34552
-0.383143 -3.43541
-0.41266 -3.03519
-0.15696 -2.97955
-0.326533 -2.69467
-0.59991 -2.68555
-0.0760341 -2.77754
0.145588 -2.77766
0.140759 -2.46845
0.024622 -2.1481
0.26685 -2.3236
0.168694 -1.9565
0.392858 -2.17743
0.317752 -1.72019
0.116887 -1.29887
0.284791 -1.33316
0.365282 -1.18475
0.443637 -1.47132
0.532024 -1.17707
0.3743 -0.964027
0.466529 -0.84876
0.38172 -0.325156
0.601421 -0.880041
0.707352 -1.1259
0.693493 -1.37338
0.856586 -1.42097
0.754865 -1.59678
0.620944 -1.55732
0.753165 -1.89579
0.858395 -1.7573
0.913723 -2.05892
1.03142 -2.23429
1.15411 -2.29404
1.09679 -2.58229
0.969871 -2.42679
1.02859 -2.84474
1.15685 -2.97132
1.10378 -3.2342
1.20254 -3.27536
1.19729 -3.51008
1.2976 -3.53405
1.26631 -3.8758
1.12515 -3.66299
1.19436 -4.0424
1.10679 -3.98287
1.17061 -4.3873
1.29588 -4.32843
1.28004 -4.62392
1.23451 -4.76116
1.13985 -4.79639
1.06567 -4.45993
0.985724 -4.338
0.902199 -4.31983
0.937936 -4.1388
0.861401 -4.07976
0.897863 -3.84639
0.762682 -3.88824
0.776346 -3.58698
0.613502 -3.56658
0.422964 -3.69659
0.250883 -3.35931
0.447223 -3.39294
0.373682 -3.18923
0.251021 -3.07208
0.0685601 -3.05243
0.341661 -2.97607
0.35849 -2.71197
0.500006 -3.12795
0.565301 -2.82344
0.447727 -2.50087
0.5964 -2.48377
0.518707 -2.09311
0.706486 -2.26014
0.561115 -1.8314
0.849024 -2.24923
0.880867 -2.63021
0.762341 -2.65398
0.85947 -3.00379
0.959151 -2.97797
0.994108 -3.30175
0.866595 -3.4048
0.795319 -3.13428
0.721237 -2.89006
0.701507 -3.22223
1.00614 -3.71913
1.02924 -4.12171
1.02044 -3.09301
1.41226 -4.51158
1.3634 -4.18227
1.38664 -3.93264
1.46198 -4.3056
1.49654 -4.08084
1.43121 -3.682
1.3554 -3.35653
1.26718 -3.1556
1.34703 -3.07899
1.23665 -2.76381
1.35339 -2.78084
1.27667 -2.50497
1.26499 -2.21682
1.36616 -2.48367
1.46595 -2.47686
1.44973 -2.77923
1.43937 -3.07496
1.52889 -3.08327
1.52077 -3.37191
1.43117 -3.36674
1.52105 -3.65736
1.52994 -3.91052
1.61012 -3.95999
1.59773 -4.20488
1.69741 -4.31667
1.65997 -4.49407
1.73642 -4.67228
1.68567 -4.77002
1.58296 -4.48882
1.52185 -4.69109
1.79045 -4.83206
1.79204 -4.6262
1.53893 -2.78821
0.840232 -1.03134
0.721273 -0.889137
0.95115 -1.22288
0.971755 -1.00983
0.261188 -0.0789658
0.0846381 -0.016319
0.177083 0.0556941
0.0836225 0.153629
0.0516186 0.34314
-0.155518 0.549432
-0.419289 0.556047
-0.36622 0.794813
-0.632737 0.832443
-0.508304 0.941339
-0.642873 1.04325
-0.886889 1.06897
-1.114 1.02237
-1.11594 1.195
-1.32965 1.14633
-1.62208 1.09101
-1.99547 1.08554
-1.27998 1.30776
-1.28053 1.45133
-1.08361 1.33472
-0.998522 1.43559
-0.789712 1.26254
-0.787204 1.41493
-0.557323 1.3153
-0.405924 1.07166
-0.683474 1.50148
-0.911271 1.55777
-0.974399 1.22695
-0.0979843 0.794725
0.0974975 0.797597
0.16183 0.642181
0.328108 0.662765
0.354015 0.48975
0.237514 0.40592
0.392992 0.343531
0.369045 0.248471
0.261514 0.150536
0.429202 0.112876
0.503328 0.165612
0.0433207 0.555292
0.481943 0.310103
0.506275 0.409781
0.44179 0.69971
-3.97367 -1.99772
-3.97731 -5.33612
-3.75707 -5.5804
-3.5273 -5.47927
-3.49427 -5.69337
-3.42166 -6.01809
-3.63496 -6.28777
-3.90556 -6.32814
-3.78612 -6.55884
-3.50391 -6.57433
-3.65591 -6.84208
-3.37667 -6.86662
-3.21646 -6.63803
-3.30958 -6.3356
-2.98346 -6.46312
-3.06746 -6.11298
-3.14518 -5.75782
-2.77709 -5.89966
-2.75588 -6.27173
-2.76231 -6.49401
-2.98324 -6.75343
-3.12339 -6.90169
-3.92122 -6.84128
-4.04788 -6.56786
-5.6197 -1.81343
-5.63809 -2.02165
-6.15334 -3.64065
-6.32454 -3.72354
-6.3587 -3.60054
-6.52896 -4.46957
-6.43257 -4.5225
-6.40003 -4.71199
-6.62429 -4.54176
-4.52913 -7.42679
-4.16461 -7.69624
-4.47703 -7.88132
-4.63356 -8.05185
-3.92958 -7.6504
-3.92892 -7.8312
-3.86227 -7.90135
-2.54002 -7.85541
-3.7825 -9.37846
-4.60725 -9.31357
-4.64868 -9.34866
-4.85092 -9.34436
-4.81166 -9.28239
-4.93451 -9.16221
-5.14433 -9.19053
-4.56917 -9.25899
-4.35409 -9.22217
-5.58939 -8.69822
-6.65915 -6.54829
-6.67688 -6.18695
-6.79631 -6.39625
-6.79032 -6.57017
-6.86474 -6.55373
-6.93145 -6.34942
-6.81971 -6.14869
-6.91729 -6.00127
-6.75457 -5.80951
-6.81718 -5.49086
-6.69774 -5.41976
-6.59 -5.6188
-6.11426 -2.21867
-6.17628 -2.08826
-5.54935 -0.469212
-5.387 -0.640661
-5.34783 -0.367117
-5.40425 -0.219007
-6.13725 -0.768827
-6.41921 -0.943346
-6.64209 -7.91063
-6.74619 -7.98031
-6.07308 -9.20769
-7.10186 -7.83577
-7.00922 -7.76517
-7.87935 -6.98864
-0.443337 -9.37018
-0.249211 -9.34473
-0.28395 -9.33787
-0.140722 -9.31602
-0.104222 -9.32803
0.0209293 -9.31372
-0.130689 -9.29095
0.168416 -9.32609
-0.256917 -9.35974
-0.498041 -9.38046
-0.668407 -9.38309
-0.866417 -9.42424
-1.08967 -9.41185
0.851002 -9.11833
0.720205 -8.99635
0.581119 -9.07398
0.362322 -9.0983
0.252971 -9.18098
0.130808 -9.10807
-0.123927 -9.09123
-0.215637 -8.99419
-0.527539 -9.09141
-0.28927 -9.1754
-0.00354671 -9.17047
1.04511 -8.04756
0.868813 -8.15368
0.90883 -8.19983
0.803976 -8.29397
0.716673 -8.35167
0.912228 -8.35146
1.12211 -8.15639
1.22519 -7.95074
1.31273 -8.10372
1.4138 -7.86493
1.51704 -8.02893
-6.67734 -8.50505
-6.8726 -8.41672
-6.88563 -8.61078
-7.03658 -8.44042
-7.06115 -8.61302
-7.17933 -8.50572
-7.27559 -8.39685
-7.2925 -8.52871
-7.15654 -8.68367
-7.2623 -8.6636
-7.34481 -8.62176
-7.47427 -8.4148
-7.48657 -8.48017
-7.40394 -8.6651
-7.46533 -8.59167
-7.20836 -8.80379
-7.21925 -8.74212
-7.07314 -8.87049
-6.98485 -8.75759
-6.81486 -8.77262
-6.95458 -8.97449
-7.42749 -2.49871
-7.36055 -2.34627
-7.32004 -2.17291
-7.28673 -1.99483
-7.22029 -2.02419
-7.28003 -2.25221
-7.15447 -1.83837
-7.2244 -1.83637
-7.34288 -2.45524
-7.34339 -2.59752
-7.41038 -2.64994
-7.4667 -2.67233
-6.51459 -0.282927
-6.56158 -0.466435
-6.42244 -0.143172
-4.53043 1.21333
-4.57268 1.11022
-6.69535 -0.923178
-4.73674 0.982753
-4.27302 0.768389
-4.40763 0.645272
