-7.59753 -3.17991
-7.42749 -2.49871
-7.28673 -1.99483
-7.2244 -1.83637
-6.51459 -0.282927
-6.42244 -0.143172
-6.12324 0.21905
-5.97794 0.381175
-5.82323 0.543788
-5.66056 0.711882
-5.37555 0.857747
-5.0877 0.993452
-4.80472 1.1127
-4.53043 1.21333
-4.26678 1.29454
-4.01318 1.36244
-3.76583 1.42357
-2.0544 1.72608
-1.71647 1.78452
-1.48379 1.81258
-1.26449 1.77983
-1.03994 1.72949
-0.820963 1.67616
-0.410532 1.57522
-0.0574331 1.43895
0.232094 1.16359
0.560688 0.71593
0.835939 0.277784
0.907444 0.149751
1.21103 -0.438059
1.456 -0.990898
1.62958 -1.44375
1.88791 -2.48016
2.01058 -3.02836
2.02848 -3.14123
2.05893 -3.37828
2.14206 -4.14405
2.16996 -4.42196
2.1866 -4.67946
2.22206 -5.71139
2.20993 -7.18406
2.11661 -7.71521
2.00754 -7.93036
1.93205 -8.06629
1.8514 -8.19463
1.73329 -8.35442
1.58046 -8.5446
1.38517 -8.75349
1.30982 -8.81436
1.0419 -9.02592
0.851002 -9.11833
0.576672 -9.23492
0.382903 -9.30432
0.168416 -9.32609
-0.866417 -9.42424
-3.33434 -9.48808
-4.077 -9.48255
-4.82941 -9.44514
-5.08051 -9.4319
-6.47266 -9.28572
-6.66962 -9.2583
-6.82993 -9.2033
-6.91938 -9.14464
-7.05135 -9.05261
-7.16377 -8.95667
-7.18783 -8.93592
-7.29353 -8.84161
-7.37704 -8.73024
-7.46533 -8.59167
-7.67706 -8.25166
-7.74206 -8.12078
-7.84722 -7.78778
-7.86603 -7.71211
-7.88653 -7.42913
-7.91309 -6.74785
-7.90681 -6.31465
-7.89857 -6.16782
