-1.49359 1.58554
-1.39033 1.68396
-1.49956 1.52318
-1.4143 1.5519
-1.33779 1.68519
-1.26825 1.81645
-1.245 1.77662
-1.16561 1.90575
-1.07497 1.99155
-0.991839 2.08086
-0.919882 2.18071
-0.81118 2.28211
-0.710277 2.39617
-0.801338 2.27802
-0.696623 2.40514
-0.670216 2.43774
-0.809523 2.26646
-0.958121 2.07064
-0.947735 2.10345
-0.808333 2.28633
-0.986081 2.01901
-1.11344 1.83344
-1.13871 1.82209
-1.23863 1.63514
-1.23271 1.6788
-1.14571 1.83531
-1.22045 1.76875
-1.07114 1.99444
-1.26817 1.79877
-1.35467 1.57561
-1.44949 1.54585
-1.50976 1.40376
-1.46583 1.37975
-1.63607 1.26624
-1.61109 1.33345
-1.73754 1.29557
-1.57912 1.41013
-1.64613 1.42972
-1.78821 1.38522
-1.61983 1.58802
-1.8576 1.45546
-1.8545 1.5766
-2.06208 1.41685
-1.99002 1.33204
-2.21799 1.27682
-2.10583 1.21719
-2.26385 1.16394
-2.20041 1.12265
-2.04997 1.16633
-2.12481 1.09108
-1.93912 1.173
-2.0179 1.08781
-1.82131 1.1671
-1.92666 1.25615
-1.91003 1.09168
-1.74395 1.15529
-1.61777 1.21034
-1.80312 1.11518
-1.65835 1.17878
-1.89688 1.10174
-2.03439 1.03588
-2.10571 1.03825
-2.27617 0.96548
-2.26791 0.997348
-2.41344 0.933452
-2.38531 0.985918
-2.14676 1.05277
-2.2636 1.06156
-2.45982 1.04495
-2.58838 0.962246
-2.5893 0.888203
-2.80395 0.868033
-2.69769 0.994095
-2.93927 0.883972
-2.85406 0.978675
-2.99595 0.916569
-3.1566 0.812643
-3.10207 0.773682
-2.96011 0.822585
-2.99376 0.757787
-3.2025 0.684957
-3.16483 0.667981
-2.86131 0.766622
-3.11348 0.659716
-3.39016 0.560284
-3.20902 0.61059
-3.40652 0.52091
-3.43058 0.514312
-3.18464 0.625645
-3.25342 0.611781
-3.45545 0.524065
-3.33877 0.609858
-3.56849 0.506981
-3.69321 0.410179
-3.74759 0.417149
-3.90394 0.338322
-3.8757 0.383387
-4.04291 0.288601
-4.06222 0.253079
-4.20319 0.202605
-4.17371 0.242204
-4.34134 0.163639
-4.29672 0.218356
-4.45522 0.14766
-4.41904 0.206122
-4.54976 0.15277
-4.56373 0.206753
-4.70339 0.138932
-4.61174 0.0963761
-4.80149 0.0760367
-4.67675 0.0543618
-4.83279 0.048957
-4.99202 0.118784
-4.92742 0.0561204
-4.77163 0.03111
-4.89933 0.0332834
-4.73306 0.0194631
-4.8477 0.0348239
-4.97707 0.0656896
-5.03859 0.0752432
-5.13465 0.132794
-5.16735 0.143935
-5.3429 0.221448
-5.32221 0.22893
-5.48252 0.300939
-5.53813 0.312639
-5.4524 0.268638
-5.59047 0.330104
-5.68556 0.371253
-5.64955 0.35813
-5.7747 0.394969
-5.76171 0.399284
-5.92775 0.417408
-5.84314 0.411244
-6.03481 0.413787
-5.94693 0.421481
-5.83006 0.42271
-5.99583 0.427292
-6.02437 0.418259
-6.11542 0.410251
-6.13565 0.423043
-6.01674 0.4509
-5.88912 0.446045
-5.89787 0.467322
-5.80492 0.446373
-5.75514 0.46018
-5.6942 0.424737
-5.61393 0.444559
-5.53611 0.370633
-5.65339 0.388638
-5.77689 0.430297
-5.69405 0.385743
-5.5462 0.323443
-5.47411 0.298489
-5.37601 0.252906
-5.27113 0.204225
-5.19731 0.19008
-5.29492 0.233852
-5.0976 0.17006
-5.21879 0.23817
-5.36563 0.299733
-5.39879 0.364642
-5.48522 0.421553
-5.34183 0.431567
-5.51145 0.491936
-5.33273 0.533772
-5.26079 0.467416
-5.19963 0.484176
-5.13192 0.57992
-5.08907 0.448575
-4.99959 0.504308
-4.96486 0.379
-5.04904 0.363088
-4.9505 0.287112
-5.06482 0.295739
-5.17332 0.410077
-5.23476 0.320103
-5.07356 0.21426
-4.96108 0.214595
-4.96677 0.179531
-4.96071 0.142435
-4.91077 0.0940155
-5.02273 0.12614
-4.89944 0.0870155
-4.92823 0.0815372
-5.03076 0.112499
-5.12522 0.156175
-4.82924 0.0612631
-4.73499 0.0418787
-4.75423 0.062784
-4.82618 0.0744286
-4.7419 0.0823269
-4.82318 0.102241
-4.69746 0.114746
-4.51992 0.157175
-4.63073 0.0801445
-4.50996 0.122496
-4.47881 0.118656
-4.60692 0.0557173
-4.44541 0.112132
-4.58688 0.0515962
-4.6891 0.0360789
-4.66054 0.0490655
-4.56901 0.0741416
-4.50856 0.0999855
-4.39227 0.117201
-4.28102 0.174467
-4.2554 0.204239
-4.06494 0.257762
-4.17007 0.206505
-3.95889 0.288653
-3.81517 0.350785
-3.86296 0.348045
-3.61679 0.438292
-3.74233 0.411688
-4.00775 0.29739
-4.04604 0.315872
-3.77168 0.436936
-3.90986 0.410996
-4.12347 0.318918
-4.00932 0.389067
-4.13744 0.356058
-4.29214 0.252713
-4.34315 0.261182
-4.50773 0.207899
-4.27883 0.380038
-4.46308 0.310913
-4.58417 0.251941
-4.51977 0.311666
-2.04156 1.40402
-1.88818 1.44374
-2.09662 1.34818
-1.93548 1.34313
-2.15155 1.2478
-1.90399 1.26005
-2.0815 1.15245
-1.87549 1.19659
-1.92873 1.13106
-2.01604 1.07989
-1.77113 1.17364
-1.75804 1.20365
-1.63081 1.2208
-1.49685 1.26745
-1.49147 1.2995
-1.39349 1.39899
-1.37245 1.46281
-1.33286 1.53426
-1.27913 1.57138
-1.33528 1.50847
-1.42244 1.37188
-1.39365 1.44734
-1.26309 1.63919
-1.22297 1.66884
-1.10456 1.85901
-0.955119 2.09223
-1.07413 1.95033
-1.17859 1.78423
-1.17142 1.85342
-1.30936 1.64056
-0.96882 2.10282
-1.43271 1.43794
-1.5209 1.43225
-1.5423 1.35461
-1.50633 1.31436
-1.63017 1.29296
-1.65264 1.35696
-1.73699 1.29175
-1.80025 1.33223
-1.77287 1.40162
-1.62379 1.44849
-1.59303 1.52638
-1.73804 1.48132
-1.74806 1.2461
-1.62448 1.25039
-1.5026 1.29844
-2.30706 1.13626
-2.37545 1.19647
-2.36485 1.27622
-2.54026 1.1929
-2.19962 1.34948
-4.09205 0.457198
-3.90216 0.540373
-4.05495 0.439368
-3.86791 0.479467
-3.67024 0.603593
-3.70836 0.627048
-3.5135 0.721036
-3.31636 0.816632
-3.11664 0.910104
-3.42059 0.702392
-3.35863 0.673963
-3.51134 0.624788
-3.62249 0.587838
-3.64355 0.538125
-3.46344 0.559497
-2.91789 1.00378
-2.72588 1.10248
-2.51685 1.11279
-7.5839 1.74288
-7.69001 1.87556
-7.67835 1.80273
-7.77146 1.92105
-7.82393 1.91557
-7.85736 2.0119
-7.80517 2.01132
-7.92778 2.1487
-8.48132 2.93018
-8.55728 3.04066
-8.82538 3.59537
-8.84161 3.56901
-8.77711 3.47257
-8.78953 3.44974
-8.81311 3.64876
-8.79782 3.49316
-8.78341 3.64119
-8.77746 3.71633
-8.7533 3.79666
-8.69645 4.06458
-8.54645 4.57745
-8.61094 4.31392
-8.60211 4.2702
-8.67828 4.05161
-8.63765 4.05065
-8.69707 3.83066
-8.63449 3.83917
-8.6667 3.72332
-8.69852 3.6281
-8.72593 3.68762
-8.73793 3.51682
-8.68709 3.41399
-8.70698 3.21066
-8.74923 3.32707
-8.77798 3.49139
-8.75924 3.25462
-8.77322 3.35136
-8.74502 3.16852
-8.73646 3.26533
-8.75232 3.32992
-8.72417 3.16955
-8.69762 3.24246
-8.74099 3.37208
-8.7139 3.30301
-8.73736 3.40356
-8.77007 3.45546
-8.71434 3.34752
-8.79808 3.49868
-8.66956 3.26415
-8.62518 3.17069
-8.66147 3.14688
-8.63224 3.04092
-8.58758 2.96772
-8.50036 2.87779
-8.53649 2.78063
-8.64425 2.91794
-8.55711 2.63762
-8.64136 2.75982
-8.70233 2.9872
-8.68856 3.09241
-8.72283 3.08476
-8.68966 2.88721
-8.71465 3.00942
-8.73068 3.03007
-8.68262 2.84618
-8.64818 2.75106
-8.69996 3.00464
-8.74021 3.16371
-8.66884 3.00638
-8.64474 3.04841
-8.64172 3.21174
-8.60858 3.05403
-8.58954 2.90103
-8.6356 2.91009
-8.57708 2.7502
-8.50213 2.71454
-8.53616 2.94636
-8.4603 2.73406
-8.38017 2.45291
-8.47607 2.52712
-8.3818 2.30038
-8.28237 2.15776
-8.30338 2.06602
-8.44459 2.34001
-8.35499 2.13123
-8.4431 2.29089
-8.3594 2.10516
-8.45061 2.28178
-8.50642 2.39992
-8.48805 2.37806
-8.41361 2.24739
-8.41373 2.19685
-8.46114 2.29063
-8.41646 2.18842
-8.5195 2.38696
-8.46456 2.27161
-8.48606 2.36791
-8.40766 2.14158
-8.39854 2.19103
-8.32082 2.00233
-8.30656 2.02997
-8.21298 1.86331
-8.16199 1.88875
-8.09461 1.69859
-7.92257 1.62393
-8.04033 1.82973
-7.81166 1.68826
-7.97111 1.92493
-8.13289 1.95988
-8.16487 2.06554
-8.10755 2.13535
-7.95746 2.06942
-7.72286 1.74711
-8.06227 2.27508
-8.21557 2.29554
-8.19565 2.35154
-8.19803 2.40084
-8.29803 2.44579
-8.31818 2.5426
-8.33308 2.53667
-8.37051 2.67054
-8.36885 2.5275
-8.44715 2.67147
-8.42606 2.79474
-8.43413 2.50419
-8.4809 2.61187
-8.47949 2.47448
-8.4733 2.39727
-8.5444 2.56026
-8.59771 2.60248
-8.65424 2.75572
-8.65792 2.74511
-8.60747 2.61373
-8.57377 2.53253
-8.53458 2.49533
-8.55618 2.62075
-8.63714 2.84356
-8.43131 2.35166
-8.42251 2.39549
-8.35489 2.29141
-8.35066 2.38193
-8.25212 2.21495
-8.28673 2.15334
-8.3697 2.21198
-8.27012 2.06908
-8.21476 2.03556
-7.56731 1.5411
-7.64225 1.46476
-7.33372 1.28255
-7.41213 1.44483
-7.49559 1.59562
-7.24278 1.12632
-7.48762 1.26199
-7.38638 1.11979
-7.57673 1.20219
-7.72507 1.3922
-7.9042 1.47383
-7.98756 1.56844
-7.93007 1.45046
-7.80208 1.34025
-7.83294 1.31004
-7.97297 1.44781
-7.93193 1.37067
-8.08809 1.57331
-8.03839 1.57278
-8.15006 1.709
-8.18755 1.7403
-8.205 1.72786
-8.26626 1.881
-8.24931 1.85182
-8.33099 1.96832
-8.34675 2.03051
-8.31803 1.99267
-8.26612 1.85906
-8.24868 1.88147
-8.15525 1.66978
-8.10666 1.64093
-8.17013 1.81319
-8.2155 1.94621
-8.1009 1.78719
-8.05886 1.63733
-7.95925 1.55367
-7.96184 1.44783
-8.02268 1.47426
-7.8495 1.27958
-7.94725 1.37125
-8.07221 1.51482
-7.80094 1.23397
-7.74172 1.20412
-7.58701 1.08257
-7.546 1.06576
-7.35694 0.936333
-7.33601 0.933946
-7.20003 0.85008
-7.11906 0.810893
-7.0551 0.757601
-6.91575 0.678854
-6.9324 0.673319
-7.13564 0.802165
-7.04793 0.747131
-7.21729 0.858733
-7.40207 0.977219
-7.30361 0.939371
-7.49651 1.03967
-7.664 1.12402
-7.47115 1.03307
-7.643 1.12808
-7.78654 1.25577
-7.64571 1.17706
-7.48726 1.07576
-7.43102 1.0203
-7.27994 0.948985
-7.23851 0.907124
-7.10758 0.824282
-7.17233 0.854195
-7.05705 0.770972
-6.91136 0.6867
-6.98792 0.73994
-6.69883 0.612047
-6.71519 0.584846
-6.89289 0.663984
-6.7176 0.561286
-6.7861 0.582845
-6.66956 0.512463
-6.53349 0.460636
-6.58973 0.475243
-6.74518 0.557572
-6.66557 0.523214
-6.48951 0.466467
-6.43762 0.43692
-6.3313 0.445379
-6.34721 0.479342
-6.43034 0.507026
-6.23555 0.54376
-6.35466 0.552278
-6.48003 0.550202
-6.56867 0.570914
-6.49656 0.559694
-6.37641 0.57593
-6.11546 0.631605
-6.24944 0.600243
-6.08032 0.590648
-6.13177 0.542932
-6.17854 0.489757
-6.03285 0.556227
-6.04999 0.503463
-5.93835 0.544311
-5.86153 0.615155
-5.83691 0.563039
-5.76396 0.591186
-5.67793 0.62799
-5.72432 0.677148
-5.8183 0.679952
-5.97695 0.669497
-5.8349 0.70123
-5.69229 0.729354
-4.86911 0.426499
-4.73548 0.363448
-4.66665 0.335923
-4.59517 0.317457
-4.68454 0.284538
-4.71681 0.20946
-4.81122 0.284463
-4.7402 0.334204
-4.84307 0.203351
-4.88307 0.153977
-4.74723 0.149192
-4.63716 0.182578
-4.62805 0.149192
-5.26582 0.649693
-5.40535 0.69965
-5.54694 0.731818
-5.56963 0.684259
-5.41561 0.648633
-5.53084 0.622527
-5.6043 0.591409
-5.68493 0.577874
-5.62403 0.54405
-5.75411 0.540028
-5.68233 0.49378
-5.81981 0.498457
-5.86239 0.530287
-5.95807 0.493039
-6.02379 0.460654
-6.09963 0.466892
-6.13188 0.441393
-6.21171 0.445608
-6.2748 0.421234
-6.25787 0.406742
-6.38287 0.421574
-6.38869 0.422618
-6.53309 0.487953
-6.36516 0.44069
-6.44433 0.474205
-6.56569 0.522273
-6.43989 0.495305
-6.47905 0.545544
-6.65957 0.650161
-6.85423 0.722955
-6.78809 0.724699
-6.95045 0.798843
-6.85059 0.789284
-7.02877 0.880768
-6.94274 0.905444
-7.11099 0.967546
-7.11212 1.04433
-7.28126 1.07836
-7.20219 0.982168
-7.39634 1.09049
-7.29807 0.997638
-7.64661 1.22459
-7.47562 1.18167
-7.63181 1.30667
-7.79888 1.40498
-7.76717 1.47871
-7.88483 1.55931
-7.8744 1.65883
-8.00678 1.73943
-7.97873 1.86378
-8.06825 1.92703
-8.08618 2.06541
-8.16037 2.07714
-8.11324 1.8954
-8.18193 1.99499
-8.23716 2.1494
-8.24825 2.30004
-8.15611 2.23138
-8.20723 2.45547
-8.30213 2.49834
-8.38307 2.67228
-8.28991 2.63749
-8.33928 2.83425
-8.22323 2.75707
-8.29983 2.98502
-8.19721 3.06416
-8.30062 3.24408
-8.37791 3.0749
-8.39457 3.34115
-8.44834 3.17199
-8.48808 3.39885
-8.51865 3.15716
-8.55939 3.3598
-8.55062 3.55518
-8.59867 3.51423
-8.59303 3.69039
-8.64741 3.59553
-8.61369 3.3769
-8.59142 3.17879
-8.55701 3.90007
-8.58191 4.09517
-8.49464 4.14996
-8.48352 4.39
-8.58772 4.25167
-8.51962 4.48114
-8.43077 4.70162
-8.44985 4.77337
-8.43211 4.92126
-8.38751 4.97223
-8.3106 5.21679
-8.32985 5.26756
-6.92804 8.35735
-7.01114 8.20332
-7.09741 8.04288
-7.04281 8.04019
-7.18075 7.88368
-7.28847 7.75276
-7.27947 7.74512
-7.39376 7.62071
-7.33886 7.58239
-7.51927 7.38443
-7.61686 7.14214
-7.71001 6.91565
-7.57007 7.10274
-7.47413 7.22929
-7.50778 7.11082
-7.56943 6.98602
-7.50652 7.03617
-7.57308 6.88996
-7.48994 6.97642
-7.43884 7.17115
-7.39456 7.08038
-7.32594 7.30402
-7.38749 7.37428
-7.22602 7.55004
-7.16084 7.79288
-7.07718 7.79968
-7.05448 7.67857
-7.14564 7.478
-7.25997 7.29783
-7.1569 7.29737
-7.31593 6.99285
-7.49196 6.76333
-7.47703 6.9349
-7.53648 6.82924
-7.57355 6.79907
-7.65417 6.57129
-7.6879 6.66096
-7.64845 6.82597
-7.75821 6.66161
-7.84075 6.44258
-7.89262 6.5134
-7.93204 6.35173
-7.96391 6.22268
-8.02181 6.19948
-7.95803 6.38756
-8.07788 6.02685
-8.13755 5.84181
-8.01958 6.06039
-8.11227 5.79597
-8.21102 5.55534
-8.22768 5.60981
-8.13728 5.59453
-8.27445 5.21578
-8.3594 4.97564
-8.31844 4.97656
-8.35507 4.7025
-8.21025 5.02023
-8.16199 5.32326
-8.07794 5.31764
-8.03045 5.54903
-8.0436 5.66091
-7.89746 5.87274
-7.951 5.96019
-8.04207 5.92268
-7.94573 6.09509
-7.89281 6.25527
-7.8281 6.27939
-7.77986 6.44153
-7.77846 6.22894
-7.63916 6.44645
-7.57374 6.42614
-7.42601 6.70768
-7.42518 6.52436
-7.62906 6.09374
-7.6742 6.16232
-7.78983 5.91575
-7.85994 5.5496
-7.94976 5.59292
-8.00053 5.36607
-8.09187 5.12466
-7.98388 5.26887
-8.03766 5.07872
-8.20645 4.76417
-8.06015 4.91295
-7.93303 5.18387
-7.95392 5.26765
-7.78284 5.45746
-7.68718 5.77864
-7.6163 5.70755
-7.54493 6.03659
-7.47201 6.28493
-7.38434 6.29714
-7.46921 6.00357
-7.32422 6.14281
-7.18878 6.54402
-7.29534 6.58828
-7.38984 6.42905
-7.27956 6.8181
-7.3567 6.77191
-7.15939 7.09509
-7.13486 6.89303
-7.0374 7.1862
-7.0342 7.35725
-7.03574 7.52154
-6.90747 7.59045
-6.93639 7.71869
-6.88161 7.95618
-6.79433 7.82853
-6.66639 8.09291
-6.65911 8.32759
-6.85594 8.19205
-7.01168 7.96393
-6.93113 8.2465
-6.79259 8.41174
-6.80728 8.49322
-6.69601 8.62187
-6.44455 8.91088
-6.32257 9.06958
-6.37493 8.86174
-6.50117 8.66125
-6.58622 8.75967
-6.6479 8.52353
-6.73351 8.37263
-6.45883 8.51641
-6.54031 8.31338
-6.3918 8.3999
-6.52978 8.17745
-6.45309 8.14116
-6.62571 7.92713
-6.53754 7.90114
-6.67147 7.67186
-6.53119 7.71834
-6.71593 7.39465
-6.53812 7.54831
-6.60363 7.39397
-6.67935 7.19361
-6.47264 7.47206
-6.52923 7.19064
-6.31307 7.47765
-6.25167 7.7516
-6.35762 7.80667
-6.19944 7.95255
-6.12916 8.22848
-6.37676 8.02849
-6.24868 8.37823
-6.03883 8.6023
-6.13522 8.63978
-6.02539 8.80452
-6.14507 8.79714
-6.24508 8.58362
-6.30192 8.65393
-6.23855 8.81993
-6.36205 8.74467
-6.25802 8.93201
-6.12426 8.9701
-6.13514 9.13184
-6.21629 9.20491
-6.0919 9.32963
-5.9489 9.30812
-6.01081 9.12538
-5.89223 9.20491
-5.97283 9.02441
-5.76587 9.16912
-5.85995 8.90419
-5.70872 9.06859
-5.69137 8.92025
-5.87692 8.62295
-5.68022 8.66076
-5.90061 8.37294
-5.79412 8.28394
-6.04275 8.05253
-5.93154 8.01455
-6.08864 7.78204
-5.93616 7.90196
-5.98555 7.7625
-6.13126 7.54268
-6.35343 7.15094
-6.11145 7.38129
-6.16978 7.11617
-6.35774 6.82805
-6.15857 6.79382
-6.36784 6.57255
-6.27037 6.35335
-6.47544 6.32855
-6.537 6.51678
-6.61999 6.21615
-6.70227 6.30314
-6.81554 5.96664
-6.54613 5.95455
-6.75988 5.76821
-6.94028 5.56195
-7.09996 5.68684
-7.14718 5.38387
-7.32348 5.28949
-7.23829 5.13393
-7.07931 5.26619
-7.11191 4.98463
-6.88277 5.27612
-6.72548 5.59901
-6.64679 5.40516
-6.55636 5.63335
-6.39609 5.70807
-6.25386 5.98096
-6.06986 6.22659
-5.95665 6.55401
-5.94495 6.31778
-5.93873 6.16459
-6.03945 5.95777
-5.8378 5.99488
-5.94473 5.69286
-6.19076 5.64748
-6.05726 5.37093
-6.3135 5.27519
-6.35285 5.50717
-6.41093 5.39357
-6.51483 5.28709
-6.52723 5.01546
-6.34307 4.93326
-6.13935 5.02025
-6.24566 4.72896
-6.51237 4.62726
-6.25444 4.37729
-6.51041 4.27375
-6.3666 4.10657
-6.53913 4.02454
-6.39581 3.83322
-6.70307 3.78462
-6.53213 3.59348
-6.35732 3.55771
-6.55429 3.29894
-6.71327 3.50217
-6.87684 3.27889
-6.74146 3.09367
-6.60261 3.06925
-6.70171 2.91224
-6.99458 2.92558
-6.8402 2.69371
-7.01088 2.68491
-7.19704 2.6712
-7.00472 2.49595
-7.21431 2.45201
-7.09901 2.28458
-7.37719 2.34924
-7.34819 2.536
-7.50714 2.59526
-7.67913 2.47547
-7.49983 2.12496
-7.75735 2.17192
-7.56188 1.8961
-7.72625 1.90924
-7.86292 2.05501
-7.80919 1.90413
-7.72392 1.74348
-7.56888 1.69184
-7.49893 1.45804
-7.7421 1.59705
-7.80903 1.74354
-7.88488 1.901
-7.86302 1.74858
-8.01459 2.03925
-7.97506 2.11502
-8.08037 2.25202
-7.95845 2.31354
-8.10229 2.53574
-8.09408 2.83536
-7.98655 2.61751
-7.96095 2.92262
-8.0727 3.14624
-8.15772 3.46254
-8.01124 3.42316
-8.05617 3.69847
-8.12823 3.7208
-8.08945 3.89538
-7.9713 4.02109
-8.09434 4.20012
-8.18701 3.83065
-8.22812 4.08116
-8.29099 3.86536
-8.33508 4.02133
-8.2466 4.28852
-8.37324 4.2006
-8.28311 4.43635
-8.37321 4.43212
-8.20008 4.53166
-8.11524 4.70552
-8.12057 4.49398
-7.99654 4.86377
-7.98916 4.61527
-7.86423 4.98265
-7.85614 5.16247
-7.73977 5.33205
-7.69489 5.15073
-7.60275 5.50307
-7.48051 5.79471
-7.49386 5.52366
-7.36965 5.86568
-7.224 6.08559
-7.14572 6.37424
-7.05488 6.33104
-7.14369 6.01679
-7.3021 5.76057
-7.18584 5.79568
-7.26675 5.59349
-7.08388 5.93429
-6.97159 6.00459
-6.99292 6.1847
-6.83867 6.26105
-6.85265 6.56082
-6.96986 6.57494
-6.85826 6.84302
-7.03947 6.62064
-7.05305 6.4848
-7.00867 6.85941
-6.94116 7.14117
-6.84593 7.08649
-6.87285 7.4309
-6.69308 6.98542
-6.76062 6.8201
-6.63085 6.8679
-6.68446 6.5525
-6.51581 6.78719
-7.39442 5.4548
-7.54374 5.12203
-7.46025 4.92952
-7.63687 4.67824
-7.71219 4.8456
-7.80396 4.54139
-7.8426 4.75314
-7.93528 4.39745
-7.86253 4.26021
-7.82424 4.02354
-7.90794 3.67563
-7.74567 3.77107
-7.77934 3.41077
-7.91273 3.36809
-7.97023 3.19783
-7.86672 3.13136
-7.8544 2.8855
-7.86264 2.67756
-7.77257 2.74688
-7.86322 2.44684
-7.65836 2.75931
-7.76478 2.97213
-7.6476 2.96706
-7.69643 3.16995
-7.78455 3.17066
-7.61364 3.38356
-7.65958 3.60671
-7.49745 3.64386
-7.6145 3.82087
-7.65166 4.08912
-7.46225 3.99788
-7.48119 4.29998
-7.61881 4.39897
-7.74226 4.32862
-7.50113 4.61737
-7.38562 4.5686
-7.33551 4.84796
-7.35044 5.04705
-7.22707 4.67211
-7.29374 4.41415
-7.14162 4.50837
-7.10318 4.25942
-7.03022 4.49177
-7.00921 4.71042
-6.83861 4.49076
-6.75995 4.82742
-6.9051 4.98723
-6.71223 5.13417
-6.65697 4.38248
-6.77301 4.14714
-7.06303 3.83637
-6.92562 3.56332
-7.09403 3.58824
-7.09721 3.40421
-7.26552 3.5552
-7.27024 3.27463
-7.10324 3.17833
-7.25247 3.02452
-7.39499 3.14895
-7.41638 2.98905
-7.54517 3.11858
-7.4451 3.35158
-7.51464 2.84114
-7.33616 2.83484
-7.39345 2.68281
-7.2033 2.85567
-7.32066 3.80656
-7.27032 4.01342
-7.35584 4.18535
-7.44347 4.15705
-8.1707 4.26552
-8.45841 3.88296
-8.36318 3.79457
-8.43049 3.60584
-8.48985 3.63579
-8.53278 3.73454
-8.30204 3.58929
-7.62347 1.40049
-7.41199 1.22705
-7.20089 1.20635
-7.22708 1.35902
-7.40585 1.52011
-7.26029 1.48902
-7.40043 1.66348
-7.32908 1.84217
-7.177 1.59709
-7.01099 1.76854
-7.20624 2.06639
-6.84124 2.10429
-6.91745 2.32448
-6.7352 2.45924
-6.50412 2.28723
-6.43351 2.63129
-6.62323 2.73209
-6.45976 2.97956
-6.09834 2.89211
-6.23842 3.31776
-5.8988 3.42875
-6.12495 3.74591
-5.87627 3.85764
-5.99371 4.19836
-6.21166 4.04765
-6.01826 4.68665
-5.81019 4.53971
-5.83304 4.84115
-5.90959 5.1076
-5.86436 5.44538
-5.72467 5.3129
-5.75421 5.03629
-5.61533 5.07539
-5.69934 4.81751
-5.58528 4.84856
-5.60595 4.55218
-5.41208 4.94089
-5.44825 4.44817
-5.54808 4.12712
-5.38424 4.15094
-5.44197 3.71436
-5.20282 4.00278
-5.27538 4.48763
-5.13224 4.38768
-5.15419 4.59651
-5.14781 4.86844
-5.17948 5.24248
-5.28563 5.43569
-5.50483 5.45382
-5.29374 5.76965
-5.47415 5.8891
-5.70917 5.70752
-5.60541 6.11944
-5.80276 6.31122
-5.59791 6.45172
-5.73967 6.57476
-5.73317 6.86513
-5.91504 6.9674
-6.01234 7.11945
-5.81255 7.31038
-5.96397 7.38431
-5.73716 7.64495
-5.90056 7.69775
-5.66521 7.9243
-5.72994 8.0223
-5.48745 8.27518
-5.66523 8.24281
-5.53856 8.54089
-5.81841 8.0637
-5.35145 8.6185
-5.35329 8.82665
-5.48682 8.81701
-5.51599 8.98668
-5.379 9.00303
-5.33789 9.23894
-5.56328 9.19669
-5.39652 9.4404
-5.58679 9.37644
-5.75342 9.38666
-5.58968 9.50934
-5.6579 9.56214
-5.81033 9.55462
-5.63941 9.69553
-5.9468 9.41863
-3.66295 10.1592
-3.48772 10.1359
-3.58957 10.0479
-3.4494 10.0694
-3.40282 9.99232
-3.32157 10.1014
-3.2245 9.96987
-3.16623 10.0595
-3.05431 9.96802
-3.01824 10.0535
-2.89839 9.9894
-2.79102 9.92005
-2.93121 9.88259
-2.80494 9.79252
-2.66745 9.85993
-2.55093 9.81813
-2.29319 9.72617
-2.20776 9.63465
-2.45847 9.73732
-2.65084 9.72077
-2.58222 9.52085
-2.84271 9.60823
-2.72927 9.39469
-2.91094 9.41523
-2.83241 9.22598
-2.64233 9.24135
-2.70169 9.09848
-2.56143 9.11621
-2.60946 8.95341
-2.85932 8.94647
-2.69865 8.7449
-2.47826 8.74266
-2.61635 8.5712
-2.48338 8.47251
-2.65099 8.32341
-2.78362 8.51718
-2.86292 8.26138
-2.7533 8.04562
-2.95918 7.96424
-3.04572 8.17296
-3.18329 7.87401
-3.23344 8.23154
-3.39831 7.93286
-3.3465 7.64839
-3.49154 7.58966
-3.40794 7.38578
-3.57573 7.21427
-3.64179 7.51034
-3.59809 7.80512
-3.79224 7.64224
-3.77216 7.29058
-3.98253 7.39312
-3.92476 7.07619
-4.05013 7.14832
-4.09251 6.9416
-4.21619 7.20898
-4.35403 6.83752
-4.09742 6.62562
-4.31597 6.42432
-4.56118 6.57612
-4.54609 6.18212
-4.77195 6.4372
-4.73186 6.68456
-4.83347 6.64862
-4.97989 6.59141
-4.94305 6.28237
-4.79804 6.06624
-5.0667 6.00392
-5.09417 6.29667
-5.2809 6.13147
-5.12755 5.666
-4.92389 5.77692
-5.00937 5.47728
-5.15859 5.46941
-5.01906 5.18104
-4.80878 5.30081
-4.82503 5.59594
-4.67671 5.57083
-4.7193 5.7936
-4.63261 5.95354
-4.48924 5.75092
-4.27089 6.05021
-4.18541 5.67198
-4.36015 5.38163
-4.57243 5.35464
-4.48173 5.17008
-4.64343 4.89816
-4.92108 4.93562
-4.85615 4.67661
-5.02201 4.60529
-4.90997 4.48686
-4.97359 4.21891
-4.76571 4.41879
-4.76874 3.96923
-4.97802 3.66107
-4.72695 3.51996
-4.90206 3.22462
-4.6953 3.04076
-4.94156 2.75043
-4.7441 2.57843
-4.89194 2.31062
-5.04434 2.29216
-5.13713 2.56298
-5.09202 2.88401
-5.24923 2.88972
-5.1231 3.11365
-5.21165 3.40549
-5.45312 3.14818
-5.43186 2.71924
-5.5369 2.88128
-5.59703 2.63797
-5.71606 2.98211
-5.72018 2.71031
-5.86279 2.68833
-5.74289 2.48507
-5.93445 2.37157
-6.01891 2.60788
-6.20112 2.43494
-6.09567 2.08266
-5.90496 2.03535
-5.99148 1.92006
-6.08204 1.80365
-6.26889 1.86669
-6.18427 1.57017
-6.04224 1.65289
-5.9856 1.51481
-6.07056 1.35023
-5.86756 1.27078
-5.8302 1.56936
-5.93216 1.75977
-5.73966 1.88665
-5.77901 2.20669
-5.62918 2.25549
-5.48754 2.38213
-5.50661 1.95372
-5.3242 2.35568
-5.30737 1.8195
-5.4606 1.56817
-5.65133 1.50295
-5.48898 1.24181
-5.66526 1.18212
-5.57384 1.00405
-5.74527 0.995697
-5.9225 1.03218
-6.06864 1.15567
-6.0642 0.941631
-6.22265 1.10807
-6.28777 0.997851
-6.17935 0.866373
-6.35048 0.864356
-6.15929 0.778621
-6.19821 0.699751
-6.36341 0.750973
-6.30786 0.676832
-6.20724 0.578943
-6.37993 0.642782
-6.43613 0.725088
-6.49975 0.690008
-6.48168 0.640205
-6.64192 0.701283
-6.5341 0.603113
-6.39334 0.57546
-6.27891 0.520389
-6.1289 0.499444
-5.9982 0.503719
-5.98916 0.591739
-5.80436 0.479403
-5.87746 0.452078
-6.01586 0.449718
-5.8685 0.420975
-6.06223 0.429041
-6.16933 0.474329
-6.24456 0.448195
-6.32193 0.485382
-6.32074 0.443323
-6.15598 0.417928
-6.26839 0.42435
-6.22888 0.415506
-5.72287 0.410015
-5.71981 0.4037
-5.62617 0.369122
-5.62129 0.381943
-5.50682 0.334994
-5.52706 0.355959
-5.6319 0.408336
-5.62213 0.482286
-5.79811 0.559424
-5.69859 0.597117
-5.89258 0.669261
-6.05305 0.699199
-6.04432 0.782203
-5.9218 0.789117
-5.85256 0.875463
-5.74994 0.722736
-5.70948 0.830343
-5.62171 0.873792
-5.56889 0.739804
-5.5103 0.852221
-5.41261 0.970056
-5.36194 0.745455
-5.223 0.915816
-5.2997 1.18324
-5.3561 1.43443
-5.21049 1.48559
-5.11614 1.86958
-5.18486 2.17609
-4.98839 2.05106
-4.98361 1.77931
-5.07532 1.54364
-4.95634 1.48565
-4.84743 1.77301
-4.89133 2.01187
-4.73053 2.15513
-4.71241 1.80018
-4.79405 1.48641
-4.58031 1.65704
-4.68461 1.34542
-4.81044 1.22403
-4.71626 1.12043
-4.48342 1.34923
-4.57539 0.990394
-4.77133 0.920378
-4.89658 1.02918
-4.87493 0.817987
-4.72901 0.769948
-4.89799 0.648686
-4.67883 0.59405
-4.4914 0.787927
-4.45051 0.583877
-4.34093 0.752768
-4.20861 0.716292
-4.29449 0.527252
-4.44168 0.407407
-4.26072 0.420138
-4.42063 0.294325
-4.58866 0.300348
-4.72351 0.229996
-4.76256 0.332887
-4.87891 0.27884
-4.85793 0.193855
-5.02052 0.273689
-4.98068 0.324262
-5.08545 0.368005
-5.20648 0.347638
-5.15051 0.278792
-4.98341 0.202366
-5.08895 0.205341
-4.94127 0.144349
-5.17151 0.20938
-5.12394 0.158374
-5.22792 0.210817
-5.29727 0.254956
-5.3589 0.266508
-5.40224 0.305128
-5.30263 0.293636
-5.46969 0.378949
-5.30899 0.344252
-5.40744 0.437594
-5.2505 0.456431
-5.42811 0.582465
-5.54829 0.543304
-5.59744 0.631211
-5.25565 0.577964
-5.12531 0.662448
-5.10831 0.484698
-4.94392 0.38158
-4.98104 0.513625
-4.81758 0.465432
-5.0246 0.854439
-5.08254 1.19482
-4.91675 1.25806
-4.62614 0.427019
-5.25036 0.201652
-5.16484 0.165795
-5.06522 0.106832
-5.01755 0.0701056
-4.85352 0.145324
-4.24923 0.310095
-4.11761 0.433613
-4.10275 0.377724
-4.13753 0.307159
-3.98706 0.406405
-4.01147 0.341531
-3.83487 0.448298
-3.69044 0.487465
-3.63216 0.578613
-3.82775 0.54401
-3.60141 0.682564
-3.72984 0.661842
-3.63894 0.797358
-3.42182 0.801719
-3.30109 0.953142
-3.52321 1.02242
-3.23617 1.11694
-3.30376 1.24819
-3.61294 1.1781
-3.81972 0.970579
-3.87989 1.10472
-3.72005 1.3279
-3.94576 1.18422
-3.9955 1.31439
-3.74173 1.5517
-3.97565 1.57205
-4.17487 1.36073
-4.18035 1.20334
-4.33962 1.16198
-4.31284 1.35667
-4.20982 1.58335
-4.37328 1.69745
-4.38117 2.03391
-4.58683 1.98903
-4.50892 2.35809
-4.25386 2.48654
-4.38881 2.69266
-4.21536 2.90291
-4.39045 3.01938
-4.5585 2.73894
-4.52672 3.05031
-4.46167 3.42263
-4.18747 3.34631
-4.22578 3.76445
-4.38353 3.85832
-4.24058 4.19491
-4.43668 4.12898
-4.56275 3.8372
-4.59967 4.19341
-4.48355 4.36369
-4.36123 4.3985
-4.44129 4.64323
-4.58635 4.49943
-4.36995 5.01661
-4.21548 4.69732
-4.09536 5.28217
-3.99816 4.87055
-4.02339 4.48107
-4.0477 4.07339
-3.83734 4.29701
-3.80332 4.74026
-3.66428 4.50913
-3.65224 4.24941
-3.75487 3.99261
-3.52568 3.98501
-3.71109 3.67326
-3.50867 3.56463
-3.71355 3.28036
-3.51807 3.29085
-3.5533 2.97542
-3.28346 3.35822
-3.316 2.94681
-3.42028 2.58964
-3.74355 2.54508
-3.64495 2.18693
-3.30971 2.22842
-3.47501 1.99494
-3.67849 1.91561
-3.92158 1.87348
-3.77656 1.74036
-4.17382 1.92633
-3.94923 2.20007
-4.16114 2.21878
-4.01049 2.50466
-4.06936 2.7724
-3.8507 2.86347
-3.98403 3.15323
-3.99016 3.48162
-4.04022 3.72795
-3.87863 3.72266
-3.91215 3.9693
-3.85747 3.46258
-3.55135 1.77834
-3.43694 1.57486
-3.20529 1.88854
-3.15463 1.61421
-3.28861 1.4971
-3.41998 1.37596
-3.16146 1.43061
-3.11557 1.33551
-3.04715 1.25608
-2.95928 1.41013
-2.81374 1.34554
-2.71481 1.53383
-2.92631 1.57744
-2.65854 1.77605
-2.94841 1.75871
-2.81708 1.99496
-2.98513 2.25173
-3.1327 2.5286
-2.8455 2.61055
-3.01218 2.79969
-2.76324 3.0657
-3.08353 3.0732
-3.2044 2.77818
-2.89043 3.53794
-3.09336 3.71646
-3.2952 3.80397
-3.07534 4.04324
-3.2951 4.16354
-3.47203 4.41185
-3.26906 4.43058
-3.33278 4.69296
-3.55184 4.8041
-3.37789 4.98051
-3.50198 5.2179
-3.29176 5.25159
-3.38124 5.49879
-3.19314 5.62603
-3.3564 5.8192
-3.51719 5.58327
-3.50228 5.91978
-3.35052 6.19534
-3.49748 6.21331
-3.40477 6.58292
-3.61441 6.36633
-3.63414 6.0248
-3.77357 6.1402
-3.79217 5.835
-3.89648 5.96114
-3.91797 6.17066
-3.83746 6.50305
-4.07545 6.28767
-4.04919 5.97246
-3.93542 6.80375
-3.76266 6.9316
-3.59184 6.76702
-3.40303 7.05191
-3.21819 6.96554
-3.23033 7.41735
-3.00746 7.28897
-3.04975 7.65846
-2.83328 7.69203
-2.76138 7.3499
-2.84874 7.0057
-2.66632 7.1353
-2.66984 6.91926
-2.77056 6.74558
-2.95268 6.67996
-2.79876 6.45047
-2.55202 6.65979
-2.56105 6.26308
-2.75117 6.17844
-2.93682 6.17187
-2.82135 5.96799
-3.00336 5.87449
-2.87018 5.75423
-2.71573 5.76951
-2.78848 5.53752
-2.98398 5.57148
-2.90775 5.3502
-3.06968 5.24903
-2.89279 5.13981
-2.93702 4.8732
-3.19118 4.93672
-3.10329 4.57814
-2.85692 4.51434
-2.99143 4.3156
-3.14428 4.30539
-2.80312 4.16606
-2.92536 3.86413
-2.7805 3.87902
-2.65525 3.80859
-2.534 3.56693
-2.4309 4.02557
-2.63882 4.02952
-2.54644 4.27261
-2.66484 4.44695
-2.6743 4.74058
-2.47736 4.58539
-2.46921 4.91911
-2.61538 4.92881
-2.74632 4.99796
-2.60038 5.10995
-2.75727 5.25351
-2.59075 5.41551
-2.65461 5.61161
-2.54779 5.70181
-2.62174 5.97581
-2.37187 5.90959
-2.28262 6.35504
-2.14678 5.98363
-2.13695 5.5611
-2.38152 5.49085
-2.27028 5.16516
-2.45273 5.21095
-2.25079 4.78258
-2.01022 5.08669
-2.01792 4.59542
-2.3062 4.40875
-2.14606 4.21614
-2.19975 3.86493
-2.04141 4.09251
-1.89368 4.28626
-1.92764 3.96559
-1.69221 4.12742
-1.68969 4.39933
-1.79048 4.55743
-1.77624 4.8568
-1.5952 4.64167
-1.52176 5.03967
-1.76091 5.25062
-1.58686 5.51598
-1.77618 5.59197
-1.71748 5.89543
-1.93454 5.86186
-1.91676 5.46218
-1.85895 6.31961
-2.05329 6.22733
-2.07245 6.6109
-1.89006 6.84472
-2.09108 7.1036
-1.92505 7.31783
-2.05386 7.56475
-2.2113 7.44322
-2.28065 7.15419
-2.28714 6.82016
-2.48061 7.05581
-2.38174 7.37984
-2.56151 7.35259
-2.47113 7.59298
-2.62838 7.60571
-2.52706 7.75237
-2.63334 7.86211
-2.58994 8.08901
-2.46886 7.92881
-2.46718 8.21623
-2.28993 8.06279
-2.35563 8.34473
-2.3307 8.55836
-2.20705 8.34916
-2.16303 8.58574
-2.26132 8.78367
-2.38068 9.02935
-2.14787 8.9572
-2.21195 9.13041
-2.33257 9.23139
-2.48101 9.23196
-2.44039 9.36172
-2.57364 9.3507
-2.38795 9.47651
-2.30032 9.35294
-2.15718 9.41676
-2.12273 9.54459
-2.15718 9.41676
-2.16871 9.39377
-2.18829 9.2807
-2.11194 9.30349
-2.0329 9.14402
-2.01622 9.28378
-1.93181 9.34118
-2.03611 9.44966
-1.54897 8.81265
-1.71879 8.98342
-1.65934 8.88762
-1.47312 8.70728
-1.54125 8.61956
-1.40513 8.59104
-1.37205 8.45844
-1.452 8.48327
-1.38954 8.30273
-1.39048 8.1593
-1.37042 8.01749
-1.10369 7.34978
-1.17401 7.52914
-1.25815 7.69864
-1.30357 7.53572
-1.32228 7.87114
-1.41561 7.66882
-1.45408 7.81092
-1.4347 7.94225
-1.55068 7.90329
-1.52817 7.66945
-1.63468 7.72253
-1.62321 7.45877
-1.77276 7.55221
-1.68825 7.92713
-1.82343 7.94548
-1.92315 7.69216
-2.02844 8.05877
-2.17719 7.76947
-2.34227 7.70415
-2.07418 8.41007
-1.93228 8.41374
-1.82619 8.23406
-1.7775 8.42975
-1.88508 8.64833
-1.69083 8.60666
-1.7816 8.85273
-1.9471 8.9061
-2.06938 8.74373
-1.7655 9.09233
-1.85478 9.21124
-2.02811 8.57738
-1.64121 8.36753
-1.70836 8.30319
-1.61508 8.14558
-1.72816 8.13527
-1.46851 8.10675
-1.53178 8.27346
-1.54396 8.4422
-1.81132 7.14671
-1.69003 7.16587
-1.7291 6.85961
-1.62809 6.87911
-1.57914 6.56447
-1.50246 6.79071
-1.33787 6.4734
-1.42525 6.15814
-1.63971 6.23001
-1.51442 5.85884
-1.28122 5.71802
-1.43696 5.61713
-1.37205 5.37297
-1.16573 5.30524
-1.25817 5.03559
-1.33125 4.63494
-1.08072 4.7929
-1.1162 4.40668
-1.30109 4.15445
-1.51055 4.3481
-1.49923 4.07787
-1.61259 3.85804
-1.76756 3.87656
-1.75817 3.64637
-1.58848 3.52631
-1.4286 3.85575
-1.33511 3.61583
-1.30449 3.87778
-1.19457 3.88235
-1.11302 4.11354
-1.03433 3.90354
-1.14454 3.62895
-1.25865 3.38649
-1.12226 3.40931
-0.996379 3.6285
-1.03195 3.32264
-1.24422 3.13916
-1.11672 2.97462
-1.29898 2.90061
-1.46409 2.87138
-1.40478 2.65031
-1.63965 2.61901
-1.71202 2.38948
-1.56997 2.30058
-1.81463 2.17418
-1.97729 2.20259
-2.05175 1.95707
-2.1472 2.07079
-2.32973 1.94651
-2.22373 2.24765
-2.52127 2.04328
-2.58766 2.35341
-2.28751 2.51894
-2.43145 2.58785
-2.56934 2.75789
-2.36419 2.75794
-2.36077 3.02328
-2.56182 3.01004
-2.50597 3.21869
-2.25171 3.43542
-2.04846 3.70262
-1.96763 3.47151
-2.12794 3.19006
-1.95018 3.20199
-2.10929 2.8556
-1.77726 3.14909
-1.76892 2.79734
-1.48512 3.20029
-1.79383 3.39254
-2.06044 2.55352
-1.89305 2.4511
-2.30726 2.65753
-1.88626 3.73915
-2.38927 1.68901
-2.09983 1.71648
-2.3146 1.52298
-2.57015 1.44208
-2.46974 1.36117
-2.71753 1.2204
-2.89552 1.23145
-3.02226 1.10984
-2.89341 1.0331
-2.67053 1.06216
-2.45866 1.23477
-2.42581 1.13705
-2.55667 1.01336
-2.79329 0.903054
-2.62523 0.922419
-2.82086 0.82025
-2.98534 0.788016
-3.06168 0.827659
-3.21242 0.705119
-3.06589 0.705329
-3.47094 0.601632
-3.37232 0.723188
-3.20734 0.86465
-3.02111 0.924396
-3.08362 0.972151
-2.88303 0.944822
-2.83637 0.759143
-3.05824 0.673959
-2.99756 0.686155
-2.78655 0.771579
-2.55732 0.875452
-2.6605 0.869123
-2.48035 0.952012
-2.46806 0.999593
-2.31528 1.03804
-2.36992 1.0756
-2.26237 0.993051
-2.36907 0.939895
-2.5451 0.867371
-2.20065 0.981966
-2.07476 1.01255
-2.98456 0.70296
-2.25843 1.38657
-2.18453 1.35969
-2.07705 1.55437
-1.87622 1.73229
-1.88975 1.8734
-1.6814 1.93485
-1.66952 1.76266
-1.52721 1.92985
-1.47426 1.8366
-1.38619 1.79166
-1.45067 1.63663
-1.54601 1.51312
-1.2145 2.00577
-1.3191 1.95042
-1.22114 2.13977
-1.36771 2.05849
-1.23645 2.2509
-1.32814 2.26257
-1.15669 2.45722
-1.29747 2.48396
-1.04341 2.76976
-1.20605 2.71747
-0.8945 3.08073
-0.916791 3.26241
-0.751293 3.38504
-0.853608 3.57338
-0.721757 3.65294
-0.751782 3.81958
-0.854138 3.97405
-0.975445 4.20594
-0.860524 4.31229
-0.951135 4.51046
-0.819444 4.55688
-0.910749 4.76627
-0.949625 5.12418
-1.1076 5.06607
-1.05527 5.51331
-0.914809 5.42607
-0.935368 5.67566
-1.08603 5.80105
-1.19586 6.08032
-0.981432 5.98745
-1.08766 6.30435
-1.20336 6.58388
-1.34641 6.82511
-1.18219 6.77929
-1.04849 6.54909
-1.04717 6.76418
-0.979963 6.63037
-0.89703 6.508
-0.908111 6.28702
-0.752851 6.30544
-0.774566 6.11999
-0.633981 6.01278
-0.731073 5.93856
-0.853947 6.05361
-0.799742 5.77618
-0.628647 5.6674
-0.722999 5.53464
-0.82159 5.51052
-0.733882 5.32271
-0.640265 5.36572
-0.656283 5.11878
-0.560834 5.14348
-0.587351 4.89752
-0.486844 4.90581
-0.551476 4.59704
-0.422374 4.66027
-0.462129 4.42416
-0.368515 4.37325
-0.45235 4.251
-0.531263 4.22982
-0.464953 4.03313
-0.558214 3.92285
-0.498147 3.71505
-0.415939 3.85092
-0.431991 3.69436
-0.425214 3.5137
-0.592273 3.37459
-0.551065 3.19677
-0.413149 3.31032
-0.500959 3.06607
-0.617233 3.00337
-0.648043 3.03987
-0.72894 2.8769
-0.694346 3.06708
-0.824018 2.85297
-0.856815 2.69874
-0.969874 2.63759
-0.955938 2.4948
-0.816952 2.63568
-0.936093 2.41312
-0.787231 2.53039
-1.02944 2.17458
-1.07823 2.25783
-0.879295 2.29981
-0.907848 2.19358
-1.0554 1.96498
-0.80259 2.37485
-0.683931 2.57152
-0.72893 2.44271
-0.575106 2.66061
-0.487015 2.84716
-0.559343 2.83918
-0.658841 2.82258
-0.408188 3.0844
-0.38283 3.22603
-0.319988 3.28829
-0.32285 3.15681
-0.369719 3.0498
-0.26749 3.22145
-0.310625 3.08968
-0.402678 2.95146
-0.462456 2.82533
-0.367347 2.93782
-0.493143 2.73724
-0.607825 2.547
-0.516082 2.67041
-0.600829 2.54732
-0.519645 2.64605
-0.677126 2.428
-0.613666 2.51818
-0.43211 2.78362
-0.330601 2.93709
-0.250417 3.07366
-0.232647 3.20315
-0.195476 3.22544
-0.152704 3.32791
-0.220156 3.41856
-0.25164 3.5016
-0.184265 3.64763
-0.228551 3.71151
-0.299432 3.57882
-0.290982 3.73335
-0.337799 3.67008
-0.342936 3.48492
-0.382786 3.71775
-0.337379 3.88628
-0.380541 4.08436
-0.295093 4.169
-0.258759 4.47589
-0.311843 4.70316
-0.228893 4.73374
-0.28017 4.97384
-0.381617 4.94378
-0.36546 5.20967
-0.468239 5.18191
-0.470476 5.4829
-0.552459 5.37518
-0.530449 5.75774
-0.479795 5.85091
-0.448592 5.66837
-0.343673 5.67127
-0.340712 5.42161
-0.237885 5.42698
-0.248841 5.2971
-0.202763 5.28641
-0.204819 5.15507
-0.269067 5.19405
-0.212198 4.96802
-0.161635 5.00037
-0.134786 4.75377
-0.19379 4.53123
-0.13264 4.45886
-0.206063 4.23692
-0.124577 4.18002
-0.186953 3.9212
-0.264009 3.92555
-0.117197 3.82592
-0.141294 3.53474
-0.072444 3.62991
-0.0347147 3.80566
-0.0484982 4.1059
-0.00553989 3.99066
-0.2544 5.81139
-0.662889 6.41553
-0.559509 6.27554
-0.454489 6.13115
-0.529955 6.07054
-0.420156 5.91941
-0.362783 5.97148
-0.334004 5.81515
-0.271187 5.69621
-0.230124 5.56182
-0.167837 5.61536
-0.106999 5.39788
-0.143843 5.18497
-0.0571356 5.1835
-0.0633802 4.97992
-0.109494 4.94424
-0.0651531 4.80925
0.003438 4.78047
1.14441e-05 4.99026
-0.00885677 4.38401
0.00860691 4.18322
-0.0328665 4.59823
-0.625078 6.2302
-0.751149 6.5817
-0.860884 6.77429
-0.920978 6.70237
-0.973475 6.96072
-1.15533 6.97021
-1.13679 7.12142
-1.28427 7.21675
-1.28201 6.98658
-1.42541 7.14715
-1.44406 7.45997
-1.5383 7.3288
-1.53576 7.14601
-1.48826 6.98605
-1.58332 7.03072
-1.60473 7.22835
-1.54231 7.49201
-1.18264 7.31593
-1.08758 7.14223
-0.118885 3.45998
-0.421171 4.18591
-0.311725 3.80057
-0.337147 3.39697
-0.444931 2.95633
-1.09961 2.36523
-0.900948 2.84512
-0.874621 2.96602
-0.803748 2.97771
-0.759544 3.14314
-0.627212 3.64764
-0.66142 3.85881
-0.616325 4.07405
-0.705159 4.05568
-0.636431 4.3104
-0.754979 4.30319
-0.690589 4.60375
-0.794595 4.83823
-0.680217 4.88117
-0.76555 5.09695
-0.831152 5.29798
-0.622408 4.74335
-0.955374 6.1619
-1.4477 2.25089
-1.48181 2.08879
-1.57624 2.12305
-1.75858 2.05433
-1.7423 6.56379
-2.4408 7.74984
-3.15719 6.09632
-3.01488 6.39695
-3.16945 6.54907
-3.04778 6.9019
-3.98711 5.68465
-4.0848 5.55112
-3.84141 5.50056
-3.84989 5.13558
-3.67562 5.36323
-3.65911 5.70118
-3.67977 5.05316
-4.63855 2.45532
-4.1718 0.994683
-4.40558 0.964631
-3.98194 0.983374
-4.03311 0.877211
-3.94042 0.744479
-4.15353 0.602062
-4.07809 0.546388
-3.86395 0.631541
-3.97696 0.515395
-4.00437 0.452501
-3.72871 0.881047
-4.21016 0.520439
-6.5875 0.767274
-6.75946 0.81977
-6.69906 0.859765
-6.86971 0.937516
-6.76154 0.981209
-6.97434 1.05891
-6.95613 1.16105
-6.76027 1.06412
-6.74274 1.16252
-7.02029 1.36637
-6.76847 1.35656
-6.95905 1.52223
-6.79233 1.55771
-6.70894 1.76021
-6.61852 1.55608
-6.64892 1.43216
-6.47765 1.41108
-6.59115 1.31047
-6.60009 1.20975
-6.42076 1.19134
-6.49951 1.05914
-6.60454 0.98473
-6.53592 0.842059
-6.25541 1.3129
-6.34548 1.47647
-6.44914 1.65096
-6.51705 1.96237
-6.3161 2.12786
-5.63038 3.41263
-5.68177 3.77844
-5.0469 3.29653
-5.0209 3.06151
-5.20018 6.46661
-5.15235 6.7876
-4.9919 6.93098
-5.11786 7.1932
-4.84199 7.18789
-4.91443 7.47335
-5.05492 7.61468
-4.79241 7.79168
-4.95646 7.94449
-4.70633 8.11921
-4.86119 8.24077
-4.57302 8.47026
-4.80358 8.48811
-4.64264 8.7594
-4.89922 8.63377
-5.03291 8.32735
-5.08782 8.51776
-5.02009 8.78099
-5.22719 8.55883
-5.2589 8.28208
-5.48347 7.94281
-5.2436 8.04039
-5.39048 7.78773
-5.20741 7.78755
-5.4164 7.55053
-5.58463 7.57014
-5.55208 7.38212
-5.45371 7.28151
-5.61569 7.15938
-5.66997 7.31626
-5.75714 7.12792
-5.50118 6.96078
-5.60362 6.70018
-5.44991 6.66418
-5.4045 6.36517
-5.30027 6.63261
-5.31093 6.90082
-5.3367 7.16024
-5.27148 7.43913
-5.06586 8.07448
-5.17399 8.85093
-5.03496 8.95063
-5.03311 9.12489
-5.22587 9.07677
-5.09359 9.35161
-5.20094 9.50025
-5.00594 9.59026
-5.1161 9.70754
-5.28077 9.60266
-5.31215 9.6854
-5.44439 9.54724
-5.49476 9.66136
-5.34274 9.77726
-5.47386 9.847
-5.24664 9.88646
-5.30169 9.98559
-5.11203 10.1032
-5.10312 9.99882
-4.9282 10.1341
-4.66252 10.2143
-4.60698 10.1054
-4.78168 9.98637
-4.52833 9.96357
-4.75092 9.84694
-4.56243 9.80277
-4.79046 9.64144
-4.57903 9.59722
-4.76081 9.42113
-4.85057 9.48607
-4.9228 9.35693
-4.86995 9.22772
-4.91349 9.03168
-4.72143 9.18626
-4.79999 8.90385
-4.60446 9.02538
-4.50546 9.25453
-4.59146 9.40442
-4.39061 9.50541
-4.38212 9.73918
-4.20186 9.68517
-4.17927 9.87962
-4.38109 9.89942
-4.26797 9.98844
-4.34036 10.0965
-4.12833 10.0807
-4.11587 10.2125
-4.39149 10.2196
-3.84283 10.1786
-3.86808 10.105
-4.04836 9.99628
-3.89995 9.99537
-3.94729 9.92053
-3.73897 9.94941
-3.79521 9.80418
-3.55675 9.82694
-3.62575 9.65861
-3.39874 9.70954
-3.4371 9.58045
-3.56642 9.47845
-3.73564 9.51947
-3.71066 9.36176
-3.51908 9.28862
-3.69486 9.1414
-3.48891 9.10317
-3.58344 8.96837
-3.76969 8.91729
-3.6175 8.76093
-3.36303 8.90876
-3.46188 8.72227
-3.54242 8.56465
-3.73696 8.54871
-3.69322 8.30722
-3.96386 8.39664
-3.93421 8.09962
-3.74324 7.97746
-3.92293 7.82816
-3.93199 7.63999
-4.05432 7.65691
-4.16325 7.47857
-4.24106 7.66252
-4.11089 7.88454
-4.33232 7.85949
-4.19815 8.12999
-4.42343 8.01454
-4.43196 8.23007
-4.58789 7.99962
-4.5557 7.80627
-4.69545 7.52168
-4.45575 7.59476
-4.53926 7.22224
-4.32688 7.43915
-4.72248 7.04586
-4.82788 6.85931
-4.63109 6.87711
-4.20564 8.36601
-4.32809 8.47365
-4.31677 8.71101
-4.49129 8.70637
-4.43649 8.87447
-4.21801 9.02478
-4.43091 9.07339
-4.29516 9.2871
-4.05397 9.30731
-4.17149 9.49899
-4.0121 9.50844
-4.06002 9.62736
-4.01422 9.76963
-3.87875 9.62593
-3.87757 9.44084
-3.85654 9.26772
-3.93785 9.05349
-4.06256 8.82665
-3.91081 8.87588
-3.8802 8.70349
-4.12287 8.58138
-4.52814 8.93967
-3.53871 8.11153
-3.39595 8.17851
-3.41808 8.37837
-3.2027 8.52827
-3.33621 8.65553
-3.19566 8.67447
-3.20665 8.78044
-3.1158 8.92874
-3.20074 9.04592
-3.29796 9.18721
-3.05074 9.1485
-3.1206 9.37529
-3.36212 9.42224
-3.23683 9.58895
-3.0287 9.54997
-3.08304 9.71604
-3.24829 9.72573
-3.31562 9.84031
-3.09217 9.85818
-2.94971 9.77173
-2.97281 9.299
-3.05866 8.72073
-2.87439 8.68595
-3.00596 8.45531
-3.52047 9.93049
-4.93069 9.49183
-4.92029 9.78039
-4.91784 9.89389
-5.01441 9.8483
-5.07189 9.90357
-5.18564 9.80397
-4.9597 9.98161
-5.43754 6.1235
-5.87177 7.89339
-5.74491 4.16794
-6.47619 5.49169
-6.77153 7.68673
-7.72653 6.1849
-7.81537 6.68941
-7.70805 6.80161
-7.63725 6.9253
-8.44262 2.93221
-8.28454 2.25932
-7.84738 1.36555
-7.13785 0.896413
-7.06924 0.835441
-5.50314 0.565288
-5.41678 0.601648
-5.31022 0.60815
-5.9871 0.603256
-7.13361 0.984104
-7.21275 0.979553
-7.00474 0.861648
-7.06019 0.844991
-7.23328 0.912801
-7.38835 1.05275
-7.51098 1.07443
-7.69338 1.22118
-7.67568 1.17298
-6.96626 0.743981
-6.86683 0.750195
-6.72192 0.649676
-6.80672 0.624805
-8.74549 3.85654
-8.72051 3.95846
-4.3467 0.196248
-3.6416 0.416547
