-4.35525 -7.98431
-4.27911 -6.983
-4.23808 -6.6155
-4.20744 -6.37633
-4.0249 -5.305
-3.98369 -5.10227
-2.7154 -2.57457
-1.24546 -1.3201
-0.67624 -1.17798
-0.320373 -1.15797
0.101559 -1.20229
0.630222 -1.3299
1.36048 -1.50728
1.86111 -1.77432
2.47902 -2.35984
2.83368 -2.94258
2.91321 -3.11447
3.43992 -4.28744
3.60642 -4.70673
3.96419 -5.6201
4.06581 -5.98091
4.10703 -7.04523
4.06906 -8.04457
4.06001 -8.27162
3.98779 -9.27878
3.94219 -9.56628
3.85779 -9.93558
3.74246 -10.2543
3.49239 -10.5955
3.3741 -10.7185
3.23757 -10.8205
3.13929 -10.8922
3.02015 -10.9645
2.74332 -11.0865
2.57921 -11.1476
2.37 -11.2183
1.78405 -11.3688
1.55995 -11.4143
0.128299 -11.6312
0.0908887 -11.636
-0.0146641 -11.6492
-0.169374 -11.6661
-0.487723 -11.6802
-0.723907 -11.6772
-0.966926 -11.671
-2.08838 -11.5461
-2.27541 -11.5247
-2.7031 -11.4623
-3.23699 -11.3305
-3.36397 -11.2783
-3.53062 -11.1828
-3.65705 -11.1043
-3.71137 -11.0442
-3.76309 -10.9865
-3.83312 -10.9053
-3.95962 -10.7325
-4.06272 -10.5551
-4.14335 -10.3316
-4.3273 -9.52535
-4.34819 -9.24426
-4.37775 -8.46693
