-3.65102 -6.7898
-3.58134 -6.95445
-3.57571 -6.97864
-3.50219 -7.12372
-3.51548 -7.1407
-3.41951 -7.25435
-3.42984 -7.26629
-3.34161 -7.34334
-3.29823 -7.38313
-3.24809 -7.44807
-3.33699 -7.35258
-3.25257 -7.40358
-3.08304 -7.58551
-3.1349 -7.53773
-2.96442 -7.67256
-2.84815 -7.72105
-2.96657 -7.62692
-2.85194 -7.64226
-3.06307 -7.51082
-2.97404 -7.51997
-2.88998 -7.52474
-3.07549 -7.40031
-2.94795 -7.39015
-3.12009 -7.22746
-2.90114 -7.27536
-2.70285 -7.53159
-2.65025 -7.41372
-2.69078 -7.26049
-2.42687 -7.40607
-2.44584 -7.24052
-2.65856 -7.10909
-2.42957 -7.08114
-2.68595 -6.89156
-2.36093 -6.9232
-2.06563 -7.05486
-1.72365 -7.03279
-1.49919 -7.10825
-1.24868 -7.09618
-0.972486 -7.06201
-1.03844 -7.18848
-0.728068 -7.23179
-0.635098 -7.12335
2.68756 -5.64814
2.6009 -5.8102
2.68383 -5.64685
2.74061 -5.5298
2.73822 -5.45036
2.84655 -5.25199
2.77547 -5.34145
2.71254 -5.43373
2.74945 -5.26006
2.66755 -5.38729
2.61601 -5.53511
2.59696 -5.45458
2.5686 -5.62404
2.55114 -5.56214
2.57515 -5.44182
2.51115 -5.54393
2.52531 -5.73011
2.47468 -5.79144
2.47548 -5.93005
2.52163 -5.85178
2.50236 -5.97123
2.53282 -5.83704
2.52499 -5.87924
2.56269 -5.70872
2.642 -5.63803
2.58926 -5.80681
2.51551 -5.9195
2.51304 -5.96343
2.52326 -6.00491
2.57379 -5.86535
2.20591 -6.37981
2.25173 -6.39797
2.36373 -6.22158
2.4161 -6.21486
2.4895 -6.07444
2.43357 -6.19888
2.4316 -6.19342
2.34613 -6.36831
2.36547 -6.30989
2.26554 -6.41939
2.3424 -6.32965
2.16618 -6.50056
2.16418 -6.50433
2.12853 -6.5144
2.09097 -6.57404
2.03685 -6.63456
2.01069 -6.60413
2.10471 -6.47375
2.03952 -6.50593
1.72433 -6.57732
1.65249 -6.51343
1.53461 -6.59604
1.55735 -6.71408
1.67425 -6.73388
1.81937 -6.64671
1.90118 -6.55099
1.93623 -6.59827
1.89563 -6.67564
1.77687 -6.75738
1.90042 -6.73979
1.74561 -6.89365
1.62606 -6.89921
1.52553 -6.85978
1.50802 -6.98785
1.5237 -7.05318
1.60261 -7.07304
1.42917 -7.19952
1.51945 -7.24683
1.6359 -7.20727
1.72132 -7.02514
1.74336 -7.15724
1.79969 -6.9738
1.82744 -6.88418
1.86419 -6.84998
1.90561 -6.78272
1.98919 -6.68365
1.94175 -6.75442
2.06989 -6.61091
1.98786 -6.75486
2.09857 -6.66258
1.98157 -6.88131
2.09235 -6.77827
2.02942 -6.90761
2.15985 -6.69264
2.16289 -6.66435
2.27901 -6.47686
2.25517 -6.52872
2.21131 -6.59725
2.27697 -6.50688
2.36647 -6.35507
2.32476 -6.35897
2.246 -6.48211
2.17821 -6.65835
2.16449 -6.61351
2.20847 -6.466
2.08447 -6.65799
2.08268 -6.78533
1.97964 -6.86772
1.95692 -6.98273
2.06264 -6.86608
1.9184 -7.08475
1.91382 -7.03912
1.82158 -7.20273
1.84452 -7.06979
1.8913 -6.87851
1.73669 -7.26572
1.63707 -7.31778
1.59467 -7.38881
1.51834 -7.41964
1.5145 -7.34885
1.35759 -7.47494
1.38059 -7.36339
1.17124 -7.46571
1.2324 -7.3327
1.30587 -7.20458
1.40839 -7.10029
1.25953 -7.14424
1.37997 -7.00372
1.13987 -7.06044
1.37844 -6.84838
1.46164 -6.70879
1.36234 -6.70512
1.22825 -6.67739
0.925237 -6.83343
-0.408182 -7.25075
-0.134181 -7.37061
0.118067 -7.34683
0.128641 -7.1905
0.299749 -7.2629
0.271149 -7.14603
0.422291 -7.14688
0.490377 -7.01341
0.65579 -7.11656
0.91006 -6.99693
0.884336 -7.15489
1.15399 -6.84912
1.00496 -7.18278
1.09264 -7.2144
0.894317 -7.27517
1.04829 -7.32384
0.843801 -7.41849
0.71524 -7.36942
0.578013 -7.46532
0.561248 -7.35894
0.697069 -7.25921
0.495805 -7.26786
0.347545 -7.43132
0.398106 -7.57963
0.209112 -7.59956
0.068758 -7.49122
-0.0581961 -7.59835
-0.169595 -7.48638
-0.436129 -7.52519
-0.378675 -7.39144
-0.700796 -7.36185
-0.53739 -7.31707
-0.888734 -7.26855
-1.13691 -7.31557
-1.30357 -7.20235
-1.39284 -7.26443
-1.51358 -7.21585
-1.62008 -7.33185
-1.73964 -7.16251
-1.96334 -7.2195
-2.22313 -7.20433
-2.10401 -7.35444
-1.82765 -7.47485
-2.10625 -7.54966
-2.43368 -7.56361
-2.19092 -7.68698
-1.95093 -7.68745
-1.69944 -7.61417
-1.71115 -7.76516
-1.3961 -7.73793
-1.3062 -7.57293
-1.55339 -7.48841
-1.30185 -7.43691
-0.923905 -7.49277
-0.995122 -7.65554
-0.686912 -7.60718
-0.47962 -7.63891
-0.260365 -7.65157
-0.413054 -7.71097
-0.693016 -7.72108
-0.525247 -7.77895
-0.67485 -7.78916
-0.811071 -7.80464
-1.02493 -7.77783
-1.28843 -7.87011
-1.5605 -7.8343
-1.55934 -7.77818
-1.78859 -7.86573
-1.97965 -7.78619
-2.00481 -7.88026
-2.18967 -7.7958
-2.41698 -7.70405
-2.34744 -7.80807
-2.56074 -7.71523
-2.73744 -7.63665
-2.65842 -7.73124
-2.4848 -7.81135
-2.64556 -7.77739
-2.43222 -7.87074
-2.27803 -7.88503
-2.17024 -7.86931
-2.04659 -7.93425
-2.20961 -7.92219
-2.00819 -7.9514
-1.81723 -7.98292
-1.84994 -7.93322
-1.59721 -7.95049
-1.54011 -8.00175
-1.31461 -7.96087
-1.12104 -7.92354
-0.97932 -7.86493
-0.912233 -7.92193
-0.679832 -7.85536
-0.715065 -7.93541
-0.449171 -7.90525
-0.631321 -7.976
-0.854712 -7.97206
-0.769264 -8.01145
-0.975773 -7.98009
-1.07581 -7.96119
-1.22983 -7.9744
-1.0916 -7.96061
-1.35885 -7.94553
-1.59325 -7.93813
-1.84067 -7.953
-1.73123 -7.91088
-2.02926 -7.87456
-2.12626 -7.9299
-2.26443 -7.88903
-2.38063 -7.89308
-2.61317 -7.83394
-2.57889 -7.83174
-2.7757 -7.77747
-2.72821 -7.75975
-2.87455 -7.70456
-3.015 -7.6094
-2.88232 -7.67252
-3.03586 -7.54766
-3.16915 -7.47235
-3.31114 -7.31278
-3.42593 -7.23299
-3.43588 -7.11816
-3.50351 -7.09842
-3.50494 -7.12801
-3.56478 -6.98477
-3.58512 -6.99254
-3.6418 -6.82085
-3.64919 -6.83856
-3.69722 -6.68857
-3.69615 -6.71629
-3.75666 -6.54116
-3.7574 -6.47593
-3.69572 -6.62794
-3.69265 -6.55839
-3.64937 -6.71975
-3.64931 -6.65675
-3.59666 -6.80568
-3.58166 -6.69498
-3.50872 -6.91211
-3.53929 -6.96903
-3.4121 -7.02624
-3.30506 -7.21571
-3.2727 -7.09148
-3.16238 -7.29903
-3.17922 -7.3954
-3.03308 -7.46798
-2.88557 -7.60554
-2.86508 -7.52394
-2.74371 -7.63069
-2.66866 -7.57761
-2.56606 -7.68626
-2.69649 -7.71801
-2.464 -7.77072
-2.3343 -7.72843
-2.25599 -7.80493
-2.33951 -7.84552
-2.06249 -7.76678
-1.87302 -7.81091
-1.68407 -7.85241
-1.7073 -7.80136
-1.47973 -7.80837
-1.62894 -7.74026
-1.83766 -7.76613
-1.88102 -7.69358
-2.15913 -7.65941
-2.43538 -7.62711
-2.27289 -7.53762
-2.55169 -7.50545
-2.42241 -7.39086
-2.65379 -7.39246
-2.63345 -7.2847
-2.80427 -7.28512
-2.79693 -7.42658
-2.96593 -7.26377
-2.9996 -7.3706
-3.11893 -7.20186
-3.06199 -7.11593
-3.18123 -7.03094
-3.05815 -6.93703
-3.20599 -6.88839
-3.19233 -6.75103
-3.27571 -6.79362
-3.28782 -6.91794
-3.35436 -6.77447
-3.38253 -6.90828
-3.43479 -6.75898
-3.42485 -6.62043
-3.51396 -6.62833
-3.47273 -6.82726
-3.59197 -6.49247
-3.66841 -6.51175
-3.67654 -6.28081
-3.56473 -6.35106
-3.60388 -6.09973
-3.74213 -6.0048
-3.76149 -6.27676
-3.73122 -6.40086
-1.19293 -0.142549
-1.08699 -0.0282084
-0.969984 0.0795778
0.653218 7.97808e-05
0.366948 0.0529592
0.127965 0.136687
0.187436 0.0392703
0.0331793 0.0608304
0.0664845 -0.0503655
0.309547 -0.0457326
0.239036 -0.170574
0.446997 -0.152434
0.389747 -0.258404
0.600702 -0.285189
0.467743 -0.386787
0.214961 -0.387401
0.405616 -0.571216
0.231529 -0.599226
0.0944948 -0.569486
-0.0688934 -0.442705
-0.026226 -0.749701
0.152779 -0.730074
0.167065 -0.951755
-0.0280075 -1.11072
0.223136 -1.255
0.079401 -1.46488
0.315765 -1.57432
0.427038 -1.36708
0.520842 -1.62815
0.423519 -1.72065
0.353935 -1.85274
0.499094 -1.85166
0.451273 -2.00278
0.570689 -2.06364
0.458951 -2.21639
0.367894 -2.06794
0.326841 -2.26414
0.404888 -2.36735
0.329015 -2.55893
0.484713 -2.4637
0.476383 -2.74828
0.622867 -2.58969
0.612768 -2.83769
0.786457 -2.773
0.667422 -3.02732
0.499143 -3.08377
0.629349 -3.33793
0.79734 -3.15212
0.795429 -3.52364
0.65274 -3.62786
0.52334 -3.63702
0.599992 -3.89799
0.727335 -3.80795
0.740089 -4.1646
0.877832 -3.8769
0.961401 -3.62109
0.956701 -3.32545
1.16037 -3.54973
1.0722 -3.89343
1.28477 -3.91967
1.19008 -4.13724
1.34713 -4.17731
1.29473 -4.43236
1.00991 -4.31209
1.17825 -4.6841
1.00255 -4.78788
1.25031 -5.0686
1.3921 -4.79978
1.52348 -5.12994
1.45412 -5.40195
1.22086 -5.45663
1.45945 -5.62837
1.6096 -5.60022
1.61074 -5.79356
1.37276 -5.78315
1.55921 -6.03294
1.27755 -5.98325
1.38788 -6.2282
1.16993 -6.12711
1.11483 -6.3123
0.972136 -6.12553
0.92896 -6.27063
0.906271 -6.4112
0.725287 -6.22172
0.715482 -6.51866
0.877632 -6.57747
0.761854 -6.67615
0.574096 -6.69192
0.713539 -6.8397
0.466876 -6.85267
0.35503 -6.71318
0.253072 -6.92026
0.487753 -7.03232
0.15964 -7.1556
0.418145 -7.22095
0.162909 -7.38891
0.468598 -7.34449
0.29284 -7.44692
0.161469 -7.54507
0.0211296 -7.51344
-0.0755997 -7.61657
-0.117867 -7.46257
-0.289067 -7.581
-0.252489 -7.69085
-0.11513 -7.77477
-0.311887 -7.77994
-0.466439 -7.68221
-0.462384 -7.81747
-0.281261 -7.8785
-0.500024 -7.88964
-0.363266 -7.94448
-0.168186 -7.93883
-0.358694 -7.98595
-0.541471 -7.95218
-0.556745 -7.99489
-0.72028 -7.93627
-0.804481 -7.98135
-0.964035 -7.92178
-1.21415 -7.91027
-1.19544 -7.85124
-1.46688 -7.89873
-1.45925 -7.866
-1.23158 -7.7505
-0.988128 -7.79374
-0.980099 -7.71998
-0.78942 -7.77582
-0.78165 -7.87092
-0.622561 -7.82711
-0.629122 -7.75695
-0.798055 -7.69903
-0.667495 -7.67213
-0.81055 -7.60134
-0.944247 -7.63508
-1.00662 -7.54172
-1.15944 -7.63427
-1.19866 -7.53409
-1.3833 -7.57551
-1.4106 -7.68047
-1.63691 -7.63453
-1.43614 -7.75011
-1.59646 -7.50972
-1.92592 -7.56698
-1.80359 -7.41177
-2.10747 -7.42463
-1.96203 -7.29193
-2.2347 -7.28194
-2.10232 -7.12012
-2.33336 -7.16461
-2.46433 -7.24408
-2.50417 -7.1088
-2.62098 -7.16954
-2.69453 -7.01895
-2.77193 -7.15813
-2.87844 -7.01914
-2.86567 -6.81527
-2.93609 -7.13548
-3.06328 -6.71276
-2.93946 -6.49288
-3.17428 -6.52581
-3.31223 -6.62305
-3.30449 -6.427
-3.23245 -6.32159
-3.35681 -6.20211
-3.39089 -6.43723
-3.48318 -6.26881
-3.48176 -6.46636
-3.53794 -6.48809
-3.4714 -6.04577
-3.56452 -5.89165
-3.42348 -5.78487
-3.54828 -5.68778
-3.65894 -5.84149
-3.62849 -5.56557
-3.76054 -5.72674
-3.69806 -5.45757
-3.7481 -5.38163
-3.75926 -5.02233
-3.73144 -4.85378
-3.68037 -4.67003
-3.6778 -4.92279
-3.5594 -4.71338
-3.59677 -5.03936
-3.66621 -5.12606
-3.63463 -5.27442
-3.70874 -5.28421
-3.72348 -5.1536
-3.70656 -5.05705
-3.62946 -5.40527
-3.54015 -5.28262
-3.53486 -5.48687
-3.48303 -5.33519
-3.45369 -5.14049
-3.50705 -4.90316
-3.3948 -4.90699
-3.38759 -4.61658
-3.2953 -4.64454
-3.25927 -4.34755
-3.33281 -4.40706
-3.38842 -4.4421
-3.32813 -4.16768
-3.46334 -4.35306
-3.39081 -4.10097
-3.43729 -4.06548
-3.38136 -3.95003
-3.3373 -3.95572
-3.34631 -3.79221
-3.40955 -3.83441
-3.37918 -3.69768
-3.43526 -3.60967
-3.49752 -3.91768
-3.55463 -4.22597
-2.05202 -0.793904
-2.11302 -0.956073
-1.92942 -0.794461
-1.91409 -0.931414
-1.75455 -0.743915
-1.69386 -0.854026
-1.84462 -1.04766
-2.00271 -1.09293
-2.0833 -1.06226
-2.15373 -1.20808
-2.03099 -1.26182
-2.21699 -1.37012
-2.20408 -1.51081
-2.36378 -1.55959
-2.38505 -1.71162
-2.56145 -1.84253
-2.49383 -1.93631
-2.60836 -2.06001
-2.59319 -2.16571
-2.44385 -2.07255
-2.57396 -2.3933
-2.71789 -2.43142
-2.68621 -2.68317
-2.80821 -2.76252
-2.78268 -2.95143
-2.85798 -3.00724
-2.92534 -2.94109
-2.97249 -3.22487
-3.0517 -3.13419
-2.98874 -2.97528
-3.01121 -2.91343
-3.1476 -3.12466
-3.20771 -3.38604
-3.10979 -3.50366
-3.25672 -3.75868
-3.16558 -3.93459
-3.13637 -4.14551
-3.14562 -4.43077
-3.04775 -4.00842
-3.09512 -3.93813
-3.0055 -3.62458
-2.90191 -3.7413
-2.85352 -3.42688
-2.87637 -3.22493
-2.78853 -3.16395
-2.68913 -2.95475
-2.72754 -3.30794
-2.59578 -2.99904
-2.56783 -2.69675
-2.46806 -2.82656
-2.41604 -2.41277
-2.32888 -2.63043
-2.33596 -3.05371
-2.56541 -3.26843
-2.48591 -3.56169
-2.61887 -3.63987
-2.70562 -3.59018
-2.7326 -3.90188
-2.82989 -3.8657
-2.78701 -3.60342
-2.81938 -3.51781
-2.98444 -4.12483
-2.87857 -4.24426
-3.01731 -4.45215
-3.13267 -4.76177
-2.98341 -4.65191
-3.08369 -4.99811
-2.95108 -4.88396
-3.02277 -5.16044
-2.92342 -5.10867
-3.0042 -5.40492
-3.15691 -5.35657
-3.12471 -5.61044
-3.03457 -5.69068
-3.15341 -5.87332
-3.25885 -5.68125
-3.30507 -5.95222
-3.40132 -6.00181
-3.20759 -6.12863
-3.32588 -5.45255
-3.46161 -5.50251
-3.37794 -5.20162
-3.23005 -5.11785
-3.26922 -4.85732
-3.08358 -6.08449
-3.1023 -6.29603
-2.94609 -6.17078
-2.99096 -5.90316
-2.83735 -5.9238
-2.87764 -5.61993
-2.72769 -5.71929
-2.66684 -5.40862
-2.82603 -5.23404
-2.63016 -4.98659
-2.79112 -4.8248
-2.62949 -4.6489
-2.66424 -4.35046
-2.84162 -4.5251
-2.74684 -4.18759
-2.6189 -3.92937
-2.4823 -3.96543
-2.30584 -3.57282
-2.32427 -4.02052
-2.49649 -4.36165
-2.32516 -4.45724
-2.51191 -4.67764
-2.43298 -4.86588
-2.50121 -5.1617
-2.31538 -5.06057
-2.2615 -4.75322
-2.09609 -4.84653
-2.09068 -4.45676
-2.1048 -3.97546
-1.84861 -4.0771
-1.86266 -4.56353
-1.6377 -4.31042
-1.5743 -4.70628
-1.88592 -4.93308
-2.11232 -5.23255
-1.73828 -5.27133
-2.03143 -5.41738
-1.99863 -5.51505
-1.95031 -5.73171
-1.54264 -5.67281
-1.77898 -6.0315
-2.06439 -6.04933
-2.20552 -5.92804
-2.21685 -5.62306
-2.41755 -5.95848
-2.30247 -6.24732
-2.57203 -6.21575
-2.54275 -6.46047
-2.72905 -6.39549
-2.72198 -6.20891
-2.64967 -5.95078
-2.79854 -6.12149
-2.8331 -6.2925
-2.71215 -6.62415
-2.49972 -6.68054
-2.36489 -6.52763
-2.2743 -6.70701
-2.41393 -6.86127
-2.62964 -6.84024
-2.52681 -6.98031
-2.34702 -7.03114
-2.17045 -6.90553
-1.85296 -6.95175
-1.99948 -6.72268
-2.14035 -6.49973
-1.81657 -6.47848
-1.99989 -6.2707
-1.79281 -6.26338
-1.5205 -6.24536
-1.48802 -5.96482
-1.32954 -6.04007
-1.20551 -6.16136
-1.20567 -6.44836
-1.50665 -6.55768
-1.68003 -6.74679
-1.48484 -6.7166
-1.43845 -6.86048
-1.30561 -6.68761
-1.12534 -6.8645
-1.08488 -6.66673
-0.885006 -6.55165
-0.962591 -6.25574
-0.718764 -6.34702
-0.77015 -6.03346
-1.0452 -6.00066
-1.19815 -6.00481
-1.24631 -5.84508
-0.953271 -5.7459
-1.1796 -5.54053
-1.3602 -5.33509
-1.13041 -5.32176
-1.12807 -5.06504
-1.41183 -5.16009
-1.40508 -4.96913
-1.1541 -4.63147
-1.33294 -4.21958
-0.975159 -4.13214
-0.752594 -4.5098
-0.945416 -4.78951
-0.781356 -4.94258
-0.501054 -4.76805
-0.353381 -4.31663
-0.60917 -3.95045
-0.295558 -3.81081
-0.418685 -3.51206
-0.677762 -3.55078
-0.535849 -3.188
-0.781197 -3.29356
-0.7568 -2.98362
-1.035 -3.19168
-0.910757 -3.5294
-1.12016 -3.53067
-1.04221 -3.79625
-0.836519 -3.79848
-1.15385 -3.98677
-1.29318 -3.77403
-1.56151 -3.95386
-1.53667 -3.56971
-1.31665 -3.34947
-1.56639 -3.14672
-1.32705 -2.89841
-1.53465 -2.84723
-1.69395 -2.82703
-1.75552 -3.13531
-1.84971 -2.98558
-1.8675 -2.69869
-2.01346 -3.0137
-1.90232 -3.31319
-2.10012 -3.49102
-1.96501 -3.64304
-2.21069 -3.76462
-2.17814 -3.19173
-2.14787 -2.88595
-2.19493 -2.62031
-2.02934 -2.62522
-2.06858 -2.32133
-2.23551 -2.33206
-2.10161 -2.05739
-2.27587 -2.06929
-2.28197 -1.83747
-2.381 -1.8313
-2.28709 -1.68621
-2.15995 -1.64021
-2.01222 -1.45235
-2.02288 -1.6347
-2.13286 -1.82497
-1.94133 -1.80603
-1.95585 -2.08216
-1.79571 -1.96911
-1.69336 -1.65491
-1.85297 -1.51595
-1.63607 -1.37084
-1.79075 -1.23994
-1.622 -0.979821
-1.51839 -1.13016
-1.4124 -0.927019
-1.21074 -1.04578
-1.43513 -1.26877
-1.50889 -1.46031
-1.26945 -1.40107
-1.46529 -1.65724
-1.2164 -1.69602
-1.4356 -1.92039
-1.61397 -1.86599
-1.63596 -2.17611
-1.87765 -2.32082
-1.72368 -2.50216
-1.51474 -2.55632
-1.38241 -2.21558
-1.23871 -2.49526
-1.00346 -2.75461
-0.954765 -2.37426
-1.16283 -2.21842
-0.958813 -2.05209
-1.21448 -1.98346
-1.04714 -1.83907
-0.955658 -1.65349
-1.05549 -1.48506
-0.854241 -1.46048
-0.964585 -1.26483
-0.80804 -0.946085
-1.03427 -0.7145
-1.25261 -0.801112
-1.23481 -0.60185
-1.46134 -0.761618
-1.42934 -0.579301
-1.58728 -0.696287
-1.60311 -0.593858
-1.80084 -0.639174
-1.60678 -0.477673
-1.93889 -0.720175
-1.37404 -0.325518
-1.45325 -0.467977
-1.26212 -0.427406
-1.10223 -0.25509
-0.998631 -0.419912
-0.870519 -0.199628
-0.759668 -0.315723
-0.716282 -0.572603
-0.525713 -0.329145
-0.533659 -0.506373
-0.465068 -0.657381
-0.421833 -0.490356
-0.26549 -0.616112
-0.338028 -0.75574
-0.406209 -0.874178
-0.227256 -0.870313
-0.31789 -1.14373
-0.13307 -1.38277
-0.342346 -1.47774
-0.114634 -1.74416
-0.455309 -1.77977
-0.51236 -1.54586
-0.693802 -1.63368
-0.678115 -1.87759
-0.852429 -1.83921
-0.781037 -1.97952
-0.642362 -2.14454
-0.291903 -2.06933
-0.404049 -2.4196
-0.673464 -2.59912
-0.461558 -2.65398
-0.511463 -2.86037
-0.302359 -2.72636
-0.3913 -2.97573
-0.257289 -3.10147
-0.0522842 -2.72854
-0.123602 -2.33549
0.138993 -2.37926
0.0452366 -2.03827
-0.103683 -2.03599
0.160764 -1.77641
0.238523 -2.05134
0.150622 -2.74701
0.0183191 -3.11122
0.28495 -2.98242
0.152936 -3.35048
-0.0108118 -3.44945
0.049551 -3.70175
0.220786 -3.57663
0.202948 -3.92931
0.362741 -3.63309
0.422836 -4.00358
0.472789 -3.39088
0.335167 -3.32685
0.269093 -4.3393
0.452463 -4.45727
0.322773 -4.7569
0.13809 -4.64957
0.184429 -5.0344
0.00880051 -4.94525
0.0527315 -5.37359
-0.163148 -5.24183
-0.105992 -5.65145
0.0331211 -5.74534
-0.0629969 -5.99942
0.0971575 -6.01335
-0.0091753 -6.37285
0.167808 -6.24758
0.166303 -6.4539
0.12731 -6.68556
0.281155 -6.55192
0.484267 -6.47379
0.302911 -6.33172
0.466571 -6.19247
0.296318 -5.99651
0.538371 -5.88695
0.35843 -5.58998
0.176813 -5.67798
0.225925 -5.36234
0.366155 -5.18187
0.587358 -5.45799
0.545152 -4.9368
0.720996 -5.24479
0.814864 -5.52522
0.817297 -5.84472
1.07068 -5.71041
1.0645 -5.96351
0.930171 -5.34394
1.03087 -5.13116
0.796987 -4.93935
0.822176 -4.55002
0.640855 -4.54036
0.562388 -4.20657
-0.0861044 -6.69797
-0.0214634 -6.95165
-0.237002 -6.8382
-0.24535 -7.07252
-0.435143 -6.91878
-0.354795 -6.75957
-0.483274 -6.68189
-0.690286 -6.79
-0.629205 -7.04043
-0.427478 -7.16058
-0.59611 -7.23209
-0.438247 -7.34066
-0.585531 -7.37429
-0.487373 -7.49758
-0.682487 -7.44196
-0.735104 -7.30855
-0.833293 -7.38398
-0.824393 -7.48863
-0.989281 -7.40794
-1.1386 -7.451
-1.2043 -7.33046
-1.33233 -7.46147
-1.51475 -7.35532
-1.38203 -7.20044
-1.59402 -7.2218
-1.56638 -7.05532
-1.80027 -7.16269
-1.73178 -7.29606
-1.63409 -6.90339
-1.27851 -7.04308
-1.163 -7.18252
-1.02301 -7.07541
-0.856544 -6.94855
-0.923682 -6.76864
-0.653164 -6.56977
-0.792641 -7.14712
-0.95737 -7.26147
-0.654668 -7.57426
-0.315808 -7.4418
-0.240507 -7.29257
-0.0303965 -7.31048
-0.0819321 -7.17004
-0.506773 -6.43091
-0.571435 -6.19959
-0.373489 -6.18232
-0.52746 -5.96745
-0.673321 -5.7216
-0.857209 -5.36591
-0.522771 -5.4787
-0.549033 -5.14358
-0.36214 -5.29391
-0.305843 -5.6097
-0.468432 -5.73753
-0.36975 -5.89295
-0.225052 -5.93458
-0.185979 -6.21932
-0.276721 -6.53889
-0.328795 -4.997
-0.159257 -4.8322
-0.297544 -4.69363
-0.183018 -4.54089
-0.0966511 -4.28458
-0.129229 -3.96362
0.0216446 -4.02757
0.0837269 -4.29368
-0.0311537 -4.58602
-0.110655 -3.66973
-0.174338 -3.44122
-0.620369 -1.30477
-0.539538 -1.00939
-0.582498 -0.809443
-0.304167 -0.377542
-0.330533 -0.213578
-0.446364 -0.0591982
-0.66965 -0.176762
-0.732865 -0.0548065
-0.964916 -0.0686961
-0.803497 0.0393365
-0.454238 0.104457
-0.624345 0.0571614
-0.306549 0.070524
-0.158522 0.0236798
-0.174869 -0.118366
0.0135269 -0.223389
-0.177554 -0.259538
-0.202083 0.0967951
-0.0848198 0.116267
-1.94605 -3.8532
-1.85283 -3.7157
-1.86952 -3.52503
-1.74547 -3.44612
-1.71123 -3.75243
-2.47124 -5.72984
-2.59513 -5.65355
-2.42187 -5.41974
-3.32676 -3.58173
-3.30567 -3.29888
-3.44313 -3.34427
-3.35383 -3.15784
-3.19324 -2.96026
-2.98899 -2.67635
-2.73888 -2.18688
-2.49467 -1.6115
-2.34841 -1.37947
-2.23886 -1.15983
-2.84844 -2.46729
-2.86957 -2.68437
-2.66832 -2.20054
-3.57789 -4.47807
-3.47265 -4.60765
-3.6557 -4.4264
-0.557878 -8.01093
-0.367479 -8.00575
-0.342497 -7.9888
-0.399378 -7.95357
-0.170736 -7.96978
-0.198349 -7.93342
-0.034503 -7.93719
0.0187941 -7.89409
0.138396 -7.91649
0.196726 -7.88302
0.150405 -7.82253
0.353203 -7.84488
0.423446 -7.76034
0.580237 -7.79373
0.431139 -7.86094
0.474255 -7.86794
0.681692 -7.8066
0.543312 -7.86761
0.770667 -7.78015
0.638435 -7.8117
0.388534 -7.89555
0.290917 -7.91323
0.13907 -7.94102
0.04883 -7.939
0.313107 -7.88648
-0.0443907 -7.95627
-0.191571 -7.98747
-0.0147552 -7.96618
-0.181471 -7.98009
0.019556 -7.94712
0.0541582 -7.88926
0.23881 -7.87262
0.187589 -7.92694
0.36283 -7.8665
0.544482 -7.81754
0.456717 -7.80083
0.670856 -7.70952
0.533295 -7.72537
0.372846 -7.78485
0.214729 -7.83198
0.311435 -7.74827
0.100174 -7.79666
0.237553 -7.69917
0.105535 -7.68902
-0.0816135 -7.87029
0.198323 -7.67459
0.283422 -7.61876
0.41769 -7.4881
0.444412 -7.56109
0.472938 -7.62933
0.606864 -7.49342
0.717351 -7.5266
0.887033 -7.39733
0.676462 -7.37523
0.720624 -7.2649
0.627794 -7.22183
0.884873 -7.13245
0.639513 -7.12422
0.801455 -7.00127
1.00294 -6.85018
0.942021 -6.70195
1.20653 -6.68417
1.07016 -6.53159
1.33813 -6.4674
1.42702 -6.62753
1.34464 -6.73496
1.24022 -6.841
1.45233 -6.78632
1.27879 -6.98138
1.06479 -6.98413
1.10616 -7.06175
1.12941 -7.13445
0.920357 -7.25783
1.14326 -7.24936
1.13262 -7.37289
0.901295 -7.50332
1.07421 -7.50432
0.849002 -7.59764
0.667591 -7.62512
0.876414 -7.63622
0.719345 -7.7387
0.850023 -7.71601
1.07907 -7.59336
1.26186 -7.46696
1.34803 -7.34001
1.47013 -7.36764
1.31085 -7.50278
1.48198 -7.42363
1.41822 -7.48604
1.28659 -7.5602
1.4236 -7.49988
1.56637 -7.41084
1.54146 -7.43214
1.67524 -7.34555
1.74226 -7.27201
1.6285 -7.32254
1.80012 -7.16849
1.67208 -7.21296
1.84143 -7.04887
1.7119 -7.08325
1.55277 -7.24196
1.53027 -7.16489
1.35086 -7.22235
1.52233 -7.06523
1.33956 -7.10401
1.50229 -6.9362
1.67622 -6.90252
1.64977 -6.74956
1.60518 -6.61077
1.53914 -6.49717
1.7209 -6.40674
1.53372 -6.37162
1.61099 -6.24752
1.77517 -6.16754
1.77956 -5.94133
1.91222 -6.05191
1.94445 -6.2547
2.0486 -5.98876
2.08723 -6.15237
2.06283 -6.28214
2.15383 -6.1971
2.10711 -6.33045
2.01112 -6.45639
2.12973 -6.44566
2.18929 -6.25782
2.24682 -6.28718
2.31918 -6.27514
2.34331 -6.10489
2.26773 -6.15115
2.29674 -5.95895
2.22441 -6.11814
2.17821 -5.99861
2.25084 -5.74811
2.15001 -5.78517
2.05906 -5.77061
1.94272 -5.84865
1.98049 -5.60248
1.79237 -5.66313
1.86336 -5.33738
1.66454 -5.40222
1.70899 -5.16412
1.62796 -4.85443
1.80213 -5.0345
1.81266 -4.70366
1.62453 -4.50701
1.48983 -4.58791
1.47686 -4.34399
1.58681 -4.2951
1.49751 -4.09506
1.70337 -4.24797
1.58243 -3.99812
1.46986 -3.72761
1.66032 -3.94513
1.71526 -3.71182
1.56095 -3.38881
1.32082 -3.2639
1.11164 -3.17244
1.20893 -3.05036
1.1145 -2.90698
0.954974 -2.99536
0.990577 -2.70033
0.89255 -2.50626
0.751729 -2.43071
0.875815 -2.26796
0.723182 -2.15589
0.604161 -2.31724
0.675292 -1.86764
0.850233 -2.01335
0.836755 -1.78103
0.713814 -1.60174
0.586683 -1.43768
0.721743 -1.36104
0.930037 -1.54882
0.869379 -1.23276
1.03373 -1.3182
1.14503 -1.49587
1.11788 -1.71572
1.00256 -1.89315
1.21078 -1.95606
1.10202 -2.11712
0.976327 -2.13388
1.0662 -2.39175
1.24168 -2.24124
1.27437 -2.53496
1.14644 -2.67753
1.30451 -2.88794
1.45584 -2.68378
1.44009 -2.35889
1.61569 -2.59359
1.60096 -2.82972
1.49753 -2.92235
1.6626 -3.11426
1.74942 -2.85144
1.81168 -3.08742
1.83037 -3.31517
1.72784 -3.42562
1.46448 -3.11186
1.85961 -3.59752
1.88083 -3.86102
1.99261 -3.79105
2.01682 -4.15228
1.82057 -4.05276
1.91308 -4.40998
2.01794 -4.78087
1.94819 -5.05623
2.09524 -5.08908
2.04292 -5.34352
2.16347 -5.35469
2.10595 -5.58186
2.19993 -5.58739
2.28124 -5.44364
2.22056 -5.05212
2.34203 -5.20101
2.31735 -4.89153
2.22046 -4.7566
2.13153 -4.75179
2.16725 -4.47347
2.05774 -4.51421
2.18728 -4.16737
2.10577 -3.94455
2.23203 -3.8971
2.10629 -3.70483
2.19102 -3.59471
2.09364 -3.51586
2.09415 -3.2673
2.27536 -3.43342
2.23703 -3.04785
2.07695 -2.90217
2.10301 -2.61158
1.95145 -2.6324
1.96839 -2.95925
1.86941 -2.79566
1.87258 -2.97337
1.92945 -3.18149
1.98669 -3.484
1.78593 -2.5803
1.64822 -2.28421
1.82264 -2.35371
1.75745 -2.04177
1.60343 -2.01092
1.48563 -2.08408
1.48437 -1.827
1.61947 -1.84727
1.55562 -1.6798
1.70582 -1.6993
1.56252 -1.46642
1.43205 -1.5679
1.38449 -1.30653
1.29207 -1.4602
1.29713 -1.70209
1.3658 -1.93381
1.34594 -2.1134
1.19253 -1.25622
1.27701 -1.13163
1.16696 -1.05818
1.01908 -1.08179
1.07662 -0.902299
0.917654 -0.895124
0.820835 -0.994193
0.767342 -0.811279
0.652037 -0.89574
0.63264 -0.740781
0.509869 -0.76355
0.559508 -0.63593
0.587642 -0.516968
0.701324 -0.648542
0.782823 -0.546672
0.651258 -0.416642
0.846577 -0.434739
0.796809 -0.283878
0.621346 -0.176349
0.736751 -0.151823
0.525614 -0.0671319
0.869857 -0.153901
0.958961 -0.102686
1.04206 -0.263948
0.933935 -0.278337
1.09588 -0.380816
1.02886 -0.439585
1.20449 -0.506169
1.22845 -0.670755
1.03562 -0.536679
1.01857 -0.627049
1.19519 -0.770188
1.10319 -0.779947
1.2216 -0.860596
1.16434 -0.868876
1.24058 -0.974661
1.36841 -0.959019
1.36332 -1.11122
1.51123 -1.22522
1.6241 -1.16296
1.56093 -0.906962
1.38644 -0.617651
1.22582 -0.397744
1.12089 -0.250772
1.76584 -1.18015
1.91714 -1.41626
1.79221 -1.33719
1.69688 -1.41282
1.80689 -1.44745
1.83947 -1.6089
1.86135 -1.47814
1.94517 -1.61734
2.07914 -1.66649
2.18073 -1.87776
2.25031 -2.0225
2.21121 -2.04812
2.13762 -1.95744
2.2029 -2.16542
2.28526 -2.24739
2.23119 -2.38225
2.14287 -2.20778
2.16102 -2.44108
2.07938 -2.30409
1.95801 -2.25731
2.02643 -2.02042
1.87313 -1.89263
1.94139 -1.78036
2.0346 -1.7975
2.27133 -2.69421
2.32114 -2.52303
2.43899 -2.76992
2.41367 -3.04867
2.37391 -3.34467
2.49891 -3.30121
2.51508 -3.5726
2.61536 -3.40371
2.63121 -3.62438
2.58146 -3.88396
2.44899 -3.81818
2.45004 -4.1465
2.60805 -4.26552
2.4862 -4.48473
2.60728 -4.58427
2.54139 -4.7764
2.62968 -4.82165
2.5639 -5.02325
2.64441 -5.03078
2.56325 -5.27319
2.64472 -5.16374
2.65853 -5.28226
2.5974 -5.36368
2.73541 -5.07478
2.80625 -5.072
2.79022 -4.87527
2.70455 -4.84298
2.78518 -4.59358
2.67123 -4.66459
2.67893 -4.4779
2.73865 -4.28197
2.7067 -3.99581
2.79012 -4.07701
2.81409 -4.20235
2.82853 -4.35107
2.87649 -4.48638
2.86247 -4.92257
2.79152 -3.90907
2.74796 -3.81775
2.69556 -3.73871
2.73168 -3.7238
2.7132 -3.60954
2.67515 -3.52408
2.66859 -3.40064
2.66743 -3.29396
2.57748 -3.0924
2.6942 -3.18156
2.68767 -2.9656
2.56652 -2.73738
2.42534 -2.4813
2.52945 -2.47764
2.44617 -2.33576
2.37924 -2.2421
2.32112 -2.11809
2.31221 -1.99834
2.35536 -2.10334
2.42922 -2.16481
2.61671 -2.59161
2.67464 -2.74024
2.49701 -5.20869
2.49232 -5.39216
2.44108 -5.58481
2.43796 -5.31484
2.37688 -5.45033
2.44263 -5.02105
2.3444 -5.68191
2.39523 -5.86672
2.41484 -6.03005
2.41358 -4.70042
2.28846 -4.60189
2.37124 -4.41288
2.26185 -4.36733
2.31017 -4.16195
2.36508 -3.95472
2.33129 -3.71908
2.39633 -3.58514
0.90954 -0.730165
0.329455 -0.806747
0.512375 -0.980464
0.366152 -1.09364
0.548979 -1.22654
0.687873 -1.11364
2.11755 -4.92118
2.42201 -6.15897
2.00796 -6.6409
1.98579 -6.77872
1.91046 -6.7882
1.87867 -6.91697
1.78963 -6.90389
1.65321 -7.02392
1.84609 -6.69123
1.87085 -6.48416
1.75231 -6.58937
1.42775 -7.4937
1.26204 -7.58285
1.22623 -7.56934
1.03493 -7.66438
1.04824 -7.6129
0.822806 -7.67156
0.920929 -7.59526
0.757044 -7.61035
0.92676 -7.51525
1.05203 -7.55166
1.04094 -7.40937
0.721197 -7.52388
1.17687 -7.54115
0.534107 -7.61635
0.622559 -7.69502
0.287677 -7.71304
0.809957 -7.74475
0.899816 -7.72223
1.10859 -7.63931
0.982441 -7.68335
1.15663 -7.59851
0.476583 -7.70912
0.0960884 -7.75017
0.110572 -7.67591
-0.054512 -7.70015
-0.241149 -7.7349
-0.0793123 -7.783
-0.349713 -7.8122
-0.371785 -7.7541
-0.147765 -7.85971
-2.54628 -7.81471
-2.42513 -7.8591
-3.61205 -6.86544
1.18779 -7.24551
2.46145 -6.11765
2.40978 -6.24698
2.46582 -6.05099
2.19017 -6.50239
2.1768 -6.5119
2.55639 -5.75777
-3.31811 -7.01384
-3.14356 -7.03555
-3.25304 -7.22156
-3.37905 -7.08007
-3.47027 -7.01289
-3.56422 -6.90904
-3.47892 -7.08275
-3.356 -7.21092
-3.39937 -7.25211
-3.20575 -7.35244
-2.91141 -7.02762
2.07914 -1.66649
