-3.75926 -5.02233
-3.73144 -4.85378
-3.6557 -4.4264
-3.44313 -3.34427
-3.35383 -3.15784
-2.05202 -0.793904
-0.969984 0.0795778
0.127965 0.136687
0.653218 7.97808e-05
0.958961 -0.102686
1.12089 -0.250772
1.38644 -0.617651
1.76584 -1.18015
2.42922 -2.16481
2.61671 -2.59161
2.67464 -2.74024
2.87649 -4.48638
2.86247 -4.92257
2.84655 -5.25199
2.74061 -5.5298
2.68756 -5.64814
2.36647 -6.35507
2.27697 -6.50688
2.06264 -6.86608
1.9184 -7.08475
1.82158 -7.20273
1.67524 -7.34555
1.54146 -7.43214
1.4236 -7.49988
1.26204 -7.58285
0.770667 -7.78015
0.543312 -7.86761
0.13907 -7.94102
-0.0147552 -7.96618
-0.191571 -7.98747
-0.367479 -8.00575
-0.557878 -8.01093
-0.769264 -8.01145
-1.54011 -8.00175
-1.81723 -7.98292
-2.20961 -7.92219
-2.38063 -7.89308
-2.61317 -7.83394
-2.7757 -7.77747
-2.96442 -7.67256
-3.08304 -7.58551
-3.24809 -7.44807
-3.42984 -7.26629
-3.51548 -7.1407
-3.58512 -6.99254
-3.64919 -6.83856
-3.69615 -6.71629
-3.75666 -6.54116
-3.76149 -6.27676
-3.76054 -5.72674
