-4.58682 0.980955
-4.55396 1.18381
-4.39156 2.09428
-4.33868 2.30162
-4.28483 2.50497
-4.21906 2.67515
-3.35834 3.96047
-3.21514 4.10125
-2.90506 4.35657
-2.45922 4.71762
-1.90743 5.11032
-1.76812 5.20812
-1.60464 5.2648
-1.43675 5.30508
-0.754704 5.35229
-0.461214 5.32253
-0.339236 5.30872
0.552428 4.9801
0.699884 4.88304
0.850116 4.7741
0.998426 4.64931
1.13172 4.50093
1.2472 4.33842
2.04038 2.6425
2.3148 1.86722
2.55023 1.18433
2.6402 0.711094
2.66813 0.405484
2.64984 0.262097
2.62551 0.1271
2.58964 -0.00301397
2.28701 -0.792341
2.13709 -1.15243
2.00693 -1.42304
1.85532 -1.70619
1.71604 -1.92621
1.51173 -2.18839
1.36111 -2.30128
1.22554 -2.39384
1.04067 -2.50402
0.807707 -2.61086
0.586569 -2.70369
-0.487741 -3.14636
-0.614097 -3.156
-0.691055 -3.1533
-2.90296 -2.61057
-3.06098 -2.56361
-3.29823 -2.46832
-3.42545 -2.41556
-3.59649 -2.34026
-3.96541 -2.17048
-4.17323 -1.99172
-4.2472 -1.90365
-4.34546 -1.75965
-4.49625 -1.4953
-4.55264 -1.37717
-4.73465 -0.877733
-4.75824 -0.749503
-4.76701 -0.619535
-4.75072 -0.247356
-4.71976 0.00625002
