-3.84387 -1.48898
-3.85731 -0.712373
-3.79738 -0.292766
-3.36306 1.32051
-3.27163 1.62409
-3.12263 2.03218
-3.0184 2.25735
-2.84102 2.56623
-2.41749 3.2945
-1.92166 3.76146
-1.78985 3.86776
-1.61959 3.94742
-1.13939 4.12757
-0.123827 4.17625
1.60065 4.17227
1.80461 4.14691
1.93962 4.09006
2.21545 3.96284
3.30481 3.15377
3.62283 2.73164
4.47705 1.28284
4.69823 0.610996
4.81543 0.218785
4.8884 -0.450794
4.93415 -0.978134
4.95885 -1.29784
5.15865 -4.14341
5.15661 -4.30297
5.148 -4.78499
4.92733 -5.35691
4.851 -5.46785
4.74831 -5.56049
4.59409 -5.61767
4.45028 -5.65632
4.16789 -5.71933
3.92098 -5.7475
3.65523 -5.77661
1.95873 -5.92105
1.77252 -5.931
0.724469 -5.9415
-0.540235 -5.93966
-0.662375 -5.93831
-1.44947 -5.92587
-1.63485 -5.92221
-1.98236 -5.90666
-2.13387 -5.87456
-2.22613 -5.85445
-2.39586 -5.79058
-2.54948 -5.71249
-2.77653 -5.551
-2.85747 -5.48638
-2.96722 -5.38181
-3.07216 -5.26006
-3.1941 -5.05267
-3.21345 -5.01859
-3.31188 -4.83983
-3.39433 -4.63406
-3.48548 -4.39958
-3.50862 -4.3307
-3.54081 -4.17822
-3.71655 -3.11884
