-5.20953 2.2463
-5.2999 2.72587
-5.32754 2.91437
-5.34054 3.11644
-5.34899 3.3987
-5.21694 3.97183
-4.66999 5.66002
-4.28815 6.7614
-4.02973 7.2574
-3.55477 7.95904
-3.38386 8.14321
-2.39877 8.82411
-1.42017 9.06726
-0.866684 9.14195
-0.216966 9.02007
-0.0299635 8.98386
0.495454 8.68029
0.605659 8.61011
1.22441 8.00816
2.14607 6.98304
2.89555 5.54386
2.95969 5.39316
3.06479 4.78356
3.17329 3.77928
3.18797 3.05404
3.04889 2.66299
2.76091 1.88817
2.68476 1.71949
2.60981 1.56366
2.54476 1.44094
2.27746 1.05261
1.71729 0.246475
1.62083 0.11066
1.33322 -0.275236
1.07114 -0.545416
0.879917 -0.687992
0.684441 -0.821259
0.47207 -0.942032
0.209419 -1.08787
0.0980844 -1.14596
0.0226402 -1.1823
-0.122685 -1.2367
-0.216722 -1.26858
-0.339516 -1.29588
-0.546745 -1.30506
-0.641869 -1.29771
-0.699465 -1.29228
-0.786614 -1.27614
-0.837035 -1.26624
-1.04852 -1.2127
-2.0154 -0.907488
-2.25783 -0.825014
-2.48876 -0.735215
-2.54907 -0.70691
-2.66062 -0.65111
-2.81213 -0.565917
-2.8913 -0.518627
-3.0007 -0.446564
-3.17712 -0.298524
-3.37451 -0.13257
-3.51251 -0.0150588
-3.71521 0.195186
-4.48897 1.01153
-4.73247 1.29355
-4.83113 1.43231
-5.06566 1.90274
