1.12345 2.0691
0.647275 2.21892
0.568588 2.17363
0.702738 2.17791
0.608805 2.11255
0.750041 2.11009
0.638977 2.02966
0.794643 2.01962
0.672899 1.94893
0.851962 1.90131
0.678288 1.86551
0.805957 1.76472
0.992001 1.76783
1.05566 1.86697
1.17652 1.73146
1.10962 1.66655
1.26329 1.58528
1.14393 1.53673
1.32244 1.38837
1.14648 1.35941
1.29659 1.2096
1.4313 1.21442
1.52635 1.30828
1.59391 1.13669
1.47734 1.11061
1.5501 1.03214
1.69649 0.963128
1.77723 1.06541
1.84603 0.947827
1.88021 0.807024
1.96378 0.88299
1.93121 0.978444
2.09617 0.77535
2.29386 0.649938
2.10367 0.606551
2.36085 0.455699
2.17784 0.387336
2.34118 0.223225
2.51051 0.300063
2.57466 0.425762
2.63779 0.338616
2.64381 0.216099
2.96048 -0.077123
2.91291 -0.264499
2.84245 -0.273604
2.80009 -0.153343
2.86113 0.0531763
2.99379 0.101106
2.70749 0.12818
2.61555 0.0776739
2.50014 0.0924341
2.56742 -0.07319
2.66921 0.0036931
2.66812 -0.163556
2.74368 -0.0383973
2.71086 -0.369192
2.54645 -0.330787
2.60225 -0.576369
2.69661 -0.54317
2.84583 -0.482999
2.67897 -0.739234
2.80855 -0.757237
2.91872 -0.629137
2.9626 -0.49827
3.03816 -0.576896
2.95052 -0.315477
2.96419 -0.682271
2.95516 -0.77782
2.89327 -0.783293
2.89754 -0.950016
2.80488 -0.930943
2.70104 -0.960109
2.72714 -1.13232
2.62617 -1.16683
2.56559 -1.01798
2.55117 -0.785756
2.45822 -0.606804
2.44728 -0.907838
2.33321 -0.762539
2.35436 -0.485014
2.4235 -0.365286
2.32387 -0.218333
2.45086 -0.144957
2.37235 0.00623327
2.25763 0.0406856
2.19309 0.217433
2.14676 0.0995797
2.17851 -0.150704
2.25521 -0.461731
2.14178 -0.4277
2.20692 -0.709943
2.24711 -1.02857
2.35621 -1.04485
2.31548 -1.29986
2.43367 -1.1723
2.51679 -1.33179
2.40678 -1.3942
2.43129 -1.58054
2.53121 -1.59454
2.44824 -1.79608
2.53111 -1.79399
2.46222 -1.98268
2.54226 -1.90976
2.55038 -1.99444
2.42002 -2.19389
2.36343 -2.13926
2.36194 -1.98264
2.25565 -2.18176
2.26755 -1.95685
2.35429 -1.7808
2.26928 -1.75356
2.32852 -1.55846
2.19808 -1.5529
2.21138 -1.28171
2.13205 -1.34752
2.1424 -1.12513
2.15267 -0.893152
2.04326 -0.911292
2.10053 -0.654147
1.98764 -0.561629
2.04309 -0.397848
1.9121 -0.197056
2.05384 -0.174155
1.95402 0.0649257
2.07501 0.0298013
2.03738 0.267448
1.84267 0.301029
1.88019 0.464836
2.0193 0.479552
1.88707 0.631219
1.78633 0.7306
1.69402 0.821276
1.70015 0.70195
1.78253 0.66838
1.76496 0.597466
1.62474 0.627168
1.57396 0.764574
1.45369 0.675958
1.44012 0.851962
1.56114 0.913142
1.44865 1.00933
1.30854 1.00194
1.38763 1.11298
1.19796 1.16015
1.16416 1.02058
1.22566 0.84636
1.33693 0.800493
1.27915 0.669331
1.40185 0.528401
1.55975 0.512338
1.50906 0.383043
1.6716 0.335136
1.72175 0.480665
1.79114 0.123146
1.61378 0.189444
1.74582 -0.0262074
1.80871 -0.22229
1.87474 -0.446515
1.76396 -0.358412
1.80986 -0.601472
1.90852 -0.759714
1.82808 -0.763584
1.81573 -0.934051
1.73092 -0.747609
1.67404 -0.982917
1.62828 -0.799314
1.61066 -0.619695
1.6973 -0.494523
1.55937 -0.406393
1.63477 -0.271388
1.49004 -0.187574
1.55745 -0.0605436
1.36797 0.0472345
1.49912 0.126598
1.37333 0.218703
1.44669 0.287491
1.3161 0.360838
1.38153 0.415791
1.2548 0.513138
1.20355 0.430695
1.1057 0.591533
1.0803 1.19815
0.963545 1.28353
1.03946 1.34797
1.03167 1.4393
1.04554 1.5053
0.947113 1.5083
0.961006 1.63699
0.812703 1.57499
0.826996 1.67835
0.726679 1.68647
0.61041 1.76484
0.614077 1.67264
0.672673 1.59193
0.712577 1.47319
0.846076 1.38471
0.705247 1.32961
0.966975 1.40663
0.573616 1.29876
0.622987 1.40046
0.506118 1.36127
0.592579 1.49053
0.459169 1.44705
0.424607 1.52721
0.2941 1.38462
0.30979 1.53587
0.490486 1.65325
0.404961 1.71287
0.540701 1.82334
0.430045 1.82557
0.264512 1.73255
0.274709 1.82737
0.0751333 1.71306
0.0979605 1.79264
0.170547 1.86481
0.0179682 1.82144
0.0969477 1.91656
0.312217 1.93921
0.300117 2.04023
0.477311 2.03558
0.48861 1.93676
0.469617 2.11493
0.362571 2.12175
0.450718 2.16712
-1.12807 1.35036
-0.939591 1.49303
-0.810402 1.4772
-0.68594 1.6066
-0.872087 1.56065
-0.704585 1.65559
-0.505997 1.7449
-0.265082 1.87877
-0.213169 1.79275
-0.0685625 1.92905
0.0967169 2.01674
-0.0834694 1.99719
0.0674 2.07663
0.224983 2.1019
-0.464989 1.69248
-0.448596 1.61207
-0.109566 1.72476
-0.228529 1.55398
-0.629534 1.41943
-0.976623 1.31321
-0.851321 1.25767
-0.64657 1.28739
-0.452557 1.40693
-0.482059 1.30963
-0.312022 1.40924
-0.113378 1.43188
0.0841818 1.6041
0.159266 1.52457
0.254099 1.64389
0.294578 1.61284
0.0209351 1.31382
-0.260812 1.24858
-0.346255 1.29834
-0.488188 1.14854
-0.414947 1.11624
-0.279724 1.12823
-0.496241 1.01081
-0.388167 0.993878
-0.168327 1.05302
-0.391803 0.917919
-0.284223 0.894031
-0.509193 0.797723
-0.606936 0.863521
-0.832733 0.645023
-0.86727 0.76354
-1.05851 0.6493
-1.01093 0.738438
-1.13852 0.729592
-1.29162 0.628155
-1.33813 0.762979
-1.58059 0.650192
-1.53012 0.875073
-1.7434 0.797205
-1.78049 0.937165
-1.5669 1.01789
-1.35629 1.01933
-1.43221 1.10624
-1.53845 1.13307
-1.34706 1.21701
-1.28527 1.15822
-1.18833 1.25792
-1.14039 1.21297
-1.1665 1.11693
-1.03286 1.2068
-0.992723 1.13534
-1.13667 0.989718
-1.30855 0.898593
-1.15045 0.842351
-1.00815 0.93197
-0.93887 0.850917
-0.8575 0.995119
-0.918967 1.05512
-0.675712 1.14697
-0.708129 1.00722
-0.492712 1.23414
-0.56282 1.03243
-0.703791 0.912543
-0.819446 1.17937
-2.08497 0.921668
-1.86519 1.0396
-1.92222 0.819113
-2.09325 0.745953
-2.27874 0.662103
-2.42006 0.57361
-2.31433 0.500507
-2.11037 0.573414
-1.88894 0.673278
-1.95781 0.560996
-1.81541 0.502361
-1.61703 0.471242
-1.42802 0.490344
-1.53888 0.342194
-1.36532 0.36119
-1.18384 0.500081
-1.25117 0.323308
-1.03923 0.448123
-1.08917 0.260076
-0.798548 0.492991
-0.543091 0.674254
-0.466951 0.547487
-0.267279 0.75853
-0.366641 0.792297
-0.234828 0.847215
-0.0434999 0.957699
-0.0302362 0.793851
0.215365 0.997628
0.150345 0.814464
0.320575 0.905344
0.205982 0.685538
0.393146 0.819566
0.389194 0.675731
0.538556 0.805252
0.488873 0.96083
0.576362 1.10796
0.427152 1.0784
0.529337 1.19795
0.408409 1.20392
0.220185 1.13511
0.345357 1.28931
0.121518 1.19558
1.08942 0.403948
0.506027 0.647901
0.423496 0.51119
0.251217 0.483902
0.319463 0.290985
1.21477 -0.05607
1.17133 0.168039
1.25064 0.270763
1.35621 -0.161907
1.25559 -0.324613
1.41682 -0.344436
1.36099 -0.451527
1.46332 -0.558306
1.30459 -0.595363
1.43433 -0.79775
1.2677 -0.906738
1.17461 -0.66874
1.17017 -0.492568
0.824375 -0.474279
0.624038 -0.320061
0.60404 -0.605697
0.368114 -0.421444
0.422852 -0.107437
0.137171 -0.180329
0.26959 0.0685997
0.0576725 0.174042
-0.0763292 -0.103132
-0.168113 -0.000152498
-0.230275 0.126706
-0.091629 0.342947
0.093585 0.457845
0.0107441 0.528576
-0.0150747 0.65033
-0.182642 0.460853
-0.235771 0.566047
-0.470409 0.351304
-0.770337 0.308836
-0.757658 0.138326
-1.02774 0.0359655
-1.30611 0.0158152
-1.37554 0.152878
-1.49418 -0.0130836
-1.65564 0.105879
-1.43542 0.246133
-1.73397 0.331649
-1.86127 0.20013
-1.9269 0.335519
-2.01935 0.450671
-2.09242 0.305868
-2.22201 0.377845
-2.24476 0.141631
-2.04296 0.173362
-2.17556 -0.0329129
-1.95003 0.0222083
-2.08823 -0.206674
-1.86161 -0.175635
-2.03457 -0.411858
-1.78624 -0.444043
-2.04022 -0.660681
-1.83472 -0.842382
-1.51534 -0.562608
-1.54787 -0.321057
-1.30956 -0.236701
-1.21021 -0.47969
-1.03132 -0.198734
-0.903913 -0.0161635
-0.773863 -0.0703679
-0.925543 -0.395292
-0.691358 -0.216345
-0.497654 -0.006716
-0.568612 0.143783
-0.340115 0.25643
-0.347175 -0.0917531
-0.530314 -0.217083
-0.409171 -0.315265
-0.684821 -0.454034
-0.46737 -0.624867
-0.787344 -0.806676
-0.935666 -0.664721
-1.11413 -0.661629
-1.33633 -0.745799
-1.1458 -0.951423
-1.44597 -0.96023
-1.56306 -0.839017
-1.67895 -1.04986
-1.89985 -1.12402
-2.05832 -1.09193
-2.14449 -0.939219
-2.32893 -1.24874
-2.09479 -1.29301
-2.27036 -1.4302
-2.16107 -1.53515
-2.47722 -1.62782
-2.33638 -1.75959
-2.1323 -1.72729
-1.93181 -1.55379
-1.88289 -1.71394
-2.10696 -1.87097
-1.92634 -1.93105
-2.22298 -2.06058
-2.03565 -2.14561
-2.36084 -2.34385
-2.50298 -2.14824
-2.32106 -1.92114
-2.54294 -1.93833
-2.8133 -2.2299
-2.71254 -1.90695
-2.78697 -1.71351
-2.61971 -1.44879
-2.57765 -1.15127
-2.35803 -0.993927
-2.47047 -0.843071
-2.68183 -0.984884
-2.60649 -0.768191
-2.44233 -0.564283
-2.32489 -0.634071
-2.25791 -0.771219
-2.18319 -0.576185
-2.24452 -0.426201
-2.35246 -0.371576
-2.26707 -0.238916
-2.4201 -0.293534
-2.30019 -0.145369
-2.31889 -0.0687956
-2.44502 -0.0561529
-2.40693 0.205425
-2.51009 0.0387402
-2.58178 0.108243
-2.49011 0.383558
-2.35878 0.377806
-2.77847 -0.354786
-2.61626 -0.144177
-2.68124 -0.329814
-2.5864 -0.329531
-2.74325 -0.512882
-2.63244 -0.601435
-2.86256 -0.819846
-2.91174 -0.632464
-3.74841 -1.8042
-3.6116 -1.61206
-3.08036 -0.949659
-3.28346 -1.22121
-3.1622 -1.26409
-3.0114 -1.09471
-3.04293 -1.38054
-3.25111 -1.59642
-3.10348 -1.68642
-2.98507 -1.55384
-2.88829 -1.36513
-2.87413 -1.58087
-2.75455 -1.38154
-2.76057 -1.19895
-2.86181 -1.10382
-2.7468 -0.848374
-2.76246 -1.53768
-2.90978 -1.73593
-2.99221 -1.73632
-2.96145 -1.88092
-3.09474 -1.91676
-3.23033 -1.89856
-3.19841 -2.08902
-3.05058 -2.13837
-3.24007 -2.3034
-3.10848 -2.44483
-2.94203 -2.53524
-2.79472 -2.48453
-2.8378 -2.59746
-2.62815 -2.61053
-2.64103 -2.37494
-2.40022 -2.53601
-2.23795 -2.48366
-2.05902 -2.33332
-1.9883 -2.51389
-2.28103 -2.66376
-1.97901 -2.70119
-1.84476 -2.5916
-1.75155 -2.66894
-1.81843 -2.85902
-2.14156 -2.82257
-2.11367 -2.93135
-2.45832 -2.89357
-2.76877 -2.80659
-2.8927 -2.69385
-2.96511 -2.84112
-3.07689 -2.67514
-3.19953 -2.81836
-3.22533 -2.63415
-3.2876 -2.49876
-3.37452 -2.64409
-3.41702 -2.39288
-3.32469 -2.1408
-3.44828 -2.15976
-3.36958 -1.93226
-3.41067 -1.75836
-3.36986 -1.5138
-3.27044 -1.3909
-3.45573 -1.42048
-3.52535 -1.74538
-3.67597 -1.89537
-3.62134 -1.99874
-3.73036 -2.13837
-3.63956 -2.17655
-3.51708 -2.01428
-3.5672 -2.29985
-3.73581 -2.39028
-3.59584 -2.61843
-3.80815 -2.63973
-3.75061 -2.81852
-3.59984 -2.86137
-3.68929 -2.99791
-3.48181 -3.01405
-3.43095 -2.8344
-3.24502 -3.0275
-2.94561 -3.01852
-3.0088 -3.20184
-2.63904 -3.16803
-2.66777 -3.03001
-2.78135 -2.9325
-2.42402 -3.08377
-2.1738 -3.03708
-2.19244 -3.133
-1.88067 -3.12813
-1.94098 -2.99997
-1.71738 -3.01385
-1.43418 -2.93661
-1.54753 -3.08616
-1.23126 -3.09518
-1.52266 -3.20548
-1.87427 -3.27958
-2.11921 -3.21325
-2.3105 -3.27266
-2.34363 -3.1827
-2.68279 -3.30449
-2.41543 -3.37752
-2.05072 -3.38479
-2.30477 -3.49607
-1.90463 -3.51293
-1.76029 -3.41214
-1.59591 -3.47171
-1.499 -3.35017
-1.78791 -3.35216
-1.29097 -3.47171
-1.08383 -3.37009
-1.16487 -3.25493
-0.813948 -3.3006
-0.852646 -3.38785
-0.607268 -3.4315
-0.478235 -3.30344
-0.645827 -3.19108
-0.891903 -3.13933
-0.699464 -3.10592
-0.718716 -2.99198
-0.976044 -3.01668
-0.916417 -2.86482
-0.635587 -2.78534
-0.36835 -2.8961
-0.428975 -2.7301
-0.204154 -2.6449
-0.112522 -2.81442
-0.0306187 -2.98941
-0.282002 -3.10638
-0.0596132 -3.18129
0.177622 -3.17067
0.266921 -2.98223
0.472889 -3.13932
0.534362 -2.8267
0.778055 -3.031
0.683514 -3.28038
0.911325 -3.18418
0.847978 -3.33963
1.06606 -3.25488
1.1538 -2.94098
1.27206 -3.11655
1.38669 -2.98632
1.41299 -2.84867
1.36287 -2.77847
1.52946 -2.64427
1.31863 -2.62693
1.522 -2.37752
1.70965 -2.37207
1.66857 -2.23438
1.59452 -2.16079
1.4477 -2.1567
1.57197 -1.96887
1.71678 -2.03792
1.6696 -1.73324
1.53151 -1.77905
1.43174 -1.91494
1.41649 -1.67394
1.52742 -1.60625
1.46198 -1.58223
1.43739 -1.45371
1.24865 -1.51463
1.30873 -1.26659
1.46159 -1.11508
1.31311 -1.09494
1.07556 -1.14159
0.932385 -1.02667
0.840287 -0.783326
0.745568 -1.04523
0.606771 -0.852214
0.311827 -0.786656
0.471511 -1.08476
0.201447 -1.04432
0.0678968 -0.924364
0.0311251 -0.763447
0.0849504 -0.531266
-0.180707 -0.683391
-0.165329 -0.370963
-0.421242 -0.891424
-0.604716 -0.841733
-0.737579 -1.04884
-0.923189 -0.995409
-1.01188 -1.1355
-1.26118 -1.27453
-1.49668 -1.18537
-1.61173 -1.47286
-1.83854 -1.32558
-1.30774 -1.49885
-0.982729 -1.34386
-1.11836 -1.6399
-0.761849 -1.51018
-0.841239 -1.77325
-0.446589 -1.61175
-0.461756 -1.8917
-0.216261 -1.73678
-0.131717 -1.59176
-0.176033 -1.39894
0.0968447 -1.51317
0.198021 -1.28553
-0.0741405 -1.11908
-0.368879 -1.22264
-0.303168 -1.04653
-0.498849 -1.09451
-0.146184 -0.903827
-0.645948 -1.27398
-0.486671 -1.41138
0.336195 -1.48126
0.496446 -1.33889
0.532207 -1.5162
0.699733 -1.42959
0.666965 -1.66553
0.878449 -1.53006
0.876203 -1.26229
1.05881 -1.39777
1.05181 -1.70219
1.25657 -1.84552
1.09568 -1.95361
1.20369 -2.09042
1.33001 -2.04944
1.30058 -2.2061
1.32885 -2.37399
1.18466 -2.29882
1.16964 -2.49996
1.05885 -2.3828
1.0334 -2.16936
0.906931 -2.35748
0.830642 -2.15148
0.932096 -1.94432
0.701013 -1.93499
0.639702 -2.18623
0.400735 -2.0759
0.510769 -1.8264
0.397779 -1.66125
0.314406 -1.84139
0.0907173 -1.71724
0.239219 -1.59175
0.105585 -1.9542
-0.130007 -1.8733
-0.189871 -2.05681
-0.498587 -2.1478
-0.896597 -2.09507
-0.680099 -2.36246
-0.267924 -2.34121
-0.513784 -2.58278
0.0932646 -2.43391
0.080409 -2.19285
0.276858 -2.28062
0.483898 -2.44731
0.152488 -2.73252
0.673534 -2.63911
0.780247 -2.51856
0.734863 -2.32959
0.985492 -2.54827
0.865023 -2.75438
1.107 -2.6876
-0.873007 -2.63081
-1.03801 -2.41555
-1.17075 -2.60801
-1.32032 -2.48918
-1.29294 -2.27492
-1.26837 -2.03902
-1.07421 -1.90636
-1.26565 -1.84096
-1.08062 -1.78714
-1.54612 -1.7529
-1.48225 -1.96379
-1.73899 -2.03042
-1.59272 -2.19556
-1.84925 -2.2031
-1.80294 -2.3365
-1.6761 -2.32514
-1.6384 -2.45566
-1.46958 -2.69116
-1.1635 -2.78681
-1.14008 -2.94626
0.854682 -1.74723
0.670327 -1.23424
1.62017 -1.40143
1.80299 -1.52271
1.85527 -1.81398
1.93078 -1.58704
1.92685 -1.36226
2.04732 -1.51316
1.98484 -1.73066
2.08112 -1.78371
1.97475 -1.95301
2.0743 -2.03643
1.96566 -2.19791
2.04955 -2.27364
1.95175 -2.38479
1.98368 -2.5166
1.87404 -2.51917
1.85457 -2.37461
1.73664 -2.58013
1.84153 -2.14077
1.74553 -2.199
1.81383 -2.70423
1.59025 -2.84265
1.73193 -2.94413
1.46922 -3.12201
1.63365 -3.15249
1.79488 -3.0449
1.85591 -2.92244
1.95263 -2.91197
1.85319 -3.09181
1.72025 -3.19845
1.8199 -3.22584
1.95966 -3.02953
1.99445 -3.09536
2.09479 -2.88357
2.15301 -2.895
2.09493 -3.02107
2.24142 -2.79893
2.10988 -3.04416
1.96723 -3.20319
1.93012 -3.29708
1.84401 -3.37352
1.84648 -3.31724
1.7192 -3.48891
1.69744 -3.42932
1.64175 -3.36356
1.54387 -3.51614
1.47062 -3.47212
1.56734 -3.31208
1.41072 -3.39511
1.48956 -3.26748
1.33729 -3.32347
1.2583 -3.25507
1.13043 -3.40593
0.86137 -3.47542
1.00894 -3.57778
1.23768 -3.46902
1.19493 -3.5816
1.33245 -3.50229
1.32711 -3.57318
1.42207 -3.56825
1.32681 -3.63545
1.20175 -3.66617
1.24426 -3.72966
1.03831 -3.74876
1.05284 -3.67258
0.803667 -3.72882
0.758048 -3.62897
0.589344 -3.70089
0.501946 -3.58276
0.695599 -3.43498
0.547844 -3.43262
0.483817 -3.33166
0.325077 -3.44493
0.333399 -3.29144
0.160625 -3.32889
0.0632467 -3.25191
-0.0386362 -3.30763
-0.254347 -3.2391
-0.213836 -3.35767
0.0461702 -3.44116
-0.216839 -3.45668
-0.0602131 -3.55024
0.1202 -3.53359
0.10203 -3.58641
0.231592 -3.55862
0.19771 -3.49907
0.0505981 -3.66513
0.377346 -3.71505
0.232886 -3.75078
0.471393 -3.77317
0.182998 -3.82931
0.432299 -3.83185
0.420609 -3.8703
0.147234 -3.88437
-0.172977 -3.88723
-0.156613 -3.81875
0.0369711 -3.7712
-0.159522 -3.76395
-0.42862 -3.8087
-0.318595 -3.72246
-0.247462 -3.6669
-0.498963 -3.65518
-0.64741 -3.7668
-0.912674 -3.69011
-0.692412 -3.56028
-0.446426 -3.59537
-0.252981 -3.61494
-0.371151 -3.52712
-0.38366 -3.45685
-0.374542 -3.3996
-0.932465 -3.46287
-1.1144 -3.58036
-1.57105 -3.5954
-1.31117 -3.70955
-1.12954 -3.75453
-0.986903 -3.80401
-1.28483 -3.80687
-1.21021 -3.86749
-1.49101 -3.86781
-1.54173 -3.78867
-1.61296 -3.71121
-1.75485 -3.76488
-1.87573 -3.68744
-1.88102 -3.60446
-2.16486 -3.62014
-2.15729 -3.72925
-2.39556 -3.69858
-2.58354 -3.58605
-2.66588 -3.43836
-2.95163 -3.50849
-2.96702 -3.3584
-3.14964 -3.28746
-3.32228 -3.19302
-3.24077 -3.36359
-3.49649 -3.26651
-3.54303 -3.12894
-3.68051 -3.15955
-3.83119 -3.08074
-3.88286 -2.9354
-3.94644 -3.03957
-3.94177 -3.13842
-3.82108 -3.22092
-3.96732 -3.25388
-3.81394 -3.35206
-3.66319 -3.3151
-3.6543 -3.45638
-3.82096 -3.46247
-3.67043 -3.57373
-3.86138 -3.54905
-3.67946 -3.66461
-3.8465 -3.64005
-3.66186 -3.73585
-3.83177 -3.67413
-3.70819 -3.72422
-3.55599 -3.75344
-3.48164 -3.76688
-3.34297 -3.77953
-3.45756 -3.75612
-3.23496 -3.7919
-3.30042 -3.75553
-3.09393 -3.78954
-3.13091 -3.73265
-2.94208 -3.78529
-2.8758 -3.81396
-2.66535 -3.8323
-2.6645 -3.84521
-2.8286 -3.83317
-2.65839 -3.84118
-2.75517 -3.83115
-2.53967 -3.85095
-2.48464 -3.85292
-2.31949 -3.87752
-2.27616 -3.89179
-2.10691 -3.91278
-2.12599 -3.89075
-1.89112 -3.92564
-1.90519 -3.89019
-1.68832 -3.91409
-1.68485 -3.89598
-1.76636 -3.83786
-1.99016 -3.82997
-1.95375 -3.77919
-2.13273 -3.7976
-2.3653 -3.78795
-2.15467 -3.8498
-2.3619 -3.85544
-2.63369 -3.81092
-2.66539 -3.71548
-2.83254 -3.76145
-2.96064 -3.69732
-2.84768 -3.62543
-3.04336 -3.60834
-3.23141 -3.53085
-3.46514 -3.42226
-3.44268 -3.57727
-3.18916 -3.64721
-3.31907 -3.69871
-3.1295 -3.71708
-3.01888 -3.75866
-3.17651 -3.74771
-3.14711 -3.7897
-2.89087 -3.80045
-2.96774 -3.81642
-3.14624 -3.79663
-3.02847 -3.80926
-3.34948 -3.76757
-3.29239 -3.75076
-3.47499 -3.73161
-3.52322 -3.67385
-1.54361 -3.90516
-1.35627 -3.9014
-1.46954 -3.91638
-1.24541 -3.92351
-1.13762 -3.90274
-1.09376 -3.91633
-0.917857 -3.9092
-0.950112 -3.87565
-0.677858 -3.87124
-0.655608 -3.91133
-0.473062 -3.89666
-0.431285 -3.90945
-0.41585 -3.85834
-0.255027 -3.91953
0.00542068 -3.91214
0.0260258 -3.937
-0.365456 -3.93282
-0.58785 -3.9319
-0.562804 -3.93342
-0.733746 -3.93611
-0.851589 -3.93689
-0.817306 -3.92991
-1.04889 -3.93404
-1.04725 -3.9489
-1.33798 -3.94003
-1.3658 -3.93745
-1.5698 -3.93996
-1.62747 -3.93635
-1.82625 -3.93325
-1.96896 -3.93328
-2.07244 -3.91836
-2.0509 -3.91181
-2.23249 -3.89808
-2.44509 -3.86504
-2.33489 -3.8738
-2.44726 -3.833
-2.16425 -3.86737
-1.94633 -3.89735
-1.80678 -3.91393
-1.76688 -3.89168
-1.97203 -3.87518
-1.89349 -3.84901
-1.66075 -3.87993
-1.66943 -3.82774
-1.46248 -3.87385
-1.52329 -3.90963
-1.30308 -3.90871
-1.22529 -3.86362
-1.40634 -3.81653
-1.10131 -3.81475
-1.31911 -3.75637
-1.06867 -3.73814
-1.03398 -3.78058
-0.924598 -3.7888
-0.825083 -3.74051
-0.712682 -3.793
-0.61901 -3.73773
-0.722243 -3.6694
-0.543245 -3.67751
-0.599231 -3.60892
-0.399115 -3.6342
-0.412039 -3.73428
-0.243264 -3.6719
-0.199061 -3.5692
-0.441773 -3.55394
-0.38026 -3.44075
-0.0569582 -3.45481
0.124934 -3.54172
0.0819464 -3.46233
0.168414 -3.38503
0.448783 -3.49197
0.372263 -3.62127
0.62378 -3.60066
0.704098 -3.48047
0.634407 -3.40043
0.775658 -3.38571
0.751881 -3.26626
0.492124 -3.33199
0.597131 -3.16412
0.331621 -3.21185
0.0534191 -3.20895
-0.156421 -3.3198
-0.246387 -3.13781
-0.469783 -3.27616
-0.68854 -3.37688
-0.648376 -3.50618
-0.907105 -3.46175
-0.856798 -3.59445
-1.11771 -3.54872
-1.06573 -3.64949
-1.34077 -3.63898
-0.910691 -3.68488
-1.31502 -3.51124
-1.17272 -3.38222
-1.4076 -3.43173
-1.51116 -3.5239
-1.5996 -3.40456
-1.74958 -3.49711
-1.62912 -3.60517
-1.87138 -3.59694
-1.65162 -3.71972
-2.02236 -3.67373
-1.93933 -3.77312
-2.22976 -3.71009
-2.15566 -3.79665
-2.09887 -3.84031
-2.30728 -3.81073
-2.44054 -3.73547
-2.51423 -3.78196
-2.65106 -3.78667
-2.6738 -3.72699
-2.89252 -3.72518
-2.8196 -3.67049
-2.65395 -3.67146
-2.49845 -3.64788
-2.31774 -3.61732
-2.45747 -3.6111
-2.55172 -3.56192
-2.78926 -3.60179
-2.83179 -3.48568
-3.06344 -3.53028
-3.01071 -3.62509
-3.27635 -3.58456
-3.14575 -3.66734
-3.35167 -3.67223
-3.50589 -3.58288
-3.56184 -3.65055
-3.463 -3.71118
-3.60194 -3.69903
-3.65197 -3.72466
-3.74421 -3.66686
-3.80144 -3.68075
-3.87903 -3.60707
-3.94255 -3.6006
-3.97522 -3.57337
-4.0737 -3.45132
-4.08854 -3.4358
-4.19149 -3.31566
-4.18288 -3.31163
-4.09115 -3.40145
-4.17115 -3.30227
-4.08571 -3.34482
-4.00607 -3.45871
-3.95932 -3.42567
-3.92232 -3.37193
-4.05102 -3.25921
-4.09448 -3.20598
-4.05061 -3.14145
-4.15713 -3.11036
-4.1111 -3.04776
-4.01993 -3.07157
-4.03945 -2.96404
-4.11539 -2.84564
-3.99985 -2.82492
-3.88535 -2.78701
-3.9531 -2.66714
-3.88252 -2.50896
-4.01499 -2.49268
-3.87748 -2.29982
-3.80762 -2.04429
-3.92253 -2.1426
-3.87923 -1.94046
-4.09241 -2.68852
-4.01289 -2.28876
-4.61843 -2.36975
-4.58104 -2.28517
-4.56813 -2.49924
-4.54434 -2.4178
-4.52678 -2.59142
-4.49592 -2.54885
-4.46781 -2.7525
-4.49708 -2.72543
-4.43378 -2.88639
-4.38351 -2.96122
-4.36906 -3.04172
-4.43354 -2.92951
-4.34525 -3.0735
-4.28347 -3.19537
-4.25686 -3.19695
-4.31121 -3.08742
-4.40615 -2.95854
-4.31354 -3.06579
-4.28295 -3.1515
-4.21123 -3.22017
-4.11349 -3.25611
-4.47107 -2.82234
-4.28883 -3.16208
-4.19446 -3.29663
-4.28588 -3.12652
-4.3522 -2.9351
-4.43408 -2.76972
-4.39268 -2.77417
-4.43511 -2.59682
-4.46759 -2.34099
-4.51881 -2.3422
-4.51219 -2.15139
-4.54533 -2.22949
-4.55226 -2.0171
-4.57868 -2.14346
-4.55591 -1.22995
-4.53368 -1.04292
-4.46786 -1.03575
-4.4924 -0.845113
-4.56715 -0.944089
-4.51273 -0.729597
-4.48139 -0.496873
-4.45957 -0.317515
-4.42585 -0.127778
-4.39978 0.100262
-3.91931 1.35331
-3.82374 1.48249
-3.87276 1.27899
-3.93595 1.20736
-3.94904 1.09146
-3.89557 1.15208
-3.93658 0.996988
-3.85335 1.17659
-3.9092 0.951817
-3.99597 0.724454
-4.04538 0.802344
-4.11745 0.446745
-4.06258 0.38649
-4.13662 0.284154
-4.19714 0.156032
-4.22629 0.243054
-4.27558 -0.0872552
-4.30687 0.0392127
-4.23731 0.354727
-4.2976 0.221144
-4.35472 0.0471189
-4.31914 0.255352
-4.36082 0.316578
-4.28748 0.436618
-4.0687 0.938151
-4.01091 1.04128
-4.06409 0.85364
-4.09478 0.779251
-4.22681 0.515436
-4.20038 0.51063
-4.14269 0.643659
-4.17052 0.543118
-4.11313 0.690611
-4.15539 0.51535
-4.25384 0.384135
-4.39912 -0.241928
-4.35923 -0.294063
-4.43833 -0.553638
-4.39373 -0.534432
-4.33624 -0.405948
-4.28699 -0.248539
-4.21761 -0.113939
-4.29298 -0.399287
-4.20644 -0.374189
-4.11123 0.0243031
-4.14605 0.144758
-3.9934 0.354595
-3.9278 0.726396
-3.8809 0.652273
-3.8339 0.903995
-3.8353 1.05029
-3.74458 1.15236
-3.77408 1.27407
-3.77861 1.3969
-3.68235 1.47251
-3.71205 1.58343
-3.00314 2.66437
-3.19258 2.448
-3.31878 2.23676
-3.41857 2.06082
-3.52041 1.87288
-3.65703 1.74829
-3.61741 1.68575
-3.54584 1.66933
-3.60929 1.38599
-3.67898 0.957758
-3.79281 0.863721
-3.81589 0.587248
-3.9065 0.447726
-3.93392 0.214117
-4.04574 0.0353996
-4.03812 -0.164324
-3.90493 -0.0466877
-3.78612 0.340491
-3.77715 0.0546524
-3.87051 -0.235827
-4.01104 -0.430288
-3.86266 -0.545261
-3.99847 -0.714379
-3.93061 -0.808462
-4.04034 -1.00591
-4.12382 -0.787849
-4.15632 -1.06029
-4.13992 -1.28458
-4.2323 -1.23363
-4.20475 -0.98891
-4.2824 -1.0405
-4.32273 -1.36949
-4.35271 -1.1967
-4.33806 -0.943464
-4.41519 -1.18111
-4.38377 -0.853145
-4.46619 -1.33761
-4.42844 -1.46148
-4.39437 -1.43303
-4.43919 -1.72692
-4.49771 -1.60931
-4.50333 -1.89777
-4.45936 -2.0533
-4.38449 -1.9547
-4.42226 -2.21271
-4.3502 -2.23924
-4.32034 -1.98414
-4.22473 -2.09104
-4.24797 -2.40209
-4.33219 -2.52945
-4.246 -2.628
-4.29235 -2.75212
-4.16497 -2.82896
-4.13666 -2.58858
-3.9971 -2.80066
-4.02702 -3.02714
-4.14583 -3.0133
-4.08038 -3.15024
-4.17992 -3.08435
-4.12897 -3.20575
-4.00654 -3.29558
-4.06668 -3.32901
-3.95883 -3.41819
-3.8293 -3.39917
-3.85271 -3.50788
-3.7069 -3.56396
-3.80587 -3.59369
-3.92527 -3.51409
-3.99779 -3.50406
-4.03917 -3.41208
-4.0948 -3.39138
-4.16041 -3.26934
-3.69114 -3.6431
-3.61894 -3.47412
-3.45109 -3.5077
-3.4921 -3.40021
-3.67457 -3.34671
-3.55599 -3.24649
-3.72801 -3.23749
-3.80741 -3.27608
-3.93974 -3.22177
-3.85294 -3.12429
-3.93327 -2.98191
-3.80458 -2.93394
-3.86434 -2.65801
-4.00583 -2.54383
-3.90562 -2.36167
-4.0842 -2.28481
-3.94488 -1.98165
-4.09594 -1.99497
-4.16164 -1.854
-4.25043 -1.82352
-4.16185 -1.59321
-4.05769 -1.7425
-4.01557 -1.37966
-3.94713 -1.63774
-3.86286 -1.38091
-3.89436 -1.02237
-3.73779 -1.08473
-3.77585 -0.764266
-3.8636 -0.779151
-3.68907 -0.457062
-3.74594 -0.194293
-3.57892 -0.137052
-3.62157 0.172509
-3.6885 0.342555
-3.57435 0.533058
-3.64849 0.66323
-3.72685 0.632722
-3.56297 1.00087
-3.52412 1.29831
-3.43763 1.19449
-3.37474 1.53136
-3.46119 1.62069
-3.30054 1.85308
-3.41588 1.86779
-3.28035 2.10354
-3.4075 1.98878
-3.16217 2.08788
-3.05672 2.32508
-3.18083 2.32486
-3.06333 2.47719
-2.90239 2.59893
-2.80152 2.83359
-2.66296 2.81973
-2.8608 2.4427
-2.57632 2.64669
-2.8399 2.17062
-3.02216 2.16521
-2.9784 2.32065
-3.08978 1.81579
-3.16295 1.93775
-3.24165 1.72156
-3.27683 1.42022
-3.09775 1.45784
-3.26285 1.16108
-3.38772 1.03036
-3.51808 0.857485
-3.46422 0.739231
-3.47081 0.487288
-3.33445 0.826206
-3.30559 0.535684
-3.20199 0.817588
-3.16864 1.08781
-3.0645 0.999064
-2.97142 1.31067
-2.89705 1.62402
-2.9416 1.80239
-2.74666 1.95547
-2.60462 2.33086
-2.45054 2.19594
-2.68654 1.61846
-2.36551 1.90696
-2.48683 1.51424
-2.66281 1.3433
-2.84817 1.13177
-2.60349 1.14058
-2.81588 0.864118
-2.6372 0.759744
-2.86546 0.627827
-3.0548 0.691375
-2.98097 0.374271
-2.7767 0.48332
-2.79112 0.206683
-2.55427 0.48622
-2.40676 0.73501
-2.3847 1.02109
-2.18398 0.889237
-2.12374 1.24594
-2.31984 1.38149
-2.25702 1.71256
-2.02057 1.67964
-2.0616 2.08261
-2.18867 2.30573
-1.9675 2.47138
-2.07015 2.54344
-2.1757 2.58501
-2.3542 2.64685
-2.02673 2.99581
-2.25103 3.06496
-2.4423 2.98736
-2.30069 3.2281
-2.45874 3.13995
-2.26836 3.44203
-2.48903 3.2837
-2.35155 3.50266
-2.65796 3.13496
-2.18941 3.69894
-2.00916 3.97155
-2.02663 3.74047
-1.80339 4.05488
-1.82061 3.7742
-1.62092 4.07517
-1.56614 3.93432
-1.67415 3.65408
-1.94036 3.39684
-1.75465 3.34442
-1.76334 3.07221
-1.92982 2.76609
-1.7415 2.90615
-1.7442 2.69967
-1.52177 3.03224
-1.50874 2.56754
-1.27941 2.92719
-1.18251 3.28013
-1.37712 3.40812
-1.5876 3.29637
-1.52032 3.54929
-1.29509 3.68302
-1.43535 3.82253
-1.20008 3.93411
-1.35158 4.0839
-1.49331 4.10269
-1.42893 4.2513
-1.60223 4.24099
-1.46295 4.41803
-1.6811 4.33827
-1.48683 4.58397
-1.85814 4.17131
-1.22806 4.86278
-1.39191 4.76544
-1.28038 4.70358
-1.33082 4.56899
-1.17831 4.6303
-1.06122 4.78158
-0.979497 4.60116
-0.823719 4.77737
-0.864779 4.92057
-1.04732 4.93862
-0.883978 5.07747
-0.438464 5.1189
-0.67058 5.02674
-0.466107 4.97942
-0.665254 4.9
-0.535119 4.88272
-0.606795 4.76927
-0.76075 4.65453
-0.631134 4.61248
-0.463377 4.65348
-0.572205 4.46469
-0.786661 4.47171
-0.700793 4.30747
-0.553284 4.24417
-0.753668 4.10719
-0.884338 4.24467
-0.968544 4.02249
-1.10629 4.16332
-1.05035 3.76679
-0.841186 3.90437
-0.84164 3.698
-0.610597 3.93056
-0.658551 3.64153
-0.525585 3.77793
-0.478067 3.64523
-0.374863 3.91079
-0.271085 3.73312
-0.413679 3.40082
-0.637315 3.40635
-0.603204 3.18447
-0.474506 3.04554
-0.249849 3.18965
-0.345195 2.87436
-0.170499 2.88415
-0.290719 2.52509
-0.519147 2.66212
-0.468737 2.33317
-0.655402 2.29514
-0.522998 1.94001
-0.367834 2.20592
-0.330314 2.00991
-0.354236 1.73423
-0.190607 1.9636
-0.178551 1.61849
0.0213804 1.88011
-0.0765553 2.33004
-0.246968 2.20989
-0.135177 2.62221
0.00226307 2.70137
-0.0165863 3.04298
-0.12116 3.13299
-0.0150185 3.35042
-0.162871 3.54713
0.0251722 3.65597
-0.026968 3.89006
-0.178149 3.98027
-0.0242653 4.21914
-0.21761 4.13242
-0.373229 4.17521
-0.35655 4.4626
-0.175955 4.35848
-0.162683 4.57681
-0.267789 4.7045
-0.395393 4.84201
-0.203504 4.84949
-0.249987 4.96235
-0.287069 5.05768
-0.0983238 5.03999
-0.0588818 4.91092
0.134601 4.98356
0.110725 4.77907
-0.08428 4.74463
0.0173569 4.53206
0.261835 4.54954
0.357224 4.82163
0.516599 4.62149
0.434013 4.39684
0.236298 4.18832
0.496019 4.19243
0.412596 3.9273
0.184232 3.84112
0.303805 3.72403
0.165129 3.58979
0.323926 3.52652
0.1994 3.35292
0.41571 3.25012
0.239603 3.12288
0.363756 2.84134
0.146214 2.92014
0.103387 3.17614
0.212527 2.55262
0.070466 2.45943
0.139531 2.22806
0.359526 2.1752
0.229864 1.92774
0.203591 1.5895
0.414434 1.75701
0.422776 1.33056
0.682678 1.5287
0.686239 1.0137
0.931121 1.1419
0.878033 0.874901
0.857106 0.574698
0.588357 0.655963
0.678175 0.185768
0.278269 0.531518
0.345616 -0.0597536
0.0992661 0.197922
0.0023737 0.439276
-0.0369587 0.722265
0.121871 1.11716
-0.151507 0.97096
-0.166343 1.26481
-0.387355 0.981972
-0.274923 0.703239
-0.488366 0.635054
-0.383164 0.338605
-0.678442 0.316259
-0.558437 0.0302246
-0.804017 -0.214521
-0.558922 -0.24582
-0.636879 -0.550456
-0.858479 -0.761326
-0.634089 -0.941282
-0.811917 -1.1995
-0.543458 -1.39822
-0.800718 -1.55296
-0.680326 -1.75532
-0.92399 -1.88729
-0.993912 -1.44599
-1.22476 -1.68711
-1.18371 -2.07332
-1.41367 -1.96817
-1.47777 -1.66786
-1.63356 -1.86643
-1.65759 -1.62432
-1.78362 -1.73031
-1.82048 -1.44932
-1.935 -1.6645
-1.87986 -1.99094
-2.09949 -1.72026
-2.12207 -1.4014
-2.38315 -1.61287
-2.212 -1.92081
-2.55314 -1.86444
-2.59466 -1.6422
-2.82731 -1.5946
-2.95729 -1.93282
-2.57975 -2.19338
-2.91323 -2.2819
-3.23403 -2.1323
-3.16132 -2.37985
-2.94463 -2.50816
-2.5739 -2.51589
-2.86965 -2.71488
-3.2107 -2.62188
-3.09051 -2.90968
-2.75359 -2.91733
-2.91627 -3.09744
-3.15824 -3.09869
-3.33136 -3.00431
-3.34296 -3.17186
-3.07497 -3.25073
-3.3178 -3.33144
-3.08286 -3.408
-3.29428 -3.46673
-2.84286 -3.35895
-2.81337 -3.23404
-2.6023 -3.30249
-2.59114 -3.11387
-2.38184 -3.24007
-2.24646 -3.08689
-2.4215 -2.84985
-2.64806 -2.76167
-2.18028 -2.60126
-2.27007 -2.35316
-2.43238 -2.33462
-2.38394 -2.2561
-2.33016 -2.13221
-2.09083 -2.18703
-1.90776 -2.30119
-2.04583 -2.40607
-1.87356 -2.56591
-2.01632 -2.88072
-1.70884 -2.8144
-1.618 -2.58132
-1.72801 -2.3352
-1.53886 -2.39079
-1.58922 -2.14774
-1.35608 -2.30041
-1.41646 -2.57148
-1.17958 -2.57624
-1.31637 -2.76398
-1.12684 -2.88788
-1.36507 -2.95473
-1.49147 -2.78221
-1.55543 -2.95881
-1.49399 -3.12669
-1.2266 -3.15142
-1.42737 -3.30317
-1.01671 -3.24328
-0.964618 -3.08137
-0.886514 -2.90939
-0.916066 -2.70037
-0.6669 -2.82014
-0.644886 -2.53791
-0.948699 -2.43789
-1.14206 -2.32573
-1.00149 -2.20406
-0.754782 -2.24039
-0.660524 -1.99715
-0.475881 -2.17325
-0.410327 -1.83194
-0.128779 -2.09546
-0.277018 -2.4189
-0.548147 -2.35366
-0.32632 -2.73361
-0.0259809 -2.6035
0.272211 -2.3422
0.248604 -2.68453
-0.0171118 -2.78778
0.187559 -2.92608
-0.146195 -2.94357
-0.450697 -2.97213
-0.540667 -3.13378
-0.721975 -3.02959
-0.768459 -3.21793
0.0100374 -3.06883
0.20832 -3.09866
0.439716 -3.03895
0.558567 -2.80385
0.723722 -2.98063
0.809195 -3.10336
0.940441 -2.96268
0.936652 -2.75996
1.1811 -2.82725
1.01091 -3.10467
1.28776 -2.99034
1.1521 -3.21118
0.930585 -3.30563
1.03626 -3.38153
1.28067 -3.30235
1.36412 -3.11286
1.52735 -3.12581
1.56061 -2.86692
1.43291 -2.74443
1.60941 -2.63016
1.54411 -2.50692
1.37151 -2.61254
1.21691 -2.57836
1.43078 -2.39401
1.22388 -2.32907
1.04505 -2.52593
0.951192 -2.34931
0.792456 -2.58293
0.513461 -2.57916
0.664309 -2.41885
0.735902 -2.17844
0.513186 -1.99581
0.210573 -1.95804
-0.0479002 -1.73968
0.295185 -1.63974
0.0508013 -1.28442
-0.252312 -1.52028
-0.274253 -1.25486
-0.411715 -1.01582
-0.173475 -0.991696
-0.305907 -0.731862
-0.490763 -0.736509
-0.424581 -0.462925
-0.180706 -0.454959
-0.325051 -0.0980816
0.0147028 -0.154238
-0.133584 0.208579
-0.171645 0.492407
0.095149 -0.56486
-0.109494 -0.730648
0.0297861 -0.896427
0.29497 -0.888801
0.546551 -1.25543
0.619505 -0.814442
0.387973 -0.502835
0.717555 -0.368244
0.213786 -0.320298
0.938719 -0.836117
0.761729 -1.02927
0.884563 -1.20832
1.15106 -1.18041
1.25034 -0.82833
1.07792 -0.405441
1.33709 -0.534479
1.28118 -0.172112
1.02238 0.0942503
0.886271 -0.128032
1.23011 0.226508
1.07027 0.434347
1.02561 0.747107
1.17959 0.547457
1.20843 0.892627
1.1056 1.33834
0.919919 1.54308
1.06669 1.77386
0.811393 1.89034
0.581244 1.98307
0.697669 2.26639
0.520175 2.29528
0.555645 2.57062
0.404061 2.4899
0.5778 2.91703
0.772529 2.62648
0.751027 3.01048
0.612566 3.19023
0.581602 3.46553
0.440168 3.49021
0.445606 3.6637
0.61022 3.76778
0.610996 4.02945
0.769711 3.90087
0.816407 3.54742
0.917106 3.80816
0.999973 3.62314
1.03051 3.28237
0.857658 3.19563
0.726619 3.28509
0.949946 2.86027
1.17547 2.89869
1.10777 2.49047
0.937916 2.54652
0.930749 2.24103
1.14013 2.1152
1.32836 1.83721
1.2773 2.23245
1.48265 2.16006
1.34175 2.56794
1.53273 2.48773
1.48348 2.80234
1.33998 2.92919
1.43101 3.10582
1.26484 3.27693
1.46555 3.43677
1.26354 3.68578
1.4133 3.83872
1.21255 4.0276
1.34068 4.18815
1.1427 4.28244
1.16503 4.451
0.94818 4.46152
1.02508 4.17956
0.846829 4.28542
0.899315 4.04404
0.735326 4.14415
0.649837 4.36501
0.624263 4.1903
0.797216 4.43376
0.732192 4.56936
0.646693 4.74946
0.520558 4.78784
0.563486 4.8916
0.37701 5.00879
0.201983 5.10188
0.0279083 5.10458
0.0598774 5.20324
-0.167233 5.13457
0.722101 5.1198
1.02588 4.97726
0.836483 4.94847
0.602461 5.01904
0.717573 4.9167
0.865943 4.81802
0.723127 4.83101
0.823977 4.69611
1.01314 4.64792
1.07669 4.77575
1.18448 4.59294
1.33486 4.42241
1.31419 4.59561
1.47135 4.41125
1.83674 4.05355
1.97724 3.84697
1.75854 3.96164
1.66191 4.25425
1.52207 4.20911
1.57176 3.93493
1.79735 3.67868
1.61774 3.63093
1.80677 3.41284
1.6567 3.34828
1.80099 3.11057
1.60675 3.05705
1.76543 2.8458
1.65406 2.66419
1.8511 2.51377
1.69733 2.2383
1.8848 2.1348
1.80286 1.92563
1.71462 1.98804
1.71245 1.78676
1.83873 1.59697
1.94725 1.77219
1.9801 1.404
1.86861 1.22407
1.7107 1.44444
1.75936 0.919135
1.93878 0.902876
1.9908 0.518213
1.84254 0.304346
1.61811 0.587056
1.7294 0.26255
1.65571 0.207104
1.7774 -0.0536955
1.61207 -0.05808
1.51944 0.31455
1.42655 0.0501216
1.33739 0.446807
1.42246 0.657034
1.40856 1.02245
1.24713 1.18204
1.27429 1.42789
1.51562 1.34879
1.56138 1.76392
1.63524 1.99013
1.57539 0.977349
1.51527 -0.399893
1.72358 -0.427705
1.66424 -0.767411
1.47975 -0.802875
1.6042 -1.05833
1.75404 -1.07562
1.62645 -1.43319
1.41613 -1.15165
1.28227 -1.54415
1.45036 -1.79487
1.13901 -1.99641
1.4464 -2.1016
1.66847 -1.85643
1.65676 -2.21731
1.69842 -2.43609
1.86336 -2.2506
1.86009 -1.95551
2.02399 -1.99473
2.00064 -1.77346
1.87646 -1.6006
1.83733 -1.30198
1.98036 -1.29343
1.90296 -1.05103
1.82131 -0.770454
1.95615 -0.780109
1.88345 -0.462995
1.94822 -0.17008
2.03302 0.0618254
2.08241 -0.324511
2.01577 -0.534872
2.12276 -0.644295
2.05697 -0.789744
2.13565 -0.926127
2.02928 -1.01799
2.11457 -1.20254
2.08284 -1.51369
2.2176 -1.32283
2.21902 -1.06824
2.31051 -1.15292
2.2989 -0.966223
2.23776 -0.767472
2.39104 -0.771732
2.29989 -0.450773
2.1914 -0.474474
2.18718 -0.147386
2.31124 -0.151831
2.24093 0.135037
2.12211 0.202386
2.14632 0.4563
2.06202 0.771974
2.17953 0.723825
2.10241 0.962938
2.00396 1.07823
2.07917 1.20413
2.11401 1.5255
2.18026 1.05284
2.27751 1.18956
2.25475 1.61376
2.14872 1.93066
2.02795 1.99368
2.07926 2.21044
1.97831 2.28996
2.03472 2.49238
1.92707 2.80976
2.04929 2.69545
2.07823 2.85923
1.93446 3.00526
1.9534 3.16201
2.0953 3.0486
2.05297 3.22665
1.9443 3.34849
1.90795 3.48607
2.02057 3.38378
1.97874 3.53634
1.95511 3.69782
2.08216 3.53272
2.11264 3.40212
2.13931 3.60785
2.14176 3.2553
2.17905 3.08403
2.30889 2.94508
2.24309 2.83839
2.39843 2.71489
2.6461 1.9471
2.56845 2.20226
2.4699 2.15382
2.5849 1.80512
2.50136 1.81715
2.373 2.02589
2.43637 1.69502
2.5175 1.52395
2.45676 1.33673
2.34218 1.72138
2.35536 1.34997
2.4365 0.893447
2.3091 0.733149
2.41777 0.540282
2.3715 0.391608
2.46657 0.266625
2.38031 0.0844916
2.27116 0.410617
2.52704 -0.0556945
2.43805 -0.337101
2.54724 -0.346928
2.51537 -0.600905
2.49699 -0.848518
2.43518 -1.11873
2.56116 -0.960189
2.53177 -1.2117
2.47347 -1.27389
2.42379 -1.41443
2.32203 -1.37008
2.31859 -1.60858
2.41264 -1.70898
2.51923 -1.46221
2.48622 -1.34257
2.60241 -1.27229
2.61586 -1.40738
2.68865 -1.23062
2.65012 -1.0412
2.74879 -1.00422
2.72509 -0.844609
2.79046 -0.817523
2.84068 -0.921694
2.77854 -1.18064
2.88834 -1.10799
2.91066 -0.89493
2.92139 -0.738872
2.98749 -0.817279
2.99279 -0.536462
2.89334 -0.544656
2.9329 -0.287468
2.84233 -0.378729
2.83144 -0.141266
2.9091 -0.0366903
2.98202 -0.0829528
2.93941 0.151504
2.83293 0.164912
2.8908 0.396785
2.78497 0.481737
2.73459 0.28931
2.72289 0.00336093
2.64972 0.248742
2.6187 0.0302329
2.56378 0.224957
2.64347 -0.240907
2.59306 0.425606
2.5096 0.489084
2.54811 0.647777
2.57789 0.933992
2.66297 0.546361
2.72735 0.817903
2.84527 0.663184
2.81601 0.920266
2.7223 1.10497
2.82477 1.17633
2.67914 1.37504
2.63738 1.24359
2.58644 1.40423
2.58095 1.59687
2.5676 1.25279
2.65422 1.58523
2.72144 1.64121
2.74433 1.44129
2.83735 1.36578
2.90856 1.15279
2.92623 1.02152
2.89095 0.961403
2.94034 0.871316
2.90958 0.784047
2.98591 0.70001
2.94757 0.562554
3.00045 0.332576
3.03573 0.471945
3.07606 0.256379
3.12405 0.378836
3.07283 0.572248
3.14465 0.550359
3.06717 0.749334
3.17091 0.667156
3.14054 0.869699
2.99375 1.01108
2.98155 0.874305
2.94621 1.23897
3.0632 1.09834
3.01122 1.2853
2.88318 1.48594
2.99693 -0.828156
3.0286 -0.935151
2.93766 -0.973688
2.88495 -1.10516
2.81089 -1.17356
2.8049 -1.03599
2.72926 -1.3121
2.63956 -1.38908
2.69328 -1.48949
2.76164 -1.36959
2.74016 -1.54644
2.83585 -1.32698
2.79571 -1.59755
2.89479 -1.37108
2.85408 -1.54793
2.92561 -1.3674
2.92098 -1.47049
3.01181 -1.23488
2.95934 -1.23174
3.01716 -1.07627
3.08543 -1.0307
3.08615 -0.939276
3.17632 -0.856777
3.12684 -0.990544
3.19729 -0.813941
3.26816 -0.687418
3.24612 -0.620473
3.21726 -0.717597
3.19437 -0.685015
3.17296 -0.789494
3.14728 -0.899918
3.13111 -0.889405
3.14232 -0.759077
3.09042 -0.979673
3.09256 -1.0511
3.02632 -1.217
3.03119 -1.24221
3.05865 -1.18873
3.07905 -1.13009
3.03627 -1.22355
2.98631 -1.36518
2.9982 -1.34882
2.93071 -1.52708
2.91078 -1.58136
2.82643 -1.7318
2.81528 -1.7899
2.70068 -2.01267
2.7122 -1.91292
2.77612 -1.76062
2.66833 -1.94891
2.73246 -1.78268
2.67711 -1.80666
2.59697 -2.02857
2.60275 -1.81284
2.66523 -1.66356
2.60942 -1.62987
2.50955 -2.1515
2.53938 -2.19729
2.42409 -2.32092
2.31172 -2.40833
2.29726 -2.31002
2.20163 -2.49672
2.19872 -2.38425
2.12741 -2.34419
2.16294 -2.11691
2.09342 -2.54334
1.93452 -2.75926
2.07964 -2.68474
2.20662 -2.60287
2.09517 -2.78581
2.2131 -2.69498
2.22562 -2.73923
2.30773 -2.59535
2.31697 -2.51371
2.41504 -2.43109
2.35474 -2.57758
2.49487 -2.33788
2.52059 -2.3353
2.60947 -2.12546
2.62681 -2.18319
2.45612 -2.50725
2.54605 -2.36868
2.68857 -2.09906
2.73812 -1.98316
2.72075 -1.98795
2.7951 -1.85996
2.88343 -1.64968
2.88058 -1.63949
2.7762 -1.85848
2.88163 -1.60433
2.75166 -1.84632
2.84975 -1.53183
2.72219 -1.75497
2.80032 -1.56488
2.84703 -1.39697
2.91911 -1.24785
2.79712 -1.34525
2.76123 -1.55384
2.6942 -1.46873
2.6395 -1.74671
2.60942 -1.96168
2.63245 -2.04196
2.50374 -2.21998
2.53123 -2.00899
2.42432 -2.23773
2.44958 -2.09347
2.47306 -1.95432
2.5564 -1.78662
2.49977 -1.73986
2.58464 -1.59092
2.61756 -1.65382
2.42029 -1.91436
2.31704 -1.99808
2.30144 -1.80819
2.21458 -1.95493
2.22818 -1.77262
2.14123 -1.91386
2.12379 -1.763
2.11098 -2.07774
2.01126 -2.19108
2.07055 -2.24517
2.17794 -2.16089
2.07368 -2.42143
2.24288 -2.26338
2.36787 -2.15897
2.27126 -2.37601
2.32262 -2.41417
2.35904 -2.49971
2.25686 -2.60373
2.1958 -2.57799
2.15185 -2.76759
2.22767 -2.73669
2.1115 -2.92959
2.18807 -2.88142
2.27624 -2.71171
2.25164 -2.83279
2.36115 -2.59106
2.43975 -2.41696
2.51764 -2.32767
2.41083 -2.55706
2.49002 -2.43268
2.59632 -2.21378
2.6397 -2.08983
2.69037 -2.01095
2.68411 -2.05126
2.71715 -2.00679
2.63212 -2.19
2.5179 -2.41174
2.41381 -2.61348
2.42858 -2.57006
2.29453 -2.77598
2.3384 -2.67112
2.38301 -2.58464
2.24335 -2.76002
2.26317 -2.86759
2.38729 -2.6447
2.28552 -2.81741
2.29759 -2.77488
2.20256 -2.95651
2.17876 -2.98265
2.07115 -3.12357
2.10561 -3.0965
2.11379 -3.06805
2.00132 -3.23133
1.88004 -3.3677
1.7874 -3.47502
1.75283 -3.4956
1.64301 -3.59844
1.57012 -3.64444
1.57211 -3.58841
1.41972 -3.69953
1.42679 -3.63218
1.2972 -3.74721
1.15349 -3.80314
1.03808 -3.80688
0.852729 -3.85721
0.847829 -3.81558
0.671021 -3.86015
0.6181 -3.82207
0.553485 -3.89129
0.265237 -3.90687
0.394101 -3.92018
0.292533 -3.92381
0.533746 -3.92236
0.63955 -3.90002
0.799824 -3.8878
0.6275 -3.90363
0.841737 -3.87651
1.00214 -3.85557
1.09668 -3.83431
1.2022 -3.80634
1.28438 -3.7866
1.10333 -3.80708
1.35141 -3.72545
1.19144 -3.75491
1.27484 -3.71037
1.39796 -3.64551
1.25678 -3.67145
1.39962 -3.56988
1.1822 -3.61771
1.30354 -3.52201
1.45182 -3.43672
1.58547 -3.44211
1.64199 -3.28922
1.47252 -3.31124
1.61886 -3.19756
1.73097 -3.13987
1.84728 -3.11669
1.83561 -2.99727
1.70757 -3.06035
1.81937 -2.8829
1.68048 -2.94657
1.78498 -2.75764
1.77413 -2.5582
1.915 -2.56417
1.94484 -2.68336
1.95905 -2.37596
2.08021 -2.62818
1.95301 -2.82217
2.06455 -2.78332
1.94553 -2.93584
2.01661 -2.94951
1.95292 -3.1388
1.7657 -3.3074
1.82041 -3.3318
1.96088 -3.19537
2.07376 -3.05382
2.05122 -3.14545
2.15496 -2.98904
1.91745 -3.28518
1.94108 -3.26842
1.80308 -3.42336
1.72306 -3.52913
1.63848 -3.57425
1.57293 -3.64896
1.44685 -3.72357
1.45041 -3.74026
1.50936 -3.66322
1.52673 -3.61775
1.67322 -3.49803
1.5443 -3.53812
1.67924 -3.43082
1.99294 -3.23253
2.17953 -2.45416
1.30041 -3.4337
1.11749 -3.46456
1.18451 -3.52626
1.02548 -3.58254
0.974934 -3.69219
1.10402 -3.702
0.934715 -3.7704
1.14156 -3.73203
1.05052 -3.78214
0.844357 -3.839
0.64469 -3.87994
0.534295 -3.90106
0.450088 -3.89319
0.545862 -3.87906
0.632393 -3.86479
0.456913 -3.86986
0.653106 -3.83732
0.403319 -3.84188
0.242317 -3.87081
0.282833 -3.89371
0.0572033 -3.90041
0.24566 -3.91473
-0.0579367 -3.93431
0.10456 -3.9345
0.390746 -3.91394
-0.236735 -3.9431
-0.27693 -3.93191
-0.48464 -3.92392
-0.534791 -3.93337
-0.774979 -3.93051
-1.06221 -3.91477
-1.19378 -3.92595
-0.864752 -3.90285
-0.649196 -3.89924
-0.804881 -3.86205
-0.562242 -3.87842
-0.370676 -3.90986
-0.387441 -3.82159
-0.235597 -3.85771
-0.131966 -3.88397
-0.168726 -3.92676
0.0628023 -3.86547
-0.0769014 -3.83744
0.102929 -3.80696
0.222311 -3.83422
0.322809 -3.78944
0.148861 -3.74854
-0.0424013 -3.77928
-0.0290499 -3.67663
-0.213177 -3.7596
-0.191824 -3.82037
-0.538456 -3.78649
-0.596713 -3.83888
0.193157 -3.66202
0.341373 -3.71315
0.498738 -3.68356
0.509773 -3.74639
0.525692 -3.80134
0.728254 -3.75752
0.637412 -3.69585
0.815454 -3.64999
0.88595 -3.52371
-1.01373 -3.87774
0.86504 -3.42582
1.35641 -3.75166
1.01398 -3.84664
2.22257 -1.56526
2.96426 -1.04922
2.99019 -1.11056
2.97538 -1.28471
3.04438 -1.01459
3.01103 -0.960655
3.05017 -0.821022
3.05885 -0.633709
3.01998 -0.610552
3.05177 -0.456995
3.11639 -0.42563
3.07053 -0.238624
3.11335 -0.16
3.16258 -0.226075
3.15267 -0.00731406
3.1057 0.0337423
3.13985 0.176777
3.18559 0.208647
3.1912 0.0204147
3.22268 -0.224055
3.27293 0.643694
3.19458 -0.41967
3.20697 -0.578386
3.15532 -0.585307
3.17873 -0.652707
3.10079 -0.67632
3.09015 -0.845358
3.02852 0.109197
3.05664 -0.0713408
3.08863 -0.10537
3.02959 -0.169435
3.01497 -0.294095
3.03884 -1.11797
2.95073 -1.43344
2.95984 -1.43335
2.02592 -2.90935
2.93816 -1.13874
2.6471 1.07046
2.75831 -0.314045
2.68035 -0.504955
2.77934 -0.610027
2.65518 -0.764072
2.60574 -0.623297
2.59866 -0.468648
2.56526 -0.762764
2.84756 -0.723425
2.35912 -1.01208
2.24548 1.92436
2.276 2.04928
2.17474 2.22187
2.26216 2.25994
2.17282 2.52597
2.32209 2.35778
2.2686 2.60762
2.41275 2.49802
2.36955 2.42675
2.56086 2.38509
2.47678 2.55004
1.04572 -1.72103
0.828358 -1.88436
0.873685 -1.65332
0.611634 -1.68602
0.799546 -1.46117
0.403064 -1.83507
1.02124 -1.46766
0.395753 5.15073
1.0714 3.8641
1.13026 3.55631
-0.918642 -3.34232
-1.66201 -3.25957
-1.75059 -3.06439
-1.86545 -3.22297
-1.99156 -3.11458
-2.1017 -3.27313
-1.83807 -3.36125
-2.05062 -3.45983
-2.34741 -3.37752
-2.33279 -3.51186
-2.11801 -3.57698
-2.59329 -3.43936
-3.55457 -3.01378
-3.70401 -3.12211
-3.68256 -2.7717
-3.5234 -2.84474
-3.44783 -2.93401
-3.36399 -2.83316
-3.52447 -2.62423
-3.44212 -2.33873
-3.6226 -2.41304
-3.7353 -2.50513
-3.73623 -2.17433
-3.52025 -2.00381
-3.7112 -1.83247
-3.8263 -1.92578
-3.84005 -1.70503
-3.69856 -1.4727
-3.54986 -1.69872
-3.53434 -1.4483
-3.56111 -1.16941
-3.56656 -0.73808
-3.3841 -0.971616
-3.29935 -0.665337
-3.40161 -0.449324
-3.53711 -0.380622
-3.36358 -0.124121
-3.44419 0.18907
-3.2244 0.270924
-3.07398 0.0222224
-3.15606 -0.336387
-2.96691 -0.151967
-2.89291 -0.316487
-2.96061 -0.63067
-2.59072 -0.357999
-2.6382 -0.659655
-2.79063 -0.846381
-2.53364 -0.893473
-2.76054 -1.07383
-3.0005 -0.995296
-2.91145 -1.16962
-2.78489 -1.31147
-2.48851 -1.2493
-2.61839 -1.48317
-3.05491 -1.29738
-3.17099 -1.59714
-3.35218 -1.3107
-3.21964 -1.09025
-3.19747 -0.870226
-3.40829 -1.58202
-3.32614 -1.83021
-2.21578 -0.983789
-2.29964 -0.586278
-1.91666 -0.676113
-2.01088 -0.366156
-2.19413 -0.198813
-2.3924 -0.0337971
-2.0068 0.253038
-2.45587 0.22456
-2.72335 -0.0702604
-2.90665 -0.00888321
-2.26038 0.547787
-1.96681 0.729729
-1.93048 1.09091
-1.72304 0.983462
-1.70372 1.29541
-1.85944 1.44374
-1.69775 1.8196
-1.80471 2.08091
-1.5824 2.18796
-1.48254 2.01302
-1.49562 1.7671
-1.31436 1.98003
-1.35018 1.7107
-1.13409 1.82396
-1.14407 2.25108
-1.35769 2.28349
-1.16784 2.64488
-1.66753 2.31097
-1.79155 2.37778
-0.963055 2.51047
-0.909301 2.8273
-1.03254 3.04619
-0.79374 3.13659
-0.879282 3.39832
-1.02531 3.54279
-1.18425 3.54419
-0.688895 2.88518
-0.813644 2.65794
-0.69823 2.59569
-0.816175 2.41424
-0.815533 2.15948
-0.958459 2.19367
-0.917319 1.94561
-0.955062 1.6249
-1.17462 1.3834
-1.33473 1.47194
-1.3577 1.20183
-1.52039 1.22653
-1.50557 0.954836
-1.27903 1.02167
-1.45174 0.70029
-1.71037 0.66457
-1.63275 0.42059
-1.59877 0.0645402
-1.90643 -0.104302
-1.77888 -0.287292
-1.62726 -0.228309
-1.67106 -0.44869
-1.50578 -0.267284
-1.5402 -0.569353
-1.32831 -0.443839
-1.30751 -0.0278662
-1.26291 0.344535
-1.4206 0.450956
-1.18634 0.751339
-0.99579 0.589629
-1.07486 0.227544
-0.874446 0.418634
-0.90865 0.133328
-1.08793 -0.143026
-1.08875 -0.619768
-1.31925 -0.808822
-1.20483 -0.939761
-1.35296 -1.13115
-1.17588 -1.2364
-1.36141 -1.4252
-1.56982 -1.33784
-1.48967 -0.998077
-1.63441 -1.07642
-1.74348 -1.19782
-1.75538 -0.942645
-1.9298 -1.11363
-1.69488 -0.696124
-1.596 -0.842738
-1.45357 -0.732258
-1.09347 -0.925581
-0.993079 -1.06029
-1.00972 -0.828179
-0.686275 0.784937
-0.880963 1.00132
-0.629178 1.20957
-0.754907 1.48599
-1.0349 1.20589
-0.763347 1.90993
-0.52821 1.54268
-0.39618 1.35063
-0.527369 1.08627
-1.50729 1.50306
-1.65168 1.56175
0.00122929 1.50058
0.420794 0.940005
0.128514 4.38932
-1.03089 4.3764
-1.22876 4.27925
-1.23275 4.45588
-2.10114 3.45372
-2.62779 3.03583
-4.21559 -1.4362
-4.26302 -1.61154
-4.27632 -1.44776
-4.31557 -1.57366
-4.32093 -1.77223
-4.37257 -1.64316
-4.24894 -3.0692
-4.24008 -2.94369
-4.32265 -2.86332
-4.37051 -2.66661
-4.40135 -2.43862
-4.54103 -1.80569
-4.58087 -1.85556
-4.57741 -1.97939
-4.6102 -1.68855
-4.55539 -1.63765
-4.59544 -1.46758
-4.52095 -1.38885
-4.39759 -0.693258
-4.43536 -0.733539
-4.34762 -0.600194
-4.31628 -0.650666
-4.25352 -0.726699
-4.15491 -0.504453
-4.12292 -0.204942
-4.20877 -0.812828
-3.99323 -3.52964
-1.61193 -3.92112
-1.69415 -3.94022
-0.565316 -3.84314
-0.717381 -3.83303
-0.441634 -3.18867
-0.530798 -3.08695
2.17919 -1.8709
2.0419 -1.23332
1.92612 -1.07659
1.77731 -1.21065
1.62438 -1.15874
1.5808 -1.04662
1.55613 -0.911714
1.54232 -0.732574
-2.87149 -1.9904
-0.237471 -0.165578
-1.46795 -0.145995
-1.6383 -0.171373
-0.212183 0.668411
-0.110788 0.669879
-1.69774 1.05608
0.565364 1.88884
1.62452 0.0227619
1.69492 -0.147452
2.74896 0.0644677
2.50071 0.549808
1.89208 1.09308
1.63789 1.36944
1.57527 1.5354
1.23737 1.9498
1.27307 1.81552
1.44156 1.68685
1.36596 1.65262
1.45079 1.48202
1.10669 1.96945
1.0053 2.05623
0.963603 2.13037
0.885968 2.08804
0.834386 2.1741
0.951008 1.99209
1.72105 1.21967
0.573616 1.29876
1.05881 -1.39777
