-4.43744 5.00019
-4.82483 5.13805
-4.92674 5.10863
-4.80876 5.11306
-4.93169 5.06696
-4.80724 5.06431
-4.95471 5.00768
-4.81511 4.9959
-4.98005 4.95359
-4.82469 4.90562
-5.03933 4.9014
-4.95222 4.81078
-4.73446 4.78539
-4.6151 4.85414
-4.54898 4.73565
-4.65529 4.69379
-4.52235 4.61118
-4.67236 4.5849
-4.53832 4.44407
-4.74169 4.43989
-4.63567 4.29917
-4.49533 4.29258
-4.36854 4.36655
-4.37331 4.22354
-4.49397 4.20623
-4.45544 4.13877
-4.35155 4.08075
-4.23813 4.16381
-4.22904 4.06975
-4.2636 3.95871
-4.15413 4.01804
-4.13593 4.09171
-4.08693 3.93307
-3.9679 3.83274
-4.14825 3.7949
-3.97926 3.6696
-4.15842 3.60872
-4.06685 3.46703
-3.90684 3.5404
-3.81192 3.64968
-3.79591 3.5807
-3.82861 3.47445
-3.70009 3.25137
-3.80445 3.0912
-3.84807 3.07212
-3.8309 3.16736
-3.72403 3.3522
-3.61423 3.40526
-3.81245 3.40485
-3.89326 3.35275
-3.97694 3.35854
-3.98036 3.22084
-3.88089 3.29486
-3.93212 3.14898
-3.83931 3.2641
-3.96991 2.97677
-4.0801 2.99818
-4.11675 2.79026
-4.04523 2.83056
-3.9201 2.89584
-4.11948 2.65942
-4.03973 2.65895
-3.92751 2.78294
-3.85422 2.89955
-3.83022 2.84091
-3.79801 3.05272
-3.92953 2.75035
-3.9766 2.67251
-4.00385 2.6525
-4.06777 2.51635
-4.11152 2.51606
-4.1833 2.47566
-4.23427 2.33716
-4.30912 2.29419
-4.29703 2.41313
-4.22352 2.60704
-4.24156 2.75789
-4.35018 2.49979
-4.39296 2.6192
-4.28399 2.85761
-4.18416 2.96045
-4.22108 3.08518
-4.09132 3.1513
-4.10676 3.27886
-4.19454 3.30745
-4.19774 3.46139
-4.27705 3.36025
-4.32627 3.14294
-4.36043 2.87593
-4.45027 2.90577
-4.48817 2.66505
-4.55721 2.39167
-4.47036 2.37969
-4.59138 2.16176
-4.45348 2.27537
-4.44605 2.14561
-4.55078 2.08547
-4.59342 1.92726
-4.5213 1.92116
-4.65025 1.74292
-4.59243 1.75304
-4.7083 1.58769
-4.62229 1.65463
-4.65535 1.58854
-4.82365 1.41124
-4.839 1.44937
-4.78169 1.57989
-4.93983 1.40874
-4.84956 1.59848
-4.71817 1.75089
-4.78015 1.77222
-4.67243 1.94401
-4.78195 1.94699
-4.67383 2.17567
-4.77114 2.12235
-4.68533 2.31113
-4.59978 2.5099
-4.70905 2.49808
-4.5681 2.71537
-4.64808 2.80056
-4.53761 2.93684
-4.59789 3.11485
-4.44731 3.12477
-4.46184 3.33257
-4.35924 3.29838
-4.31995 3.50517
-4.489 3.53862
-4.3933 3.67439
-4.26573 3.68682
-4.32741 3.81434
-4.37408 3.89465
-4.41756 3.96822
-4.45907 3.86996
-4.40181 3.84338
-4.44585 3.78537
-4.56279 3.81261
-4.54569 3.92166
-4.69955 3.85569
-4.63013 3.99418
-4.49566 4.04246
-4.5622 4.12451
-4.70739 4.12849
-4.57998 4.21242
-4.7633 4.26977
-4.85889 4.16065
-4.85822 4.00925
-4.75748 3.96044
-4.87863 3.86235
-4.82297 3.74465
-4.67562 3.72362
-4.78007 3.62194
-4.63717 3.57257
-4.53443 3.69166
-4.60329 3.39165
-4.75712 3.45886
-4.70631 3.27101
-4.71669 3.10355
-4.72521 2.90753
-4.81209 2.9928
-4.84615 2.7815
-4.79809 2.6388
-4.88487 2.64328
-4.95388 2.49823
-4.98493 2.66746
-5.12474 2.47227
-5.1211 2.63839
-5.08087 2.79415
-4.93808 2.88805
-5.06077 2.97963
-4.92134 3.08021
-5.05528 3.17014
-4.92242 3.26225
-5.09016 3.37395
-4.90627 3.41957
-5.00019 3.50571
-4.88889 3.55192
-5.00041 3.62578
-4.89797 3.65873
-4.98965 3.74865
-5.10221 3.69929
-5.14765 3.84367
-4.88007 4.31597
-4.97879 4.40191
-4.86607 4.44407
-4.83886 4.52024
-4.79284 4.57043
-4.91145 4.59045
-4.83549 4.68946
-5.04391 4.66673
-4.97608 4.74411
-5.09481 4.76859
-5.18075 4.84078
-5.23853 4.77794
-5.21175 4.7078
-5.22071 4.60866
-5.08645 4.50852
-5.29999 4.49909
-4.9286 4.50391
-5.47084 4.49637
-5.36424 4.56786
-5.50218 4.54602
-5.35519 4.64182
-5.50222 4.61266
-5.48923 4.67239
-5.66525 4.55772
-5.56748 4.66931
-5.36626 4.768
-5.38844 4.80144
-5.19963 4.87868
-5.28124 4.87266
-5.47621 4.80283
-5.39167 4.86068
-5.631 4.77651
-5.55673 4.82994
-5.45278 4.88316
-5.60609 4.84853
-5.48371 4.91866
-5.28988 4.93965
-5.24098 5.01235
-5.09433 5.01242
-5.15147 4.94596
-5.05171 5.06815
-5.13703 5.07051
-5.03331 5.10344
-6.8502 4.48754
-6.61184 4.59629
-6.51064 4.58653
-6.32864 4.68165
-6.50009 4.63834
-6.31365 4.71557
-6.09942 4.78676
-5.81664 4.88735
-5.8201 4.82461
-5.62321 4.92833
-5.43026 4.9936
-5.59472 4.9766
-5.41784 5.03518
-5.26839 5.0555
-6.09262 4.74818
-6.1217 4.68825
-5.77557 4.77912
-5.97392 4.65255
-6.3733 4.53846
-6.7295 4.45584
-6.63811 4.40851
-6.44625 4.43295
-6.23137 4.53283
-6.30561 4.45802
-6.11551 4.53931
-5.95077 4.56794
-5.69202 4.70061
-5.68269 4.64857
-5.54201 4.74134
-5.53316 4.72346
-5.91716 4.49086
-6.1739 4.42831
-6.20018 4.45379
-6.39526 4.33644
-6.37172 4.32473
-6.26654 4.34437
-6.5042 4.24825
-6.43144 4.24257
-6.21802 4.29296
-6.47762 4.18696
-6.40365 4.17324
-6.63874 4.09359
-6.67837 4.13695
-6.97135 3.96152
-6.92603 4.04373
-7.13904 3.94961
-7.05329 4.01832
-7.16197 4.00732
-7.35429 3.93319
-7.32766 4.03653
-7.60124 3.9521
-7.46051 4.13307
-7.69349 4.07676
-7.66842 4.19059
-7.42354 4.24371
-7.22041 4.23574
-7.2518 4.30666
-7.3394 4.33123
-7.12059 4.39112
-7.08952 4.3428
-6.95491 4.41954
-6.92508 4.3797
-6.99086 4.30331
-6.82469 4.37028
-6.82296 4.31432
-7.02349 4.20323
-7.23683 4.14212
-7.10969 4.09042
-6.9357 4.15703
-6.92778 4.10148
-6.77966 4.20972
-6.79505 4.25114
-6.54312 4.3258
-6.65253 4.22444
-6.35251 4.40001
-6.52896 4.25267
-6.71267 4.16061
-6.64874 4.34821
-7.96432 4.18945
-7.69783 4.27238
-7.84838 4.09808
-8.03143 4.03988
-8.23291 3.97367
-8.39146 3.90052
-8.31352 3.8331
-8.10307 3.89187
-7.87183 3.97557
-7.97351 3.88151
-7.8688 3.83191
-7.7098 3.80801
-7.53279 3.82202
-7.69226 3.702
-7.52135 3.71194
-7.32054 3.8334
-7.45327 3.68996
-7.2358 3.80225
-7.3546 3.64792
-7.02318 3.84803
-6.72733 3.99734
-6.71483 3.89541
-6.45738 4.06979
-6.52396 4.09361
-6.38517 4.13816
-6.1702 4.22742
-6.24106 4.10208
-5.9445 4.26964
-6.07965 4.12197
-5.89452 4.19698
-6.08511 4.01778
-5.86169 4.12491
-5.91844 4.00475
-5.7278 4.10699
-5.71638 4.23828
-5.56939 4.35298
-5.72513 4.33545
-5.57233 4.42547
-5.67495 4.42965
-5.86678 4.37257
-5.67827 4.49014
-5.9118 4.41286
-5.25242 3.69804
-5.81262 3.97444
-5.94224 3.86361
-6.1112 3.84468
-6.10295 3.67312
-5.30533 3.30992
-5.25807 3.49584
-5.11854 3.5649
-5.19582 3.20866
-5.36529 3.08368
-5.19633 3.04889
-5.2984 2.96646
-5.2243 2.86477
-5.41209 2.852
-5.33917 2.66509
-5.55129 2.58735
-5.58338 2.80644
-5.52256 2.9539
-5.84621 2.98305
-5.98781 3.12378
-6.10007 2.87928
-6.2629 3.04565
-6.11661 3.31757
-6.40797 3.26359
-6.21287 3.47872
-6.37983 3.57716
-6.58232 3.33608
-6.63971 3.42993
-6.65923 3.54216
-6.46498 3.72692
-6.2639 3.82523
-6.31222 3.88519
-6.28725 3.98554
-6.50752 3.82868
-6.51256 3.91511
-6.79285 3.73274
-7.06562 3.69369
-7.11846 3.55168
-7.37897 3.45826
-7.63007 3.44079
-7.628 3.54875
-7.7915 3.40887
-7.88212 3.50438
-7.63307 3.61976
-7.86378 3.69108
-8.02231 3.58007
-8.02781 3.69208
-8.06522 3.78761
-8.18202 3.66605
-8.27108 3.7271
-8.37031 3.5254
-8.18836 3.55577
-8.37395 3.37951
-8.16632 3.43145
-8.36144 3.23432
-8.16545 3.26809
-8.39566 3.06577
-8.20218 3.04577
-8.49458 2.85885
-8.3856 2.70942
-8.01237 2.94913
-7.94882 3.14949
-7.7188 3.22569
-7.71331 3.01842
-7.46133 3.25812
-7.29424 3.41729
-7.2019 3.37305
-7.43941 3.09302
-7.18084 3.24975
-6.93404 3.42552
-6.95117 3.55678
-6.71927 3.65659
-6.82599 3.35068
-7.02966 3.24396
-6.95236 3.15818
-7.25202 3.04532
-7.10198 2.89095
-7.45408 2.74082
-7.53785 2.86252
-7.69325 2.86487
-7.92518 2.79736
-7.82217 2.61947
-8.09762 2.61642
-8.15488 2.71724
-8.32838 2.53765
-8.54201 2.47139
-8.66336 2.49495
-8.6789 2.62058
-8.94431 2.35594
-8.76611 2.32496
-8.95955 2.20411
-8.90188 2.11622
-9.19539 2.02882
-9.11831 1.91768
-8.93878 1.95097
-8.71561 2.10512
-8.72141 1.9658
-8.95692 1.82419
-8.81193 1.76956
-9.1088 1.655
-8.96658 1.57925
-9.30104 1.40042
-9.37587 1.57559
-9.15628 1.77828
-9.34943 1.75949
-9.65658 1.49549
-9.48007 1.78206
-9.47723 1.94542
-9.24994 2.17602
-9.11433 2.43068
-8.87558 2.56884
-8.90898 2.68978
-9.13113 2.56271
-8.98813 2.7456
-8.77947 2.92189
-8.71676 2.87138
-8.71545 2.7604
-8.58197 2.9257
-8.57145 3.04629
-8.64019 3.08877
-8.52043 3.20197
-8.65943 3.14797
-8.51609 3.28074
-8.50176 3.34343
-8.60074 3.35014
-8.48822 3.57811
-8.62759 3.43193
-8.67133 3.49339
-8.51265 3.73603
-8.39319 3.72802
-8.97591 3.08548
-8.76977 3.26911
-8.88265 3.10714
-8.79875 3.10718
-8.99455 2.94869
-8.93582 2.87784
-9.20661 2.68877
-9.18324 2.84677
-10.2967 1.83807
-10.1113 2.00183
-9.4353 2.57452
-9.70055 2.34029
-9.60952 2.30433
-9.42842 2.45338
-9.54703 2.20667
-9.79242 2.01698
-9.69739 1.94258
-9.56031 2.06189
-9.42533 2.23013
-9.49056 2.04872
-9.33165 2.22586
-9.26874 2.37809
-9.30723 2.44947
-9.13165 2.67355
-9.39245 2.09332
-9.57304 1.91585
-9.62936 1.90689
-9.66253 1.78962
-9.7699 1.74745
-9.8725 1.75742
-9.91257 1.59703
-9.81226 1.56185
-10.0139 1.41016
-9.96031 1.29718
-9.8527 1.22446
-9.71376 1.27179
-9.78117 1.17095
-9.60218 1.16033
-9.55258 1.37105
-9.38223 1.22688
-9.22753 1.27453
-9.03623 1.41163
-9.00988 1.24439
-9.30486 1.10967
-9.03842 1.07067
-8.89741 1.17154
-8.82951 1.09924
-8.93123 0.925915
-9.21472 0.963113
-9.21919 0.866273
-9.51888 0.903401
-9.77673 0.985041
-9.85403 1.08454
-9.95328 0.951471
-10.0051 1.09803
-10.1503 0.970123
-10.1125 1.12806
-10.1206 1.24303
-10.2414 1.11659
-10.1918 1.32966
-10.0288 1.54637
-10.1415 1.52892
-9.99817 1.72435
-9.97815 1.87398
-9.86819 2.08702
-9.7422 2.19337
-9.91468 2.16789
-10.0741 1.88477
-10.2566 1.75653
-10.2385 1.66578
-10.383 1.54746
-10.3107 1.51212
-10.1512 1.65208
-10.2888 1.40705
-10.4684 1.33035
-10.4221 1.13564
-10.6167 1.11787
-10.627 0.965684
-10.5107 0.930112
-10.6474 0.820013
-10.4577 0.799554
-10.3533 0.953266
-10.2481 0.784989
-9.98126 0.792401
-10.0982 0.635794
-9.7531 0.660167
-9.74172 0.783115
-9.81692 0.870605
-9.53653 0.732551
-9.29933 0.771646
-9.3413 0.686265
-9.0552 0.685014
-9.08014 0.802312
-8.87457 0.783295
-8.59919 0.849053
-8.73702 0.714991
-8.44674 0.699316
-8.74846 0.609568
-9.09552 0.553129
-9.29257 0.611806
-9.49534 0.56878
-9.48931 0.642957
-9.84571 0.548053
-9.63314 0.484697
-9.30194 0.471705
-9.57229 0.38174
-9.21698 0.362585
-9.04738 0.443984
-8.91519 0.389113
-8.78048 0.488287
-9.04981 0.494278
-8.6335 0.381995
-8.39938 0.45934
-8.42944 0.556302
-8.11709 0.507268
-8.1878 0.43668
-7.96336 0.387123
-7.80025 0.492954
-7.92528 0.59698
-8.14472 0.651924
-7.95427 0.675181
-7.948 0.780399
-8.19232 0.764432
-8.10994 0.905204
-7.83177 0.970691
-7.60274 0.859673
-7.6261 1.015
-7.40484 1.09044
-7.35569 0.932259
-7.30922 0.765338
-7.56092 0.660886
-7.37731 0.589983
-7.15654 0.594537
-7.03099 0.764014
-6.87812 0.616991
-6.75211 0.901325
-6.5705 0.70797
-6.71649 0.484026
-6.47974 0.564
-6.57747 0.425908
-6.35313 0.496118
-6.18867 0.773656
-6.1248 0.613844
-5.97416 0.721813
-5.91101 0.842591
-5.94099 0.907525
-5.74075 1.01753
-5.94928 1.0476
-5.67768 1.25578
-5.48748 1.24811
-5.49097 1.37284
-5.54812 1.4445
-5.70246 1.46203
-5.52501 1.6197
-5.39286 1.54598
-5.36423 1.82308
-5.52515 1.7967
-5.66288 1.68298
-5.61841 1.9009
-5.48229 1.95032
-5.5453 1.97797
-5.53584 2.09407
-5.75583 2.05977
-5.61752 2.27036
-5.40769 2.38676
-5.56513 2.42171
-5.81645 2.396
-5.91611 2.50061
-5.92993 2.71603
-6.1027 2.49323
-6.17946 2.66831
-6.42516 2.72865
-6.37475 2.46886
-6.61062 2.50967
-6.69814 2.61753
-6.68268 2.75819
-6.56054 2.95807
-6.85238 2.83196
-6.74283 3.10336
-7.14826 2.66199
-7.30309 2.70977
-7.49317 2.5349
-7.6411 2.58189
-7.76671 2.4626
-8.03508 2.34517
-8.21277 2.42155
-8.41097 2.17637
-8.55553 2.2992
-8.14969 2.15281
-7.80842 2.28334
-8.02126 2.02752
-7.65415 2.13299
-7.79995 1.90188
-7.39087 2.03566
-7.47648 1.78519
-7.20554 1.91588
-7.0909 2.04412
-7.07262 2.21268
-6.85315 2.10576
-6.69078 2.30172
-6.89388 2.45416
-7.20475 2.37466
-7.08743 2.52479
-7.28834 2.49054
-6.89296 2.64214
-7.47864 2.33767
-7.3657 2.21035
-6.62489 2.1293
-6.43101 2.24813
-6.44903 2.09145
-6.26423 2.16096
-6.36394 1.95514
-6.13011 2.06957
-6.04594 2.30015
-5.91846 2.17796
-6.00624 1.9072
-5.82983 1.76136
-6.02062 1.67594
-5.94457 1.5449
-5.79996 1.56945
-5.86614 1.42921
-5.87688 1.27491
-6.00962 1.35554
-6.07213 1.17419
-6.15868 1.28923
-6.13669 1.48587
-6.29991 1.31936
-6.32993 1.51218
-6.18255 1.69506
-6.40483 1.71473
-6.51659 1.48623
-6.71507 1.5938
-6.55678 1.81857
-6.61556 1.9674
-6.74015 1.80873
-6.91533 1.92535
-6.74476 2.03363
-6.9584 1.71069
-7.15615 1.78909
-7.26089 1.6274
-7.56772 1.55222
-7.92862 1.6123
-7.78849 1.36318
-7.3963 1.36942
-7.67742 1.15461
-7.08224 1.27575
-7.03352 1.4926
-6.87624 1.4103
-6.7202 1.2522
-7.09154 1.0003
-6.58541 1.07135
-6.45634 1.17704
-6.46125 1.35339
-6.2634 1.13986
-6.42558 0.95703
-6.1763 1.00664
-8.02328 1.12088
-8.12778 1.32137
-8.29422 1.14917
-8.40768 1.26213
-8.33663 1.45824
-8.25858 1.67166
-8.04651 1.78663
-8.20865 1.85076
-8.02477 1.89509
-8.43614 1.93142
-8.43311 1.74204
-8.67292 1.68073
-8.58732 1.5332
-8.816 1.52702
-8.80529 1.40534
-8.69104 1.41564
-8.68488 1.29533
-8.58438 1.07786
-8.32391 0.983863
-8.3345 0.835929
-6.21399 1.87891
-6.23405 2.33278
-5.32223 2.12006
-5.16095 1.99475
-5.19386 1.73611
-5.05098 1.92971
-4.98114 2.12275
-4.91104 1.98611
-5.03998 1.80092
-4.95992 1.74867
-5.11492 1.60657
-5.04828 1.5316
-5.19641 1.39288
-5.14326 1.3257
-5.26396 1.22942
-5.27592 1.11467
-5.37656 1.11423
-5.34992 1.24016
-5.52532 1.06613
-5.29562 1.44653
-5.40509 1.39971
-5.48913 0.954911
-5.73934 0.840484
-5.64206 0.750282
-5.93585 0.600008
-5.80124 0.573882
-5.6251 0.666688
-5.52823 0.77013
-5.4482 0.78359
-5.59679 0.630451
-5.74955 0.539424
-5.68238 0.522004
-5.49406 0.689872
-5.50804 0.645554
-5.34336 0.823553
-5.32104 0.827026
-5.42445 0.724679
-5.24936 0.929305
-5.44958 0.721097
-5.59549 0.567918
-5.69426 0.506047
-5.75597 0.419819
-5.70955 0.45447
-5.88282 0.309859
-5.85906 0.348629
-5.87451 0.398722
-6.01371 0.26945
-6.05204 0.30106
-5.91394 0.438049
-6.07684 0.365722
-5.96353 0.474095
-6.11908 0.427781
-6.17124 0.489162
-6.33046 0.358307
-6.59787 0.302901
-6.49646 0.212362
-6.25659 0.304073
-6.33492 0.209503
-6.18395 0.275425
-6.21852 0.218117
-6.13688 0.224198
-6.24751 0.16909
-6.36275 0.140183
-6.3614 0.0937656
-6.54185 0.0736954
-6.49305 0.133203
-6.74244 0.0911906
-6.73907 0.171161
-6.92096 0.114709
-6.958 0.215462
-6.73998 0.342639
-6.87144 0.345863
-6.90647 0.438719
-7.08188 0.34083
-7.03811 0.47984
-7.20327 0.448195
-7.27839 0.522001
-7.38477 0.473408
-7.57432 0.543969
-7.56762 0.437
-7.3433 0.353226
-7.60023 0.350749
-7.48433 0.265827
-7.30276 0.270905
-7.33956 0.227439
-7.20834 0.246983
-7.21883 0.298176
-7.42709 0.168624
-7.12417 0.108948
-7.29127 0.0932572
-7.07228 0.0653112
-7.38017 0.0360671
-7.13931 0.0220476
-7.17764 -0.0027712
-7.4535 0.00142443
-7.76271 0.0130395
-7.70449 0.0604913
-7.48921 0.0857368
-7.67407 0.0995668
-7.95429 0.0764234
-7.80984 0.140154
-7.71716 0.181538
-7.9568 0.203349
-8.13894 0.115509
-8.36475 0.190613
-8.10247 0.288273
-7.8754 0.246432
-7.69718 0.221987
-7.77374 0.298072
-7.75763 0.356203
-7.73197 0.405921
-8.29328 0.377959
-8.51138 0.287504
-8.94192 0.287243
-8.74488 0.186221
-8.596 0.145581
-8.48359 0.101465
-8.7619 0.107104
-8.72782 0.0612682
-8.98611 0.0669137
-8.99317 0.128667
-9.02794 0.193806
-9.18085 0.15332
-9.26137 0.219526
-9.23231 0.287281
-9.49636 0.278716
-9.53731 0.191365
-9.7377 0.218135
-9.86781 0.315541
-9.88316 0.437681
-10.1694 0.383802
-10.1206 0.505605
-10.2567 0.565826
-10.3782 0.647132
-10.3789 0.509501
-10.5748 0.594255
-10.561 0.707218
-10.71 0.690505
-10.8158 0.757623
-10.7999 0.875073
-10.9057 0.793994
-10.9429 0.713914
-10.8626 0.642492
-11.0202 0.623829
-10.9101 0.535716
-10.7529 0.560816
-10.8025 0.44546
-10.9651 0.447668
-10.867 0.351078
-11.0487 0.383778
-10.9208 0.281565
-11.087 0.31707
-10.9509 0.232217
-11.1152 0.303698
-11.0244 0.261521
-10.8916 0.231948
-10.8015 0.205045
-10.7015 0.203597
-10.8377 0.246455
-10.6391 0.208087
-10.7257 0.260916
-10.5388 0.223036
-10.5947 0.294082
-10.4225 0.236557
-10.3386 0.1935
-10.1809 0.189056
-10.1419 0.155496
-10.2675 0.158046
-10.1086 0.144902
-10.1715 0.143533
-9.98137 0.122793
-9.96289 0.136572
-9.79702 0.100324
-9.78905 0.101533
-9.62278 0.0707068
-9.60608 0.0757251
-9.41995 0.0505567
-9.38676 0.0630383
-9.21614 0.0490304
-9.18211 0.0513423
-9.22512 0.0961034
-9.4327 0.109918
-9.37115 0.146665
-9.54628 0.137048
-9.75527 0.149326
-9.59472 0.0986207
-9.79823 0.104026
-10.025 0.143449
-9.99929 0.213518
-10.1807 0.184265
-10.2632 0.234473
-10.1271 0.289158
-10.2967 0.305489
-10.4354 0.371273
-10.6104 0.467081
-10.6546 0.341012
-10.4491 0.278174
-10.5976 0.243125
-10.43 0.223764
-10.3533 0.191742
-10.4944 0.204348
-10.4998 0.177546
-10.2655 0.16175
-10.367 0.16319
-10.5338 0.188758
-10.4513 0.18691
-10.6771 0.200014
-10.6067 0.206675
-10.7631 0.224205
-10.7666 0.26321
-9.06765 0.0470346
-8.89479 0.046643
-9.02739 0.0486251
-8.82131 0.0365446
-8.69401 0.0407915
-8.67488 0.0370617
-8.49842 0.0329234
-8.49075 0.0484809
-8.24073 0.0474465
-8.25328 0.0230809
-8.05691 0.0192925
-8.03905 0.0160807
-7.97556 0.0424139
-7.88486 0.00614148
-7.61687 -0.00680041
-7.63545 -0.0130371
-8.02792 0.0167028
-8.22277 0.0172457
-8.22486 0.0284286
-8.39789 0.0376282
-8.4884 0.029878
-8.42995 0.022128
-8.65765 0.0305533
-8.70681 0.0419581
-8.94436 0.0415086
-9.01795 0.0701212
-9.17983 0.0582515
-9.19681 0.0441433
-9.40226 0.063513
-9.51261 0.0554572
-9.61845 0.07867
-9.62877 0.100896
-9.77425 0.107525
-9.95806 0.13991
-9.88659 0.144327
-10.0105 0.199613
-9.75759 0.162102
-9.5573 0.126647
-9.4161 0.0997932
-9.40754 0.136753
-9.59745 0.158772
-9.5478 0.196022
-9.33571 0.160243
-9.36446 0.225218
-9.16112 0.166414
-9.19163 0.117379
-8.99234 0.115376
-8.94411 0.17253
-9.13288 0.236684
-8.85653 0.234271
-9.07379 0.308033
-8.84987 0.32491
-8.80473 0.273424
-8.70213 0.261576
-8.62547 0.317105
-8.50625 0.252231
-8.4346 0.314901
-8.53885 0.392461
-8.37381 0.380077
-8.43599 0.457641
-8.24299 0.422603
-8.24355 0.313706
-8.08914 0.374878
-8.05874 0.48525
-8.29328 0.512106
-8.23943 0.62895
-7.92652 0.599381
-7.74537 0.498591
-7.79191 0.585057
-7.71161 0.662524
-7.4343 0.536035
-7.49961 0.401657
-7.24725 0.406459
-7.1746 0.529331
-7.2508 0.619728
-7.10695 0.62455
-7.13406 0.750991
-7.39742 0.701638
-7.28902 0.866261
-7.55162 0.832405
-7.82191 0.848911
-8.0244 0.744075
-8.11233 0.936383
-8.32729 0.80348
-8.53069 0.705427
-8.48827 0.568361
-8.73137 0.622371
-8.67727 0.480345
-8.92294 0.536045
-8.86588 0.42615
-9.11194 0.43917
-8.71687 0.382974
-9.10084 0.576983
-8.97924 0.711899
-9.18772 0.661846
-9.27505 0.564822
-9.3583 0.690755
-9.48073 0.590313
-9.3713 0.477058
-9.57865 0.482514
-9.37276 0.349259
-9.69909 0.396792
-9.61188 0.286822
-9.8658 0.351009
-9.78701 0.254565
-9.71886 0.199934
-9.90267 0.230686
-10.0342 0.315837
-10.0849 0.26045
-10.1949 0.250105
-10.2274 0.318269
-10.4033 0.311449
-10.3611 0.379394
-10.2224 0.382133
-10.1015 0.414814
-9.95452 0.45265
-10.0722 0.456317
-10.1566 0.507817
-10.3501 0.458553
-10.398 0.583786
-10.5872 0.530104
-10.5247 0.423856
-10.7553 0.464018
-10.6271 0.371603
-10.7939 0.359002
-10.9399 0.456638
-10.9676 0.375492
-10.8695 0.307075
-10.9808 0.313822
-11.0001 0.274342
-11.0965 0.341997
-11.1216 0.314354
-11.2043 0.397945
-11.2293 0.388316
-11.2183 0.395392
-11.3188 0.528598
-11.2893 0.522071
-11.3864 0.649411
-11.3409 0.633565
-11.2514 0.536255
-11.2972 0.625548
-11.2024 0.571277
-11.1649 0.471096
-11.0921 0.488421
-11.0243 0.525187
-11.1113 0.627584
-11.1282 0.671197
-11.0523 0.718035
-11.1518 0.753141
-11.0699 0.795801
-10.989 0.770896
-10.9615 0.858125
-10.9886 0.959276
-10.8651 0.969046
-10.7393 0.994905
-10.7611 1.0985
-10.6393 1.23007
-10.7643 1.25133
-10.5674 1.41007
-10.4239 1.63021
-10.5629 1.54888
-10.4614 1.7238
-10.9094 1.09007
-10.6996 1.4284
-11.5659 1.52116
-11.5836 1.63514
-11.5865 1.42194
-11.601 1.52462
-11.6007 1.35359
-11.6104 1.41698
-11.5834 1.20577
-11.5577 1.2065
-11.5472 1.06441
-11.5455 1.00973
-11.5035 0.91125
-11.5194 1.00536
-11.4485 0.860498
-11.4322 0.754887
-11.3686 0.732049
-11.3887 0.830368
-11.4562 0.954776
-11.348 0.830056
-11.3604 0.762443
-11.2924 0.689066
-11.182 0.639066
-11.5148 1.096
-11.4708 0.807123
-11.4234 0.687195
-11.5019 0.86164
-11.5543 1.05585
-11.5947 1.20969
-11.5869 1.22017
-11.6021 1.39138
-11.5988 1.63831
-11.6048 1.61642
-11.5904 1.80868
-11.5885 1.71173
-11.5762 1.92097
-11.5885 1.78494
-11.484 2.68221
-11.4468 2.86577
-11.4278 2.89371
-11.3955 3.06177
-11.4499 2.95376
-11.3782 3.16229
-11.3163 3.38412
-11.2601 3.54951
-11.1955 3.72669
-11.1249 3.93662
-10.6594 5.20602
-10.5874 5.3456
-10.6587 5.15062
-10.6904 5.06418
-10.7389 4.96418
-10.7059 5.03412
-10.768 4.88794
-10.6894 5.07028
-10.7797 4.86026
-10.8699 4.6332
-10.8527 4.68144
-10.991 4.35438
-10.9949 4.3198
-11.0546 4.21141
-11.1075 4.07915
-11.0783 4.13987
-11.1768 3.82845
-11.1319 3.92057
-11.0216 4.21994
-11.0648 4.07699
-11.1265 3.90363
-11.0465 4.09258
-11.0458 4.13598
-10.9813 4.25978
-10.7802 4.77233
-10.7572 4.89339
-10.818 4.70731
-10.8256 4.62036
-10.9345 4.34451
-10.9388 4.35409
-10.8797 4.48687
-10.9379 4.40103
-10.8813 4.54988
-10.9654 4.39393
-10.9881 4.22487
-11.2215 3.63515
-11.2382 3.60875
-11.3152 3.34502
-11.3061 3.38073
-11.2713 3.52158
-11.2316 3.6858
-11.1753 3.82706
-11.2707 3.54824
-11.2283 3.59194
-11.1012 3.9799
-11.0905 4.08227
-10.9806 4.31148
-10.8501 4.65642
-10.8505 4.60197
-10.764 4.83765
-10.7225 4.96594
-10.6557 5.07807
-10.6323 5.17747
-10.5919 5.28069
-10.5334 5.37246
-10.5075 5.45933
-9.81386 6.53688
-9.99392 6.32088
-10.1209 6.11152
-10.2265 5.93949
-10.3334 5.75487
-10.4406 5.61957
-10.4356 5.57084
-10.4039 5.57041
-10.5212 5.31079
-10.6599 4.91013
-10.7534 4.80963
-10.8239 4.55109
-10.9093 4.41024
-10.9748 4.19121
-11.0756 4.00827
-11.1136 3.82593
-11.0043 3.95137
-10.8524 4.32556
-10.9043 4.0624
-11.0183 3.77975
-11.1449 3.58081
-11.0508 3.48152
-11.1701 3.30703
-11.1287 3.21972
-11.2324 3.0199
-11.2684 3.22495
-11.322 2.95727
-11.3332 2.73957
-11.3889 2.77858
-11.3419 3.0189
-11.3904 2.9552
-11.4549 2.63136
-11.4392 2.78728
-11.3929 3.03072
-11.4539 2.7821
-11.3847 3.09831
-11.4778 2.60961
-11.4828 2.50209
-11.4878 2.54992
-11.5344 2.25068
-11.5263 2.34043
-11.5643 2.06052
-11.5755 1.92646
-11.5442 2.04642
-11.5842 1.78396
-11.5591 1.77683
-11.5258 2.03615
-11.4675 1.93957
-11.505 1.62784
-11.5615 1.48724
-11.5085 1.39764
-11.5394 1.26446
-11.4524 1.19845
-11.4275 1.44634
-11.3271 1.23944
-11.3561 1.00735
-11.4391 1.01024
-11.3919 0.874559
-11.4612 0.932819
-11.4174 0.808217
-11.3332 0.727991
-11.3698 0.68487
-11.2912 0.601533
-11.2033 0.634908
-11.2112 0.516098
-11.0998 0.467183
-11.163 0.42394
-11.253 0.498084
-11.2901 0.494325
-11.3372 0.594811
-11.3606 0.602671
-11.4254 0.732256
-11.0695 0.376907
-11.0399 0.569048
-10.9074 0.542431
-10.944 0.653522
-11.0874 0.69966
-11.0032 0.8136
-11.1361 0.813153
-11.1901 0.765008
-11.2889 0.811722
-11.2263 0.919476
-11.2886 1.06191
-11.1871 1.11753
-11.2247 1.39417
-11.3258 1.49954
-11.2446 1.69105
-11.3719 1.75453
-11.2536 2.06936
-11.3631 2.04331
-11.4041 2.17977
-11.4672 2.20331
-11.3816 2.43672
-11.3174 2.29725
-11.2525 2.65668
-11.2273 2.40906
-11.1438 2.66893
-11.1296 3.01646
-11.0227 2.96845
-11.0161 3.27768
-11.0769 3.25368
-10.9182 3.58308
-10.9252 3.83129
-10.7917 3.89741
-10.7756 4.18823
-10.7911 4.34067
-10.6761 4.52938
-10.6989 4.64117
-10.7529 4.60183
-10.5753 4.96375
-10.4874 5.24206
-10.4445 5.15257
-10.3314 5.46938
-10.3692 5.54129
-10.2058 5.7692
-10.2744 5.76703
-10.1278 5.99565
-10.2377 5.87628
-10.0544 5.99566
-9.92635 6.22157
-10.0092 6.20745
-9.89332 6.3579
-9.75283 6.48399
-9.6326 6.7093
-9.535 6.70783
-9.76172 6.34691
-9.51387 6.55851
-9.8087 6.10091
-9.94024 6.08013
-9.87384 6.22566
-10.0672 5.75549
-10.091 5.85981
-10.1955 5.65557
-10.286 5.37629
-10.1451 5.42389
-10.3282 5.13787
-10.4451 5.00681
-10.5733 4.83574
-10.5588 4.73118
-10.6114 4.49614
-10.4458 4.82148
-10.476 4.55127
-10.3461 4.82146
-10.2705 5.07566
-10.2047 4.99775
-10.073 5.29274
-9.9567 5.58895
-9.95794 5.75282
-9.77984 5.90716
-9.60206 6.26631
-9.50144 6.14563
-9.79232 5.59419
-9.48944 5.88084
-9.65392 5.50642
-9.82271 5.33757
-10.0088 5.13164
-9.81341 5.15119
-10.0294 4.88156
-9.89814 4.78761
-10.1036 4.65405
-10.2483 4.70804
-10.2351 4.40839
-10.0504 4.51821
-10.0995 4.25221
-9.86476 4.52648
-9.71404 4.77193
-9.6571 5.04708
-9.51295 4.92824
-9.40911 5.26918
-9.54492 5.38956
-9.43675 5.70297
-9.24887 5.67965
-9.21238 6.0568
-9.27454 6.26065
-9.06545 6.42377
-9.13502 6.48712
-9.21385 6.52258
-9.34684 6.57365
-9.02557 6.91591
-9.18653 6.96801
-9.33861 6.87946
-9.18598 7.11286
-9.31789 7.01822
-9.11433 7.31061
-9.31316 7.14985
-9.16352 7.36046
-9.46848 7.00005
-8.99793 7.5507
-8.8115 7.81706
-8.87038 7.60179
-8.63754 7.9067
-8.71325 7.64929
-8.49375 7.93646
-8.48287 7.81092
-8.62797 7.54844
-8.88501 7.29529
-8.75229 7.25743
-8.80488 7.0005
-8.9866 6.7035
-8.81297 6.84369
-8.84727 6.64765
-8.61526 6.97136
-8.6759 6.5303
-8.4334 6.87959
-8.2961 7.21599
-8.43382 7.33029
-8.62651 7.21906
-8.52757 7.45884
-8.32165 7.5926
-8.4058 7.71573
-8.19187 7.82708
-8.28032 7.95786
-8.38848 7.96851
-8.30422 8.10715
-8.44276 8.08917
-8.29436 8.25804
-8.4835 8.17435
-8.27781 8.4093
-8.65461 8.01033
-8.02114 8.68143
-8.1693 8.58319
-8.08806 8.52832
-8.15733 8.4027
-8.02033 8.46441
-7.89571 8.60896
-7.86265 8.44345
-7.6954 8.60917
-7.7048 8.74271
-7.85906 8.75799
-7.7016 8.89387
-7.30452 8.93385
-7.51838 8.84394
-7.35028 8.80135
-7.53676 8.72544
-7.42808 8.71068
-7.51238 8.60493
-7.66787 8.49723
-7.56819 8.46144
-7.41383 8.50013
-7.54839 8.32598
-7.72844 8.32868
-7.69112 8.17952
-7.57971 8.12394
-7.77974 7.99526
-7.8595 8.11842
-7.97945 7.91359
-8.06125 8.038
-8.10338 7.67739
-7.89789 7.80789
-7.9391 7.61666
-7.6935 7.83406
-7.79027 7.56488
-7.64843 7.69238
-7.6317 7.5688
-7.48991 7.81566
-7.4296 7.64883
-7.61487 7.33781
-7.81371 7.34464
-7.81789 7.13392
-7.7209 6.99924
-7.49513 7.13295
-7.62411 6.83169
-7.46152 6.83707
-7.62127 6.49537
-7.81252 6.63155
-7.81204 6.31554
-7.98749 6.28228
-7.91862 5.94125
-7.73816 6.1922
-7.73101 6.00375
-7.79423 5.74178
-7.6084 5.95614
-7.64853 5.6271
-7.42132 5.86973
-7.44908 6.30281
-7.62592 6.19315
-7.46471 6.58508
-7.32227 6.65532
-7.29513 6.98445
-7.38227 7.0747
-7.25155 7.27916
-7.36266 7.47197
-7.16792 7.5687
-7.17551 7.78985
-7.29743 7.87703
-7.10854 8.09504
-7.30322 8.01863
-7.43454 8.05981
-7.36064 8.32485
-7.21915 8.22666
-7.1654 8.42955
-7.23322 8.5482
-7.31582 8.67433
-7.14556 8.68125
-7.16602 8.78684
-7.18069 8.87564
-7.01675 8.85851
-7.00569 8.7379
-6.81656 8.8028
-6.87887 8.61378
-7.06127 8.584
-7.00952 8.38472
-6.77964 8.39491
-6.63854 8.64524
-6.52191 8.45131
-6.64281 8.24517
-6.87079 8.05874
-6.61912 8.05071
-6.74812 7.80672
-6.98426 7.7365
-6.88878 7.62089
-7.04455 7.50032
-6.89949 7.43225
-7.04679 7.2732
-6.84826 7.16283
-7.03878 7.05046
-6.95569 6.77396
-7.15474 6.85927
-7.16385 7.10815
-7.14168 6.50424
-7.29098 6.42102
-7.26085 6.19863
-7.05035 6.13514
-7.21501 5.90673
-7.28465 5.58255
-7.05479 5.73181
-7.10326 5.32158
-6.82399 5.49911
-6.88178 5.00028
-6.62458 5.11038
-6.70763 4.85429
-6.76302 4.56429
-7.01674 4.65723
-6.97677 4.19304
-7.33284 4.55183
-7.32879 3.97132
-7.54197 4.23516
-7.61094 4.47543
-7.6207 4.7541
-7.42358 5.13094
-7.70717 5.00298
-7.68609 5.28794
-7.92965 5.02228
-7.85265 4.74644
-8.06342 4.6883
-7.99626 4.39604
-8.27662 4.3839
-8.19457 4.10139
-8.44887 3.86926
-8.22278 3.83144
-8.32283 3.53396
-8.5469 3.33193
-8.35229 3.14784
-8.53915 2.89767
-8.30124 2.69183
-8.55883 2.54882
-8.46015 2.34398
-8.70231 2.22261
-8.72977 2.65966
-8.96669 2.42893
-8.95476 2.04347
-9.15825 2.15254
-9.19111 2.44976
-9.34865 2.25585
-9.34903 2.49453
-9.47009 2.39064
-9.47233 2.66441
-9.59017 2.45158
-9.572 2.13101
-9.73415 2.39371
-9.72512 2.70723
-9.96269 2.49336
-9.84408 2.19272
-10.1202 2.23817
-10.1371 2.45696
-10.3247 2.49705
-10.4584 2.15855
-10.1568 1.90598
-10.4376 1.80809
-10.6946 1.94902
-10.6475 1.70268
-10.4716 1.57816
-10.1656 1.58082
-10.4212 1.37323
-10.7022 1.45908
-10.6141 1.17166
-10.3307 1.17059
-10.4716 0.98373
-10.6772 0.978644
-10.816 1.06883
-10.8327 0.899513
-10.608 0.823968
-10.8089 0.734066
-10.6117 0.660112
-10.784 0.592353
-10.4128 0.717154
-10.3895 0.84731
-10.2126 0.78137
-10.2005 0.974665
-10.0263 0.849768
-9.91077 1.00959
-10.0522 1.24738
-10.2404 1.33243
-9.84376 1.50568
-9.91119 1.75539
-10.0425 1.76844
-9.99919 1.84905
-9.95018 1.97588
-9.75839 1.92925
-9.61255 1.81957
-9.73057 1.70961
-9.5918 1.55155
-9.71806 1.22731
-9.4568 1.30055
-9.37231 1.53846
-9.46315 1.7891
-9.29702 1.73191
-9.32846 1.97574
-9.12773 1.8206
-9.19556 1.54888
-8.97829 1.53926
-9.11168 1.35258
-8.94093 1.2227
-9.15651 1.15696
-9.26642 1.33417
-9.3258 1.15373
-9.27252 0.981025
-9.0339 0.953715
-9.21173 0.797907
-8.84029 0.85425
-8.79171 1.01974
-8.71372 1.19216
-8.73562 1.40552
-8.50662 1.27683
-8.47611 1.56195
-8.75575 1.67163
-8.93176 1.79042
-8.79499 1.90894
-8.56467 1.86444
-8.46068 2.10411
-8.2965 1.9216
-8.2081 2.25728
-7.9575 1.984
-8.12078 1.66788
-8.37523 1.74358
-8.17946 1.35148
-7.88437 1.4693
-7.58286 1.718
-7.61947 1.3734
-7.88367 1.28304
-7.6867 1.13148
-8.01132 1.12985
-8.30591 1.11454
-8.39648 0.953905
-8.56477 1.06599
-8.60918 0.873654
-7.86192 0.994373
-7.67044 0.954586
-7.44174 1.00286
-7.32099 1.23671
-7.16079 1.04654
-7.07517 0.914481
-6.94191 1.05013
-6.94385 1.25841
-6.69607 1.17171
-6.87076 0.898872
-6.58743 0.99572
-6.722 0.776061
-6.94877 0.69555
-6.83236 0.604895
-6.57819 0.665829
-6.50339 0.860476
-6.32548 0.828984
-6.29808 1.0969
-6.4351 1.23625
-6.25107 1.33887
-6.31785 1.47088
-6.49729 1.37657
-6.65826 1.42501
-6.43584 1.59697
-6.64016 1.67574
-6.82938 1.48962
-6.91469 1.67318
-7.08104 1.44642
-7.35543 1.46563
-7.19939 1.61858
-7.11567 1.85551
-7.32335 2.05004
-7.61568 2.10281
-7.85434 2.33393
-7.51223 2.41567
-7.72407 2.7804
-8.03406 2.56012
-8.03448 2.82382
-8.14637 3.06553
-7.91588 3.07934
-8.02351 3.34258
-8.20162 3.34598
-8.11586 3.61352
-7.88118 3.61108
-7.98635 3.96754
-7.66231 3.89632
-7.76861 4.25768
-7.77551 4.53629
-7.62233 3.4892
-7.83389 3.33492
-7.71044 3.16349
-7.4565 3.16042
-7.24066 2.78526
-7.13148 3.21619
-7.33107 3.53534
-6.99675 3.65065
-7.48203 3.72237
-6.82197 3.17866
-7.00974 2.99646
-6.90488 2.81352
-6.63982 2.82611
-6.51185 3.16766
-6.6455 3.59419
-6.39959 3.45165
-6.41851 3.80931
-6.64752 4.08468
-6.80739 3.87669
-6.42661 4.20087
-6.56289 4.41289
-6.574 4.7205
-6.43956 4.51517
-6.37138 4.84845
-6.4211 5.28651
-6.5861 5.49851
-6.39709 5.70481
-6.64317 5.83628
-6.85818 5.93854
-6.70699 6.2049
-6.87566 6.24131
-6.80154 6.50255
-6.96354 6.43446
-6.73228 6.83343
-6.57839 6.54303
-6.54512 6.91141
-6.66069 7.09346
-6.65205 7.35837
-6.79008 7.39102
-6.76 7.55654
-6.58062 7.64558
-6.53485 7.89156
-6.39642 7.75961
-6.40197 7.4198
-6.26079 7.66086
-6.20346 7.47829
-6.21882 7.14924
-6.40938 7.08015
-6.53097 7.17574
-6.36542 6.75402
-6.12651 6.77221
-6.2559 6.3882
-6.41975 6.45362
-6.47179 6.1628
-6.27636 6.0271
-6.1183 5.74444
-6.11483 6.12641
-5.90873 6.0383
-5.99761 6.44035
-5.80658 6.34547
-5.81189 6.64979
-5.94703 6.78529
-5.82313 6.94426
-5.97554 7.12398
-5.73793 7.25653
-5.91592 7.51346
-5.72991 7.64247
-5.91455 7.84149
-5.75277 7.9811
-5.94744 8.08917
-5.89766 8.24705
-6.1213 8.27528
-6.08802 8.0027
-6.25334 8.11636
-6.24021 7.88493
-6.38868 7.99038
-6.4363 8.20354
-6.49198 8.04094
-6.2789 8.25976
-6.31911 8.39061
-6.37209 8.56457
-6.48739 8.60644
-6.42659 8.70126
-6.58504 8.81915
-6.73314 8.91204
-6.89242 8.91808
-6.85091 9.01274
-7.0624 8.94813
-6.24473 8.91418
-5.97291 8.76476
-6.15361 8.74254
-6.36994 8.82084
-6.2741 8.71817
-6.14425 8.61677
-6.2826 8.6369
-6.20678 8.5046
-6.02284 8.44564
-5.93941 8.5629
-5.85568 8.38025
-5.72291 8.20416
-5.72073 8.37199
-5.58221 8.18175
-5.24799 7.80615
-5.12578 7.59386
-5.33729 7.72222
-5.40506 8.01483
-5.55444 7.98222
-5.54068 7.71534
-5.33475 7.44715
-5.54177 7.42383
-5.36623 7.19406
-5.54329 7.15129
-5.41881 6.90747
-5.64194 6.87991
-5.49952 6.66058
-5.64793 6.49998
-5.45607 6.33509
-5.66603 6.09052
-5.47334 5.96911
-5.59703 5.78071
-5.68461 5.85032
-5.7162 5.65847
-5.60549 5.46296
-5.46079 5.61762
-5.47908 5.2629
-5.62513 5.10273
-5.76812 5.33212
-5.79226 4.82584
-5.59921 4.79046
-5.5984 4.41758
-5.78572 4.22713
-5.98644 4.52038
-5.91025 4.19725
-5.99101 4.14851
-5.89602 3.88596
-6.0687 3.89584
-6.12213 4.26524
-6.24669 4.01523
-6.29245 4.40699
-6.18126 4.60455
-6.14993 4.95832
-6.29624 5.12516
-6.23331 5.35802
-5.99092 5.26055
-5.88049 5.6515
-5.77015 5.86079
-5.98042 4.89978
-6.20398 3.56988
-5.99545 3.52783
-6.09131 3.20063
-6.2801 3.17807
-6.17729 2.91818
-6.02421 2.88912
-6.18118 2.54406
-6.373 2.83796
-6.53578 2.45705
-6.38353 2.19621
-6.70649 2.01434
-6.40424 1.88904
-6.16593 2.11913
-6.19273 1.75575
-6.15471 1.52943
-5.97648 1.70317
-5.97307 2.00412
-5.79744 1.94705
-5.81543 2.17387
-5.93777 2.35903
-5.95617 2.65847
-5.80613 2.65449
-5.86648 2.90035
-5.92585 3.18307
-5.78484 3.16127
-5.83261 3.47971
-5.73055 3.75791
-5.60902 3.97222
-5.59667 3.5903
-5.69755 3.39572
-5.58927 3.27541
-5.67923 3.1424
-5.60552 2.99939
-5.73019 2.9211
-5.65298 2.72966
-5.71119 2.42484
-5.54657 2.59728
-5.52111 2.847
-5.42199 2.74984
-5.41697 2.93429
-5.47195 3.13986
-5.29531 3.11337
-5.37378 3.44342
-5.49667 3.43349
-5.46455 3.75182
-5.326 3.73169
-5.37083 4.01849
-5.49451 4.09806
-5.43311 4.33868
-5.4824 4.65104
-5.35584 4.58914
-5.40794 4.82737
-5.49904 4.94863
-5.39834 5.0602
-5.30878 5.36044
-5.30645 4.90263
-5.17255 5.01805
-5.1358 5.42545
-5.20606 5.74006
-5.33517 5.81712
-5.24665 6.01771
-5.34732 6.10598
-5.25206 6.29058
-5.32388 6.60574
-5.20139 6.47995
-5.1422 6.63101
-5.28497 6.7902
-5.23896 6.93632
-5.09131 6.80731
-5.11702 6.98481
-5.22203 7.11543
-5.2429 7.25142
-5.13067 7.13898
-5.15593 7.2902
-5.16061 7.4482
-5.04615 7.27653
-5.0274 7.14612
-4.98655 7.34906
-5.01217 7.00022
-4.99021 6.82936
-4.85824 6.67669
-4.94685 6.58292
-4.77739 6.43823
-4.5734 5.65388
-4.63302 5.9124
-4.77019 5.88913
-4.66786 5.52896
-4.79205 5.56815
-4.92007 5.79138
-4.89486 5.46634
-4.8154 5.28567
-4.92684 5.12328
-5.00958 5.51036
-5.05487 5.15745
-5.02845 4.71048
-5.20607 4.57983
-5.10516 4.37816
-5.18346 4.24472
-5.08954 4.11041
-5.21721 3.94998
-5.29603 4.27717
-5.05818 3.7896
-5.20192 3.53403
-5.06586 3.50275
-5.1239 3.25673
-5.17024 3.01736
-5.26763 2.76147
-5.09551 2.89255
-5.1447 2.64555
-5.22813 2.5984
-5.29692 2.46675
-5.42281 2.53171
-5.43988 2.29321
-5.32877 2.17469
-5.17122 2.39543
-5.2119 2.52494
-5.0519 2.56687
-5.035 2.4249
-4.93177 2.58644
-4.97905 2.78883
-4.83628 2.79738
-4.86363 2.9654
-4.7698 2.97413
-4.69688 2.85153
-4.79529 2.60764
-4.62566 2.64395
-4.59 2.85517
-4.5788 3.01516
-4.46432 2.90454
-4.4642 3.19649
-4.61511 3.22156
-4.53622 3.46345
-4.67537 3.40078
-4.66323 3.63416
-4.54194 3.71399
-4.42727 3.63959
-4.46783 3.88297
-4.62337 3.92949
-4.50511 4.13299
-4.64467 4.24513
-4.74314 4.07534
-4.79413 3.802
-4.85958 4.05558
-4.92768 3.85184
-4.97476 4.05198
-4.93365 3.58694
-4.90973 4.23812
-5.00412 4.31465
-4.9244 4.45406
-4.84268 4.71984
-4.79864 4.33643
-4.66882 4.57774
-4.52756 4.39837
-4.52227 4.64706
-4.62103 4.84614
-4.46297 4.88384
-4.62496 5.10663
-4.70812 4.99562
-4.74092 5.15491
-4.71341 5.33646
-4.79919 5.02079
-4.61107 5.30444
-4.50566 5.33771
-4.51833 5.1489
-4.39811 5.05075
-4.33325 4.82996
-4.33726 4.70493
-4.41056 4.66528
-4.34739 4.56196
-4.41423 4.49301
-4.30195 4.3825
-4.39461 4.27191
-4.35744 4.03972
-4.26956 4.15338
-4.23831 3.93335
-4.14096 4.03048
-4.1941 4.23418
-4.09511 4.19268
-4.17536 4.40424
-4.04917 4.30105
-4.06584 4.50458
-4.23664 4.67239
-4.27938 4.54827
-4.26354 4.89949
-4.13295 4.73984
-4.16815 4.92707
-4.31031 5.14956
-3.98518 2.64455
-4.02302 2.56894
-4.08367 2.51898
-4.14661 2.39218
-4.19987 2.31538
-4.15636 2.43145
-4.29316 2.18388
-4.37281 2.1049
-4.3791 2.02965
-4.30044 2.1435
-4.37874 1.99253
-4.25229 2.19649
-4.37664 1.96454
-4.25002 2.17721
-4.35369 2.03071
-4.25526 2.19809
-4.30965 2.11838
-4.17206 2.33083
-4.18157 2.31471
-4.09963 2.45859
-4.06479 2.5189
-4.01251 2.58588
-3.94569 2.67754
-4.06787 2.58118
-3.98504 2.75225
-3.9105 2.87626
-3.96229 2.96241
-3.98481 2.86075
-4.03594 2.91073
-4.05153 2.80128
-4.0739 2.68731
-4.12574 2.71803
-4.13286 2.86138
-4.22532 2.65865
-4.17152 2.55757
-4.31507 2.43157
-4.26281 2.38023
-4.18335 2.40616
-4.11709 2.44109
-4.18007 2.35811
-4.26393 2.23317
-4.28958 2.26912
-4.38246 2.10302
-4.37432 2.03348
-4.45333 1.88091
-4.53389 1.85839
-4.65075 1.63717
-4.58034 1.70817
-4.46288 1.83287
-4.59251 1.65712
-4.484 1.80098
-4.51156 1.7651
-4.64924 1.57178
-4.54849 1.74368
-4.46088 1.88035
-4.48174 1.90017
-4.75309 1.45927
-4.76538 1.43241
-4.87909 1.31143
-4.98778 1.22651
-4.95239 1.30246
-5.09611 1.14145
-5.05392 1.23377
-5.09894 1.26572
-4.99466 1.46149
-5.19375 1.09468
-5.40186 0.908157
-5.26532 0.980288
-5.139 1.05698
-5.29603 0.899514
-5.177 0.985094
-5.20266 0.958837
-5.0809 1.08103
-5.03068 1.14297
-4.94058 1.22612
-5.06387 1.1122
-4.86856 1.32128
-4.88267 1.34334
-4.72062 1.5154
-4.79637 1.50396
-5.02073 1.20903
-4.95263 1.35773
-4.76464 1.60265
-4.66587 1.69299
-4.65985 1.6768
-4.6223 1.82348
-4.48264 2.00756
-4.52826 2.04085
-4.69837 1.85643
-4.57676 2.10323
-4.78156 1.9015
-4.65864 2.20642
-4.85664 2.02168
-4.75119 2.19828
-4.68747 2.35944
-4.5591 2.47888
-4.76822 2.43224
-4.82151 2.22865
-4.92632 2.34062
-4.99347 2.06406
-5.02534 1.84526
-4.97125 1.74461
-5.16185 1.60193
-5.15127 1.82667
-5.28955 1.6142
-5.26585 1.76216
-5.24026 1.90304
-5.12052 2.05142
-5.20796 2.11952
-5.08287 2.24644
-5.03286 2.17045
-5.31894 1.96128
-5.45472 1.89872
-5.47006 2.09536
-5.57625 1.9598
-5.5591 2.14504
-5.66085 2.01276
-5.68018 2.17042
-5.69901 1.84989
-5.81417 1.74752
-5.7455 1.68302
-5.6219 1.75452
-5.73831 1.49893
-5.54374 1.63773
-5.37924 1.71656
-5.50264 1.51306
-5.42706 1.45766
-5.35462 1.34811
-5.49686 1.26852
-5.58428 1.31288
-5.62172 1.11673
-5.51623 1.1281
-5.65423 0.948114
-5.54719 0.976813
-5.43827 1.13523
-5.45095 1.00565
-5.3135 1.23317
-5.23225 1.40629
-5.1061 1.4679
-5.22231 1.24313
-5.10589 1.34668
-4.95899 1.54417
-4.9301 1.67688
-4.8378 1.73299
-4.82238 1.68037
-4.75358 1.70523
-4.87424 1.54055
-5.03619 1.3444
-5.14214 1.14398
-5.08961 1.16786
-5.24513 0.975415
-5.15361 1.05556
-5.07428 1.12355
-5.2104 0.949732
-5.34595 0.919652
-5.21982 1.14051
-5.34826 0.982995
-5.36127 1.03934
-5.45463 0.857216
-5.51594 0.851596
-5.61533 0.708798
-5.54425 0.715167
-5.49353 0.721504
-5.64948 0.583281
-5.80434 0.468128
-5.88388 0.356436
-5.88832 0.32149
-6.04016 0.244646
-6.07665 0.182615
-6.0249 0.213978
-6.20469 0.123566
-6.16085 0.173128
-6.33944 0.0886681
-6.49536 0.0465825
-6.57822 0.0328764
-6.78961 0.00653338
-6.74901 0.0257287
-6.93954 -0.00173223
-6.96027 0.0238889
-7.08002 -0.0142424
-7.3638 -0.0143278
-7.26439 -0.0206888
-7.38975 -0.00539768
-7.15087 -0.0180215
-7.02182 -0.0139969
-6.88779 0.00226945
-7.08156 0.00824583
-6.8906 0.0348751
-6.70084 0.0307538
-6.62659 0.0573879
-6.48999 0.0630876
-6.44505 0.0978882
-6.65167 0.101801
-6.41105 0.174133
-6.58425 0.160919
-6.51098 0.206893
-6.39119 0.267699
-6.55001 0.259259
-6.41786 0.360544
-6.64562 0.330523
-6.52765 0.42326
-6.37859 0.501356
-6.22712 0.477881
-6.1848 0.639428
-6.37255 0.637172
-6.22211 0.742906
-6.09738 0.788592
-5.96378 0.795961
-5.98656 0.925708
-6.1327 0.878375
-6.01235 1.04971
-6.1646 0.99996
-6.05648 1.18621
-6.07234 1.39519
-5.91934 1.37365
-5.88163 1.2447
-5.87271 1.56356
-5.72882 1.28377
-5.86371 1.0959
-5.73346 1.11899
-5.86183 0.974227
-5.77431 0.946919
-5.82866 0.750867
-6.03761 0.600417
-5.94774 0.553196
-5.79289 0.677336
-5.67601 0.813993
-5.67486 0.708437
-5.56882 0.861888
-5.82258 0.580236
-5.76701 0.579132
-5.9314 0.442094
-5.98566 0.324524
-6.10438 0.30142
-6.14762 0.216765
-6.25024 0.135458
-6.28448 0.137992
-6.23653 0.219493
-6.24192 0.277294
-6.09495 0.391162
-6.24641 0.369946
-6.11038 0.471416
-5.68454 0.596671
-5.61441 1.44891
-6.54209 0.520489
-6.73545 0.505825
-6.65356 0.430085
-6.81941 0.385774
-6.86203 0.27174
-6.71155 0.242115
-6.87379 0.178617
-6.653 0.197656
-6.73086 0.144817
-6.93148 0.096374
-7.11401 0.0578142
-7.1998 0.030056
-7.30925 0.0568697
-7.22475 0.0712974
-7.14764 0.0854799
-7.32797 0.0939856
-7.15586 0.127779
-7.41099 0.141789
-7.55066 0.110932
-7.48631 0.0721466
-7.71161 0.0794252
-7.49382 0.0371672
-7.79317 0.0340468
-7.59958 0.00708032
-7.31698 0.0119718
-7.93812 0.018472
-8.01425 0.0515617
-8.20732 0.065276
-8.22092 0.0394167
-8.47826 0.0667031
-8.76692 0.101964
-8.87144 0.084518
-8.59704 0.11626
-8.39376 0.112761
-8.57134 0.172579
-8.34052 0.146499
-8.13925 0.0967699
-8.19193 0.207826
-8.03455 0.158003
-7.91713 0.117047
-7.92885 0.0620396
-7.73961 0.132849
-7.88914 0.175829
-7.72341 0.203262
-7.5928 0.16163
-7.51566 0.213749
-7.70391 0.274542
-7.87922 0.246585
-7.88341 0.360848
-8.04993 0.277715
-8.01327 0.205607
-8.34693 0.255741
-8.38983 0.197314
-7.67075 0.366824
-7.5186 0.302593
-7.36731 0.326305
-7.342 0.253276
-7.30689 0.185464
-7.11164 0.221622
-7.22145 0.301009
-7.03972 0.335021
-6.98086 0.46689
-8.75095 0.154228
-7.01169 0.574404
-6.30374 0.092728
-6.6618 0.0248462
-5.55689 2.35507
-4.49651 2.6716
-4.44377 2.59254
-4.4455 2.407
-4.33844 2.66102
-4.41204 2.74002
-4.33403 2.86097
-4.32607 3.05394
-4.40316 3.10048
-4.34463 3.24267
-4.20541 3.23148
-4.29281 3.44917
-4.19784 3.49996
-4.10399 3.40512
-4.11325 3.63098
-4.21434 3.70489
-4.13855 3.8282
-4.0435 3.8321
-4.04324 3.64048
-4.00116 3.3808
-3.92334 4.25778
-4.05557 3.19479
-4.03044 3.02362
-4.12001 3.03981
-4.07383 2.95679
-4.22759 2.97746
-4.24594 2.80792
-4.33422 3.81017
-4.30871 3.6236
-4.25086 3.57281
-4.35992 3.53694
-4.4017 3.42368
-4.32498 2.54474
-4.44314 2.24094
-4.38295 2.21346
-5.39567 0.792601
-4.14546 2.38168
-4.73092 4.83367
-4.78788 3.48788
-4.91005 3.31935
-4.77947 3.18802
-4.9577 3.06565
-5.01477 3.21798
-5.0111 3.37221
-5.07425 3.08679
-4.68572 3.05326
-5.35219 2.88077
-5.09721 5.72102
-5.03524 5.83126
-5.1307 6.0126
-5.01853 6.03321
-5.08575 6.30152
-4.93075 6.11556
-4.95566 6.36148
-4.7879 6.22683
-4.85819 6.17041
-4.62443 6.09284
-4.70498 6.26641
-6.78502 2.29642
-7.00614 2.14383
-6.94898 2.37292
-7.20573 2.35308
-7.00771 2.56762
-7.42009 2.21571
-6.78966 2.54876
-6.54674 8.95398
-6.0921 7.70111
-6.07557 7.40237
-8.74757 0.74872
-9.41984 0.84377
-9.49586 1.04402
-9.59173 0.877774
-9.69824 0.987202
-9.78844 0.820199
-9.56452 0.733549
-9.73731 0.624418
-9.99452 0.707249
-9.97679 0.566161
-9.78943 0.499838
-10.2013 0.638461
-10.9959 1.0504
-11.1144 0.931867
-11.0934 1.29204
-10.9685 1.22469
-10.9084 1.13598
-10.8388 1.24219
-10.9607 1.44745
-10.8764 1.73554
-11.0287 1.65552
-11.1231 1.55804
-11.1122 1.89298
-10.9249 2.0702
-11.0693 2.23445
-11.1676 2.13667
-11.1562 2.35184
-11.0275 2.58917
-10.9266 2.3719
-10.8961 2.62122
-10.8921 2.89424
-10.8577 3.3183
-10.7323 3.09603
-10.635 3.39979
-10.6929 3.60558
-10.7945 3.66713
-10.6199 3.92001
-10.64 4.21613
-10.4519 4.30326
-10.3607 4.06854
-10.475 3.72103
-10.294 3.90348
-10.2536 3.74687
-10.3485 3.44161
-10.0099 3.71576
-10.0811 3.42025
-10.2291 3.23507
-10.0193 3.19514
-10.2236 3.01166
-10.4171 3.08333
-10.3551 2.91224
-10.2648 2.77707
-10.0136 2.84619
-10.143 2.61306
-10.4872 2.78362
-10.6076 2.48421
-10.7341 2.76216
-10.6092 2.98508
-10.5732 3.20325
-10.8029 2.49269
-10.7539 2.24909
-9.76504 3.11537
-9.7965 3.50289
-9.48619 3.4243
-9.5331 3.72489
-9.66427 3.88158
-9.80657 4.03478
-9.45103 4.32188
-9.82324 4.28048
-10.0828 3.98931
-10.2271 4.04366
-9.62031 4.59739
-9.35377 4.7806
-9.27258 5.12701
-9.11348 5.02855
-9.05173 5.32656
-9.1559 5.46217
-8.95632 5.81942
-9.00238 6.06348
-8.80031 6.17041
-8.74299 6.00615
-8.79537 5.77418
-8.60492 5.97735
-8.6819 5.72366
-8.47942 5.8339
-8.42475 6.24077
-8.59606 6.26543
-8.38587 6.61524
-8.84859 6.28319
-8.93991 6.34269
-8.22812 6.48847
-8.13767 6.79235
-8.20974 6.99884
-7.9945 7.08932
-8.02326 7.33463
-8.12344 7.46866
-8.25573 7.46613
-7.93416 6.84693
-8.07478 6.62895
-7.98115 6.56892
-8.11488 6.39767
-8.15018 6.15394
-8.27248 6.18738
-8.27243 5.9507
-8.35519 5.64621
-8.58227 5.41514
-8.70809 5.49849
-8.76882 5.2414
-8.90521 5.26332
-8.93567 5.00615
-8.72897 5.07114
-8.92705 4.76416
-9.15081 4.72536
-9.12179 4.49452
-9.13714 4.1513
-9.41556 3.98134
-9.33014 3.80679
-9.19473 3.86653
-9.2553 3.65094
-9.09344 3.82928
-9.15271 3.53314
-8.95319 3.65561
-8.89479 4.06333
-8.81306 4.42486
-8.93672 4.52665
-8.6898 4.81478
-8.54169 4.65834
-8.656 4.30865
-8.4509 4.49045
-8.51234 4.21284
-8.70658 3.9472
-8.74798 3.47712
-8.97299 3.29395
-8.87874 3.16231
-9.02915 2.9756
-8.87879 2.86993
-9.06327 2.6865
-9.2425 2.77442
-9.141 3.10837
-9.27526 3.03127
-9.38077 2.91115
-9.37029 3.16319
-9.53566 2.9932
-9.29753 3.40705
-9.22222 3.26204
-9.08627 3.37032
-8.77563 3.17421
-8.69578 3.03978
-8.69082 3.26875
-8.23292 4.84043
-8.38271 5.05221
-8.12675 5.24871
-8.19782 5.51284
-8.49084 5.24873
-8.14023 5.91562
-7.98458 5.56399
-7.89052 5.37762
-8.05094 5.12883
-8.85006 5.52541
-8.96019 5.577
-7.49534 5.50813
-7.14993 4.94261
-6.93625 8.25049
-7.95146 8.23474
-8.13681 8.14054
-8.09949 8.30109
-8.9925 7.336
-9.46153 6.90818
-11.4021 2.58442
-11.4549 2.40954
-11.4446 2.56674
-11.4801 2.43746
-11.5023 2.24193
-11.5125 2.35642
-11.4982 0.9359
-11.5045 1.07277
-11.5499 1.14128
-11.5792 1.33733
-11.5866 1.56199
-11.5574 2.13428
-11.5647 2.06821
-11.5733 1.94666
-11.5575 2.22295
-11.536 2.28955
-11.5286 2.44239
-11.4941 2.53998
-11.3488 3.23777
-11.3558 3.18236
-11.3253 3.34452
-11.3354 3.31239
-11.3219 3.25602
-11.2441 3.48989
-11.1665 3.77261
-11.3188 3.18634
-11.1914 0.417921
-9.24528 0.0926815
-9.30399 0.0657961
-8.11026 0.0597947
-8.2449 0.0706858
-7.73229 0.592399
-7.7889 0.685752
-4.90031 1.67285
-4.81828 2.22312
-4.88521 2.36627
-5.09002 2.2671
-5.23927 2.32842
-5.25294 2.43099
-5.24001 2.5518
-5.19837 2.70809
-9.62683 1.69968
-6.75183 3.28637
-7.82147 3.29986
-7.97021 3.27311
-6.44839 3.99772
-6.36031 3.99982
-7.53308 4.28015
-5.12618 4.91886
-4.81184 3.32089
-4.80429 3.17411
-3.80636 3.35521
-3.8245 3.74986
-4.11722 4.18183
-4.23661 4.41174
-4.22426 4.54724
-4.37949 4.89951
-4.40801 4.79271
-4.29235 4.67724
-4.38963 4.6582
-4.37371 4.51331
-4.51282 4.92948
-4.57392 5.00413
-4.57216 5.06026
-4.68371 5.03947
-4.69104 5.10811
-4.66767 4.9623
-4.22347 4.28902
-5.47084 4.49637
-5.91846 2.17796
-6.958 0.215462
