5.87889 -1.33347
5.88086 -1.48523
5.83547 -1.58963
4.7766 -2.25568
4.73114 -2.36624
4.56559 -2.47397
4.7913 -2.45916
4.8944 -2.30405
4.99421 -2.36228
4.97995 -2.47377
4.77752 -2.59544
4.9599 -2.60289
4.77353 -2.6819
4.92509 -2.68708
4.77376 -2.75207
4.95182 -2.74648
5.10389 -2.61918
5.14574 -2.71564
5.29361 -2.55257
5.3333 -2.60436
5.2136 -2.70623
5.33202 -2.6188
5.45214 -2.53859
5.45583 -2.49064
5.53787 -2.40148
5.52238 -2.38449
5.61099 -2.28599
5.62236 -2.27198
5.70076 -2.17138
5.70754 -2.15484
5.75781 -2.03505
5.76399 -2.04943
5.65184 -2.22519
5.69875 -2.14841
5.59822 -2.30226
5.61179 -2.19604
5.54039 -2.34055
5.49171 -2.25586
5.41366 -2.45286
5.34261 -2.38368
5.3946 -2.24515
5.47737 -2.06969
5.3672 -2.14175
5.40869 -1.93511
5.27509 -2.08211
5.29043 -1.84614
5.38797 -1.64333
5.51117 -1.74084
5.48969 -1.92028
5.56072 -1.88472
5.58739 -1.70373
5.56698 -1.52861
5.47374 -1.47173
5.53601 -1.3231
5.42788 -1.14273
5.56047 -1.08163
5.61212 -1.33437
5.62923 -1.16585
5.68187 -1.33256
5.69442 -1.07379
5.60517 -0.976555
5.62467 -0.75558
5.52681 -0.753891
5.44633 -0.8096
5.37062 -0.424729
5.29931 -0.516213
5.23404 -0.227638
5.13259 -0.147877
5.08609 0.128042
5.22937 -0.0785621
5.12985 0.265867
4.91921 0.60434
4.93353 0.400402
4.75248 0.729829
4.74206 0.983683
4.82744 0.999608
4.64953 1.33058
4.76366 1.26854
4.90579 1.03943
5.00782 0.669241
5.07963 0.70507
5.18912 0.334439
5.24399 0.386434
5.34917 0.0414102
5.36822 0.189493
5.20737 0.658183
5.38993 0.331906
5.50098 -0.0676998
5.499 0.0740094
5.64246 -0.291229
5.53239 0.111587
5.42104 0.366474
5.36981 0.567041
5.25247 0.775533
5.25571 0.828113
5.26234 0.8935
5.38343 0.664594
5.3102 0.877391
5.37624 0.745866
5.45228 0.563523
5.38143 0.775562
5.46693 0.544163
5.40394 0.76626
5.34679 0.940881
5.33967 0.965577
5.37606 0.891769
5.43627 0.70625
5.41889 0.756993
5.38297 0.90655
5.4155 0.832277
5.38071 1.00411
4.37241 2.4336
4.28402 2.57765
4.24745 2.48172
4.09325 2.69178
4.08646 2.46287
4.31055 2.28318
4.23996 2.1778
4.13474 2.23763
4.20368 2.09737
4.13154 2.06878
4.01542 2.36632
3.9342 2.2283
3.84751 2.49798
3.72447 2.45284
3.8367 2.0913
3.66798 2.31242
3.56719 2.53285
3.52427 2.39469
3.38189 2.73809
3.32726 2.54581
3.17486 2.83402
3.15847 2.68539
3.23458 2.44507
3.04624 2.68173
3.0242 2.88494
2.88776 2.90563
2.91041 3.02183
2.99434 3.10912
3.19685 2.99051
3.12797 3.17083
3.33854 3.02487
3.17228 3.34432
2.9947 3.32077
2.91642 3.51728
2.80999 3.38814
2.78191 3.54043
2.76291 3.61939
2.84668 3.69118
2.63965 3.71556
2.66068 3.55919
2.43366 3.61189
2.56147 3.36685
2.30583 3.41271
2.39341 3.19384
2.19078 3.23189
2.2554 3.03483
2.1242 3.10615
2.06111 2.94279
2.30175 2.77069
2.49766 2.9194
2.57062 2.57259
2.34566 2.48979
2.10216 2.61045
2.2196 2.41742
2.09659 2.32155
2.34895 2.21251
2.16465 2.0269
2.41691 1.87888
2.67116 1.9755
2.54186 2.30859
2.76955 2.24703
2.83669 2.47923
2.69721 2.72988
2.87395 2.69597
2.71313 2.93127
2.77566 3.14085
2.58197 3.12441
3.07676 2.39788
3.0098 2.17605
3.21926 2.05749
3.28899 2.18774
3.49305 2.1334
3.4326 1.9003
3.63119 1.73998
3.79839 1.73946
3.69431 2.08756
3.85607 1.86671
3.97763 1.8205
4.04345 1.92105
4.14834 1.64085
4.24054 1.74308
4.36381 1.4048
4.44248 1.54949
4.31135 1.90993
4.51686 1.71383
4.39358 2.01827
4.52026 1.88885
4.49297 2.09085
4.39089 2.33152
4.4866 2.23776
4.43557 2.33284
4.53788 2.25207
4.60152 2.10166
4.65992 2.12462
4.82474 1.96187
4.95805 1.80675
4.91165 1.81834
4.89419 1.77482
4.98213 1.69407
5.02916 1.53006
4.87534 1.64564
5.07625 1.27297
5.11976 1.30629
5.10915 1.3669
5.09292 1.48422
5.17287 1.24082
5.1791 1.17336
5.24922 1.05888
5.18876 1.05803
5.28969 1.02893
5.21114 1.26279
5.28132 1.13199
5.19753 1.36132
5.27117 1.23369
5.30315 1.07933
5.02248 1.66907
5.33714 1.04031
5.33988 0.85847
5.08426 1.05137
4.97667 1.1006
4.93496 1.36525
4.86259 1.38649
4.76394 1.62157
4.80108 1.37457
4.71193 1.57146
4.63243 1.71208
4.67475 1.51138
4.61328 1.8561
4.67325 1.88477
4.74981 1.92601
4.58171 1.17227
4.51925 0.949964
4.73426 0.563635
4.88894 0.356144
4.84871 0.233751
5.00183 0.0106732
5.01293 0.146658
5.12957 -0.338683
4.97526 -0.13424
5.0839 -0.44138
5.22559 -0.688577
5.35818 -0.848984
5.31527 -0.96481
5.28934 -1.12897
5.37277 -1.36875
5.24389 -1.36021
5.26426 -1.63318
5.15592 -1.49695
5.03656 -1.19745
5.00778 -1.46989
5.16441 -1.71383
5.0149 -1.76277
5.15517 -1.95848
4.97189 -2.04673
5.11845 -2.1922
5.24316 -2.3148
5.0105 -2.4081
4.97513 -2.26261
4.84116 -2.37521
4.85812 -2.22245
4.68363 -2.30918
4.72936 -2.05794
4.79736 -1.74795
4.62749 -1.82175
4.53421 -1.5347
4.45358 -1.74591
4.23014 -1.51911
4.30837 -1.25861
4.47773 -1.22112
4.23686 -0.910103
3.97965 -1.11007
3.8386 -0.557126
4.10151 -0.543865
4.31494 -0.680242
4.17412 -0.344866
4.47109 -0.584216
4.23924 -0.0665723
4.51339 -0.282654
4.32141 0.163975
4.54917 -0.0176193
4.33812 0.448574
4.56319 0.263887
4.35036 0.672916
4.4785 0.688756
4.66969 0.305152
4.67823 0.485823
4.8221 0.0903035
4.956 -0.289697
4.79101 -0.0593709
4.93858 -0.47257
5.09953 -0.639589
5.09333 -0.911696
5.21901 -0.891828
4.89195 -0.597358
4.90035 -0.825283
4.86743 -0.989997
4.71124 -0.695345
4.72836 -0.45503
4.7275 -0.965554
4.54471 -1.0061
4.80445 -1.27178
4.90275 -1.19226
4.87654 -1.54074
4.68844 -1.39336
4.74971 -0.231974
4.31334 1.0668
4.26427 0.954965
4.08308 1.3075
4.24323 1.34552
4.01695 1.62261
3.84727 1.39859
4.11823 0.940308
3.8443 1.09662
4.0799 0.618454
3.7797 0.859315
3.62602 1.22269
3.59695 1.51348
3.45041 1.46054
3.35046 1.75046
3.22986 1.63086
3.4352 1.17189
2.99286 1.53684
2.97403 1.92129
2.6567 1.66113
2.77053 1.28844
3.1902 1.035
2.98388 0.835133
3.40053 0.560855
3.53865 0.757877
3.64629 0.834913
3.80315 0.559652
3.97272 0.515768
4.01174 0.27163
4.1385 0.29846
3.95558 0.0644625
3.88382 0.311885
3.71884 0.39564
3.67974 0.158637
3.9033 -0.220873
3.60873 -0.0792063
3.4456 -0.280816
3.52778 -0.766989
3.26881 -0.426231
3.11815 -0.0538726
3.29931 0.138075
2.94551 0.444566
3.21551 0.460983
3.44492 0.253543
2.66472 0.858063
2.71013 1.0696
2.44838 1.20986
2.44607 1.56658
2.18569 1.52039
2.05435 1.15076
2.36862 0.86332
2.14628 0.602028
2.37463 0.62315
2.58533 0.571826
2.44581 0.323317
2.77302 0.125387
2.58273 -0.231344
2.99657 -0.440037
2.78287 -0.890815
3.21497 -1.01756
3.25243 -0.654561
3.66577 -1.34789
3.9748 -1.42159
3.96637 -1.69716
4.26321 -1.84289
4.06798 -1.95771
4.25009 -2.11329
4.49655 -1.97484
4.51451 -2.19837
4.318 -2.29709
4.47935 -2.36493
4.58261 -2.41116
4.65335 -2.46298
4.45673 -2.4875
4.48967 -2.62043
4.7834 -2.52925
4.72 -2.66956
4.92502 -2.58496
5.11765 -2.51549
5.00868 -2.6352
5.10611 -2.61679
5.24269 -2.53514
5.23878 -2.44294
5.1539 -2.65713
5.29033 -2.62083
5.4139 -2.53326
5.50628 -2.4403
5.4512 -2.51764
5.54348 -2.42144
5.40539 -2.56899
5.37039 -2.59351
5.27052 -2.6942
5.10315 -2.75986
5.09404 -2.79188
5.07618 -2.79267
4.92982 -2.84527
4.93311 -2.80918
4.78233 -2.85185
4.7322 -2.85631
4.8904 -2.84421
4.65344 -2.89332
4.74987 -2.85435
4.54221 -2.87282
4.70683 -2.83337
4.89237 -2.80437
4.84594 -2.77994
5.00162 -2.71138
4.87132 -2.69984
4.69346 -2.78156
4.49737 -2.74749
4.45246 -2.83897
4.24949 -2.79363
4.13562 -2.85
4.24451 -2.88093
4.36902 -2.90696
4.16934 -2.90689
4.05004 -2.94251
4.29301 -2.91715
4.53161 -2.89351
4.54708 -2.88723
4.21661 -2.92788
4.49967 -2.85653
4.68834 -2.856
4.80243 -2.83985
4.75918 -2.82145
4.58436 -2.80436
4.59316 -2.73491
4.43067 -2.79212
4.42065 -2.74163
4.57493 -2.67571
4.32941 -2.68651
4.55672 -2.58472
4.29721 -2.56612
4.40152 -2.4278
4.20019 -2.43175
3.67392 -2.76311
3.81942 -2.69846
4.03379 -2.75061
3.80535 -2.84174
3.62427 -2.82341
3.56836 -2.87317
3.41636 -2.82402
3.26077 -2.9016
3.38457 -2.92302
3.60064 -2.9253
3.41311 -2.9621
3.04208 -2.95446
3.08901 -2.97036
3.30726 -2.98329
3.66439 -2.96342
3.56467 -2.99056
3.89573 -2.97291
3.97535 -2.96176
3.98289 -2.95019
4.24006 -2.89224
4.0278 -2.90446
4.24693 -2.84129
4.05652 -2.84757
4.21931 -2.80794
4.18389 -2.77216
4.29067 -2.76301
4.31907 -2.78647
4.4054 -2.83389
3.81583 -2.89745
3.76429 -2.94503
3.75823 -2.98321
3.74667 -2.965
3.96316 -2.90979
3.7432 -2.94071
3.74373 -2.89754
3.99629 -2.86922
3.85772 -2.85254
3.9521 -2.80371
3.66638 -2.84209
3.72126 -2.79788
3.453 -2.84754
3.51154 -2.79051
3.8454 -2.71685
3.55649 -2.70211
3.79451 -2.64132
3.60949 -2.58313
3.96015 -2.54353
4.00328 -2.62855
4.22672 -2.57195
4.22508 -2.44196
4.01666 -2.44729
4.04878 -2.32178
3.81404 -2.45188
3.72579 -2.30571
3.93794 -2.13461
3.64606 -2.0951
3.39006 -2.30668
3.3375 -1.99799
3.07417 -2.22717
2.99594 -1.86048
3.30382 -1.58881
2.97303 -1.41044
2.80768 -1.62585
2.7371 -1.34062
2.49386 -1.11736
2.49171 -0.630854
2.26422 -0.613293
2.2778 -0.998976
2.10152 -0.792963
1.98856 -0.325812
2.17434 -0.180367
2.025 0.161654
2.27861 0.083993
1.79788 0.562255
1.93213 0.850481
1.76221 1.02279
1.712 1.4688
1.94814 1.55579
1.80467 1.79876
1.66116 1.76759
1.63002 2.03573
1.52382 1.75633
1.37372 2.06899
1.32615 1.69155
1.146 1.95833
1.20163 2.24801
1.04777 2.29075
1.14683 2.49565
0.98041 2.58408
0.89222 2.37412
0.925837 2.05743
0.757823 2.27276
0.781899 2.63002
0.598772 2.47262
0.602046 2.12929
0.427173 2.27176
0.4232 2.65596
0.613294 2.79129
0.533689 2.93316
0.414826 2.97401
0.228159 2.70543
0.24893 2.92804
0.11842 2.75653
0.013339 2.53019
-0.798155 1.04929
-0.765781 0.5625
-0.752272 0.766774
-0.770286 0.896989
-0.737305 0.934176
-0.714762 1.12052
-0.679118 1.2952
-0.669635 1.16176
-0.687675 0.969772
-0.62835 1.03169
-0.637141 0.751878
-0.542518 1.02712
-0.600575 1.20725
-0.543519 1.2776
-0.578721 1.38017
-0.510175 1.45856
-0.45162 1.25397
-0.396742 1.53722
-0.485474 1.69501
-0.364916 1.82737
-0.307657 1.69403
-0.252434 1.3992
-0.205383 1.7965
-0.110811 1.61394
-0.0756178 1.83373
-0.0831375 2.11834
-0.00621223 1.91337
0.0410614 1.66183
0.104865 1.98926
0.216659 1.77434
0.286474 2.03322
0.192161 2.34088
0.456256 1.90238
0.33071 1.83014
0.349508 1.54848
0.609165 1.52026
0.6059 1.87592
0.751537 1.90061
0.8603 1.55857
0.890806 1.82162
1.00097 1.74561
1.1502 1.57875
1.01764 1.47414
0.958839 1.16525
0.773108 1.22396
0.805037 0.776861
0.985906 0.859515
1.16745 0.904763
1.11826 1.29036
1.30678 1.29616
1.47564 1.47925
1.53542 1.17885
1.40655 0.912325
1.59782 0.861661
1.52358 0.567135
1.62614 0.217692
1.81793 0.0740315
1.67002 -0.355359
1.39994 0.147103
1.37874 -0.410927
1.28152 -0.127126
1.15925 0.104251
1.1646 -0.370687
1.03843 -0.13588
0.979127 -0.421024
1.04279 -0.829181
0.860294 -0.668443
0.864563 -1.04874
0.725609 -0.862671
0.738507 -1.20903
0.620509 -1.03365
0.592555 -1.35029
0.484365 -0.968651
0.400382 -1.30084
0.510111 -1.62643
0.655049 -1.65683
0.633057 -1.86859
0.808573 -1.83077
0.823948 -2.08194
1.04472 -2.07891
0.974263 -1.67918
1.22879 -1.9637
1.30506 -2.29296
1.16512 -2.29603
1.05295 -2.32016
1.25554 -2.43881
1.20061 -2.52098
1.03566 -2.48578
1.26139 -2.68439
1.36355 -2.61227
1.42988 -2.74743
1.5538 -2.67623
1.5531 -2.84231
1.76282 -2.80052
1.76539 -2.60779
1.9713 -2.71998
1.98782 -2.86012
1.81346 -2.90926
1.88799 -2.94829
2.01661 -2.94855
1.87103 -2.99607
2.01224 -3.00434
1.84488 -3.02795
1.92492 -3.04997
2.08409 -3.0087
2.20998 -2.98072
2.17902 -2.95283
2.38727 -2.95865
2.29859 -2.9152
2.16699 -2.89592
2.32719 -2.86938
2.42753 -2.91554
2.53922 -2.85387
2.34013 -2.78919
2.44875 -2.68995
2.69248 -2.73626
2.63655 -2.57149
2.43114 -2.52656
2.53269 -2.31761
2.2195 -2.37669
2.27417 -1.97731
2.54612 -2.00324
2.78043 -2.14133
2.69773 -1.82509
2.42091 -1.58338
2.63276 -1.52989
2.34545 -1.24051
2.18227 -1.20405
2.16325 -1.56304
1.96024 -1.71031
1.96381 -1.23828
1.76703 -1.31959
1.7803 -0.924397
1.90938 -0.948823
2.00885 -0.970417
1.90442 -0.703515
1.50684 -1.01582
1.64611 -1.6527
1.38585 -1.47494
1.42496 -1.84492
1.67566 -2.07531
1.85242 -1.98463
1.92597 -2.26203
1.73491 -2.37419
2.00533 -2.52814
2.18642 -2.55726
2.30223 -2.58104
2.19462 -2.68927
2.08945 -2.77362
2.1865 -2.8154
2.05293 -2.08855
1.5449 -2.4594
1.48211 -2.18811
1.41316 -2.50948
1.19832 -1.5866
1.22293 -1.17417
1.01248 -1.294
0.866069 -1.36224
0.767663 -1.52844
1.25912 -0.768414
2.83743 -2.4205
3.12943 -2.48544
2.88146 -2.62308
3.10767 -2.65414
3.32953 -2.56243
3.33472 -2.4644
3.52743 -2.45716
3.32529 -2.67635
3.12913 -2.74586
3.29258 -2.76798
3.06844 -2.8316
3.24891 -2.84548
3.00769 -2.89653
3.22913 -2.88581
3.10475 -2.92706
3.40015 -2.90559
3.26906 -2.95822
3.50609 -2.93132
3.63126 -2.88583
3.51163 -2.96385
3.17881 -2.9898
3.41958 -2.99035
2.972 -3.00829
3.20101 -2.99389
3.23921 -2.98091
3.05175 -2.97716
2.95308 -2.99972
2.81538 -2.98468
3.06573 -2.98508
2.91797 -2.98202
3.08614 -2.99573
2.80653 -2.9621
2.72227 -2.98713
2.55694 -2.99927
2.61257 -2.98726
2.78149 -2.94724
3.01524 -2.9151
3.11426 -2.84565
2.66059 -2.91343
2.14873 -2.78151
2.16408 -2.92777
2.4151 -2.95052
2.26328 -3.01163
2.50784 -2.98144
2.35584 -3.02602
2.31707 -3.04738
2.11448 -3.05801
2.08057 -3.08126
2.17196 -3.06006
2.40215 -3.02025
2.59374 -3.0048
2.55676 -3.00682
2.32187 -3.00083
2.54057 -2.97882
2.28629 -3.00205
2.08617 -3.03959
1.89895 -3.10013
1.85817 -3.09658
1.72724 -3.08038
1.68906 -3.11487
1.5237 -3.09078
1.50491 -3.10297
1.66676 -3.1026
1.73144 -3.09041
1.93376 -3.07703
1.84828 -3.05412
2.01786 -3.00561
1.7672 -2.96458
1.91025 -2.92328
1.86852 -2.82001
1.68087 -2.86473
1.5341 -2.73286
1.90287 -2.74624
-0.363033 -1.43957
-0.299076 -1.62712
-0.247943 -1.67458
-0.297481 -1.45155
-0.20111 -1.58444
-0.132461 -1.83715
-0.139518 -1.901
-0.0258255 -2.06552
-0.0335846 -2.0622
-0.135196 -1.90842
-0.0562134 -2.01823
-0.1558 -1.87098
1.29843 -2.68606
1.49541 -2.79106
1.45398 -2.84788
1.11504 -2.67786
1.20525 -2.78979
0.99402 -2.68704
0.562883 -2.57018
0.711146 -2.65903
0.575438 -2.60192
0.688749 -2.69006
0.496369 -2.58417
0.324677 -2.46953
0.0899839 -2.25127
0.198264 -2.40108
0.250963 -2.41744
0.38394 -2.51026
0.361638 -2.48512
0.177978 -2.33178
0.26989 -2.40499
0.435428 -2.48869
0.556573 -2.61123
0.474814 -2.58985
0.621721 -2.67793
0.717553 -2.73001
0.746106 -2.70681
0.580567 -2.5369
0.694509 -2.59739
0.811935 -2.68419
0.683648 -2.52031
0.789173 -2.55936
0.934392 -2.66879
0.977933 -2.84281
1.14154 -2.86226
1.13818 -2.95088
1.29241 -3.00679
1.33142 -2.93474
1.24286 -2.81867
1.37966 -2.85419
1.0927 -2.67777
1.50032 -2.94337
1.66693 -2.92349
1.61591 -3.00237
1.46052 -3.02484
1.6047 -3.05766
1.39946 -3.04932
1.33672 -3.0404
1.72871 -3.04264
1.76123 -2.97813
1.18029 -2.96949
1.34378 -3.02554
1.17183 -2.94382
1.32965 -2.99074
1.12209 -2.90009
1.22435 -2.92016
1.0615 -2.83753
1.2183 -2.87246
1.35281 -2.94895
1.40841 -2.91627
1.53275 -3.01541
1.62649 -2.99341
1.69468 -3.05582
1.52023 -3.06429
1.02894 -2.76176
0.864926 -2.71076
0.898321 -2.79146
1.00431 -2.88351
0.82363 -2.80159
1.01113 -2.88765
0.850755 -2.80862
0.954472 -2.85819
1.06633 -2.91061
1.01019 -2.88157
0.898881 -2.80193
0.860892 -2.80746
0.897717 -2.50001
0.875299 -2.40566
0.823316 -2.27735
0.761133 -2.33873
0.642483 -2.20696
0.574326 -2.28932
0.74258 -2.4099
0.66071 -2.43649
0.485115 -2.33594
0.361123 -2.19952
0.345128 -2.2817
0.230464 -2.17068
0.221311 -2.28546
0.107029 -2.09246
0.0874739 -2.15874
0.169559 -2.27928
0.097435 -2.20669
0.0704145 -2.1832
-0.0260458 -1.98659
0.391213 -2.42838
0.334846 -2.35347
0.437823 -2.38576
0.549366 -2.46665
0.629951 -2.53021
0.563084 -2.4254
0.0301151 -1.92002
-0.0713158 -1.70934
0.045907 -1.78539
0.189532 -1.95732
0.0945721 -1.71413
0.189689 -1.67956
0.306826 -1.87132
0.429141 -2.08156
0.448186 -1.85008
0.626922 -2.06703
0.315052 -1.70792
0.379482 -1.60657
0.258457 -1.43358
0.146344 -1.42473
0.0825491 -1.5123
0.054697 -1.25385
-0.00179768 -1.35167
-0.00577736 -1.5528
-0.0880804 -1.27174
-0.119697 -1.41941
-0.167068 -1.47189
-0.285935 -1.27846
-0.20077 -1.29455
-0.280352 -1.11394
-0.195495 -1.12029
-0.294316 -0.907716
-0.390431 -0.894905
-0.367047 -0.617754
-0.245685 -0.740269
-0.32917 -0.41793
-0.228314 -0.329622
-0.111327 -0.70454
-0.136923 -0.997902
-0.0446911 -1.09134
0.026123 -0.892684
-0.0198994 -0.48815
0.0764294 -0.624044
0.138339 -0.852207
0.142894 -1.16003
0.256101 -1.01179
0.184525 -0.529703
0.298047 -0.74878
0.365849 -0.961933
0.386003 -0.699814
0.298533 -0.490929
0.390915 -0.355728
0.474432 -0.611385
0.590301 -0.709601
0.54885 -0.279251
0.718546 -0.439962
0.692967 -0.0389835
0.807964 -0.139996
0.812817 0.125899
0.870459 0.0015293
0.955095 0.135779
0.857724 0.395842
0.708619 0.338118
0.54417 0.557941
0.577059 0.13589
0.430885 0.0729896
0.299017 0.446009
0.262433 -0.0964301
0.184381 0.201896
0.122039 -0.0466142
0.0607691 -0.340553
-0.0356627 -0.0177862
-0.115473 -0.328419
-0.158164 -0.0762297
-0.253769 0.121069
-0.342293 -0.104369
-0.376592 0.245569
-0.305502 0.499601
-0.192935 0.460313
-0.228847 0.76396
-0.134283 0.726404
-0.163726 1.02982
-0.0311213 0.894203
-0.0791655 0.457761
0.0915251 0.47219
0.112979 0.940496
0.228553 0.826533
0.228596 1.19513
0.414806 1.03042
0.182726 1.50158
0.0736389 1.26264
-0.0723848 1.32039
-0.14697 0.189254
-0.267009 1.03751
-0.35473 1.13774
-0.34165 0.827348
-0.436428 0.925352
-0.402116 0.587706
-0.515303 0.680532
-0.470282 0.351281
-0.587661 0.418801
-0.524152 0.136244
-0.440813 0.050052
-0.482171 -0.0454685
-0.428497 -0.247014
-0.529288 -0.0993943
-0.485433 -0.450257
-0.62758 -0.133919
-0.594931 -0.458488
-0.499733 -0.687148
-0.577052 -0.692454
-0.471588 -0.941563
-0.373226 -1.09135
-0.383116 -1.22949
-0.481297 -1.11328
-0.456842 -1.26407
-0.52849 -1.142
-0.599343 -1.05237
-0.548395 -0.988526
-0.635863 -0.86832
3.3523 3.39901
3.09794 3.60324
2.97795 3.61334
0.743649 3.52942
0.530528 3.23532
0.375126 3.1368
0.619492 3.15419
0.690214 3.36107
0.795753 3.30775
0.870188 3.46181
0.978548 3.59229
1.0966 3.69766
1.18553 3.60818
1.26179 3.72536
1.41986 3.81617
1.46029 3.64205
1.64566 3.80722
1.83245 3.90411
2.20094 3.88049
1.99133 3.87282
1.85184 3.80189
2.04136 3.78552
1.89114 3.68925
2.06622 3.68024
2.23239 3.73619
2.44944 3.81294
2.18252 3.57928
1.96346 3.55156
2.08165 3.39482
1.83584 3.34017
2.01567 3.18766
1.8293 3.06754
1.61268 3.18787
1.64021 3.37215
1.53838 3.31567
1.39553 3.25287
1.43332 3.0136
1.20203 3.06946
1.30966 2.82278
1.11778 2.78387
1.05661 2.9666
0.928304 2.88119
0.754464 2.9383
0.862906 3.07389
1.00406 3.09654
0.90846 3.23216
0.756652 3.13813
0.970666 3.38157
1.09442 3.28369
1.09461 3.41481
1.05888 3.49641
1.25444 3.43439
1.50141 3.43491
1.71515 3.54309
1.71125 3.70616
1.2354 3.27051
0.645103 3.00976
1.25226 2.63019
1.30985 2.40774
1.40701 2.61196
1.50251 2.35423
1.62686 2.61977
1.47541 2.80245
1.63194 2.91852
1.84711 2.78158
1.87072 2.47526
1.69844 2.33215
1.89342 2.12298
3.06697 3.5276
3.17517 3.49239
3.44435 3.16318
3.57739 3.228
3.68964 2.94131
3.53851 2.9288
3.53783 2.73947
3.69928 2.68431
3.75577 2.55271
3.87711 2.63899
3.91973 2.77993
3.83887 2.9467
3.95705 2.86357
3.74857 3.0866
5.87421 -1.03449
5.88201 -1.17469
5.85622 -1.03313
5.87654 -1.25328
5.88875 -1.40689
5.87908 -1.42891
5.87554 -1.2728
5.86537 -1.14389
5.85635 -1.18627
5.83595 -0.977441
5.81258 -0.766224
5.78015 -0.730192
5.7229 -0.496854
5.75401 -0.53945
5.79572 -0.701301
5.75285 -0.553653
5.78171 -0.684368
5.80206 -0.779831
5.8373 -0.875027
5.71996 -0.471484
5.7433 -0.535683
5.76811 -0.629952
5.70932 -0.3839
5.72971 -0.389347
5.66737 -0.180959
5.66315 -0.226088
5.68348 -0.338829
5.64958 -0.134773
5.63284 -0.0820997
5.63368 -0.0533327
5.61559 0.0562919
5.6067 0.100877
5.61643 0.0181704
5.69605 -0.304351
5.66513 -0.205341
5.71663 -0.551162
5.71347 -0.638923
5.78643 -0.904244
5.70702 -0.835546
5.60887 -0.461358
5.48101 -0.380461
5.46943 -0.153152
5.30074 -0.0556975
5.78754 -1.13013
5.82451 -1.09502
5.84189 -1.27549
5.86815 -1.36188
5.85163 -1.46323
5.86831 -1.53764
5.8796 -1.61967
5.88455 -1.54293
5.85107 -1.6892
5.86672 -1.6073
5.82439 -1.7307
5.84293 -1.8733
5.78247 -1.91535
5.76091 -1.80726
5.7416 -1.90204
5.70271 -2.0005
5.72243 -2.05009
5.65461 -2.15627
5.64254 -2.07878
5.64174 -2.01262
5.69975 -1.90263
5.63629 -1.88359
5.71047 -1.82653
5.54877 -2.03076
5.4454 -2.04181
5.48558 -2.12132
5.55965 -2.16346
5.43504 -2.20294
5.43168 -2.31807
5.54814 -2.29287
5.4336 -2.43263
5.34711 -2.43546
5.28727 -2.38686
5.33858 -2.27284
5.1721 -2.33013
5.31303 -2.14489
5.08635 -2.20985
5.15792 -2.01925
4.92448 -2.11439
5.33746 -1.98086
5.13628 -2.48741
5.24088 -2.49289
5.38548 -2.52928
5.84505 -1.7602
5.81633 -1.87189
5.84943 -1.71383
5.81091 -1.81857
5.82379 -1.7141
5.84948 -1.61556
5.79712 -1.66724
5.82521 -1.54793
5.8087 -1.42164
5.72859 -1.54357
5.72635 -1.72455
5.73223 -1.87601
5.76383 -1.98444
5.69443 -2.05747
5.6138 -2.02697
5.65893 -1.76936
5.63824 -1.54292
5.74678 -1.30163
5.49611 0.363923
5.54765 0.317233
5.53155 0.344185
5.56929 0.233157
5.53583 0.371634
5.52958 0.390093
5.5669 0.255199
5.47779 0.576931
5.47743 0.524355
-0.781798 0.236936
-0.750541 0.11351
-0.732393 0.198324
-0.745375 0.362983
-0.730746 0.277116
-0.707093 0.354712
-0.689823 0.184254
-0.662085 0.431303
-0.711666 0.501534
-0.684234 0.628502
-0.726331 0.651745
-0.711672 0.787315
-0.61693 0.156358
-0.700827 0.000328567
-0.670197 -0.267465
-0.718787 -0.124816
-0.720872 -0.261339
-0.677083 -0.387583
-0.6466 -0.517739
-0.67957 -0.496962
-0.6653 -0.606672
-0.631106 -0.708201
-0.562996 -0.834102
-0.695717 -0.73267
-0.751685 0.00136708
-0.365176 1.34414
0.629987 1.03315
1.02046 0.534522
1.21852 0.473977
1.34394 0.616172
0.916155 -0.15058
0.854287 -0.364495
0.811323 -2.51067
-0.229344 -1.79785
-0.219008 -1.79041
2.25273 -2.98083
2.39481 -2.97782
2.63414 -2.98525
2.59224 -2.94342
2.83229 -2.95707
2.76114 -2.89867
2.89096 -2.85144
2.75279 -2.82834
2.92102 -2.76162
2.96124 -2.97481
2.80866 -3.00951
2.97239 -3.0062
2.75905 -2.99105
-0.185283 2.37663
-0.249216 2.18105
-0.253783 1.98008
-0.355534 2.04331
-0.442034 1.91682
-0.569077 1.5314
-0.6251 1.4384
-0.634225 1.30515
-0.289305 1.83852
2.03107 1.80555
2.24061 1.76992
2.35185 -0.300056
3.63187 -1.79166
3.85599 -1.94576
4.16872 -2.66923
4.30882 -2.72632
4.0801 -2.75009
3.90554 -2.76574
4.01132 -2.5747
3.16042 1.91345
-0.730746 0.277116
-0.631106 -0.708201
