-0.781798 0.236936
-0.798155 1.04929
-0.442034 1.91682
-0.185283 2.37663
0.375126 3.1368
0.743649 3.52942
1.0966 3.69766
1.41986 3.81617
1.83245 3.90411
2.20094 3.88049
2.44944 3.81294
2.84668 3.69118
3.09794 3.60324
3.57739 3.228
3.74857 3.0866
4.28402 2.57765
4.82474 1.96187
4.95805 1.80675
5.27117 1.23369
5.38071 1.00411
5.72971 -0.389347
5.87421 -1.03449
5.88201 -1.17469
5.88875 -1.40689
5.88455 -1.54293
5.8796 -1.61967
5.84293 -1.8733
5.76399 -2.04943
5.70076 -2.17138
5.54348 -2.42144
5.45214 -2.53859
5.27052 -2.6942
5.09404 -2.79188
4.92982 -2.84527
4.65344 -2.89332
3.89573 -2.97291
3.75823 -2.98321
1.68906 -3.11487
1.50491 -3.10297
1.33672 -3.0404
1.13818 -2.95088
0.82363 -2.80159
0.474814 -2.58985
0.198264 -2.40108
0.0899839 -2.25127
-0.229344 -1.79785
-0.599343 -1.05237
-0.695717 -0.73267
