3.04399 0.872718
2.96394 1.03724
2.8309 1.19557
2.66336 1.41592
2.78683 1.22213
2.85407 1.15665
2.94543 0.870101
2.74766 1.27877
2.86109 0.826531
2.68354 1.19415
2.73505 0.898952
2.60311 1.15748
2.55791 1.34955
2.58564 1.41707
2.4646 1.57661
2.48575 1.45245
2.34217 1.54377
2.46696 1.31671
2.34375 1.36479
2.21001 1.52
2.17219 1.7094
2.03453 1.71609
2.03512 1.9022
1.83826 1.95112
1.9031 2.06336
2.02576 2.04339
1.8916 2.19516
1.76451 2.17448
1.76986 2.27484
1.66977 2.26203
1.67225 2.39587
1.51208 2.32101
1.49927 2.58669
1.29899 2.4964
1.30898 2.21847
1.0867 2.41962
1.09518 2.10678
0.928434 2.32775
0.870659 2.15221
0.719144 2.39489
0.891384 2.55329
0.715365 2.64892
0.84353 2.78037
0.64438 2.84263
0.462197 2.63697
0.459921 2.89385
0.203579 2.87225
0.39018 3.09673
0.592997 3.00334
0.564772 3.1441
0.466523 3.33723
0.308643 3.26025
0.345756 3.34764
0.215434 3.3966
0.124904 3.41653
-1.16449 3.17803
-0.938055 3.25448
-0.712737 3.30383
-0.740709 3.14784
-1.01036 3.10035
-0.905012 3.00142
-1.12935 2.95014
-1.18802 3.05332
-1.26834 2.97395
-1.3912 2.84216
-1.17889 2.79902
-1.3204 2.67653
-1.5831 2.58438
-1.36145 2.49391
-1.65526 2.32493
-1.8181 2.42481
-1.84381 2.56933
-2.06364 2.40757
-1.99039 2.56183
-1.91145 2.67748
-2.14351 2.60051
-2.00075 2.74437
-2.2873 2.47048
-2.27321 2.29335
-2.40679 2.33531
-2.68631 2.17027
-2.7914 2.08563
-2.88083 2.00601
-2.98414 1.7997
-2.51005 2.21006
-2.7659 1.78269
-3.06123 1.62797
-3.04741 1.74589
-3.08547 1.56688
-3.19681 1.43851
-3.24002 1.35766
-3.38822 1.22614
-3.448 1.13873
-3.28403 1.27479
-3.4542 0.968191
-3.4988 1.02259
-3.6026 0.805104
-4.0239 -0.574564
-4.07616 -0.770279
-4.10573 -0.97528
-4.0562 -0.77742
-4.01844 -0.622663
-4.01731 -0.470173
-3.98147 -0.47937
-3.991 -0.351946
-3.75163 0.411823
-3.68943 0.576082
-3.72896 0.260657
-3.57811 0.526374
-3.55966 0.749101
-3.48282 0.75754
-3.40815 0.842806
-3.3096 1.00704
-3.36387 0.742527
-3.23537 0.884608
-3.1685 1.0936
-3.21437 1.2284
-3.14195 1.37504
-3.11147 1.24765
-3.02437 1.36045
-3.0564 1.47839
-2.91885 1.52398
-3.13725 1.50287
-2.87427 1.33948
-2.70575 1.5371
-2.58333 1.76792
-2.53779 1.96549
-2.4139 1.91177
-2.39381 2.13889
-2.20753 2.12037
-2.26983 1.8396
-2.0749 2.00516
-1.93816 2.22452
-1.79907 2.0401
-1.56591 2.15784
-1.35851 2.26546
-1.40791 1.98383
-1.03949 2.18877
-1.0652 2.4219
-1.08661 2.65719
-0.836069 2.57168
-0.817059 2.74427
-0.534896 2.68655
-0.678791 2.93144
-0.967517 2.85851
-0.334901 2.93813
-0.453747 3.13101
-0.163754 3.15839
-0.315392 3.28245
-0.137431 3.33027
-0.26817 3.39283
-0.133386 3.43719
-0.379223 3.35575
-0.490323 3.32603
0.0388236 3.41716
0.0170035 3.29144
0.132861 3.15731
-0.0547354 2.97843
-0.12404 2.73431
0.161353 2.62324
-0.0177515 2.44562
-0.314336 2.48513
-0.248509 2.20933
-0.676592 2.3521
-0.595618 2.10829
-0.803224 2.14761
-0.890418 1.94553
-0.358355 1.88709
-0.663465 1.69575
-0.962983 1.7477
-1.22107 1.74575
-1.52586 1.71213
-1.76232 1.76107
-2.06656 1.74081
-1.97126 1.48159
-2.23555 1.40787
-2.30082 1.60356
-2.44857 1.38955
-2.47686 1.63337
-2.59773 1.40535
-2.64687 1.16954
-2.43924 1.12674
-2.6551 0.87749
-2.45493 0.808465
-2.15924 1.07995
-2.28264 0.672321
-2.46953 0.505988
-2.67524 0.515154
-2.56381 0.157902
-2.78325 0.141939
-2.73419 -0.260169
-2.87849 -0.0922068
-2.9168 -0.331796
-3.01196 -0.174228
-2.9644 0.0853842
-3.04579 -0.0404147
-3.12539 -0.0149497
-3.07812 -0.107337
-3.11321 -0.235376
-3.23669 -0.337375
-3.29326 -0.0973817
-3.4167 -0.418292
-3.41313 -0.134247
-3.3411 0.0806156
-3.45141 0.0637894
-3.31763 0.337614
-3.42653 0.427726
-3.27738 0.6406
-3.19154 0.557984
-3.19873 0.245471
-3.07962 0.512055
-3.02877 0.319021
-2.89002 0.656855
-3.04902 0.741489
-2.92494 0.892601
-3.01207 0.962534
-2.84943 1.11641
-2.79723 0.949421
-2.72942 1.31401
-3.00701 1.17829
-3.10128 0.999624
-3.14107 0.807141
-2.87216 0.35932
-3.47655 0.63905
-3.53589 0.39791
-3.63772 0.244391
-3.56442 0.108877
-3.71854 -0.081379
-3.62222 -0.222628
-3.74441 -0.465501
-3.80964 -0.374682
-3.80394 -0.188231
-3.85856 -0.322245
-3.90562 -0.565002
-3.93766 -0.462983
-3.97845 -0.678013
-4.0064 -0.648532
-3.94294 -0.320516
-3.88195 -0.232365
-3.92605 -0.156966
-3.88774 -0.125661
-3.87843 -0.00856939
-3.82444 0.133751
-3.81743 0.268936
-3.8716 0.13699
-3.79517 -0.0184845
-3.81929 -0.170047
-3.96265 -0.240134
-4.05716 -0.877785
-3.9853 -0.838623
-4.05457 -1.05323
-4.11695 -1.19586
-4.13596 -1.14344
-4.15348 -1.32489
-4.17751 -2.10056
-4.16393 -1.88113
-4.1485 -1.69524
-4.12699 -1.66548
-4.13183 -1.47125
-4.14897 -1.50806
-4.09732 -1.44376
-4.0528 -1.28726
-4.04867 -1.60433
-3.99093 -1.35973
-4.00278 -1.07011
-3.91083 -1.29693
-3.90812 -0.909568
-3.83353 -1.03551
-3.8133 -0.761795
-3.858 -0.632193
-3.92453 -0.752762
-3.94776 -0.881204
-3.72194 -0.684733
-3.64131 -0.513211
-3.66572 -0.807737
-3.55262 -0.607806
-3.51925 -0.279637
-3.54393 -0.0856484
-3.48606 -0.773826
-3.33675 -0.701046
-3.44491 -1.10252
-3.55105 -0.998357
-3.57597 -0.843382
-3.63367 -1.04635
-3.5755 -1.27022
-3.67655 -1.29066
-3.74039 -1.11021
-3.75761 -0.874796
-3.81521 -1.31939
-3.73811 -1.44294
-3.80467 -1.5872
-3.85215 -1.50755
-3.86271 -1.7706
-3.90922 -1.62216
-3.96219 -1.62286
-3.93207 -1.94883
-4.02955 -1.94719
-4.0023 -2.38736
-3.92425 -2.2452
-3.94188 -2.57395
-4.01507 -2.7575
-4.01289 -2.94116
-3.93481 -2.83142
-3.96767 -3.07945
-3.89843 -3.00882
-3.9424 -3.36756
-3.86235 -3.26298
-3.79991 -2.97248
-3.83806 -2.5802
-3.71275 -2.606
-3.74159 -2.27516
-3.62366 -2.08187
-3.70982 -1.97408
-3.78445 -2.13308
-3.75991 -1.77758
-3.81923 -1.95426
-3.81451 -1.76621
-3.88855 -2.03591
-3.87076 -2.25464
-3.65207 -1.62848
-3.50917 -1.60477
-3.35847 -1.41318
-3.27375 -1.02085
-3.23227 -1.33266
-3.12416 -1.06691
-3.10214 -0.583575
-2.98483 -0.868041
-2.8831 -0.59709
-2.81721 -0.967394
-2.7569 -0.604878
-2.60831 -0.605241
-2.53024 -0.205177
-2.34488 -0.343181
-2.3992 0.00937665
-2.20038 0.0949035
-2.34589 0.32614
-2.13161 0.474213
-1.92215 0.265638
-1.88854 0.650547
-1.6158 0.486095
-1.60624 0.843334
-1.29116 0.67397
-1.23362 1.03759
-0.826549 0.653652
-0.73633 1.06756
-1.02239 1.32016
-1.41732 1.43978
-1.61355 1.13462
-1.81352 1.29142
-1.87915 0.976409
-2.08174 0.781126
-1.71798 1.55092
-1.00522 1.57078
-0.620728 1.39379
-0.347468 1.55623
-0.381153 1.70778
-0.150524 1.6752
-0.0436597 1.78886
0.074122 1.9602
0.216534 1.6238
0.439784 1.84604
0.349385 2.13873
0.0959074 2.22806
0.266785 2.40168
0.496453 2.32789
0.657699 2.06477
0.737939 1.71925
0.966232 1.84795
0.97996 1.52155
1.23108 1.51031
1.20766 1.80775
1.33244 1.91977
1.42905 1.61969
1.54398 1.7549
1.4598 1.99407
1.49652 2.13371
1.65292 1.91115
1.6351 2.14806
1.87335 1.69222
1.7356 1.6465
1.6904 1.44107
1.89219 1.4349
1.89454 1.18576
2.07889 1.1982
2.06726 1.4685
2.2616 1.21954
2.23229 0.987047
2.30673 1.01385
2.38992 0.985737
2.41679 1.14678
2.54054 0.865972
2.53631 1.0868
2.65718 0.895794
2.52878 1.33484
2.69485 0.591265
2.74764 0.705602
2.84118 0.607669
2.79043 0.507918
2.91353 0.27528
2.9738 0.422943
3.03891 0.49001
3.08442 0.230906
3.06764 0.0950083
3.16157 -0.00457089
3.17605 0.149911
3.26457 -0.19974
3.19278 -0.305202
3.32432 -0.567307
3.29376 -0.79118
3.16222 -0.525567
3.05131 -0.148582
3.07843 -0.48824
3.20929 -0.937989
3.06819 -0.711004
3.12136 -1.07444
3.01044 -0.858765
3.04915 -1.25162
2.93689 -0.948509
2.96243 -1.24342
2.87332 -1.02231
2.78775 -0.629917
2.76766 -0.929031
2.6772 -0.611071
2.64434 -0.788203
2.71782 -1.16514
2.52394 -0.774637
2.54293 -0.444498
2.43792 -0.459324
2.301 -0.416953
2.38856 -0.209272
2.22835 0.0603036
2.15376 -0.130086
2.06236 -0.254588
2.19343 -0.679892
1.96426 -0.499066
1.90969 -0.213815
1.84585 0.0568372
1.76649 -0.176138
1.58507 0.24836
1.50067 -0.097146
1.77978 -0.583395
1.47227 -0.586938
1.23102 -0.0629372
1.31978 0.106036
1.32861 0.300721
1.19854 0.238624
1.05652 0.548189
1.03618 0.243491
0.882893 -0.0172744
0.764618 0.473274
0.569383 0.251105
0.483676 -0.119774
0.229738 0.311003
0.397086 0.596294
-0.00392842 0.701239
-0.255803 0.388356
-0.408739 0.794194
-0.617333 0.268703
-0.966024 0.308508
-1.09894 0.525629
-1.30282 0.371231
-1.20269 0.0853223
-1.60736 0.00530939
-1.33509 -0.176824
-1.53695 -0.40364
-1.8539 -0.549139
-1.6235 -0.75048
-1.85952 -0.999075
-2.07419 -0.941137
-2.18616 -0.668093
-2.32446 -1.15978
-2.44508 -0.837723
-2.0264 -0.192193
-2.53725 -1.20566
-2.63002 -1.0164
-2.72289 -1.43908
-2.92876 -1.4504
-2.994 -1.16301
-3.10629 -1.48948
-3.02318 -1.78153
-2.88357 -1.8679
-3.02706 -2.15021
-3.15525 -1.95668
-3.17085 -2.42117
-3.29632 -2.17975
-3.33226 -2.60299
-3.4321 -2.35656
-3.48335 -2.81081
-3.56872 -2.45637
-3.60964 -2.82286
-3.70561 -3.0633
-3.59937 -3.15856
-3.69286 -3.46256
-3.56116 -3.50217
-3.63034 -3.77104
-3.49433 -3.79224
-3.44406 -3.50469
-3.47292 -3.2296
-3.35669 -3.31381
-3.34868 -2.99852
-3.17841 -3.14773
-3.23228 -2.79579
-3.10612 -2.75274
-3.03691 -2.48319
-2.99222 -2.66836
-2.87738 -2.38375
-2.90561 -2.73944
-2.74376 -2.73259
-2.71542 -2.37243
-2.68221 -1.98822
-2.52179 -1.549
-2.44663 -1.90995
-2.33603 -1.55694
-2.09857 -1.36165
-2.21984 -1.8046
-1.98505 -1.71159
-1.81522 -1.38762
-1.64537 -1.08101
-1.55751 -1.39175
-1.346 -0.959964
-1.45804 -0.623152
-1.30127 -0.478205
-1.09075 -0.625263
-1.02011 -0.221415
-0.815262 -0.575934
-0.678689 -0.279209
-0.760598 0.023127
-0.325626 -0.129358
-0.493405 -0.569598
-0.122692 -0.635848
0.15797 -0.355504
0.0744448 0.025728
0.49543 -0.526016
0.851731 -0.524519
0.649801 -0.878621
0.268927 -0.764306
0.377434 -1.16751
0.0119973 -1.03331
0.0958722 -1.36683
-0.169321 -1.30482
-0.0968368 -1.71914
-0.437413 -1.43915
-0.363871 -0.992402
-0.640984 -1.14707
-0.653325 -0.850159
-0.928961 -1.00348
-0.768178 -1.48298
-1.12517 -1.47572
-1.35074 -1.36374
-1.3837 -1.68182
-1.6371 -1.78352
-1.70765 -1.54983
-1.80282 -1.67797
-1.84415 -1.96369
-1.67845 -2.13289
-1.46098 -2.08882
-1.5729 -2.43803
-1.3171 -2.44638
-1.16608 -2.04952
-1.0847 -2.49458
-0.868381 -2.31728
-0.897319 -1.86252
-0.529537 -2.02844
-0.616898 -2.61362
-0.382904 -2.50341
-0.0968944 -2.33401
0.164112 -1.99479
0.377503 -1.64815
0.449455 -2.05696
0.818002 -1.93854
0.861613 -1.37605
1.10818 -1.7258
1.23978 -1.54722
1.24507 -1.23058
0.978226 -0.954293
1.21992 -0.798984
1.53327 -1.13913
1.81587 -1.07836
1.82741 -1.57641
1.53779 -1.62787
1.84148 -2.0785
1.58704 -2.03866
1.36421 -1.84311
1.40063 -2.19725
1.17621 -1.98775
1.11004 -2.29148
0.793523 -2.36283
1.03485 -2.70357
1.37133 -2.60318
1.33146 -3.09426
1.58922 -2.88096
1.68399 -2.4807
1.85534 -3.02301
2.00294 -2.57561
2.0394 -2.26918
2.08804 -2.01864
2.1656 -2.41847
2.29581 -2.315
2.29299 -1.96449
2.43176 -2.25935
2.52877 -2.01036
2.54608 -2.39899
2.64883 -2.39228
2.72678 -2.26856
2.76181 -1.96376
2.57024 -1.65981
2.66631 -1.58751
2.55697 -1.42819
2.46141 -1.40065
2.46555 -1.22598
2.58606 -1.23008
2.4008 -0.911699
2.31346 -1.13018
2.09358 -0.877669
2.16532 -1.27174
1.97077 -0.956629
2.01042 -1.20991
2.07483 -1.53934
1.95052 -0.726958
2.29354 -1.66453
2.39243 -1.52614
2.72475 -1.46574
2.84064 -1.58026
2.8784 -1.32319
2.92948 -1.60232
3.02355 -1.61357
2.95812 -1.82592
3.08477 -2.04985
3.16867 -1.92098
3.12347 -1.57962
3.1477 -1.3828
3.23144 -1.6824
3.20348 -1.3084
3.31186 -1.45372
3.3408 -1.20201
3.3959 -1.14889
3.40198 -0.911171
3.45486 -1.15913
3.48581 -1.4177
3.42352 -1.44031
3.47696 -1.7322
3.4076 -1.71618
3.37652 -1.45279
3.36069 -1.90175
3.44206 -2.03392
3.44651 -2.31373
3.50968 -2.24005
3.47795 -1.96066
3.53838 -2.04321
3.55386 -1.87153
3.54223 -1.66437
3.5831 -1.82949
3.59495 -2.09293
3.60756 -1.87696
3.57629 -1.64681
3.59906 -1.56829
3.58373 -1.44808
3.62828 -1.6382
3.55447 -1.22534
3.54035 -1.20376
3.51737 -1.29099
3.48416 -1.02531
3.51734 -1.00079
3.46309 -0.802767
3.42017 -0.782575
3.387 -0.611125
3.34066 -0.393694
3.37967 -0.465145
3.41947 -0.644138
3.34009 -0.283014
3.29458 -0.0971596
3.24981 0.0935945
3.18395 0.256452
3.14476 0.353874
3.08231 0.574294
3.104 0.686334
3.16728 0.491364
3.21265 0.287974
3.47112 -0.778012
3.64509 -1.75091
3.63 -1.69088
3.63048 -1.90967
3.6294 -1.82647
3.61722 -2.03874
3.63217 -2.1825
3.67377 -3.78864
3.66575 -3.9369
3.69045 -3.84953
3.68103 -3.99702
3.66181 -3.88343
3.63818 -4.02575
3.57969 -3.91983
3.57681 -4.04881
3.49109 -4.04595
3.45928 -3.8984
3.53525 -3.74246
3.41847 -3.69164
3.51617 -3.54226
3.57698 -3.63014
3.58503 -3.49655
3.59941 -3.60774
3.66162 -3.55112
3.61072 -3.73153
3.68874 -3.72786
3.68993 -3.59957
3.69259 -3.64049
3.68038 -3.41749
3.67401 -3.44667
3.6643 -3.34117
3.6517 -3.3246
3.61382 -3.37626
3.60298 -3.22265
3.63514 -3.14912
3.57938 -2.98642
3.52572 -3.23188
3.47543 -2.86794
3.5029 -2.66866
3.58614 -2.75926
3.54045 -2.5152
3.6015 -2.66948
3.56192 -2.44695
3.58231 -2.3682
3.63833 -2.72254
3.60693 -2.36994
3.62116 -2.29831
3.62335 -2.60109
3.62301 -2.48992
3.69638 -3.49339
3.63995 -2.85137
3.65386 -3.02945
3.67165 -3.18423
3.61556 -2.33766
3.63196 -2.01252
3.40877 -2.5673
3.32402 -2.18709
3.33148 -2.54434
3.39028 -2.76351
3.4099 -2.99426
3.29695 -2.82902
3.36296 -3.05805
3.40989 -3.1866
3.42818 -3.41119
3.30799 -3.21742
3.30424 -3.56301
3.32088 -3.74091
3.32113 -3.89025
3.23295 -3.78258
3.19365 -3.9431
3.11681 -3.86646
3.14991 -3.63315
3.21411 -3.40806
3.08394 -3.34572
3.04641 -3.62029
3.00094 -3.55256
2.91504 -3.4627
2.96042 -3.15222
3.04582 -2.95677
2.90648 -2.81767
3.02697 -2.59887
3.10108 -2.80833
3.15301 -2.66572
3.0929 -2.37241
2.96827 -2.16054
2.8696 -2.39991
2.88013 -1.85836
2.78302 -1.70414
3.2209 -2.37027
3.17304 -3.01234
3.19479 -3.24897
2.76681 -2.57819
2.77137 -2.87859
2.83439 -3.15232
2.69241 -3.11778
2.63711 -2.72336
2.52834 -3.07875
2.45087 -2.63032
2.35728 -3.02927
2.30133 -2.62367
2.20136 -2.73749
2.13143 -3.04715
2.25636 -3.45853
2.45143 -3.43918
2.45383 -3.19029
2.61133 -3.38832
2.60411 -3.78588
2.74756 -3.45715
2.80668 -3.75191
2.75077 -4.03981
2.88153 -3.92722
2.91879 -4.08653
2.99818 -3.92522
2.95497 -3.73313
3.05186 -3.77069
3.0865 -4.05439
2.98972 -4.23182
3.13851 -4.16459
3.22824 -4.05744
3.24646 -4.15759
3.36201 -4.04333
3.37776 -4.15008
3.4785 -4.14153
3.35892 -4.21272
3.24713 -4.24099
3.25764 -4.27966
3.38739 -4.22705
3.2564 -4.29888
3.35824 -4.27846
3.42499 -4.23841
3.52647 -4.20431
3.40606 -4.30265
3.54279 -4.26669
3.61975 -4.19825
3.6245 -4.2144
3.66568 -4.10497
3.64066 -4.12383
3.65475 -4.08437
3.60914 -4.19258
2.68178 -4.47438
2.54831 -4.55079
2.40941 -4.61948
2.67851 -4.5374
2.248 -4.63138
2.52316 -4.56247
2.27398 -4.61109
2.3302 -4.59133
2.3907 -4.60136
2.66911 -4.55754
2.59483 -4.59442
2.35057 -4.61974
2.67453 -4.5768
2.78487 -4.56746
2.92853 -4.50758
2.91076 -4.53364
3.08407 -4.43738
3.05677 -4.50194
3.25264 -4.42528
3.20963 -4.43693
3.36526 -4.39268
3.38524 -4.37054
3.26832 -4.32081
3.40231 -4.31787
3.52405 -4.267
2.84547 -4.39008
2.97878 -4.36455
3.1349 -4.34752
2.9346 -4.41067
3.07173 -4.42803
2.87069 -4.47554
2.95087 -4.48895
2.8153 -4.53841
3.46417 -4.34189
3.24476 -4.33639
3.09448 -4.39435
3.15374 -4.34351
3.03043 -4.4012
3.07184 -4.33851
2.87716 -4.43628
2.89749 -4.48109
2.6664 -4.52989
2.36726 -4.60882
2.42888 -4.53595
2.68237 -4.4724
2.53556 -4.4807
2.67976 -4.42676
2.85961 -4.4035
2.81854 -4.34709
2.6577 -4.38776
2.70539 -4.31178
2.8107 -4.2205
2.68569 -4.22846
2.58297 -4.14742
2.57506 -4.34347
2.43781 -4.28803
2.43639 -4.08183
2.39873 -3.82814
2.27256 -4.08885
2.26228 -3.80551
2.34896 -3.65117
2.13834 -3.71558
2.12377 -3.98973
1.97596 -3.80571
2.0379 -3.43481
1.80503 -3.51293
1.75337 -3.93872
1.95653 -4.16057
1.7347 -4.4026
2.01595 -4.45853
2.12527 -4.25006
2.23472 -4.28793
2.33129 -4.24053
2.30322 -4.3747
2.40499 -4.42442
2.25838 -4.46677
2.34675 -4.48479
2.50971 -4.44477
2.36352 -4.5029
2.2215 -4.5198
2.15823 -4.55307
2.19697 -4.59123
1.94127 -4.63659
1.90155 -4.58656
2.085 -4.54404
2.14374 -4.49771
2.17419 -4.40995
1.75361 -4.6435
1.65224 -4.6151
1.56572 -4.5304
1.44631 -4.36683
1.50393 -4.05986
1.26762 -4.13759
1.25815 -3.8207
1.04092 -3.96048
0.973811 -3.61851
0.751939 -3.81128
0.658412 -3.43344
0.424686 -3.64359
0.347576 -3.24354
0.125901 -3.44592
0.0962523 -3.09514
-0.117035 -3.21383
-0.0893232 -2.82281
0.268177 -2.74146
-0.246767 -2.64479
-0.371314 -2.9374
0.244192 -2.28642
0.500697 -2.38137
0.635603 -2.17155
0.673099 -2.73527
0.56302 -3.06458
0.917977 -3.16494
-0.303683 -3.35476
-0.116193 -3.58317
-0.377657 -3.67002
-0.149113 -3.90509
0.15944 -3.84956
0.0349301 -4.08383
0.272956 -4.15002
0.534526 -4.02867
0.503098 -4.27584
0.746626 -4.27179
0.864812 -4.10724
0.987207 -4.30443
1.0852 -4.18534
1.20216 -4.34982
1.06655 -4.40555
1.13665 -4.49579
1.32726 -4.48789
1.45056 -4.52084
1.38634 -4.57153
1.48829 -4.60821
1.34733 -4.64282
1.49119 -4.64679
1.57936 -4.67901
1.38641 -4.70394
1.48556 -4.70351
1.70812 -4.66556
1.80188 -4.69063
2.08206 -4.63474
2.09742 -4.66215
2.17986 -4.64575
2.07944 -4.65163
1.7854 -4.70645
1.70117 -4.68755
1.94211 -4.64144
2.18671 -4.62556
2.18919 -4.61402
2.07733 -4.65793
1.89847 -4.68559
-3.79115 -4.90317
-3.58447 -4.86056
-3.5888 -4.92573
-3.76548 -4.97758
-3.60965 -4.98237
-3.42828 -4.97079
-3.35129 -4.87607
-3.17445 -4.91562
-2.94708 -4.8136
-2.93826 -4.92897
-3.19957 -5.02649
-2.94987 -5.03227
-3.05674 -5.06292
-3.22795 -5.10947
-2.98772 -5.05383
-2.90549 -5.04332
-2.78658 -5.05403
-2.92055 -5.06446
-2.64521 -5.0894
-2.72144 -5.10591
-2.80155 -5.08849
-2.9842 -5.09358
-3.05803 -5.09355
-2.82739 -5.04306
-2.58728 -5.05797
-2.61056 -5.00092
-2.87142 -4.99315
-2.75369 -4.93275
-2.49724 -4.92385
-2.38711 -5.01777
-2.23719 -4.96742
-2.23488 -5.02274
-2.03048 -5.03572
-2.02499 -4.9245
-1.81088 -4.97877
-1.82517 -4.88947
-1.6302 -4.93032
-1.68217 -4.79453
-1.44221 -4.85224
-1.44847 -4.66465
-1.2012 -4.78747
-1.14472 -4.59103
-1.00479 -4.71891
-0.99423 -4.83255
-1.10557 -4.8837
-1.24217 -4.91125
-1.03595 -4.95313
-0.995571 -4.89721
-0.816971 -4.91113
-0.813044 -4.76139
-0.571871 -4.80564
-0.612015 -4.65334
-0.865587 -4.58356
-0.621336 -4.42045
-0.999923 -4.29767
-0.718198 -4.16226
-0.474513 -4.19341
-0.604562 -3.95727
-0.3875 -3.96927
-0.184698 -4.18129
-0.304554 -4.38558
-0.0654604 -4.36601
-0.0874953 -4.50662
0.18617 -4.44088
0.0888172 -4.26918
0.305022 -4.32193
0.462439 -4.41832
0.443435 -4.5383
0.642144 -4.48673
0.718671 -4.57579
0.878771 -4.4434
0.656473 -4.39163
0.969747 -4.55522
0.905697 -4.62537
1.13802 -4.6179
1.27708 -4.56613
1.22182 -4.67523
1.1642 -4.72605
1.03605 -4.66974
0.91432 -4.73551
0.942808 -4.76114
1.01112 -4.76799
1.24914 -4.72449
1.51708 -4.70659
1.26604 -4.7249
1.52891 -4.70319
1.39045 -4.71077
1.48469 -4.69679
1.6941 -4.66977
1.64831 -4.65553
1.54998 -4.64398
1.4552 -4.62057
1.2101 -4.65839
1.1759 -4.60332
1.33859 -4.62138
1.22508 -4.61115
1.05974 -4.59849
0.877564 -4.57778
0.520157 -4.65187
0.726654 -4.60805
0.295045 -4.68643
0.367923 -4.69783
0.623821 -4.70652
0.841222 -4.65253
0.963422 -4.6349
1.02105 -4.63356
0.905885 -4.68916
1.01589 -4.73335
0.871768 -4.76289
0.788178 -4.81351
0.753582 -4.75687
0.579991 -4.81905
0.467138 -4.78477
0.377151 -4.77013
0.291416 -4.85973
0.1351 -4.7994
0.0676736 -4.73835
-0.151812 -4.81976
-0.00135493 -4.81827
0.0189866 -4.8535
-0.152686 -4.8922
0.0128515 -4.92423
0.230812 -4.94639
-0.0403363 -4.97783
0.17366 -4.96535
-0.0489049 -4.98399
0.13844 -4.94243
-0.156696 -4.9622
0.140702 -4.9136
-0.0838853 -4.91661
0.118769 -4.86505
-0.155333 -4.86593
0.0557301 -4.80681
-0.186354 -4.7871
-0.0169001 -4.71578
-0.252489 -4.69931
-0.115158 -4.62683
-0.353776 -4.57733
-0.436199 -4.7114
-0.36675 -4.77246
-0.373736 -4.84574
-0.569707 -4.91061
-0.381684 -4.92005
-0.578465 -4.96595
-0.382034 -4.97326
-0.644967 -4.9901
-0.469532 -5.02339
-0.216735 -4.93888
-0.242961 -4.92387
-0.328748 -5.00155
-0.571643 -5.03104
-0.550868 -5.04339
-0.545546 -5.00794
-0.242441 -4.96673
-0.372346 -4.90224
-0.673001 -4.91206
-0.467704 -4.82344
-0.757275 -4.8524
-0.51015 -4.73171
-0.866249 -4.80527
-0.707771 -4.75691
-0.227403 -4.70972
-0.374107 -4.70141
-0.336943 -4.75296
-0.177346 -4.73893
-0.096341 -4.70391
0.0978361 -4.71929
-1.59415 -4.87897
-1.86713 -4.89291
-1.71768 -4.92515
-1.99978 -4.90848
-1.82517 -4.92531
-2.07924 -4.97447
-1.76341 -5.00185
-1.56781 -4.94048
-1.54432 -5.01794
-1.83695 -5.07559
-1.49281 -5.08949
-1.22637 -5.02014
-1.11878 -5.09736
-0.877695 -5.03929
-0.772154 -5.0655
-1.0451 -5.02443
-0.758328 -5.03718
-0.950653 -5.00697
-0.885905 -5.00455
-0.815232 -4.98373
-1.01892 -4.98839
-1.14534 -4.99874
-1.21327 -4.97863
-1.38952 -4.99646
-1.41105 -5.02542
-1.27823 -5.02546
-1.34724 -5.07031
-1.47488 -5.04733
-1.55934 -5.06801
-1.50687 -5.08483
-1.65265 -5.0875
-1.76855 -5.08783
-1.8699 -5.08339
-1.74378 -5.07886
-1.64015 -5.07523
-1.79495 -5.07566
-1.9486 -5.09139
-1.99863 -5.08899
-1.80567 -5.04497
-1.7746 -5.03537
-2.17571 -5.07204
-2.27584 -5.10611
-2.18821 -5.12808
-2.49088 -5.12627
-2.30036 -5.15856
-2.09579 -5.09871
-2.00569 -5.09247
-2.26771 -5.11067
-2.21286 -5.06274
-2.30314 -5.00014
-2.44436 -4.93583
-2.34502 -4.83498
-2.56559 -4.81384
-2.10908 -4.86471
-2.76472 -4.79431
-2.78505 -4.85613
-3.17903 -4.80631
-3.37759 -4.80631
-2.6977 -4.92328
-2.80489 -4.98069
-2.63732 -4.99115
-2.72815 -5.01094
-2.47446 -5.03742
-2.50922 -5.0577
-2.4495 -5.12774
-2.43086 -5.08611
-2.37883 -5.04145
-1.63645 -5.0413
-1.56006 -5.02631
-1.59623 -5.0044
-1.4215 -4.96386
-0.934333 -4.93127
-1.09909 -4.88015
-1.34027 -4.91602
-1.38677 -4.90955
-1.10607 -4.84814
-1.32408 -4.82685
-1.10749 -4.78519
-0.911425 -4.76641
-1.41469 -4.97357
-0.699584 -4.95555
0.158343 -4.60793
0.244958 -4.72978
0.458418 -4.65158
0.463916 -4.73814
0.666984 -4.68268
0.571253 -4.76694
0.807134 -4.7053
0.688111 -4.7866
0.772302 -4.79699
0.593137 -4.84845
0.413895 -4.86123
0.410777 -4.90248
0.639552 -4.85595
0.59345 -4.88982
0.80214 -4.80851
0.824797 -4.82537
1.03331 -4.78001
0.827087 -4.83583
0.999236 -4.78081
1.14382 -4.74002
0.947188 -4.78916
1.24359 -4.69636
0.79237 -4.85601
0.537828 -4.89216
0.649281 -4.8817
0.451479 -4.93211
0.666242 -4.87282
0.346699 -4.9242
0.321267 -4.81434
1.03935 -4.6061
-0.506292 -3.82128
-0.644718 -3.63159
-0.509986 -3.31966
-0.714618 -3.26224
-0.898861 -3.41582
-0.893989 -2.88599
-0.624057 -3.00747
-1.16816 -3.18235
-1.17722 -2.77227
-1.42684 -2.84049
-1.42527 -3.25135
-1.28565 -3.46961
-1.47714 -3.56493
-1.2989 -3.70749
-1.11366 -3.61364
-1.19928 -3.97473
-0.878674 -3.87652
-1.24368 -4.22716
-1.3512 -4.41666
-1.4488 -4.16377
-1.65665 -4.37361
-1.55178 -4.52829
-1.76376 -4.60374
-2.00954 -4.41208
-1.82007 -4.04008
-2.17361 -4.17311
-2.16153 -3.92466
-1.96449 -3.59983
-2.40678 -3.72179
-2.28477 -3.32112
-1.97286 -3.16832
-2.25016 -2.87582
-1.92753 -2.78285
-1.67797 -3.06907
-1.6906 -2.70642
-1.84898 -2.375
-2.13134 -2.47712
-2.06608 -2.09144
-2.30415 -2.19599
-2.35066 -2.52774
-2.54174 -2.35558
-2.49648 -2.72483
-2.57296 -3.10661
-2.90861 -3.18072
-2.89477 -2.91153
-3.00441 -2.91776
-3.1064 -3.48463
-2.93959 -3.59597
-2.74671 -3.41324
-2.72234 -3.68765
-2.94472 -3.9202
-2.693 -3.98738
-2.93092 -4.25789
-2.6537 -4.24403
-2.73731 -4.47239
-2.40429 -4.38628
-2.42603 -4.07529
-2.53426 -4.66815
-2.20952 -4.61958
-1.99727 -4.6117
-1.97216 -4.76253
-2.28526 -4.81903
-2.51122 -4.81725
-2.72451 -4.82157
-2.81517 -4.66673
-3.03893 -4.77023
-2.9056 -4.88373
-2.93211 -4.94217
-3.077 -4.89902
-3.06374 -4.9619
-3.04758 -5.03249
-3.20487 -5.00278
-3.25175 -5.04957
-3.33296 -5.06968
-3.15175 -5.08261
-3.36943 -5.09023
-3.56852 -5.09422
-3.50711 -5.09069
-3.75472 -5.06824
-3.78349 -5.08452
-3.71146 -5.08112
-3.88971 -5.09736
-3.72492 -5.06643
-3.54759 -5.07279
-3.59362 -5.09519
-3.7121 -5.09187
-3.59483 -5.07187
-3.75603 -5.02533
-3.60018 -4.96662
-3.78147 -4.91644
-3.69744 -4.78162
-3.46721 -4.80895
-3.4048 -4.94095
-3.40005 -5.0202
-3.24109 -4.95659
-3.25879 -4.86294
-3.27778 -4.74762
-3.19427 -4.63043
-3.39081 -4.61275
-3.21248 -4.41805
-2.99891 -4.5472
-3.16233 -4.12435
-3.32196 -4.25159
-3.35134 -4.00418
-3.14447 -3.80402
-3.3034 -3.59738
-3.53619 -4.1058
-3.4379 -4.23481
-3.53469 -4.33664
-3.41329 -4.40882
-3.54589 -4.51525
-3.56806 -4.66929
-3.69389 -4.55727
-3.81762 -4.65019
-3.88089 -4.79871
-3.91862 -4.59069
-3.99971 -4.72819
-3.98023 -4.87333
-3.89602 -4.96386
-4.03127 -4.99552
-3.85343 -5.06147
-4.04508 -5.07781
-3.93092 -5.09472
-4.07376 -5.03675
-3.94223 -5.02351
-4.12523 -4.93258
-3.95626 -4.92682
-3.88394 -4.96
-4.34421 -3.20877
-4.33625 -3.27855
-4.27296 -3.14585
-4.23926 -2.98074
-4.25228 -2.78155
-4.22815 -2.531
-4.20262 -2.29857
-4.18669 -2.28949
-4.20958 -2.49318
-4.20523 -2.59279
-4.22145 -2.6825
-4.22234 -2.89352
-4.14302 -2.77982
-4.16146 -2.54386
-4.18637 -2.40986
-4.14247 -2.36197
-4.09255 -2.57396
-4.08619 -2.21542
-4.07731 -2.74924
-4.11748 -2.86341
-4.10977 -3.10216
-4.18061 -3.11052
-4.15744 -3.39066
-4.09838 -3.58546
-4.01433 -3.27359
-4.01785 -3.56252
-3.98058 -3.74448
-4.04966 -3.82366
-4.00995 -4.05451
-4.09333 -4.0501
-4.0538 -4.27424
-4.14243 -4.27177
-4.10372 -4.43978
-4.17931 -4.49892
-4.09429 -4.62391
-4.01279 -4.52506
-4.07498 -4.83057
-4.16713 -4.71635
-4.15729 -4.89896
-4.13102 -4.9963
-4.22203 -4.9016
-4.17928 -4.97228
-4.21285 -4.89956
-4.2593 -4.79493
-4.24443 -4.73175
-4.23197 -4.66789
-4.21825 -4.80729
-4.20094 -4.7963
-4.20394 -4.64221
-4.21471 -4.56481
-4.21341 -4.23215
-4.2186 -4.44143
-4.20983 -4.34937
-4.23129 -4.11631
-4.25978 -3.86634
-4.25319 -3.97218
-4.23825 -3.92593
-4.29673 -3.67424
-4.26957 -3.7678
-4.31207 -3.5837
-4.32203 -3.37187
-4.2741 -3.32757
-4.24641 -3.05796
-4.21873 -3.38782
-4.1927 -3.76756
-4.31796 -3.47793
-4.15876 -4.01745
-4.141 -3.80694
-4.11128 -3.85673
-3.9467 -4.30204
-3.82664 -4.43567
-3.82634 -4.09008
-3.72401 -4.31898
-3.62971 -4.41321
-3.6264 -4.26283
-3.67771 -4.05456
-3.58832 -3.94694
-3.74956 -3.77906
-3.85697 -3.64578
-3.91807 -3.98068
-3.7843 -3.56522
-3.79127 -3.33275
-4.13858 -2.11789
-4.11265 -1.90462
-4.15696 -2.22679
-3.67079 -5.03141
-3.44758 -5.07165
-3.48389 -5.07812
-2.55092 -3.45266
-1.76666 -3.34721
-1.59218 -3.35669
-1.68198 -3.52359
-1.67217 -3.72661
-1.47524 -3.8733
1.20158 -3.46675
1.5067 -3.59659
1.62856 -3.224
2.97982 -4.32413
3.11806 -4.25438
3.58341 -4.11621
3.54072 -1.49368
1.14409 -0.392762
-0.982893 0.0732809
-3.48826 -2.04283
-3.38449 -2.01097
-3.40759 -1.75421
-3.2802 -1.72716
-0.256836 1.08597
-0.246211 1.35621
0.00945544 1.23112
-0.0216793 1.4559
0.342096 1.24663
0.444758 1.4362
0.551837 1.56
0.629922 1.29682
0.805189 1.40777
0.931806 1.02835
1.00711 1.27773
1.14721 1.31392
1.19105 1.06935
1.35663 1.1654
1.55671 1.25782
1.74651 1.20539
1.8266 0.968785
2.09136 0.895542
2.01004 0.682962
1.8337 0.654011
1.605 0.922962
1.61956 0.590974
1.84991 0.352129
2.0301 0.390424
2.03024 0.0825123
2.20409 0.498803
2.35675 0.222389
2.35543 0.472712
2.49316 0.270364
2.42667 0.607534
2.28581 0.726661
2.35282 0.855165
2.46218 0.772069
2.58312 0.499392
2.677 0.0326757
2.73794 0.259201
2.80105 0.343476
2.89021 0.0449101
2.98798 -0.239634
2.9171 -0.236538
2.81343 -0.0264382
2.82082 -0.323207
2.94505 -0.528507
2.99404 -0.430092
2.90245 -0.65327
2.73137 -0.286434
2.63876 -0.271577
2.566 0.0107234
2.47629 -0.0475603
2.35939 0.0150702
1.72764 0.320655
1.30395 0.681011
1.41315 0.889462
0.795365 0.800164
0.535945 0.860134
0.653783 1.05269
0.183528 0.960961
-2.97052 1.94396
-1.36868 3.05315
-1.59535 2.95138
-1.68629 2.74119
-1.7963 2.83637
1.11562 3.10613
0.814698 3.30039
0.709001 3.31883
0.592891 3.32173
0.680332 3.21428
0.884601 3.19439
0.840183 3.09215
0.695637 3.08051
0.796098 2.94423
0.989846 2.96296
0.987792 3.14999
1.24611 2.92783
1.41343 2.83895
1.57371 2.72357
1.72809 2.58051
1.89924 2.41613
2.39235 1.79075
2.55048 1.54631
2.2126 1.84445
2.2317 1.9638
2.23637 2.02396
2.06994 2.11457
2.07939 2.23317
1.84713 2.3418
1.27587 2.72828
1.10974 2.82765
1.07039 2.66871
0.96161 2.83703
