-1.84878 6.64637
-1.93396 6.51551
-2.14038 6.52201
-2.12755 6.45609
-2.13701 6.35598
-1.90771 6.39538
-1.70155 6.45746
-1.68399 6.61802
-1.50494 6.53501
-1.47564 6.67558
-1.61854 6.71951
-1.2837 6.7496
-0.394199 6.04142
-0.572737 6.16119
-0.711455 6.34193
-0.89508 6.48014
-1.09859 6.6
-1.03093 6.44363
-0.872987 6.34435
-0.984667 6.25129
-1.14589 6.39333
-1.20551 6.52526
-1.32411 6.43607
-1.3585 6.57167
-1.28534 6.63314
-1.50614 6.39337
-1.37756 6.29308
-1.53005 6.19811
-1.35551 6.10005
-1.19838 6.23114
-1.18012 5.93965
-1.03773 6.07773
-0.868346 6.02605
-0.748073 6.15595
-0.726892 5.96655
-0.533153 5.8879
-0.75808 5.7487
-0.518587 5.48008
-0.272713 5.60088
-0.319026 5.85624
-0.263021 5.93001
-0.128641 5.77329
1.42625 3.2906
1.30241 3.47696
1.30523 3.31942
1.18662 3.55047
1.16493 3.37727
1.00015 3.62476
1.0957 3.19131
0.866538 3.39228
0.789264 3.66209
0.655448 3.53544
0.614701 3.8237
0.7622 3.94709
0.572587 4.06646
0.415008 4.04961
0.459969 4.30072
0.616786 4.22734
0.501734 4.47556
0.636784 4.40095
0.569397 4.52793
0.613812 4.60533
0.803616 4.38836
0.723074 4.642
0.606682 4.82631
0.485469 4.81097
0.457128 5.10351
0.333031 4.95786
0.287957 5.15701
0.295186 5.2761
0.204234 5.28084
0.158014 5.12978
0.0789413 5.3766
0.188974 5.41869
0.0468006 5.5753
-0.0649443 5.52886
-0.084548 5.27221
-0.307887 5.30891
-0.227544 5.11869
-0.422892 5.05111
-0.210904 4.90706
-0.10119 5.02179
-0.0154181 4.75747
0.0306425 5.00296
0.203649 4.77588
0.399925 4.70393
0.355193 4.53934
0.264002 4.42559
0.134086 4.61796
0.0847187 4.46379
-0.0852871 4.48935
-0.183094 4.68544
-0.293165 4.467
-0.160784 4.23444
0.0172005 4.24449
-0.0542459 4.00584
0.094738 4.00871
0.197677 4.18128
0.269394 3.82824
0.472188 3.70468
0.367832 3.57547
0.504018 3.43351
0.672038 3.21947
0.444077 3.20916
0.365448 3.3971
0.257298 3.27759
0.237045 3.53389
0.0817652 3.41165
0.0644569 3.73895
-0.0952082 3.55934
-0.110168 3.7971
-0.235031 3.94954
-0.218625 3.70052
-0.347541 3.7245
-0.301885 3.44576
-0.101037 3.25735
-0.314912 3.05916
-0.0781622 2.96103
0.104965 3.13078
0.142064 2.88273
0.304965 3.03767
0.324039 2.83772
0.518335 2.93972
0.435869 2.67401
0.66301 2.70368
0.775013 2.93506
0.896033 3.12761
1.01462 2.89724
1.18204 2.95014
1.32748 2.96567
1.24084 3.19699
1.35279 3.14107
1.41206 3.17706
1.44614 3.01482
1.49651 3.09173
1.58133 3.0885
1.5877 2.97412
1.68979 2.96042
1.67851 2.86005
1.79629 2.74596
1.78057 2.84135
1.86833 2.69086
1.84967 2.78529
1.93666 2.70215
2.22342 0.408603
2.25488 0.649357
2.27957 0.797707
2.28682 0.937657
2.24929 0.856271
2.27067 1.08084
2.3201 1.10127
2.30616 1.32781
2.34507 1.24467
2.36522 1.48197
2.3156 1.61108
2.28707 1.49968
2.30054 1.63989
2.28688 1.76353
2.31576 1.81228
2.26644 1.98008
2.31824 1.93737
2.17593 2.24132
2.17692 2.07928
2.12647 2.21226
2.08004 2.31921
2.08922 2.21585
2.01855 2.38275
2.01857 2.44432
1.91296 2.536
1.9477 2.3844
1.83543 2.57776
1.81088 2.52176
1.73931 2.7201
1.67745 2.69019
1.5916 2.88802
1.52932 2.81886
1.48403 2.65575
1.62518 2.64041
1.63238 2.46755
1.52375 2.4248
1.37598 2.45114
1.4817 2.23747
1.3054 2.18984
1.44333 1.9511
1.29757 1.99763
1.18797 2.00875
1.13395 2.19709
1.01451 2.00528
1.13937 1.81499
1.03297 1.66561
0.84242 1.82111
0.789569 2.17802
0.691106 1.96985
0.689315 1.78622
0.56294 1.90221
0.57547 2.14535
0.402308 2.07239
0.436545 2.2828
0.56985 2.42408
0.318287 2.45625
0.307723 2.26455
0.142118 2.30688
0.211453 2.12762
0.0164576 2.12444
0.0916786 1.95203
-0.0704679 1.95429
-0.0638781 1.74994
-0.211445 1.83227
-0.196305 2.02711
-0.435556 1.80708
-0.379958 2.09393
-0.627728 1.95655
-0.750417 1.67162
-0.89695 1.93881
-1.05048 1.57562
-1.19945 1.91358
-1.02608 2.15664
-0.83558 2.29067
-0.705221 2.12057
-0.592563 2.34016
-0.649158 2.62661
-0.91573 2.61714
-0.742961 2.88264
-0.883918 3.04043
-0.66923 3.19477
-0.557005 2.96374
-0.479362 3.24431
-0.442264 2.79088
-0.253274 2.77135
-0.42679 2.571
-0.239372 2.57303
-0.0369387 2.69162
-0.130956 2.48337
0.0698357 2.4907
0.218225 2.67642
-0.121473 2.27766
-0.354177 2.35653
-0.535636 2.16074
-0.528713 3.56547
-0.799632 3.47478
-0.650909 3.90452
-0.426129 3.93503
-0.478355 4.23383
-0.655301 4.25055
-0.822271 4.0567
-0.847198 3.77314
-0.991022 3.82859
-0.965239 3.57366
-1.13652 3.52309
-1.02724 3.25444
-1.10073 2.82467
-1.2752 3.07331
-1.31319 2.6037
-1.48138 2.70986
-1.46449 3.07717
-1.59394 2.89181
-1.64886 2.59426
-1.72686 2.77146
-1.82421 2.31107
-1.86727 2.7271
-1.75929 3.09436
-1.6643 2.9892
-1.58092 3.17458
-1.63035 3.46816
-1.87829 3.50911
-1.67768 3.75
-1.52605 3.76328
-1.38926 3.50264
-1.36033 4.04419
-1.58812 4.04629
-1.47251 4.41094
-1.2899 4.32359
-1.28077 4.6024
-1.43847 4.78802
-1.64494 4.6764
-1.72197 4.32966
-1.81618 4.57317
-1.88536 4.38648
-2.00935 4.54474
-1.83031 4.83155
-2.09347 4.86401
-2.24608 4.52908
-2.36081 4.69041
-2.29374 4.93543
-2.09267 5.19247
-2.37801 5.12735
-2.54865 4.74099
-2.67436 4.89717
-2.58079 5.17288
-2.78514 4.98065
-2.91557 4.74044
-2.96287 4.88643
-2.79576 5.1988
-3.12703 4.92858
-3.18611 4.57188
-3.37053 4.59315
-3.41048 4.39884
-3.54294 4.36373
-3.55752 4.1909
-3.75633 4.1504
-3.59015 4.50834
-3.80763 4.33176
-3.70339 4.56146
-3.5439 4.76245
-3.36746 4.81936
-3.39773 5.02306
-3.53824 4.93378
-3.47024 5.13424
-3.58909 4.96502
-3.68548 4.76459
-3.69239 5.03093
-3.90215 4.65468
-3.89404 4.81302
-3.84481 4.96718
-3.94161 4.83685
-3.94983 4.92994
-3.84004 5.08049
-3.9277 5.07418
-4.02674 4.94734
-3.58489 5.50988
-3.38439 5.62449
-2.88416 6.108
-2.72166 6.2404
-2.7599 6.1535
-2.76384 6.08007
-2.80072 5.94693
-2.57515 6.06552
-2.63517 6.1849
-2.41639 6.25073
-2.53467 6.29551
-2.32076 6.40348
-2.29347 6.15461
-2.01863 6.25838
-2.1277 6.0726
-2.37083 5.93126
-2.44179 6.03695
-2.53793 5.93361
-2.70663 5.85007
-2.61212 5.72088
-2.83625 5.6488
-2.92774 5.76523
-3.04476 5.54304
-3.11899 5.63672
-3.06495 5.78534
-2.94147 5.89038
-3.21284 5.67845
-3.31518 5.51255
-3.55687 5.36658
-3.45639 5.30838
-3.71695 5.18277
-3.69788 5.30166
-3.80106 5.19977
-3.77063 5.07374
-3.65664 5.38765
-3.37418 5.30648
-3.31635 5.4007
-3.25936 5.31425
-3.20939 5.49902
-3.05218 5.357
-2.92955 5.48471
-2.93333 5.38508
-2.98188 5.24323
-3.19752 5.12123
-2.80594 5.45332
-2.62398 5.49157
-2.41937 5.66561
-2.20462 5.83206
-2.29281 5.67347
-2.35451 5.55612
-2.51406 5.41241
-2.35328 5.3957
-2.21767 5.62517
-2.11103 5.4836
-2.03877 5.78908
-1.87179 5.74274
-1.86509 5.99231
-1.67281 5.95775
-1.7261 6.18068
-1.64148 6.32992
-1.80416 6.31544
-1.91521 6.15813
-1.49445 5.98958
-1.56324 5.76822
-1.38286 5.84645
-1.45853 5.55272
-1.25704 5.66062
-1.07103 5.69068
-0.97044 5.86923
-0.917357 5.67789
-0.836745 5.55089
-0.720455 5.47101
-0.833976 5.35437
-0.968857 5.49905
-1.00998 5.26754
-1.13949 5.46287
-1.22511 5.19995
-1.30528 5.43076
-1.42998 5.27302
-1.38961 5.0437
-1.2427 4.89582
-1.04335 5.00432
-1.07295 4.69624
-0.878088 4.83999
-0.844091 5.10476
-0.674656 4.92402
-0.661578 5.23292
-0.542273 4.60547
-0.756994 4.68111
-0.807685 4.4026
-0.901678 4.61388
-1.0174 4.42495
-1.16758 4.45623
-1.18068 4.21191
-0.99525 4.13903
-1.17439 3.87756
-1.27639 4.19395
-0.326573 4.75255
-0.317727 4.17474
-1.59394 5.02956
-1.59479 5.32221
-1.82126 5.18826
-1.67152 5.51095
-1.87735 5.47931
-1.72481 5.69921
-2.02063 5.98823
-4.14832 4.83644
-4.06222 4.8412
-4.13007 4.7266
-4.05503 4.75044
-4.1973 4.56865
-4.24073 4.6488
-4.27659 4.51994
-4.34089 4.36492
-4.22683 4.35407
-4.40743 4.09423
-4.4774 4.14744
-4.4331 4.31301
-4.35024 4.48982
-4.55116 4.15954
-4.7667 3.55974
-4.83623 3.43516
-5.02905 2.63958
-5.01526 2.58493
-4.96405 2.79496
-4.89251 2.99592
-4.88542 2.87399
-4.84644 3.09198
-4.8287 3.09877
-4.78764 3.2669
-4.86082 3.1811
-4.77682 3.44257
-4.72728 3.44198
-4.70601 3.62997
-4.61847 3.66691
-4.64472 3.76044
-4.65753 3.81289
-4.5834 3.92331
-4.6274 3.97227
-4.51119 3.97317
-4.55931 3.84867
-4.52622 3.80802
-4.59255 3.51709
-4.50735 3.626
-4.41552 3.84284
-4.29189 4.08911
-4.29183 3.83703
-4.18124 4.07903
-4.16763 4.26533
-4.04064 4.32504
-4.07633 4.4752
-4.0953 4.59164
-3.99642 4.65577
-3.99922 4.73222
-3.85326 4.47244
-3.95394 4.25539
-4.08574 4.08993
-3.94627 4.09393
-4.07715 3.91302
-4.18628 3.86238
-4.15103 3.66031
-4.29861 3.60867
-4.43009 3.55217
-4.41341 3.31647
-4.53449 3.23031
-4.5723 3.3794
-4.63734 3.09723
-4.68936 3.21252
-4.68133 3.38359
-4.74538 3.20314
-4.76519 3.23471
-4.81644 2.95571
-4.73924 2.89958
-4.81426 2.63606
-4.88481 2.60766
-4.89904 2.72123
-4.96642 2.46296
-4.94175 2.62729
-5.02656 2.39554
-5.0288 2.1817
-5.00544 2.24116
-5.05378 2.01466
-4.98892 2.13426
-5.01409 1.90361
-5.06735 1.71741
-5.02978 1.64651
-5.09951 1.41509
-5.07122 1.34467
-5.12174 1.19443
-5.09922 1.11117
-5.15126 0.99349
-5.17146 1.12338
-5.21189 0.740221
-5.14676 0.818864
-5.18672 0.52489
-5.13753 0.606698
-5.17103 0.328236
-5.20899 0.290088
-5.19399 0.0912193
-5.23606 0.144478
-5.22948 -0.158249
-5.17861 -0.116792
-5.13863 -0.392246
-5.18561 -0.503095
-5.1232 -0.601461
-5.1233 -0.650637
-5.13241 -0.717737
-5.06368 -0.782676
-5.04229 -0.942082
-5.1239 -0.805824
-5.19007 -0.596105
-5.1142 -0.782562
-5.05979 -0.965395
-5.10516 -0.850277
-5.16715 -0.695059
-5.13696 -0.758692
-5.18918 -0.615948
-5.17203 -0.70161
-5.19084 -0.549455
-5.17603 -0.646806
-5.20134 -0.487258
-5.12077 -0.689055
-5.1157 -0.778331
-5.05749 -0.897439
-5.01834 -0.83712
-4.9427 -1.01267
-4.89934 -0.958403
-4.95702 -0.809071
-4.81588 -0.876437
-4.89012 -0.68477
-4.71159 -0.81127
-4.74894 -0.64492
-4.61363 -0.734369
-4.46027 -0.903877
-4.63351 -0.997816
-4.44096 -1.10717
-4.52501 -1.2217
-4.73707 -1.07456
-4.64825 -1.27356
-4.49858 -1.39146
-4.34324 -1.43339
-4.37919 -1.5226
-4.18733 -1.61755
-4.10689 -1.54587
-3.93507 -1.71686
-3.9946 -1.79554
-3.73015 -1.86789
-3.73272 -1.94262
-3.50842 -1.98717
-3.51426 -2.02167
-3.33238 -2.06852
-3.27589 -2.02351
-3.10917 -2.13705
-3.04359 -2.0778
-2.89892 -2.14627
-2.79475 -2.11783
-2.74596 -2.19286
-2.54607 -2.18349
-2.65847 -2.23438
-2.46092 -2.24002
-2.33706 -2.21153
-2.30528 -2.25082
-2.21322 -2.21635
-2.1948 -2.13639
-2.12045 -2.14276
-2.0881 -2.0814
-2.07608 -2.08034
-2.06715 -2.08524
-2.15849 -2.17284
-2.0562 -2.09867
-2.19521 -2.19905
-2.34819 -2.24004
-2.49009 -2.26651
-2.60201 -2.24975
-2.43308 -2.2232
-2.24206 -2.20119
-2.30375 -2.21321
-2.54401 -2.20059
-2.57495 -2.22093
-2.7491 -2.19645
-2.87224 -2.19647
-2.79338 -2.23332
-2.62318 -2.25031
-2.82042 -2.21107
-2.88825 -2.18873
-3.00577 -2.18597
-3.09871 -2.16149
-3.29767 -2.09532
-3.26463 -2.13292
-3.54472 -2.05077
-3.70797 -1.9762
-3.83047 -1.97044
-3.91804 -1.89678
-4.08122 -1.85846
-4.11488 -1.80457
-4.27641 -1.6773
-4.2399 -1.74919
-4.37674 -1.66382
-4.52003 -1.50951
-4.49104 -1.61018
-4.30666 -1.7488
-4.4729 -1.67775
-4.29749 -1.79019
-4.1462 -1.85673
-3.95912 -1.9484
-4.05045 -1.94834
-3.88614 -1.99627
-4.01292 -1.95221
-3.82058 -2.02498
-3.94619 -1.96709
-4.13404 -1.86797
-4.17526 -1.87513
-4.35173 -1.73883
-4.22335 -1.77162
-4.06161 -1.86401
-4.17145 -1.73082
-3.98054 -1.85465
-3.8661 -1.96026
-3.72311 -2.04601
-3.6028 -2.04707
-3.80513 -1.91462
-3.58195 -1.94523
-3.4555 -2.04039
-3.36313 -1.99843
-3.42468 -1.87049
-3.63223 -1.84757
-3.59012 -1.75425
-3.78911 -1.7445
-3.75906 -1.85296
-3.97334 -1.76908
-4.02339 -1.58516
-4.20043 -1.60001
-4.3276 -1.57583
-4.38465 -1.62385
-4.50212 -1.45662
-4.58621 -1.45584
-4.50414 -1.58699
-4.53745 -1.59665
-4.62518 -1.55295
-4.61621 -1.53874
-4.73455 -1.43497
-4.7372 -1.41214
-4.85047 -1.27985
-4.81274 -1.2835
-4.8873 -1.18688
-4.85186 -1.16402
-4.72687 -1.3406
-4.8123 -1.13848
-4.96331 -1.05595
-4.6257 -1.49445
-4.96415 -1.10876
-5.06186 -0.94398
-5.05545 -0.999375
-4.95949 -1.14485
-4.84575 -1.29777
-4.94662 -1.1316
-4.93432 -1.11526
-4.81205 -1.28068
-4.85119 -1.17612
-4.74019 -1.30147
-4.83595 -1.15962
-4.94911 -1.01408
-4.8742 -1.0254
-4.98945 -0.868956
-5.04227 -0.659044
-4.92607 -0.830964
-4.96956 -0.657012
-5.03245 -0.463674
-5.08716 -0.204476
-4.98888 -0.300932
-4.94352 -0.544855
-4.83696 -0.520858
-4.85894 -0.759166
-4.74463 -0.768785
-4.71047 -0.959998
-4.80351 -0.999599
-4.68699 -1.14605
-4.55986 -1.15001
-4.55453 -1.30331
-4.7051 -1.23961
-4.3879 -1.45373
-4.43397 -1.3183
-4.26952 -1.43706
-4.35739 -1.22632
-4.55726 -0.906005
-4.27402 -1.05213
-4.13644 -1.27382
-4.16145 -1.40211
-3.94933 -1.45144
-3.91046 -1.30796
-4.06538 -1.15274
-3.87089 -1.1588
-4.04494 -0.935756
-3.73799 -1.02045
-3.76687 -0.747934
-4.11611 -0.573988
-4.35456 -0.763305
-4.40804 -0.441084
-4.23677 -0.284173
-4.4049 -0.0695417
-4.15858 0.0181056
-4.27055 0.259927
-4.03077 0.473877
-4.2555 0.634408
-4.45476 0.311989
-4.41717 0.684941
-4.59233 0.517728
-4.61268 0.203872
-4.73503 0.227406
-4.75607 0.533209
-4.88078 0.284069
-4.84491 -0.116188
-4.68749 0.00231673
-4.62412 -0.249976
-4.57052 0.0225581
-4.73682 -0.439988
-4.57835 -0.59016
-4.70456 -0.656197
-4.94542 0.0828405
-5.02695 -0.0194627
-5.0347 -0.181445
-5.12746 0.103435
-5.05388 0.296808
-4.97651 0.219256
-4.96535 0.49349
-5.04363 0.629761
-5.11412 0.388511
-5.05692 0.959419
-4.97003 0.953768
-4.95644 0.743318
-4.88554 0.953687
-4.90862 0.718077
-4.84102 0.822273
-4.85593 0.605801
-4.75233 0.812856
-4.6566 0.778754
-4.61304 1.09341
-4.77509 1.04177
-4.68398 1.36279
-4.80908 1.20958
-4.8802 1.21647
-4.78061 1.49187
-4.8786 1.47824
-4.96834 1.24693
-4.93354 1.51132
-5.01237 1.36981
-4.92045 1.777
-4.95596 1.99571
-4.84591 2.24987
-4.81567 1.96042
-4.87257 1.69059
-4.80949 1.73171
-4.72471 2.00264
-4.74217 2.29947
-4.63742 2.28193
-4.61753 2.66692
-4.73762 2.60571
-4.88414 2.4324
-4.93534 2.24597
-4.94947 2.36604
-4.66149 2.85207
-4.59682 2.97358
-4.50466 3.01082
-4.47253 2.77696
-4.34659 3.06462
-4.28822 3.40678
-4.18057 3.35411
-3.99788 3.59189
-3.9643 3.87776
-3.87423 3.80625
-3.83612 3.93888
-3.72342 3.93943
-3.81329 3.69074
-3.64742 3.76715
-3.48934 4.02243
-3.37946 4.2823
-3.23591 4.24004
-3.03728 4.4899
-2.82519 4.5908
-3.00217 4.30254
-2.75038 4.3623
-2.5383 4.51321
-2.42976 4.46576
-2.5736 4.26946
-2.38244 4.25004
-2.18003 4.26933
-2.28718 3.94801
-2.5295 3.95886
-2.43914 3.62987
-2.6939 3.61839
-2.54453 3.4106
-2.64853 3.11571
-2.9357 3.36592
-2.93396 3.76768
-3.12659 3.6286
-3.08279 3.87224
-2.95564 4.06677
-3.1452 4.04273
-3.21667 3.8207
-3.32952 3.9242
-3.36402 3.5917
-3.49019 3.77993
-3.58322 3.54867
-3.49396 3.42134
-3.60663 3.26395
-3.7494 3.34866
-3.73479 3.56962
-3.87885 3.44857
-3.9131 3.1587
-4.04864 3.27564
-4.06696 2.96783
-3.93432 2.80245
-3.76433 3.02143
-3.7818 2.53105
-3.60032 2.92141
-3.43722 3.20632
-3.46258 2.87792
-3.32027 2.94523
-3.20001 3.26705
-3.16301 2.91923
-3.03569 3.05692
-2.8745 2.98019
-2.99233 2.62638
-2.74898 2.6282
-2.55916 2.68722
-2.42977 2.88427
-2.38335 3.25171
-2.28674 2.96201
-2.16888 3.14773
-2.16859 3.57349
-2.0463 3.30741
-1.99745 3.91439
-2.14611 3.87166
-2.12653 4.05139
-2.01211 4.23312
-1.87942 4.17294
-1.78674 3.9586
-1.98656 3.00323
-2.16779 2.78814
-2.04628 2.45042
-2.24639 2.43531
-2.30326 2.72158
-2.41007 2.51722
-2.37201 2.11061
-2.20568 2.02892
-2.33685 1.69887
-2.48749 1.76061
-2.57143 2.2351
-2.68896 1.69852
-2.74922 2.21957
-2.84622 2.40616
-2.90039 2.08198
-3.10604 2.1895
-3.02668 1.83954
-3.15296 1.86834
-3.09078 1.51075
-3.22935 1.69556
-3.31266 2.04845
-3.34112 1.65838
-3.47317 1.7583
-3.49192 2.14932
-3.40912 2.41195
-3.55294 2.52096
-3.67694 1.95841
-3.93929 1.96949
-3.97364 2.43311
-4.12693 2.18847
-4.14002 1.70757
-4.26479 1.90076
-4.28191 1.61724
-4.37069 1.70019
-4.41509 1.35219
-4.51028 1.63195
-4.38348 1.99323
-4.52712 1.96435
-4.43577 2.25693
-4.54847 2.23364
-4.47254 2.40486
-4.52673 2.50135
-4.37461 2.61573
-4.63903 1.9891
-4.33963 2.30729
-4.23708 2.46098
-4.21076 2.78622
-4.28578 2.8979
-4.19832 3.07124
-4.08933 2.62048
-4.26738 2.17675
-4.64744 1.69887
-4.72779 1.77848
-4.56154 1.36408
-4.50088 0.917913
-4.28792 1.05736
-4.24265 1.4178
-4.14303 1.34495
-4.02241 1.50123
-4.05219 1.04825
-3.84851 1.4473
-3.80859 0.910289
-3.59579 1.31212
-3.40448 1.40593
-3.36274 0.952565
-3.59087 0.785223
-3.47368 0.358098
-3.17542 0.474023
-3.08922 1.02615
-3.25223 1.37117
-2.98978 1.26783
-2.90316 1.51368
-2.90118 1.0662
-2.75999 1.17857
-2.62978 1.22705
-2.54653 1.43561
-2.5044 1.14096
-2.43672 1.44605
-2.33049 1.27388
-2.21026 1.63829
-2.14682 1.35244
-2.04132 1.86613
-1.8851 1.84493
-1.75992 1.97632
-1.60126 2.2631
-1.64243 1.85409
-1.53887 2.02743
-1.39767 2.19836
-1.45613 2.4447
-1.14523 2.3708
-1.46983 1.80553
-1.35129 1.42562
-1.6208 1.45961
-1.7954 1.61562
-1.84491 1.11969
-1.57984 0.961167
-1.83395 0.654093
-1.98647 0.733249
-2.08118 0.968248
-2.13542 0.533724
-2.22569 0.666598
-2.25708 0.939815
-1.9687 1.45989
-2.33243 0.621823
-2.43843 0.790911
-2.42959 0.451295
-2.32204 0.297435
-2.4908 0.178536
-2.56494 0.41057
-2.61625 0.0957083
-2.75097 0.229322
-2.6668 0.792269
-2.9055 0.630083
-2.80168 0.893164
-2.97829 0.0586048
-3.27724 -0.0930452
-3.07059 -0.410218
-3.26784 -0.441592
-3.52399 -0.499442
-3.25081 -0.690962
-3.48908 -0.891421
-3.58712 -0.72973
-3.83917 -0.473092
-3.7502 -0.200757
-4.01596 -0.25567
-3.90091 0.082288
-3.67841 0.107591
-3.53221 -0.0803326
-3.74405 0.441664
-3.19298 -0.997551
-3.02862 -0.78443
-2.86912 -0.554107
-2.88514 -0.250176
-2.71782 -0.214812
-2.69335 -0.673724
-2.54261 -0.34038
-2.56466 -0.077067
-2.44924 -0.0548058
-2.43715 -0.232666
-2.33516 -0.0953713
-2.16823 0.148167
-2.00316 0.411918
-1.97109 0.0792257
-1.88058 0.367547
-1.67029 0.354634
-1.80556 -0.111914
-1.54903 -0.0296813
-1.32143 0.269841
-1.35582 0.692964
-1.08622 0.568783
-1.10849 0.960498
-0.82928 0.906582
-0.873999 1.29495
-0.625814 1.21715
-0.57921 1.49055
-0.473383 1.37658
-0.313536 1.56142
-0.377741 1.21183
-0.0681314 1.39723
0.149361 1.70682
0.246848 1.3876
0.386707 1.74068
0.255484 1.93654
0.453957 1.47434
0.581667 1.63754
0.593257 1.30304
0.746787 1.57305
0.804598 1.31344
0.905082 1.52855
0.958441 1.29614
1.01662 1.45341
1.09939 1.44118
1.20538 1.55772
1.18419 1.21407
1.35795 1.29656
1.38044 1.63418
1.27216 1.82865
1.53542 1.70974
1.62983 1.87681
1.58353 2.08567
1.71959 2.0552
1.62355 2.26526
1.78476 2.27161
1.72699 2.50811
1.8239 2.41622
1.90541 2.31866
1.92114 2.13786
2.03231 2.13512
2.14639 1.98024
2.07386 1.87158
1.98794 1.97862
1.99495 1.7517
2.09807 1.65662
2.16524 1.70057
2.13908 1.44462
2.05593 1.48035
2.0932 1.21031
1.98675 1.25864
2.02624 0.979418
1.89091 1.01826
1.95956 0.73502
1.78784 0.690245
1.94968 0.45764
1.84663 0.322426
1.69771 0.372236
1.74834 0.136094
1.87143 0.105914
1.99124 0.221882
1.96104 -0.0339931
2.07258 0.0169773
2.08244 0.245888
2.03101 0.377948
2.08823 0.483545
2.01535 0.551425
1.99524 0.34358
2.06098 0.723193
2.13307 0.666385
2.1444 0.369903
2.18424 0.651315
2.16308 0.864981
2.19451 0.929249
2.20254 0.697826
2.22292 1.00718
2.21799 1.21312
2.2558 1.2678
2.2421 1.45777
2.26749 1.64871
2.22967 1.62785
2.21445 1.43962
2.21589 1.83257
2.1694 1.14965
2.17687 0.408012
2.18692 0.21252
2.15207 0.139672
2.13523 0.0413069
2.152 -0.101514
2.12714 -0.196641
2.11663 -0.137934
2.09625 -0.312128
2.0458 -0.189334
1.9821 -0.361253
1.90736 -0.235335
1.79669 -0.0650693
1.71209 -0.282615
1.63348 -0.0955295
1.50137 -0.252411
1.48795 -0.0593206
1.3611 -0.160084
1.36003 -0.322373
1.20765 -0.335906
1.30756 -0.45432
1.42061 -0.388873
1.39902 -0.488086
1.55269 -0.426817
1.45685 -0.555846
1.62683 -0.569477
1.6891 -0.429141
1.83737 -0.42797
1.83902 -0.582273
1.92701 -0.470085
2.00096 -0.475149
1.94718 -0.607319
2.04094 -0.518968
2.11056 -0.412829
2.08837 -0.490972
2.13975 -0.28963
2.12726 -0.320037
1.75401 -0.627002
1.58608 -0.584347
1.51079 -0.699749
1.59569 -0.742206
1.74449 -0.710543
1.85844 -0.632672
1.85846 -0.672048
1.93254 -0.611526
2.01772 -0.546757
1.93527 -0.6333
1.94336 -0.623711
1.86403 -0.699828
1.76669 -0.750331
1.71888 -0.79785
1.5768 -0.832787
1.47022 -0.901974
1.58043 -0.831537
1.36387 -0.932182
1.27733 -0.990502
1.15316 -1.02744
1.08314 -1.06317
0.942554 -1.13054
0.879651 -1.15059
0.978156 -1.06053
1.26808 -0.961472
1.11077 -0.972731
1.35485 -0.846117
1.09792 -0.891487
1.28477 -0.75012
1.41904 -0.642068
1.30984 -0.669762
1.3242 -0.619314
0.521115 -0.828099
0.351072 -0.910982
-0.252047 -1.31652
-0.480578 -1.42196
-0.30362 -1.44775
-0.415014 -1.56754
-0.198164 -1.50482
-0.256048 -1.62943
-0.538349 -1.72353
-0.400943 -1.7883
-0.174045 -1.69066
-0.285235 -1.80331
-0.47688 -1.89986
-0.310108 -1.8549
-0.072587 -1.71705
-0.141225 -1.74678
-0.407964 -1.87751
-0.254731 -1.7821
-0.0598536 -1.71105
-0.0857134 -1.67647
0.047801 -1.61182
-0.0435009 -1.62635
0.186617 -1.51352
0.236917 -1.52586
0.394372 -1.40412
0.43365 -1.419
0.602769 -1.30512
0.628316 -1.29516
0.755342 -1.22002
0.830406 -1.19082
0.900981 -1.11013
0.781552 -1.18025
0.97324 -1.05496
0.841395 -1.11718
1.06421 -0.96747
0.980684 -0.985045
1.11568 -0.883305
1.25469 -0.858154
1.22631 -0.786472
1.06362 -0.88231
1.04876 -0.815961
0.919539 -0.963946
0.836692 -0.94121
0.725995 -1.06457
0.598752 -1.0355
0.503719 -1.19287
0.432313 -1.14223
0.377707 -1.04648
0.593266 -0.930566
0.737259 -0.904258
0.736368 -0.787981
0.51392 -0.839811
0.622565 -0.702832
0.798333 -0.611534
0.638259 -0.572886
0.435134 -0.665933
0.573592 -0.455548
0.783065 -0.395397
0.6183 -0.204888
0.398851 -0.398453
0.41618 -0.121195
0.216136 -0.305292
0.247858 -0.0209819
0.42277 0.170311
0.275138 0.239002
0.449128 0.523919
0.169714 0.444498
0.0946741 0.108775
-0.0936689 0.263943
-0.101976 -0.0516356
-0.255788 0.0507066
-0.340654 0.246911
-0.242931 0.488581
-0.442602 0.456536
-0.364932 0.636702
-0.215569 0.741826
-0.413606 0.858625
-0.501024 0.637448
-0.635639 0.742118
-0.625503 0.48724
-0.828596 0.5498
-0.57964 0.992964
-0.761565 0.283178
-0.555145 0.256259
-0.674785 0.0854561
-0.474923 0.00355542
-0.692574 -0.118071
-0.53342 -0.270464
-0.307872 -0.17925
-0.389193 -0.445656
-0.154225 -0.336459
0.0555811 -0.183016
0.00682831 -0.475541
0.185273 -0.615538
-0.0388536 -0.729096
-0.253339 -0.663956
-0.223102 -0.980833
-0.542888 -0.966555
-0.49108 -1.22932
-0.635283 -1.18937
-0.784876 -1.17723
-0.729492 -1.33096
-0.985641 -1.37168
-0.84539 -1.50545
-0.633749 -1.42237
-0.430791 -1.41205
-0.268945 -1.224
-0.170069 -1.33862
-0.0509577 -1.11522
0.0523634 -0.885144
0.180153 -1.00375
0.242246 -0.819301
0.348445 -0.883529
0.106088 -1.20884
0.254779 -1.26629
0.00244522 -1.36795
0.039979 -1.44646
0.286428 -1.36178
0.460482 -1.28438
0.618473 -1.21274
0.673175 -1.14866
0.804718 -1.08816
0.58413 -1.29651
0.416132 -1.32597
0.335611 -1.41594
0.244213 -1.4224
0.0525589 -1.51883
0.151547 -1.49728
-0.175703 -1.66061
-0.250032 -1.74962
-0.348882 -1.76811
-0.453966 -1.83951
-0.60179 -1.91847
-0.722878 -1.92069
-0.555993 -1.8081
-0.831528 -1.88926
-0.716943 -1.7956
-0.502256 -1.68612
-0.720018 -1.69958
-0.996617 -1.83442
-0.970878 -1.67505
-1.218 -1.77494
-1.3027 -1.84974
-1.54749 -1.76224
-1.25727 -1.66648
-1.43893 -1.62247
-1.61536 -1.59195
-1.46945 -1.51124
-1.26555 -1.49719
-1.40672 -1.34608
-1.58807 -1.42077
-1.53827 -1.20876
-1.36089 -1.11537
-1.49217 -1.04231
-1.39963 -0.865016
-1.12072 -0.966021
-1.16982 -0.652259
-1.4166 -0.577913
-1.57261 -0.746173
-1.66631 -0.547346
-1.73982 -0.780308
-1.86145 -0.698532
-1.91017 -0.957177
-1.66007 -1.00459
-1.86856 -1.21809
-2.03002 -1.19369
-2.12963 -1.05267
-2.18762 -1.28584
-2.02206 -1.43388
-2.26324 -1.48233
-2.18212 -1.66921
-2.36451 -1.61639
-2.41435 -1.73614
-2.50986 -1.62669
-2.43323 -1.48965
-2.57644 -1.47082
-2.67006 -1.63366
-2.73322 -1.45398
-2.85942 -1.63332
-2.9099 -1.42782
-2.77428 -1.27397
-2.60531 -1.21029
-2.73825 -1.03825
-2.89182 -1.1739
-2.86413 -0.893561
-3.0024 -1.04339
-3.09977 -1.27329
-3.35589 -1.18961
-3.3326 -1.44288
-3.08876 -1.5198
-2.96732 -1.57442
-3.04473 -1.67358
-2.96255 -1.79878
-2.74789 -1.79598
-2.88154 -1.90839
-3.05347 -1.89943
-3.1901 -1.80622
-3.21221 -1.94233
-3.39958 -1.73426
-3.23795 -1.64378
-3.42915 -1.60271
-3.55877 -1.64713
-3.75601 -1.61777
-3.64411 -1.46736
-3.5399 -1.2972
-3.73071 -1.29407
-3.68391 -1.19107
-3.55023 -1.13017
-3.00394 -1.99547
-3.18454 -2.03171
-3.26759 -2.08504
-3.04026 -2.0856
-3.0885 -2.1289
-3.26196 -2.11588
-3.40116 -2.10259
-3.31453 -2.11365
-3.41331 -2.1052
-3.25977 -2.15195
-3.19254 -2.14207
-2.99891 -2.1898
-2.85937 -2.1512
-2.96818 -2.11779
-2.88068 -2.10084
-2.84239 -2.07051
-2.78189 -1.99258
-2.71365 -1.9086
-2.59246 -1.96364
-2.53487 -1.85858
-2.58023 -1.73864
-2.28088 -1.84027
-2.37258 -1.95347
-2.1154 -1.94329
-2.01911 -1.81352
-1.86112 -1.64883
-1.82169 -1.79267
-1.82011 -1.89911
-1.51678 -1.90891
-1.70868 -1.99141
-1.95575 -2.01622
-1.91078 -2.06949
-1.55058 -2.05758
-1.46001 -1.97134
-1.28496 -2.01628
-1.21025 -2.04206
-1.02164 -1.97198
-1.22547 -1.93087
-1.01435 -1.91333
-0.918556 -2.00421
-1.15478 -2.07417
-0.843148 -2.02679
-0.618748 -1.96106
-0.537193 -1.9358
-0.711989 -1.99494
-0.686709 -1.9737
-0.669798 -1.89455
-0.847216 -1.98869
-0.867373 -2.0317
-1.03885 -2.03943
-0.971958 -1.9287
-1.22549 -2.04636
-1.23897 -1.94616
-1.09338 -1.8061
-0.904115 -1.76749
-0.98183 -1.6657
-0.717905 -1.60733
-0.761268 -1.79537
-1.37863 -1.70502
-1.31137 -1.72894
-1.26769 -1.78783
-1.39107 -1.77311
-1.3678 -1.86514
-1.42772 -1.95755
-1.51592 -1.86577
-1.55268 -1.96
-1.6951 -1.93819
-1.62063 -2.02024
-1.48969 -2.00741
-1.45608 -2.07019
-1.69339 -2.10182
-1.79696 -2.04725
-1.87813 -2.11004
-1.97068 -2.08005
-2.05007 -2.14334
-1.84114 -2.12543
-2.08648 -2.16517
-2.1952 -2.17925
-2.10153 -2.14206
-1.92322 -2.1433
-2.12099 -2.18589
-2.39107 -2.17714
-2.16023 -2.15682
-2.44174 -2.11667
-2.21399 -2.05709
-2.45963 -2.02225
-2.63836 -2.0466
-2.68934 -2.12389
-2.53111 -2.17297
-2.62634 -2.17167
-2.75353 -2.18361
-1.85328 -2.12615
-1.69363 -2.12147
-1.57741 -2.10558
-1.37844 -2.087
-1.43061 -2.11112
-1.28531 -2.09486
-1.07012 -2.07626
-1.26325 -2.08579
-1.52365 -2.11134
-1.36913 -2.0128
-1.89071 -2.00335
-1.97654 -1.99128
-1.82083 -1.86269
-1.64868 -1.8152
-1.67523 -1.7328
-1.51345 -1.74782
-5.1943 1.11527
-5.22227 1.21794
-5.21961 1.33293
-5.22091 1.48169
-5.20679 1.4406
-5.18528 1.6011
-5.17431 1.46738
-5.19397 1.32404
-5.17953 1.37393
-5.16582 1.59669
-5.18009 1.31578
-5.12213 1.75235
-5.11901 1.63686
-5.18058 1.27466
-5.21465 1.03435
-5.20794 1.06835
-5.22648 0.859868
-5.26367 0.736887
-5.23439 0.987713
-5.25547 0.826422
-5.28889 0.584222
-5.29124 0.412453
-5.2823 0.340093
-5.26532 0.186061
-5.23285 0.0900345
-5.25993 -0.042655
-5.23379 -0.211717
-5.1895 -0.0436551
-5.1826 -0.259222
-5.21539 -0.398059
-5.20169 -0.285732
-5.19393 -0.491949
-5.14878 -0.272191
-5.14654 -0.080583
-5.07536 -0.0402754
-5.10048 0.113054
-4.98904 0.267054
-4.97419 0.0636642
-5.00769 -0.0879862
-4.94031 -0.0405625
-4.84296 -0.0817562
-4.75409 -0.148705
-4.65465 -0.185517
-4.55443 -0.225592
-4.6133 -0.321228
-4.51099 -0.430543
-4.44846 -0.562369
-4.49697 -0.71641
-3.97895 -1.48036
-3.84076 -1.66597
-3.51891 -1.77674
-1.94983 -1.82564
-1.79059 -1.71652
-1.81869 -1.79583
-1.89864 -1.87849
-1.9599 -1.94114
-2.01073 -1.93527
-2.02642 -2.01364
-2.12138 -2.03566
-2.1341 -1.94697
-2.32139 -2.07697
-2.03052 -2.02754
-2.49143 -2.08366
-3.25086 -1.94356
-3.49458 -1.91662
-3.70642 -1.80375
-4.2606 -1.31729
-4.61895 -0.619987
-4.61432 -0.467892
-4.73068 -0.522994
-4.73997 -0.379569
-4.72886 -0.25187
-4.84748 -0.269457
-4.95792 -0.183176
-4.98444 -0.367414
-5.06051 -0.236165
-5.09637 -0.442563
-4.99638 -0.545437
-4.8584 -0.490246
-5.06302 -0.65281
-4.92887 0.183053
-5.11618 0.303908
-5.06608 0.47345
-5.21909 0.856722
-5.24914 0.644975
-5.24859 0.624591
-5.21147 0.442537
-5.15939 0.520031
-5.17112 0.359594
-5.15912 0.260039
-5.16359 0.122338
-5.18169 0.260546
-5.17187 0.111895
-5.2076 0.279789
-5.24145 0.429709
-5.24582 0.295771
-5.21241 0.14166
-5.26902 0.513389
-5.25721 0.657496
-5.23253 0.796383
-5.23201 0.70861
-5.22992 0.922351
-5.2051 0.998828
-5.1972 1.06524
-5.20001 0.997035
-5.2009 1.1828
-5.20368 1.16482
-5.21954 1.04037
-5.19249 -0.0798753
-5.23179 -0.448145
-5.25339 -0.336275
-5.21122 -0.541898
-5.24347 -0.350583
-5.2605 -0.118431
-5.26349 0.167178
-5.26463 0.0481307
-5.26409 0.243554
-5.26793 0.50098
-5.25488 0.400325
-5.1277 1.47481
-5.08885 1.67843
-5.07568 1.88338
-5.08462 2.04005
-5.09772 2.03813
-5.14298 1.84462
-5.15377 1.99859
-5.0828 2.19278
-5.04198 2.33737
-5.06763 2.33604
-5.04821 2.4366
-4.98738 2.6143
-5.06921 2.47997
-5.12774 2.22925
-5.19485 2.0366
-5.17196 1.9055
-5.2105 1.79222
-5.21622 1.64626
-5.18226 1.77425
-5.16225 1.78947
-5.15313 1.87674
-2.93585 -2.19761
-3.12924 -2.18712
-3.04988 -2.18274
-3.32544 -2.16506
-3.21819 -2.14714
-3.4858 -2.11537
-3.59062 -2.09288
-3.71042 -2.05703
-3.73999 -2.02707
-3.44379 -2.12364
-2.60947 -0.915394
-2.5147 -0.661528
-2.46818 -0.929156
-2.34446 -0.634188
-2.4036 -0.386316
-2.20676 -0.262128
-2.13996 -0.565516
-2.01547 -0.275842
-1.89882 -0.467958
-1.68477 -0.291487
-1.47578 -0.311877
-1.29887 -0.0816792
-1.22985 -0.367312
-1.05904 -0.1604
-1.11901 0.107689
-1.13389 0.309748
-0.976021 0.305068
-0.882642 0.0363069
-0.864904 -0.204096
-0.9467 -0.424709
-0.73538 -0.316941
-0.659685 -0.525774
-0.898067 -0.724041
-0.67923 -0.779076
-0.494639 -0.680723
-0.833138 -0.969121
-0.985427 -1.15744
-1.19113 -1.25307
-1.06986 -1.56428
-0.677787 -1.5605
-2.04466 -0.778636
-2.2727 -0.907594
-2.28441 -1.15633
-2.4211 -1.15892
-2.48554 -1.34418
-2.35277 -1.33103
-1.87804 -1.50599
-1.85265 -1.39941
-1.71643 -1.29502
-1.75626 -1.49115
-0.478806 -1.56661
-0.325784 -1.46582
-0.230703 -1.5289
-0.313369 -1.69303
-0.124184 -1.58277
-0.182798 1.02395
-0.0563669 0.854898
0.0537186 1.08369
0.0861664 0.843898
0.284766 1.00407
0.416636 1.26306
0.45475 1.12759
0.497719 0.930606
0.709473 1.04958
0.633327 0.788731
0.314181 0.716019
0.165188 0.711781
-0.0244551 0.61185
0.681643 0.580182
0.601128 0.34166
0.726995 0.435364
0.865658 0.543814
0.790415 0.82419
0.934905 0.85216
1.05361 0.715055
1.05099 1.04752
0.883156 1.0748
1.07165 1.29756
1.21804 0.823689
1.32279 1.01844
1.4207 0.746336
1.31164 0.476013
1.15361 0.541093
1.15192 0.23864
1.03146 0.445311
0.912987 0.196727
1.01787 -0.00923178
0.843435 -0.113331
0.737447 0.0377001
0.737414 0.270218
0.584703 0.0785371
1.00334 -0.245311
1.20003 -0.0748955
0.983264 -0.475285
0.949321 -0.662465
1.14693 -0.550662
1.07758 -0.699331
1.26095 -0.625471
0.905828 -0.806193
1.38468 0.129121
1.49984 0.402182
1.58212 0.118424
1.60743 0.616023
1.58431 0.892614
1.7226 1.12396
1.5421 1.18894
1.43637 1.02368
1.51783 1.46499
1.64603 1.35787
1.66604 1.603
1.74055 1.3993
1.81225 1.57234
1.77816 1.81285
1.89044 1.73369
1.8696 1.96896
1.94278 1.52642
1.8544 1.32086
1.40449 -0.678157
1.32384 -0.76663
1.39042 -0.771133
1.5136 -0.704844
1.62125 -0.728375
1.47927 -0.795556
1.44418 -0.853223
1.77879 -0.713157
1.34178 -0.876498
1.15688 -0.949448
1.22614 -0.961099
1.06237 -1.02731
1.02513 -1.07812
0.702815 -1.24845
0.456232 -1.40463
0.468973 -1.31937
0.706854 -1.18516
0.469521 -1.27353
0.625591 -1.16344
0.860235 -1.04506
0.625319 -1.05164
0.892229 -0.911066
0.707312 -0.872103
0.952079 -0.782848
1.18762 -0.685052
1.08751 -0.794375
0.449264 -1.00399
0.372157 -1.16995
0.469435 -1.20635
0.257879 -1.36215
0.320092 -1.39354
0.185168 -1.47833
0.221034 -1.52552
0.031683 -1.58751
-0.060462 -1.58913
0.0874023 -1.50986
-0.00795269 -1.47929
0.136066 -1.29426
-0.0492926 -1.41355
-0.1675 -1.40942
-0.0457087 -1.29207
0.10844 -1.17154
0.264789 -1.13738
0.0714779 -1.6461
0.2537 -1.53663
0.0708942 -1.632
1.89269 -0.679456
2.0228 -0.575501
2.1603 -0.142907
2.15826 -0.00542527
2.17469 0.0977724
1.69249 0.0145535
2.11126 0.931281
-1.14939 1.25757
-1.31898 1.05637
-2.82841 -0.0583925
-3.40431 2.68624
-3.25064 2.56993
-2.74944 4.01237
-4.65398 -1.46697
-4.72519 -1.44345
-4.6248 -1.51746
-5.09607 -0.877026
-5.12661 -0.820062
-4.26427 4.74112
-0.994562 2.34594
0.81709 2.50177
0.86147 2.73356
1.01891 2.60685
1.23346 2.7146
1.18122 2.42394
0.988419 2.32448
1.96874 2.56156
2.07281 2.43446
2.33526 1.72006
0.517188 4.63003
0.817162 4.58653
0.949383 4.22134
1.09583 3.95993
1.01393 4.04552
1.07867 3.81822
1.21531 3.67587
0.92163 4.0347
0.754267 4.19764
2.3156 1.61108
