-5.08076 -0.662895
-5.08721 0.608268
-4.80866 1.20993
-3.40209 3.80187
-2.2801 5.34346
-1.0456 5.50012
-0.855006 5.47589
0.674958 5.23554
0.844967 5.17312
1.78122 4.67324
1.92421 4.56353
2.69378 3.93286
2.95791 3.69752
3.11019 3.48443
3.60294 2.7315
3.76283 2.398
3.92359 1.94384
4.00303 1.70702
4.05963 1.51638
4.11031 1.20437
4.11488 1.12433
4.19429 -1.45267
4.17795 -2.1651
4.15806 -2.53641
4.05931 -3.31001
3.89503 -3.8378
3.79562 -4.13972
3.75206 -4.24053
3.6858 -4.38378
3.67511 -4.4023
3.54874 -4.56691
3.41743 -4.71243
3.1804 -4.85535
3.00409 -4.94666
2.79023 -5.04237
2.68944 -5.08455
2.44675 -5.14343
2.26561 -5.17741
1.84183 -5.22629
1.21427 -5.2475
1.02961 -5.25113
0.405524 -5.25333
0.27801 -5.25234
-0.0193415 -5.24743
-0.295596 -5.24136
-0.648075 -5.2198
-1.47211 -5.16814
-1.56506 -5.15768
-1.75992 -5.13007
-2.59553 -5.00459
-2.73152 -4.97374
-2.92221 -4.92875
-3.41148 -4.77221
-3.62848 -4.66733
-3.79876 -4.54863
-4.01596 -4.39369
-4.22475 -4.17649
-4.42578 -3.91773
-4.50646 -3.76922
-4.59464 -3.5912
-4.64667 -3.47165
-4.73111 -3.27182
-4.81187 -2.96273
-4.84463 -2.82557
-4.96202 -2.31438
