-3.2324 -2.16532
-3.21846 -2.00498
-3.1903 -1.86709
-2.99897 -1.45189
-2.92879 -1.31366
-1.65075 0.780573
-1.07957 1.49393
-0.935348 1.5719
-0.615001 1.67908
-0.441031 1.62596
-0.259508 1.55322
0.435028 1.24462
0.722668 1.07672
0.888254 0.977382
1.04573 0.881031
1.20363 0.78069
1.35465 0.678578
1.50008 0.576822
1.62898 0.463225
1.68425 0.390915
2.92315 -1.31307
3.02829 -1.47303
3.08799 -1.57217
3.13849 -1.67278
3.26513 -2.19755
3.31376 -2.60352
3.35083 -3.08773
3.36467 -3.26895
3.41712 -3.9831
3.40364 -4.2078
3.26311 -5.38513
3.22753 -5.57613
3.05488 -5.90781
2.94318 -6.06192
2.8379 -6.17765
2.70712 -6.30934
2.50044 -6.42635
2.35162 -6.49023
2.16137 -6.56851
1.98702 -6.60204
1.81204 -6.63102
1.19423 -6.69855
0.445364 -6.67617
0.217215 -6.66617
0.0140924 -6.65495
-0.0561342 -6.64957
-0.751284 -6.59499
-0.99054 -6.56727
-1.26529 -6.52713
-1.34885 -6.50767
-1.76342 -6.36564
-2.03435 -6.27216
-2.23979 -6.19157
-2.35422 -6.07252
-2.48149 -5.93924
-2.56341 -5.83274
-2.60361 -5.77938
-2.67383 -5.6595
-2.76302 -5.4421
-2.80896 -5.30504
-3.27526 -3.78664
-3.30041 -3.6635
