-0.223042 1.7087
0.181541 2.54873
0.510306 3.16672
1.55653 4.99827
1.89648 5.56671
2.00726 5.67079
2.10243 5.75716
2.8745 6.31008
3.02989 6.42069
3.19253 6.51564
4.03378 6.96846
4.15884 7.02298
4.49793 7.09258
4.65835 7.11922
5.38412 6.97451
5.48814 6.91852
6.09191 6.57343
6.29132 6.44813
6.41071 6.25726
6.65674 5.85391
6.78453 5.64153
6.87771 5.48031
7.35573 4.21966
7.42437 4.0384
7.48087 3.87887
7.68413 2.83178
7.85625 1.903
7.91041 1.60256
7.97653 0.741601
7.96717 0.588733
7.94819 0.307094
7.89863 0.0818859
7.80723 -0.274763
7.74604 -0.491492
7.61773 -0.88335
7.55677 -1.03402
7.47684 -1.22543
7.47205 -1.23546
7.39212 -1.37312
7.35643 -1.41383
6.59618 -2.16159
6.50182 -2.24212
6.32293 -2.38708
5.7332 -2.83815
5.57863 -2.9204
5.40572 -3.00138
5.23167 -3.05555
5.04011 -3.11036
5.02877 -3.11324
4.86964 -3.12739
4.54731 -3.09089
4.3334 -3.00261
2.56643 -2.12204
2.10753 -1.88105
1.94863 -1.79743
1.8815 -1.75714
1.76105 -1.67461
1.59411 -1.53895
1.33586 -1.28444
1.15593 -1.07288
0.838425 -0.564769
0.76281 -0.441554
0.685936 -0.296917
