-9.55162 -0.518373
-9.52783 -0.338519
-9.42802 0.311514
-9.3632 0.640715
-9.32691 0.822159
-9.28187 1.00593
-9.2303 1.18683
-9.20659 1.24503
-8.96698 1.8054
-8.82905 2.06498
-8.27194 2.87448
-8.1444 3.05528
-7.90687 3.35366
-7.05717 4.20088
-6.80187 4.44837
-6.62252 4.60786
-6.42721 4.75707
-6.20087 4.83277
-5.51354 5.0126
-5.27502 5.06251
-5.04618 5.03181
-4.81908 4.99735
-4.14746 4.8288
-3.80803 4.74151
-2.92375 4.4914
-2.71379 4.42036
-1.79613 3.82075
-1.68286 3.67086
-1.576 3.49828
-1.47546 3.31876
-1.30545 3.00143
-1.22932 2.8399
-1.0858 2.49956
-0.668684 1.3678
-0.613884 1.21545
-0.457803 0.291108
-0.453584 0.0859299
-0.494985 -1.33066
-0.507387 -1.39904
-0.614981 -1.90208
-1.02699 -3.51665
-1.13535 -3.83792
-1.27229 -4.20253
-1.38928 -4.4372
-1.55854 -4.68425
-1.70775 -4.83964
-2.14284 -5.20919
-2.29358 -5.30112
-2.33424 -5.32388
-2.52928 -5.39266
-2.80306 -5.45684
-3.68689 -5.54435
-4.74107 -5.57096
-5.42998 -5.55207
-5.60048 -5.53418
-6.51518 -5.41622
-8.35701 -5.05527
-8.73801 -4.96624
-8.8988 -4.91355
-9.06133 -4.83156
-9.18795 -4.73717
-9.30331 -4.63776
-9.44527 -4.4983
-9.57708 -4.32667
-9.64263 -4.18068
-9.7055 -4.00659
-9.71685 -3.9678
-9.77944 -3.67892
-9.78149 -3.52526
-9.76117 -2.92062
