-6.30292 2.36761
-6.26255 2.15437
-6.47215 2.34105
-6.43682 2.13348
-6.69398 2.27842
-6.66621 2.48948
-6.54292 2.49335
-6.44157 2.46232
-6.52787 2.58428
-6.64891 2.60388
-6.64573 2.7025
-6.77703 2.72718
-6.78688 2.63481
-6.97633 2.77297
-6.90411 2.56407
-7.12112 2.73425
-7.2207 2.86995
-7.15704 2.98657
-7.4626 3.02231
-7.3871 2.80236
-7.65064 2.97554
-7.77127 3.13924
-7.62806 3.20034
-7.85269 3.26656
-7.96761 3.22602
-8.00918 3.29709
-7.95806 3.35598
-8.1287 3.33989
-7.50417 3.26243
-7.27007 3.16679
-7.05604 3.07689
-6.95378 2.96778
-6.80312 2.88878
-6.75361 2.79335
-6.89743 2.8596
-7.40686 3.1337
-7.74179 3.33018
-9.1728 3.07427
-8.63111 3.15475
-8.80866 3.12066
-8.64535 3.03228
-8.84604 3.03878
-8.98779 3.06511
-8.96133 2.9782
-9.15044 2.94498
-9.38239 2.94156
-9.32946 2.83955
-9.52213 2.78142
-9.41446 2.70987
-9.55395 2.67593
-9.73112 2.60919
-9.69359 2.75449
-9.84426 2.6735
-9.5896 2.8557
-10.322 2.32597
-10.1684 2.4336
-10.2561 2.30459
-10.265 2.17326
-10.1085 2.36645
-10.0629 2.25358
-9.93681 2.44641
-9.96796 2.53373
-9.82581 2.38379
-9.5715 2.52726
-9.71273 2.24186
-9.48673 2.39521
-9.34398 2.58191
-9.21872 2.77595
-9.09134 2.63057
-9.00931 2.8487
-8.84187 2.76107
-8.81761 2.93598
-8.60853 2.84995
-8.34896 2.95162
-8.44928 3.11617
-8.25961 3.08994
-8.24773 3.27345
-8.09911 3.26802
-8.10222 3.16825
-7.93758 3.16011
-7.89211 3.06218
-8.07848 3.00442
-7.81 2.88155
-7.60315 2.84951
-7.58363 2.68636
-7.34333 2.58622
-7.14619 2.58733
-7.18184 2.35373
-6.96715 2.40385
-6.93142 2.1781
-6.74364 2.03968
-6.53316 1.97935
-6.69037 1.7961
-6.90322 1.90696
-6.88342 1.62298
-7.05665 1.74664
-7.0989 1.45051
-7.28611 1.7244
-7.1417 2.02502
-7.35029 2.00959
-7.49118 1.89037
-7.53788 2.19004
-7.32603 2.2076
-7.4431 2.42557
-7.71383 2.45865
-7.83051 2.69702
-8.01108 2.5675
-8.06577 2.80986
-8.34538 2.6832
-8.22035 2.39129
-7.91879 2.3088
-8.10347 2.09942
-8.44381 2.1514
-8.52382 2.44374
-8.68478 2.26627
-8.78562 2.43627
-8.66266 2.64066
-8.88133 2.5839
-9.03702 2.38924
-8.9184 2.18253
-9.23103 2.05151
-9.01754 1.81892
-8.73742 2.02781
-8.76454 1.75988
-8.55441 1.89625
-8.41799 1.97969
-8.29363 1.99205
-8.3706 1.81705
-8.13787 1.83909
-7.96572 1.89654
-7.76943 1.99914
-7.86879 1.58303
-7.5827 1.7012
-7.43955 1.7226
-7.42725 1.58381
-7.31433 1.39335
-7.53345 1.39674
-7.40161 1.23223
-7.4804 1.02419
-7.68847 1.2581
-7.72308 0.992113
-7.85058 1.2415
-8.07026 1.23427
-8.23467 1.54996
-8.37843 1.17004
-8.56318 1.55553
-8.68757 1.13892
-8.91133 1.42858
-8.98372 0.960439
-9.09568 1.23698
-9.22169 1.43322
-9.3011 1.72263
-9.49503 1.46148
-9.43998 1.20655
-9.69217 1.09347
-9.518 0.916503
-9.697 0.812519
-9.91702 0.672212
-9.98622 1.06596
-10.1734 0.701817
-10.2033 0.971554
-10.3642 0.698588
-10.3627 0.926777
-10.5326 0.69434
-10.5432 0.424581
-10.3672 0.416997
-10.5464 0.144522
-10.3911 0.15435
-10.1928 0.347654
-10.3013 0.0276764
-10.0158 0.109635
-9.66097 0.542465
-9.69425 0.170029
-9.43791 0.360207
-9.36226 0.721093
-9.25577 1.05546
-9.18292 0.836272
-9.14442 0.540935
-8.85002 0.522256
-8.73275 0.798401
-8.60423 0.503061
-8.52464 0.826147
-8.39313 0.513706
-8.31358 0.794474
-8.19269 0.986527
-8.13598 0.740926
-8.02685 0.934551
-7.90436 1.05887
-7.84964 0.812021
-7.72011 0.788212
-7.6037 0.692936
-7.74164 0.632066
-7.71375 0.343984
-7.52502 0.440329
-7.40655 0.617298
-7.2517 0.835386
-7.2865 1.13551
-7.09169 1.10226
-7.19697 1.2636
-6.88788 1.31424
-6.87556 0.995364
-6.70028 1.19872
-6.6886 1.49502
-6.514 1.33925
-6.44044 1.66794
-6.29088 1.31682
-6.19473 1.59694
-6.29103 1.84442
-6.4094 1.87875
-6.38868 1.98109
-6.31189 2.01833
-6.19098 1.94986
-6.07569 1.87216
-6.12673 1.76681
-5.9893 1.72069
-6.05042 1.58699
-5.91278 1.49238
-5.80941 1.22234
-6.03397 1.33
-5.90782 1.03662
-6.11596 0.984174
-6.35255 1.02141
-6.42583 1.20182
-6.53401 1.08835
-6.49446 0.811684
-6.27574 0.653506
-6.46545 0.521852
-6.63846 0.613544
-6.67721 0.909797
-6.83379 0.68267
-7.04295 0.730666
-6.97335 0.350401
-6.76569 0.424598
-6.79933 0.133197
-6.58506 0.259822
-6.65837 -0.0894638
-6.47453 -0.0933183
-6.33498 0.211625
-6.29734 -0.227712
-6.1164 -0.0363281
-6.15677 -0.452653
-5.99427 -0.37897
-5.94598 -0.0479444
-5.99665 0.255347
-6.14993 0.349016
-6.04031 0.606811
-5.95018 0.833813
-5.88083 0.646904
-5.81988 0.824552
-5.7498 0.96011
-5.7026 0.743582
-5.64796 0.850642
-5.66128 1.02908
-5.57264 0.644975
-5.3395 -0.411355
-5.33273 -1.55311
-5.37795 -1.73229
-5.3862 -1.87773
-5.44431 -2.03761
-5.83869 -2.85744
-5.75125 -2.67714
-5.63263 -2.44819
-5.73449 -2.59401
-5.59102 -2.30567
-5.50356 -2.18478
-5.4647 -2.04114
-5.63406 -2.29442
-5.54534 -2.05582
-5.62997 -2.19009
-5.52532 -1.94605
-5.42346 -1.8519
-5.45126 -1.72413
-5.38743 -1.58733
-5.45449 -1.45932
-5.39 -1.35156
-5.35629 -1.40765
-5.33496 -1.18974
-5.40219 -1.11473
-5.32248 -0.969314
-5.30566 -0.801011
-5.36594 -0.678449
-5.35258 -0.890429
-5.38776 -0.892242
-5.42449 -0.999977
-5.43643 -1.2065
-5.48979 -1.3562
-5.52712 -1.57407
-5.54105 -1.79377
-5.58236 -1.77303
-5.55337 -1.53198
-5.62717 -1.72428
-5.60122 -1.52134
-5.71077 -1.67477
-5.67201 -1.41079
-5.54527 -1.28169
-5.63292 -1.06335
-5.76121 -1.2913
-5.759 -0.993831
-5.69363 -0.734894
-5.56743 -0.743574
-5.61544 -0.432056
-5.53233 -0.509117
-5.48597 -0.676657
-5.51 -0.82331
-5.47285 -0.896163
-5.42964 -0.786488
-5.43059 -0.597922
-5.40223 -0.460048
-5.39875 -0.234256
-5.46324 -0.414695
-5.4778 -0.1643
-5.4462 -0.00144559
-5.49609 0.118924
-5.51721 0.0197419
-5.5745 0.190424
-5.57685 -0.109887
-5.52853 -0.315645
-5.69161 -0.197612
-5.7334 -0.469175
-5.83944 -0.288725
-5.74488 0.00378984
-5.6504 0.0386196
-5.70303 0.235477
-5.84755 0.162043
-5.79173 0.44993
-5.66264 0.486003
-5.76425 0.644383
-5.91093 0.438711
-5.54866 0.412289
-5.80018 -0.723122
-5.92781 -0.717665
-5.87914 -1.15346
-5.99778 -1.02284
-6.06154 -0.751646
-6.13692 -1.14575
-6.22558 -0.797592
-6.2786 -0.528718
-6.33139 -0.671144
-6.44252 -0.491544
-6.38637 -0.860846
-6.57313 -0.843323
-6.48436 -1.18138
-6.30275 -1.1705
-6.41255 -1.53408
-6.23709 -1.49601
-6.13381 -1.43131
-6.03556 -1.35287
-6.15019 -1.7335
-5.97683 -1.63352
-5.86076 -1.48187
-5.80249 -1.63364
-5.8931 -1.68618
-5.9588 -1.98027
-5.82674 -1.89554
-5.73704 -1.87798
-5.85578 -2.12717
-5.68529 -1.98256
-5.82179 -2.33237
-5.63891 -2.05859
-5.74951 -2.38872
-5.62 -2.06838
-5.72462 -2.41007
-5.84549 -2.69625
-5.73145 -2.50126
-5.92815 -2.9167
-5.97635 -2.95991
-6.0357 -3.00633
-5.92212 -2.74022
-6.04466 -2.93942
-6.00025 -2.79191
-5.89994 -2.58941
-6.01402 -2.70729
-6.09955 -2.98681
-6.16341 -3.01427
-6.10595 -2.77113
-5.98549 -2.46906
-6.11262 -2.60636
-6.25777 -3.03802
-6.23618 -2.68693
-6.40503 -3.06149
-6.33977 -2.63637
-6.52236 -2.94012
-6.43288 -2.47697
-6.61469 -2.70157
-6.53429 -2.28164
-6.41951 -2.24656
-6.36895 -2.23264
-6.3627 -1.95858
-6.27417 -2.21208
-6.10769 -2.02491
-6.18891 -2.36243
-6.0911 -2.18871
-6.09996 -2.35703
-5.98205 -2.27383
-5.90321 -2.07166
-6.54743 -1.87563
-6.68226 -2.13401
-6.76339 -2.51964
-6.89069 -2.1504
-6.75354 -1.80915
-6.97365 -1.7762
-6.88159 -1.39193
-7.07113 -1.56132
-7.13801 -1.36329
-7.07585 -1.03255
-6.81523 -0.901698
-6.99912 -0.534325
-6.6967 -0.465071
-6.82961 -0.186962
-6.99716 -0.0670031
-7.22736 -0.329009
-7.1536 0.0642426
-7.24052 0.37551
-7.35075 -0.0866878
-7.40513 0.10498
-7.42444 0.312981
-7.51405 0.0902597
-7.55638 0.23458
-7.69657 -0.00111413
-7.56733 -0.189439
-7.78768 -0.312096
-7.74235 -0.516583
-7.53861 -0.584836
-7.32294 -0.832179
-7.54207 -0.915367
-7.70241 -0.982914
-7.84395 -0.839531
-7.97211 -1.30446
-7.56261 -1.26469
-7.7895 -1.73254
-7.46227 -1.71885
-7.31057 -1.46652
-7.28955 -1.19155
-7.18142 -1.53217
-7.19721 -1.7285
-7.2942 -2.04233
-7.08546 -1.99667
-7.11391 -2.27499
-6.99123 -2.51815
-7.14091 -2.49231
-7.36523 -2.4513
-7.16953 -2.71536
-7.40854 -2.86672
-7.23452 -3.01112
-6.98561 -2.93005
-6.77274 -2.87424
-6.70442 -3.06216
-6.85375 -3.12185
-6.84245 -3.38007
-6.66197 -3.30383
-6.5488 -3.25262
-6.63201 -3.50651
-6.5173 -3.39205
-6.43269 -3.38344
-6.58628 -3.6855
-6.46829 -3.61848
-6.36667 -3.42468
-6.27627 -3.263
-6.23231 -3.27996
-6.33964 -3.50769
-6.31388 -3.56945
-6.22777 -3.40118
-6.14557 -3.16154
-6.17907 -3.30787
-6.08903 -3.17753
-6.22356 -3.4304
-6.18699 -3.41533
-6.01104 -3.14161
-5.86444 -2.88125
-5.9389 -3.06983
-6.28851 -3.60572
-6.34742 -3.77296
-6.30261 -3.6043
-6.42157 -3.90339
-6.37701 -3.76725
-6.4691 -3.92433
-6.41845 -3.77429
-6.53338 -4.02309
-6.55084 -3.87415
-6.4207 -3.65597
-6.64678 -4.1034
-6.7197 -4.08665
-6.68606 -3.94299
-6.77446 -3.91419
-6.72394 -3.72559
-6.78694 -3.60701
-6.87113 -3.86429
-6.93867 -3.77603
-6.92085 -3.6239
-7.01694 -3.55932
-7.07952 -3.76337
-7.28297 -3.66251
-7.02284 -3.3324
-7.23595 -3.28899
-7.53585 -3.52709
-7.46138 -3.20368
-7.76161 -3.39292
-7.68805 -3.05551
-7.63451 -2.70639
-7.90058 -2.85531
-7.84361 -2.55955
-7.66581 -2.40467
-7.92112 -2.21224
-7.5848 -2.09021
-8.16795 -1.83304
-8.25355 -2.29632
-8.4817 -2.07458
-8.40264 -1.73885
-8.53478 -1.80455
-8.49947 -1.50896
-8.26865 -1.52588
-8.24599 -1.27388
-8.36271 -1.03711
-8.63729 -1.21407
-8.59305 -0.846792
-8.29401 -0.582175
-8.1862 -0.816926
-7.9907 -0.616588
-8.10189 -0.988664
-8.00027 -0.178252
-8.3388 -0.091986
-8.13446 0.0248588
-7.98866 0.216561
-8.23189 0.23604
-8.1196 0.350216
-8.21159 0.513292
-8.05235 0.498984
-7.9889 0.703056
-7.88136 0.528513
-7.83664 0.0788934
-8.44859 0.243882
-8.67539 0.107238
-8.62654 -0.404266
-8.90488 -0.203893
-8.9856 0.174519
-9.13686 -0.116683
-9.19053 -0.522968
-8.8772 -0.508609
-8.95829 -0.760827
-8.76174 -0.687873
-8.80836 -0.93675
-8.72304 -1.06278
-8.89587 -1.2575
-8.79348 -1.58604
-9.09466 -1.69896
-9.17634 -1.374
-9.0385 -1.19535
-8.99378 -1.02885
-9.14089 -1.13857
-9.19016 -0.926823
-9.36359 -1.20844
-9.4417 -1.48302
-9.34101 -1.66129
-9.63929 -1.778
-9.39898 -1.96442
-9.18797 -2.13969
-8.94624 -1.9266
-8.97184 -2.29364
-8.71329 -1.93929
-8.74426 -2.43509
-8.48737 -2.54233
-8.68844 -2.73468
-8.81521 -2.73643
-8.98652 -2.74658
-8.80129 -3.01103
-9.02892 -3.11477
-8.90182 -3.37423
-8.58019 -3.3392
-8.75192 -3.66253
-8.41454 -3.70871
-8.28497 -3.41654
-8.31972 -3.1206
-8.02274 -3.21148
-8.06955 -3.5764
-7.82972 -3.67236
-8.10108 -3.92045
-7.6943 -3.85417
-7.90261 -4.03672
-8.06342 -4.1973
-8.36858 -4.16667
-8.45271 -3.9828
-8.6502 -3.89234
-8.72341 -4.119
-8.90936 -3.88061
-9.04013 -4.03174
-9.26682 -3.81812
-9.30908 -4.06572
-9.64854 -3.8701
-9.64012 -3.55389
-9.32061 -3.54991
-9.4962 -3.2655
-9.17518 -3.3468
-9.25746 -3.00155
-9.60061 -2.83878
-9.72938 -3.11369
-10.0448 -2.97684
-9.91522 -2.44903
-9.50295 -2.36057
-9.68207 -2.12766
-9.94408 -2.04023
-9.94935 -1.73664
-10.2146 -1.90794
-10.2004 -2.20861
-10.4578 -2.11333
-10.3628 -2.51592
-10.6906 -2.31274
-10.6803 -1.95246
-10.4366 -1.8106
-10.5386 -1.57141
-10.8613 -1.79613
-10.9248 -2.16491
-11.1194 -2.03328
-11.141 -2.40922
-10.891 -2.53133
-11.0606 -2.76473
-10.7113 -2.92785
-10.959 -3.10475
-10.5664 -3.37243
-10.2999 -3.17559
-10.4086 -2.88681
-10.642 -2.63568
-10.2673 -3.02754
-9.96305 -3.33358
-9.77225 -3.2735
-10.0623 -3.58176
-10.3483 -3.71582
-10.0036 -3.91773
-9.65591 -4.14466
-10.0528 -4.13228
-10.3123 -3.94665
-10.3572 -4.12244
-10.6311 -3.95232
-10.549 -3.79468
-10.6409 -3.60861
-10.8466 -3.69189
-10.8979 -3.41303
-11.1342 -3.4763
-11.2192 -3.19858
-11.2094 -2.93737
-11.4076 -2.94083
-11.46 -3.14975
-11.6235 -2.97611
-11.6087 -3.26766
-11.3697 -3.35693
-11.4441 -3.52678
-11.2829 -3.50941
-11.1516 -3.68211
-11.3462 -3.76245
-11.0854 -3.94037
-10.9116 -3.86574
-10.8292 -4.01978
-10.6273 -4.15393
-10.8803 -4.1432
-11.1436 -4.11741
-11.2963 -3.932
-11.433 -3.98609
-11.4633 -3.83294
-11.6126 -3.82252
-11.61 -3.66096
-11.8209 -3.70661
-11.702 -3.9152
-11.8701 -3.80382
-12.015 -3.68897
-11.8975 -3.89391
-12.0751 -3.78133
-12.0079 -3.91778
-11.817 -4.0859
-12.0179 -4.00836
-11.828 -4.18982
-11.5498 -4.31624
-11.6094 -4.16579
-11.4459 -4.25028
-11.502 -4.11573
-11.7128 -4.03945
-11.3027 -4.15627
-11.2924 -4.26456
-11.1332 -4.25762
-11.079 -4.38367
-10.8414 -4.32572
-10.8302 -4.48287
-10.6171 -4.46289
-10.5308 -4.396
-10.3317 -4.49869
-10.2942 -4.3697
-10.5701 -4.29453
-10.3979 -4.24249
-10.1696 -4.26688
-10.0774 -4.3622
-9.87211 -4.32442
-9.99937 -4.47496
-9.71312 -4.4572
-9.48741 -4.37475
-9.27376 -4.2592
-9.0226 -4.20015
-9.00976 -4.35543
-8.81421 -4.30514
-8.55268 -4.35224
-8.28834 -4.32941
-8.30315 -4.47587
-8.12514 -4.37295
-8.04417 -4.46157
-7.86959 -4.33166
-7.73228 -4.11249
-7.5957 -4.2378
-7.48709 -4.08706
-7.35172 -4.13422
-7.29224 -3.93433
-7.493 -3.94084
-7.09769 -3.97412
-7.21636 -4.18394
-6.99034 -4.10813
-6.82746 -4.10102
-6.99649 -4.30455
-7.22902 -4.32274
-7.25371 -4.46949
-7.12308 -4.49865
-6.95651 -4.39913
-6.80248 -4.24467
-6.83475 -4.1917
-6.83033 -4.33104
-6.68692 -4.20534
-6.79341 -4.31622
-6.57318 -4.14678
-6.72646 -4.28625
-6.67103 -4.21918
-6.53059 -4.08913
-6.64655 -4.17103
-6.43163 -3.95739
-6.58398 -4.08356
-6.48391 -3.95054
-6.61713 -3.98935
-6.78427 -3.83532
-6.96775 -3.86747
-6.99165 -4.05011
-6.7709 -3.99745
-6.93997 -4.21802
-7.05803 -4.21017
-7.13925 -4.33298
-7.08685 -4.42228
-7.29481 -4.49781
-7.20589 -4.55651
-7.36593 -4.64696
-7.21426 -4.64867
-7.0652 -4.50185
-7.05454 -4.57568
-7.22123 -4.73937
-7.03464 -4.62304
-7.15871 -4.72645
-7.34782 -4.78965
-7.23127 -4.76817
-7.34514 -4.78603
-7.23404 -4.75262
-7.10683 -4.70538
-7.04616 -4.64025
-7.19501 -4.7069
-7.3661 -4.76883
-7.3674 -4.73873
-7.52078 -4.76561
-7.62387 -4.74065
-7.74906 -4.78148
-7.93786 -4.75617
-7.87199 -4.72393
-8.12267 -4.74778
-7.97325 -4.68122
-7.74412 -4.68621
-7.76738 -4.60485
-8.07828 -4.59453
-7.79748 -4.4759
-7.50175 -4.48238
-7.60762 -4.42264
-7.66926 -4.37005
-7.45333 -4.31827
-7.52681 -4.62783
-7.39117 -4.55258
-7.30977 -4.5864
-7.39561 -4.67944
-7.19793 -4.64046
-7.04754 -4.52764
-7.04901 -4.58895
-6.93752 -4.44418
-6.93086 -4.4781
-6.83691 -4.37759
-6.91658 -4.48963
-6.81067 -4.34844
-6.91044 -4.47224
-6.78109 -4.287
-6.81488 -4.30703
-6.75774 -4.23797
-6.90521 -4.44714
-6.91368 -4.39044
-6.78733 -4.19336
-6.64375 -4.08768
-6.78389 -4.12438
-6.86098 -4.21286
-6.93756 -4.32909
-7.03514 -4.63723
-6.99777 -4.59777
-8.26455 -4.69813
-8.40071 -4.61459
-8.50916 -4.69852
-8.48911 -4.77374
-8.22685 -4.78481
-8.47222 -4.81155
-8.28391 -4.81076
-8.07698 -4.80101
-8.38745 -4.82508
-8.17649 -4.83646
-7.86623 -4.81882
-7.55868 -4.7977
-7.53658 -4.81477
-7.3969 -4.8027
-7.75459 -4.82068
-7.55437 -4.81773
-7.41104 -4.8056
-7.56165 -4.8107
-7.38532 -4.75912
-7.55948 -4.73725
-7.52412 -4.59605
-7.79799 -4.67298
-7.73209 -4.78717
-8.01482 -4.83296
-7.74616 -4.8328
-7.89829 -4.82994
-7.99768 -4.84899
-8.05698 -4.85985
-8.31137 -4.88783
-8.15757 -4.90104
-8.20921 -4.8758
-8.2809 -4.82872
-8.27317 -4.74174
-8.17251 -4.62128
-8.49023 -4.64005
-8.47179 -4.75739
-8.81485 -4.704
-8.58847 -4.80562
-8.72868 -4.83629
-8.53363 -4.85645
-8.43622 -4.83822
-8.36217 -4.87162
-8.49392 -4.90154
-8.31824 -4.9058
-8.47414 -4.91823
-8.61636 -4.91372
-8.6967 -4.93089
-8.85195 -4.94278
-8.97891 -4.94328
-9.14985 -4.94648
-8.82201 -4.90149
-9.16672 -4.89206
-9.48679 -4.92713
-9.519 -4.90048
-9.1225 -4.86436
-9.43215 -4.85844
-9.07163 -4.84332
-8.93886 -4.8403
-8.72038 -4.84055
-8.8196 -4.86955
-8.59867 -4.83784
-8.72563 -4.82368
-8.41764 -4.84839
-8.64724 -4.86713
-8.5423 -4.87332
-8.20419 -4.84513
-8.56795 -4.88205
-8.85867 -4.88531
-8.85728 -4.79925
-8.73432 -4.73074
-9.02413 -4.73668
-8.87878 -4.64125
-8.64687 -4.63554
-8.77525 -4.55556
-8.57844 -4.52384
-8.78534 -4.44203
-8.99796 -4.50727
-9.19884 -4.39938
-9.25583 -4.50082
-9.11061 -4.61398
-9.29365 -4.59083
-9.24879 -4.67264
-9.26303 -4.75125
-9.09582 -4.79324
-9.27695 -4.80801
-9.4463 -4.82939
-9.53137 -4.77907
-9.68107 -4.81313
-9.70281 -4.83852
-9.71876 -4.87185
-10.0529 -4.82439
-9.89251 -4.8031
-10.1848 -4.77761
-9.85605 -4.79186
-10.1156 -4.7222
-9.75723 -4.74376
-9.58097 -4.72975
-9.63581 -4.69517
-9.4523 -4.69791
-9.58705 -4.62702
-9.40279 -4.62161
-9.48939 -4.53009
-9.75198 -4.55757
-9.8629 -4.65784
-9.91445 -4.57223
-10.0789 -4.58149
-10.2705 -4.59401
-10.1222 -4.65167
-10.2926 -4.64871
-10.4096 -4.66393
-10.4273 -4.71507
-10.6523 -4.64725
-10.533 -4.57663
-10.8155 -4.57636
-11.0437 -4.50136
-10.9546 -4.61343
-11.2455 -4.49886
-11.2802 -4.37777
-11.4123 -4.48554
-11.1548 -4.59218
-11.2832 -4.59467
-11.0222 -4.66363
-11.1289 -4.64959
-10.9053 -4.69949
-10.7796 -4.70745
-10.8761 -4.68616
-10.7065 -4.69985
-10.9547 -4.6553
-10.4647 -4.76225
-10.4522 -4.73423
-10.6639 -4.77288
-10.3796 -4.8064
-10.1965 -4.84076
-9.88644 -4.87486
-10.0523 -4.85643
-9.77644 -4.90173
-9.91999 -4.88094
-9.78953 -4.8737
-9.48073 -4.88751
-9.75884 -4.82853
-10.0493 -4.80842
-10.0673 -4.84721
-10.3652 -4.77518
-10.2321 -4.81685
-10.3896 -4.79972
-10.5939 -4.75601
-10.6582 -4.71714
-10.5971 -4.69063
-10.3169 -4.7441
-10.4073 -4.69273
-10.6324 -4.6139
-10.3264 -4.6861
-10.1656 -4.7349
-10.0283 -4.70888
-9.88696 -4.78237
-9.73617 -4.7726
-9.69694 -4.71286
-9.49191 -4.79893
-9.61306 -4.81819
-9.35412 -4.86788
-9.2163 -4.93443
-9.10038 -4.89409
-8.85106 -4.88817
-8.96994 -4.836
-8.65306 -4.88551
-9.23034 -4.83676
-9.11582 -4.75587
-9.22566 -4.63512
-9.0332 -4.55292
-8.76263 -4.50817
-9.08747 -4.39493
-8.79154 -4.31463
-8.64052 -4.42357
-8.52899 -4.3747
-8.48042 -4.22092
-8.26708 -4.4095
-8.47582 -4.50048
-7.93004 -4.47145
-7.67213 -4.51146
-7.656 -4.33144
-7.47042 -4.44784
-7.39833 -4.3222
-7.29593 -4.37998
-7.20229 -4.22729
-7.39567 -4.17661
-7.18915 -4.08457
-7.10743 -3.95914
-7.27496 -3.9992
-7.79095 -4.17941
-8.05082 -4.24978
-7.59891 -4.17189
-7.48198 -4.03555
-8.30127 -4.06409
-11.9537 -2.60095
-12.1147 -2.6361
-12.0218 -2.90357
-12.1889 -2.96786
-12.2175 -2.74787
-12.3117 -2.8004
-12.3375 -3.15858
-12.1496 -3.29134
-12.2261 -3.43769
-12.0375 -3.56725
-12.1262 -3.64566
-12.2612 -3.55363
-12.3544 -3.39953
-12.3666 -3.53306
-12.1771 -3.7605
-12.3216 -3.74423
-12.4477 -3.59068
-12.392 -3.72962
-12.3265 -3.80472
-12.2507 -3.8749
-12.3167 -3.87466
-12.1984 -3.99815
-12.2376 -3.96703
-12.1078 -4.08007
-12.1022 -4.11619
-11.9595 -4.2143
-12.0191 -4.12915
-11.8253 -4.28058
-11.7756 -4.22938
-11.5733 -4.40953
-11.7364 -4.38135
-11.4466 -4.52495
-11.5863 -4.47092
-11.415 -4.53198
-11.2456 -4.61423
-11.3698 -4.55658
-10.893 -4.71507
-11.143 -4.60903
-10.8681 -4.6674
-11.0551 -4.60931
-10.8305 -4.6551
-10.9395 -4.59457
-11.1821 -4.54907
-11.2158 -4.48218
-11.017 -4.4844
-10.7447 -4.50645
-10.3918 -4.57977
-10.6576 -4.3813
-10.3144 -4.42285
-10.0326 -4.59673
-10.0234 -4.45693
-10.1908 -4.28355
-9.82961 -4.36176
-9.76214 -4.57143
-9.51087 -4.5131
-9.50395 -4.63799
-9.36971 -4.7433
-9.26559 -4.48303
-9.47536 -4.29705
-9.16093 -4.18023
-9.45062 -4.0768
-9.28946 -4.03039
-8.84562 -4.11662
-8.60445 -4.04434
-10.313 -3.99072
-10.035 -4.15792
-10.582 -4.16355
-10.585 -3.92787
-10.7168 -3.77353
-11.1613 -3.68572
-11.3517 -3.57406
-11.3893 -3.7463
-11.1219 -3.97988
-10.9747 -3.88846
-10.8756 -4.05358
-10.7789 -3.9354
-10.9025 -4.20498
-11.007 -4.34004
-11.1461 -4.16433
-11.3106 -4.18665
-11.266 -4.32273
-11.4884 -4.17551
-11.4849 -4.27494
-11.639 -4.12176
-11.7134 -4.16035
-11.8623 -3.89548
-11.6441 -4.05844
-11.581 -3.98348
-11.8036 -3.69275
-11.5756 -3.79291
-11.3596 -3.99601
-11.5855 -3.63124
-11.5208 -3.46735
-11.7057 -3.46719
-11.7151 -3.21056
-11.6166 -2.97321
-11.8295 -2.86751
-11.9094 -3.14198
-11.8269 -3.32838
-11.9329 -3.32255
-12.0471 -3.18209
-11.9805 -3.42852
-11.8357 -3.48666
-11.7046 -3.62271
-11.9904 -4.01166
-12.1759 -3.87112
-12.1412 -3.98288
-11.4956 -4.36267
-11.2981 -4.4034
-11.3626 -4.47736
-11.3074 -4.54835
-10.9104 -3.71729
-9.79048 -4.15452
-9.61992 -4.12922
-10.5007 -4.79693
-10.4492 -4.78993
-10.3046 -4.82578
-11.5265 -4.48885
-11.764 -4.35547
-11.7585 -4.38182
-11.9061 -4.29504
-11.9687 -4.19578
-11.8495 -4.23623
-12.0057 -4.1018
-11.6646 -4.35119
-12.1305 -4.06404
-12.2716 -3.90491
-12.194 -3.91783
-12.3562 -3.74882
-12.2903 -3.74085
-12.1738 -3.80612
-12.3022 -3.64394
-12.2112 -3.58602
-12.3573 -3.47926
-12.3889 -3.58167
-12.444 -3.40878
-12.4873 -3.4482
-12.4453 -3.59564
-12.5067 -3.49522
-12.4256 -3.68356
-12.4991 -3.50947
-12.4347 -3.67037
-12.4755 -3.60215
-12.3546 -3.80741
-12.5055 -3.46409
-12.5041 -3.40827
-12.5661 -3.28149
-12.5382 -3.23991
-12.4479 -3.27426
-12.5141 -3.05839
-12.4589 -3.11261
-12.4296 -2.92578
-12.4875 -2.7437
-12.3843 -2.65866
-12.2866 -2.5224
-12.2209 -2.57208
-12.2123 -2.37305
-12.2497 -2.31433
-12.3245 -2.41031
-12.355 -2.27706
-12.4136 -2.51931
-12.4469 -2.47265
-12.4973 -2.6315
-12.5362 -2.89699
-12.5147 -2.74367
-12.5507 -2.88337
-12.5396 -2.76229
-12.5727 -2.90718
-12.5867 -3.04167
-12.5861 -2.87069
-12.6159 -3.02789
-12.5852 -3.24845
-12.5798 -3.17758
-12.5467 -3.36234
-12.5549 -3.38827
-12.5464 -3.38479
-12.5359 -3.31287
-12.5637 -3.10809
-12.6035 -2.94204
-12.5644 -2.89905
-12.5354 -2.99766
-12.5288 -3.11189
-12.4902 -3.07259
-12.5005 -2.90544
-12.5252 -2.85051
-12.4932 -2.70161
-12.4466 -2.86811
-12.4065 -2.60718
-12.3616 -2.7348
-12.3071 -2.5175
-12.2678 -2.69115
-12.331 -2.92562
-12.2025 -2.82236
-12.1596 -2.60739
-12.1954 -2.45687
-12.0979 -2.40747
-12.0842 -2.20818
-11.9748 -2.2088
-12.0332 -2.48253
-11.863 -2.28026
-11.9555 -2.62126
-11.8134 -2.44392
-11.7078 -2.22435
-11.7074 -2.00876
-11.5435 -1.92768
-11.5996 -1.67198
-11.3763 -1.51896
-11.4567 -1.3575
-11.3119 -1.17779
-11.1684 -1.1904
-11.1732 -0.971126
-11.2557 -0.933397
-11.1054 -0.706841
-10.9824 -0.820401
-10.8882 -0.422083
-10.7553 -0.508566
-10.7276 -0.310013
-10.7157 -0.124099
-10.8553 -0.133378
-10.7172 0.13687
-10.8939 0.0498807
-10.7208 0.389691
-10.9256 0.277065
-11.0534 -0.0943822
-11.1627 -0.0725921
-11.0882 0.251324
-11.2647 -0.0857541
-11.2575 0.114343
-11.0548 0.55409
-11.2184 0.35403
-11.3241 0.130685
-11.3197 0.295898
-11.1483 0.615959
-11.3297 0.475971
-11.1381 0.828727
-11.0589 0.863759
-10.9696 1.08419
-11.0553 1.05457
-11.1666 0.926485
-11.1044 1.1674
-10.9767 1.25838
-10.9764 1.38341
-10.8654 1.46109
-10.8847 1.5589
-10.7548 1.63823
-10.799 1.69335
-10.6467 1.83245
-10.9041 1.64277
-10.9965 1.49954
-11.0778 1.34804
-11.1967 1.25612
-11.2015 1.09702
-11.2243 0.986438
-11.2564 1.01386
-11.313 0.894723
-11.7676 0.211983
-11.8496 -0.0140699
-11.9082 -0.0441219
-11.9219 -0.187287
-11.9604 -0.241193
-12.0146 -0.363133
-12.0775 -0.544517
-12.0952 -0.618285
-11.976 -0.36465
-12.0308 -0.550994
-11.9291 -0.389364
-12.0259 -0.661593
-12.1031 -0.832684
-12.0751 -0.939239
-11.9551 -0.678164
-12.0756 -1.13982
-11.9668 -1.0416
-12.1196 -1.45806
-12.178 -1.47055
-12.2214 -1.69855
-12.2142 -1.82451
-12.3063 -1.94148
-12.326 -2.15104
-12.258 -2.06251
-12.155 -1.85501
-12.2036 -2.08229
-12.3147 -2.31269
-12.1908 -2.21982
-12.0887 -1.87412
-12.0527 -1.98968
-11.929 -1.8938
-11.9498 -1.69733
-11.7988 -1.49847
-11.8463 -1.38652
-11.9627 -1.49811
-11.8133 -1.15133
-11.8948 -1.12388
-11.7397 -0.845472
-11.7885 -0.665831
-11.8755 -0.684073
-11.7585 -0.346394
-11.8324 -0.298542
-11.8116 -0.0704376
-11.8914 -0.190428
-11.7042 -0.0280015
-11.7004 0.143454
-11.647 0.316209
-11.6019 0.274185
-11.5393 0.511373
-11.658 0.434246
-11.4871 0.676904
-11.4119 0.70642
-11.2907 0.794147
-11.256 0.711368
-11.4246 0.520461
-11.5558 0.125513
-11.6027 -0.19564
-11.4457 0.13974
-11.4422 -0.0240508
-11.5921 -0.411905
-11.4138 -0.10189
-11.4462 -0.327797
-11.624 -0.720579
-11.5303 -0.680064
-11.3571 -0.409507
-11.464 -0.871938
-11.2316 -0.416842
-11.254 -0.725294
-11.0477 -0.345365
-11.3938 -1.06852
-11.5743 -1.33282
-11.6544 -1.2509
-11.7036 -1.48178
-11.684 -1.06959
-11.7881 -1.68711
-11.6935 -1.62298
-11.7987 -1.91709
-11.7189 -0.953641
-12.0614 -1.50831
-12.0683 -1.69443
-12.418 -2.42725
-12.4031 -2.20933
-12.4954 -2.47215
-12.5371 -2.70229
-12.5312 -2.47585
-12.5667 -2.73193
-12.5491 -2.51864
-12.5869 -2.76333
-12.5916 -2.80172
-12.5465 -2.59202
-12.4828 -2.47714
-12.4965 -2.32754
-12.4419 -2.08986
-12.4124 -2.17872
-12.4451 -2.40621
-12.4039 -2.229
-12.365 -1.98026
-12.34 -2.05668
-12.1535 -0.861151
-12.1094 -0.65858
-12.1442 -0.726403
-12.0773 -0.508198
-12.2094 -0.889189
-12.1771 -0.861133
-12.2411 -1.09178
-12.2453 -1.17107
-12.1851 -1.00037
-12.2745 -1.34601
-12.2242 -1.25143
-12.2794 -1.52285
-12.3453 -1.71265
-12.316 -1.46167
-12.3704 -1.72889
-12.4527 -2.12826
-12.3902 -1.96691
-12.4478 -2.21867
-12.3424 -1.9259
-12.2666 -1.72407
-12.2458 -1.50985
-12.3214 -1.74764
-12.1452 -1.23929
-12.1693 -1.12698
-12.174 -1.03863
-12.4402 -2.02176
-12.4885 -2.25341
-12.4927 -2.29231
-12.4513 -2.10937
-12.4612 -2.1569
-12.4137 -1.94931
-12.3412 -1.67599
-12.3651 -1.8694
-12.3092 -1.60578
-12.2987 -1.72498
-12.3075 -1.83526
-12.2628 -1.61573
-12.2798 -1.71337
-12.2399 -1.58168
-12.232 -1.39911
-12.2022 -1.17084
-12.2036 -1.03036
-12.271 -1.35186
-12.2847 -1.27439
-12.3592 -1.66518
-12.2866 -1.38585
-12.2524 -1.46983
-10.4496 1.98474
-10.3109 2.0239
-10.1999 2.12266
-10.2316 2.04556
-10.2949 1.92846
-10.4695 1.84226
-10.4128 1.68115
-10.2182 1.86411
-10.1434 2.05406
-10.098 1.97823
-9.9745 2.11471
-10.0994 1.86508
-9.91727 1.93842
-9.70584 1.99579
-9.53905 2.21711
-9.49794 2.03406
-9.31278 2.34178
-9.50382 1.7625
-9.71 1.76935
-9.75931 1.45039
-9.88364 1.57051
-9.90003 1.74436
-10.0279 1.50683
-10.0014 1.33924
-10.2145 1.23369
-10.1054 1.1608
-10.1223 1.61297
-10.3806 1.32305
-10.2885 1.63585
-10.4702 1.43334
-10.5944 1.43458
-10.6 1.60634
-10.7425 1.36251
-10.7195 1.20113
-10.5978 1.27402
-10.6773 1.05031
-10.5324 1.23572
-10.5449 1.10189
-10.488 0.98765
-10.6586 0.908573
-10.6989 0.666546
-10.8509 0.671153
-10.8504 0.91911
-10.9799 0.86863
-10.848 1.12105
-10.8555 1.23684
-10.8576 1.33395
-10.7425 1.53301
-10.6244 1.72425
-10.5553 1.85612
-10.5488 -0.177799
-10.5924 -0.50183
-10.3597 -0.283789
-10.5201 -0.712128
-10.1697 -0.419877
-9.834 -0.17639
-9.94038 -0.593827
-9.65685 -0.310415
-9.53946 -0.00363681
-9.38868 -0.223859
-9.26217 0.132105
-9.59284 -0.570465
-9.55035 -0.945295
-9.84144 -0.85206
-10.1413 -0.991831
-9.95848 -1.17041
-10.2687 -1.2936
-10.1715 -1.55289
-9.72726 -1.40918
-10.4551 -1.20283
-10.751 -1.43587
-10.6285 -1.08931
-10.8917 -1.30553
-11.0237 -1.65836
-11.1597 -1.49709
-11.2618 -1.88433
-11.3903 -2.31008
-11.4339 -2.02941
-11.3637 -1.77422
-11.5775 -2.23916
-11.6278 -2.51326
-11.5243 -2.69699
-11.3102 -2.67586
-11.6903 -2.75095
-11.8045 -2.90369
-11.8022 -2.64656
-11.9266 -2.83682
-12.0794 -2.90344
-12.0945 -2.69834
-12.2169 -3.04318
-12.1058 -3.15845
-11.9417 -3.07849
-11.9809 -3.31753
-11.8174 -3.28971
-11.7713 -3.10629
-11.674 -3.44965
-11.8307 -3.49362
-11.9947 -3.51356
-12.114 -3.35061
-12.1243 -3.50525
-12.2268 -3.37605
-12.3218 -3.38195
-12.313 -3.18798
-12.4221 -3.26747
-12.4083 -3.06955
-12.5095 -3.25325
-12.2017 -3.2263
-11.7138 -2.41757
-10.9637 -1.11054
-10.7642 -1.00933
-10.7681 -0.786033
-10.3184 -0.838739
-12.561 -3.10935
-10.7318 -4.23803
-9.25032 -2.57245
-9.05188 -3.63139
-8.13732 -2.92747
-8.32268 -2.7851
-8.54256 -2.93238
-8.30095 -2.55331
-8.10196 -2.60174
-6.56873 -0.273858
-6.66952 -1.16512
-6.61524 -1.49712
-5.47736 -1.1172
-5.53146 -0.985815
-5.42842 -2.01161
-5.44683 -2.05535
-5.49813 -2.15646
-5.54543 -2.32779
-7.72813 2.25215
-5.42346 -1.8519
-10.5553 1.85612
