-12.2094 -0.889189
-12.0773 -0.508198
-11.9082 -0.0441219
-11.658 0.434246
-11.1967 1.25612
-10.9041 1.64277
-10.322 2.32597
-9.84426 2.6735
-9.5896 2.8557
-9.1728 3.07427
-8.1287 3.33989
-7.95806 3.35598
-7.74179 3.33018
-7.50417 3.26243
-7.27007 3.16679
-7.05604 3.07689
-6.80312 2.88878
-6.30292 2.36761
-5.9893 1.72069
-5.66128 1.02908
-5.57264 0.644975
-5.3395 -0.411355
-5.30566 -0.801011
-5.33273 -1.55311
-5.3862 -1.87773
-5.42842 -2.01161
-5.54543 -2.32779
-5.9389 -3.06983
-6.43163 -3.95739
-6.57318 -4.14678
-6.99777 -4.59777
-7.03514 -4.63723
-7.10683 -4.70538
-7.23127 -4.76817
-7.3969 -4.8027
-7.41104 -4.8056
-8.15757 -4.90104
-8.85195 -4.94278
-9.14985 -4.94648
-9.48679 -4.92713
-9.77644 -4.90173
-10.3046 -4.82578
-10.5007 -4.79693
-10.6639 -4.77288
-10.893 -4.71507
-11.1289 -4.64959
-11.2456 -4.61423
-11.5863 -4.47092
-11.7585 -4.38182
-11.9061 -4.29504
-12.1022 -4.11619
-12.2376 -3.96703
-12.3167 -3.87466
-12.4755 -3.60215
-12.5549 -3.38827
-12.5852 -3.24845
-12.6159 -3.02789
-12.5916 -2.80172
-12.5869 -2.76333
-12.5491 -2.51864
