6.32647 -9.41203
6.372 -10.0415
6.37704 -10.2316
6.38325 -10.2685
6.37236 -10.4053
6.38077 -10.5556
6.37178 -10.6715
6.38437 -10.7984
6.38691 -10.6773
6.40563 -10.8423
6.36245 -10.8663
6.35863 -11.009
6.36717 -10.8779
6.38626 -10.702
6.37338 -10.7311
6.38021 -10.5405
6.39714 -10.4975
6.37887 -10.3393
6.37142 -10.074
6.3435 -10.2035
6.3705 -9.91681
6.39112 -9.81218
6.34851 -9.66609
6.32786 -9.5606
6.37273 -9.84174
6.34636 -9.62606
6.30326 -9.16429
6.32722 -9.23928
6.29848 -9.06671
6.27953 -8.84764
6.2144 -8.39751
6.25288 -8.62629
6.26819 -9.03141
6.30955 -9.40778
6.29212 -9.31648
6.30381 -9.59513
6.2836 -9.37614
6.25946 -9.17665
6.23377 -9.24409
6.25472 -9.44915
6.1852 -9.32615
6.24644 -9.6374
6.31801 -9.88384
6.32406 -10.102
6.32144 -10.1183
6.26282 -9.9017
6.26569 -10.1338
6.21719 -10.0291
6.19853 -9.85254
6.14085 -9.83595
6.17218 -10.118
6.23469 -10.2944
6.12713 -10.3641
6.21226 -10.5383
6.27856 -10.5081
6.23163 -10.7534
6.29643 -10.691
6.28499 -10.8498
6.33639 -10.725
6.32972 -10.5773
6.36769 -10.5649
6.3395 -10.3546
6.37239 -10.4082
6.28555 -10.2892
6.31664 -10.8779
6.26633 -11.0223
6.31535 -11.0416
6.18698 -11.1932
6.26033 -11.1489
6.30594 -11.0957
6.2187 -11.1848
6.24593 -11.0952
6.27215 -10.9526
6.20941 -11.0656
6.20393 -11.0052
2.76873 -11.4442
2.54022 -11.4675
2.60269 -11.4976
2.42903 -11.5305
2.62425 -11.5423
2.80781 -11.5144
2.7567 -11.5571
2.5946 -11.5766
2.8024 -11.6056
2.58356 -11.6329
2.77121 -11.6491
2.96015 -11.6454
3.03814 -11.6028
3.21681 -11.6363
3.25891 -11.5592
3.45147 -11.621
3.62836 -11.5833
3.7118 -11.6552
3.44141 -11.6706
3.64496 -11.717
3.3817 -11.7114
3.48936 -11.7606
3.75764 -11.7625
3.65867 -11.811
3.30637 -11.8032
3.41062 -11.8628
3.13872 -11.8453
3.09842 -11.897
3.39337 -11.8878
3.5626 -11.8719
3.54984 -11.8851
3.35892 -11.892
3.56155 -11.9
3.39592 -11.9145
3.64395 -11.8889
3.42382 -11.8703
3.22485 -11.9108
3.1762 -11.9256
3.08412 -11.9425
2.94049 -11.9556
2.86258 -11.9483
2.76361 -11.9336
2.87812 -11.8587
2.57503 -11.8825
2.48876 -11.9629
2.65539 -11.9704
2.35504 -11.9618
2.46869 -11.9439
2.22985 -11.9402
2.35154 -11.9215
2.20039 -11.892
2.38102 -11.8885
2.51692 -11.9077
2.53906 -11.86
2.68055 -11.8885
2.791 -11.8299
2.85453 -11.8788
2.7292 -11.943
3.02303 -11.9136
3.0832 -11.8221
3.28489 -11.8454
3.40624 -11.7768
3.26609 -11.7209
2.94967 -11.7106
3.33774 -11.5868
3.5483 -11.6725
3.72461 -11.54
3.57574 -11.4476
3.86222 -11.3851
3.65889 -11.2751
4.0215 -11.249
4.08762 -11.34
4.34116 -11.2578
4.13491 -11.4569
4.52514 -11.3734
4.73146 -11.2185
4.64334 -11.027
4.99237 -11.0452
4.97469 -10.8495
5.22725 -10.8547
5.27152 -11.0311
5.05857 -11.2187
5.3671 -11.127
5.46514 -10.9866
5.57577 -11.0182
5.61935 -10.8568
5.44714 -10.8452
5.61779 -10.657
5.42208 -10.6191
5.19155 -10.6542
5.32741 -10.45
5.46884 -10.3661
5.3741 -10.1485
5.57276 -10.1491
5.51562 -9.83683
5.66508 -9.8774
5.60122 -9.51883
5.726 -9.65322
5.70819 -9.3395
5.83909 -9.63084
5.79865 -9.23873
5.91414 -9.44068
5.95805 -9.80625
6.02698 -9.64698
6.06632 -10.0148
6.07718 -9.52736
5.98518 -9.25307
6.08553 -9.27952
5.99482 -8.94953
6.07721 -8.98812
5.97643 -8.64367
5.90738 -8.67813
5.86738 -8.42632
5.91589 -8.34813
5.98509 -8.40613
5.89304 -8.09477
5.98382 -8.18785
6.04701 -8.44135
6.03072 -8.22451
6.0987 -8.38415
6.04381 -8.07783
6.10659 -8.17423
6.14583 -8.39596
6.14519 -8.60493
6.19069 -8.64047
6.17861 -8.82703
6.21406 -8.88474
6.2208 -9.04391
6.23002 -8.64438
6.19885 -8.60454
6.18237 -8.3272
6.18282 -8.07604
6.1291 -7.98827
6.1275 -7.7925
6.13013 -7.75545
5.75806 -6.04791
5.68406 -5.78741
5.74581 -6.00279
5.79305 -6.19753
5.82501 -6.32087
5.82365 -6.33179
5.90269 -6.55059
5.90453 -6.60176
5.96123 -6.8832
6.00386 -7.16174
6.00556 -7.17429
6.06294 -7.44344
6.00493 -7.16942
6.07077 -7.52244
6.02928 -7.37769
6.06152 -7.6878
6.01184 -7.37802
6.04913 -7.67395
6.12851 -8.07411
6.05998 -7.89891
5.99843 -7.63393
5.96444 -7.39247
5.93486 -7.45405
5.90324 -7.21483
5.89544 -7.00373
5.82032 -6.99152
5.76663 -6.6855
5.79198 -6.50642
5.65616 -6.29424
5.66201 -6.07206
5.74289 -6.2226
5.82835 -6.49875
5.76245 -6.17179
5.86617 -6.51083
5.90208 -6.74632
5.95111 -6.8226
5.95504 -6.96146
5.96504 -7.13847
5.92099 -6.93642
5.8629 -6.75423
5.80766 -6.28818
5.69022 -5.84204
5.65297 -5.70401
5.58636 -5.58199
5.61008 -5.53735
5.56005 -5.44113
5.61008 -5.53735
5.54072 -5.37423
5.48071 -5.21324
5.55244 -5.49916
5.63376 -5.82808
5.51146 -5.50151
5.58568 -5.79118
5.52715 -5.78193
5.44029 -5.35903
5.41848 -5.05238
5.30882 -5.06466
5.2592 -4.80755
5.34875 -4.82538
5.2043 -4.50532
5.27452 -4.60676
4.73146 -3.72702
4.81847 -3.92223
4.91971 -4.10556
5.0226 -4.27513
5.12966 -4.40808
5.17062 -4.61158
5.11127 -4.57482
5.19869 -4.76161
5.13112 -4.73167
5.2286 -4.94764
5.2959 -5.20284
5.3869 -5.40914
5.32392 -5.41651
5.41565 -5.63279
5.47505 -5.88683
5.55192 -6.10777
5.60933 -6.34329
5.67959 -6.53279
5.62461 -6.56494
5.72769 -6.77337
5.69194 -6.83689
5.77037 -7.0278
5.85071 -7.24481
5.79613 -7.28185
5.89472 -7.49686
5.97881 -7.75598
5.91362 -7.73889
5.98305 -7.99121
5.91677 -7.94862
5.82589 -7.73249
5.75208 -7.88072
5.83996 -8.18453
5.76732 -8.21487
5.811 -8.53136
5.6784 -8.31661
5.66199 -8.01437
5.5331 -7.96753
5.60368 -7.75228
5.50337 -7.64962
5.54709 -7.53997
5.46005 -7.46762
5.51276 -7.34409
5.63913 -7.52078
5.57913 -7.20329
5.44623 -7.07976
5.49341 -6.92164
5.60812 -7.00504
5.51431 -6.72774
5.61039 -6.77735
5.70524 -7.04751
5.72587 -7.36088
5.8365 -7.51899
5.7345 -7.61748
5.50816 -6.47603
5.51154 -6.20171
5.35703 -6.08645
5.40637 -5.90009
5.28595 -5.62319
5.37285 -5.6538
5.26737 -5.41878
5.23044 -5.17649
5.16575 -5.18933
5.13447 -4.9161
5.05258 -4.88175
5.02136 -4.68427
4.92929 -4.70368
5.00823 -5.00401
4.82979 -4.7564
4.78391 -4.50718
4.89738 -4.48989
4.77469 -4.29289
4.62648 -4.31689
4.64979 -4.55932
4.4334 -4.32473
4.4881 -4.13798
4.62949 -4.13118
4.45562 -3.93668
4.29634 -3.99882
4.3051 -3.80705
4.36234 -3.72726
4.23834 -3.66234
4.26173 -3.55185
4.43289 -3.64905
4.33426 -3.46201
4.52715 -3.58201
4.43824 -3.39768
4.66331 -3.54947
4.61944 -3.38254
4.543 -3.10847
4.41305 -3.02198
4.28437 -2.88558
4.10118 -2.74781
4.15726 -2.87506
4.29022 -2.99472
4.57732 -3.24682
4.22908 -3.09674
4.37138 -3.25149
4.22377 -3.24078
4.1194 -3.09623
4.05095 -2.97644
4.13708 -2.94551
3.97378 -2.8018
3.89965 -2.87879
3.96701 -3.07498
3.76099 -2.86408
3.66955 -2.98775
3.90522 -3.28824
3.63652 -3.26153
3.92244 -3.62037
3.65934 -3.5624
3.82653 -3.89543
3.99675 -3.88584
4.10424 -3.87911
4.14012 -4.16158
4.15713 -3.74605
4.32516 -4.43949
4.48927 -4.66094
4.21289 -4.61346
4.43095 -4.87664
4.61358 -5.01295
4.71385 -4.84628
4.89073 -5.02599
4.80275 -5.13214
4.95264 -5.30097
5.01879 -5.23133
5.09357 -5.53843
5.13623 -5.37465
5.2163 -5.71625
5.1765 -5.75837
5.22924 -5.91344
5.25742 -6.10288
5.31945 -6.30909
5.41448 -6.47768
5.33894 -6.54363
5.43095 -6.69674
5.38099 -6.80619
5.27391 -6.63415
5.29859 -6.93008
5.3909 -7.26339
5.26908 -7.18226
5.33894 -7.55712
5.12271 -7.1918
5.14221 -7.49952
5.21591 -7.75489
5.3656 -8.04822
5.55919 -8.50331
5.34235 -8.51793
5.52886 -9.02695
5.68828 -8.96729
5.75105 -8.74243
5.77239 -8.99923
5.85262 -9.08278
5.88766 -8.86511
5.36851 -8.95761
5.44945 -9.15119
5.49526 -9.31301
5.47794 -9.55055
5.37203 -9.32304
5.34275 -9.74348
5.17904 -9.50513
5.19136 -9.04458
5.23806 -8.71352
5.07754 -8.68931
4.9998 -8.92937
4.98753 -9.23674
4.78868 -9.01522
4.86397 -8.69364
4.63437 -8.77297
4.66176 -8.41333
4.38036 -8.65186
4.37261 -8.2503
4.08663 -8.48026
4.07973 -8.08541
3.9485 -8.30742
3.80813 -8.19577
3.81717 -7.89442
4.0692 -7.68465
3.73439 -7.56262
4.01977 -7.29599
3.72664 -7.19198
3.87578 -6.94644
4.0996 -7.04083
4.0561 -6.81825
4.24895 -6.92744
4.23898 -7.18223
4.46626 -7.16797
4.31189 -7.45429
4.61659 -7.5586
4.68998 -7.29284
4.66623 -7.02961
4.81932 -7.22898
4.87275 -6.99145
4.67644 -6.76505
4.43375 -6.70681
4.5892 -6.51907
4.79825 -6.55471
4.60523 -6.25182
4.76546 -6.21174
4.86678 -6.37494
4.92418 -6.22641
4.94806 -6.50582
5.1144 -6.5616
5.0531 -6.10123
4.91213 -5.90934
4.96757 -5.73722
4.78911 -5.59026
4.88562 -5.42002
4.7396 -5.2769
4.57196 -5.28478
4.49054 -5.05338
4.32183 -5.03786
4.37497 -5.41701
4.60192 -5.64265
4.77208 -5.91683
4.60562 -5.95361
4.44886 -5.72965
4.4279 -5.988
4.424 -6.30286
4.26599 -6.03694
4.21738 -5.67662
4.03418 -5.92688
4.21921 -6.30545
3.99019 -6.24883
4.14237 -6.59828
3.85545 -6.53824
3.74797 -6.11422
3.88299 -6.00472
3.72518 -5.74025
3.90028 -5.49104
3.55451 -5.25705
3.79638 -5.20623
4.03767 -5.17032
3.67953 -4.90909
3.8781 -4.78881
3.62514 -4.41449
3.94514 -4.59127
4.08384 -4.84342
3.90779 -4.28516
3.66432 -4.06183
3.46857 -4.0124
3.4938 -3.72438
3.23953 -3.79621
3.29991 -4.11426
3.01793 -3.92414
3.09979 -4.21999
3.32366 -4.37037
3.41171 -4.63924
3.15577 -4.50385
3.23315 -4.74868
3.42459 -4.90566
3.21565 -4.9967
3.20461 -5.30015
3.42962 -5.54737
3.15038 -5.61529
2.9233 -5.36483
2.9076 -5.07659
2.59884 -5.2499
2.7322 -5.64872
2.29178 -5.47461
2.21167 -5.12351
2.53246 -4.88152
2.16341 -4.82467
1.81307 -5.00816
1.91136 -5.35595
1.5273 -5.32615
1.47295 -5.02223
1.56742 -4.72545
1.23801 -4.90486
1.20411 -4.50759
1.56683 -4.41869
1.8417 -4.48261
1.90626 -4.71784
2.17734 -4.53715
2.36141 -4.68767
2.5612 -4.5142
2.3503 -4.24367
2.06386 -4.29504
2.14369 -4.03078
1.80664 -4.17125
1.94097 -3.88875
1.6662 -3.89522
1.88313 -3.67076
2.20716 -3.68276
2.01182 -3.36524
1.59367 -3.55805
1.7218 -3.22618
1.98808 -3.01061
2.24843 -3.10548
2.26315 -2.87598
2.53 -2.93971
2.39844 -2.62286
2.10385 -2.73337
2.15975 -2.57602
2.22982 -2.40343
2.04163 -2.5126
1.96365 -2.40367
2.14909 -2.24661
2.41532 -2.11763
2.42404 -2.10208
2.48364 -2.16309
2.4983 -2.1781
2.48373 -2.32157
2.66767 -2.14736
2.5912 -2.18025
2.6664 -2.14087
2.78013 -2.0518
2.57108 -2.01583
2.96613 -2.09891
2.15602 -1.96612
2.3647 -1.987
2.30997 -2.06212
2.12585 -2.09533
2.04414 -2.17631
1.70008 -2.17043
1.82293 -2.26592
1.61645 -2.13902
1.71796 -2.10898
1.96404 -1.97939
1.79066 -1.99386
1.63273 -2.01603
1.63155 -2.017
1.48264 -2.20409
1.57813 -2.30214
1.33761 -2.34549
1.49884 -2.42134
1.31187 -2.50848
1.55747 -2.5358
1.70862 -2.41679
1.83042 -2.56768
1.5781 -2.72771
1.77515 -2.75187
1.66221 -2.95919
1.88963 -2.82783
1.92707 -2.69128
2.02484 -2.60264
1.34441 -2.92397
1.3746 -3.24158
1.13886 -3.09981
1.02874 -2.88061
1.31756 -2.68629
1.03342 -2.62042
1.12606 -2.44437
0.86614 -2.46522
1.07964 -2.27987
0.854805 -2.3248
1.28359 -2.24811
0.413035 -2.4398
0.627369 -2.39109
0.560465 -2.5704
0.776336 -2.61983
0.609913 -2.6958
0.809332 -2.74667
0.517799 -2.81854
0.384314 -2.72735
0.247959 -2.86033
0.390191 -2.98316
0.66672 -2.90956
0.546669 -3.13647
0.792891 -3.04014
0.754567 -3.32598
0.944296 -3.13252
1.03564 -3.33638
0.878344 -3.60772
1.17977 -3.63173
1.35493 -3.89005
1.45305 -4.17679
1.16702 -4.13201
0.89064 -4.20495
0.872099 -4.56846
0.946341 -4.85028
0.681154 -4.77432
0.655322 -4.45347
0.494612 -4.63533
0.43582 -4.3813
0.266422 -4.61091
0.417261 -4.94765
0.130309 -4.95829
0.0146928 -4.69353
0.0792556 -4.38712
-0.210876 -4.51876
-0.0398221 -4.14844
-0.25063 -4.18316
-0.113602 -3.94994
0.101697 -3.81766
-0.0797763 -3.74915
-0.275729 -3.91037
-0.134138 -3.54872
0.0401082 -3.57418
0.105164 -3.31224
-0.0855942 -3.23211
0.0319772 -3.15014
0.205515 -3.11099
0.0386739 -3.0349
0.157022 -2.97233
0.393431 -3.0882
0.331339 -3.25342
0.471325 -3.45955
0.224425 -3.50668
0.321949 -3.68839
0.50855 -3.77206
0.662184 -3.60451
0.735991 -3.86541
0.963869 -3.88491
1.02698 -4.04498
1.1276 -3.92513
0.557662 -4.11142
0.335222 -3.93652
0.35567 -4.16582
0.265473 -4.32254
0.180527 -4.1152
-0.0880566 -2.89134
-0.0989423 -3.06899
-0.230955 -2.97484
-0.0771885 -2.87319
-0.180308 -2.80912
-0.114588 -2.64934
0.00778055 -2.57066
0.20108 -2.48329
0.23378 -2.63803
-0.254537 -2.84529
-0.372748 -3.08388
-0.231383 -2.72751
-0.348386 -2.79075
-0.509703 -3.20593
-0.417461 -3.27301
-0.248311 -3.14574
-0.266687 -3.26301
-0.273542 -3.45956
-0.477026 -3.50275
-0.430563 -3.62145
-0.351832 -3.71933
-0.513601 -3.81552
-0.500069 -4.01424
-0.457272 -4.27995
-0.349263 -4.37674
-0.44961 -4.56394
-0.427608 -4.8644
-0.193367 -5.05534
-0.470815 -5.23369
-0.61975 -5.0837
-0.582146 -4.80225
-0.752634 -4.93708
-0.769148 -5.25599
-0.67118 -5.47342
-0.855585 -5.57054
-0.922325 -5.2638
-0.999743 -5.59596
-1.09896 -5.46003
-1.07394 -5.16183
-0.911374 -4.91697
-1.05672 -4.8733
-0.873453 -4.62753
-1.0276 -4.58076
-1.20681 -4.83862
-1.14043 -4.47788
-1.34471 -4.80073
-1.28019 -4.56451
-1.26302 -4.34671
-1.38408 -4.63011
-0.652244 -3.34981
-0.791383 -3.49868
-0.885499 -3.72488
-0.608575 -3.45394
-0.700607 -3.67967
-0.633122 -3.77979
-0.744598 -3.8012
-0.836444 -3.83623
-0.801722 -3.87923
-0.904864 -3.99025
-0.77728 -3.9318
-0.739223 -3.84681
-0.684566 -4.04399
-0.841854 -4.15859
-0.84764 -4.34757
-0.691434 -4.36484
-0.77157 -4.6878
-0.617681 -4.6037
-0.96388 -4.34762
-0.95482 -4.1776
-1.06685 -4.1762
-0.976253 -3.95705
-1.12663 -4.12684
-1.01455 -3.90903
-1.58202 -5.12275
-1.66253 -5.32318
-1.57858 -5.23507
-1.52847 -4.89671
-1.50011 -5.18289
-1.57842 -5.38752
-1.41657 -5.19532
-1.41473 -5.19237
-1.41471 -5.19245
-1.35829 -5.34856
-1.41439 -5.18872
-1.22791 -5.12248
-1.20892 -5.34042
-1.2618 -5.61551
-1.14729 -5.84472
-1.27241 -5.87936
-1.26143 -6.1224
-1.17695 -6.19036
-1.27697 -6.57333
-1.34358 -6.27475
-1.42549 -6.46055
-1.44973 -6.78538
-1.3747 -6.93865
-1.3043 -6.9941
-1.39422 -7.25382
-1.28884 -7.22802
-1.33189 -7.54367
-1.41873 -7.50772
-1.43962 -7.74533
-1.35667 -7.89115
-1.45565 -8.1215
-1.31512 -8.227
-1.21774 -7.78997
-1.14606 -8.17857
-1.07655 -7.80191
-1.07886 -7.48416
-0.950502 -7.57402
-0.958447 -7.21127
-0.795599 -7.24936
-0.852346 -6.88608
-0.980124 -6.89752
-0.919274 -6.55217
-1.08555 -6.67965
-1.00767 -6.27423
-1.12535 -6.35587
-1.08684 -6.10095
-0.976933 -5.88921
-0.850115 -6.09273
-0.864853 -5.82072
-0.781922 -5.76489
-0.652178 -5.90912
-0.520702 -5.56639
-0.3655 -5.43297
-0.428273 -5.82043
-0.210294 -5.53066
0.0222111 -5.30877
0.233412 -5.19155
0.175899 -5.43921
0.387978 -5.32903
0.692903 -5.14953
0.550989 -5.58668
0.84294 -5.40697
1.01769 -5.16283
1.13426 -5.50708
1.27002 -5.1776
1.43683 -5.72574
1.70634 -5.59135
1.70191 -5.9558
1.99218 -5.71725
2.35795 -5.87285
2.04497 -6.20607
2.43387 -6.2753
2.70902 -6.0565
3.09928 -6.02381
3.45513 -5.88017
3.49833 -6.29488
3.16883 -6.50848
3.57278 -6.73364
3.68695 -6.97719
3.51198 -7.03653
3.47004 -7.34378
3.2274 -7.13197
3.32411 -6.84967
3.09311 -6.8541
2.84544 -6.67094
2.91682 -6.44072
2.72823 -6.36314
2.5612 -6.56812
2.5868 -6.88916
2.88783 -7.12985
2.60556 -7.20713
2.72738 -7.43435
2.99497 -7.55149
3.07957 -7.30729
3.22527 -7.41352
3.35986 -7.73559
3.62203 -7.81053
3.55601 -8.06546
3.28119 -8.11255
3.00546 -8.02481
3.13254 -8.33956
3.37273 -8.36905
3.157 -8.70933
3.50691 -8.61808
3.39744 -8.89361
3.6977 -8.88222
3.41878 -9.19652
3.76476 -9.34696
4.06304 -8.92077
3.91655 -8.68961
3.80098 -8.49761
4.14143 -9.29682
4.04172 -9.74166
4.26884 -9.39033
4.27636 -9.26373
4.42145 -9.12932
4.44824 -9.53322
4.72812 -9.35964
4.69771 -9.66332
4.93472 -9.58314
5.07338 -9.80673
5.20672 -9.77298
5.16398 -10.0193
5.12998 -10.3962
4.91547 -10.2171
5.01419 -9.99832
4.83537 -9.91432
4.63715 -10.1795
4.47551 -9.90566
4.39739 -10.1848
4.20663 -10.079
3.91763 -10.2093
3.51344 -10.1126
3.6207 -9.75144
3.42408 -9.87771
3.36195 -9.62019
3.22193 -9.9662
3.0201 -9.75579
2.91996 -10.0811
3.12224 -10.23
3.17053 -10.5131
3.61989 -10.4723
3.38582 -10.7674
3.79461 -10.6875
3.65889 -10.9922
3.99248 -10.7985
4.08697 -10.9456
4.24371 -10.7723
4.16546 -10.5884
4.51685 -10.6299
4.4414 -10.3963
4.68307 -10.3999
4.84265 -10.5269
4.74247 -10.774
4.98902 -10.6558
4.41969 -10.8809
4.24484 -11.0844
3.9345 -11.1173
4.18339 -10.3268
3.93832 -10.4635
3.26032 -11.2447
3.29938 -11.4333
2.96227 -11.4234
2.8611 -11.2639
3.13041 -11.0369
2.69917 -11.0801
2.94417 -10.8252
2.51622 -10.8381
2.79535 -10.6315
2.84957 -10.377
2.53568 -10.5044
2.62319 -10.1776
2.73674 -9.85761
2.48128 -9.92056
2.26426 -10.2362
2.21067 -9.70699
2.5779 -9.57723
2.43812 -9.1297
2.78373 -9.26307
2.83584 -9.57022
3.08546 -9.36374
2.99963 -9.053
2.79298 -8.85712
2.88209 -8.4439
2.52177 -8.50651
2.71327 -8.15707
2.47272 -7.98057
2.72187 -7.77913
2.47278 -7.48818
2.20629 -7.69991
2.20791 -8.21074
1.92162 -7.9417
1.91885 -8.38819
2.14872 -8.72078
1.99809 -9.2356
1.72273 -8.83461
1.60339 -9.30987
1.75494 -9.72238
1.89785 -10.1077
1.62068 -10.0813
1.58202 -10.3745
1.88556 -10.506
2.20228 -10.6596
2.15788 -10.9315
2.29965 -11.12
1.91669 -11.124
2.0578 -11.3341
2.45846 -11.3313
2.18017 -11.5126
2.46027 -11.5102
2.31698 -11.6695
2.69295 -11.5683
2.68033 -11.4225
3.00697 -11.5672
2.81636 -11.6395
2.64106 -11.6999
2.66653 -11.7807
2.43779 -11.7814
2.33617 -11.8602
2.16611 -11.8083
1.98678 -11.865
2.00817 -11.9176
1.79049 -11.8835
1.85282 -11.9389
2.03201 -11.956
1.73139 -11.9403
1.7993 -11.9255
2.04537 -11.9448
2.25088 -11.945
2.30387 -11.9196
2.08599 -11.8787
2.34546 -11.8639
2.15856 -11.8252
2.41348 -11.7875
2.08708 -11.7618
2.37681 -11.7284
2.72324 -11.7707
2.68616 -11.8128
2.98183 -11.798
3.11882 -11.7511
2.74665 -11.6926
3.15323 -11.6933
2.51109 -11.8239
2.32008 -11.657
2.0241 -11.7134
2.02128 -11.6333
1.74639 -11.6481
1.71672 -11.7504
1.8556 -11.8365
1.54271 -11.7925
1.61687 -11.8326
1.42915 -11.8074
1.46491 -11.8513
1.23892 -11.8148
1.35102 -11.8819
1.16142 -11.8791
1.35161 -11.9432
1.52608 -11.8846
1.58944 -11.9109
1.45058 -11.9214
1.61645 -11.922
1.52201 -11.9339
1.34814 -11.9115
1.4223 -11.9201
1.25836 -11.8863
1.42874 -11.8866
1.59237 -11.9165
1.57234 -11.8469
1.77888 -11.8031
1.86771 -11.8483
1.94961 -11.8147
1.99277 -11.7431
1.78005 -11.6912
2.00918 -11.6382
1.80337 -11.5259
1.56016 -11.6277
1.55184 -11.7538
1.31373 -11.6816
1.32209 -11.8129
1.052 -11.7476
1.09124 -11.836
1.03769 -11.9053
1.16657 -11.9225
0.981338 -11.9125
1.11161 -11.926
1.28014 -11.9363
0.952117 -11.9032
0.918181 -11.8529
1.01198 -11.8075
0.775126 -11.7529
0.967898 -11.7705
1.26709 -11.7747
1.04842 -11.7244
1.36701 -11.7338
1.19379 -11.6785
1.43756 -11.6751
1.16819 -11.6103
1.43675 -11.5845
1.69085 -11.559
1.52042 -11.4644
1.71297 -11.4796
1.91087 -11.4699
2.11444 -11.4677
2.32618 -11.4758
2.18587 -11.5335
2.11768 -11.5803
1.89736 -11.5835
2.3718 -11.5852
1.33571 -11.4531
1.33656 -11.4955
1.19846 -11.4499
1.20828 -11.5362
1.06403 -11.4456
0.748784 -11.4147
0.929597 -11.4387
0.653541 -11.4742
0.901535 -11.5613
0.665679 -11.5723
0.937496 -11.6483
0.698729 -11.6391
0.398326 -11.5708
0.195503 -11.3986
0.0585837 -11.521
0.249935 -11.616
0.525712 -11.6484
0.475595 -11.6607
0.733312 -11.6913
0.550338 -11.6999
0.273747 -11.6855
0.476653 -11.7247
0.617498 -11.7228
0.570558 -11.7401
0.618758 -11.808
0.375934 -11.7324
0.28368 -11.8026
0.0181084 -11.7074
-0.0251813 -11.6609
0.035635 -11.6183
-0.0119667 -11.5649
-0.168724 -11.5676
-0.241003 -11.6117
-0.38906 -11.5278
-0.234346 -11.5054
-0.558139 -11.3983
-0.395136 -11.4348
-0.158736 -11.4699
-0.00634193 -11.4147
-0.204643 -11.4268
0.382872 -11.3935
0.568375 -11.4002
-0.747498 -10.942
-0.693359 -11.1426
-0.87352 -10.9915
-0.867203 -11.0751
-1.01679 -11.0074
-1.04496 -10.8121
-1.27984 -10.8931
-1.15401 -11.1301
-0.878536 -11.1586
-0.898427 -11.2618
-1.03927 -11.3133
-1.18297 -11.2068
-1.19742 -11.2743
-1.09321 -11.3638
-0.903307 -11.4257
-1.00581 -11.449
-0.819832 -11.4993
-0.886587 -11.531
-0.640161 -11.567
-0.732684 -11.5949
-0.946374 -11.5417
-0.795263 -11.5911
-0.585464 -11.6649
-0.675714 -11.6645
-0.43026 -11.6901
-0.328722 -11.7024
-0.197629 -11.7191
-0.0133996 -11.7512
-0.228766 -11.7246
0.0477076 -11.7716
-0.0193062 -11.7867
0.186206 -11.8455
0.402109 -11.8831
0.197378 -11.8384
0.485749 -11.8297
0.632122 -11.8622
0.671892 -11.8302
0.774799 -11.8579
0.804142 -11.815
0.917635 -11.8541
0.823884 -11.8938
0.948311 -11.8035
0.847844 -11.7672
0.774599 -11.6905
0.62083 -11.7634
0.5798 -11.6919
0.48315 -11.601
0.760915 -11.5586
0.562471 -11.4465
0.278042 -11.4764
0.314704 -11.3398
0.105582 -11.3857
0.0537443 -11.2432
-0.0878973 -11.3549
-0.249663 -11.2277
-0.102973 -11.1075
0.144158 -11.0426
-0.114906 -10.944
-0.303383 -11.0415
-0.344095 -10.8237
-0.517138 -10.9531
-0.580947 -10.718
-0.718617 -10.8504
-0.772985 -10.6388
-0.895001 -10.7143
-0.939571 -10.3926
-0.692241 -10.4561
-0.800031 -10.2254
-0.623756 -10.2032
-0.763033 -9.99843
-0.924592 -10.0131
-0.816084 -9.62531
-0.583227 -9.85728
-0.57196 -9.43578
-0.714434 -9.25257
-0.545818 -9.02348
-0.749264 -8.92071
-0.522046 -8.55965
-0.313112 -8.78471
-0.280884 -8.45258
-0.34452 -8.17947
-0.5749 -8.10023
-0.359553 -7.88438
-0.134707 -7.88998
-0.190954 -7.56808
0.104697 -7.60172
0.076004 -7.3416
0.443011 -7.28407
0.182775 -7.01593
-0.109277 -7.21133
-0.0645056 -6.85181
-0.240718 -7.09511
-0.381768 -6.93678
-0.158944 -6.53783
0.0937748 -6.44484
0.0127344 -6.24093
0.287448 -6.03833
0.315344 -6.33178
0.255921 -6.63344
0.502904 -6.39113
0.475425 -6.15052
0.684576 -6.12712
0.60628 -5.90313
0.237291 -5.67901
0.0601997 -5.97056
-0.0244746 -5.71258
-0.169254 -6.16374
-0.251824 -5.89179
-0.395323 -6.21154
-0.346092 -6.50985
-0.546034 -6.61875
-0.617169 -7.03132
-0.595277 -7.39845
-0.344213 -7.32813
-0.469541 -7.68424
-0.664886 -7.80038
-0.821561 -8.11994
-0.750371 -8.49243
-0.903376 -8.48904
-1.00299 -8.34453
-0.971987 -7.9542
-1.14963 -8.6039
-1.02829 -8.72069
-1.16866 -9.02632
-1.0245 -9.06661
-1.12677 -9.35907
-0.987628 -9.38833
-1.08994 -9.54736
-1.03568 -9.7271
-0.84212 -9.25772
-0.905458 -9.08637
-0.89921 -8.79258
-1.19361 -9.67175
-1.12865 -10.0513
-1.13157 -10.3546
-1.06788 -10.5895
-1.21526 -10.4794
-1.16251 -10.7063
-1.00152 -10.8348
-0.841861 -10.923
-0.89163 -11.0814
-0.665611 -11.075
-0.695144 -11.2532
-0.843568 -11.2677
-0.672785 -11.4061
-0.886962 -11.3631
-0.696754 -11.5082
-0.467601 -11.5316
-0.458895 -11.4538
-0.247948 -11.5266
-0.307033 -11.3922
-0.0080204 -11.4798
0.015893 -11.6026
0.205855 -11.5676
0.248762 -11.6404
0.402931 -11.6969
0.10318 -11.6972
0.326103 -11.7621
0.0790391 -11.7546
-0.0969176 -11.7812
-0.242324 -11.7569
-0.396445 -11.6921
-0.163311 -11.6976
-0.449513 -11.6187
-0.208133 -11.6272
-0.683755 -11.5922
-0.917693 -11.4669
-0.895148 -11.5552
-0.639526 -11.64
-0.813298 -11.6148
-0.545699 -11.6728
-0.424338 -11.71
-0.824544 -11.6017
-0.982552 -11.5741
-1.05109 -11.5215
-1.16976 -11.471
-1.12551 -11.4703
-1.10317 -11.4494
-1.26045 -11.371
-1.26219 -11.4031
-1.41092 -11.3065
-1.3128 -11.3584
-1.46124 -11.2677
-1.35272 -11.2741
-1.51772 -11.1313
-1.57074 -11.1417
-1.65388 -10.9832
-1.71674 -10.9626
-1.63954 -11.0663
-1.52777 -11.2019
-1.54291 -11.1247
-1.39851 -11.268
-1.42999 -11.1634
-1.29036 -11.2739
-1.25232 -11.3507
-1.16682 -11.3706
-1.19467 -11.3178
-1.33187 -11.1576
-1.55329 -10.9896
-1.42069 -10.9977
-1.5464 -10.8224
-1.4242 -10.779
-1.33559 -10.6984
-1.5208 -10.7047
-1.60547 -10.6002
-2.09533 -9.93173
-2.10193 -9.70514
-2.09909 -9.4561
-2.12172 -9.28771
-2.07453 -9.2326
-2.02246 -9.44756
-2.02683 -9.64273
-1.94985 -9.67913
-1.92502 -9.42283
-1.86351 -9.71864
-1.84702 -9.97271
-1.76703 -9.88072
-1.76328 -9.54426
-1.69659 -9.78048
-1.65778 -9.69376
-1.62131 -9.36019
-1.72853 -9.19454
-1.84308 -9.19578
-1.94684 -9.12382
-2.00606 -9.24745
-2.03523 -9.00899
-2.12041 -8.94695
-2.02234 -8.64826
-1.96653 -8.85984
-1.89522 -8.56984
-1.88089 -8.9011
-1.81668 -8.689
-1.77633 -8.92381
-1.74157 -8.62839
-1.79429 -8.40572
-1.70918 -8.34072
-1.64372 -8.49837
-1.66322 -8.90898
-1.5767 -8.71616
-1.54395 -9.01706
-1.4714 -8.71389
-1.53097 -8.42863
-1.42835 -8.43038
-1.54775 -8.18699
-1.58922 -8.31575
-1.64023 -8.14834
-1.54111 -7.90934
-1.64082 -7.76219
-1.74283 -8.03265
-1.72887 -7.5814
-1.81312 -7.82795
-1.85027 -8.16637
-1.94411 -8.27798
-1.90167 -7.87714
-1.98695 -8.0512
-1.98893 -8.35594
-2.05088 -8.40763
-2.08719 -8.63152
-2.12397 -8.44365
-2.04765 -7.89601
-2.05194 -7.86611
-1.9921 -7.75528
-1.94749 -7.75722
-1.95651 -7.52488
-2.00339 -7.57847
-1.96473 -7.24351
-1.89797 -7.24111
-1.90795 -7.57705
-1.82761 -7.48574
-1.79075 -7.05383
-1.84624 -6.96584
-1.79727 -6.73523
-1.70485 -6.68741
-1.69977 -7.0156
-1.63213 -6.77675
-1.6195 -6.53807
-1.54691 -6.60855
-1.58736 -7.0538
-1.47222 -7.09827
-1.52451 -7.47076
-1.63812 -7.42764
-1.68417 -7.26968
-1.75066 -7.27836
-1.56726 -6.33098
-1.49453 -6.35248
-1.49328 -6.18124
-1.42691 -6.21099
-1.43791 -6.00702
-1.55222 -6.04102
-1.44471 -5.7825
-1.35094 -5.82098
-1.35091 -6.04272
-1.371 -5.61864
-1.4219 -5.52614
-1.51386 -5.68251
-1.583 -5.61197
-1.61876 -5.94203
-1.62143 -6.10499
-1.63513 -6.31829
-1.6711 -6.16873
-1.72491 -6.40993
-1.73748 -6.14566
-1.80715 -6.48826
-1.89091 -6.85104
-1.87982 -6.46867
-1.81606 -6.31837
-1.832 -6.17165
-1.74931 -5.83196
-1.68142 -5.83145
-1.65407 -5.63021
-1.66177 -5.48632
-1.75254 -5.50489
-1.81381 -5.84392
-1.84195 -6.04064
-1.9006 -6.23361
-1.94002 -6.44495
-1.92594 -6.50595
-1.94667 -6.71908
-1.96824 -6.664
-1.99815 -6.88321
-1.9695 -6.94964
-1.98979 -7.05506
-2.02111 -7.5069
-2.04489 -7.79829
-2.06978 -7.95334
-2.06154 -7.91635
-2.07616 -7.9928
-2.1336 -8.14942
-2.17196 -8.30581
-2.17811 -8.48527
-2.17639 -8.67331
-2.13021 -8.71125
-2.19606 -8.86118
-2.18777 -9.00426
-2.15709 -9.14616
-1.77325 -5.65095
-2.03059 -7.17681
-2.03816 -7.38282
-2.06145 -7.28525
-2.09836 -7.59411
-2.08001 -7.72832
-2.08198 -7.66972
-2.08632 -7.44763
-1.35978 -8.62903
-1.25085 -8.50085
-1.27385 -8.83252
-1.40792 -9.02755
-1.29935 -9.1547
-1.24944 -9.39356
-1.38214 -9.44116
-1.31278 -9.63481
-1.32601 -9.89894
-1.391 -9.69801
-1.51489 -9.76074
-1.41291 -10.1606
-1.26765 -10.229
-1.32948 -10.3858
-1.29339 -10.5858
-1.43161 -10.4504
-1.35452 -10.7007
-1.24992 -10.7723
-1.279 -10.8911
-1.12015 -10.946
-1.19584 -11.088
-1.01427 -11.183
-1.085 -11.2873
-1.14379 -11.4082
-1.30536 -11.1808
-1.20679 -11.4065
-1.46694 -11.0977
-1.43186 -11.0138
-1.34645 -10.9792
-1.49809 -10.844
-1.38783 -10.82
-1.4722 -10.6551
-1.58904 -10.6304
-1.59452 -10.7702
-1.54344 -10.9254
-1.67303 -10.7855
-1.5977 -10.9699
-1.71987 -10.8272
-1.77402 -10.8116
-1.85142 -10.6279
-1.88813 -10.6403
-1.81755 -10.7761
-1.74841 -10.9038
-1.83309 -10.691
-1.71099 -10.8525
-1.64704 -10.9935
-1.6672 -10.8263
-1.76386 -10.6819
-1.68928 -10.647
-1.8262 -10.5501
-1.8417 -10.5049
-1.92554 -10.4282
-1.98645 -10.3554
-2.0267 -10.2802
-1.99343 -10.3505
-2.04232 -10.1872
-1.99535 -10.3142
-2.06661 -10.0931
-1.95024 -10.4636
-1.94595 -10.4828
-1.8934 -10.6198
-1.93661 -10.501
-1.8878 -10.5049
-1.93898 -10.388
-1.847 -10.5446
-1.76911 -10.6971
-1.78446 -10.599
-1.87837 -10.4066
-1.79871 -10.4171
-1.8994 -10.1496
-1.9832 -10.1765
-1.97921 -9.9745
-2.03465 -9.92308
-2.07021 -9.99768
-2.03349 -9.761
-1.96697 -9.86552
-1.7975 -10.2251
-1.75232 -10.1083
-1.78827 -9.99912
-1.64999 -9.95928
-1.64367 -10.2276
-1.5472 -10.179
-1.56208 -10.4319
-1.69833 -10.3935
-1.68546 -10.6112
-1.4954 -9.33233
-0.538249 -11.3623
-0.493862 -11.2508
-0.451399 -11.1194
-0.806612 -7.68846
-0.71367 -6.865
-0.732588 -6.4563
-0.558647 -6.21071
0.824383 -5.66969
0.812534 -5.90427
0.983444 -5.80004
1.17665 -5.90661
0.940812 -6.09049
1.13898 -6.21757
1.39137 -6.18079
1.15746 -6.58873
1.42036 -6.52471
1.67514 -6.45754
1.95219 -6.62694
2.26773 -6.70961
2.02481 -6.95121
2.21493 -7.21063
2.41707 -7.09409
1.92873 -7.37466
1.77621 -6.92229
1.62778 -7.29715
1.67558 -7.6643
1.61477 -8.04859
1.78768 -8.20123
1.61055 -8.40901
1.26938 -8.70668
1.35492 -9.07347
1.0346 -9.0164
0.901382 -8.80374
0.946124 -8.55601
0.572078 -8.7113
0.754941 -8.28643
1.23476 -8.26031
1.02539 -7.98521
0.766635 -7.93451
1.00476 -7.61742
1.3613 -7.79141
1.36217 -7.40333
1.16494 -7.25463
1.42377 -6.92243
1.52186 -7.53748
1.10287 -7.00293
0.837971 -6.92518
0.864035 -7.32933
0.606025 -7.66743
0.831285 -7.54222
0.327171 -7.61591
0.188197 -7.90155
0.453448 -8.08212
0.150967 -8.2365
0.333592 -8.43702
-0.0299273 -8.54448
0.197079 -8.74779
0.261497 -9.10103
0.681387 -9.04715
0.498758 -9.43081
0.849532 -9.26114
0.91861 -9.60437
1.10106 -9.25508
1.28681 -9.37237
1.36549 -9.66144
1.07775 -10.0261
1.44848 -9.94495
1.33581 -10.2265
1.0279 -10.3492
1.20648 -10.526
1.48109 -10.7316
1.03034 -10.7974
0.785399 -10.6012
0.739237 -10.8227
0.773458 -11.0118
1.24548 -11.0187
1.01161 -11.2213
1.37451 -11.2465
1.16656 -11.3495
1.36045 -11.4782
1.69348 -11.3251
1.64132 -11.1756
1.69835 -11.0505
1.84754 -10.8634
1.55915 -10.9615
1.50549 -11.0975
0.92905 -11.4219
1.03419 -11.602
0.612154 -11.2517
0.439347 -11.0732
0.425761 -10.831
0.0858026 -10.8519
0.153904 -10.6698
0.416289 -10.4803
0.741564 -10.305
0.531195 -10.2649
0.355072 -10.1822
0.0358133 -10.3984
0.106334 -10.0074
0.455792 -9.83073
0.672453 -10.0441
0.235348 -9.70729
0.126311 -9.50572
0.0388122 -9.77125
-0.122639 -9.68802
-0.0959496 -9.34604
-0.0674891 -8.95009
-0.339208 -9.19513
-0.356902 -9.62879
-0.282979 -9.91774
-0.101296 -9.92111
-0.188433 -10.1563
-0.42658 -10.1046
-0.377859 -10.4655
-0.106324 -10.7083
-0.424793 -9.89469
0.302312 -11.1976
-0.0931382 -8.20048
0.550435 -6.74821
0.865382 -6.60113
0.759073 -6.38316
0.983459 -6.3726
0.599136 -11.8704
0.81349 -11.8922
-0.243119 -11.6501
-0.496861 -11.6417
-0.413521 -11.6109
-0.469707 -11.5692
-0.653372 -11.4848
-0.782667 -11.3724
-0.635797 -11.3327
0.728371 -11.7107
0.857922 -11.6819
1.0512 -11.5442
1.73403 -11.9247
1.77076 -11.8839
1.60177 -11.8632
3.20819 -9.04879
3.61029 -8.34891
2.92709 -6.265
-1.20213 -6.99076
-1.08659 -7.11019
-1.20014 -7.36141
-1.42034 -5.02119
0.137486 -2.79327
0.82794 -2.88808
3.73203 -2.45471
3.9205 -2.59577
3.7709 -2.63156
3.75799 -2.76012
3.62572 -2.64114
3.52091 -2.73836
3.46008 -2.54332
3.62102 -2.52936
3.52172 -2.36957
3.20401 -2.39691
3.27361 -2.57353
2.98996 -2.48148
3.19273 -2.70556
3.42303 -2.83473
3.47029 -3.006
3.23703 -2.91647
3.3933 -3.12227
3.42498 -3.365
3.20279 -3.16013
3.18086 -3.44877
3.01387 -3.20808
2.99703 -2.99973
2.98666 -2.77138
2.91692 -2.62168
2.72207 -2.71176
2.80369 -2.89112
2.7772 -3.15463
2.43719 -3.32515
2.73775 -3.46256
2.93584 -3.36265
2.97731 -3.61814
2.76345 -3.77085
2.85121 -3.93043
2.87884 -4.08958
2.73006 -3.97025
2.65574 -4.17637
2.8868 -4.36364
2.93333 -4.72162
2.48718 -3.92128
2.52931 -3.62504
2.69193 -2.4374
3.32185 -2.26211
3.12983 -2.14938
5.00839 -5.56444
5.12995 -5.87633
5.21617 -6.3087
5.00848 -6.79733
5.16852 -6.94037
4.98158 -7.34232
4.84705 -7.48143
5.04366 -7.65343
4.88072 -7.82839
5.15122 -8.04194
4.99224 -8.14621
5.13541 -8.40641
4.93379 -8.39787
4.79585 -8.11255
4.587 -8.08792
4.66302 -7.87631
4.39371 -7.84877
4.1008 -3.52619
4.13154 -3.34317
4.60028 -3.77015
4.49772 -3.80944
4.64575 -3.95811
4.81489 -4.07285
4.76993 -4.1569
4.90289 -4.23214
4.8385 -4.26289
4.91168 -4.36703
5.01502 -4.39967
5.01909 -4.53835
6.183 -8.41985
6.16354 -8.98852
6.12913 -8.67512
6.05801 -8.70246
6.1767 -9.62586
5.99129 -10.0346
6.0044 -10.239
5.99459 -10.544
6.11148 -10.7095
5.93729 -10.8326
6.02753 -10.9088
6.12451 -10.9236
6.21468 -10.9722
6.09049 -11.0934
6.17133 -11.1141
6.04346 -11.2494
6.0236 -11.3479
6.11189 -11.3124
5.92866 -11.4224
5.93493 -11.4409
6.03179 -11.3691
6.17205 -11.2633
6.07137 -11.268
5.94857 -11.3883
5.908 -11.318
6.05697 -11.109
6.13271 -11.1106
6.13207 -11.0513
5.94722 -11.1525
5.82115 -11.185
5.60641 -11.1943
5.80742 -11.264
5.68472 -11.4117
5.79822 -11.4474
5.61916 -11.5299
5.71868 -11.5237
5.87661 -11.453
5.79644 -11.5009
5.76497 -11.4971
5.64351 -11.567
5.54811 -11.593
5.42733 -11.6343
5.53366 -11.5985
5.31843 -11.6484
5.40967 -11.6036
5.52516 -11.5098
5.39944 -11.5296
5.48248 -11.4307
5.32365 -11.5104
5.31313 -11.4246
5.44874 -11.3121
5.39325 -11.209
5.16683 -11.3484
5.24395 -11.2613
5.27721 -11.1927
4.995 -11.2815
5.10896 -11.1546
4.92815 -11.1302
4.82388 -11.1825
4.73288 -11.1204
4.52144 -11.1238
4.29665 -11.1361
4.06258 -11.1814
4.24805 -11.2445
4.42265 -11.2924
4.13012 -11.3401
4.40125 -11.43
4.65153 -11.2822
4.73739 -11.395
4.69241 -11.5441
4.36528 -11.5862
4.55629 -11.6392
4.77952 -11.6504
4.96175 -11.562
5.0113 -11.6392
5.16728 -11.5467
5.11087 -11.4637
4.94432 -11.4355
5.22883 -11.6048
5.0551 -11.6851
4.82494 -11.7034
4.9657 -11.7055
5.18254 -11.6517
5.09259 -11.6948
5.22133 -11.676
5.00241 -11.7206
4.82979 -11.7505
4.75934 -11.7671
4.55563 -11.7924
4.55266 -11.8124
4.86594 -11.7498
4.67638 -11.7877
4.98697 -11.7204
4.78808 -11.74
4.50742 -11.8017
4.61476 -11.7374
4.37677 -11.7586
4.5904 -11.69
4.88494 -11.6733
4.85335 -11.6321
5.06225 -11.5954
5.03672 -11.5418
4.70791 -11.6106
4.83483 -11.5147
5.15218 -11.4313
5.31732 -11.4534
5.47654 -11.3132
5.26225 -11.2885
4.92796 -11.3955
4.79177 -11.3411
4.67677 -11.4198
4.4565 -11.5006
4.68239 -11.4943
4.51542 -11.5896
4.21164 -11.5897
4.27793 -11.6637
4.46907 -11.667
4.31697 -11.7214
4.17672 -11.7194
4.10429 -11.7789
4.2422 -11.8502
3.95435 -11.8862
4.17748 -11.8654
4.39287 -11.8268
4.27771 -11.8489
4.37002 -11.8177
4.1553 -11.8478
4.33342 -11.8227
4.17153 -11.8283
4.41232 -11.7828
4.62952 -11.7821
4.54666 -11.7434
4.76883 -11.7477
4.57399 -11.6999
4.3434 -11.7244
4.32109 -11.6721
4.00261 -11.7188
4.00138 -11.608
4.14477 -11.5419
3.83485 -11.5126
3.5149 -11.5128
3.37683 -11.3516
3.84058 -11.39
4.07057 -11.4417
3.79104 -11.3038
3.79821 -11.2456
3.53954 -11.3133
3.21994 -11.3756
3.0015 -11.4201
3.05437 -11.5156
2.95297 -11.5604
4.20478 -11.7736
3.9264 -11.7755
3.94404 -11.8227
3.95016 -11.8639
3.71412 -11.8598
3.75236 -11.8859
3.95045 -11.8751
4.05572 -11.8672
3.85436 -11.8844
3.74132 -11.9078
3.8362 -11.8144
3.58166 -11.8222
3.80446 -11.7526
3.94213 -11.7521
3.91916 -11.7085
3.88229 -11.652
3.64738 -11.7369
4.06535 -11.6945
3.68987 -11.8879
5.52522 -11.1608
5.72402 -11.1323
5.68692 -11.0449
5.81436 -10.9899
5.75557 -10.9119
5.90748 -11.0112
5.80513 -10.6716
5.86852 -11.1362
5.99972 -11.0492
5.91824 -11.2095
5.73314 -11.2679
5.75119 -11.3538
5.89164 -11.3334
5.8962 -11.3819
5.75669 -11.4228
5.72052 -11.4763
5.85923 -11.4493
5.68017 -11.5318
5.78561 -11.4683
5.65814 -11.5199
5.4762 -11.5804
5.23403 -11.6807
5.25515 -11.6437
5.44725 -11.5746
5.10389 -11.6757
5.21338 -11.5938
5.44043 -11.526
5.60044 -11.4913
5.58301 -11.4591
5.32014 -11.513
5.54365 -11.4043
6.17123 -11.1637
5.87687 -10.3684
5.74289 -10.4711
5.74469 -10.181
5.60528 -10.4179
5.8956 -10.0298
5.77945 -9.88215
