-2.86836 -6.36867
-2.85336 -5.99427
-2.74302 -5.37751
-2.73296 -5.3519
-2.53739 -4.90059
-1.5136 -3.04238
-1.25131 -2.60864
-0.56499 -1.77996
-0.371915 -1.64567
-0.183382 -1.52648
-0.0106411 -1.41994
0.146257 -1.34537
0.285001 -1.29696
0.873185 -1.33595
1.05239 -1.43268
1.19081 -1.51701
1.32458 -1.61779
1.42214 -1.69822
1.51429 -1.78286
1.70703 -1.99031
1.85463 -2.17629
2.00003 -2.36223
2.13174 -2.5553
3.54596 -4.86411
3.59523 -5.03365
3.79449 -5.98229
3.81899 -6.11673
3.88413 -6.6573
3.90874 -7.81584
3.91044 -8.02353
3.82736 -8.83062
3.81465 -8.94608
3.76676 -9.0468
3.63786 -9.18631
3.50626 -9.28091
3.40386 -9.351
3.25224 -9.4491
2.83807 -9.66164
2.65957 -9.73371
2.42313 -9.81543
2.21556 -9.88126
2.08781 -9.89789
1.93283 -9.91221
1.64552 -9.93189
1.3395 -9.92417
0.856272 -9.90204
0.60533 -9.89045
0.415328 -9.86615
-0.0817356 -9.78627
-0.70054 -9.66511
-0.968348 -9.60398
-1.20135 -9.52164
-1.41098 -9.40625
-1.58037 -9.28049
-1.67664 -9.20686
-2.06849 -8.89188
-2.2552 -8.72572
-2.29468 -8.68118
-2.51766 -8.3897
-2.57226 -8.2795
-2.62815 -8.1384
-2.76399 -7.49804
-2.78804 -7.37073
-2.86857 -6.63299
