1.18883 2.04364
1.52277 3.35325
1.65946 3.70564
1.81597 4.00088
2.01794 4.35298
2.29563 4.73868
2.52738 4.96826
2.71778 5.10043
2.93903 5.22758
3.23457 5.39424
3.83649 5.65195
3.95523 5.69303
4.69577 5.63206
4.98835 5.56818
5.31723 5.47059
5.45922 5.38892
5.59961 5.30505
5.80478 5.13675
6.33187 4.52019
6.52546 4.28202
7.20967 2.85349
7.41275 2.38616
7.58719 1.9531
7.74395 1.56281
7.88529 1.20538
8.04782 0.714603
8.18995 0.17008
8.24913 -0.12209
8.28604 -0.310474
8.30644 -0.429765
8.37232 -0.828085
8.43886 -1.29092
8.43667 -1.47059
8.42334 -1.81851
8.40211 -2.12552
8.38662 -2.29926
8.34371 -2.46416
8.30803 -2.58898
8.23556 -2.81776
8.17468 -2.99068
8.0682 -3.19815
7.87595 -3.52274
7.7966 -3.6541
7.55199 -3.90699
7.39477 -4.06248
6.94223 -4.46905
6.77647 -4.51844
4.41083 -4.93597
4.2652 -4.95539
4.05278 -4.9724
4.00657 -4.96848
3.36085 -4.78135
3.03169 -4.6622
2.87946 -4.57466
2.72979 -4.46207
2.70509 -4.44306
2.59437 -4.34629
2.56542 -4.31731
2.46077 -4.21092
1.14114 -2.39588
1.06338 -2.28347
0.999685 -2.1818
0.924086 -2.00446
0.852991 -1.82028
0.769062 -1.58024
0.73216 -1.32375
0.703955 -1.12198
0.686704 -0.882061
0.681293 -0.718722
0.685628 -0.421959
