-5.98034 -6.45669
-5.84792 -5.18235
-5.69797 -4.67528
-4.58406 -2.34093
-3.53526 -0.778406
-2.83595 -0.0878547
-2.59998 0.0464699
-2.24402 0.127878
-1.92661 0.132525
-1.68054 0.10978
-1.42393 0.082959
-1.21385 0.010874
-0.848519 -0.125973
-0.562529 -0.27442
-0.437277 -0.371178
0.495192 -1.20911
0.877525 -1.92922
1.90618 -4.04775
1.98256 -4.22024
2.07668 -4.5614
2.12784 -4.80176
2.23219 -5.45756
2.45011 -7.08508
2.46207 -7.25599
2.4519 -7.98948
2.42331 -8.27907
2.38908 -8.43727
2.34452 -8.61405
2.27377 -8.82452
2.16983 -9.04306
2.13656 -9.11091
2.00419 -9.32511
1.77163 -9.62595
1.64459 -9.7427
1.4896 -9.88112
1.17833 -10.0632
1.02296 -10.109
0.819678 -10.1531
0.639421 -10.1783
0.293891 -10.2207
0.11306 -10.234
-2.23307 -10.3838
-2.53701 -10.403
-2.94683 -10.4086
-3.21348 -10.406
-3.40699 -10.3922
-4.10037 -10.3355
-4.35855 -10.3114
-4.83932 -10.2351
-5.20889 -10.136
-5.72978 -9.89621
-5.83109 -9.83531
-5.995 -9.7334
-6.05222 -8.86522
-6.02501 -6.96592
