-3.45345 -1.91006
-3.41571 -1.40069
-3.32993 -1.00906
-3.27964 -0.814607
-3.18589 -0.505769
-2.97169 0.0519134
-2.89647 0.24351
-2.80054 0.413908
-2.53611 0.834701
-1.88159 1.50579
-1.79 1.54594
-1.69048 1.58546
-1.09991 1.68719
-0.484677 1.79029
-0.240613 1.82345
0.753703 1.95062
1.12011 1.94276
1.81732 1.85972
1.94907 1.82803
2.79057 1.49252
3.12785 1.34465
3.84556 0.980755
4.35945 0.501584
4.47065 0.341594
4.63657 0.0470404
4.99275 -0.833098
5.14138 -1.81738
5.30951 -2.96568
5.33379 -3.15362
5.37592 -3.53812
5.39407 -3.84438
5.40354 -4.05248
5.40217 -4.67245
5.39083 -5.24036
5.34845 -5.38285
5.3015 -5.50536
5.20944 -5.70282
5.10316 -5.88604
5.00433 -6.03282
4.88812 -6.1421
4.81861 -6.20193
4.66923 -6.31529
4.37902 -6.38452
3.56251 -6.50333
2.92122 -6.58439
1.37232 -6.68776
1.16079 -6.69867
0.262156 -6.73426
-0.365818 -6.75184
-0.684853 -6.73829
-1.35073 -6.69398
-1.60543 -6.6706
-1.79771 -6.63552
-1.9697 -6.55126
-2.12994 -6.44498
-2.27038 -6.32982
-2.43062 -6.18429
-2.47344 -6.13983
-3.05675 -5.5125
-3.08391 -5.47262
-3.17473 -5.33788
-3.18531 -5.30105
-3.22494 -5.14506
-3.26708 -4.96669
-3.32805 -4.7066
-3.40043 -3.98247
-3.41472 -3.81172
-3.43857 -3.2996
