-2.50296 1.02217
-2.38458 1.18973
-2.29228 1.32247
-2.28064 1.25487
-2.19028 1.44709
-2.20637 1.20353
-2.33422 1.11293
-2.30229 1.01957
-2.18863 1.03566
-2.35965 0.802311
-2.13731 0.880877
-2.05486 1.09474
-1.98342 1.02379
-1.97236 0.777978
-1.8397 1.10657
-1.93895 1.22504
-1.82652 1.33261
-1.95822 1.36765
-2.07052 1.2113
-2.08419 1.3451
-2.00936 1.50344
-2.07494 1.57703
-1.67096 2.09207
-1.73641 1.96812
-1.84542 1.84585
-1.62322 1.86624
-1.69815 1.57595
-1.44841 1.76808
-1.44313 1.47885
-1.26632 1.74636
-1.25832 1.53016
-1.29414 1.22813
-1.19269 1.46547
-1.12928 1.65806
-1.09437 1.41832
-0.940396 1.64812
-0.929612 1.34328
-0.762677 1.51719
-0.775894 1.27171
-0.908957 1.03762
-0.630728 1.08662
-0.632983 1.37888
-0.454709 1.33556
-0.524342 1.67274
-0.304172 1.51006
-0.206301 1.78742
-0.0680304 1.42573
-0.259282 1.28163
-0.102827 1.0687
0.087821 1.16937
0.198259 1.36795
0.303932 1.02632
0.105013 0.956435
0.221172 0.774637
0.36543 0.78071
0.555027 0.76358
0.491959 1.08319
0.678594 1.01045
0.807691 0.744009
0.92319 0.921551
1.07398 0.590661
0.820309 0.459635
1.0577 0.321375
0.936984 0.207974
1.13799 0.0822994
0.94467 0.00424436
0.724804 0.164719
0.803552 -0.169685
1.15123 -0.292524
0.881406 -0.434365
1.0448 -0.625604
0.813573 -0.705209
0.621831 -0.446414
0.620182 -0.80118
0.400836 -0.757213
0.551079 -1.11038
0.75837 -1.03408
0.71997 -1.42683
0.485779 -1.4837
0.62114 -1.8123
0.81291 -1.75526
0.946656 -1.52541
0.892296 -1.24212
1.05342 -1.27978
0.995407 -0.968073
1.22327 -1.12939
1.20057 -1.55208
1.44686 -1.31843
1.40265 -0.887138
1.65961 -1.11983
1.67015 -1.52237
1.91641 -1.39017
1.84546 -1.79501
1.65577 -1.78359
1.4678 -1.75599
1.63053 -2.06043
1.40642 -2.07425
1.44498 -2.3041
1.59951 -2.35664
1.48708 -2.58832
1.71068 -2.53337
1.74421 -2.28994
1.89494 -2.39699
1.88126 -2.12728
2.10953 -1.97051
2.05023 -2.25237
2.26083 -2.28712
2.08293 -2.49602
2.25213 -2.5473
2.38792 -2.47657
2.51641 -2.3233
2.50022 -2.57578
2.36273 -2.70229
2.53015 -2.82601
2.65735 -2.58728
2.73363 -2.93559
2.53291 -3.14517
2.69969 -3.23573
2.5779 -3.43666
2.768 -3.41109
2.74913 -3.69157
2.92227 -3.42403
3.03177 -3.62933
3.00233 -3.89005
3.12564 -3.74529
3.19981 -3.83879
3.23028 -3.58593
3.32409 -3.7702
3.31579 -3.94186
3.43225 -3.82671
3.40089 -3.61593
3.56074 -3.66286
3.47255 -3.38667
3.58089 -3.37271
3.51462 -3.07331
3.37193 -3.14294
3.36454 -2.77584
3.49174 -2.70996
3.38587 -2.47097
3.48283 -2.45082
3.57604 -2.59606
3.58523 -2.88133
3.66111 -2.793
3.65465 -3.03929
3.72824 -3.00523
3.7438 -3.26663
3.8153 -3.11844
3.75729 -2.79442
3.86322 -2.93573
3.80986 -2.70546
3.75927 -2.54051
3.82932 -2.49242
3.85566 -2.73674
3.92132 -2.53452
3.84421 -2.1711
3.74653 -2.26291
3.70728 -1.87198
3.7971 -1.85244
3.87927 -1.9675
3.84197 -1.73741
3.73575 -1.54927
3.86092 -1.5347
3.93151 -1.85444
3.93567 -1.55984
3.87753 -1.32867
3.95134 -1.39544
3.89064 -1.22905
3.81598 -0.802035
3.7726 -0.682284
3.4645 -0.226287
3.35474 -0.125594
3.4577 -0.330874
3.31916 -0.282422
3.24071 -0.0371995
3.16787 -0.0682804
3.12977 0.0869195
3.07362 0.150975
3.08934 0.0742115
3.01592 0.207163
3.05211 -0.0110961
2.95534 0.124202
2.8369 0.263664
2.86078 0.38944
2.71653 0.479536
2.64118 0.403513
2.72709 0.186832
2.5174 0.306965
2.65501 0.084489
2.57507 -0.0331557
2.35908 0.2267
2.43181 -0.0463218
2.28407 0.124715
2.31717 -0.108559
2.17059 0.132588
2.1034 -0.0312966
2.27735 -0.404878
2.45775 -0.382057
2.45819 -0.593077
2.62018 -0.685701
2.57954 -0.331505
2.73968 -0.602983
2.83357 -0.930639
2.86989 -0.698783
3.00669 -1.03357
3.00679 -0.73243
3.15702 -1.03932
3.11209 -1.17179
3.18003 -1.2874
3.30309 -1.32096
3.24202 -1.58383
3.43174 -1.6604
3.36418 -1.86643
3.4705 -2.01259
3.54583 -1.92915
3.56245 -2.1534
3.6309 -2.0701
3.569 -1.74813
3.59093 -1.48439
3.49672 -1.49719
3.46441 -1.26409
3.54421 -1.21023
3.63012 -1.28158
3.56848 -1.03397
3.4522 -1.0213
3.44174 -0.775494
3.35439 -0.837271
3.31406 -0.618485
3.2679 -0.727148
3.32323 -1.03043
3.1397 -0.68988
3.1696 -0.465671
3.03719 -0.395625
2.9552 -0.447985
2.87162 -0.491793
2.78249 -0.199643
2.73559 -0.390982
2.90842 -0.185695
2.77511 0.0112467
2.90464 0.0286904
3.04597 -0.209247
3.17035 -0.244784
3.27743 -0.428193
3.39312 -0.540944
3.46989 -0.496217
3.50826 -0.658139
3.61926 -0.851016
3.56434 -0.652407
3.67352 -0.732026
3.56378 -0.518848
3.65383 -0.558636
3.74717 -0.729252
3.71474 -0.576626
3.64079 -0.452188
3.5621 -0.341472
3.79702 -0.880395
3.81193 -0.860673
3.78564 -0.90832
3.81489 -1.07718
3.74056 -0.943729
3.75007 -1.19427
3.83309 -1.06724
3.40003 -1.35387
3.66614 -2.43767
3.52757 -2.30244
3.39368 -2.16657
3.28278 -1.91834
3.29346 -2.08938
3.28666 -2.24708
3.20275 -2.03706
3.1296 -2.26891
3.0612 -1.93422
2.9651 -2.04997
2.92968 -2.28842
2.77883 -2.00162
2.7336 -2.31025
2.60521 -2.0854
2.38963 -2.00161
2.56553 -1.80335
2.36415 -1.70712
2.24483 -1.8075
2.14971 -1.76639
2.04283 -1.70082
2.17379 -1.5654
2.12925 -1.11354
1.85601 -0.942532
1.96686 -0.816728
2.05239 -0.691391
2.30879 -0.829133
2.39422 -1.27653
2.31115 -1.44982
2.44941 -1.55988
2.5717 -1.51334
2.71134 -1.72005
2.7266 -1.47204
2.5456 -1.18197
2.72334 -1.11785
2.51091 -0.846135
2.39223 -0.662995
2.12292 -0.498174
2.00691 -0.226364
1.94897 -0.417888
1.81566 -0.576527
1.73294 -0.191851
1.52159 -0.382238
1.61327 -0.72717
1.38957 -0.564249
1.24129 -0.622416
1.18678 -0.830577
1.40911 -0.056614
1.32168 0.272329
1.58032 0.0951738
1.83212 0.0939686
1.98611 0.254254
1.78456 0.354675
1.59125 0.318237
1.63031 0.53368
1.38785 0.530307
1.23844 0.748877
1.08157 0.794257
1.11597 0.948941
0.98322 1.1646
0.77961 1.25813
0.908027 1.33769
1.03619 1.38577
1.18437 1.16571
1.22358 1.35212
1.14618 1.53564
0.987158 1.57744
1.06103 1.73898
0.865834 1.73233
0.841999 1.50681
0.686453 1.7111
0.71175 1.89529
0.585291 1.84128
0.572844 1.94072
0.628392 2.02587
0.75295 2.0651
0.624234 2.18861
0.482555 2.04006
0.354414 2.20669
0.494386 2.30969
0.341326 2.35603
0.18716 2.3758
-0.434083 2.6188
1.43187 1.62053
1.24736 1.73276
1.22934 1.63495
1.06683 1.84648
0.89677 1.95545
1.31732 1.4649
1.48668 1.42218
1.43704 1.21364
1.63661 1.32299
1.61131 1.50929
1.7809 1.39746
1.92921 1.27925
1.78927 1.24823
1.88617 1.11369
1.70126 1.12596
1.83842 0.930335
2.00144 0.943143
2.04312 1.14897
2.19642 0.807863
2.02621 0.70078
2.30441 0.501712
2.44624 0.605643
2.34087 0.938283
2.47406 0.794973
2.22026 1.04375
2.95489 0.331797
2.86612 0.467879
2.75428 0.574114
2.6078 0.673
2.53023 0.660558
2.58921 0.565324
4.14861 -3.99058
4.11945 -4.11499
4.10492 -4.20422
4.07115 -4.29491
4.03274 -4.3985
4.01275 -4.39445
3.9541 -4.50474
3.93662 -4.50168
3.84033 -4.58786
1.85618 -4.59399
1.67738 -4.63192
2.01295 -4.60016
1.7894 -4.77369
1.57602 -4.73572
1.56304 -4.82286
1.38365 -4.64152
1.52304 -4.64506
-2.37327 -4.18619
-2.23608 -4.19588
-2.30358 -4.19715
-2.16914 -4.19257
-2.19946 -4.29085
-2.31529 -4.22056
-2.44715 -4.17245
-2.26705 -4.34709
-2.32549 -4.37004
-2.41993 -4.28814
-2.50525 -4.15674
-2.55659 -4.09699
-2.66609 -4.01294
-2.93592 -3.63672
-2.86678 -3.76173
-2.80357 -3.85384
-2.76463 -3.9185
-2.73601 -4.02631
-2.82053 -3.95156
-2.9232 -3.72096
-2.90385 -3.79953
-2.97032 -3.6447
-3.00609 -3.51477
-3.1401 -2.86841
-3.13338 -2.9984
-3.10776 -3.13502
-3.08075 -3.26685
-3.05197 -3.38115
-3.04477 -3.39953
-2.99872 -3.51531
-3.01633 -3.40736
-2.98228 -3.59538
-2.97697 -3.54886
-2.93373 -3.73065
-2.93659 -3.71996
-2.85038 -3.91636
-2.87546 -3.83825
-2.80681 -3.94749
-2.83401 -3.8603
-2.70646 -4.03676
-2.73718 -4.04399
-2.58658 -4.20207
-2.57589 -4.16112
-2.47235 -4.29901
-2.49606 -4.18548
-2.37338 -4.29932
-2.3339 -4.42835
-2.40239 -4.43027
-2.2391 -4.56213
-2.34693 -4.51254
-2.21233 -4.62709
-2.32191 -4.54203
-2.31979 -4.53068
-2.15967 -4.64425
-2.29 -4.5504
-2.41791 -4.38873
-2.29991 -4.46243
-2.2158 -4.58926
-2.12147 -4.60062
-1.98355 -4.72335
-1.95475 -4.65134
-2.04323 -4.5377
-1.90234 -4.58392
-1.844 -4.68531
-1.78876 -4.6422
-1.71924 -4.73921
-1.63493 -4.65383
-1.79784 -4.52058
-1.59368 -4.4989
-1.42175 -4.61105
-1.37263 -4.47568
-1.59814 -4.34231
-1.74468 -4.41151
-1.78838 -4.30601
-1.66391 -4.21337
-1.51637 -4.24728
-1.30422 -4.35583
1.12802 -4.62423
1.24824 -4.62908
1.17264 -4.67959
1.27864 -4.75956
1.1895 -4.7413
1.27262 -4.85038
1.11502 -4.78315
1.08756 -4.69107
0.984599 -4.75603
0.968095 -4.66129
0.811394 -4.72356
-1.08539 -4.46009
-1.23019 -4.58514
-1.0183 -4.65135
-0.867442 -4.57288
-0.713778 -4.70538
-0.568251 -4.82777
0.664883 -4.78868
0.85522 -4.80608
0.771141 -4.9145
0.512708 -4.8595
0.554504 -4.97796
0.361187 -4.91289
0.213486 -4.95642
-0.193789 -4.9873
-0.320396 -4.95222
-0.444795 -4.89676
-0.506103 -5.00337
-0.705914 -4.93475
-0.677757 -4.85977
-0.956362 -4.83078
-0.899313 -4.94481
-1.11353 -4.90531
-1.16267 -4.83113
-1.24894 -4.72266
-1.31129 -4.81813
-1.44771 -4.72697
-1.52491 -4.81059
-1.33354 -4.90399
-1.49515 -4.88801
-1.64818 -4.8311
-1.82205 -4.76424
-1.72298 -4.83243
-1.84323 -4.79557
-1.97418 -4.74774
-1.82098 -4.79909
-1.72018 -4.84675
-1.75247 -4.81709
-1.59418 -4.88985
-1.56822 -4.89586
-1.3926 -4.96291
-1.36653 -4.95247
-1.22003 -5.01147
-1.15131 -4.99038
-0.974873 -5.00512
-0.950236 -5.05985
-0.746447 -5.04913
-0.784972 -5.12336
-0.628225 -5.13636
-0.49948 -5.10052
-0.315306 -5.04237
-0.305871 -5.16112
-0.0636063 -4.9988
-0.0812292 -5.17384
0.0768642 -5.0658
0.0857315 -5.17123
0.23761 -5.09629
0.221077 -5.17011
0.399771 -5.13582
0.430899 -5.06005
0.56171 -5.1072
0.620502 -5.06245
0.782926 -5.1233
0.575672 -5.16021
0.804721 -5.17959
1.06936 -5.12308
1.00455 -5.05803
1.25755 -5.02238
1.12917 -4.93343
0.923971 -4.97872
0.991505 -4.86001
1.16459 -4.85738
1.26065 -4.9272
1.44642 -4.98102
1.43936 -4.85706
1.69234 -4.92589
1.68555 -5.02072
1.88634 -5.00938
1.91814 -4.94216
1.91113 -4.87213
2.09165 -4.80522
2.06355 -4.90039
2.27739 -4.89596
2.1193 -4.9828
2.43216 -4.97766
2.25419 -5.03333
2.44226 -5.05898
2.67433 -5.02753
2.64105 -5.07799
2.42701 -5.08993
2.55123 -5.09675
2.28673 -5.11089
2.34148 -5.1001
2.59036 -5.0707
2.7522 -5.07055
2.83438 -5.04224
2.72902 -5.04041
2.90587 -5.01514
2.73156 -5.00708
2.91914 -4.97561
2.65387 -4.95745
2.90575 -4.90442
2.72112 -4.90434
2.74363 -4.84808
2.95953 -4.79913
3.15736 -4.84724
3.20373 -4.70215
3.34739 -4.79171
3.39421 -4.70831
3.46714 -4.74027
3.48125 -4.80517
3.57664 -4.71228
3.51016 -4.66279
3.62671 -4.60102
3.54232 -4.56396
3.64319 -4.45535
3.48029 -4.47086
3.41058 -4.61205
3.28238 -4.52242
3.08751 -4.59407
3.10031 -4.462
3.24924 -4.38942
3.1305 -4.27623
2.93916 -4.39915
2.96446 -4.28996
2.94284 -4.1588
3.16013 -4.04694
2.71518 -4.02636
2.72546 -4.21277
2.53892 -4.19893
2.46809 -4.0814
2.29786 -4.21204
2.24701 -4.05209
2.00376 -4.18264
2.10923 -4.32348
2.26842 -4.31075
2.25999 -4.41308
1.98086 -4.45359
2.09947 -4.54459
1.82696 -4.58925
2.04506 -4.66135
2.38796 -4.55795
2.26831 -4.7137
2.50802 -4.67143
2.51641 -4.79234
2.20431 -4.82491
2.34397 -4.88105
2.14341 -4.89505
2.25184 -4.92457
2.13598 -4.95675
1.94437 -4.92454
1.86957 -4.98048
2.00691 -5.02279
2.36062 -4.99674
2.19775 -5.04363
1.96656 -5.08711
2.12447 -5.10466
1.9195 -5.13499
1.93472 -5.15105
1.79481 -5.14391
1.73659 -5.15607
1.77963 -5.14355
2.04091 -5.13217
1.86315 -5.09064
2.04821 -5.09979
2.22252 -5.08929
2.14497 -5.13243
2.06619 -5.06562
1.54161 -5.08965
1.55522 -5.1425
1.41606 -5.11727
1.31516 -5.08086
1.26048 -5.09918
1.1172 -5.14177
0.954065 -5.18618
1.05761 -5.17344
1.22496 -5.11606
1.10245 -5.16586
0.878942 -5.20879
1.02007 -5.18176
0.787256 -5.20299
0.667432 -5.22147
0.573059 -5.21128
0.448078 -5.22394
0.648559 -5.2106
0.479892 -5.20517
0.655099 -5.19945
0.371342 -5.17868
0.208428 -5.22288
0.0243378 -5.21196
-0.0809584 -5.21802
0.0116758 -5.22662
-0.260235 -5.21406
-0.119815 -5.20607
-0.370749 -5.17185
-0.521921 -5.17525
-0.446564 -5.19572
-0.628475 -5.17843
-0.59779 -5.16808
-0.804194 -5.1393
-0.948808 -5.08989
-0.973093 -5.08969
-1.09 -5.05336
-1.07611 -5.04549
-1.21152 -5.01293
-1.09187 -5.05502
-1.25473 -4.99217
-1.35877 -4.9507
-1.51811 -4.89765
-1.40889 -4.90821
-1.5814 -4.85558
-1.7031 -4.79125
-1.88984 -4.72964
-1.92029 -4.74458
-2.04825 -4.67455
-2.02562 -4.61833
-2.17241 -4.50241
-2.02299 -4.54129
-1.91358 -4.61484
-1.82997 -4.69559
-1.77137 -4.65756
-1.61107 -4.76597
-1.4966 -4.85324
-1.35424 -4.86378
-1.27376 -4.92528
-1.06448 -4.9575
-1.08399 -4.99164
-0.913496 -5.03871
-0.951844 -5.06994
-1.20567 -4.98073
-0.917856 -5.10652
-0.750836 -5.13787
-0.661701 -5.10934
-0.782056 -5.03702
-0.50633 -5.08492
-0.474381 -5.1242
-0.356432 -5.14237
-0.186279 -5.17562
-0.238798 -5.12317
-0.367599 -5.07883
-0.494143 -5.03285
-0.673811 -5.02292
-0.724851 -4.94511
-0.851804 -4.97978
-0.996115 -4.90594
-1.20475 -4.86346
-1.16023 -4.81427
-1.41676 -4.77579
-1.32354 -4.71558
-1.55926 -4.66242
-1.62839 -4.69959
-1.72125 -4.62343
-1.86659 -4.57398
-1.73282 -4.54256
-1.96557 -4.4647
-2.11575 -4.4582
-2.12851 -4.38029
-2.24041 -4.39649
-2.26358 -4.26363
-2.39671 -4.19199
-2.35367 -4.14384
-2.49564 -4.04051
-2.61828 -4.05478
-2.64321 -3.90426
-2.7392 -3.9204
-2.75211 -3.78276
-2.81532 -3.79434
-2.87426 -3.67186
-2.91679 -3.70006
-2.92276 -3.48739
-2.9839 -3.31559
-2.96272 -3.19299
-3.03851 -3.06796
-3.06392 -3.16789
-3.10279 -2.94728
-3.08204 -2.80653
-3.12748 -2.77324
-3.15145 -2.68148
-3.15597 -2.74756
-3.17054 -2.62774
-3.17115 -2.51154
-3.18199 -2.41463
-3.2139 -2.24922
-3.21224 -1.98977
-3.20642 -1.85159
-3.1651 -1.93057
-3.21299 -1.72188
-3.14011 -1.76279
-3.11378 -1.92186
-3.0849 -2.11155
-3.04963 -1.88516
-3.00839 -2.09713
-3.01237 -2.33205
-2.93915 -2.27415
-2.92821 -2.55559
-2.99087 -2.5822
-3.08676 -2.46149
-2.99055 -2.85164
-2.93283 -2.74057
-2.90716 -2.93237
-2.90284 -2.77114
-2.84344 -2.90021
-2.87109 -2.69423
-2.85135 -2.4692
-2.78072 -2.74432
-2.75263 -2.50443
-2.67217 -2.6241
-2.67229 -2.35395
-2.78297 -2.28417
-2.72003 -2.09059
-2.80398 -2.05526
-2.86909 -2.16673
-2.94605 -1.99829
-2.88141 -1.86839
-2.96665 -1.73195
-3.07622 -1.57566
-3.15926 -1.54261
-3.12407 -1.27668
-3.02725 -1.32568
-2.95068 -1.50186
-2.88773 -1.21696
-2.86345 -1.59287
-2.77563 -1.44443
-2.76948 -1.80872
-2.91172 -1.67815
-2.6804 -1.65195
-2.64895 -1.36843
-2.56129 -1.70409
-2.67134 -1.88053
-2.6062 -2.09982
-2.50133 -2.00086
-2.49649 -2.3016
-2.59308 -2.31769
-2.58227 -2.49327
-2.48404 -2.59491
-2.40443 -2.48286
-2.35516 -2.71195
-2.47095 -2.82614
-2.37473 -2.89429
-2.44121 -3.04111
-2.29918 -3.01696
-2.30493 -2.85741
-2.19839 -2.79379
-2.12652 -3.08292
-2.24403 -3.2341
-2.10484 -3.35154
-2.25853 -3.44377
-2.32599 -3.30981
-2.36204 -3.37181
-2.37506 -3.46318
-2.46913 -3.34242
-2.46942 -3.53601
-2.33755 -3.5955
-2.38638 -3.75416
-2.2805 -3.72164
-2.25052 -3.85402
-2.17366 -3.74305
-2.12042 -3.89643
-2.19402 -4.01867
-2.32534 -3.93888
-2.28275 -4.04673
-2.23715 -4.14658
-2.05689 -4.16018
-2.11598 -4.2817
-1.93667 -4.30529
-1.83974 -4.19206
-1.70511 -4.35792
-1.64739 -4.24287
-1.45686 -4.33342
-1.46836 -4.46198
-1.65101 -4.47388
-1.45748 -4.59458
-1.84297 -4.42292
-1.23853 -4.5706
-1.13132 -4.69171
-1.16635 -4.75622
-1.02474 -4.79027
-0.915557 -4.76799
-0.816804 -4.84372
-0.944635 -4.8593
-0.568761 -4.8954
-0.469402 -4.9875
-0.343429 -4.9709
-0.244906 -5.05079
-0.143738 -4.98523
0.0594473 -5.06666
-0.0110493 -5.1314
-0.0208406 -5.17727
0.158756 -5.17293
0.153544 -5.20217
-0.0129528 -5.19838
0.100019 -5.21472
0.336733 -5.21276
0.221893 -5.22402
0.33684 -5.19864
0.499684 -5.20139
0.542852 -5.17535
0.682335 -5.1974
0.771516 -5.15322
0.890478 -5.17995
0.991612 -5.11245
1.06066 -5.14395
1.19389 -5.09756
1.18458 -5.06782
1.41029 -5.05148
1.30592 -5.00306
1.46705 -4.99599
1.57645 -5.03461
1.6219 -5.07053
1.5997 -5.10937
1.78497 -5.07786
1.77872 -5.12596
1.60759 -5.1508
1.5339 -5.13072
1.46831 -5.11996
1.4031 -5.118
1.37792 -5.11564
1.24492 -5.11498
1.33188 -5.09158
1.17764 -5.13281
1.46727 -5.1041
1.74874 -5.03157
1.65638 -4.99659
1.75666 -4.94918
1.55517 -4.93811
1.33285 -4.95392
1.38006 -4.89616
1.1801 -4.93926
1.16479 -5.02589
1.00306 -5.047
0.848509 -5.10309
0.820229 -5.04315
0.648796 -5.11024
0.62311 -5.01363
0.448368 -5.05651
0.463728 -5.12765
0.356672 -5.15471
0.298451 -5.10077
0.194272 -5.13843
0.238959 -5.01628
0.0492048 -4.98281
0.159196 -4.89786
-0.092206 -4.8899
-0.333088 -4.88921
-0.289484 -4.77151
-0.596089 -4.74954
-0.745312 -4.79308
-0.870048 -4.71138
-0.829906 -4.63268
-1.02311 -4.62975
-1.03309 -4.54395
-1.24621 -4.45755
-1.03603 -4.45902
-1.16092 -4.34159
-1.34514 -4.2222
-1.51924 -4.19867
-1.41567 -4.05521
-1.66375 -4.1089
-1.64999 -3.89591
-1.8362 -4.00944
-1.95842 -4.07316
-1.98173 -3.93378
-2.06436 -4.02561
-2.04229 -3.75409
-1.8657 -3.79475
-1.94656 -3.53187
-1.67595 -3.58015
-1.80812 -3.38353
-1.6572 -3.17347
-1.35568 -3.46377
-1.38127 -3.77077
-1.24576 -3.64826
-1.08567 -3.56283
-1.09185 -3.34528
-0.828526 -3.43965
-0.889899 -3.13475
-1.27762 -3.10339
-1.06992 -2.95244
-0.856584 -2.79812
-0.608014 -2.98393
-0.467977 -2.67535
-0.3624 -3.01546
-0.512866 -3.27784
-0.110823 -3.23897
-0.29794 -3.50131
-0.560996 -3.59873
-0.307285 -3.7697
-0.0699415 -3.59613
-0.0632811 -3.83041
0.160154 -3.72794
0.0581503 -4.02421
-0.224187 -3.98195
-0.23171 -4.18726
0.0632277 -4.27057
-0.134291 -4.39702
0.0696793 -4.40278
0.270293 -4.40502
0.341995 -4.14949
0.49223 -4.31606
0.515196 -4.5025
0.308565 -4.59747
0.466891 -4.61405
0.601897 -4.64428
0.770298 -4.53025
0.785487 -4.70314
0.61408 -4.77942
0.793076 -4.83978
0.613673 -4.9048
0.433635 -4.82852
0.403423 -4.94725
0.303899 -4.85769
0.223021 -4.74803
-0.0297508 -4.77598
0.0151997 -4.6501
-0.215338 -4.6427
-0.50915 -4.61164
-0.377296 -4.48686
-0.653658 -4.46381
-0.803877 -4.53281
-0.674948 -4.62835
-0.898303 -4.41351
-0.761508 -4.36633
-0.933952 -4.29607
-1.11208 -4.17335
-0.899471 -4.20896
-0.711682 -4.2666
-0.806059 -4.08857
-0.527541 -4.18812
-0.429002 -4.32073
-0.463531 -4.05294
-0.586163 -4.38338
-0.127472 -4.54562
0.0787096 -4.52263
0.153776 -4.63587
0.443185 -4.70975
-0.610421 -3.87216
-0.907661 -3.88384
-1.13429 -3.96235
-1.10947 -3.76255
-0.852556 -3.69466
-0.394145 -3.9345
0.800861 -4.95024
0.965321 -4.87049
0.983078 -4.96617
1.134 -4.87494
1.31846 -4.84722
1.24878 -4.78879
1.11062 -4.77745
1.26306 -4.68671
1.10846 -4.65684
0.956243 -4.75487
0.950347 -4.61095
1.08852 -4.53414
0.972797 -4.46292
0.856018 -4.37682
0.686322 -4.35247
0.838766 -4.22888
0.643595 -4.13928
0.8464 -4.06673
0.768525 -3.89632
0.524511 -3.91458
0.307681 -3.9147
0.407246 -3.69387
0.285632 -3.51048
0.112176 -3.4643
0.244081 -3.23266
0.0906124 -2.89141
0.328813 -2.95955
0.494126 -3.11686
0.5018 -2.80353
0.740811 -2.95674
0.716919 -2.52532
0.956564 -2.72536
0.964169 -2.9864
0.892122 -3.20949
1.10108 -3.14286
1.02574 -3.39919
0.837486 -3.44682
0.680452 -3.29991
0.663153 -3.62834
0.936774 -3.66631
0.983188 -3.92073
1.14454 -3.7537
1.19938 -3.97386
1.00778 -4.12006
1.17201 -4.20622
1.36191 -4.11777
1.35001 -4.33541
1.50814 -4.22884
1.59603 -4.37856
1.44095 -4.47959
1.2569 -4.52959
1.13952 -4.39554
1.42879 -4.60763
1.60163 -4.53634
1.6003 -4.65231
1.44294 -4.73962
1.73517 -4.73568
1.55916 -4.84094
1.75317 -4.82018
1.96502 -4.78276
1.78493 -4.88189
2.00499 -4.8647
1.76295 -4.46691
1.85461 -4.34741
1.71409 -4.21968
1.80278 -4.05575
1.57286 -4.07907
1.67112 -3.92367
1.45366 -3.8915
1.6961 -3.67884
1.4473 -3.65517
1.30182 -3.77645
1.29562 -3.57249
1.12587 -3.55386
1.23645 -3.3405
1.54297 -3.3285
1.34149 -3.01853
1.13605 -2.88051
1.30285 -2.741
1.44048 -2.80968
1.61604 -2.86673
1.28221 -2.48063
1.14902 -2.6383
1.04822 -2.32924
1.27845 -2.24273
1.23106 -1.97815
1.00346 -1.88098
0.789745 -2.09049
0.545423 -2.1816
0.438663 -2.50062
0.314325 -2.20759
0.252042 -2.47606
0.294218 -2.7195
0.123886 -2.59681
-0.113398 -2.55726
-0.17978 -2.88435
-0.348075 -2.31926
-0.573536 -2.33822
-0.790667 -2.4645
-0.772849 -2.15288
-0.991967 -2.25915
-1.10047 -2.53926
-1.10239 -2.79175
-1.24811 -2.73385
-1.38801 -2.55664
-1.39301 -2.84148
-1.22449 -2.89303
-1.50256 -2.97114
-1.63657 -2.7388
-1.94324 -2.8538
-1.93435 -3.2332
-1.87462 -2.40176
-2.10255 -2.51588
-2.27795 -2.51146
-2.22391 -2.25877
-2.36513 -2.28
-2.32395 -1.99459
-2.42743 -2.10565
-2.43413 -1.92714
-2.47538 -1.83352
-2.39863 -1.67256
-2.46938 -1.42157
-2.54285 -1.33118
-2.45019 -1.1052
-2.34452 -1.25346
-2.31732 -0.829437
-2.21583 -0.966648
-2.22017 -1.24399
-2.2805 -1.4695
-2.15582 -1.41858
-2.082 -1.04782
-1.9963 -1.32103
-1.88616 -0.974219
-1.83893 -1.23813
-1.65236 -0.93125
-1.71223 -1.38522
-1.90474 -1.53485
-1.801 -1.74548
-1.4771 -1.62101
-1.71823 -2.03279
-1.53521 -2.02944
-1.5889 -2.31911
-1.28372 -2.12626
-1.94176 -2.04081
-2.06454 -2.24334
-2.1294 -1.96525
-1.98041 -1.79725
-2.0748 -1.63773
-2.23522 -1.70407
-1.09479 -1.67055
-0.987271 -1.99535
-0.7571 -1.76694
-0.876989 -1.35857
-1.14408 -1.16195
-0.910613 -1.10359
-0.742936 -1.08298
-0.61058 -1.38806
-0.524883 -1.02617
-0.344823 -1.3511
-0.440552 -1.7374
-0.125778 -1.78156
-0.310587 -2.02966
-0.15637 -2.20185
-0.526248 -2.06225
0.072485 -2.25637
0.170135 -1.8515
0.401123 -1.85248
0.278932 -1.47903
0.0607815 -1.42524
0.174507 -1.01785
-0.032589 -1.06246
-0.134567 -1.30276
-0.275748 -0.862248
-0.0307522 -0.709397
-0.202526 -0.472384
-0.46841 -0.34035
-0.543221 -0.667405
-0.678669 -0.829305
-0.729935 -0.580885
-0.888763 -0.835484
-0.910406 -0.509536
-1.11322 -0.675066
-1.37682 -0.889971
-1.38629 -1.2154
-1.52851 -1.20759
-1.47702 -0.625777
-1.59234 -0.539243
-1.75414 -0.604436
-1.5951 -0.233126
-1.80698 -0.314055
-1.94245 -0.658682
-1.973 -0.320442
-2.09546 -0.695395
-2.19439 -0.692351
-2.1239 -0.466614
-2.22041 -0.487867
-2.3253 -0.535298
-2.42835 -0.743736
-2.40049 -0.365237
-2.53365 -0.601009
-2.55939 -1.01106
-2.64964 -0.787608
-2.67784 -1.09094
-2.73453 -0.918102
-2.77429 -1.14069
-2.81932 -0.868591
-2.91992 -0.873073
-3.02648 -1.06604
-3.02807 -0.749644
-3.11089 -0.963124
-3.17228 -1.09643
-3.22276 -1.37843
-3.21241 -0.986672
-3.1674 -0.881561
-3.23201 -0.648092
-3.22829 -0.843577
-3.24862 -1.07389
-3.23793 -1.58227
-3.24553 -1.47516
-3.23251 -1.42707
-3.24154 -1.28882
-2.81204 0.42306
-2.91499 0.188252
-2.84462 0.263838
-2.91248 0.0345746
-2.78177 0.0519249
-2.63058 0.325149
-2.62593 0.0991707
-2.55509 0.241239
-2.46233 0.196525
-2.5662 -0.073257
-2.73433 -0.157177
-2.66312 -0.407492
-2.75405 -0.304918
-2.78574 -0.479142
-2.74225 -0.684022
-2.81201 -0.652941
-2.88643 -0.59828
-2.86039 -0.337182
-2.99606 -0.475642
-3.07053 -0.565811
-3.12474 -0.715744
-3.148 -0.491298
-3.19852 -0.495026
-3.17634 -0.350832
-3.13301 -0.268972
-3.06764 -0.401725
-2.97455 -0.214121
-3.0266 -0.0810476
-3.1017 -0.138293
-3.05542 -0.00102919
-2.98765 0.0989983
-2.8812 -0.0653417
-2.849 -0.142422
-2.51681 -0.295903
-2.42772 -0.066808
-2.31727 -0.0861295
-2.25686 -0.256975
-2.19751 0.0634043
-2.09608 -0.154495
-2.02459 0.230702
-1.85744 0.124938
-1.88268 0.400658
-1.73731 0.501278
-1.58383 0.400382
-1.58859 0.686146
-1.39913 0.782175
-1.32078 0.498999
-1.45873 0.145934
-1.12845 0.192109
-1.3859 -0.0663462
-1.69773 0.0122852
-1.44291 -0.337121
-1.26939 -0.172545
-1.29482 -0.477304
-1.06271 -0.256404
-0.916533 -0.00120297
-0.771618 -0.281361
-0.690627 0.035118
-0.622975 -0.450831
-0.444278 0.0107597
-0.226162 -0.157621
-0.271683 0.201033
-0.555863 0.24263
-0.479156 0.454949
-0.669968 0.401991
-0.662219 0.569153
-0.87278 0.435433
-0.745897 0.277738
-0.895985 0.218973
-0.975044 0.294469
-1.07098 0.697214
-0.776581 0.768742
-1.06489 0.947268
-1.19267 0.919042
-1.24846 0.726745
-1.5442 0.988044
-1.47025 1.25244
-1.65442 1.23828
-1.74809 0.92385
-1.68626 0.748379
-1.83075 0.64293
-1.97474 0.500627
-2.15662 0.439769
-2.13963 0.69129
-2.26064 0.639395
-2.34841 0.407982
-2.31974 0.167971
-2.49306 0.339958
-2.44527 0.519936
-2.55309 0.59113
-2.68586 0.474318
-2.67031 0.653868
-2.51962 0.765873
-2.42784 0.945244
-2.58175 0.833858
-2.74601 0.538797
-2.40901 1.0661
-1.0828 1.14901
-0.481258 0.761366
-0.360597 1.06097
-0.23028 0.835525
-0.000181198 0.749395
-0.210575 0.541726
0.023654 0.493539
0.163793 0.571853
0.19341 0.311778
-0.0395842 0.302863
0.0543108 -0.0499419
0.314603 0.0370885
0.346312 -0.289797
0.536462 -0.0683882
0.453824 0.244527
0.583159 0.437069
0.36369 0.552404
0.151696 -0.521495
-0.0446939 -0.37034
0.376154 -1.17055
-1.83847 -0.11625
-2.7131 -1.27321
1.85662 -3.05346
1.87937 -3.39194
2.09139 -3.18709
2.07224 -3.41115
2.29371 -3.37033
2.3269 -3.0134
2.12806 -2.81627
2.05452 -3.62408
2.39121 -3.66635
2.18131 -3.8684
2.47146 -3.9087
2.02232 -4.01371
1.89631 -3.87138
1.88612 -2.69383
1.0006 -4.30189
0.464943 -3.41699
-2.12936 -3.57883
-2.23024 -3.62107
0.268644 -5.16615
-2.00863 -4.37818
-2.35832 -4.03795
-2.46243 -3.87348
-2.58735 -3.84034
-2.55538 -3.73786
-2.49864 -3.69803
-2.59242 -3.55303
-2.61126 -3.68003
-2.71145 -3.52013
-2.67765 -3.72972
-2.78213 -3.59788
-2.8234 -3.37102
-2.87219 -3.45834
-2.91557 -3.16259
-3.0195 -2.97566
-2.85635 -3.13685
-2.77464 -3.30251
-2.74844 -3.0966
-2.69348 -3.36112
-2.61015 -3.31446
-2.63088 -3.08452
-2.5426 -3.16414
-2.45068 -3.21033
-2.39903 -3.29077
-2.36507 -3.1891
-2.5627 -2.958
-2.66879 -2.87791
-2.57924 -2.73425
-2.81911 -3.67091
-3.14633 -2.56283
-3.17415 -2.28682
-3.2098 -2.13284
-3.14852 -2.15567
-0.387062 -5.19521
-0.489367 -5.16616
-0.187074 -5.20158
-0.27392 -5.21115
0.785824 -5.20775
2.36042 -5.05941
2.36792 -5.03292
2.53746 -5.02665
2.57932 -4.99874
2.3852 -4.93564
2.56182 -4.88857
2.77581 -4.76616
2.71398 -4.68312
2.94017 -4.68895
2.8805 -4.56187
2.64232 -4.59051
2.70915 -4.46735
2.55448 -4.35294
2.39104 -4.29766
2.81433 -4.31738
3.32551 -4.1341
3.30582 -4.28359
3.41974 -4.23865
3.4868 -4.11178
3.42345 -3.99409
3.53232 -3.92677
3.61518 -4.05432
3.63261 -3.88046
3.70627 -3.96052
3.72614 -4.13022
3.8001 -3.94673
3.71466 -3.74909
3.82741 -3.71817
3.77329 -3.53971
3.67581 -3.47542
3.86702 -3.44844
3.63185 -3.2176
3.92451 -3.716
3.86469 -3.8483
3.91278 -3.96977
4.0053 -3.79284
3.98824 -3.65385
4.04139 -3.56554
3.96348 -3.48284
4.01919 -3.28756
4.13397 -3.32366
4.07265 -3.23153
4.11402 -3.1228
4.09499 -2.40422
4.10363 -2.57816
4.07751 -2.668
4.10531 -2.7633
4.10505 -2.94727
4.03623 -3.06664
3.99106 -2.79559
3.94182 -3.0109
3.92935 -3.22544
3.90658 -2.88034
3.90896 -2.79906
4.01185 -2.52519
3.96458 -2.22478
4.01076 -2.12212
4.05689 -2.25052
3.99718 -1.57101
4.01627 -1.76296
4.0086 -1.74971
4.02399 -1.87146
4.02732 -1.98528
4.04241 -2.11062
4.00794 -2.01907
3.97579 -1.79707
3.98241 -1.61163
4.15439 -3.84993
4.16482 -3.70034
4.10771 -3.97579
4.06063 -3.91714
4.08277 -3.7004
4.15792 -3.5253
3.99729 -4.02351
4.04576 -4.08359
3.98812 -4.20819
4.04942 -4.1689
4.04954 -4.25491
3.96848 -4.37098
3.99837 -4.41321
3.8952 -4.55227
3.92937 -4.53648
3.80034 -4.69387
3.85655 -4.63188
3.88126 -4.58758
3.80832 -4.70344
3.75683 -4.71708
3.77217 -4.62886
3.64336 -4.83776
3.52476 -4.88126
3.58468 -4.78658
3.68174 -4.65907
3.54508 -4.64481
3.42462 -4.6036
3.30265 -4.55644
3.13689 -4.50324
2.9289 -4.5603
2.59202 -4.58932
2.84941 -4.66843
3.1021 -4.615
3.03747 -4.73066
3.21218 -4.70661
3.26705 -4.58865
3.32346 -4.78987
3.10945 -4.83305
3.2335 -4.90186
3.07214 -4.92693
2.96354 -4.90126
2.87735 -4.80178
2.81112 -4.90401
2.58671 -4.86802
2.68788 -4.76203
2.60366 -4.70559
2.52297 -4.77954
2.36598 -4.73041
2.25459 -4.62523
2.15411 -4.70461
2.36927 -4.82003
2.68637 -4.95862
2.90085 -4.97449
2.92535 -5.04038
3.11456 -4.96825
3.19739 -5.00601
3.32136 -4.94373
3.40211 -4.96615
3.53577 -4.91142
3.49121 -4.93953
3.59791 -4.90168
3.70703 -4.81294
3.64941 -4.87932
3.49664 -4.94754
3.48094 -4.96527
3.66304 -4.83014
3.72434 -4.79885
3.76034 -4.76095
3.76224 -4.67835
3.62162 -4.76878
3.69902 -4.64278
3.83585 -4.51866
3.72267 -4.52937
3.78173 -4.39731
3.71312 -4.2975
3.83009 -4.18723
3.56994 -4.27598
3.88774 -4.31824
3.92841 -4.16447
3.49833 -4.88439
3.33213 -4.87889
3.31658 -4.95992
3.24423 -4.99707
3.31607 -5.00252
3.13935 -5.03322
3.09815 -5.03858
3.29275 -5.01857
3.4069 -4.97928
2.95374 -5.05286
2.82148 -5.0663
3.04044 -5.02511
3.10686 -4.99269
3.13773 -4.93775
3.42463 -4.853
3.39136 -4.36842
0.755798 -4.97873
0.773749 -5.03379
0.0717258 -4.98656
-1.79034 -4.19574
-1.91538 -4.19612
-2.04162 -4.19733
-1.86802 -4.39924
-1.96007 -4.46066
-2.11533 -4.41519
-2.19583 -4.4715
-2.44115 -4.30665
-2.5267 -4.18354
-2.57507 -4.20331
-2.64622 -4.08275
-2.68029 -4.11786
-2.54434 -4.26698
-2.46165 -4.34982
-2.44096 -4.37611
-2.55016 -4.27022
-2.7016 -4.11957
-2.71915 -4.09394
-2.83198 -3.94522
-2.46042 -4.36649
-2.41313 -4.44696
-2.48455 -4.33047
-2.58168 -4.10899
-3.00367 -3.55183
-3.01928 -3.46265
-3.07413 -3.2708
-3.02899 -3.40341
2.423 0.471718
2.13606 0.372924
1.86132 0.537934
1.79772 0.771268
1.67363 0.70412
1.47589 0.731087
1.61061 0.923972
1.33963 0.953693
-1.47232 2.31465
-1.36936 2.36676
-1.56264 2.18078
-1.29293 2.22976
-1.41739 2.01595
-1.14474 2.1079
-1.24186 1.92101
-1.03609 2.01565
-1.1325 1.86238
-1.02262 1.84057
-0.876678 1.92591
-0.826047 2.15154
-0.661806 1.98192
-0.755712 1.76318
-0.360166 1.98332
-0.530773 2.13503
-0.277641 2.24139
-0.526039 2.31457
-0.784439 2.41609
-1.04536 2.29688
-0.997989 2.45604
-1.22792 2.42095
-1.05549 2.5637
-0.879218 2.58677
-0.69944 2.61094
-0.556982 2.60169
-0.517056 2.48765
-0.320908 2.53798
-0.218249 2.44338
-0.0909052 2.42618
0.04356 2.40506
-0.0759935 2.27261
0.0878925 2.1858
-0.137013 2.10096
-0.00995827 1.9585
-0.179037 1.95709
0.115999 1.72526
0.259923 1.97728
0.329885 1.8123
0.45544 1.8966
0.498345 1.75835
0.383107 1.52725
0.617162 1.53268
0.535882 1.30464
0.433961 1.38405
0.38879 1.28774
-1.6017 2.02528
2.90134 -1.45602
2.88918 -1.76584
3.02025 -1.69604
3.07552 -1.52773
3.1517 -1.78294
3.0874 -1.3105
2.99099 -1.31514
3.00678 -1.21116
2.94615 -1.14773
2.88388 -1.20086
2.87583 -2.61504
3.05739 -2.54438
3.02931 -2.76926
3.13681 -2.76984
3.20588 -2.62213
3.24706 -2.93004
3.10483 -3.029
3.23614 -3.24459
3.35397 -3.40646
3.09475 -3.35677
2.98947 -3.1943
2.85068 -3.1975
2.93562 -2.94993
3.27829 -2.47401
2.45042 -0.211478
3.59267 -3.05483
-1.8587 1.47271
-1.88048 1.59716
-1.92628 1.48537
-1.95896 1.70758
