0.630942 -5.19524
0.755493 -5.12107
0.876565 -5.03546
1.00223 -5.09385
0.841832 -5.1689
1.03486 -5.19616
0.787932 -5.25289
0.48859 -5.25694
0.337725 -5.28928
0.0135918 -5.30414
0.179619 -5.30314
0.276008 -5.38537
0.461069 -5.37467
0.543933 -5.44676
0.726071 -5.40933
0.799943 -5.49039
1.07358 -5.42782
0.906157 -5.53128
1.17247 -5.50155
1.39169 -5.43439
1.34112 -5.49824
1.22221 -5.52932
1.34177 -5.50883
1.5334 -5.4575
1.4665 -5.46727
1.2822 -5.52783
1.39735 -5.47448
1.23855 -5.50346
1.42256 -5.42474
1.55541 -5.41528
1.61563 -5.34519
1.72918 -5.32528
1.79424 -5.24733
1.87975 -5.25228
2.01541 -5.15402
1.95146 -5.10971
1.74954 -5.18702
1.87702 -5.07168
2.06558 -4.95707
1.88007 -4.95951
2.16442 -4.76471
1.97547 -4.77546
1.73936 -4.90499
1.81701 -4.75683
1.65338 -4.8623
1.65798 -4.77361
1.51818 -4.87455
1.45393 -4.79367
1.81963 -4.58591
1.43883 -4.58582
1.83534 -4.3258
1.54596 -4.31996
1.88304 -4.03977
1.58845 -4.1069
1.75201 -3.7984
2.0383 -3.77412
2.0489 -3.54613
2.20527 -3.60168
2.22876 -3.78596
2.38975 -3.49356
2.27273 -3.35885
2.51376 -3.14036
2.29128 -3.00608
2.49729 -2.84564
2.41059 -2.60885
2.55971 -2.62298
2.64717 -2.78582
2.65574 -2.39537
2.53193 -2.41693
2.55957 -2.19817
2.41785 -2.19464
2.51473 -1.95454
2.6432 -1.97741
2.55768 -1.59945
2.66854 -1.68921
2.7637 -1.80019
2.75314 -2.16642
2.8674 -2.09949
2.85608 -1.78529
2.84037 -1.46273
2.93988 -1.75543
2.94296 -1.35194
2.87695 -1.08873
2.78389 -1.10616
2.81262 -0.898326
2.75121 -0.863167
2.69483 -1.01006
2.69992 -1.38519
2.55411 -1.07153
2.66829 -0.691484
2.48377 -0.624637
2.58025 -0.276333
2.38184 -0.303541
2.32606 -0.576742
2.18074 -0.366013
2.19208 -0.749222
2.04841 -0.584998
1.98452 -0.336863
2.0302 -0.0558125
1.76346 -0.136357
1.8063 0.281861
2.10515 0.212195
2.24774 -0.0477032
2.2881 0.189151
2.42249 -0.00601262
2.42383 0.304855
2.17433 0.465343
2.32505 0.685318
2.53243 0.497767
2.50976 0.765114
2.32395 1.00079
2.53333 0.993636
2.64857 0.789175
2.65856 0.926545
2.75588 0.804007
2.71575 0.960488
2.83038 0.868019
2.76314 1.03119
2.84945 1.04071
2.94582 0.902109
2.94306 0.713637
3.02063 0.759205
2.6645 1.32917
2.75759 1.18402
2.60568 1.27184
2.66386 1.10495
2.53985 1.16332
2.62157 1.02929
2.3833 1.21162
2.44018 1.37376
2.24594 1.43486
2.17806 1.27981
2.12668 1.12645
2.17363 0.937404
2.01626 1.07017
2.03301 0.829248
1.81298 1.13318
1.71994 0.915119
1.92984 0.631544
1.98564 0.418709
1.84171 0.512583
1.7411 0.682845
1.67781 0.562991
1.4885 0.815623
1.46473 0.532569
1.48555 0.178357
1.1546 0.474825
1.23081 0.190898
1.37963 -0.0749232
1.1259 0.00902283
0.999596 0.276051
0.913032 0.103377
0.725437 0.288947
0.778543 0.0131391
0.961932 -0.155548
0.736436 -0.239672
0.912446 -0.404316
0.739818 -0.595809
0.485077 -0.350348
0.451187 -0.779966
0.277302 -0.537909
0.262207 -0.250344
0.0695047 -0.460199
0.160117 -0.847226
-0.108686 -0.768958
-0.0916033 -0.468464
-0.230947 -0.408106
-0.305585 -0.698282
-0.435731 -0.45955
-0.43576 -0.783877
-0.292302 -1.06338
-0.515119 -1.02258
-0.452745 -1.36478
-0.586322 -1.21231
-0.67328 -1.43538
-0.506005 -1.7179
-0.669751 -1.80894
-0.777365 -1.63556
-0.833514 -1.89798
-0.705437 -2.12324
-0.537747 -2.06555
-0.602241 -2.44525
-0.803194 -2.35924
-0.75524 -2.7276
-0.599027 -2.72781
-0.471107 -2.7181
-0.380776 -2.33258
-0.287176 -2.72593
-0.155991 -2.38391
-0.102612 -2.80417
-0.0318546 -2.53073
0.0490227 -2.68577
0.0414848 -2.49113
0.155921 -2.46428
0.0275126 -2.2902
0.181946 -2.20015
0.12079 -1.96581
-0.0694113 -2.00166
-0.247391 -2.0091
-0.167386 -1.69187
-0.335263 -1.69308
-0.395661 -1.9612
-0.269625 -1.43247
-0.108238 -1.34855
-0.129017 -1.07581
0.00523281 -1.10194
0.0899372 -1.3787
0.0169659 -1.6717
0.244144 -1.63191
0.339658 -1.99525
0.517833 -1.68936
0.512401 -1.95887
0.527488 -2.23121
0.685352 -1.925
0.780488 -2.1655
0.949892 -1.92982
0.824893 -1.56621
1.15486 -1.614
1.21724 -1.97321
1.01589 -2.32541
1.33064 -2.20327
1.37861 -1.99501
1.48537 -2.04429
1.58283 -2.29494
1.65087 -1.95624
1.4628 -1.7312
1.70075 -1.68458
1.6805 -1.32207
1.87804 -1.54537
1.8086 -1.83927
1.97456 -1.87872
2.09053 -1.5725
2.01004 -1.28999
1.87642 -1.21406
2.00169 -0.93716
1.80981 -0.984803
1.61027 -0.861666
1.83788 -0.59763
1.5612 -0.391711
1.55692 -0.09586
1.35614 -0.339241
1.34005 -0.670146
1.27838 -0.43902
1.13017 -0.437194
1.12564 -0.713619
1.18035 -0.947006
1.3658 -1.20319
1.04893 -1.23658
0.93976 -0.886778
0.778963 -1.18315
0.612948 -1.38564
0.53787 -1.12056
0.409684 -1.37681
0.317333 -1.10473
0.155952 -1.15773
0.237982 -1.33287
0.690721 -0.911687
0.979121 -0.60786
1.24479 -0.315116
1.1487 -0.204253
1.25807 -0.174463
2.19334 -1.19231
2.36535 -0.915342
2.39378 -1.34878
2.39802 -1.77307
2.25908 -1.56829
2.20988 -1.95068
2.23751 -2.38571
2.23183 -2.70084
2.06378 -2.57405
2.03113 -2.23036
1.84009 -2.4509
1.82001 -2.11187
1.60783 -2.72145
1.89072 -2.77115
1.75055 -2.95729
1.91231 -3.04748
2.0897 -2.87669
2.0667 -3.12838
2.12089 -3.2955
1.87128 -3.37462
1.74888 -3.16832
1.62158 -3.35485
1.63006 -3.58175
1.43808 -3.77728
1.43991 -4.02843
1.28534 -3.96839
1.18281 -3.78196
1.31547 -3.61681
1.16487 -3.48102
1.33721 -3.44818
1.46362 -3.53033
1.45247 -3.33871
1.31477 -3.24457
1.54591 -3.0993
1.31463 -2.9374
1.27797 -2.56292
1.05051 -2.85613
1.03329 -2.61565
0.792711 -2.72592
0.813636 -3.15436
1.09489 -3.17716
0.944775 -3.42181
1.01384 -3.64794
0.829779 -3.66128
0.973291 -3.86005
1.11038 -4.02088
0.917513 -4.07965
1.08277 -4.19834
1.24065 -4.11514
1.30544 -4.25267
1.01453 -4.3512
1.17812 -4.48599
0.886128 -4.49924
0.761511 -4.31771
0.91079 -4.24397
0.796643 -4.17397
0.656653 -4.10958
0.765714 -4.03582
0.824939 -3.90631
0.66659 -3.84643
0.648772 -3.49323
0.798928 -3.4285
0.564723 -3.18801
0.432452 -3.47707
0.508146 -3.71373
0.352504 -3.7701
0.491436 -3.9622
0.486544 -4.23939
0.306167 -4.02938
0.226019 -4.25026
0.372972 -4.42042
0.60921 -4.49987
0.361282 -4.60556
0.565865 -4.66678
0.799624 -4.66305
0.977012 -4.59469
1.06541 -4.67565
1.14538 -4.83
0.868018 -4.81979
0.899222 -4.95215
0.685385 -4.94209
0.758416 -5.09493
1.06696 -5.01232
0.934952 -5.19447
0.681644 -5.22466
0.746031 -5.32142
0.993666 -5.30342
1.12494 -5.19439
1.21971 -5.23822
1.32529 -5.12843
1.20481 -5.08411
1.47696 -4.98466
1.32784 -4.95016
1.24277 -4.90202
1.56046 -5.0744
1.37422 -5.16888
1.40703 -5.23389
1.68281 -5.1293
1.57377 -5.2349
1.56913 -5.31318
1.43579 -5.3016
1.3413 -5.38058
1.20039 -5.46371
1.14443 -5.43258
1.28749 -5.34564
1.11532 -5.35974
0.924686 -5.47622
1.00555 -5.52424
0.777979 -5.57282
0.899074 -5.58394
0.76292 -5.58449
0.725688 -5.60423
0.876064 -5.61633
1.0489 -5.58203
0.817236 -5.62169
0.992314 -5.58709
1.16167 -5.55619
1.05709 -5.55177
0.853603 -5.58804
0.696936 -5.57694
0.643409 -5.52691
0.430581 -5.56111
0.358349 -5.45758
0.147427 -5.46295
0.103768 -5.38314
-0.08605 -5.38351
-0.0936489 -5.33118
-0.161012 -5.30307
-0.342786 -5.3025
-1.08339 -5.16975
-1.25747 -5.10891
-1.43091 -5.05444
-1.60329 -4.99875
-1.42436 -5.07452
-1.56018 -5.07111
-1.77577 -4.94357
-1.76829 -5.03504
-1.69449 -5.12884
-1.38439 -5.1738
-1.62348 -5.22978
-1.25605 -5.25763
-1.45357 -5.32143
-1.17194 -5.32805
-1.18421 -5.39611
-0.95973 -5.36162
-1.00166 -5.28723
-0.717362 -5.2702
-0.741582 -5.41284
-0.512351 -5.39568
-0.535856 -5.49225
-0.268874 -5.47763
-0.279606 -5.38527
-0.170757 -5.44983
-0.0811157 -5.50028
0.00111771 -5.55129
0.135937 -5.52127
-0.0550232 -5.44668
0.342129 -5.57862
0.62213 -5.61505
0.568974 -5.60487
0.489726 -5.59202
0.385724 -5.58839
0.271648 -5.60114
0.222112 -5.57766
0.0776625 -5.59307
-0.0956964 -5.59345
-0.30455 -5.58328
-0.222078 -5.62266
-0.0471506 -5.61828
-0.0542326 -5.61051
0.0300694 -5.61358
0.121245 -5.61007
0.077157 -5.59681
-0.115817 -5.5919
-0.256495 -5.59758
-0.273733 -5.55794
-0.469505 -5.56933
-0.427633 -5.58896
-0.39057 -5.61137
-0.600513 -5.55857
-0.784525 -5.48783
-0.896885 -5.51674
-0.814371 -5.5264
-0.656022 -5.55742
-0.893897 -5.4991
-0.739956 -5.5033
-0.4753 -5.50878
-0.68965 -5.43995
-0.532181 -5.42281
-0.372989 -5.45528
-0.374404 -5.39329
-0.227889 -5.44254
-0.251743 -5.50463
-0.0757456 -5.49197
-0.0891485 -5.55036
0.088851 -5.53805
0.0768948 -5.45597
-0.0634871 -5.3992
0.170761 -5.35812
0.263248 -5.48764
0.390768 -5.42144
0.466998 -5.30175
0.254915 -5.24399
0.376125 -5.15536
0.554025 -5.17657
0.518983 -5.0506
0.313525 -5.00026
0.178274 -5.1151
0.0995913 -4.95688
-0.0428925 -5.10053
0.0902052 -5.22534
-0.0988054 -5.2753
-0.281691 -5.13429
-0.34038 -5.28881
-0.222135 -5.36407
-0.537618 -5.33169
-0.518425 -5.20394
-0.708221 -5.25677
-0.738482 -5.35744
-0.986312 -5.22821
-0.966524 -5.38563
-1.25564 -5.24516
-1.29539 -5.3404
-1.0323 -5.44014
-1.2274 -5.40533
-1.09469 -5.45941
-1.28502 -5.41258
-1.06311 -5.47868
-1.36766 -5.41619
-1.14062 -5.46474
-0.993131 -5.47724
-0.934122 -5.43563
-1.3514 -5.40964
-1.46835 -5.37153
-1.5936 -5.36074
-1.7016 -5.31996
-1.76205 -5.29917
-2.01495 -5.24029
-1.89598 -5.24475
-1.91769 -5.18816
-2.07181 -5.18475
-2.0779 -5.09648
-1.91104 -5.0646
-2.1069 -4.96389
-1.90205 -4.97923
-1.95017 -4.90245
-2.12605 -4.86429
-2.30578 -4.83615
-2.83634 -4.41417
-2.93609 -4.26936
-3.04155 -4.12572
-3.25212 -3.84186
-3.56059 -3.46354
-3.65217 -3.35002
-3.54631 -3.56471
-3.44462 -3.65381
-3.45604 -3.57796
-3.35467 -3.70591
-3.31331 -3.88148
-3.16061 -4.02071
-3.14965 -3.98474
-3.13503 -4.12896
-2.96237 -4.35692
-3.1271 -4.23226
-3.31652 -4.01859
-3.23757 -4.18367
-3.11253 -4.3442
-3.01659 -4.37864
-2.98293 -4.48622
-3.0685 -4.4683
-2.9531 -4.61563
-2.85357 -4.64059
-2.82408 -4.74138
-2.83777 -4.76101
-2.70552 -4.8906
-2.7579 -4.78186
-2.65329 -4.87077
-2.56143 -5.01385
-2.50452 -4.97796
-2.3978 -5.11857
-2.48559 -5.07464
-2.36731 -5.15043
-2.24432 -5.18036
-2.2197 -5.16173
-2.34553 -5.08308
-2.21486 -5.12152
-2.24514 -5.0404
-2.38807 -4.99117
-2.33935 -4.92077
-2.48795 -4.79143
-2.50421 -4.87379
-2.6486 -4.69108
-2.74351 -4.55747
-2.63708 -4.79304
-2.73108 -4.73265
-2.92074 -4.49118
-2.21374 -5.20121
-2.10724 -5.22968
-2.3343 -5.16694
-2.22051 -5.17874
-2.3903 -5.09512
-2.47386 -5.06614
-2.50002 -5.06589
-2.59994 -4.97765
-2.63374 -4.96249
-2.59921 -4.98568
-2.72282 -4.86304
-2.73229 -4.86542
-2.88077 -4.72409
-2.96347 -4.63661
-3.07579 -4.5236
-3.06769 -4.50734
-3.21311 -4.34733
-3.25421 -4.32108
-3.40935 -4.11826
-3.32596 -4.18104
-3.18271 -4.32996
-3.24438 -4.21905
-3.36555 -4.06601
-3.47185 -3.95214
-3.49662 -3.80288
-3.45704 -3.75459
-3.58966 -3.5831
-3.65819 -3.56771
-3.68809 -3.43617
-3.74715 -3.29535
-3.74548 -3.25004
-3.83468 -3.15768
-4.12232 -2.41528
-4.08594 -2.57202
-4.1187 -2.5274
-4.09551 -2.66943
-4.05683 -2.71365
-4.02033 -2.84232
-3.9706 -2.95812
-3.98597 -2.97594
-3.92204 -3.17339
-3.87024 -3.20638
-3.82217 -3.35781
-3.76623 -3.37072
-3.74446 -3.50078
-3.64049 -3.6986
-3.76018 -3.52211
-3.69057 -3.67099
-3.75053 -3.53597
-3.67562 -3.69804
-3.57437 -3.8537
-3.53995 -3.94432
-3.40163 -4.14954
-3.52047 -3.96651
-3.37584 -4.15498
-3.26211 -4.30134
-3.12157 -4.46386
-3.12341 -4.44224
-3.00854 -4.57044
-2.97509 -4.63451
-2.84471 -4.72017
-2.83288 -4.76539
-2.71074 -4.86979
-2.6825 -4.85473
-2.53899 -4.97899
-2.56351 -4.92775
-2.74666 -4.74969
-2.57372 -4.83729
-2.4027 -4.99161
-2.39517 -5.05964
-2.22693 -5.10963
-2.06312 -5.21187
-2.02814 -5.16336
-2.24479 -5.05009
-2.14299 -5.02647
-1.8901 -5.13365
-1.72861 -5.25551
-1.60645 -5.23151
-1.4495 -5.34309
-1.49393 -5.21477
-1.74494 -5.10136
-1.5082 -5.12297
-1.71598 -5.02172
-1.5892 -5.00228
-1.36799 -5.04256
-1.26783 -5.16358
-1.16819 -5.11397
-1.18102 -5.02112
-1.26451 -4.90888
-1.05373 -4.93028
-1.00484 -5.07156
-0.848946 -4.95336
-0.892133 -4.80754
-0.716729 -4.82687
-0.65946 -4.95036
-0.492505 -4.83857
-0.497717 -5.03128
-0.297873 -4.94574
-0.181583 -5.02475
-0.110013 -4.92762
-0.240517 -4.76942
0.00396156 -4.78478
0.255909 -4.80256
0.115264 -4.62555
-0.095397 -4.62568
-0.0133858 -4.48216
0.18271 -4.45682
0.0304642 -4.31998
0.0431709 -4.14176
0.155881 -4.05749
0.0573521 -3.9743
0.172048 -3.83744
-0.00686169 -3.76317
-0.0767393 -3.99365
-0.215054 -3.77692
-0.100922 -3.51175
-0.292864 -3.38791
-0.42953 -3.68513
-0.373331 -3.95822
-0.218432 -4.03592
-0.312592 -4.20281
-0.494114 -4.10165
-0.523689 -4.31205
-0.317775 -4.41252
-0.149323 -4.35454
-0.171124 -4.49295
-0.284735 -4.5852
-0.421923 -4.67683
-0.627211 -4.66988
-0.473539 -4.52318
-0.672143 -4.48186
-0.732353 -4.32456
-0.851041 -4.44241
-0.855599 -4.63241
-1.09499 -4.53912
-1.08965 -4.76844
-0.775053 -4.73341
-1.32776 -4.74488
-1.3757 -4.55214
-1.57743 -4.72864
-1.6355 -4.51741
-1.8041 -4.70498
-1.94539 -4.53131
-2.0349 -4.78623
-1.74945 -4.88374
-1.87556 -4.96705
-2.00537 -4.98916
-2.23497 -4.86919
-2.38247 -4.90132
-2.47144 -4.7251
-2.57808 -4.75381
-2.76233 -4.63087
-2.68211 -4.59567
-2.89435 -4.42341
-2.90238 -4.48767
-2.92305 -4.52537
-3.04265 -4.35367
-3.0588 -4.4338
-3.24025 -4.23051
-2.94212 -4.58881
-3.21738 -4.13114
-3.40998 -3.94131
-3.41978 -4.03774
-3.5605 -3.82989
-3.64131 -3.71415
-3.61556 -3.79406
-3.72584 -3.59569
-3.79187 -3.44356
-3.81061 -3.40279
-3.88013 -3.25541
-3.8665 -3.29308
-3.84574 -3.35807
-3.9371 -3.14234
-3.97962 -3.038
-4.0432 -2.88841
-4.09081 -2.74941
-4.13215 -2.54439
-4.10669 -2.51105
-4.0599 -2.65707
-4.08092 -2.49626
-4.05463 -2.54035
-4.08275 -2.32912
-4.03355 -2.42529
-4.04461 -2.21957
-3.9918 -2.44185
-4.01774 -2.59078
-3.95951 -2.63208
-3.97714 -2.75374
-4.01316 -2.72899
-3.94986 -2.95461
-3.89584 -2.84904
-3.83753 -3.11735
-3.8183 -3.02579
-3.74146 -3.24126
-3.73077 -3.38592
-3.63661 -3.46761
-3.65913 -3.3263
-3.55577 -3.49426
-3.60623 -3.32292
-3.48426 -3.47276
-3.57286 -3.22022
-3.69844 -3.12074
-3.6531 -2.96919
-3.80201 -2.79069
-3.68413 -2.70522
-3.56274 -2.89924
-3.53262 -3.10521
-3.43806 -3.11627
-3.4327 -2.8926
-3.54039 -2.62152
-3.35468 -2.67893
-3.26112 -2.96402
-3.3489 -3.08531
-3.22693 -3.2461
-3.12821 -3.15127
-3.01403 -3.39689
-3.14744 -3.51383
-3.30045 -3.36674
-3.254 -3.55871
-3.41168 -3.35787
-3.27266 -3.74642
-3.10115 -3.74733
-3.04165 -3.97127
-2.93678 -3.914
-2.78101 -4.16451
-2.79341 -3.90797
-2.57445 -4.04313
-2.48786 -4.33662
-2.25231 -4.20323
-2.23636 -4.52667
-2.45052 -4.55976
-2.29632 -4.71377
-2.59674 -4.55445
-2.76772 -4.40625
-2.61725 -4.41891
-2.99882 -4.18467
-3.08544 -4.23152
-3.21912 -4.00667
-3.30613 -3.99437
-3.36744 -3.86745
-3.49709 -3.68947
-3.58179 -3.65213
-3.4263 -3.6912
-3.32219 -3.83417
-3.13546 -3.98826
-2.11082 -4.41174
-1.97452 -4.29824
-1.77071 -4.35871
-1.74438 -4.11169
-2.00516 -4.07469
-2.17807 -3.884
-2.41516 -3.90501
-2.36913 -3.67835
-2.11888 -3.52244
-1.86548 -3.80971
-1.79047 -3.40261
-1.55024 -3.69099
-1.48951 -3.34215
-1.30389 -3.56223
-1.3197 -3.77429
-1.43117 -4.00425
-1.17729 -3.90161
-1.17076 -4.12446
-1.34492 -4.23263
-1.55382 -4.27748
-1.41618 -4.39102
-1.21793 -4.3533
-1.64632 -3.90825
-0.942608 -4.25056
-0.989119 -4.00465
-0.851653 -4.06909
-0.699009 -4.12214
-0.816596 -3.88132
-0.578883 -3.87425
-0.703904 -3.64488
-0.905159 -3.62001
-0.818338 -3.39749
-0.999123 -3.4122
-0.981355 -3.16533
-1.20698 -3.27641
-1.0974 -3.56482
-1.18142 -3.71675
-1.02437 -3.78498
-1.17936 -2.85603
-1.42475 -2.99869
-1.64885 -3.08343
-1.60716 -2.76692
-1.7483 -2.88328
-1.7879 -2.63447
-1.87473 -2.83798
-1.84489 -3.06855
-2.04727 -2.93184
-2.00073 -3.23425
-2.20528 -3.18773
-2.42135 -3.3656
-2.38758 -3.08367
-2.51194 -3.16864
-2.54209 -2.99011
-2.40596 -2.82468
-2.54144 -2.80389
-2.51367 -2.57398
-2.20984 -2.57321
-2.36751 -2.3315
-2.56339 -2.13833
-2.77187 -2.51975
-2.84072 -2.29295
-3.01123 -2.49931
-2.95041 -2.76613
-3.16216 -2.72342
-3.21601 -2.45614
-3.40052 -2.3894
-3.23393 -2.18855
-3.38382 -2.06125
-3.54742 -2.27123
-3.65403 -2.47096
-3.7628 -2.46764
-3.67973 -2.2411
-3.77534 -2.19028
-3.84569 -2.29987
-3.86656 -2.51363
-3.89508 -2.65775
-3.93235 -2.48445
-3.90467 -2.35012
-3.96844 -2.28197
-3.91783 -2.14049
-4.00042 -2.0367
-4.0633 -1.96028
-4.09947 -2.05215
-4.10067 -1.78602
-4.15622 -1.87056
-4.12998 -2.12294
-4.17416 -1.971
-4.1626 -2.18383
-4.17868 -2.05707
-4.15583 -2.24094
-4.13902 -2.37377
-4.11865 -2.32524
-4.09025 -2.42396
-4.13632 -2.42272
-4.19008 -1.85737
-4.18266 -1.64394
-3.41792 1.15172
-3.3396 1.33653
-3.39366 1.07815
-3.29639 1.12997
-3.41551 0.805681
-3.48056 0.960611
-3.51442 0.711775
-3.59462 0.572755
-3.5142 0.496614
-3.59411 0.275463
-3.53362 0.163413
-3.65741 -0.0429791
-3.67187 0.184727
-3.74833 -0.0916625
-3.77011 -0.306975
-3.71097 -0.331416
-3.81754 -0.562976
-3.75132 -0.50478
-3.77559 -0.665209
-3.86329 -0.821491
-3.91603 -0.768617
-3.95904 -1.05556
-3.98241 -0.862389
-3.92825 -0.680159
-3.96874 -0.666552
-3.91324 -0.582804
-3.90845 -0.461329
-3.9531 -0.477149
-4.03476 -0.708174
-4.09916 -0.945472
-4.05227 -0.900409
-4.09635 -1.13709
-4.13686 -1.18529
-4.12098 -1.33459
-4.09001 -1.34751
-4.04541 -1.10994
-4.042 -1.36818
-3.93257 -1.33934
-3.84791 -0.988356
-3.81936 -1.16524
-3.85927 -1.40618
-3.91191 -1.62923
-3.80254 -1.54932
-3.85211 -1.84879
-3.74619 -1.7382
-3.65065 -1.29984
-3.77794 -1.30929
-3.71465 -1.08261
-3.58506 -0.781811
-3.72675 -0.818129
-3.60877 -0.533683
-3.66421 -0.483457
-3.55313 -0.260555
-3.60656 -0.189018
-3.51022 -0.0157787
-3.43667 0.172864
-3.41514 0.444395
-3.35282 0.211137
-3.26407 0.426262
-3.24358 0.805273
-3.14901 0.640932
-3.11787 0.348169
-3.29636 -0.00565511
-3.1054 0.0419298
-3.20089 -0.281371
-3.39124 -0.485868
-3.47619 -0.343626
-3.48275 -0.917573
-3.30933 -0.634689
-3.37545 -0.931922
-3.47324 -1.11703
-3.408 -1.1682
-3.51849 -1.36826
-3.53819 -1.1822
-3.62543 -1.68637
-3.51116 -1.65275
-3.58263 -1.96859
-3.70376 -1.98605
-3.78788 -1.98356
-3.84512 -2.08645
-3.89234 -1.99917
-3.94028 -1.89699
-3.49841 -2.03704
-3.42652 -1.77513
-3.26972 -1.74606
-3.26253 -1.48953
-3.37962 -1.38422
-3.18797 -1.18224
-3.28721 -1.03154
-3.07621 -0.810553
-3.2428 -0.766843
-3.12442 -0.505398
-2.99116 -0.165091
-2.93912 -0.453083
-2.87111 -0.244473
-2.80986 -0.0452143
-2.89982 0.279829
-2.69835 0.195478
-2.65808 0.459095
-2.74046 0.702599
-2.9681 0.682092
-2.82235 0.92083
-2.94656 1.02176
-3.07854 0.860386
-3.08748 1.0514
-3.19119 1.06698
-3.13013 1.2765
-3.25652 1.51574
-2.97996 1.60533
-3.18293 1.69076
-2.97638 2.19292
-2.90642 2.34906
-2.86876 2.17828
-2.77957 2.42465
-2.69105 2.34981
-2.74136 2.1374
-2.60549 2.28252
-2.61953 2.06021
-2.46906 2.26047
-2.44564 2.06464
-2.51399 1.81803
-2.72396 1.7552
-2.64115 1.63687
-2.78298 1.49405
-2.65972 1.46542
-2.74918 1.22147
-2.58194 1.35933
-2.5623 1.16275
-2.68336 0.982479
-2.55546 0.916322
-2.40217 1.12581
-2.4138 1.37268
-2.29266 1.31794
-2.22213 1.13344
-2.39774 0.867249
-2.23274 0.791487
-2.08043 1.07984
-1.99563 0.935014
-2.13101 0.51397
-2.3529 0.478559
-2.45837 0.593471
-2.53305 0.31588
-2.38464 0.208912
-2.60073 -0.0163442
-2.41671 -0.122187
-2.56392 -0.338136
-2.75037 -0.332876
-2.65646 -0.541125
-2.52761 -0.605546
-2.63159 -0.719931
-2.79025 -0.722938
-2.65976 -0.83723
-2.70226 -1.02037
-2.52692 -0.890381
-2.54956 -1.2216
-2.77907 -1.35676
-2.6087 -1.49634
-2.76965 -1.62862
-2.65761 -1.78705
-2.90123 -1.88648
-2.93733 -1.6296
-3.05483 -1.82817
-3.11348 -1.67767
-3.20311 -1.92651
-3.09088 -2.01633
-3.02286 -2.20896
-2.80051 -2.06919
-3.16444 -1.52641
-3.01408 -1.42693
-3.12115 -1.33547
-2.95185 -1.10937
-2.36107 -1.48019
-2.1996 -2.04508
-2.02575 -1.57389
-1.93994 -1.90496
-1.91937 -2.30363
-1.73533 -1.96434
-1.62941 -2.3585
-1.96579 -2.65713
-2.24706 -2.92451
-1.52842 -1.9609
-1.39593 -2.25375
-1.41324 -2.62151
-1.23462 -2.46779
-1.01505 -2.50537
-0.940167 -2.88459
-0.770822 -3.09961
-0.584048 -2.95993
-0.566289 -3.3741
-0.40182 -3.04605
-0.235512 -3.0394
-0.111923 -3.19665
0.0651264 -3.04903
-0.00160789 -3.34257
0.021245 -3.53448
0.120416 -3.37901
0.105582 -3.62194
0.241711 -3.54378
0.314046 -3.13842
0.21174 -2.77492
0.387822 -2.78478
0.538646 -2.90022
0.672107 -2.98711
0.551384 -2.59624
0.729298 -2.40815
0.343722 -2.52281
0.300605 -2.28342
-1.14784 -2.33857
-1.23636 -2.18577
-1.09415 -2.16565
-1.18325 -1.9472
-1.33136 -1.93111
-1.208 -1.62919
-1.42235 -1.63062
-1.61916 -1.64151
-1.51347 -1.32712
-1.69665 -1.33092
-1.81413 -1.62823
-1.87208 -1.32872
-2.03258 -1.04133
-1.80622 -1.04342
-1.88188 -0.809136
-1.96921 -0.646511
-2.12749 -0.543794
-1.94188 -0.30665
-2.10923 -0.154303
-2.26999 -0.275782
-2.29152 -0.565767
-2.41604 -0.42936
-2.39358 -0.715189
-2.3872 -0.901999
-2.27108 -0.902138
-2.40815 -1.08431
-2.21715 0.0723302
-1.93333 0.20216
-1.87375 0.650695
-1.69114 0.562936
-1.65848 0.259845
-1.75218 -0.0862332
-1.75954 -0.437194
-1.86218 -0.582201
-1.75466 -0.747795
-1.62863 -0.630227
-1.59003 -0.319929
-1.4352 -0.657651
-1.60767 -0.975546
-1.42189 -1.04543
-1.31963 -1.30651
-1.23707 -0.928184
-1.12373 -1.26786
-1.03164 -1.51394
-1.0281 -1.83937
-0.898273 -1.59843
-0.931603 -2.15616
-0.818176 -2.13884
-0.895205 -1.27423
-0.812007 -1.4759
-0.707023 -1.03858
-0.87064 -0.940458
-1.02869 -0.965821
-0.936098 -0.676335
-1.09042 -0.697513
-1.22086 -0.515617
-1.35697 -0.146301
-1.18674 -0.263623
-1.04338 -0.361368
-1.13413 -0.0156447
-0.935111 0.0112566
-1.02075 0.34527
-1.23297 0.306697
-1.44774 0.274605
-1.57132 0.00950938
-1.52947 0.522519
-1.33031 0.635676
-1.48254 0.818727
-1.66519 0.882897
-1.47462 1.1372
-1.63458 1.13877
-1.54168 1.4353
-1.70542 1.26815
-1.80897 0.973289
-1.83192 1.20709
-1.7356 1.60038
-1.93552 1.27583
-1.95502 1.56688
-2.05442 1.30346
-2.15863 1.50212
-2.02903 1.77946
-2.16481 1.83728
-2.32985 1.64068
-2.28425 1.45594
-2.51866 1.5535
-2.32064 1.94948
-2.17619 2.12106
-2.32066 2.21029
-2.18286 2.43725
-2.35442 2.40887
-2.50771 2.47868
-2.339 2.61149
-2.45793 2.70936
-2.61552 2.59212
-2.51388 2.73128
-2.55755 2.78615
-2.66606 2.68002
-2.67021 2.79676
-2.75928 2.65169
-2.73121 2.57059
-2.83669 2.50206
-1.93636 3.55249
-1.83941 3.63889
-2.02688 3.46609
-2.13845 3.38812
-2.24462 3.2899
-2.35002 3.18243
-2.4593 3.06434
-2.30504 3.02025
-2.4579 2.92857
-2.41613 2.83402
-2.56765 2.9353
-2.27855 2.86229
-2.33245 2.79266
-2.20383 2.75375
-2.03685 2.71516
-2.12652 2.90561
-1.97123 2.89919
-1.80817 2.77837
-1.9707 2.3638
-1.7593 2.29866
-1.87648 1.95275
-1.71305 1.99569
-1.6123 1.92913
-1.51487 1.7637
-1.42418 1.64032
-1.34039 1.47417
-1.33401 1.87096
-1.19486 1.6504
-1.12388 1.88916
-1.21768 2.18843
-1.38473 2.23446
-1.50052 2.08068
-1.55878 2.46631
-1.62378 2.16405
-1.33747 2.53841
-1.46878 2.71187
-1.57643 2.81916
-1.64064 3.07256
-1.82221 3.06662
-1.97057 2.99596
-1.96181 3.22998
-2.12192 3.08929
-1.72668 3.25354
-1.80087 3.43923
-1.58034 3.42969
-1.66053 3.61301
-1.73052 3.72405
-1.61007 3.80702
-1.47756 3.88368
-1.3362 3.95055
-1.02464 4.03843
-1.18492 4.00266
-1.24588 3.87474
-0.857777 4.06157
-1.07954 3.77573
-1.39091 3.63479
-1.18529 3.56493
-1.35053 3.35617
-1.13387 3.41907
-1.2155 3.1833
-1.39165 2.97496
-1.54247 3.27631
-1.1455 2.93443
-1.20398 2.71201
-1.00358 2.67512
-1.12583 2.43998
-1.01014 2.15788
-0.996086 2.40423
-0.848842 2.38387
-0.793369 2.72256
-0.901125 2.94625
-1.01877 2.91825
-1.03004 3.15353
-0.816356 3.25789
-0.960048 3.41957
-0.961274 3.62803
-0.80736 3.57156
-0.730714 3.75846
-0.823516 3.87288
-0.620216 3.92742
-0.68393 4.07133
-0.504663 4.06634
-0.322722 4.04506
-0.458339 3.95759
-0.517342 3.82646
-0.326146 3.91434
-0.347916 3.78933
-0.486217 3.71002
-0.649447 3.71289
-0.642026 3.49906
-0.61255 3.21132
-0.742022 2.9935
-0.579731 2.83622
-0.425951 3.17109
-0.455659 3.46534
-0.297886 3.41403
-0.229403 3.15798
-0.368078 2.8547
-0.153508 2.76557
-0.351318 2.47674
-0.46084 2.67129
-0.542172 2.50799
-0.68544 2.53885
-0.661622 2.2753
-0.508224 2.26777
-0.579884 2.0058
-0.396389 2.09473
-0.460327 1.79767
-0.283408 1.86371
-0.353644 1.61854
-0.17685 1.63699
-0.271996 1.39763
-0.0666981 1.39123
-0.171654 1.13849
-0.428311 1.15154
-0.427918 1.42379
-0.583799 1.36386
-0.690236 1.01601
-0.523703 0.867385
-0.666086 0.626937
-0.877069 0.686432
-0.831561 0.349228
-1.10535 0.70741
-0.932521 1.03106
-1.13916 1.06174
-1.21602 0.839521
-1.30589 0.930464
-1.29621 1.17201
-1.38632 1.01814
-1.16214 1.39071
-0.98484 1.34475
-1.04625 1.62423
-0.870359 1.63097
-0.966747 1.85123
-0.797795 1.98747
-0.654237 1.66652
-0.785257 1.34025
-0.496799 1.57171
-0.685632 0.306184
-0.775182 0.07473
-0.790815 -0.331954
-0.609304 0.0220023
-0.59025 -0.318872
-0.611077 -0.67099
-0.479961 -0.15882
-0.353023 -0.18604
-0.382524 0.12378
-0.516518 0.418575
-0.314331 0.483205
-0.415542 0.610956
-0.493168 0.680338
-0.307713 0.80975
-0.076745 0.581957
-0.00625134 0.885023
0.0557175 1.14522
0.215213 0.951702
0.240273 0.638666
0.383322 0.842116
0.480258 0.691505
0.492635 0.47051
0.309704 0.291597
0.503671 0.245645
0.411033 0.107523
0.5727 0.00734836
0.397552 -0.0849803
0.270615 0.0222728
0.107683 -0.113988
0.151377 0.132663
0.0773392 0.341557
-0.0161257 0.0667699
-0.15405 0.268288
-0.205224 -0.0525637
-0.0657854 -0.235397
0.673865 0.599843
0.88227 0.486492
0.867034 0.730109
0.586626 0.887618
0.780888 1.0513
0.493661 1.23168
0.669576 1.32886
0.481661 1.55332
0.268509 1.52377
0.297487 1.25495
0.134094 1.35163
0.216816 1.14647
0.0335665 1.65156
0.369325 1.04751
0.155807 1.76301
0.0447311 1.98647
-0.11609 1.86488
-0.186425 2.16732
-0.00370121 2.39984
-0.177291 2.45857
0.083106 2.76862
-0.00333977 3.15453
0.198293 3.0325
0.268403 2.7395
0.223284 2.44787
0.353806 2.53174
0.38095 2.34749
0.516437 2.42354
0.48401 2.17331
0.342144 2.14588
0.527824 1.86311
0.283789 1.86272
0.674457 1.54299
0.783933 1.69915
0.926296 1.29718
0.990686 1.54725
0.94438 1.88986
0.667463 2.07123
0.780171 2.37663
0.57158 2.74266
0.762766 2.71617
0.678238 2.92726
0.517707 3.05785
0.37631 2.9231
0.337934 3.19213
0.482379 3.30094
0.316889 3.39571
0.405477 3.46418
0.205355 3.49672
0.176689 3.31713
0.0538721 3.44442
0.0470057 3.54008
-0.110919 3.4759
-0.0384102 3.61686
-0.239984 3.63722
-0.0123043 3.76532
-0.170787 3.84594
0.0381165 3.94789
-0.14087 4.00672
0.37664 3.79019
0.53054 3.6943
0.51147 3.57302
0.672777 3.59179
0.681143 3.45735
0.599766 3.36529
0.306857 3.64484
0.8141 3.27114
0.696534 3.12126
0.906749 3.03809
0.866542 2.88008
1.07021 2.86216
1.05054 2.71466
0.946494 2.56495
1.17462 2.45989
1.09665 2.16157
1.35053 2.16142
1.37957 1.8337
1.60779 1.90165
1.62819 1.62986
1.49717 1.60975
1.38328 1.54468
1.62729 1.4189
1.54921 1.24113
1.33211 1.34963
1.41606 1.1116
1.22677 1.07191
1.12955 0.852484
1.17122 1.3168
1.15747 1.56811
1.1828 1.79979
1.90552 1.35584
1.80508 1.64539
2.03464 1.53382
1.88617 1.77182
1.75339 2.01693
1.52977 2.16399
1.62567 2.24682
1.38747 2.38784
1.50854 2.4766
1.2792 2.64053
1.41399 2.62291
1.37541 2.74212
1.23137 2.84249
1.07821 3.04936
1.36572 2.9222
1.2553 3.04249
0.927163 3.37923
0.804161 3.48573
1.03951 3.26921
1.14769 3.15765
1.47601 2.79324
1.4979 2.63064
1.58771 2.65618
1.63649 2.49092
1.72596 2.31501
1.81793 2.36032
1.70109 2.51128
3.0137 -2.44754
3.08623 -2.42357
3.14939 -2.40056
3.29494 -2.18918
3.30607 -2.14206
3.32055 -2.1221
3.3383 -2.13038
3.37914 -2.21593
3.28556 -2.25801
3.19709 -2.37785
3.22792 -2.35429
3.34992 -2.36913
3.35083 -2.65008
3.39624 -2.45261
3.39751 -2.28028
3.35857 -2.16369
3.41084 -2.3511
3.42307 -2.42558
3.43273 -2.50177
3.40318 -2.59282
3.43804 -2.57696
3.45646 -2.64264
3.47449 -2.62559
3.4591 -2.69159
3.47342 -2.57936
3.47492 -2.60035
3.4741 -2.5642
3.46958 -2.5495
3.48392 -2.49494
3.48525 -2.4279
3.47517 -2.3356
3.47165 -2.0779
3.47401 -2.22527
3.43665 -2.44877
3.45988 -2.45772
3.42639 -2.715
3.46849 -2.55181
3.43862 -2.74303
3.40151 -2.91138
3.41567 -2.83152
3.35078 -3.1079
3.34097 -3.09211
3.39577 -2.78324
3.34697 -2.94716
3.30268 -2.96328
3.27143 -2.7254
3.23651 -2.9401
3.21404 -2.71507
3.15107 -3.03708
3.12726 -2.67196
3.03086 -2.8908
3.02564 -2.60317
3.14791 -2.4921
3.18777 -2.53461
3.19148 -2.43405
2.92535 -2.70449
2.93582 -2.47147
2.791 -2.51735
2.86041 -2.4949
2.72718 -2.53935
2.59249 -2.58269
2.52177 -2.61
2.44606 -2.63993
2.58129 -2.68875
2.53029 -2.82261
2.62363 -2.83386
2.67159 -2.755
2.66114 -2.56021
2.79439 -2.78119
2.71862 -2.92862
2.83749 -3.04334
2.75614 -3.17225
2.85614 -3.25767
2.94717 -3.15956
2.96675 -3.34713
3.04361 -3.18901
3.00104 -3.07955
2.93087 -2.94772
3.05676 -3.38601
3.09217 -3.25444
3.13312 -3.34323
3.22177 -3.25627
3.14881 -3.47349
3.19253 -3.50184
3.08513 -3.70223
3.10283 -3.7461
3.1786 -3.60998
3.24977 -3.43772
3.18701 -3.60585
3.18365 -3.62572
3.24034 -3.5027
3.19342 -3.65013
3.21246 -3.64337
3.29714 -3.40836
3.30292 -3.33168
3.26623 -3.39024
3.29748 -3.28807
3.28645 -3.23808
3.35058 -3.19326
3.34221 -3.19806
3.27001 -3.47673
3.32912 -3.22017
3.38934 -2.97506
3.35006 -3.04821
3.29251 -3.30572
3.26853 -3.22911
3.33787 -2.94147
3.38924 -2.75883
3.37606 -2.63115
3.3112 -2.82233
3.33877 -2.54915
3.2618 -2.86388
3.25035 -2.67652
3.26461 -2.41399
3.34602 -2.18124
3.29533 -2.09206
3.3714 -1.80072
3.42758 -1.96689
3.4187 -2.25434
3.46693 -1.89873
3.45278 -1.69103
3.43057 -1.45917
3.34822 -1.46944
3.41136 -1.20779
3.3171 -1.19765
3.37383 -0.951432
3.2934 -0.462911
3.33469 -0.700151
3.30334 -0.869224
3.23067 -0.607627
3.25607 -0.244018
3.13464 -0.332586
3.15189 -0.135286
3.14551 0.0624694
3.22661 -0.0443139
3.17289 0.310238
3.2016 0.140853
3.13192 0.466595
3.04735 0.531002
3.07185 0.323939
2.9822 0.464204
3.00237 0.243921
3.04697 -0.0361297
2.87112 0.197367
2.88085 0.442113
2.76451 0.413902
2.76837 0.619158
2.87653 0.643334
2.96249 0.588267
2.64812 0.583638
2.66226 0.393732
2.73994 0.210408
2.60474 0.23899
2.71056 -0.0466566
2.82515 0.0271195
2.92789 -0.0354456
2.88073 -0.244041
3.01618 -0.268508
3.00716 -0.533223
2.8928 -0.592972
2.97643 -0.963894
3.09251 -0.878726
3.12508 -0.613307
3.21476 -0.89787
3.18751 -1.22641
3.25322 -1.53688
3.30103 -1.40146
3.3108 -1.6684
3.27653 -1.86071
3.19419 -1.86322
3.20996 -2.19731
3.13336 -2.02245
3.12709 -1.60597
3.03591 -1.83404
3.04108 -1.50952
3.0713 -1.2385
3.0088 -1.31617
3.00699 -1.5544
2.98021 -2.14517
3.05642 -2.18117
3.02107 -2.44249
3.11674 -2.37067
3.0668 -2.67972
3.18716 -2.60389
3.09466 -2.92062
3.19127 -2.89844
3.10424 -3.15709
3.198 -3.1504
3.26697 -3.04482
3.21403 -3.2582
3.18261 -3.45461
3.22204 -3.52239
3.13998 -3.6607
3.10701 -3.64494
3.15015 -3.41875
3.07897 -3.60239
3.07748 -3.40941
2.99083 -3.68143
2.99923 -3.5323
2.90754 -3.72239
2.93787 -3.50015
3.03009 -3.36099
2.98544 -3.21503
2.86605 -3.47202
2.85955 -3.25483
2.75821 -3.50831
2.72239 -3.34415
2.7914 -3.1336
2.8983 -2.97902
2.77395 -2.90948
2.88468 -2.72867
2.78926 -2.51864
2.6634 -3.00529
2.68176 -3.15907
2.58451 -3.39655
2.61617 -3.58589
2.45841 -3.62793
2.43046 -3.84956
2.65297 -3.75744
2.7812 -3.61759
2.80769 -3.71837
2.64063 -4.01769
2.79005 -3.92292
2.86084 -3.98019
2.69106 -4.16696
2.7576 -4.19319
2.81392 -4.1588
2.86815 -4.11711
2.99144 -3.85291
2.95443 -4.06322
3.05026 -3.86802
2.98994 -4.0251
3.02383 -4.00785
3.12495 -3.80336
3.05006 -3.97921
3.12464 -3.85721
3.03719 -4.04873
3.12442 -3.87148
3.0002 -4.10796
3.14111 -3.81025
3.03723 -3.94986
3.12705 -3.74005
3.07014 -3.83223
3.02903 -3.90742
3.00155 -3.92347
2.93948 -4.09197
2.94732 -4.15466
2.86051 -4.26821
2.86148 -4.32607
2.75245 -4.44949
2.80436 -4.30416
2.64983 -4.53325
2.73858 -4.32483
2.87103 -4.12438
2.80861 -4.15194
2.93929 -3.94392
2.82142 -4.05167
2.89441 -3.84714
3.00079 -3.73214
3.07357 -3.54237
2.96936 -3.58239
2.84745 -3.68378
2.85765 -3.46424
2.76438 -3.58138
2.76492 -3.73392
2.79366 -3.85564
2.70755 -3.85361
2.71864 -3.99072
2.78897 -3.98215
2.70728 -4.13629
2.63621 -4.09979
2.5812 -4.25924
2.65329 -4.34653
2.74513 -4.19267
2.73253 -4.25385
2.61036 -4.49856
2.50818 -4.577
2.53719 -4.43684
2.44281 -4.55548
2.46601 -4.40127
2.47051 -4.20683
2.56585 -4.15434
2.55702 -4.02868
2.65124 -3.96947
2.61013 -3.84429
2.49935 -3.8284
2.4 -3.97524
2.38832 -3.75415
2.26546 -3.78052
2.3131 -3.56328
2.44868 -3.65476
2.42208 -3.53079
2.49933 -3.57208
2.55727 -3.69062
2.56705 -3.51864
2.66616 -3.67151
2.67505 -3.48297
2.75632 -3.43736
2.69258 -3.32286
2.79744 -3.33627
2.60217 -3.16357
2.6251 -2.98558
2.50212 -2.98334
2.40223 -2.8074
2.39199 -2.96583
2.29946 -2.86851
2.29036 -2.71802
2.36971 -2.67706
1.41589 -3.44592
1.40146 -3.56569
1.51327 -3.51821
1.50903 -3.40417
1.4523 -3.33048
1.52598 -3.30014
1.50284 -3.23761
1.57241 -3.14826
1.65415 -3.0706
1.74383 -3.00599
1.7583 -3.08818
1.83762 -2.95472
1.8635 -3.17342
2.03098 -3.15353
1.96825 -3.35792
2.13313 -3.43479
2.23285 -3.32189
2.37104 -3.40369
2.33624 -3.21587
2.44961 -3.32672
2.45271 -3.147
2.57421 -3.3448
2.5132 -3.40971
2.47087 -3.45964
2.31192 -3.03746
2.19692 -3.10128
2.1905 -2.92306
2.2076 -2.76249
2.11966 -2.80813
1.93353 -2.90438
2.02814 -2.85596
2.08131 -2.97108
2.10525 -2.88881
2.18614 -3.60187
2.06286 -3.53427
2.11909 -3.70677
1.99796 -3.6426
1.89773 -3.48672
1.82243 -3.31803
1.74687 -3.40848
1.77344 -3.52245
1.85491 -3.66584
1.68659 -3.59505
1.70538 -3.73222
1.86143 -3.85077
2.00757 -3.79832
2.01062 -3.96968
2.14461 -3.89431
2.14066 -4.09693
2.26391 -3.99349
2.31093 -4.16576
2.34675 -4.35862
2.10319 -4.3001
2.24919 -4.49802
2.35954 -4.54313
2.20818 -4.7046
2.3451 -4.6801
2.40556 -4.67973
2.33358 -4.77228
2.37983 -4.79294
2.25148 -4.88572
2.23258 -4.97344
2.37337 -4.88528
2.50863 -4.68255
2.51928 -4.73542
2.45608 -4.84053
2.61075 -4.66113
2.54901 -4.75424
2.72206 -4.551
2.6364 -4.66342
2.5114 -4.80694
2.57442 -4.73309
2.42886 -4.89102
2.39274 -4.89954
2.56843 -4.70383
2.72655 -4.51836
2.63136 -4.54994
2.8197 -4.29741
2.74121 -4.31386
2.58774 -4.49445
2.66033 -4.32098
2.53761 -4.42404
2.52616 -4.2791
2.38881 -4.24739
2.50002 -3.9949
2.32927 -4.09502
2.14815 -4.07256
2.11611 -4.29989
2.14408 -4.47251
2.30828 -4.44643
2.41901 -4.35341
2.41874 -4.4494
2.2918 -4.5752
2.36747 -4.60766
2.45663 -4.61061
2.29594 -4.80011
2.46734 -4.69359
2.32447 -4.89978
2.47719 -4.75656
2.24484 -5.01627
2.20647 -5.0806
2.28001 -5.01503
2.14342 -5.13094
2.16552 -5.11083
2.37925 -4.92616
2.31158 -4.98142
2.19191 -5.05561
2.02428 -5.1974
1.97384 -5.26299
1.84883 -5.31059
1.88376 -5.22575
1.73182 -5.31775
1.68942 -5.25019
1.83816 -5.18154
1.95521 -5.11857
1.74829 -5.06035
2.00241 -5.01509
2.11338 -5.01103
2.06682 -5.10709
2.14005 -4.88984
1.92076 -4.87867
2.09849 -4.82334
1.92367 -4.70755
1.61215 -4.77353
1.70895 -4.54504
1.99395 -4.51568
1.77129 -4.34185
1.90954 -4.17892
1.97925 -4.09856
1.77468 -4.07229
1.82758 -3.9684
1.64629 -3.95215
1.69778 -3.83686
1.53536 -3.81254
1.60917 -3.73221
1.51033 -3.65384
1.60532 -3.61894
1.60632 -3.51015
1.6836 -3.49087
1.60991 -3.37522
1.5566 -3.45111
1.69979 -3.26364
1.6889 -3.15073
1.76569 -3.19531
1.40272 -3.70138
1.36259 -4.64646
1.45417 -4.52698
1.49861 -4.26302
1.49926 -4.39954
1.68595 -4.1786
1.56287 -4.15916
1.59694 -4.07453
1.47028 -4.12261
1.4418 -3.98205
1.41774 -3.84042
1.44838 -3.83316
1.33836 -4.84709
1.24423 -4.75403
1.15985 -4.90225
1.20727 -4.99665
1.44489 -5.00205
1.24725 -5.12061
1.5125 -5.1882
1.45271 -5.30002
1.55416 -5.35452
1.35512 -5.37149
1.65263 -5.39534
1.79532 -5.36793
1.6643 -5.40153
1.8685 -5.3036
1.9423 -5.27425
2.04191 -5.19982
1.98756 -5.21525
2.10972 -5.12232
2.16897 -5.04057
2.14751 -5.00028
2.04942 -5.2072
1.25618 -5.33693
1.28264 -5.24816
1.0478 -5.2998
0.851583 -5.34268
0.623184 -5.33609
1.04852 -4.99523
0.99826 -4.94859
1.12068 -4.85463
2.2641 -4.79592
2.15533 -4.60867
1.98762 -4.63467
2.85296 -4.30867
2.83199 -4.37639
2.9551 -4.16911
2.92988 -4.14937
2.92356 -4.25882
2.81174 -4.41821
2.84692 -4.37019
2.74757 -4.51709
2.72832 -4.55056
3.18796 -3.71517
3.19615 -3.68406
2.92454 -2.45846
2.98253 -2.71956
3.00183 -2.94306
2.93781 -3.10196
3.07567 -0.435957
2.87211 -0.829619
2.79818 -0.69599
2.76163 -0.408216
2.56405 0.0513265
3.08378 0.615173
2.43882 1.61499
2.3196 1.76098
2.19634 1.90863
2.22202 1.72758
2.37765 1.60399
2.30716 1.55029
2.41913 1.49896
2.55779 1.47318
2.12024 1.65326
2.01424 1.89359
2.06606 2.05537
1.85044 2.12007
1.94076 2.2078
0.212332 3.87712
0.121361 3.65934
0.411922 2.68238
0.173474 2.17098
-0.783303 -0.735036
-2.04064 2.04981
-2.08984 2.24535
-1.95422 0.762806
-2.56387 0.700906
-2.9488 1.27951
-2.81589 1.91677
-2.97902 1.90403
-2.8525 2.03504
-3.04688 2.03263
-3.1129 1.86522
-3.43352 -0.0338972
-3.703 -0.437993
-4.0122 -1.70346
-4.08135 -1.55642
-4.13413 -1.57702
-4.1589 -1.41981
-4.17621 -1.72364
-3.72637 0.178147
-3.78634 -0.0343965
-3.74252 0.022278
-3.78564 -0.131246
-3.86218 -0.254346
-3.82394 -0.293335
-3.87498 -0.519234
-3.64548 0.374117
-3.5406 0.767893
-3.07664 -2.96956
-2.89584 -3.0438
-3.00758 -3.17487
-2.86954 -3.2965
-2.6871 -3.62756
-2.66817 -3.1976
-2.95226 -3.70052
-2.70534 -2.84181
-0.566347 -3.658
-3.38508 -3.26796
-3.34633 -3.21712
-3.6947 -3.56252
-3.83261 -3.26143
-3.76422 -3.46692
-3.87652 -3.2489
-3.93738 -3.07276
-4.02145 -2.87424
-2.8337 -4.62257
-1.49979 -4.89725
-0.112856 -4.18739
0.453047 -4.75521
0.46911 -4.89103
0.634569 -4.79586
-0.747041 -5.10691
-1.54538 -5.3502
-1.82453 -5.27926
-1.61776 -5.3422
-1.78178 -5.32344
-1.87325 -5.3125
-1.98161 -5.26183
-3.81662 -3.22695
-3.87993 -3.12143
-3.90608 -3.0591
-3.1273 -4.41145
0.595334 -5.42052
0.840254 -5.41254
0.686296 -5.51454
0.470984 -5.50922
0.504599 -5.57803
0.65349 -5.59132
0.293927 -5.60965
0.270821 -5.5783
0.378273 -5.54852
-0.529303 -5.29902
-0.903755 -5.22813
-1.26842 -5.13392
1.07802 -5.5363
0.417838 -5.32054
