-3.88429 -4.62152
-3.87056 -3.80675
-3.79794 -3.61923
-3.53621 -3.01726
-2.98059 -1.91643
-2.47469 -1.09807
-1.89886 -0.321955
-1.6279 -0.0890579
-1.21635 0.153713
-0.966908 0.295381
-0.335676 0.32587
0.701976 0.0172619
0.886896 -0.086853
1.08078 -0.236406
1.46439 -0.543187
2.74613 -2.10497
3.28419 -2.89242
3.34277 -3.0567
3.35472 -3.2898
3.38284 -4.02821
3.37215 -5.01618
3.31878 -5.69659
3.29186 -5.78976
3.27094 -5.84633
3.12143 -6.20449
2.85567 -6.71024
2.7336 -6.87382
2.53514 -7.10704
2.51388 -7.12927
2.36248 -7.2444
2.18403 -7.34364
2.00377 -7.43248
1.57571 -7.64248
1.32499 -7.74608
1.07675 -7.81918
0.862476 -7.86397
0.503026 -7.88922
-0.620574 -7.89151
-2.35152 -7.85788
-2.71428 -7.83907
-2.99753 -7.81148
-3.09978 -7.78773
-3.23466 -7.73208
-3.33837 -7.65853
-3.51266 -7.4883
-3.59537 -7.39894
-3.66584 -7.25819
-3.7184 -7.15189
-3.83521 -6.48614
-3.89721 -5.94255
-3.89622 -5.63362
