-6.2718 1.50596
-6.01128 2.67059
-5.67969 3.82214
-5.39233 4.36925
-5.23231 4.55758
-5.05567 4.75102
-4.4905 5.35927
-4.36622 5.43741
-4.1426 5.56775
-3.90939 5.67848
-3.67588 5.77234
-3.43927 5.82733
-3.19622 5.84499
-2.47416 5.83756
-2.23874 5.78058
-2.01443 5.70688
-1.79793 5.6302
-1.59049 5.53834
-1.3952 5.41806
-0.517564 4.59835
-0.261094 4.33511
-0.0970583 3.93106
-0.0217867 3.74221
0.72759 1.5171
0.801962 1.28605
0.939572 0.847876
1.19807 -0.691693
1.20952 -0.789077
1.18257 -0.92161
0.973071 -1.51282
0.873551 -1.75193
0.732449 -1.95485
0.459097 -2.32193
0.280831 -2.55316
0.239754 -2.60152
-0.211053 -3.07307
-0.37764 -3.22661
-0.58391 -3.39401
-0.749056 -3.51581
-0.897829 -3.60758
-1.10317 -3.68888
-1.2706 -3.73752
-1.60861 -3.81855
-1.86468 -3.84892
-2.10582 -3.83928
-2.33898 -3.81503
-2.7873 -3.702
-2.93608 -3.66379
-3.43276 -3.51048
-4.57458 -3.0461
-4.7796 -2.94685
-5.07687 -2.76178
-5.21047 -2.65741
-5.42119 -2.48835
-5.60008 -2.25969
-5.78259 -2.01149
-6.09701 -1.51272
-6.20816 -1.26374
-6.28938 -0.996248
-6.33614 -0.826387
-6.38444 -0.608816
-6.44616 -0.210754
-6.43357 0.167617
-6.42628 0.34224
