-0.235442 4.12436
-0.108983 4.31964
0.0226765 4.51493
0.238398 4.70723
0.188805 4.51694
0.0506959 4.33617
-0.0899847 4.21766
-0.0301287 4.13084
-0.25831 3.89454
-0.429882 3.61491
-0.340544 3.76607
-0.375272 3.49148
-0.502454 3.37481
-0.524698 3.45743
-0.599945 3.26598
-0.580784 3.15085
-0.481241 3.25851
-0.544188 3.01214
-0.676715 2.91704
-0.674227 3.07195
-0.746511 2.87413
-0.829981 2.68199
-0.675014 2.7069
-0.782781 2.50145
-0.870813 2.42444
-0.888474 2.52692
-0.956105 2.3108
-0.975596 2.3802
-1.06418 2.20959
-1.14041 1.95219
-1.02142 2.08851
-0.934529 2.23726
-0.958984 2.06544
-1.03516 1.97216
-1.04975 1.85432
-1.09201 1.87434
-1.13056 1.6997
-1.09 1.59608
-0.97639 1.91148
-0.941402 1.80199
-0.849228 2.10245
-0.812047 1.90328
-0.697792 2.14877
-0.714824 2.41438
-0.85893 2.29316
-0.530672 2.39625
-0.541927 2.72567
-0.375046 2.76907
-0.40447 3.0512
-0.306972 3.07609
-0.305021 3.25881
-0.209312 3.28316
-0.248581 3.46813
-0.392758 3.25677
-0.238673 3.70294
-0.131114 3.70374
-0.0971224 3.90364
0.0204806 3.86221
0.0850942 4.11285
0.129435 4.32257
0.272516 4.36704
0.220236 4.08842
0.430572 4.29225
0.471828 4.56404
0.334501 4.57625
0.511849 4.74458
0.354694 4.70285
0.225465 4.46383
0.455489 4.93295
0.66361 5.09185
0.793452 5.03076
0.933276 5.19549
0.82645 5.26084
2.0124 5.69306
6.81563 0.710259
6.74182 0.892505
6.66776 1.05842
6.81014 0.61306
6.64572 0.951224
6.72723 0.67855
6.62426 0.764803
6.71259 0.56529
6.68217 0.496326
6.55222 0.628084
6.50039 0.904929
6.42496 0.868482
6.43428 0.647511
6.3147 0.903276
6.30607 0.698562
6.15171 1.03983
6.14734 0.739738
6.01236 1.05451
5.99404 1.23127
5.93145 1.2395
5.84972 1.4691
5.88748 1.16877
5.76105 1.31255
5.66777 1.54386
5.61671 1.31866
5.8068 0.99429
5.66308 0.907317
5.48343 1.16352
5.4377 1.50299
5.50431 1.6939
5.30831 1.80973
5.26863 1.45131
5.08109 1.84918
5.10663 1.55032
4.95563 1.63668
5.09723 1.21541
4.872 1.41836
4.88297 1.11113
4.68158 1.35919
4.70821 1.71623
4.53028 1.59285
4.44926 1.86703
4.32256 1.5861
4.48436 1.39034
4.33617 1.22046
4.55548 1.1433
4.72489 1.06164
4.64631 0.857107
4.45787 0.930732
4.54263 0.584852
4.75072 0.587712
4.8386 0.799023
4.9411 0.385422
5.04483 0.743575
5.21469 0.177609
5.23542 0.719254
5.34827 0.966851
5.54591 0.731578
5.43889 0.423835
5.62266 0.338796
5.60456 0.042479
5.47318 -0.127137
5.67123 -0.425487
5.79476 -0.0733812
5.9071 -0.835194
6.06457 -0.437376
5.93986 0.233188
5.73121 0.481516
5.81404 0.663317
5.94685 0.631702
5.97604 0.876744
6.06307 0.61644
6.17616 0.456316
6.31846 0.40852
6.25799 0.136592
6.38714 0.109187
6.46014 0.224321
6.41914 0.465416
6.53831 0.354203
6.56409 0.0597415
6.61925 0.144184
6.65614 0.302187
6.68078 0.0628869
6.64661 -0.0711906
6.72435 -0.142792
6.74702 0.0682658
6.78237 -0.185213
6.81374 -0.0629047
6.7909 0.20275
6.73934 0.296527
6.75058 0.406069
6.81727 0.399755
6.79309 0.483758
6.83155 0.525335
6.8715 0.491555
6.85272 0.438561
6.91749 0.282779
6.89386 0.238188
6.86831 0.352909
6.84134 0.316128
6.92502 -0.0289139
6.9568 0.0709631
6.99487 -0.132622
6.98787 -0.316637
6.93002 -0.338007
7.00104 -0.553843
6.96036 -0.654138
6.91023 -0.563549
6.87395 -0.208207
6.8816 -0.032102
6.83524 0.101998
6.84584 -0.355711
6.84139 -0.634501
6.77965 -0.416862
6.77407 -0.709729
6.72628 -0.572806
6.68723 -0.337607
6.6372 -0.597965
6.71943 -0.813225
6.66421 -0.936178
6.75298 -1.13995
6.64041 -1.25227
6.56244 -0.870921
6.55192 -1.16696
6.53625 -1.4816
6.66658 -1.61387
6.63178 -1.88759
6.52389 -1.893
6.59246 -2.17097
6.43509 -2.12698
6.41577 -1.69331
6.31997 -1.8118
6.2916 -1.50998
6.3548 -1.21335
6.16003 -1.11829
6.19657 -1.61072
6.05368 -1.35658
6.08142 -1.74924
6.25073 -1.98347
6.13901 -2.10684
6.30284 -2.3395
6.10902 -2.43837
5.91667 -1.90211
5.7892 -2.25086
5.60456 -1.7601
5.51028 -2.09759
5.26944 -1.746
5.40758 -1.42566
5.57367 -1.34464
5.4147 -0.984037
5.16216 -1.23098
5.18172 -0.766762
5.00745 -0.908145
4.88213 -1.13086
4.78639 -0.680627
5.00955 -0.608244
4.90631 -0.263968
4.681 -0.21991
4.76859 0.00599186
4.57735 0.165
4.7517 0.301425
4.88881 0.0789963
5.02726 0.00414308
5.12386 -0.328858
5.33268 -0.44092
5.5224 -0.597191
5.68138 -1.01497
4.38449 0.406487
4.21786 0.805185
4.20808 0.265243
3.97678 0.557863
3.98228 0.125582
3.79538 0.404033
3.81209 0.669673
3.66027 0.682424
3.83544 0.937889
3.49095 0.986545
3.47434 0.61687
3.28114 0.670129
3.14391 1.08879
3.0484 0.632532
2.9052 0.907315
2.82327 0.542583
2.68602 0.923531
2.84746 1.25922
2.57195 1.31061
2.4243 0.939458
2.27728 1.34818
2.47311 1.67756
2.26359 1.73681
2.39762 2.04501
2.60011 1.92379
2.67742 2.24264
2.43004 2.37174
2.22001 2.32135
2.12383 1.97328
1.94554 2.22688
2.08574 2.64555
2.32263 2.57458
2.33901 2.84655
2.11728 3.0783
1.85376 2.89591
1.86484 3.34236
1.63564 3.06074
1.60022 2.71245
1.48985 2.84816
1.30017 2.56533
1.49696 2.36058
1.76882 2.4868
1.60096 1.99276
1.85995 1.83797
1.68227 1.71937
1.51315 1.55674
1.32053 1.65107
1.1864 1.98472
1.03848 1.39835
0.771688 1.62289
0.728251 1.11726
0.494814 1.23731
0.49508 1.58287
0.330169 1.33402
0.287544 1.57491
0.522721 1.97613
0.161259 1.79493
0.140118 1.50581
-0.0065825 1.39851
-0.103344 1.72197
-0.200416 1.35136
-0.255866 1.56406
-0.352056 1.33637
-0.36655 1.62905
-0.245971 1.76403
-0.303944 1.91875
-0.423918 1.82242
-0.387933 2.07424
-0.538163 1.87844
-0.513652 1.5924
-0.676347 1.5573
-0.659309 1.83992
-0.597968 2.06647
-0.708535 1.94317
-0.762811 1.7178
-0.885203 1.64347
-0.867933 1.38236
-0.756598 1.18371
-0.602412 1.24672
-0.692793 0.928369
-0.810055 0.891828
-0.882647 1.04862
-0.931919 0.689793
-0.996538 0.963853
-0.932171 1.16045
-0.979482 1.23194
-0.955508 1.43929
-1.06236 1.33865
-1.05744 1.09037
-1.16959 1.07869
-1.1139 0.849967
-1.04714 0.671769
-1.14383 0.554761
-1.22983 0.752177
-1.23307 0.437961
-1.28754 0.530198
-1.28088 0.322024
-1.34547 0.416212
-1.30939 0.0580779
-1.23921 0.178041
-1.20312 -0.152323
-1.15062 0.116867
-1.06319 -0.0492577
-1.04697 0.33145
-1.16829 0.31488
-0.974118 0.0779085
-0.904792 0.334547
-0.787214 0.58541
-0.813513 0.308827
-0.729181 0.280745
-0.606254 0.6393
-0.60116 0.976393
-0.484938 1.04816
-0.42106 0.695637
-0.307097 0.998363
-0.471389 1.38068
-0.31781 0.715761
-0.216181 0.738081
-0.134382 1.05659
-0.0405698 0.746182
0.00659442 1.08321
0.15217 1.26452
0.10269 0.950125
0.270226 1.0283
0.176027 0.635758
0.447717 0.778364
0.318765 0.478882
0.225736 0.21935
-0.00538015 0.262852
0.117119 -0.245217
-0.113139 -0.227896
-0.172931 0.189967
-0.154587 0.473799
-0.307575 0.396172
-0.253292 -0.00288531
-0.37887 -0.0301925
-0.278638 -0.394258
-0.161466 -0.803407
-0.00117993 -0.669029
-0.0458863 -1.00837
-0.112096 -1.20542
-0.223246 -1.25293
-0.106135 -1.60734
-0.238307 -1.57609
-0.201868 -1.76601
-0.291862 -1.78166
-0.355891 -1.38393
-0.431788 -1.72575
-0.360085 -2.10434
-0.505156 -1.96897
-0.503877 -2.23918
-0.604675 -2.06902
-0.585551 -1.62842
-0.743255 -1.88554
-0.688716 -2.34471
-0.811115 -2.16568
-0.834878 -1.92186
-0.876934 -1.59659
-0.901187 -2.01842
-1.01183 -1.82215
-0.966986 -2.25404
-1.04595 -2.20239
-1.10198 -2.00773
-1.1372 -1.68964
-1.1852 -1.96916
-1.22082 -1.60495
-1.18413 -1.33097
-1.26158 -1.3347
-1.25246 -1.08526
-1.30761 -1.14633
-1.32028 -0.889582
-1.35809 -1.09951
-1.38104 -0.678743
-1.33712 -0.548489
-1.38822 -0.370012
-1.35675 -0.232952
-1.40813 -0.118432
-1.37614 0.0774823
-1.45718 0.12168
-1.4493 -0.186385
-1.49392 0.0396364
-1.46148 -0.331391
-1.48963 -0.244425
-1.50326 -0.165503
-1.50854 -0.0670337
-1.51171 -0.223352
-1.50982 -0.331484
-1.49851 -0.542986
-1.47233 -0.431746
-1.43172 -0.70736
-1.42357 -0.455207
-1.48206 -0.750119
-1.45745 -0.926697
-1.43916 -0.92933
-1.4482 -1.11381
-1.40115 -1.14719
-1.35223 -1.4286
-1.38041 -1.44436
-1.42952 -1.30872
-1.42418 -1.49846
-1.40852 -1.67635
-1.38536 -1.62497
-1.37083 -1.84479
-1.35376 -1.66063
-1.32003 -1.87952
-1.31096 -1.74138
-1.31938 -1.4796
-1.26301 -1.76983
-1.27647 -1.50434
-1.31117 -1.31639
-1.27298 -1.96458
-1.22245 -2.08966
-1.16111 -2.25816
-1.10986 -2.31198
-1.13696 -2.53888
-1.15966 -2.34758
-1.16376 -2.60016
-1.17679 -2.39741
-1.18396 -2.51823
-1.22136 -2.31717
-1.22692 -2.18824
-1.27544 -2.16556
-1.29125 -2.00641
-1.30349 -2.05557
-1.27845 -2.21102
-1.32514 -2.09828
-1.29672 -2.22259
-1.25932 -2.34929
-1.26393 -2.30559
-1.21597 -2.46844
-1.19948 -2.59716
-1.1601 -2.70311
-1.12047 -2.85047
-1.12156 -2.85579
-1.13518 -2.78327
-1.07808 -3.01797
-1.0723 -2.84044
-1.09725 -2.57587
-1.0218 -2.56814
-0.994231 -2.89538
-0.924171 -2.83623
-0.91898 -2.55316
-0.884169 -2.30297
-0.815233 -2.48446
-0.821186 -2.80666
-0.719383 -2.68356
-0.617571 -2.63072
-0.539297 -2.4892
-0.590424 -2.29458
-0.376775 -2.44497
-0.386634 -2.70373
-0.522253 -2.73659
-0.404806 -2.9554
-0.588657 -2.89826
-0.44087 -3.23121
-0.630805 -3.13072
-0.7054 -2.91761
-0.744622 -3.06586
-0.68906 -3.25512
-0.77106 -3.21992
-0.842007 -3.05411
-0.838121 -3.27424
-0.693905 -3.42864
-0.792214 -3.51637
-0.64296 -3.6566
-0.538061 -3.65301
-0.550074 -3.41494
-0.385396 -3.66201
-0.357485 -3.51696
-0.230475 -3.47179
-0.225967 -3.22351
-0.0522151 -3.48584
-0.0423501 -3.24408
-0.174006 -2.93382
0.0878286 -3.07667
-0.0419195 -2.8676
-0.125754 -2.72736
0.0357351 -2.71428
-0.175014 -2.43786
-0.252454 -2.65206
-0.157365 -2.01694
0.030323 -2.33589
0.0433066 -1.95639
0.0592287 -1.63401
-0.000837803 -1.32257
0.145671 -1.40028
0.0695579 -1.03825
0.194818 -1.11174
0.165117 -0.739313
0.27163 -0.500785
0.34429 -0.143949
0.444681 -0.496611
0.604226 -0.189411
0.493527 0.291207
0.891004 0.192382
0.762173 0.694348
0.946771 1.0188
1.17991 0.803274
1.09528 1.1222
1.26203 1.28814
1.46432 1.19324
1.74159 1.43138
1.63947 0.85758
1.98002 1.1668
2.0423 1.59381
2.1864 0.958142
1.98366 0.753625
2.25467 0.529485
2.56829 0.507535
2.44881 0.0374006
2.13329 0.015051
2.0114 0.41548
1.84924 0.196467
1.81307 0.524705
1.58185 0.352974
1.40412 0.578516
1.26771 0.286281
1.46489 -0.0454045
1.17784 -0.185742
1.49005 -0.516119
1.65682 -0.260949
1.67961 0.0152221
1.87505 -0.197047
1.80049 -0.592942
2.12065 -0.579893
2.34473 -0.350442
2.39438 -0.71708
2.29662 -1.01491
1.9614 -1.18263
2.38516 -1.44726
2.22978 -1.82954
1.9012 -1.78651
1.65068 -1.49011
1.5113 -1.03755
1.41104 -1.39697
1.20928 -1.18085
1.21044 -1.63842
0.979967 -1.34475
0.925009 -1.77693
0.753404 -1.42481
0.679726 -1.81538
0.548965 -1.4419
0.610628 -1.07505
0.809713 -1.04157
0.665991 -0.668168
0.893004 -0.747489
0.883894 -0.37646
1.15819 -0.710966
1.00288 -1.00067
0.493932 -0.804866
0.434334 -1.07637
0.358373 -0.748831
0.285894 -0.964297
0.262345 -0.723336
0.338147 -1.43777
0.500765 -1.7688
0.393648 -1.88424
0.221737 -1.82117
0.356325 -2.12879
0.212255 -2.22623
0.383514 -2.44342
0.550962 -2.20334
0.536587 -2.61868
0.754751 -2.65007
0.824952 -2.19494
0.942085 -2.45373
1.13619 -2.17788
1.08814 -2.73696
1.33359 -2.46106
1.44677 -2.17989
1.37317 -1.91236
1.45642 -1.66324
1.61968 -1.89971
1.65539 -2.18841
1.82041 -2.08833
2.07557 -2.21604
1.812 -2.3546
2.00784 -2.59963
1.71916 -2.60141
1.5712 -2.42581
1.46698 -2.75966
1.74613 -2.85896
1.56294 -3.05672
1.30337 -3.15317
1.00078 -3.19492
0.855768 -2.9768
0.708886 -3.00547
0.580658 -2.90592
0.606287 -3.18372
0.484532 -3.07481
0.40146 -2.81916
0.354303 -3.09717
0.228167 -2.91289
0.220229 -2.58759
0.24633 -3.10549
0.284587 -3.27833
0.462326 -3.29383
0.39901 -3.53163
0.638485 -3.49996
0.776356 -3.24097
0.904631 -3.52158
1.16624 -3.48869
1.11308 -3.82113
0.823828 -3.83458
1.00664 -3.97062
0.94335 -4.10001
0.698831 -4.07754
0.877549 -4.24643
1.11034 -4.3234
1.19723 -4.12099
1.37273 -4.33274
1.49708 -4.23565
1.40121 -4.01722
1.66287 -4.15587
1.60866 -3.96681
1.40604 -3.7426
1.725 -3.79654
1.91198 -4.04729
2.05037 -3.82691
2.17556 -3.98813
2.4542 -3.81666
2.28766 -4.17357
2.77878 -4.08224
2.92477 -3.70295
2.71647 -3.6141
2.58421 -3.52201
2.87433 -3.35377
2.64422 -3.28824
2.4303 -3.37151
2.36694 -3.58515
2.19124 -3.44596
2.18313 -3.65947
1.87937 -3.51602
2.04936 -3.21081
1.78403 -3.16146
1.56589 -3.32946
1.57337 -3.5801
1.38286 -3.46393
1.96031 -2.95127
2.2363 -2.90144
2.3362 -2.44853
2.14666 -2.42746
2.28142 -2.16051
2.44121 -2.11065
2.4939 -1.82775
2.65624 -2.02819
2.69995 -1.63808
2.58033 -1.08088
2.87793 -1.26349
2.76441 -0.858632
2.59268 -0.506561
2.80862 -0.528816
2.76909 -0.0214173
2.95373 -0.402018
2.95854 -0.0968736
2.98221 0.201832
3.11454 -0.210132
3.18629 0.259167
3.3254 -0.144285
3.39135 0.291271
3.5299 -0.100461
3.59665 0.325969
3.76524 -0.0819623
3.66006 -0.520451
3.46741 -0.552789
3.59245 -0.97312
3.41665 -0.955249
3.49297 -1.17525
3.39063 -1.29588
3.56179 -1.42073
3.39055 -1.60104
3.52065 -1.85464
3.75456 -1.68463
3.78952 -1.26571
3.75967 -0.863841
3.92347 -0.962004
3.84931 -0.572882
4.01096 -0.711541
3.99444 -0.338198
4.17708 -0.190293
4.19205 -0.68264
4.36191 -0.503904
4.3535 -0.11885
4.40314 0.142067
4.50565 -0.085113
4.53285 -0.432143
4.47826 -0.668822
4.58362 -0.758909
4.67948 -0.991655
4.45891 -0.986651
4.70357 -1.3209
4.9558 -1.52077
4.74748 -1.66701
4.96764 -1.91649
5.26203 -2.20313
4.94138 -2.32067
4.61717 -1.99113
4.66293 -2.34439
4.34175 -2.34745
4.33068 -1.99005
4.40237 -1.76012
4.27002 -1.80335
4.28457 -1.64185
4.36862 -1.53552
4.22554 -1.37565
4.12974 -1.65616
4.01847 -1.32044
3.9326 -1.57481
3.98374 -1.88919
4.17548 -1.89563
4.16397 -2.07716
3.98279 -2.22827
3.95912 -2.65152
3.72075 -2.3566
3.74925 -2.03774
3.54604 -2.18222
3.51014 -2.41612
3.59821 -2.63952
3.29606 -2.61185
3.39514 -2.31383
3.22787 -2.2566
2.97461 -2.48682
3.00227 -2.85237
3.19093 -3.07842
3.44369 -2.8752
3.44885 -3.11234
3.68086 -2.97991
3.9287 -3.02341
4.18336 -3.00267
4.28032 -2.69593
4.45981 -2.88184
4.46912 -2.63105
4.59069 -2.51758
4.65584 -2.73118
4.78888 -2.54851
4.85574 -2.78006
4.98822 -2.63582
5.25549 -2.62875
5.05882 -2.95262
5.3325 -2.9809
5.54156 -2.87489
5.59057 -2.51625
5.75782 -2.86363
5.95067 -2.75822
5.9232 -3.14957
5.71807 -3.08133
5.77139 -3.29935
5.51585 -3.2759
5.70809 -3.54466
5.5037 -3.63929
5.62691 -3.81873
5.37512 -3.91039
5.23592 -3.6315
5.18226 -3.90984
5.10452 -3.84106
4.97545 -3.77905
5.01852 -3.99129
4.76058 -4.00566
4.76006 -3.70644
4.4624 -3.79773
4.62957 -3.457
4.40419 -3.497
4.43784 -3.20779
4.22514 -3.35475
4.26361 -3.60953
4.03855 -3.54199
4.18999 -3.78527
4.20785 -4.02518
4.47493 -4.15171
4.20691 -4.28276
3.91214 -4.13051
3.96005 -3.84387
3.65608 -3.90786
3.55704 -4.21461
3.87401 -4.4007
3.51858 -4.44728
3.10153 -4.37423
3.25078 -3.94268
2.60636 -4.3813
2.7984 -4.51792
2.49564 -4.59921
2.15056 -4.45266
1.90068 -4.2776
1.6872 -4.28744
1.69503 -4.42198
1.89652 -4.5824
1.65945 -4.59289
1.37683 -4.50799
1.48662 -4.67808
1.19817 -4.63856
1.10786 -4.49998
0.930355 -4.57921
0.922779 -4.40666
0.78458 -4.4525
0.740085 -4.30383
0.628318 -4.39296
0.714446 -4.5429
0.508473 -4.48391
0.481901 -4.32873
0.555044 -4.21885
0.34986 -4.17085
0.375538 -4.34151
0.246185 -4.25556
0.292958 -4.42897
0.113423 -4.2647
0.0896847 -4.0228
-0.0477557 -4.10785
-0.0345962 -4.28011
-0.198472 -4.05762
-0.187613 -3.84777
-0.359375 -3.85433
-0.289473 -3.67084
-0.225173 -3.64553
-0.0810325 -3.71222
0.115098 -3.74676
0.154573 -3.46347
0.319863 -3.76328
0.54936 -3.79679
0.451458 -4.00709
0.264812 -3.95432
-0.338477 -4.01585
-0.49797 -3.87251
-0.389075 -4.07641
-0.504875 -4.02774
-0.662107 -3.80375
-0.605737 -3.98196
-0.702561 -3.86032
-0.806515 -3.66903
-0.781674 -3.80647
-0.902507 -3.52296
-0.894313 -3.62562
-0.966604 -3.39337
-1.00369 -3.27658
-1.04735 -3.10398
-0.965791 -3.43246
-1.06263 -3.07926
-1.09332 -2.93569
-1.10852 -2.925
-1.11111 -2.91481
-1.11086 -2.84385
-1.15586 -2.72852
-1.07884 -3.01815
-1.06598 -3.06081
-1.05179 -3.11646
-1.03881 -3.17891
-0.951107 -3.33353
-0.941192 -3.45156
-0.855487 -3.64928
-0.858889 -3.70884
-0.78603 -3.85724
-0.748984 -3.89186
-0.703734 -4.02368
-0.677926 -4.0023
-0.632707 -4.02057
-0.618401 -4.11051
-0.577128 -4.17252
-0.533834 -4.18172
-0.48088 -4.26623
-0.419965 -4.31974
-0.481073 -4.16565
-0.298594 -4.34869
-0.331107 -4.22872
-0.194622 -4.40643
-0.190525 -4.33324
-0.229398 -4.20174
-0.0978603 -4.35789
0.0518229 -4.50078
0.135029 -4.41416
0.229863 -4.54063
0.424395 -4.63434
0.661253 -4.64765
0.656653 -4.78686
0.896969 -4.71707
0.7972 -4.63578
1.03636 -4.67045
1.11069 -4.722
1.30451 -4.76126
1.10494 -4.79472
1.37811 -4.85764
1.5437 -4.76913
1.81974 -4.717
1.72382 -4.82957
1.9537 -4.80185
2.12261 -4.75689
2.14019 -4.6433
2.33899 -4.71422
2.58097 -4.73629
2.82912 -4.6501
2.83553 -4.77573
3.05221 -4.72035
3.08786 -4.59253
2.95252 -4.53872
3.35812 -4.57048
3.25096 -4.67671
3.5079 -4.70511
3.69449 -4.5855
3.76792 -4.68368
3.87013 -4.64764
4.00073 -4.58188
4.24097 -4.47877
4.49737 -4.37005
4.56009 -4.51923
4.77786 -4.38329
4.6929 -4.24888
4.92365 -4.20002
5.10283 -4.31522
5.15981 -4.09919
5.32802 -4.14593
5.53883 -4.0556
5.41663 -4.26471
5.68338 -4.14738
5.72884 -3.96148
5.88781 -3.97694
5.83593 -3.75685
6.05639 -3.72782
5.9121 -3.48297
6.08216 -3.4238
6.15564 -3.17996
6.29321 -3.57227
6.37203 -3.2539
6.24339 -2.90359
6.35824 -2.69668
6.45173 -3.02626
6.53457 -2.82582
6.47066 -2.5233
6.55612 -2.39319
6.61112 -2.62329
6.64932 -2.41297
6.75853 -2.58826
6.708 -2.2059
6.8524 -2.19129
6.75466 -1.88137
6.89447 -1.76059
6.99845 -2.02642
7.00316 -1.70614
6.93421 -1.59112
6.8658 -1.40783
6.75854 -1.52111
6.82204 -1.10292
6.88332 -1.1326
6.83325 -0.896291
6.78447 -0.931518
6.89604 -0.867848
6.94719 -1.15098
6.93695 -1.33507
6.98636 -1.34993
6.95939 -1.48887
7.02397 -1.53887
7.04347 -1.42611
7.10069 -1.5504
7.11666 -1.38895
7.03675 -1.29401
7.07092 -1.23175
7.02972 -1.15377
6.99696 -1.2071
6.98973 -1.08353
7.02938 -1.00141
6.97248 -0.902814
7.0223 -0.805487
6.93358 -0.758036
7.06375 -0.963675
7.06805 -1.10179
7.11503 -1.04209
7.08533 -0.867727
7.12581 -1.99888
7.08715 -1.69913
7.07847 -1.83793
7.13066 -2.11745
7.17269 -2.57946
7.14263 -2.4266
7.11308 -2.27425
7.07136 -2.48355
7.0573 -2.33173
7.0565 -2.21996
6.98798 -2.34875
6.9623 -2.66108
6.87197 -2.52706
6.853 -2.75339
6.91662 -2.9505
6.99074 -2.8304
7.06859 -2.73685
7.01842 -2.97341
7.1006 -2.88821
7.21244 -2.72847
7.28872 -3.44522
7.28015 -3.32159
7.28015 -3.32159
7.24355 -3.46224
7.20308 -3.28019
7.26166 -3.19529
7.22462 -3.06274
7.13962 -3.14003
7.21634 -2.95469
7.20789 -2.84667
7.08863 -3.02566
7.05629 -3.164
7.10516 -3.31564
7.02429 -3.34293
6.9649 -3.18608
6.91206 -3.41983
6.86014 -3.18332
6.79193 -2.97819
6.73675 -3.29098
6.70542 -3.07833
6.61309 -3.08455
6.6719 -2.88092
6.55361 -3.29453
6.47541 -3.47932
6.63482 -3.53192
6.51808 -3.70005
6.37058 -3.91082
6.58641 -3.89678
6.67719 -3.72831
6.80847 -3.85054
6.78272 -3.59669
6.93144 -3.6634
7.05587 -3.52049
7.02953 -3.80765
7.19088 -3.65028
7.15862 -3.44579
7.30034 -3.5866
7.31794 -3.73129
7.33381 -3.86347
7.348 -3.98053
7.34304 -4.07765
7.2256 -4.20833
7.26161 -4.17224
7.21546 -4.25213
7.0801 -4.38258
7.13889 -4.29326
6.96287 -4.46557
6.89678 -4.51565
6.93945 -4.46536
6.76343 -4.55807
6.79644 -4.51238
6.93814 -4.41068
6.80808 -4.45405
6.89996 -4.37346
6.73085 -4.40303
6.92892 -4.27392
6.75822 -4.24504
6.90202 -4.19018
6.90721 -4.06293
6.98814 -4.15456
7.07554 -4.03177
6.68661 -4.07456
7.19583 -3.8611
7.23106 -4.01054
7.23511 -4.12439
7.13646 -4.14603
7.16957 -4.23409
7.04799 -4.28896
7.05366 -4.18478
7.08412 -4.34431
6.5347 -4.23886
6.47953 -4.07977
6.32883 -4.22782
6.35432 -4.08078
6.24273 -4.08477
6.22775 -3.96333
6.0895 -4.01708
6.07903 -4.27879
6.21569 -4.41265
6.39051 -4.35467
6.35064 -4.47441
6.54549 -4.38377
6.48638 -4.5016
6.64111 -4.52406
6.49889 -4.55691
6.36043 -4.59796
6.29037 -4.54493
6.14771 -4.62267
6.16523 -4.67568
6.42138 -4.64136
6.50962 -4.58542
6.62108 -4.58214
6.54694 -4.61091
6.6975 -4.57436
6.45242 -4.64693
6.27446 -4.67973
6.16502 -4.7075
6.06975 -4.72712
6.03016 -4.72689
5.87919 -4.76345
5.81924 -4.7644
5.65332 -4.791
5.61804 -4.78771
5.46938 -4.80637
5.389 -4.8108
5.27173 -4.8428
5.42848 -4.82048
5.15345 -4.87072
5.07593 -4.88658
5.13356 -4.85708
4.9429 -4.90303
4.92687 -4.85783
5.19687 -4.81624
5.04131 -4.80231
5.23342 -4.75292
5.06275 -4.71972
4.78047 -4.81631
4.73613 -4.72575
4.48166 -4.81286
4.40158 -4.72238
4.23199 -4.79047
4.26052 -4.87255
4.52421 -4.88802
4.30138 -4.91287
4.03154 -4.91041
4.02582 -4.83195
3.85208 -4.8656
3.76357 -4.78765
3.68594 -4.85025
3.7587 -4.90223
3.56437 -4.88201
3.4811 -4.82952
3.33085 -4.89928
3.22176 -4.85356
3.1216 -4.90146
3.04475 -4.87813
3.05171 -4.82252
2.86648 -4.85647
2.62876 -4.83207
2.69943 -4.89495
2.44262 -4.88593
2.3519 -4.8037
2.21987 -4.85952
2.12637 -4.8354
1.97722 -4.8751
2.21602 -4.93371
1.93965 -4.9321
1.66448 -4.91045
1.42311 -4.90657
1.21754 -4.88739
1.44475 -4.91731
1.27484 -4.92297
1.0541 -4.91455
0.934457 -4.87319
0.831674 -4.89429
0.679523 -4.86387
0.833165 -4.85202
1.05489 -4.86022
0.903624 -4.81483
0.534695 -4.82305
0.417783 -4.76451
0.427808 -4.8353
0.268615 -4.75262
0.24585 -4.65839
0.10135 -4.66268
-0.0622232 -4.53659
-0.0987008 -4.43684
-0.172239 -4.49509
-0.0510428 -4.6372
-0.249645 -4.48665
-0.122244 -4.63224
0.0262067 -4.74037
0.178229 -4.77904
0.185279 -4.80441
0.384054 -4.85856
0.647557 -4.87047
0.579819 -4.86944
0.835307 -4.88925
0.940826 -4.8936
1.15115 -4.90753
1.21646 -4.92242
1.47541 -4.93235
1.46595 -4.93069
1.77219 -4.94226
1.63202 -4.93345
1.80961 -4.93188
2.03989 -4.9489
2.15363 -4.97069
2.36524 -4.97047
2.54222 -4.94646
2.74576 -4.96361
2.78395 -4.93505
2.9237 -4.90469
2.9919 -4.93784
3.16343 -4.92795
3.1533 -4.94343
3.52497 -4.92243
3.37857 -4.9376
3.13966 -4.94663
2.84458 -4.96579
3.10314 -4.93853
2.78722 -4.96085
2.39839 -4.96994
2.50263 -4.97592
1.84289 -4.93886
2.1224 -4.93384
1.56788 -4.90173
1.41996 -4.91811
1.09705 -4.89403
0.956523 -4.84756
0.728811 -4.86088
0.617649 -4.832
0.418286 -4.84368
0.410041 -4.80488
0.191547 -4.77835
0.00615287 -4.72293
0.0189772 -4.68221
0.216987 -4.73819
0.067045 -4.6434
-0.126166 -4.55941
-0.0504885 -4.48599
0.199117 -4.61271
0.257635 -4.699
0.430209 -4.68855
0.480178 -4.75754
0.691004 -4.79999
0.879328 -4.78374
0.915861 -4.82294
1.20306 -4.83933
1.36116 -4.80419
1.5857 -4.85896
1.8603 -4.88904
2.06144 -4.91054
2.13325 -4.89038
1.94164 -4.84054
2.43664 -4.88564
2.32409 -4.91215
2.6111 -4.92813
2.78571 -4.90234
3.02695 -4.93025
2.74814 -4.93926
2.5087 -4.94871
2.33293 -4.9361
2.99684 -4.89816
3.25484 -4.89655
3.43718 -4.93455
3.33065 -4.93085
3.58391 -4.9414
3.66914 -4.95118
3.82688 -4.95788
3.88682 -4.94828
4.01235 -4.9671
4.13976 -4.95426
3.72148 -4.92299
4.19252 -4.94785
4.41883 -4.93025
4.47517 -4.91427
4.68955 -4.91351
4.72505 -4.88156
4.65311 -4.92539
4.89162 -4.92063
4.74283 -4.92319
5.00947 -4.90444
5.28607 -4.85958
5.22346 -4.86796
5.45551 -4.83566
5.49465 -4.8231
5.71933 -4.79612
5.62218 -4.81195
5.77357 -4.78748
5.93998 -4.7557
5.96247 -4.75616
6.08246 -4.72109
6.287 -4.67977
6.21179 -4.67571
6.43964 -4.63947
6.64821 -4.59697
6.59125 -4.56682
6.78119 -4.54092
6.81341 -4.55388
6.80891 -4.48103
7.00365 -4.36807
7.07377 -4.34793
6.90279 -4.36075
6.79479 -4.34337
7.2157 -4.22049
7.26684 -4.15838
6.30794 -4.28062
6.08804 -4.26374
5.84998 -4.23968
5.9739 -4.34872
5.67424 -4.40634
5.59873 -4.22093
5.44654 -4.33748
5.41912 -4.42476
5.35432 -4.54277
5.63789 -4.5789
5.39522 -4.65004
5.13233 -4.69351
5.30475 -4.72261
5.52484 -4.69677
5.37115 -4.76763
5.11817 -4.77145
5.17175 -4.82976
4.88837 -4.83676
5.01137 -4.86423
5.46182 -4.8181
4.80048 -4.88589
4.6044 -4.86695
4.68075 -4.79961
4.86876 -4.75948
4.54472 -4.74422
4.50093 -4.81725
4.27875 -4.81469
4.39876 -4.86836
4.39802 -4.90101
4.226 -4.87737
4.20634 -4.92391
4.38728 -4.93824
4.578 -4.9053
4.55166 -4.93286
3.99376 -4.94958
4.03651 -4.90527
3.90715 -4.91795
3.74631 -4.92514
3.82785 -4.88663
3.55094 -4.89783
3.59365 -4.82516
3.84531 -4.82045
4.04336 -4.84564
4.03081 -4.79382
4.20162 -4.74039
3.95716 -4.72114
3.86111 -4.76789
3.71564 -4.70107
3.60824 -4.6524
4.08469 -4.6586
3.96382 -4.55184
4.27915 -4.59669
4.3192 -4.68745
4.48221 -4.65024
4.71919 -4.63564
4.85932 -4.68635
5.02415 -4.5957
4.84562 -4.49411
5.19887 -4.42698
4.96628 -4.36397
5.33853 -4.22477
4.82743 -4.2608
4.63147 -4.39521
4.58871 -4.29372
4.36845 -4.33661
4.2959 -4.47705
4.54125 -4.54107
3.99915 -4.44934
3.848 -4.52307
3.72104 -4.58105
3.38243 -4.57656
3.49983 -4.62046
3.37291 -4.73737
3.64878 -4.7468
3.31276 -4.83746
3.05951 -4.7831
3.10481 -4.6902
2.80354 -4.73204
2.71874 -4.81439
3.04321 -4.85908
2.75284 -4.87328
2.41172 -4.84775
2.38934 -4.79692
2.45282 -4.73892
2.16737 -4.75664
2.1618 -4.80991
1.87647 -4.76045
1.60384 -4.78303
1.26769 -4.74092
1.57011 -4.72163
1.34634 -4.65669
1.72732 -4.69796
1.96911 -4.72673
1.94622 -4.67062
2.1684 -4.70857
2.30389 -4.66305
1.8858 -4.59741
2.39568 -4.56352
2.66191 -4.61894
2.6177 -4.68748
2.86588 -4.66532
3.14078 -4.57604
2.6454 -4.5613
2.89382 -4.56831
5.07942 -4.23735
2.14339 -4.57501
1.61998 -4.63002
-1.23104 1.69407
-1.35533 1.35025
-1.38826 1.29547
-1.35456 1.39095
-1.33869 1.44413
-1.373 1.05519
-1.42283 0.96767
-1.42661 1.08143
-1.45729 0.859712
-1.46213 0.972186
-1.48445 0.770863
-1.47601 0.849758
-1.50891 0.725735
-1.56014 0.27886
-1.54349 0.177018
-1.51418 0.363893
-1.54977 0.425359
-1.53686 0.578181
-1.51375 0.583081
-1.49371 0.636214
-1.48534 0.509103
-1.45998 0.731344
-1.43578 0.685043
-1.46301 0.392913
-1.49345 0.246586
-1.41483 0.403912
-1.37768 0.730699
-1.26917 1.10505
-1.32402 0.71504
-1.15927 1.29931
-1.18796 1.37294
-1.21414 1.48666
-0.982475 1.57298
-1.50002 0.0574389
-1.52833 0.0803977
-1.43876 1.0854
-1.41932 1.19936
-1.40584 1.21082
-0.878341 -3.48086
-0.809771 -3.5888
-0.856187 -3.5561
-0.749976 -3.79583
-0.683376 -3.8367
-0.650887 -3.85456
-0.596257 -3.96186
-0.620231 -3.9902
-0.513026 -4.11418
-0.517131 -4.17673
-0.408604 -4.29326
-0.395835 -4.20784
-0.258207 -4.39267
-0.244139 -4.29555
-0.0150898 -4.33672
0.181021 -4.4616
0.156341 -4.33849
0.340912 -4.39814
0.465541 -4.57659
0.55349 -4.45128
0.464533 -4.27134
0.755997 -4.41222
0.748649 -4.57574
0.89134 -4.54779
1.01038 -4.64626
1.05232 -4.54195
0.184747 -4.13899
-0.0735736 -4.01455
-0.0905817 -4.09651
-0.199419 -4.00474
-0.312018 -4.00671
-0.305794 -3.9059
-0.510187 -3.80549
-0.514393 -3.92497
-0.363086 -4.1089
-0.527555 -4.02626
-0.686728 -3.70589
-0.167146 -4.18294
0.0477359 -4.22983
0.236628 -4.27473
0.752702 -4.65533
0.655159 -4.69658
0.919457 -4.71464
0.816412 -4.74079
1.04821 -4.76339
0.636487 -4.72999
-0.29027 -4.44489
-0.421091 -4.33183
-0.348163 -4.43029
-0.164526 -4.5815
-0.273662 -4.52514
-0.414008 -4.36693
-0.514913 -4.24614
-0.629503 -4.08081
-0.632929 -4.03227
4.17149 -4.38797
5.67508 -4.74655
5.68686 -4.77916
5.92806 -4.74074
6.00332 -4.66769
6.12709 -4.68018
6.33129 -4.62328
6.2144 -4.5757
6.44779 -4.55028
6.49941 -4.56267
6.62592 -4.50426
6.73141 -4.40964
6.57527 -4.43794
6.36419 -4.48996
6.45533 -4.38568
6.50233 -4.2973
6.67105 -4.30961
6.27992 -4.36755
6.16283 -4.49993
5.97476 -4.4536
5.94705 -4.58376
5.80859 -4.5077
5.75912 -4.66879
5.68827 -4.80038
5.88837 -4.76068
3.26253 -4.77488
4.03875 -4.71144
4.31346 -4.62292
4.65425 -4.63684
4.86887 -4.50495
4.90532 -4.59499
5.20653 -4.48839
5.58629 -4.35151
5.49767 -4.52275
5.79202 -4.41398
5.86477 -4.20982
5.96756 -4.50181
5.70742 -4.56544
5.83655 -4.58579
5.96422 -4.61618
6.1557 -4.5395
5.95584 -4.69438
5.71405 -4.68161
5.78052 -4.76019
5.95348 -4.73872
5.59028 -4.76286
5.42989 -4.75575
5.41753 -4.66435
5.23862 -4.61285
4.99219 -4.64046
4.81776 -4.65912
6.21161 -3.84044
7.11505 -1.21685
7.05491 -0.511554
7.0294 -0.326595
7.07245 -0.690271
-1.35288 -1.9744
-1.13791 -2.77552
-1.02006 -3.15278
-0.958758 -3.34194
-0.959155 -3.27296
-0.997688 -3.10001
-0.911549 -3.29077
-0.927799 -3.08414
-0.895629 -3.44367
3.47536 -3.62825
3.22907 -3.61498
3.3422 -3.35659
3.588 -3.32256
3.76089 -3.59852
3.83486 -3.28329
4.0356 -3.24004
3.11776 -3.41939
2.9718 -3.0852
2.79881 -3.07706
2.75003 -2.7955
2.52229 -3.06727
2.50655 -2.75222
2.66749 -2.50937
2.80261 -2.24115
3.02508 -2.10328
2.84664 -1.96099
2.99968 -1.6991
3.25612 -1.88456
3.2058 -1.46592
3.04467 -1.42064
3.07648 -1.14804
3.25118 -1.0504
3.10879 -0.72001
3.28356 -0.610815
2.93647 -0.834381
3.38992 -2.10468
2.59178 -2.28
2.28199 -3.21473
4.72801 -3.05762
4.95211 -3.40728
5.22883 -3.24147
4.10965 -1.02315
4.27332 -1.07956
4.3701 -1.30883
4.52623 -1.52255
1.69243 -0.828058
-1.33703 -0.10486
-1.29488 -0.335765
-1.26689 -0.763861
-1.17409 -0.605927
-1.06548 -0.399081
-1.04753 -0.756036
-0.952405 -0.58714
-0.947927 -0.229894
-0.816412 -0.442835
-0.840881 0.0298117
-0.679178 -0.127489
-0.611362 0.212295
-0.520282 -0.10208
-0.478396 0.313332
-0.428671 -0.469855
-0.515872 -0.363771
-0.577636 -0.344826
-0.538366 -0.606088
-0.666243 -0.600794
-0.589786 -0.944925
-0.46902 -0.988654
-0.325846 -0.881894
-0.482482 -1.40349
-0.553221 -1.24413
-0.633199 -1.2516
-0.703211 -1.01695
-0.731549 -1.41845
-0.815113 -1.13253
-0.92382 -1.15284
-0.996068 -1.40633
-1.01894 -1.08949
-1.09419 -1.36039
-1.11526 -0.982851
-1.14874 -1.17971
-1.19055 -1.03348
-1.18214 -0.845949
-0.955551 -0.881711
-0.872671 -0.82633
-0.765242 -0.796719
-0.482374 2.16599
-0.351425 2.41429
-0.209574 2.24638
-0.205405 2.57773
-0.267376 2.69439
-0.200799 2.77856
-0.116655 2.7781
-0.0432656 2.5942
-0.0224044 2.86711
0.0801027 2.85388
0.0840282 3.10198
-0.0717301 3.03683
0.0603797 3.41098
-0.10563 3.25889
-0.0705495 3.57133
-0.213128 2.97195
0.133338 3.78203
0.334796 3.97544
0.241501 3.67577
0.425585 3.76484
0.571002 4.14369
0.682071 4.52717
0.857585 4.30798
0.968749 4.66986
0.824378 4.79174
0.638407 4.73682
0.713757 4.90003
0.896054 4.95643
1.08919 5.10665
1.06479 4.93969
1.28847 5.05949
1.44992 5.22817
1.20796 5.30497
1.00441 5.37877
1.17559 5.44957
1.30545 5.57731
1.4496 5.60727
1.58874 5.64846
1.74528 5.68867
1.91862 5.69726
2.12273 5.66958
2.2365 5.67623
2.24898 5.6017
2.16494 5.47527
1.90857 5.46289
1.59693 5.44699
1.72576 5.34353
1.72852 5.24465
1.93897 5.35118
1.96823 5.2336
2.14184 5.32425
2.21306 5.2059
2.42592 5.35477
2.37385 5.53198
2.56385 5.50556
2.73449 5.39805
2.72485 5.248
2.92991 5.29556
2.89751 5.38974
2.88104 5.48428
3.04535 5.38701
3.06426 5.52904
2.92402 5.57957
3.28132 5.4136
3.4982 5.2974
2.493 5.62993
2.63923 5.61614
2.7203 5.51947
2.78248 5.59728
2.35127 5.66638
3.73891 5.18499
3.94514 5.03002
3.87982 5.00993
3.83732 4.94717
3.58535 5.07017
3.73378 4.83616
3.46323 4.84239
3.21717 5.2077
3.11079 4.92503
2.95821 5.136
2.80572 4.99377
2.48554 5.1036
2.61092 4.84614
2.37145 4.83438
2.23843 5.00443
2.09093 4.72559
2.02664 5.03932
1.85845 4.86714
1.7847 5.0596
1.59825 4.80263
1.52155 5.05637
1.27958 4.79284
1.42489 4.64789
1.53598 4.4418
1.79667 4.60589
1.74644 4.3397
1.95495 4.36124
2.18943 4.35534
2.31044 4.5836
2.4282 4.3212
2.50368 4.61591
2.60383 4.41811
2.73157 4.6048
2.77568 4.8067
2.95594 4.71419
2.9357 4.43161
3.08696 4.51772
3.25568 4.62797
3.20237 4.26729
3.44745 4.41536
3.52761 4.59172
3.79755 4.60865
3.6939 4.38433
4.01183 4.29687
4.18692 4.45181
3.9869 4.71523
4.1719 4.59403
4.18922 4.70206
4.32889 4.51569
4.38022 4.60445
4.33002 4.7563
4.15312 4.88828
3.9974 4.87974
4.50246 4.62911
4.67049 4.50352
5.22016 3.72938
4.97629 4.07621
5.14616 3.81955
5.06601 3.87202
4.99414 3.91977
5.05917 3.75933
4.87432 3.84565
4.91576 3.60756
5.20192 3.52328
5.18164 3.69176
5.29725 3.63354
5.3728 3.5165
5.4438 3.3853
5.60582 3.13242
5.5333 3.25725
5.53407 3.13056
5.63389 3.01781
5.708 2.87963
5.64294 2.94021
5.53477 2.95784
5.64633 2.65535
5.8067 2.58013
5.80898 2.74669
5.87391 2.63286
5.75122 2.8294
5.93452 2.52076
6.16626 2.11089
5.98617 2.41763
5.91328 2.52677
5.92612 2.43645
6.00493 2.31652
5.96811 2.29377
5.891 2.34782
5.79634 2.38084
5.89644 2.19122
5.82397 2.16399
5.95416 1.9986
5.9071 1.91321
6.0698 1.70206
6.04946 1.97871
6.21136 1.65102
6.19055 1.84484
6.31296 1.64104
6.2689 1.90683
6.11455 2.04797
6.10793 2.17638
6.20143 2.01394
6.05677 2.23265
6.59457 1.23319
6.50088 1.41231
6.40887 1.58489
6.32581 1.73463
6.42494 1.38585
6.49458 1.34239
6.4931 1.25713
6.54645 1.18059
6.49997 1.11687
6.34963 1.37515
6.39297 1.10803
6.24293 1.34381
6.32111 1.06428
6.21577 1.15314
6.11947 1.39235
6.13824 1.22466
6.034 1.32906
5.96408 1.61378
5.79636 1.85119
5.7672 2.08591
5.65861 2.11552
5.62442 1.851
5.53273 2.14409
5.40886 2.07151
5.43212 2.29831
5.5324 2.33984
5.39527 2.51092
5.29837 2.39903
5.26386 2.63218
5.10853 2.63588
5.15322 2.22387
4.89393 2.54323
4.91864 2.81011
4.74288 2.84208
4.80471 3.03501
4.5558 3.12817
4.71491 3.20219
4.83019 3.2375
5.0075 2.99334
4.977 3.29821
5.17903 3.08277
5.11543 3.35555
5.27848 3.2469
5.36427 3.3482
5.42703 3.15895
5.45929 3.25535
5.37972 3.00787
5.48552 2.79675
5.337 2.78269
5.1791 2.82453
5.51697 2.57196
5.69286 2.33762
4.79267 3.46284
4.57055 3.71465
4.62637 3.40064
4.46079 3.57816
4.22426 3.71879
4.37746 3.43348
4.09344 3.47095
3.89587 3.68835
3.89381 3.47982
3.68488 3.51453
3.59198 3.80446
3.81775 3.95251
3.55764 4.13973
3.34903 3.9417
3.30125 3.58631
3.12935 3.92812
2.92971 3.74344
2.89529 4.10888
2.71416 3.91612
2.63672 3.6296
2.50371 3.97441
2.64233 4.17831
2.30435 4.0826
2.34901 3.77108
2.09427 3.99107
2.16188 3.51041
1.90126 3.73273
1.83218 4.07907
1.68771 3.82816
1.61649 4.1398
1.41671 3.88003
1.57949 3.46255
1.76211 3.60295
1.27017 3.41696
1.15561 3.69364
0.926791 3.30215
1.12516 3.06669
1.372 3.03849
1.14217 2.78605
0.882951 2.75698
0.997807 2.48203
0.758352 2.36124
0.568096 2.44492
0.625832 2.86455
0.348223 2.55219
0.315123 2.19006
0.0443211 2.21648
0.17126 2.6958
-0.167361 1.96958
0.411675 2.96064
0.242944 3.06569
0.484718 3.40741
0.63779 3.21545
0.741086 3.53481
0.703136 3.88381
0.255738 3.40607
0.957526 3.82679
0.898712 4.07743
1.08819 4.21941
1.19177 3.98005
1.33299 4.2148
1.29151 4.48685
1.09588 4.51289
1.47836 4.18124
0.833034 2.16041
0.73009 1.90378
0.624971 1.77102
0.918274 1.98665
1.05245 2.2407
2.42828 3.46504
2.62643 3.25894
2.94481 3.33734
2.80413 3.03353
2.58343 2.94109
2.37807 3.18098
2.53076 2.61898
2.83155 2.68039
3.02807 2.31042
3.17001 2.62327
3.06 2.94744
3.36224 2.82668
3.29798 3.16286
3.63015 2.99566
3.55718 3.29707
3.92452 3.2326
3.99778 2.82718
4.29578 2.96843
4.25167 3.24854
4.55844 2.86513
4.47577 2.69782
4.26635 2.73824
4.36203 2.52653
4.65211 2.37581
4.67334 2.66937
4.92814 2.20438
4.82959 1.98419
4.60874 2.04695
4.37319 2.22243
4.12813 1.95719
4.17249 2.24825
4.18351 2.43346
3.96664 2.33111
4.00544 2.57462
3.68159 2.6083
3.70119 2.3133
3.40502 2.33647
3.39539 2.60475
3.60966 2.14951
3.46435 2.04261
3.22246 1.96982
2.90514 1.96265
3.07127 1.59688
2.73712 1.6729
2.72609 1.95435
3.39653 1.45553
3.27914 1.70976
3.44943 1.79743
3.67657 1.6281
3.65137 1.9277
3.86454 1.81448
4.00919 1.41901
3.82669 2.09191
3.68392 1.30155
4.17033 2.63
2.75505 4.35073
3.82726 4.17004
4.05982 4.0136
4.22076 4.10752
4.26171 4.23024
4.44827 4.01265
4.40957 4.21026
4.67094 4.05405
4.48376 4.30598
4.55915 4.43702
4.76549 4.18883
4.80595 4.34398
4.89232 4.20888
4.69892 3.85184
4.31201 3.92795
3.99701 3.85035
6.0116 2.14692
5.95716 2.20686
-0.156447 2.88742
5.74088 -1.49522
5.90126 -1.40213
6.23652 -0.79956
6.23988 -0.442418
6.14428 -0.0497464
6.28078 -0.187144
6.38984 -0.179979
6.35435 -0.440269
6.42111 -0.423823
6.50839 -0.432527
6.49225 -0.0705945
6.60328 -0.235786
6.44511 -0.661228
6.47044 -1.03386
6.35272 -0.76668
6.08647 0.34658
