1.40089 2.72749
1.40367 3.24089
2.10695 6.96375
2.39059 7.60935
2.6654 7.91809
2.795 8.03718
3.11206 8.27147
3.34544 8.42175
3.60187 8.57207
3.92871 8.74522
4.15312 8.80616
4.62759 8.80388
4.80635 8.73206
4.97515 8.66316
5.63143 8.32188
6.09173 7.98806
6.57304 7.4332
6.98855 6.87673
7.87337 5.49689
8.01383 5.2453
8.2863 4.73189
8.40683 4.49435
8.99384 2.97149
9.06654 2.72982
9.241 1.99337
9.27659 1.83607
9.28884 1.73146
9.28567 1.64671
9.26301 1.21002
9.23861 1.02352
9.18109 0.594726
9.00414 0.128107
8.89146 -0.0695671
8.8212 -0.189032
8.70888 -0.335073
8.58231 -0.445948
8.4707 -0.536059
8.25011 -0.697818
7.69026 -1.1079
7.35638 -1.33444
7.05456 -1.53911
6.87927 -1.62178
6.76827 -1.67409
6.65285 -1.69874
6.48365 -1.70833
6.37103 -1.71002
5.57929 -1.67194
4.78622 -1.60859
4.5931 -1.58098
4.16987 -1.45025
4.11304 -1.43019
3.97849 -1.37916
3.90163 -1.34346
3.80146 -1.29548
3.70133 -1.24354
3.55687 -1.15222
3.40116 -1.05185
3.36921 -1.02826
3.07413 -0.778223
2.76529 -0.482482
2.25766 0.0525575
2.18598 0.148246
1.72514 0.799951
1.61593 1.00372
1.544 1.14654
1.49752 1.27562
1.45043 1.64037
