-8.0189 3.41662
-7.97655 3.58213
-7.80749 4.23029
-7.74336 4.38562
-6.95775 6.18879
-6.81424 6.46343
-6.14765 7.50097
-5.69319 7.97656
-5.56631 8.10245
-5.0105 8.61265
-4.4869 9.01309
-4.33133 9.07451
-3.80518 9.22357
-3.60962 9.23769
-3.05781 9.21624
-2.75947 9.19776
-2.6283 9.15828
-2.46745 9.08324
-2.30737 9.00354
-1.95227 8.79549
-1.44488 8.28013
-1.37415 8.10869
-1.17462 7.37775
-0.32396 3.68321
-0.282787 3.48737
-0.257451 3.22156
-0.267493 2.97007
-0.332818 2.29598
-0.358575 2.10648
-0.397787 1.93776
-0.43733 1.78622
-0.672635 1.34417
-0.723454 1.2665
-0.798871 1.16835
-0.87488 1.08691
-0.963354 0.99485
-2.24653 -0.276854
-2.36023 -0.385153
-2.46941 -0.488513
-2.60711 -0.59851
-2.8583 -0.7566
-2.96429 -0.820033
-3.12156 -0.884253
-3.26732 -0.933656
-3.30893 -0.944199
-3.49169 -0.989528
-5.34279 -1.30592
-5.44506 -1.32025
-5.57163 -1.32814
-5.6624 -1.31908
-5.85245 -1.22806
-6.07626 -1.09117
-6.50201 -0.819318
-6.50716 -0.815612
-6.90091 -0.529675
-7.2165 -0.255899
-7.34545 -0.143689
-7.46231 -0.0211089
-7.55263 0.106954
-7.73413 0.395536
-7.82199 0.547704
-7.989 0.840784
-8.09927 1.03866
-8.20968 1.33117
-8.23838 1.5064
-8.2505 1.83934
-8.25117 2.22517
-8.22676 2.4274
-8.19414 2.65256
-8.1553 2.8781
