6.99559 -1.65575
7.03741 -1.58171
7.005 -1.68269
7.04788 -1.6582
7.06582 -1.50235
7.06117 -1.42441
7.05288 -1.5532
7.05613 -1.34457
7.06935 -1.20553
7.008 0.0580672
6.98527 0.165749
6.99187 0.151573
6.97152 0.283815
6.95773 0.272654
7.0222 -0.023787
7.00317 -0.115629
6.95149 0.192216
6.9557 0.016288
7.00589 -0.399997
6.93835 -0.20424
6.99273 -0.541118
6.93296 -0.559331
6.97348 -0.7747
6.94423 -0.849678
6.97797 -1.12313
7.02327 -0.817844
7.0194 -1.22045
7.04382 -1.00071
7.02356 -0.691079
7.02572 -0.452237
7.02942 -0.634812
7.04276 -0.419143
7.03062 -0.771374
7.03128 -0.83998
7.04062 -1.10131
7.05112 -1.33725
7.05641 -1.51037
7.04974 -1.66263
7.03746 -1.5294
7.03208 -1.74158
7.01694 -1.66647
7.0021 -1.4511
6.98222 -1.6742
6.9628 -1.44405
6.93689 -1.69154
6.91308 -1.39834
6.95238 -1.27961
6.92611 -1.12447
6.87789 -1.23484
6.86528 -1.07114
6.82659 -1.30083
6.79605 -0.999276
6.83005 -0.826471
6.75865 -0.75801
6.67936 -0.973773
6.67044 -0.574415
6.58563 -0.558026
6.5917 -0.285253
6.68373 -0.30438
6.60917 -0.0659216
6.55831 -0.0836388
6.50218 -0.08291
6.51776 -0.303465
6.41904 -0.136228
6.46296 -0.435157
6.32322 -0.268861
6.28292 0.0804373
6.18017 -0.0496044
6.15074 0.251513
6.21848 0.317271
6.12388 0.543142
6.24938 0.474566
6.15808 0.701709
6.22361 0.719054
6.11905 0.963349
6.06607 0.824738
5.9479 1.13747
5.97181 0.790331
5.79911 1.08975
5.83881 0.688074
6.02135 0.459507
5.94341 0.301787
5.79403 0.400378
5.65433 0.688998
5.66039 0.420188
5.45536 0.598569
5.50211 0.951778
5.62649 1.07921
5.46024 1.22495
5.44897 1.49552
5.30082 1.43354
5.37666 1.15935
5.19885 1.21918
5.06289 1.64613
4.94785 1.39394
4.83045 1.72437
4.87537 1.95092
4.7598 1.90988
4.62077 1.85152
4.69766 1.4981
4.48653 1.60278
4.55568 1.42233
4.43462 1.31399
4.61713 1.21394
4.49044 0.959867
4.71973 0.884439
4.82808 1.15353
5.04509 1.04789
4.93426 0.835499
5.09923 0.782084
5.23728 0.861558
5.36348 0.960586
5.21463 0.558868
5.33054 0.154057
5.08083 0.357589
5.07699 0.102074
4.92359 0.234747
4.88274 -0.0117601
5.11872 -0.187006
4.8452 -0.270824
4.59378 -0.129218
4.68607 0.242564
4.43135 0.145991
4.27793 -0.0896535
4.21879 0.170982
4.31287 0.352581
4.0986 0.445364
4.33278 0.654925
4.47423 0.391681
4.59412 0.602193
4.24724 1.07871
4.12345 0.787764
4.04879 1.01278
3.9074 0.760989
3.84479 0.400008
3.66259 0.604712
3.7127 0.932187
3.5446 0.817226
3.57624 1.04171
3.40734 0.949897
3.51948 1.3077
3.70429 1.19345
3.80116 1.50188
3.89508 1.16494
4.00984 1.45898
4.0114 1.77303
3.82914 1.80575
3.90749 1.98568
4.04911 2.11789
3.81703 2.20363
3.7671 1.97177
3.60939 2.06914
3.60129 1.74077
3.33402 1.94114
3.46119 2.20162
3.62364 2.29539
3.46008 2.4103
3.26448 2.24631
3.25861 2.4713
3.04893 2.36548
3.04644 2.04476
2.81243 2.17829
2.82363 1.82307
2.6056 1.92605
2.648 1.61117
2.4533 1.6102
2.57633 1.2214
2.32749 1.30328
2.28737 0.907477
2.12492 1.19539
2.20166 1.59832
2.00889 1.40033
1.94218 1.16019
1.82715 1.37066
1.95605 1.70105
1.80045 1.60243
1.7253 1.82658
1.69163 1.50044
1.50952 1.44379
1.47091 1.76153
1.34407 1.47046
1.306 1.65769
1.38993 1.99009
1.18545 1.71176
1.2678 2.05775
1.41939 2.32861
1.2234 2.25543
1.13296 1.94076
1.03476 2.07065
1.11759 2.40972
0.94355 2.26061
0.96804 2.52689
0.863986 2.34539
0.816667 2.47683
0.882036 2.64431
0.960432 2.8011
0.750729 2.30911
0.689672 2.15033
0.60149 1.99758
0.730493 2.1009
0.820716 2.15976
0.761851 1.89728
0.887375 2.04283
0.888111 1.82322
0.98737 1.79786
1.04761 1.86821
1.03381 1.65091
1.03654 1.33512
0.937619 1.35974
0.908592 1.5688
0.829237 1.23594
0.776521 1.55417
0.681471 1.18752
0.623116 1.60445
0.562337 1.28552
0.517213 1.50914
0.553035 1.63587
0.561028 1.76273
0.516291 1.66621
0.472705 1.80639
0.55238 1.87569
0.475987 1.79666
0.164948 1.11337
0.188258 0.183842
0.170921 0.358883
0.238401 0.0254869
0.189907 0.389307
0.166707 0.534771
0.179375 0.657305
0.21909 0.368476
0.191558 0.696495
0.16786 1.01742
0.230255 0.897088
0.189178 1.22784
0.175724 0.883352
0.171939 0.710379
0.251873 1.13524
0.291279 0.952724
0.291016 1.13422
0.355377 1.02446
0.32053 1.24277
0.268116 1.31588
0.314061 1.42803
0.217669 1.33857
0.358393 1.54245
0.371511 1.31255
0.429867 1.44929
0.42522 1.19264
0.476665 1.3025
0.46874 1.61908
0.395292 1.66722
0.44679 1.75529
0.50701 1.06927
0.592663 1.03674
0.56122 0.767404
0.477945 0.839698
0.432498 0.995492
0.420424 0.795243
0.373958 0.764906
0.320005 0.824326
0.344901 0.599781
0.414337 0.562397
0.396568 0.325499
0.45754 0.340199
0.490219 0.56264
0.540598 0.19072
0.567206 0.454947
0.642966 0.548155
0.647978 0.854494
0.773707 0.733724
0.722683 0.277357
0.643523 0.210978
0.715947 -0.0964237
0.619367 -0.0613398
0.560939 -0.209003
0.472524 0.0748586
0.492357 -0.175569
0.389467 0.00860834
0.318621 0.384281
0.326313 0.0966294
0.269171 0.231152
0.243996 0.546576
0.264311 0.0314884
0.27958 -0.14302
0.366791 -0.579416
0.439029 -0.828677
0.474223 -1.01016
0.533065 -1.24074
0.610301 -1.46516
0.705068 -1.67968
0.677356 -1.56831
0.764894 -1.78617
0.824836 -1.94131
0.81851 -1.8779
0.977656 -2.16489
0.897514 -2.06387
1.06649 -2.34246
0.966481 -2.1325
0.835212 -1.88509
0.888933 -1.93698
0.918007 -1.95853
0.84636 -1.8127
0.903408 -1.80009
0.993788 -2.03411
1.03571 -2.02428
1.02354 -1.78397
1.12113 -2.04131
1.14799 -2.1609
1.2114 -2.19132
1.23432 -2.31731
1.11797 -2.22095
1.2684 -2.44731
1.15662 -2.38846
1.34746 -2.58678
1.23044 -2.50976
1.36513 -2.64364
1.48375 -2.74215
1.50722 -2.72255
1.42998 -2.60449
1.56914 -2.70436
1.56101 -2.61406
1.70313 -2.76143
1.64788 -2.80354
1.82269 -2.88515
1.88194 -2.81873
1.97303 -2.91472
2.07513 -2.86095
2.17425 -2.93286
2.30216 -2.8925
2.1689 -2.815
1.9792 -2.78695
2.02012 -2.71187
1.78452 -2.67394
1.88002 -2.5557
1.68211 -2.48105
1.7411 -2.33419
1.54139 -2.29297
1.55093 -2.14346
1.66243 -2.05299
1.41754 -1.92191
1.41242 -2.11002
1.27535 -1.93097
1.30602 -2.14263
1.16862 -1.95701
1.19406 -2.08667
1.33817 -2.32461
1.43923 -2.31553
1.47854 -2.45935
1.55214 -2.42437
1.61398 -2.5379
1.37514 -2.47806
1.42114 -2.21791
1.13573 -1.74494
1.03121 -1.57792
0.931969 -1.50097
0.888821 -1.60322
0.838539 -1.3862
0.881978 -1.26365
0.983046 -1.35535
0.919227 -1.10055
1.05715 -1.17967
0.978552 -0.940248
1.09013 -0.876747
0.967844 -0.722183
0.865864 -0.801307
0.890143 -0.492641
1.04496 -0.461257
0.915704 -0.193329
1.01499 -0.0754011
0.923142 0.164947
1.02439 0.208794
1.00986 0.549777
0.872461 0.48432
0.813974 0.272375
0.841997 0.0017868
0.780362 0.0366621
0.812299 -0.217799
0.778691 -0.484282
0.679071 -0.357758
0.72305 -0.575981
0.653352 -0.645109
0.543147 -0.436994
0.580261 -0.734215
0.482718 -0.486774
0.459026 -0.270159
0.407533 -0.257419
0.348931 -0.10371
0.343726 -0.202532
0.32655 -0.22914
0.32653 -0.229313
0.344123 -0.417982
0.394993 -0.53579
0.409306 -0.620663
0.384467 -0.590637
0.44602 -0.789653
0.467188 -0.766734
0.510882 -0.953268
0.487663 -0.966988
0.601196 -1.24423
0.600126 -1.32955
0.681642 -1.45763
0.692117 -1.55467
0.592749 -1.36349
0.726261 -1.60443
0.749943 -1.72761
0.774936 -1.71781
0.830303 -1.82001
0.761899 -1.66265
0.703684 -1.5132
0.666222 -1.39622
0.549704 -0.995452
0.63929 -1.1936
0.721705 -1.40023
0.776122 -1.60781
0.802571 -1.47992
0.718287 -1.27305
0.753118 -1.23186
0.66059 -1.01594
0.727567 -0.991691
0.761664 -0.76584
0.81983 -1.02589
0.792335 -1.19013
0.587249 -0.959814
0.501787 -0.731214
0.462912 -0.705959
0.425526 -0.487979
0.309456 -0.300839
0.312453 -0.254977
0.306812 -0.037925
0.899623 0.747184
0.902587 1.05429
1.01936 0.972803
1.17611 1.31246
1.14046 0.897882
1.30472 1.13999
1.23439 0.820503
1.14529 0.634897
1.11956 0.373386
1.27597 0.559126
1.20785 0.250905
1.34147 0.252599
1.48056 0.539719
1.40262 0.72079
1.35791 0.877971
1.5346 0.886783
1.45502 1.12197
1.62255 1.2295
1.76747 1.0241
1.70697 0.662668
1.9771 0.849389
1.88921 0.481099
2.1191 0.549592
2.32849 0.551719
2.5576 0.71079
2.44991 0.36015
2.21033 0.237312
2.43448 0.00636079
2.14349 -0.114155
1.98765 0.0408173
2.00011 0.290082
1.7885 0.155227
1.70565 0.395425
1.55421 0.203005
1.64372 0.0242644
1.55045 -0.169274
1.37045 -0.0539995
1.34981 -0.386529
1.24383 -0.210093
1.19235 -0.3917
1.13311 -0.185506
1.22743 0.0159933
1.11462 0.0863905
1.23462 -0.665116
1.2762 -0.982366
1.37997 -0.859181
1.40107 -0.656606
1.54105 -0.511867
1.56442 -0.830339
1.69992 -0.641036
1.76034 -0.343708
1.70939 -0.0886883
1.83436 -0.092764
1.94523 -0.189012
2.01201 -0.389437
2.27379 -0.354509
2.11081 -0.681179
1.87282 -0.595361
1.83875 -0.869971
2.10832 -1.0309
1.90414 -1.15928
1.70512 -1.08472
1.79419 -1.39324
1.49582 -1.13863
1.58059 -1.3751
1.44825 -1.36119
1.32979 -1.19513
1.19344 -1.15243
1.29436 -1.35326
1.18297 -1.34205
1.29095 -1.55562
1.12153 -1.49568
1.25466 -1.72755
1.35694 -1.73006
1.48917 -1.74758
1.41997 -1.52039
1.62592 -1.59758
1.70467 -1.86499
1.76805 -1.77923
1.87575 -1.7216
2.09659 -1.66208
2.14348 -1.3711
2.33026 -1.63576
2.46805 -1.46665
2.36129 -1.1837
2.35118 -0.878022
2.56633 -1.03845
2.61711 -0.728127
2.38248 -0.594813
2.58136 -0.338143
2.87061 -0.562099
2.8605 -0.138889
2.64968 -0.039516
2.72194 0.282825
2.99712 0.134479
3.04448 0.509053
2.8054 0.685143
2.74321 0.954659
2.82349 1.19079
2.81936 1.4795
3.02955 1.3358
3.05292 1.69532
3.29529 1.53307
3.23627 1.15098
2.97836 0.950757
3.20521 0.824683
3.38764 0.567839
3.27433 0.113109
3.62186 0.184442
3.51362 -0.194592
3.75202 -0.182683
3.96921 0.0344643
3.9064 -0.229047
4.06869 -0.343738
4.36153 -0.35914
4.23476 -0.671665
3.90323 -0.638097
3.85873 -0.380546
3.69176 -0.444345
3.67155 -0.691495
3.49123 -0.50562
3.4862 -0.819509
3.8185 -0.991352
3.58079 -1.12454
3.36663 -1.07177
3.17856 -0.758722
3.15108 -1.06989
2.95717 -0.869199
2.95374 -1.13979
2.77867 -0.975446
2.82743 -1.14013
2.73305 -1.19993
2.85664 -1.26824
2.80081 -1.50413
2.96863 -1.36587
3.13414 -1.33118
3.09268 -1.58214
3.32317 -1.55335
3.29811 -1.2803
3.50698 -1.37603
3.55277 -1.68408
3.67998 -1.55572
3.73812 -1.33803
3.85044 -1.58157
4.01721 -1.35523
4.16729 -1.02974
4.02355 -0.846818
4.51504 -0.903477
4.62026 -0.5082
4.79702 -0.700352
4.95378 -0.481804
5.0365 -0.712711
5.23301 -0.495996
5.42116 -0.269112
5.5756 -0.0814863
5.59835 0.206229
5.75462 -0.0492491
5.74692 0.211902
5.8784 0.0948299
5.95116 -0.275571
6.03598 -0.00773896
6.06864 0.188307
6.13777 -0.287348
6.2296 -0.27068
6.26419 -0.462935
6.13631 -0.635993
5.93411 -0.591992
5.98912 -0.858755
5.81925 -0.747205
5.70492 -0.426381
5.58836 -0.805435
5.80338 -1.0348
5.57042 -1.08475
5.33824 -1.01771
5.30134 -0.755681
5.05255 -0.962305
5.05892 -1.26791
4.71137 -1.13741
4.65213 -1.46624
4.46894 -1.32311
4.28839 -1.56593
4.28098 -1.26455
4.45537 -1.1515
4.34472 -1.09486
4.8268 -0.884366
4.02809 -1.64205
4.10945 -1.87024
4.33315 -1.82196
4.49047 -1.69883
4.55262 -1.91683
4.68148 -1.68779
4.93332 -1.57688
4.81845 -1.77869
5.09664 -1.76753
5.31047 -1.51005
5.39598 -1.23931
5.65777 -1.33452
5.63717 -1.67636
5.36899 -1.75803
5.52917 -1.86149
5.3674 -1.92258
5.24534 -1.85338
5.1397 -1.99161
4.86095 -1.95405
4.91617 -2.12019
4.6699 -2.13488
4.36203 -2.18691
4.56422 -2.32502
4.26815 -2.40534
4.17436 -2.28331
4.09936 -2.14505
4.0101 -2.33727
3.94695 -2.20346
3.82837 -2.25118
3.87327 -2.02722
3.70774 -2.14034
3.64937 -2.29289
3.53368 -2.12476
3.63967 -1.94468
3.39697 -1.87061
3.29086 -2.13179
3.14698 -1.85378
3.24589 -1.72409
2.9936 -1.70437
2.90796 -1.83545
3.04906 -2.04775
2.81497 -2.04769
3.04144 -2.28668
3.33342 -2.3408
3.47713 -2.28366
3.53026 -2.4475
3.27147 -2.47591
3.42838 -2.61955
3.7125 -2.58605
3.7901 -2.42407
4.00701 -2.54858
4.3143 -2.57652
4.50647 -2.4709
4.6203 -2.58706
4.42891 -2.68873
4.11621 -2.71149
4.32309 -2.79262
4.57184 -2.76528
4.49382 -2.83572
4.70831 -2.83232
4.59427 -2.90999
4.85167 -2.87977
4.94776 -2.95229
5.08817 -2.86669
4.9147 -2.82054
5.09242 -2.76624
5.35098 -2.81992
5.33828 -2.70299
4.99808 -2.62402
5.35332 -2.58858
5.23223 -2.45195
5.55852 -2.49745
5.49994 -2.28953
5.80102 -2.39733
5.77582 -2.18616
5.58533 -2.11076
5.37673 -2.09615
5.51944 -1.9912
5.1154 -2.23926
5.71065 -1.95586
5.95818 -2.03253
5.90504 -1.79148
5.91161 -1.52007
6.02839 -1.67094
6.14191 -1.51002
6.027 -1.33655
6.1236 -1.2383
6.00801 -1.12422
5.89418 -1.27341
6.15246 -0.998229
6.25033 -1.2239
6.24563 -1.03613
6.26113 -0.89603
6.31659 -0.722135
6.38016 -0.966532
6.43268 -0.8161
6.39543 -0.576145
6.52397 -0.744719
6.52821 -1.07687
6.64583 -1.2985
6.55395 -1.46562
6.4076 -1.25754
6.43849 -1.52952
6.32449 -1.49396
6.31171 -1.06642
6.27578 -1.73099
6.38787 -1.70437
6.34658 -1.83086
6.28725 -1.96766
6.1153 -1.83575
6.13687 -2.07352
6.03373 -2.26684
6.24232 -2.20364
6.19517 -2.37607
6.34253 -2.34234
6.4114 -2.12434
6.41147 -1.89066
6.51686 -1.94932
6.49282 -1.72335
6.60505 -1.76782
6.67447 -1.56697
6.71064 -1.83855
6.77743 -1.61547
6.72859 -1.36372
6.87594 -1.64148
6.8129 -1.90995
6.88541 -1.8469
6.92256 -1.90494
6.96101 -1.85017
6.93569 -2.04673
6.87656 -2.03957
6.8579 -2.25405
6.78635 -2.21322
6.79246 -2.37833
6.71369 -2.43133
6.6735 -2.32245
6.70946 -2.09527
6.60123 -2.22046
6.61623 -2.0078
6.53212 -2.13032
6.48037 -2.29472
6.54808 -2.40883
6.41967 -2.48286
6.48876 -2.59127
6.60996 -2.50752
6.55555 -2.65422
6.65455 -2.60556
6.75564 -2.53256
6.67461 -2.69687
6.74589 -2.6097
6.66684 -2.73479
6.81243 -2.54944
6.8004 -2.50898
6.85644 -2.39852
6.81414 -2.41955
6.92444 -2.23678
6.90077 -2.38848
6.95551 -2.20735
6.96319 -2.08773
6.99682 -2.03524
6.98456 -1.88283
7.03003 -1.89404
7.00937 -2.06886
7.04689 -1.89836
7.04173 -1.7266
7.06814 -1.77914
7.03589 -1.97149
7.0292 -1.92073
7.04243 -1.76083
7.0026 -1.83394
6.97514 -2.06808
6.89523 -1.91248
6.95984 -1.73547
6.91188 -1.82866
5.56681 -2.73062
5.76817 -2.69928
5.54419 -2.84011
5.68525 -2.94335
5.93751 -2.95249
5.95828 -2.6555
6.13195 -2.60331
6.13012 -2.83425
6.3784 -2.80474
6.26272 -2.94643
6.39704 -2.92637
6.49816 -2.81465
6.52799 -2.84184
6.49313 -2.91486
6.36288 -3.01597
6.24887 -3.04169
6.23039 -3.12819
6.35109 -3.06985
6.47102 -2.97316
6.45806 -3.00988
6.57148 -2.88574
6.5696 -2.87715
6.67158 -2.77884
6.71148 -2.722
6.77089 -2.63551
6.84366 -2.54316
6.75495 -2.65082
6.63521 -2.83448
6.51716 -2.93021
6.57049 -2.84253
6.45315 -2.94873
6.45849 -2.87699
6.55556 -2.74408
6.42532 -2.77711
6.37979 -2.89364
6.32736 -2.98772
6.28442 -2.90608
6.20833 -3.00062
6.17629 -3.04407
6.20594 -3.09161
6.36566 -3.03949
6.2401 -3.13453
6.39493 -3.03711
6.49487 -2.97609
6.36086 -3.07291
6.22555 -3.16805
6.03994 -3.17587
6.06511 -3.1828
6.09189 -3.11055
5.93886 -3.14501
5.92494 -3.06958
6.11188 -3.0201
5.74902 -3.03918
5.72452 -3.13248
5.57643 -3.08059
5.55294 -3.00555
5.45942 -2.93293
5.34374 -2.9837
5.41757 -3.03951
5.17614 -3.01662
5.39224 -3.0924
5.03458 -3.07431
5.18821 -3.11525
5.39053 -3.14065
5.57422 -3.14916
5.37463 -3.1368
5.64037 -3.1484
5.55839 -3.14733
5.37442 -3.12419
5.54107 -3.11382
5.79223 -3.15471
5.82196 -3.11143
5.58566 -3.05582
5.87926 -3.062
6.03862 -3.09091
6.07479 -3.03854
5.95562 -2.99254
6.12909 -2.96125
6.01433 -2.89982
6.18188 -2.87924
6.28627 -2.81539
6.32645 -2.66767
6.14251 -2.78175
6.16444 -2.64083
5.97047 -2.69205
5.96339 -2.81683
5.79852 -2.78699
5.82176 -2.8796
5.8443 -2.94788
5.65161 -2.93933
5.74526 -3.00552
5.52293 -2.99755
5.26024 -3.00723
5.30208 -3.06427
5.09021 -3.04297
5.03099 -3.00052
4.83735 -3.02121
4.57315 -2.96651
4.49358 -3.01898
4.70026 -3.06381
5.03968 -3.07112
4.93219 -3.09274
5.14057 -3.08723
5.28153 -3.08296
5.25114 -3.09044
5.187 -3.11363
5.01438 -3.10889
4.8992 -3.08857
4.74277 -3.08271
4.67564 -3.05736
4.77043 -3.05844
4.4755 -3.02433
4.80697 -3.00435
4.47944 -2.95669
4.73259 -2.8981
4.35142 -2.86532
4.54002 -2.75178
4.81765 -2.74122
4.98751 -2.86214
5.13955 -2.81073
5.22567 -2.91889
5.35588 -2.85214
5.35893 -2.74279
5.09056 -2.74122
5.02038 -2.95712
5.19255 -2.97645
4.28836 -2.79722
4.04963 -2.81829
4.12093 -2.8889
3.80725 -2.83696
3.95344 -2.93243
4.12521 -2.9358
4.27972 -2.94709
4.23305 -2.97503
4.25826 -3.009
4.36067 -3.03547
4.19548 -3.01433
4.39436 -3.0501
4.52935 -3.06601
4.59085 -3.07716
4.78475 -3.09014
4.66773 -3.0782
4.47158 -3.06221
4.55408 -3.06693
4.39367 -3.041
4.25997 -3.02765
4.08703 -3.02752
4.02781 -3.02303
4.03032 -3.00776
4.0827 -2.97865
3.83364 -3.0123
3.75677 -2.93715
3.60274 -2.99629
3.46331 -3.04892
3.75457 -3.04146
3.39109 -3.06568
3.551 -3.04024
3.87371 -3.03126
3.66791 -3.01577
3.93213 -2.98076
3.60081 -2.97532
3.80071 -2.94274
4.05977 -2.95978
4.2634 -2.99043
4.29583 -2.9314
3.97594 -2.90595
4.29089 -2.87605
4.06698 -2.82916
3.86102 -2.84741
3.84112 -2.78714
3.86389 -2.68077
3.64321 -2.722
3.62274 -2.79466
3.39646 -2.75514
3.50792 -2.85108
3.70864 -2.83661
3.71124 -2.88708
3.50118 -2.9071
3.6992 -2.924
3.49041 -2.95358
3.26342 -2.93043
3.1878 -2.96755
3.34564 -2.98715
3.31934 -3.02798
3.10553 -3.01771
2.99779 -3.03339
2.99218 -3.0515
3.23716 -3.05872
2.99555 -3.05119
3.1397 -3.05731
3.14789 -3.08185
2.91241 -3.06272
2.85708 -3.09584
3.12243 -3.07676
3.3718 -3.01531
3.11417 -3.00565
3.34178 -2.96199
3.57888 -2.93229
3.4683 -2.89383
3.63432 -2.8588
2.18223 -3.00407
2.32258 -3.03407
2.49228 -3.04705
2.57614 -3.08098
2.70974 -3.07159
2.65145 -3.08059
2.42184 -3.08709
2.47587 -3.07468
2.69426 -3.05442
2.36441 -3.06946
2.49167 -3.05619
2.34937 -3.05453
2.38242 -3.04698
2.71399 -3.04421
2.60998 -2.99935
2.27875 -2.99947
2.43682 -2.95238
2.02422 -2.96472
2.10099 -3.03036
1.86926 -2.98562
1.93555 -3.02521
2.19555 -3.06638
2.11489 -3.0585
1.88389 -2.99177
2.06663 -3.01727
1.89549 -2.95604
2.02198 -2.96319
1.86183 -2.90171
1.55014 -2.72488
1.40927 -2.60791
1.49845 -2.72992
1.38124 -2.65327
1.52947 -2.80107
1.64481 -2.83343
1.69775 -2.91024
1.6096 -2.86864
1.73366 -2.95502
1.60251 -2.8636
1.73212 -2.94803
1.61144 -2.83045
1.71941 -2.90617
1.48917 -2.78035
1.77729 -2.92164
1.37514 -2.68899
1.24142 -2.54242
1.27585 -2.55496
1.25111 -2.4878
1.1385 -2.39604
1.14036 -2.35186
1.16262 -2.34682
1.27954 -2.48129
0.935859 -2.07511
1.04678 -2.21417
1.07003 -2.25523
1.07103 -2.28238
1.77388 -2.89321
1.7039 -2.82085
2.21395 -3.03588
2.27446 -3.06791
2.72426 -2.94262
2.57178 -2.897
2.82209 -2.89609
2.99862 -2.93405
2.91453 -2.97885
2.86498 -3.02388
3.06947 -2.87136
2.7376 -2.81465
3.05517 -2.75429
2.71981 -2.70018
2.93944 -2.60859
3.20758 -2.67315
3.2737 -2.83008
3.18907 -2.58374
3.04738 -2.49144
2.74619 -2.43217
2.69155 -2.22363
2.48012 -2.2975
2.47548 -2.16243
2.55357 -2.02989
2.35911 -2.03813
2.34628 -1.85633
2.12617 -1.93405
2.2854 -2.15463
2.04866 -2.11866
2.23436 -2.30454
1.95243 -2.27267
1.8447 -2.05351
1.88717 -1.92063
2.22703 -2.48158
2.44574 -2.43258
2.565 -2.57648
2.3561 -2.64695
2.53095 -2.67188
2.50123 -2.7395
2.25767 -2.73116
2.41878 -2.82504
2.11323 -2.60927
1.97535 -2.45945
2.60733 -1.77773
3.3256 -2.88496
2.89539 -3.06091
2.8052 -3.02518
2.9841 -3.04175
2.96701 -2.98834
3.13218 -2.95197
3.22207 -2.96048
3.30028 -2.92187
2.6548 -3.03344
4.18103 -3.02762
4.30937 -2.90941
5.35127 -2.92822
5.60299 -2.8591
5.58724 -2.75532
5.76539 -2.69413
5.58284 -2.64099
5.80521 -2.58047
6.04969 -2.50796
6.26062 -2.51347
6.0315 -3.13274
5.83569 -3.16472
6.85081 -2.5046
6.91167 -2.37854
6.91994 -2.38516
6.86115 -2.47216
6.95459 -2.2732
6.97629 -2.24042
7.00265 -2.09745
7.00898 -2.10519
6.96632 -2.22106
6.9125 -2.24745
6.92017 -2.13492
6.85475 -2.26658
6.84538 -2.0403
6.80105 -2.2653
6.77355 -2.17955
6.65457 -2.30431
6.77559 -2.40747
6.66749 -2.55902
6.74575 -2.54514
6.62187 -2.71042
6.71755 -2.64142
6.6241 -2.79403
6.71175 -2.68728
6.7715 -2.58617
6.812 -2.5047
6.89714 -2.35816
6.84917 -2.39982
6.5459 -2.70068
6.58168 -2.55179
6.48207 -2.66196
6.48369 -2.54371
6.57357 -2.39692
6.43477 -2.47286
6.2904 -2.53928
6.39287 -2.65766
4.83118 -2.42999
4.8114 -2.25648
4.68488 -2.68523
4.82747 -2.74996
2.58225 -1.28066
3.75216 -1.76968
3.91747 -1.78791
4.28117 -2.00295
5.46679 -0.552739
2.80475 -0.771673
3.10384 -0.395543
3.30981 -0.55339
3.29674 -0.276672
3.10295 -0.110807
1.60711 0.455079
0.294423 0.700804
0.211422 1.2836
0.247591 1.28322
2.65678 4.83813
2.82843 4.78184
2.53015 4.7755
2.61384 4.66587
2.38441 4.70705
2.03763 4.5371
1.80477 4.20784
1.92978 4.37163
2.02761 4.27113
2.0763 4.41247
2.17803 4.50153
2.21312 4.63915
2.36152 4.53231
2.19824 4.37896
2.35478 4.35059
2.58025 4.47387
2.98975 4.72382
2.73104 4.38407
2.43691 4.17188
2.6594 4.13242
2.52915 3.98782
2.33574 3.88692
2.13409 3.9452
2.18667 4.19634
1.96318 4.05705
1.88223 3.81395
1.73509 3.91026
1.68969 4.04463
1.57876 3.8902
1.56391 3.71312
1.48128 3.73231
1.37793 3.38282
1.38595 3.58122
1.26559 3.28239
1.14701 3.13805
1.04648 2.97132
1.23401 3.04664
1.19792 2.74807
1.33631 2.96538
1.50678 3.16783
1.42354 3.29215
1.54765 3.40064
1.61472 3.48481
1.65982 3.6487
1.80049 3.58092
1.99344 3.74648
1.9734 3.37672
2.14292 3.73906
2.27465 3.59363
2.49302 3.71349
2.40217 3.50547
2.30611 3.28124
2.52441 3.43661
2.56249 3.11657
2.71856 3.39597
2.67528 3.62044
2.91627 3.64631
2.7364 3.90979
3.04232 3.98611
3.26125 3.7301
3.30247 4.07727
3.50356 3.95063
3.48783 4.18673
3.35046 4.24515
3.43732 4.38248
3.64447 4.3088
3.61956 4.46567
3.79874 4.41786
3.70722 4.58777
3.5051 4.54147
3.47433 4.6715
3.28771 4.53486
3.22971 4.67879
3.36347 4.80501
3.22643 4.80859
3.09626 4.77494
3.92579 4.88332
4.29341 4.80614
4.10087 4.84627
4.23936 4.7058
4.44784 4.72262
4.57572 4.64903
4.5633 4.55561
4.75194 4.42899
4.7015 4.58591
5.49131 3.61899
5.56594 3.48845
5.39159 3.58389
5.20949 3.92091
5.43464 3.74923
5.36222 3.86704
5.15043 4.02467
5.02032 4.01572
5.06159 3.79717
4.8975 3.93842
4.81188 4.12395
4.93039 4.17887
4.82826 4.2313
4.86908 4.33911
4.6976 4.2846
4.62707 4.4255
4.45258 4.38194
4.41587 4.55608
4.17086 4.55503
4.23622 4.35431
3.96551 4.47928
3.87576 4.65324
4.00748 4.74964
3.73219 4.85607
3.68117 4.7181
3.54733 4.83075
4.00501 4.3096
3.83646 4.21875
4.00703 4.13101
4.18803 4.15367
4.12643 3.94417
4.3295 3.96186
4.4364 4.12931
4.42865 4.29456
4.58951 4.20425
4.70727 4.01109
4.57908 3.81465
4.87335 3.73757
4.78192 3.57541
4.60452 3.49516
4.32151 3.69032
4.41503 3.37708
4.18666 3.47407
4.05243 3.71203
3.88908 3.96284
3.82766 3.69543
3.69779 3.88218
3.6781 4.0947
3.57777 3.66707
3.75192 3.4567
3.98269 3.45073
3.86922 3.27211
3.67335 3.22469
3.56311 3.41929
3.37902 3.2285
3.60015 2.92001
3.85938 3.04669
3.8653 2.79847
4.07673 2.87671
4.06658 3.17143
4.31864 2.95178
4.26009 3.24259
4.11917 3.33863
4.48036 3.0999
4.66135 3.20304
4.71314 2.92417
4.86545 2.99606
4.89763 3.26399
5.09648 2.84412
5.13752 3.08637
5.07744 3.3248
5.2729 3.1993
5.11924 3.51636
4.94968 3.49568
5.22982 3.64571
5.36199 3.41064
5.49609 3.42277
5.53063 3.28285
5.64238 3.35393
6.40097 1.93347
6.3459 2.07758
6.279 2.22525
6.24509 2.11978
6.21336 2.35844
6.08191 2.22926
6.2356 1.92525
6.12009 1.91126
6.26514 1.62734
6.08126 1.62642
6.26896 1.28795
6.15446 1.22012
6.01811 1.46496
6.02262 1.27249
6.24668 0.883695
6.27941 1.03566
6.3629 0.788391
6.32741 0.586541
6.4695 0.451148
6.38803 0.214793
6.28365 0.265045
6.52255 0.105118
6.58723 0.200703
6.56994 0.480483
6.4616 0.780242
6.56393 0.70244
6.4947 0.973772
6.39238 1.07975
6.41431 1.31903
6.35224 0.993422
6.55073 1.10422
6.50193 1.38177
6.43775 1.5142
6.45598 1.64458
6.4384 1.65226
6.37735 1.57073
6.32831 1.73686
6.33118 1.90762
6.45217 1.69902
6.45947 1.78589
6.4508 1.76186
6.55437 1.56414
6.60287 1.45011
6.67182 1.42156
6.63516 1.39454
6.60463 1.24727
6.55132 1.45987
6.69204 1.02266
6.65378 0.904186
6.60581 0.78915
6.71655 0.529338
6.733 0.726469
6.79044 0.466559
6.83312 0.110527
6.72675 0.205005
6.7883 -0.134846
6.69091 -0.024692
6.75463 -0.3338
6.73608 -0.518016
6.79627 -0.584417
6.80759 -0.409645
6.85343 -0.619311
6.86222 -0.353105
6.90083 -0.649502
6.89059 -0.863508
6.65266 0.269532
6.65073 0.494473
6.87576 0.251047
6.82095 0.48396
6.78211 0.703233
6.83883 0.525418
6.79545 0.786291
6.74791 0.898041
6.72267 1.08039
6.67093 1.18303
6.63406 1.41229
6.72679 1.24041
6.71787 1.38407
6.75356 1.25418
6.75933 1.27781
6.86533 0.90433
6.88699 0.797134
6.89918 0.729521
6.94685 0.459996
6.91605 0.594712
6.89622 0.617147
6.81724 0.996583
6.83473 0.905353
6.88058 0.651453
6.8237 0.916593
6.8094 0.8065
6.86306 0.60594
6.7772 1.01709
6.84262 0.568582
6.89965 0.366522
6.91257 0.418009
6.78749 1.10883
6.78455 1.1388
6.9045 0.657108
5.86595 1.59182
5.76105 1.4417
5.70875 1.68278
5.63635 1.97913
5.78191 1.92062
5.69045 2.15442
5.59367 2.22679
5.58407 2.43894
5.75237 2.31702
5.66812 2.52199
5.58954 2.71405
5.36047 2.7758
5.48523 2.98786
5.44869 3.19934
5.57322 3.10911
5.64742 3.19736
5.67827 3.07042
5.75206 3.12094
5.70745 3.2504
5.87962 2.92289
5.95414 2.84624
5.76876 3.00678
6.03262 2.64707
6.02858 2.54664
5.90651 2.54504
5.89315 2.31831
5.75227 2.62264
5.87593 2.09949
5.80216 2.06464
5.90903 1.83571
5.98672 1.93084
5.99757 2.10119
5.96882 1.62705
5.64787 2.92138
6.0816 2.5656
6.13473 2.48125
6.01029 2.76357
5.47229 2.35372
5.29533 2.53657
5.16209 2.51146
4.95017 2.70324
5.08353 2.27565
5.37482 2.18203
5.37041 1.8617
5.19091 1.82374
4.96719 2.09965
4.84801 2.35409
4.76663 2.62244
4.67502 2.48234
4.51985 2.68714
4.55718 2.86601
4.29332 2.66996
4.50598 2.45649
4.29263 2.40741
4.50231 2.16635
4.72856 2.23691
4.69997 2.03985
5.03333 1.89299
4.38229 1.88887
4.26122 2.1532
4.18972 1.90933
4.12821 2.33756
4.05273 2.58094
3.96392 2.36881
3.7295 2.53819
4.23333 1.54894
5.51257 1.63038
5.57331 1.73818
5.62525 1.41186
3.40868 2.65529
3.27351 2.90757
3.13106 2.64733
3.00681 2.88033
3.13741 3.08856
2.94555 3.12166
3.11523 3.29414
3.25175 3.45414
3.41031 3.50369
3.0908 3.49745
2.91862 3.35817
2.77321 3.18356
2.77072 2.93079
2.56052 2.71439
2.33255 2.87484
2.33834 2.44507
2.14247 2.6461
2.10715 3.0024
1.93638 2.73226
1.94803 3.03228
1.75865 2.95266
1.69658 3.20683
1.58745 3.03322
1.54824 2.84569
1.41856 2.89324
1.35403 2.59076
1.57777 2.64459
1.61373 2.39173
1.75004 2.62551
1.80913 2.33107
2.00451 2.43741
1.96864 2.10824
1.58499 2.10353
2.14642 2.31311
2.15193 1.99264
2.25246 2.19669
2.36646 2.01571
2.57972 2.3115
1.50751 2.22072
1.70045 3.4066
2.83392 2.57792
4.97964 4.24034
5.0777 4.13413
3.00481 4.58619
2.86985 4.50565
2.95648 4.41867
2.88107 4.19085
3.16737 4.3026
3.10722 4.49315
3.15695 4.57397
4.0865 1.25852
4.85802 0.531612
5.04249 0.609105
7.05607 -1.04199
7.0684 -0.821468
7.03734 -0.606894
7.06853 -0.607648
7.05295 -0.448786
7.05038 -0.300791
7.04607 -0.139727
