0.188258 0.183842
0.170921 0.358883
0.166707 0.534771
0.164948 1.11337
0.189178 1.22784
0.217669 1.33857
1.04648 2.97132
1.38595 3.58122
1.57876 3.8902
2.03763 4.5371
2.21312 4.63915
2.65678 4.83813
3.92579 4.88332
4.29341 4.80614
4.7015 4.58591
5.36222 3.86704
5.43464 3.74923
6.01029 2.76357
6.71787 1.38407
6.75933 1.27781
6.86533 0.90433
6.88699 0.797134
6.89918 0.729521
6.94685 0.459996
7.04607 -0.139727
7.06853 -0.607648
7.06935 -1.20553
7.06814 -1.77914
7.03589 -1.97149
7.00898 -2.10519
6.97629 -2.24042
6.91994 -2.38516
6.84366 -2.54316
6.63521 -2.83448
6.49487 -2.97609
6.45806 -3.00988
6.22555 -3.16805
6.06511 -3.1828
2.42184 -3.08709
2.19555 -3.06638
2.11489 -3.0585
1.93555 -3.02521
1.73366 -2.95502
1.6096 -2.86864
1.60251 -2.8636
1.48917 -2.78035
1.37514 -2.68899
1.24142 -2.54242
1.06649 -2.34246
0.897514 -2.06387
0.824836 -1.94131
0.705068 -1.67968
0.610301 -1.46516
0.533065 -1.24074
0.474223 -1.01016
0.366791 -0.579416
