0.249184 -11.4485
0.045465 -11.5007
0.374804 -11.496
0.410941 -11.4228
0.575727 -11.3976
0.750416 -11.385
0.931768 -11.3573
1.11395 -11.3013
1.29365 -11.3108
1.30253 -11.2345
1.5738 -11.2739
1.52508 -11.3278
1.71534 -11.3454
1.86821 -11.2841
1.78415 -11.2191
2.01254 -11.224
1.93981 -11.1553
1.52292 -11.1698
1.73708 -11.1607
2.13624 -11.1485
4.43715 -10.8185
4.53831 -10.717
4.34138 -10.8669
4.31111 -10.8705
4.1897 -10.9882
4.14901 -10.9901
4.25748 -10.8791
4.11472 -10.9924
4.22711 -10.8983
4.09055 -10.9703
4.15062 -10.8701
3.97098 -10.9861
3.96164 -11.0608
3.82759 -11.0946
3.79806 -11.1555
3.63729 -11.1696
3.611 -11.2459
3.42913 -11.2632
3.38876 -11.3092
3.52613 -11.3101
3.32434 -11.3544
3.4524 -11.2867
3.23501 -11.3564
3.24648 -11.3285
3.52943 -11.2417
3.67202 -11.2176
3.63423 -11.243
3.83708 -11.1775
3.68326 -11.2444
3.78034 -11.1937
3.954 -11.0945
4.03383 -11.0717
4.01196 -11.083
3.8466 -11.1462
3.99617 -11.0692
3.81326 -11.1191
3.88206 -11.0756
4.04934 -10.9995
4.17224 -10.9803
4.18914 -10.9496
4.33512 -10.8884
4.27609 -10.9389
4.13978 -11.027
2.93317 -11.0799
2.67227 -11.0908
2.40444 -11.1092
2.6281 -11.2053
2.87448 -11.1321
2.86262 -11.2172
3.13146 -11.1067
3.10134 -11.0204
3.26094 -11.0216
3.41181 -11.0346
3.53212 -11.0106
3.68593 -10.9968
3.65464 -11.0576
3.86798 -10.9965
3.71548 -11.0992
3.46728 -11.1598
3.64339 -11.1733
3.42871 -11.2413
3.22897 -11.2657
3.21886 -11.2112
3.30693 -11.1245
3.07809 -11.2077
3.01149 -11.2842
2.92751 -11.2692
2.75602 -11.3328
2.63962 -11.2849
2.47182 -11.3569
2.47907 -11.2828
2.37969 -11.2345
2.27733 -11.3107
2.24766 -11.2573
2.22249 -11.221
2.1435 -11.1702
2.11409 -11.2795
2.00562 -11.3547
2.2284 -11.3845
2.36968 -11.4088
2.54096 -11.3886
2.38415 -11.4302
2.21103 -11.425
2.02909 -11.4665
2.01551 -11.4262
1.8057 -11.4445
1.76082 -11.3906
1.46342 -11.3696
1.50164 -11.4217
1.17214 -11.4023
1.21472 -11.3554
0.832444 -11.4204
0.969327 -11.4515
1.21858 -11.4285
1.05912 -11.4747
1.34523 -11.4753
1.18171 -11.5165
1.36764 -11.519
1.04752 -11.5284
1.02988 -11.5206
0.80579 -11.5322
0.828592 -11.489
0.622224 -11.5165
0.672975 -11.466
0.431201 -11.55
0.119316 -11.5486
0.175233 -11.5817
0.32412 -11.5708
0.596511 -11.5532
0.49567 -11.5752
0.715575 -11.5812
0.633001 -11.583
0.838456 -11.5793
0.769697 -11.591
0.559326 -11.571
0.690748 -11.5367
0.488195 -11.527
0.54636 -11.4838
0.293447 -11.4971
0.352515 -11.5519
0.121097 -11.5338
0.229127 -11.5659
0.0980387 -11.5588
-0.038651 -11.56
0.079627 -11.5838
-0.150818 -11.5948
-0.0150638 -11.5934
-0.178138 -11.6016
0.0199771 -11.5849
0.000908375 -11.5933
-0.183969 -11.5965
-0.000761986 -11.5787
-0.11538 -11.574
-0.339576 -11.5759
-0.172495 -11.548
-0.332582 -11.5281
-0.556025 -11.553
-0.509552 -11.4721
-0.814534 -11.518
-1.01485 -11.4572
-0.879113 -11.4047
-1.09733 -11.3738
-1.31077 -11.3485
-1.52793 -11.3422
-1.53617 -11.3475
-1.78909 -11.3139
-3.73181 -5.59369
-3.67744 -5.51761
-3.48361 -5.025
-3.40519 -4.88227
-3.51748 -5.15871
-3.38336 -5.21511
-3.47361 -5.34003
-3.44988 -5.47563
-3.53224 -5.55848
-3.55656 -5.36566
-3.59246 -5.44826
-3.72939 -5.79584
-3.66713 -5.95616
-3.73861 -6.07485
-3.72612 -6.35907
-3.75046 -6.64817
-3.74186 -7.23824
-3.73919 -6.94108
-3.70996 -7.23696
-3.65888 -7.04499
-3.69205 -6.7804
-3.6711 -6.53534
-3.6208 -6.73771
-3.59549 -6.47857
-3.61123 -6.21723
-3.52748 -6.31637
-3.54439 -6.03075
-3.58101 -5.84699
-3.47868 -5.75615
-3.45526 -6.04386
-3.37447 -5.80457
-3.40949 -5.53639
-3.31474 -5.4588
-3.22498 -5.06664
-3.31666 -4.90203
-3.23175 -4.64312
-3.32393 -4.70556
-3.1543 -3.85349
-3.10848 -3.69894
-3.05201 -3.84904
-3.15639 -4.02454
-3.18434 -4.16143
-3.22408 -4.3212
-3.08785 -4.10484
-3.05402 -4.33784
-3.11215 -4.68867
-3.0201 -4.55981
-2.94549 -4.33787
-2.93533 -3.99843
-2.80801 -4.18748
-2.91162 -4.60552
-2.74119 -4.48349
-2.82244 -4.82947
-2.93794 -5.01618
-3.05664 -4.93343
-3.02166 -5.26755
-2.92746 -5.36642
-3.01525 -5.63842
-3.14469 -5.42292
-3.1503 -5.94727
-2.99196 -6.06974
-3.10461 -6.40929
-3.24164 -6.30635
-3.26398 -6.05849
-3.313 -6.26
-3.3541 -6.03611
-3.41088 -6.27557
-3.41118 -6.04914
-3.4715 -6.58519
-3.56447 -6.58738
-3.53771 -6.80999
-3.46338 -6.87438
-3.35724 -6.59468
-3.39126 -7.00296
-3.49132 -7.15399
-3.54446 -7.04802
-3.54972 -7.22015
-3.57148 -7.43723
-3.44604 -7.29184
-3.46159 -7.61528
-3.5957 -7.84214
-3.53934 -8.03057
-3.63551 -8.11797
-3.61928 -8.33088
-3.68017 -8.3131
-3.68712 -8.0933
-3.71569 -8.29999
-3.77205 -8.31108
-3.73356 -8.48194
-3.78378 -8.65312
-3.74271 -8.76387
-3.81036 -8.97511
-3.83868 -8.73384
-3.8579 -8.97898
-3.84439 -9.11767
-3.87579 -9.22229
-3.85325 -9.29949
-3.85964 -9.38476
-3.88099 -9.46203
-3.90919 -9.67306
-3.88402 -9.83707
-3.83904 -10.0984
-3.19193 -10.9098
-3.33328 -10.8456
-3.19793 -10.9683
-3.30849 -10.9581
-3.20252 -11.0521
-3.32412 -10.9783
-3.39315 -10.8878
-3.41234 -10.9102
-3.47809 -10.8375
-3.46899 -10.7676
-3.58222 -10.6558
-3.6732 -10.5348
-3.68991 -10.5779
-3.74905 -10.4052
-3.72694 -10.4173
-3.77789 -10.3104
-3.81847 -10.2088
-3.86596 -9.98841
-3.83269 -10.2522
-3.75913 -10.445
-3.78523 -10.2697
-3.84397 -10.0139
-3.80161 -10.0654
-3.84085 -9.80317
-3.7993 -9.8542
-3.83903 -9.55552
-3.79526 -9.62632
-3.82705 -9.45589
-3.80102 -9.31503
-3.74557 -9.05593
-3.73585 -9.27698
-3.70218 -9.13723
-3.68905 -8.8533
-3.67578 -8.56267
-3.6105 -8.62527
-3.50903 -8.34302
-3.51797 -8.68867
-3.36992 -8.43187
-3.37054 -7.95019
-3.28953 -8.16749
-3.17115 -7.92464
-3.21788 -7.55986
-3.32655 -7.52923
-3.23486 -7.30049
-3.11343 -7.18698
-3.19435 -7.01039
-3.3327 -7.22759
-3.27292 -6.8538
-3.17108 -6.72338
-3.22222 -6.5755
-3.06683 -6.79452
-2.92481 -6.47232
-2.90666 -6.99892
-3.0468 -7.48142
-2.85313 -7.41879
-2.97637 -7.81145
-3.05671 -8.13643
-3.19995 -8.35413
-3.01848 -8.44374
-3.14193 -8.62001
-3.26672 -8.72207
-3.4104 -8.77174
-3.34801 -9.01421
-3.48758 -8.98242
-3.6024 -8.96537
-3.54256 -9.18851
-3.62245 -9.27924
-3.52809 -9.47046
-3.6296 -9.53626
-3.57419 -9.71842
-3.64873 -9.78651
-3.57963 -9.93858
-3.63164 -10.0136
-3.69043 -9.97566
-3.71636 -9.73402
-3.74958 -9.91583
-3.73393 -9.48839
-3.69776 -9.58807
-3.68761 -9.38407
-3.7134 -10.1537
-3.77754 -10.1084
-3.71526 -10.2811
-3.669 -10.3645
-3.64819 -10.2151
-3.58219 -10.4548
-3.55105 -10.3437
-3.57881 -10.145
-3.50303 -10.2584
-3.49405 -10.092
-3.49636 -9.88644
-3.37642 -10.0571
-3.41786 -9.8238
-3.48477 -9.7029
-3.41133 -9.64504
-3.3988 -9.45688
-3.44463 -9.24331
-3.24724 -9.33074
-3.16537 -9.00447
-3.06988 -9.2124
-3.04458 -9.44607
-3.18289 -9.64035
-3.31689 -9.58534
-3.29463 -9.8424
-3.14338 -9.86035
-2.98499 -9.73676
-3.01659 -10.0699
-3.17681 -9.97742
-3.20581 -10.1143
-3.05363 -10.3573
-3.24708 -10.3623
-3.41511 -10.2793
-3.35049 -10.4662
-3.44871 -10.4352
-3.35007 -10.5966
-3.429 -10.5663
-3.37856 -10.6869
-3.23356 -10.7631
-3.19441 -10.6438
-3.05393 -10.8642
-2.95797 -10.8001
-3.04018 -10.5929
-2.85168 -10.7531
-2.82624 -10.5965
-2.85207 -10.3465
-2.6255 -10.5247
-2.68826 -10.3116
-2.8026 -10.1654
-2.80085 -9.93717
-2.58617 -10.1178
-2.59459 -9.79996
-2.77828 -9.68942
-2.65072 -9.47955
-2.85265 -9.45597
-2.92995 -9.24884
-2.72958 -9.09568
-2.98015 -8.98962
-2.86436 -8.67709
-3.04345 -8.74595
-3.0874 -8.89583
-3.14255 -8.80433
-2.88305 -8.40892
-2.88941 -8.13832
-2.75503 -8.37085
-2.70386 -8.02536
-2.80863 -7.76674
-2.66993 -7.7248
-2.71366 -7.49178
-2.72652 -7.27159
-2.77431 -7.1276
-2.64989 -7.05073
-2.74344 -6.91534
-2.7522 -6.61913
-2.64735 -6.7969
-2.58583 -6.57151
-2.66362 -6.28942
-2.79175 -6.30006
-2.87262 -6.13076
-2.89275 -5.8284
-2.75614 -5.98044
-2.80623 -5.54698
-2.9144 -5.5956
-2.83499 -5.16085
-2.72202 -5.24052
-2.75316 -4.99481
-2.70024 -4.76652
-2.64332 -4.99781
-2.58592 -4.76784
-2.6087 -4.53537
-2.62791 -4.30565
-2.68974 -4.19233
-2.55704 -4.03033
-2.68332 -3.97734
-2.74384 -3.84125
-2.56992 -3.6738
-2.68264 -3.6384
-2.77442 -3.65446
-2.91879 -3.70057
-3.01796 -3.56147
-2.79775 -3.44542
-2.83567 -3.31721
-2.92392 -3.37383
-2.83705 -2.81617
-2.55653 -2.41535
-2.68055 -2.54963
-2.78121 -2.68406
-2.65045 -2.59782
-2.70125 -2.81249
-2.52939 -2.52259
-2.4299 -2.26534
-2.35255 -2.34959
-2.41519 -2.47409
-2.61576 -2.72832
-2.15562 -2.30006
-2.26659 -2.57787
-2.10987 -2.44838
-2.10487 -2.60679
-2.2915 -2.78964
-2.42212 -2.82083
-2.64445 -2.81555
-2.68507 -2.91119
-2.75019 -3.02563
-2.59928 -3.00774
-2.73851 -3.13369
-2.67546 -3.21509
-2.83273 -3.18939
-2.46402 -3.05615
-2.62669 -3.41607
-2.3968 -3.29585
-2.41168 -3.526
-2.38806 -3.73472
-2.41071 -4.03961
-2.50709 -4.29256
-2.33682 -4.24671
-2.45081 -4.58463
-2.25682 -4.48354
-2.30566 -4.79584
-2.49339 -4.93847
-2.35189 -5.19246
-2.17422 -4.97663
-2.14221 -5.30187
-2.29662 -5.58908
-2.45656 -5.48421
-2.48174 -5.8034
-2.56884 -5.55677
-2.56503 -5.27079
-2.67041 -5.47297
-2.64751 -5.7336
-2.60447 -6.01439
-2.48313 -6.24714
-2.31178 -6.00243
-2.30114 -6.41685
-2.4414 -6.6438
-2.5406 -6.84252
-2.44314 -6.88243
-2.30309 -6.9293
-2.50324 -7.13995
-2.37859 -7.52522
-2.16381 -7.34804
-2.15634 -7.86338
-2.36105 -8.07808
-2.54377 -7.85786
-2.57584 -7.49981
-2.54854 -8.30772
-2.34566 -8.55199
-2.15615 -8.36676
-2.17807 -8.67923
-2.24726 -8.85759
-2.4408 -8.94401
-2.19871 -9.18425
-2.36732 -9.30257
-2.52451 -9.27317
-2.45837 -9.54578
-2.24228 -9.57098
-2.38082 -9.83482
-2.20889 -9.87165
-2.27975 -10.0373
-2.41128 -10.0519
-2.49232 -9.95673
-2.31594 -10.2905
-2.52568 -10.3707
-2.35891 -10.5631
-2.45181 -10.7048
-2.60478 -10.7175
-2.41201 -10.886
-2.24418 -10.7968
-2.16026 -10.9608
-2.2111 -11.0876
-1.9913 -11.0737
-1.96405 -10.9223
-1.7248 -11.1143
-1.69709 -10.9625
-1.82776 -10.7614
-2.1075 -10.6822
-2.20523 -10.5099
-2.03051 -10.4792
-2.08841 -10.1241
-1.84704 -10.348
-1.85677 -10.0403
-2.04736 -9.79023
-1.77179 -9.64069
-2.05039 -9.4819
-1.95961 -9.20105
-2.08765 -8.91327
-1.91383 -8.83598
-2.05898 -8.66704
-1.94908 -8.48327
-2.02473 -8.18983
-1.9301 -7.93151
-2.02496 -7.58285
-1.85378 -7.53655
-1.98179 -7.23232
-2.10237 -6.97528
-1.94387 -6.84364
-2.10235 -6.54643
-2.16913 -6.16287
-1.98739 -6.06386
-2.15203 -5.81588
-2.15063 -5.55963
-2.00419 -5.56231
-1.99482 -5.26784
-1.99765 -5.01092
-1.81621 -5.22758
-1.7738 -4.73738
-2.05429 -4.5914
-1.79418 -4.30524
-1.96206 -4.259
-2.11155 -4.18018
-1.87349 -3.96948
-2.03453 -3.82722
-2.23266 -3.88703
-2.07631 -3.62144
-2.20998 -3.59117
-2.05041 -3.32495
-2.27315 -3.42287
-2.15786 -3.10943
-2.23744 -2.9306
-2.01639 -2.79783
-1.82279 -2.4865
-1.9806 -2.34648
-1.79992 -2.19347
-1.94005 -2.1852
-2.04651 -2.10248
-2.2354 -2.18417
-2.13384 -1.98202
-2.29866 -2.10621
0.390337 -1.49275
0.621378 -1.51405
0.36771 -1.52482
0.0690207 -1.42336
-0.0324092 -1.54651
0.138195 -1.64199
-0.151293 -1.6464
-0.369316 -1.58213
-0.425199 -1.71789
-0.0651374 -1.74814
-0.443429 -1.86198
-0.738159 -1.81789
-0.748562 -1.98155
-1.08293 -1.94375
-0.991079 -2.25904
-0.437685 -2.11477
-0.669737 -2.46327
-1.04205 -2.6372
-0.766412 -2.84965
-1.13135 -2.95873
-0.964231 -3.20955
-1.25229 -3.22807
-1.20416 -3.50421
-0.894387 -3.57201
-1.13943 -3.73588
-1.0103 -4.00245
-0.595209 -3.75612
-0.625035 -3.50803
-0.650883 -3.26853
-0.339062 -3.42274
-0.341262 -3.03863
-0.600565 -3.01682
-0.481808 -2.84564
-0.754861 -3.08819
-0.429245 -2.62229
-0.26695 -2.75825
-0.0828533 -2.52524
-0.330189 -2.36816
-0.055253 -2.20483
-0.0489559 -2.01264
-0.188446 -1.90626
0.0708914 -1.87864
0.207711 -1.79343
0.277377 -1.70967
0.428735 -1.66314
0.462084 -1.7205
0.452243 -1.81698
0.664288 -1.77004
0.75869 -1.96907
0.990016 -1.89259
0.895424 -1.71233
0.662944 -1.61435
0.847788 -1.59328
1.29017 -1.74427
1.06503 -1.68533
1.22869 -1.84071
1.50578 -1.83691
1.53354 -1.98188
1.32315 -2.02859
1.61688 -2.13066
1.51988 -2.15928
1.29908 -2.17093
1.07051 -2.03154
1.01304 -2.2163
1.32361 -2.39565
1.56976 -2.31614
1.66752 -2.58144
1.38681 -2.65316
1.23254 -2.511
1.10984 -2.424
1.12532 -2.63009
0.866036 -2.45178
0.921697 -2.73056
1.08539 -2.81334
1.02338 -3.01154
0.741528 -2.90094
0.811387 -3.22294
0.48292 -3.11117
0.648546 -3.43787
0.939109 -3.5789
0.684267 -3.70324
0.34082 -3.58458
0.575691 -3.96394
0.229301 -4.0217
0.473325 -4.29628
0.156168 -4.3919
-0.0875053 -4.17141
-0.193557 -4.48215
-0.542332 -4.23052
-0.509543 -4.59438
-0.72801 -4.52754
-0.774679 -4.75552
-1.06996 -4.59415
-0.990966 -4.95756
-0.770786 -5.07213
-1.04774 -5.32657
-1.23913 -5.09327
-1.31331 -5.45813
-1.52953 -5.32031
-1.47724 -5.83436
-1.76335 -5.75265
-1.66288 -6.11176
-1.49139 -6.36006
-1.71866 -6.43798
-1.81108 -6.16684
-1.89702 -6.46353
-1.7917 -6.73009
-1.76618 -7.11764
-1.61152 -6.77365
-1.47129 -7.20355
-1.66715 -7.48291
-1.49392 -7.69739
-1.71853 -7.83612
-1.56314 -8.11442
-1.31189 -7.9586
-1.22774 -7.53944
-1.07423 -7.84399
-1.13289 -8.15032
-1.37065 -8.37086
-1.0857 -8.50395
-0.796593 -8.06269
-0.715353 -8.60248
-1.03955 -8.93815
-1.3853 -8.89047
-1.21572 -9.25954
-1.4719 -9.44269
-1.1419 -9.65769
-1.39586 -9.76665
-1.55669 -9.70252
-1.52092 -9.91835
-1.66527 -10.0342
-1.44071 -10.2456
-1.20839 -10.048
-1.14742 -10.3612
-1.29544 -10.5533
-1.50852 -10.4192
-1.59603 -10.5413
-1.66498 -10.2798
-1.79161 -10.5799
-1.63404 -10.7257
-1.38904 -10.7977
-1.55978 -10.8899
-1.39613 -10.9491
-1.43707 -11.0696
-1.22129 -10.9896
-1.16322 -11.1456
-0.949923 -11.0619
-1.0117 -10.8278
-0.93124 -10.5691
-0.647084 -10.7313
-0.637591 -10.9661
-0.302299 -10.8116
-0.294394 -11.0064
-0.507145 -11.1008
-0.324524 -11.1465
-0.53366 -11.2131
-0.72098 -11.1463
-0.747463 -11.2743
-0.946224 -11.2118
-0.974178 -11.3344
-1.15667 -11.267
-1.23104 -11.3725
-1.37956 -11.2894
-1.31303 -11.2064
-1.48616 -11.2048
-1.63016 -11.2611
-1.92021 -11.215
-1.80269 -11.3275
-1.97672 -11.3002
-2.01589 -11.3462
-2.03909 -11.3086
-2.15177 -11.2563
-2.28519 -11.3277
-2.18918 -11.4
-1.95292 -11.4144
-2.12026 -11.4419
-2.36947 -11.4244
-2.14236 -11.4915
-1.94523 -11.4666
-1.81045 -11.5126
-1.69641 -11.4587
-1.79579 -11.4031
-1.54599 -11.3815
-1.35969 -11.4563
-1.03467 -11.4437
-1.20234 -11.5055
-1.49855 -11.5132
-1.32416 -11.5503
-1.62991 -11.5461
-1.94244 -11.5153
-1.78525 -11.5315
-2.09964 -11.4884
-2.0528 -11.4761
-2.314 -11.4516
-2.30089 -11.4308
-2.49871 -11.4012
-2.4041 -11.3915
-2.14616 -11.4302
-2.21821 -11.393
-2.39289 -11.3864
-2.31918 -11.3438
-2.54729 -11.325
-2.53204 -11.2452
-2.71764 -11.2254
-2.73076 -11.1539
-2.60625 -11.1508
-2.46009 -11.2034
-2.31367 -11.262
-2.05164 -11.2896
-2.09266 -11.3163
-1.98998 -11.377
-1.65462 -11.3765
-1.74743 -11.4241
-1.51999 -11.4309
-1.48429 -11.4003
-1.41272 -11.3905
-1.31775 -11.4173
-1.31424 -11.4703
-1.14189 -11.5152
-1.55169 -11.4835
-1.2454 -11.5518
-0.900868 -11.5418
-0.724622 -11.5441
-0.636102 -11.5503
-0.761976 -11.5751
-0.537873 -11.5879
-0.353806 -11.5893
-0.366045 -11.6075
-0.555771 -11.6103
-0.396419 -11.6006
-0.339347 -11.6113
-0.531981 -11.6105
-0.444684 -11.5757
-0.687118 -11.5903
-0.59951 -11.5436
-0.869257 -11.5677
-0.713554 -11.5047
-0.948245 -11.5071
-1.09063 -11.5507
-1.1243 -11.5574
-0.920717 -11.5799
-1.1517 -11.5751
-0.953005 -11.5939
-0.736494 -11.6003
-0.756303 -11.5991
-0.968778 -11.5784
-1.1727 -11.574
-1.37368 -11.5527
-1.56302 -11.5109
-1.54532 -11.5569
-1.76814 -11.4988
-1.85043 -11.4744
-1.93576 -11.4299
-1.414 -11.5642
-1.33155 -11.5693
-0.803844 -11.4601
-0.774555 -11.3828
-0.560856 -11.4268
-0.552369 -11.3252
-0.356967 -11.3587
-0.339888 -11.2559
-0.0910835 -11.3133
-0.160438 -11.2022
-0.0771542 -11.0908
0.0663786 -11.1983
0.178156 -11.0809
0.119948 -10.8939
0.488445 -11.0239
0.336748 -11.1689
0.600179 -11.1613
0.475218 -11.2434
0.686534 -11.2599
0.522717 -11.3245
0.267207 -11.3021
0.466091 -11.4023
0.746699 -11.3684
0.693727 -11.4506
0.361314 -11.4487
0.153568 -11.413
0.0397825 -11.4852
-0.228199 -11.4469
-0.122963 -11.5231
-0.361961 -11.5284
-0.243321 -11.5647
-0.3011 -11.5962
-0.496841 -11.4944
0.84711 -11.5079
0.874288 -11.4484
1.0688 -11.47
1.12429 -11.5333
0.939541 -11.5575
1.10191 -11.54
1.09499 -11.5607
1.24518 -11.552
1.27834 -11.5368
1.48801 -11.5344
1.38055 -11.5362
1.30411 -11.4906
1.52234 -11.4872
1.50684 -11.4416
1.25968 -11.4199
1.45323 -11.3509
1.22285 -11.3195
1.42226 -11.2519
1.21665 -11.2248
1.39597 -11.1217
1.06593 -11.143
0.970927 -11.2736
0.82761 -11.1869
0.821689 -11.0709
1.16336 -10.9647
0.807293 -10.9377
0.595488 -10.8185
0.996097 -10.7765
0.778646 -10.6118
0.404503 -10.6286
0.0103025 -10.6262
-0.349679 -10.5916
-0.109945 -10.4158
-0.427493 -10.3465
-0.635949 -10.5249
-0.831786 -10.2867
-0.561062 -10.0425
-0.905636 -9.96676
-0.751434 -9.69388
-0.931587 -9.32587
-0.547029 -9.33545
-0.35524 -9.7428
-0.105145 -10.1018
0.0425768 -9.72211
-0.193722 -9.46052
0.110643 -9.36054
-0.191081 -9.08772
-0.531532 -8.94762
-0.775922 -9.0304
-0.338252 -8.6895
-0.44545 -8.40183
-0.586757 -8.2775
-0.339674 -8.06611
-0.47702 -7.57124
-0.887666 -7.50593
-0.604629 -6.98332
-1.10446 -7.00586
-0.866179 -6.53136
-1.20251 -6.47181
-1.38786 -6.7679
-1.28852 -6.09038
-0.990235 -6.04206
-1.19385 -5.73196
-0.952075 -5.63171
-0.784447 -5.3789
-0.683887 -5.68732
-0.441096 -5.2121
-0.552732 -4.87093
-0.292448 -4.80971
-0.173388 -4.99788
0.030509 -4.80806
-0.0753961 -5.22626
0.252644 -5.18531
0.382077 -4.67616
0.615685 -4.93926
0.64683 -4.54667
0.769722 -4.2708
0.92121 -4.65093
1.0293 -4.29951
0.918599 -3.9676
1.22935 -4.1514
1.1935 -3.8462
1.27588 -3.57191
1.06086 -3.32008
1.27545 -3.22864
1.29225 -2.91427
1.48986 -3.15784
1.67744 -2.96956
1.67603 -3.28112
1.52 -3.43359
1.81749 -3.57874
1.58105 -3.78961
1.37082 -3.80475
1.4315 -4.00358
1.69658 -4.13836
1.93928 -4.00138
1.93041 -4.31564
1.77439 -4.44959
1.50792 -4.3088
1.61003 -4.65708
1.27957 -4.53856
1.45024 -4.9416
1.16147 -4.94023
1.2908 -5.31423
1.5507 -5.30712
1.47845 -5.81592
1.19194 -5.7482
1.04 -5.49324
1.10056 -5.20113
0.880585 -5.19508
0.511514 -5.48126
0.748156 -5.82427
0.366797 -6.02946
0.507304 -6.30363
0.171146 -6.5565
0.477253 -6.77672
0.20421 -6.86212
0.0186234 -6.91818
0.152993 -7.12194
-0.192634 -7.17692
-0.216548 -6.76938
-0.435979 -6.70334
-0.556236 -6.51696
-0.313206 -6.48152
-0.38917 -6.21216
-0.636086 -6.12553
-0.270063 -5.7324
-0.138133 -6.15111
0.132951 -5.75712
0.0287614 -5.47399
0.0931668 -6.20289
-0.0829964 -6.45037
0.0163178 -7.59956
0.422439 -7.29391
0.710115 -7.04358
0.887788 -6.63542
0.76283 -6.28461
1.04501 -6.1423
0.890101 -6.01445
0.98903 -5.82854
1.26217 -6.034
1.2938 -6.50692
1.67095 -6.35992
1.77601 -5.91324
1.72475 -5.53366
2.0147 -5.66905
1.76207 -5.10554
2.08014 -5.08224
1.85422 -4.75918
2.02316 -4.62795
2.27654 -4.85561
2.20161 -4.41212
2.49816 -4.76339
2.45739 -4.36567
2.25653 -4.03094
2.0633 -3.76776
2.05926 -3.50125
1.86185 -3.29294
2.05504 -3.15857
1.95002 -2.81383
1.93153 -2.58902
1.81874 -2.4211
1.9856 -2.49727
1.87611 -2.38156
1.7349 -2.27978
1.96177 -2.33241
1.77997 -2.21663
1.80357 -2.12457
2.08976 -2.22017
1.92583 -2.04576
1.72024 -1.9348
2.37135 -2.54974
2.24241 -2.39505
2.1811 -2.54212
2.39156 -2.75161
2.13762 -2.72531
2.34551 -2.94878
2.17219 -2.94152
2.3253 -3.15844
2.49218 -3.14145
2.54615 -2.98334
2.66818 -3.20617
2.56389 -3.41991
2.82625 -3.47519
2.77744 -3.77723
2.94096 -3.72728
2.98392 -3.92056
2.91193 -4.19024
2.64636 -4.02726
2.77945 -4.32706
2.63165 -4.31853
2.48107 -4.11173
2.41207 -3.84383
2.22207 -3.726
2.31209 -3.49218
2.53909 -3.69453
2.65285 -4.59968
2.76866 -4.524
2.82496 -4.80413
2.94079 -4.61976
3.01221 -5.10006
2.84988 -5.14671
2.70701 -4.89072
2.6836 -5.20128
2.85447 -5.47501
2.76932 -5.61343
2.5749 -5.50379
2.73898 -5.93544
2.54527 -5.92384
2.4114 -5.58839
2.34922 -5.25101
2.24105 -5.47326
2.32221 -5.86121
2.21222 -6.24309
2.46662 -6.32308
2.34732 -6.7055
2.62977 -6.83088
2.41382 -7.09956
2.55857 -7.39295
2.2967 -7.44435
2.18086 -7.04429
1.96107 -7.44125
2.16257 -7.83936
1.73652 -7.94972
1.7268 -7.59096
1.67687 -7.27522
1.88675 -6.84704
1.58434 -6.8436
1.95361 -6.27389
2.12374 -6.631
1.34592 -7.2172
1.49516 -7.64348
1.23957 -7.65898
1.0483 -7.50093
1.08211 -7.78516
0.831821 -7.83854
1.19039 -8.11056
0.768559 -8.18813
0.533289 -8.06996
0.484535 -8.39297
0.147054 -8.14491
0.445143 -7.73716
-0.180562 -8.40182
0.123256 -8.71074
0.11818 -9.07934
0.45757 -9.13266
0.534397 -8.7215
0.810198 -8.48473
0.812545 -8.85666
1.05579 -8.59437
1.32515 -8.56609
1.14014 -8.91837
1.45096 -8.84457
1.33131 -9.08212
1.61732 -9.10553
1.32688 -9.31681
1.14628 -9.20243
1.08424 -9.41112
1.24098 -9.59283
0.853246 -9.65408
1.1683 -9.89195
0.757234 -10.1097
0.603101 -9.85231
0.439508 -9.60208
0.656101 -9.42144
0.875874 -9.23924
0.343817 -9.97174
0.28237 -10.3426
0.634599 -10.43
0.940447 -10.3996
1.1253 -10.561
1.15422 -10.4058
1.20486 -10.2101
1.38551 -10.4077
1.54163 -10.203
1.50198 -9.97355
1.45989 -9.73554
1.81968 -9.71252
1.82597 -10.0459
2.21425 -9.893
2.19433 -9.53373
1.93052 -9.31883
2.3221 -9.20551
2.022 -8.90737
2.39932 -8.86171
2.25047 -8.55142
1.89512 -8.56568
1.71331 -8.79673
1.60569 -8.57247
1.75794 -8.33221
1.5201 -8.31423
2.04421 -8.23634
2.43773 -8.14481
2.43801 -7.73997
2.68203 -7.80272
2.76985 -8.19545
2.66393 -8.60547
3.01484 -8.46656
2.99722 -7.91658
3.26315 -8.29906
3.24167 -7.87414
3.12205 -7.35378
2.82262 -7.3445
2.88411 -6.68987
3.17731 -6.69783
2.96465 -5.99329
2.82986 -6.24702
2.70117 -6.37028
2.74635 -6.63629
3.20643 -6.19216
3.17986 -5.65018
2.97681 -5.46669
3.1822 -5.18756
3.10239 -4.88139
3.21108 -4.94698
3.15807 -4.58949
3.11093 -4.17889
3.267 -4.36049
3.39207 -4.70945
3.31661 -4.95163
3.48504 -5.07953
3.40551 -5.32206
3.5217 -5.33865
3.52484 -5.5946
3.4198 -5.77363
3.29469 -5.41599
3.35156 -6.10676
3.45837 -6.1096
3.49574 -6.42594
3.34539 -6.52188
3.49111 -6.82427
3.60585 -6.77086
3.63806 -7.16544
3.74789 -6.93655
3.65077 -6.53796
3.7862 -6.63886
3.68804 -6.3444
3.5655 -6.15827
3.67332 -6.09294
3.56846 -5.87435
3.65595 -5.78219
3.59592 -5.49936
3.69049 -5.55578
3.62469 -5.27321
3.74151 -5.40228
3.71415 -5.14956
3.60514 -4.89283
3.84625 -5.02527
3.85294 -5.19792
3.81399 -5.32523
3.88754 -5.41297
4.04213 -5.3871
4.00832 -5.63514
3.8558 -5.54337
3.94101 -5.7375
4.02619 -5.89198
3.93264 -5.88042
3.86929 -5.74008
3.87114 -5.94316
4.01191 -6.15088
3.93129 -6.3378
4.06793 -6.56732
4.00748 -6.76969
3.8659 -6.51457
3.92252 -6.93539
3.75946 -6.33453
3.78691 -6.10857
3.83769 -6.91815
3.87973 -7.18479
3.80405 -7.38305
3.94289 -7.60144
3.86513 -7.88221
3.7283 -7.56446
3.59744 -7.51877
3.70469 -7.89584
3.53894 -7.81591
3.63392 -8.22826
3.4338 -8.08451
3.53087 -8.5884
3.29468 -8.79653
3.55926 -9.1167
3.30665 -9.32734
3.0072 -8.94286
2.97957 -9.37396
2.68359 -9.08661
2.62192 -9.57125
2.95365 -9.67882
2.83693 -9.81531
2.62327 -10.0109
2.28413 -10.2437
2.03818 -10.1339
1.79774 -10.3287
1.98651 -10.5324
2.31394 -10.4979
2.67166 -10.3317
2.54212 -10.1996
3.04218 -9.99047
3.08605 -10.3814
3.40812 -10.2095
3.38461 -9.79589
3.15778 -9.63757
3.59764 -9.57406
3.64264 -9.95438
3.78237 -9.75515
3.79827 -9.40616
3.73642 -8.94786
3.90452 -9.15488
3.96392 -9.46048
3.93807 -9.73522
4.08042 -9.66335
4.05501 -10.0146
4.20575 -9.86013
4.21108 -10.1612
4.08455 -10.26
3.92387 -10.2991
4.03916 -10.3972
3.93382 -10.4965
3.72074 -10.5359
3.85627 -10.6584
4.07126 -10.512
4.02512 -10.6867
4.19738 -10.539
4.2056 -10.6694
4.39131 -10.4059
4.23723 -10.3723
4.35758 -10.1958
4.33376 -9.98966
4.41138 -10.0536
4.49766 -10.0959
4.44767 -9.83893
4.56333 -9.84024
4.62276 -10.0607
4.60189 -10.2697
4.5574 -10.4658
4.39529 -10.6025
4.50301 -10.6038
4.36288 -10.6887
4.26048 -10.7511
4.28063 -10.7978
4.33095 -10.7765
4.4292 -10.687
4.40138 -10.7683
4.53582 -10.6598
4.68782 -10.4302
4.64074 -10.6067
4.67545 -10.5072
4.688 -10.3469
4.68769 -10.2247
4.66025 -10.2567
4.65922 -10.1824
4.67553 -10.0993
4.67781 -9.99712
4.63653 -9.81264
4.64565 -9.59796
4.51362 -9.63495
4.4909 -9.36276
4.41024 -9.53511
4.31588 -9.72214
4.19118 -9.5449
4.27767 -9.42047
4.16448 -9.25897
4.05641 -9.29392
4.05812 -8.95063
3.96604 -8.98628
3.85841 -8.80074
3.94401 -8.74008
3.84213 -8.38135
3.72777 -8.5905
3.98693 -8.61768
3.98917 -8.34209
4.02192 -8.04469
4.11095 -8.46227
4.08618 -8.69981
4.18628 -8.78129
4.20672 -9.06286
4.30415 -8.93757
4.3577 -9.23523
4.41252 -9.09755
4.48938 -9.1257
4.3961 -8.83033
4.5693 -9.02225
4.42792 -8.52455
4.30545 -8.48799
4.24609 -8.62082
4.16192 -8.22738
4.29274 -8.23936
4.20612 -7.86009
4.0646 -7.76952
3.99654 -7.36316
4.08882 -7.51973
4.05104 -7.17813
4.17558 -7.44409
4.12049 -7.0624
4.0899 -6.82024
4.16896 -6.89897
4.1593 -6.64597
4.11913 -6.39686
4.19561 -6.56909
4.27679 -6.84307
4.3006 -6.62664
4.38067 -6.89189
4.39423 -7.15171
4.29962 -7.12504
4.38183 -7.40935
4.49226 -7.54468
4.4223 -7.69127
4.49233 -7.68891
4.39239 -7.89999
4.38511 -7.97876
4.41749 -8.12082
4.35277 -8.10064
4.47284 -8.26091
4.48681 -8.50917
4.53196 -8.75406
4.52181 -8.50013
4.45604 -7.85149
4.47484 -7.77649
4.51496 -7.36364
4.47205 -7.20328
4.50539 -7.15558
4.42235 -6.52014
4.43066 -6.72237
4.38714 -6.59759
4.38866 -6.72609
4.34857 -6.56403
4.29181 -6.41886
4.20028 -6.37863
4.2307 -6.20102
4.12468 -6.1115
4.20021 -5.98331
4.09458 -5.84527
4.15456 -5.80882
4.10765 -5.69695
4.08757 -5.57094
4.18513 -5.62504
4.108 -5.50803
3.93678 -5.18105
3.89035 -4.87601
3.85593 -5.08829
3.84447 -4.9578
3.84467 -4.8009
3.80605 -4.7074
3.68403 -4.7106
3.68908 -4.55964
3.60958 -4.4879
3.56499 -4.38932
3.56763 -4.58678
3.46216 -4.42181
3.48745 -4.61802
3.39306 -4.48417
3.35376 -4.31333
3.24519 -4.15951
3.38583 -4.14542
3.21883 -3.98582
3.11713 -3.98006
3.09103 -3.83989
3.23985 -3.81044
3.02778 -3.62288
3.10848 -3.51069
2.96408 -3.37189
2.85206 -3.19531
2.73902 -3.01742
2.64856 -2.83338
2.52498 -2.67338
4.59102 -9.31496
4.37617 -6.13916
4.38989 -6.32528
4.332 -6.14005
4.30681 -6.18935
4.35669 -6.35519
4.35585 -6.45621
4.30441 -6.29135
4.25791 -6.13742
4.25565 -6.02368
4.21879 -5.88314
4.26623 -5.90229
4.21208 -5.79234
4.24129 -5.74272
3.7701 -4.634
3.60076 -4.23207
3.54772 -4.06872
3.5124 -4.15444
3.47182 -3.93535
3.37806 -3.78783
3.24966 -3.65146
4.3763 -5.96279
4.31375 -5.82669
4.32595 -6.00233
4.29556 -6.05007
4.48404 -6.9558
4.43153 -7.05066
4.29289 -7.72193
4.26539 -7.32544
4.35508 -7.62517
4.08748 -10.8443
4.00066 -10.8091
3.88588 -10.9347
3.77224 -11.0588
3.72014 -11.0078
3.7642 -10.8719
3.58011 -11.0288
3.58973 -11.1096
3.38754 -11.1165
3.41403 -11.2003
3.16163 -11.2224
3.24466 -11.281
3.06777 -11.3085
3.10351 -11.3293
2.88778 -11.3593
2.90073 -11.2959
2.70807 -11.3541
2.63151 -11.4071
2.48751 -11.3889
2.41209 -11.4447
2.24291 -11.4252
2.21828 -11.4662
2.02803 -11.4823
2.09208 -11.5101
1.84228 -11.5106
1.88108 -11.5169
2.06347 -11.4969
1.90065 -11.5084
2.17523 -11.4828
2.26904 -11.5138
2.44091 -11.4897
2.40511 -11.4566
2.61517 -11.4458
2.71884 -11.3828
2.86878 -11.3944
2.81611 -11.4351
3.03149 -11.3978
2.89462 -11.4289
3.11634 -11.4094
2.98705 -11.4233
3.19229 -11.3821
3.05442 -11.3772
3.24251 -11.3289
2.88634 -11.4136
2.74987 -11.4489
2.74059 -11.4114
2.56193 -11.4616
2.50538 -11.4903
2.66975 -11.4608
2.34114 -11.4882
3.03554 -11.3638
2.99826 -11.3478
2.87173 -11.3494
1.89566 -11.4798
1.67018 -11.4783
1.67873 -11.505
1.50702 -11.5331
1.6943 -11.515
1.70234 -11.5352
1.61111 -11.5142
1.76455 -11.4818
1.62504 -11.4685
1.74906 -11.4289
1.6899 -11.3628
1.93666 -11.3646
1.8902 -11.291
1.64321 -11.2781
1.82253 -11.2007
1.6059 -11.1917
1.75838 -11.0853
1.54729 -10.9552
1.52771 -10.6873
1.91705 -10.8747
1.88324 -10.7059
2.13458 -10.6909
2.24479 -10.8198
2.20602 -10.9316
2.09213 -11.0467
2.30424 -10.9904
2.42862 -11.0536
2.49563 -10.875
2.81752 -10.9305
2.79613 -10.7877
2.66509 -10.7428
2.4875 -10.66
2.85752 -10.6084
3.08745 -10.7212
3.1019 -10.5661
3.29223 -10.5108
3.41969 -10.6631
3.52967 -10.4553
3.69708 -10.2641
3.8553 -10.0228
3.58098 -10.7847
3.20664 -10.8868
3.40554 -10.9885
3.11882 -11.0391
2.94962 -11.0286
2.70769 -11.0801
2.8544 -11.1454
2.46096 -11.1993
2.62697 -11.2902
2.94209 -11.2176
3.1501 -11.1257
2.33876 -11.3049
2.30948 -11.3694
2.14935 -11.3568
2.02248 -11.427
2.14841 -11.2942
2.1129 -11.1845
1.9451 -11.1388
1.16533 -11.5213
1.04549 -11.5585
1.05178 -11.5444
0.923064 -11.5669
0.817547 -11.5393
0.938323 -11.5746
4.13727 -10.3516
3.35926 -7.64888
3.46646 -7.48397
3.33203 -7.2185
3.48421 -7.18623
3.36826 -6.89244
3.75624 -5.80143
3.79154 -5.65372
3.28372 -5.16118
1.5655 -9.46643
0.744265 -7.42059
1.01061 -7.05664
2.4823 -5.09834
1.0227 -11.3874
-2.90297 -11.0391
-2.75422 -11.0945
-2.86004 -11.1479
-2.97423 -11.0933
-3.04929 -10.976
-3.09463 -11.0487
-3.04038 -11.1284
-2.88974 -11.1949
-2.91975 -11.2512
-2.74607 -11.286
-2.73858 -11.3466
-2.60004 -11.3543
-2.55417 -11.4199
-2.79783 -11.3215
-2.94811 -11.253
-2.97236 -11.2254
-3.11129 -11.1559
-3.08334 -11.1534
-3.23068 -11.0692
-3.25597 -11.0577
-3.34984 -10.97
-3.39766 -10.9563
-3.48974 -10.8627
-3.52261 -10.8247
-3.6066 -10.7217
-3.61735 -10.6597
-3.66884 -10.5868
-3.69777 -10.4801
-3.6268 -10.5881
-3.68323 -10.4408
-3.7644 -10.292
-3.60967 -10.5576
-3.53399 -10.7373
-3.49129 -10.6714
-3.48505 -10.5286
-3.35692 -10.8083
-3.39914 -10.8514
-3.24496 -10.9603
-3.29531 -10.979
-3.11796 -11.1125
-3.27836 -11.0378
-3.41295 -10.9066
-3.12636 -11.138
-2.98705 -11.2098
-2.8437 -11.2866
-2.83678 -11.2556
-2.75096 -11.3199
-2.62719 -11.3735
-2.59443 -11.3389
-2.76714 -11.2177
-2.96812 -11.1325
-3.09876 -11.0573
-3.0337 -11.0632
-3.11922 -10.9876
-3.24366 -10.8526
-3.1288 -10.9114
-2.94865 -11.0465
-2.82889 -10.9853
-2.6867 -11.1546
-2.52962 -11.288
-2.43897 -11.2286
-2.59633 -11.0885
-2.37891 -11.1479
-2.50511 -11.0088
-2.73762 -10.9198
-2.66402 -10.8253
-2.39725 -11.3755
-2.46071 -11.4439
-2.68449 -11.3702
-2.29751 -11.4799
-2.13449 -11.4963
-3.7957 -7.58886
-3.76323 -7.40753
-3.80858 -7.79926
-3.76076 -7.78309
-3.68082 -7.42866
-3.67319 -7.76459
-3.73281 -8.00465
-3.78195 -8.06654
-3.832 -8.22267
-3.81781 -8.01075
-3.84186 -8.46173
-3.60079 -7.19249
-3.59067 -6.97734
-1.71357 -9.10612
-1.69694 -8.56426
-1.78029 -8.19736
-1.83705 -8.39162
-1.90787 -8.25528
-1.61087 -4.96892
-1.3988 -4.92201
-1.48349 -4.65198
-1.60577 -4.42586
-1.37052 -4.27986
-1.57462 -4.17221
-1.66962 -4.0038
-1.66387 -3.74664
-1.83852 -3.50904
-1.4959 -3.42255
-1.62785 -3.11002
-1.83214 -3.12151
-1.93578 -2.96531
-1.68192 -2.75792
-1.86454 -2.73971
-1.49741 -2.35488
-1.63783 -2.21209
-1.42307 -2.07756
-1.65415 -2.0652
-1.81127 -2.12167
-1.84792 -2.05016
-1.67371 -1.91185
-1.96296 -1.92186
-1.68192 -1.77271
-1.82603 -1.74441
-1.65405 -1.6523
-1.19394 -1.58665
-1.47853 -1.62412
-1.28968 -1.71036
-1.5008 -1.78339
-1.38926 -1.89058
-1.10466 -1.74087
-1.08134 -1.62589
-0.785683 -1.64571
-0.887498 -1.5204
-0.572022 -1.48017
-0.252003 -1.45156
-0.938419 -1.76646
-1.26225 -2.17807
-1.27967 -2.32494
-1.3341 -2.55564
-1.47694 -2.84479
-1.39283 -3.05422
-1.28819 -2.80338
-1.40155 -3.85519
-0.135052 -3.79931
0.0100627 -3.43803
-0.0402293 -3.1521
0.206789 -3.24498
0.213739 -2.96431
-0.0339522 -2.83733
0.255184 -2.65586
0.210022 -2.33509
0.522633 -2.43627
0.517573 -2.75353
0.372616 -2.85914
0.714128 -2.64017
0.671842 -2.18256
0.383833 -2.15999
0.466611 -1.99093
0.208563 -2.00175
0.287267 -1.88218
0.176052 -2.13776
0.0776901 -2.07167
-2.63522 -8.66772
-2.48988 -8.61616
-2.63486 -7.2855
-2.83686 -2.83994
-3.26828 -5.7339
-3.25533 -5.41512
-3.28 -4.49229
-0.692264 -11.4369
0.133862 -11.5891
0.142489 -11.5911
0.283693 -11.5645
0.426941 -11.5753
3.70618 -11.179
3.77537 -11.1243
