-4.35157 1.43213
-4.24998 1.63037
-4.23109 1.46435
-4.14654 1.62496
-4.12325 1.4703
-3.993 1.73687
-3.99529 1.38894
-3.80874 1.65988
-3.84366 1.3438
-3.9548 1.09468
-4.07997 1.13511
-4.14718 1.27515
-4.20649 1.00587
-4.09997 0.897982
-4.25456 0.726641
-4.13255 0.651983
-4.00396 0.833792
-3.98821 0.658049
-3.87023 0.933296
-3.78601 0.862529
-3.86789 0.589149
-4.15219 0.330515
-3.96665 0.308195
-3.70046 0.587052
-3.86803 0.228947
-3.65671 0.2963
-3.93561 -0.0506293
-4.10043 -0.00162017
-4.18399 -0.327185
-4.03639 -0.402248
-3.78354 -0.123535
-3.8826 -0.462033
-3.6648 -0.291844
-3.82119 -0.722362
-4.1201 -0.809135
-4.07449 -1.21005
-4.29092 -1.18309
-4.33906 -1.47726
-4.51048 -1.39419
-4.40137 -1.03275
-4.62538 -1.24656
-4.56489 -0.903263
-4.8523 -1.28643
-4.81823 -1.61372
-5.07638 -1.66021
-5.05142 -1.86375
-5.117 -1.81414
-5.18181 -1.89835
-5.28397 -1.78621
-5.19171 -1.55027
-5.35089 -1.56957
-5.13774 -1.27977
-5.2926 -1.2607
-5.09758 -0.982997
-5.23813 -1.00205
-5.07123 -0.734835
-5.21445 -0.802742
-5.11586 -0.562564
-5.33869 -0.777324
-5.29948 -0.94048
-5.40824 -1.179
-5.50898 -1.08811
-5.56693 -1.33825
-5.58299 -1.55583
-5.67165 -1.53072
-5.63024 -1.27993
-5.72689 -1.42136
-5.74769 -1.62735
-5.76801 -1.52226
-5.73979 -1.37943
-5.70473 -1.22355
-5.7664 -1.3489
-5.72503 -1.12395
-5.76602 -1.20235
-5.78294 -1.33629
-5.80156 -1.32832
-5.79907 -1.41513
-5.83234 -1.52351
-5.87957 -1.87141
-5.51578 -0.644559
-5.59572 -0.742194
-5.64218 -0.853652
-5.69308 -0.945854
-5.68248 -0.967424
-5.73311 -1.06305
-5.64788 -1.02686
-5.63207 -0.926569
-5.55738 -0.857644
-5.59575 -1.05741
-5.4991 -0.90305
-5.44689 -0.737666
-5.48649 -0.66609
-5.34495 -0.404242
-5.428 -0.546196
-5.24074 -0.242847
-5.13884 -0.0752342
-5.1809 -0.242192
-5.17232 -0.393862
-5.01894 -0.0905108
-5.01979 -0.291457
-4.90921 -0.365625
-4.85144 -0.0562803
-4.6973 -0.0391782
-4.67099 0.186038
-4.76686 0.252705
-4.94984 0.152851
-5.0266 0.106755
-4.92569 0.290204
-4.64873 0.913289
-4.7229 0.562118
-4.82239 0.43294
-4.69276 0.488919
-4.59217 0.513629
-4.63379 0.338622
-4.54497 0.378082
-4.5556 0.195509
-4.35141 0.393018
-4.43029 0.603151
-4.35175 0.858223
-4.47544 0.715723
-4.58383 0.695424
-4.43769 0.91871
-4.5219 0.965546
-4.6671 0.71884
-4.55431 1.06013
-4.45347 1.23691
-4.39693 1.1625
-4.30013 1.3013
-4.2929 1.12033
-4.21603 1.32544
-4.52906 0.040518
-4.68253 -0.26529
-4.51734 -0.162383
-4.65278 -0.427256
-4.87103 -0.627804
-4.72711 -0.665919
-4.91935 -0.941048
-4.77302 -0.83424
-4.79252 -0.982046
-4.63992 -0.728518
-4.42954 -0.573942
-4.51192 -0.410497
-4.30926 -0.270645
-4.30005 -0.0395305
-4.37309 0.111093
-4.15341 0.4982
-4.13513 0.145522
-4.31708 -0.676629
-4.44746 -0.713008
-4.96474 -1.18398
-5.05684 -1.39984
-5.88039 -2.67484
-5.88359 -2.51595
-5.89111 -2.36038
-5.89736 -2.20814
-5.89092 -2.04296
-5.88246 -1.94485
-5.87426 -1.70305
-5.86148 -1.90049
-5.82747 -1.64713
-5.78755 -1.47122
-5.80645 -1.63316
-5.77958 -1.72994
-5.81902 -1.85124
-5.80113 -1.93203
-5.85362 -2.05911
-5.8711 -2.24506
-5.84292 -2.30201
-5.83052 -2.44452
-5.86682 -2.49945
-5.8265 -2.63724
-5.85496 -2.69581
-5.79836 -2.80193
-5.81078 -2.84959
-5.73898 -2.97724
-5.76348 -2.8264
-5.68069 -3.12012
-5.66195 -3.18871
-5.74376 -3.05579
-5.69069 -3.24362
-5.57565 -3.41031
-5.60344 -3.32227
-5.51234 -3.53264
-5.45943 -3.63834
-5.51137 -3.54898
-5.58725 -3.44005
-5.64811 -3.33736
-5.60487 -3.43041
-5.69075 -3.25802
-5.7133 -3.17991
-5.75227 -3.12137
-5.77099 -3.03556
-5.80748 -2.98998
-5.84859 -2.83404
-5.86078 -2.7267
-5.86543 -2.57843
-5.62412 -3.40483
1.91024 -3.59105
1.89461 -3.73327
1.84268 -3.80811
1.80724 -3.71465
1.75532 -3.94482
1.80551 -3.99641
1.68409 -4.21642
1.82854 -4.14068
1.67216 -4.38539
1.73568 -4.38248
1.7922 -4.31018
1.43069 -4.78867
1.56572 -4.70237
1.65679 -4.58482
1.73258 -4.45628
1.7114 -4.47978
1.59904 -4.63908
1.63874 -4.53705
1.52836 -4.69163
1.48699 -4.7878
1.35807 -4.86326
1.37179 -4.86879
1.44475 -4.78047
1.39164 -4.7648
1.54857 -4.58236
1.43641 -4.59713
1.29731 -4.74981
1.28304 -4.64344
1.11822 -4.81821
1.2158 -4.8869
1.02116 -4.98484
1.12352 -5.03136
0.889771 -5.1371
0.858953 -5.07638
0.686998 -5.20583
0.693942 -5.27047
0.79306 -5.26811
0.53999 -5.41078
0.598003 -5.39415
0.432502 -5.51106
0.486227 -5.45677
0.726724 -5.2994
0.527473 -5.40748
0.735865 -5.24044
0.527055 -5.3354
0.759282 -5.20477
0.908593 -5.12809
0.96911 -5.07883
1.13565 -4.97698
0.939877 -5.13819
1.1486 -4.99663
0.979978 -5.14713
1.19485 -5.00544
1.30152 -4.88482
1.01254 -5.12636
1.27909 -4.93557
-5.38529 -3.71863
-5.50597 -3.56239
-5.43962 -3.65533
-5.543 -3.52478
-5.40421 -3.70496
-5.28276 -3.86836
-5.34475 -3.82535
-5.39905 -3.73311
-5.24878 -3.91528
-5.40598 -3.68917
-5.58439 -3.3305
-5.48583 -3.44714
-5.61599 -3.10257
-5.68181 -3.0455
-5.73194 -2.83757
-5.75949 -2.63434
-5.81503 -2.53819
-5.7783 -2.39221
-5.80622 -2.13745
-5.75937 -2.16638
-5.78576 -1.99402
-5.73863 -1.92221
-5.7668 -1.82281
-5.73132 -1.7277
-5.67534 -1.73683
-5.626 -1.9173
-5.50707 -1.68888
-5.44395 -1.46649
-5.45986 -1.8804
-5.52732 -2.17664
-5.65018 -2.25324
-5.56267 -2.46612
-5.63105 -2.48168
-5.69021 -2.38583
-5.71144 -2.25449
-5.72758 -2.38933
-5.70447 -2.10018
-5.66918 -2.56458
-5.72749 -2.59924
-5.6611 -2.80612
-5.57933 -2.75855
-5.58139 -2.99415
-5.49683 -3.2447
-5.5011 -3.08076
-5.44755 -3.25196
-5.37145 -3.26797
-5.44411 -2.98287
-5.45046 -2.71048
-5.42276 -2.41936
-5.23132 -2.69871
-5.26785 -2.34628
-5.34255 -2.09743
-5.15418 -2.10922
-4.91783 -2.03109
-5.08344 -2.36674
-4.83824 -2.33786
-4.75677 -2.07853
-4.59146 -1.8107
-4.62012 -2.11905
-4.4622 -1.97265
-4.46909 -2.12727
-4.54982 -2.36955
-4.74192 -2.73225
-4.48186 -2.66073
-4.48112 -2.99808
-4.7243 -3.08571
-4.56094 -3.33447
-4.28626 -3.35078
-4.40359 -3.57777
-4.17406 -3.70934
-4.34537 -3.8361
-4.59252 -3.59708
-4.60539 -3.87209
-4.20433 -4.1612
-4.36799 -4.21987
-4.62078 -4.11657
-4.40281 -4.3452
-4.56322 -4.35016
-4.83572 -4.06638
-4.76173 -4.24941
-4.6202 -4.49151
-4.86131 -4.22052
-4.87044 -4.13315
-4.97855 -4.02347
-5.09045 -3.78028
-4.88466 -3.81819
-5.14859 -3.46012
-5.26454 -3.52305
-5.26285 -3.68196
-5.38793 -3.42677
-5.38792 -3.59746
-5.24198 -3.86863
-5.1365 -3.88902
-5.03788 -4.09631
-5.11435 -4.09151
-4.99335 -4.24314
-5.04722 -4.24532
-5.19639 -4.02214
-5.12404 -4.12279
-5.00275 -4.3145
-5.02071 -4.29119
-5.08691 -4.1439
-4.94834 -4.36875
-4.97853 -4.26497
-5.12435 -4.05954
-5.11869 -4.04393
-5.225 -3.97671
-5.24853 -3.87185
-5.12314 -4.01525
-4.99242 -4.14299
-4.92706 -4.23506
-4.93027 -4.23422
-4.97966 -4.20612
-4.84034 -4.37275
-4.88686 -4.35244
-4.8581 -4.42245
-4.85741 -4.43738
-4.77824 -4.5532
-4.78724 -4.50139
-4.67931 -4.66994
-4.67509 -4.61979
-4.57815 -4.76618
-4.58746 -4.69648
-4.43936 -4.83239
-4.48207 -4.7883
-4.36406 -4.90793
-4.26508 -4.97528
-4.36592 -5.03983
-4.48151 -4.91915
-4.47062 -4.98437
-4.57991 -4.83535
-4.56358 -4.90944
-4.67606 -4.73977
-4.59991 -4.88775
-4.75454 -4.68421
-4.81601 -4.54997
-4.89798 -4.47147
-4.79231 -4.60052
-4.90021 -4.45025
-4.75971 -4.64774
-4.88053 -4.45355
-4.75109 -4.60633
-4.71741 -4.5906
-4.8507 -4.37433
-4.70295 -4.53122
-4.57544 -4.66571
-4.40992 -4.75366
-4.41836 -4.6665
-4.37494 -4.61883
-4.27101 -4.79647
-4.08052 -4.81948
-4.26088 -4.5559
-3.95391 -4.72111
-4.16162 -4.463
-3.96239 -4.59183
-3.74802 -4.70631
-3.64277 -4.92051
-3.5561 -4.86219
-3.45222 -4.78825
-3.7123 -4.56567
-3.98106 -4.45658
-3.8699 -4.3258
-4.04438 -4.02177
-3.73554 -4.1723
-3.53568 -4.51306
-3.42936 -4.29968
-3.2147 -4.62785
-3.33806 -4.71058
-3.18005 -4.8573
-2.95021 -4.8726
-2.9748 -5.06184
-2.76298 -5.0573
-2.70931 -5.24705
-2.54142 -5.13681
-2.6858 -4.8948
-2.42928 -4.99798
-2.29298 -5.19781
-2.40868 -5.3333
-2.16558 -5.39123
-2.26182 -5.50311
-2.50641 -5.44012
-2.35288 -5.61355
-2.61061 -5.50791
-2.54768 -5.63345
-2.35247 -5.74592
-2.51915 -5.7816
-2.21608 -5.88443
-2.32698 -5.91977
-2.14301 -6.01588
-2.31153 -5.98784
-2.47003 -5.90503
-2.38983 -5.99977
-2.55831 -5.93458
-2.72352 -5.79791
-2.68393 -5.91834
-2.49341 -6.02462
-2.67403 -5.95798
-2.50766 -6.07298
-2.59703 -6.01283
-2.51324 -6.07649
-2.40073 -6.16279
-2.32021 -6.16154
-2.25233 -6.24019
-2.35883 -6.19544
-2.24805 -6.26003
-2.29432 -6.24488
-2.17166 -6.30896
-2.21731 -6.30329
-2.07396 -6.37128
-2.10696 -6.31531
-1.94595 -6.37893
-1.94059 -6.36049
-2.02627 -6.28633
-1.87691 -6.28547
-1.95703 -6.19303
-1.73175 -6.18892
-1.88503 -6.02631
-1.80843 -6.11657
-4.16529 -5.02913
-4.03066 -5.0355
-4.15901 -5.12001
-4.22359 -5.15721
-4.08567 -5.20405
-4.10508 -5.27839
-4.22114 -5.2551
-4.34474 -5.11024
-4.31723 -5.17747
-4.45814 -5.03126
-4.40764 -5.09903
-4.49276 -5.0037
-4.50718 -4.96815
-4.66728 -4.77519
-4.60387 -4.85944
-4.63304 -4.75669
-4.51493 -4.91434
-4.46618 -5.02313
-4.40475 -5.01379
-4.47262 -4.90557
-4.26124 -5.07544
-4.4061 -4.86693
-4.57223 -4.76315
-4.21064 -4.99971
-4.31955 -4.87998
-4.25642 -4.89073
-4.07528 -4.99795
-4.02709 -5.14211
-4.12476 -5.11548
-4.01301 -5.24419
-4.10986 -5.26495
-3.85454 -5.39134
-3.74148 -5.3669
-3.90244 -5.24651
-3.81946 -5.21781
-3.52811 -5.38898
-3.56856 -5.24962
-3.83186 -5.06464
-3.79569 -4.95135
-3.63025 -5.11242
-3.62859 -5.03323
-3.45056 -5.12419
-3.39065 -4.99636
-3.07226 -5.23087
-3.20592 -4.99878
-3.301 -5.31301
-3.03461 -5.39607
-3.07352 -5.49198
-3.35343 -5.41537
-3.22121 -5.55328
-3.4356 -5.51409
-3.17957 -5.65714
-3.36063 -5.62321
-3.59959 -5.50836
-3.48696 -5.61379
-3.7119 -5.5065
-3.92366 -5.39136
-3.78614 -5.48386
-3.98942 -5.39271
-4.10705 -5.29174
-4.17156 -5.29634
-4.26512 -5.20564
-4.22787 -5.21043
-4.36443 -5.11642
-4.30968 -5.12782
-4.08053 -5.33826
-3.97302 -5.38798
-4.01129 -5.33764
-3.99319 -5.30251
-3.91902 -5.37297
-3.87647 -5.32887
-3.94646 -5.1862
-3.79602 -5.20915
-3.78179 -5.3651
-3.68332 -5.36114
-3.61294 -5.20184
-3.76755 -5.026
-3.63827 -5.02169
-3.45561 -5.14279
-3.51131 -5.03289
-3.38609 -5.03999
-3.14547 -5.07366
-3.27303 -5.04663
-3.14689 -5.20425
-3.22688 -5.20843
-3.32683 -5.14116
-3.29712 -5.28004
-3.42498 -5.30945
-3.29301 -5.39229
-3.36661 -5.45733
-3.52659 -5.39555
-3.42827 -5.54404
-3.64351 -5.49226
-3.73635 -5.42861
-3.76141 -5.46048
-3.82003 -5.41113
-3.85757 -5.43849
-3.76161 -5.48387
-3.60602 -5.57995
-3.50104 -5.59314
-3.44154 -5.64338
-3.35545 -5.67096
-3.31394 -5.67634
-3.23076 -5.71468
-3.30763 -5.68368
-3.1847 -5.71602
-3.26342 -5.67215
-3.16981 -5.66551
-3.28565 -5.61677
-3.37269 -5.63365
-3.29822 -5.54833
-3.1916 -5.58757
-3.23447 -5.49267
-3.13243 -5.54005
-3.05885 -5.63275
-3.06135 -5.73564
-2.92864 -5.73813
-2.9424 -5.80452
-3.0881 -5.77149
-2.95925 -5.83547
-3.14902 -5.73466
-2.91009 -5.82648
-2.99153 -5.69239
-2.91764 -5.63445
-2.73167 -5.70424
-2.76872 -5.6077
-2.88681 -5.49155
-2.72499 -5.53527
-2.84032 -5.42823
-2.73749 -5.37639
-2.80988 -5.89179
-2.82116 -5.88849
-2.676 -5.96895
-2.70191 -5.94562
-2.8162 -5.84915
-2.70436 -5.91005
-2.79788 -5.78171
-2.91941 -5.59564
-2.80291 -5.69052
-2.83577 -5.57624
-2.95681 -5.43897
-3.02583 -5.46689
-3.08618 -5.37333
-3.06785 -5.32591
-3.14506 -5.28816
-3.04125 -5.23156
-2.96631 -5.34469
-2.90603 -5.29557
-2.84684 -5.45305
-2.78329 -5.38936
-2.81409 -5.28967
-2.88211 -5.18709
-2.77021 -5.29168
-2.75591 -5.23008
-2.88811 -5.15615
-3.01644 -5.11067
-3.00936 -5.17487
-2.62422 -5.31437
-2.54479 -5.45234
-2.65646 -5.4201
-2.51878 -5.61043
-2.60507 -5.56741
-2.6975 -5.45898
-2.6999 -5.54947
-2.74261 -5.36844
-2.5842 -5.70364
-2.66433 -5.73203
-2.76001 -5.60058
-2.7401 -5.70052
-2.64938 -5.81388
-2.71564 -5.79195
-2.62038 -5.89433
-2.69658 -5.88012
-2.60414 -5.96908
-2.58428 -6.00772
-2.49078 -6.0737
-2.43754 -6.12369
-2.58123 -6.01968
-2.38761 -6.15721
-2.42284 -6.12418
-2.52331 -6.01285
-2.42334 -6.09254
-2.52868 -5.96279
-2.47114 -5.97479
-2.55382 -5.84757
-2.48565 -5.82911
-2.39372 -5.9449
-2.37394 -6.05661
-2.29661 -6.05693
-2.30256 -6.155
-2.30111 -6.21984
-2.20351 -6.22547
-2.20105 -6.16083
-2.12283 -6.23458
-2.0898 -6.17003
-2.19842 -6.00832
-2.33042 -5.88807
-2.25107 -5.82716
-2.39058 -5.68286
-2.43072 -5.78668
-2.51641 -5.69744
-2.26913 -5.69216
-2.37794 -5.50936
-2.49546 -5.40577
-2.26176 -5.61148
-2.1548 -5.71798
-2.17562 -5.79344
-2.05529 -5.82235
-2.14596 -5.89589
-2.04497 -6.01345
-1.96583 -5.92631
-2.59493 -5.85743
-2.57684 -5.90919
-2.32175 -6.21638
-3.18202 -5.31327
-3.15874 -5.4238
-3.05048 -5.53048
-3.8981 -5.03171
-3.49 -5.20641
-1.65905 -6.22305
-1.588 -6.23596
-1.76595 -6.30888
-1.61898 -6.29533
-1.78661 -6.34105
-1.67484 -6.32088
-1.78018 -6.35325
-1.91741 -6.37046
-1.76549 -6.35667
-1.86982 -6.36047
-2.04275 -6.35175
-1.96758 -6.32205
-2.11101 -6.29324
-2.12705 -6.25126
-2.16746 -6.30621
-1.98262 -6.27419
-2.12969 -6.20276
-2.28048 -6.10885
-2.23455 -6.04757
-2.0831 -6.13829
-1.94973 -6.10885
-1.99117 -6.01773
-2.07412 -5.96451
-1.98583 -5.92713
-2.15223 -5.77789
-1.93641 -5.79096
-2.11153 -5.65365
-1.92451 -5.63781
-2.07703 -5.53998
-1.95407 -5.46877
-2.04003 -5.23014
-1.78741 -5.35324
-1.76357 -5.5734
-1.63861 -5.49759
-1.5622 -5.6595
-1.74156 -5.7455
-1.56183 -5.8264
-1.42282 -5.76308
-1.41689 -5.85564
-1.24284 -5.80372
-1.33166 -5.61793
-1.08235 -5.63738
-1.08206 -5.77197
-1.06194 -5.85338
-1.20013 -5.93189
-1.34546 -5.91601
-1.36204 -6.00885
-1.16543 -6.01399
-1.28526 -6.09656
-1.10778 -6.07925
-1.22405 -6.15874
-1.36865 -6.16424
-1.37828 -6.20716
-1.47467 -6.18245
-1.47412 -6.10821
-1.60311 -6.17809
-1.54042 -6.2214
-1.69689 -6.23863
-1.54376 -6.28278
-1.7091 -6.31937
-1.53769 -6.32929
-1.77734 -6.34692
-1.85137 -6.29963
-1.8474 -6.26749
-1.98185 -6.22246
-1.88405 -6.19529
-1.77141 -6.15191
-1.84383 -6.04559
-1.66337 -6.08366
-1.72281 -5.9385
-1.54606 -6.02432
-1.49469 -5.93802
-1.71878 -6.35394
-1.62355 -6.34481
-1.41846 -6.30436
-1.63998 -6.35162
-1.52955 -6.3268
-1.65051 -6.31291
-1.54303 -6.30133
-1.36129 -6.27844
-1.41048 -6.22295
-1.06796 -6.16566
-1.12872 -6.22853
-1.20642 -6.26004
-1.32458 -6.29904
-1.14564 -6.25396
-1.29739 -6.29242
-1.40541 -6.2831
-1.27051 -6.25173
-1.17236 -6.17665
-1.10456 -6.23181
-0.983818 -6.16996
-1.0447 -6.12212
-0.853725 -6.07623
-0.919806 -6.04861
-1.00795 -6.00956
-0.826963 -5.94489
-0.707719 -5.9852
-0.570962 -5.85066
-0.472786 -5.89938
-0.633799 -6.03775
-0.809086 -6.1405
-0.66424 -6.09239
-0.718845 -6.10336
-0.531412 -6.04879
-0.591646 -6.06054
-0.798585 -6.1259
-0.680115 -6.06427
-0.895346 -6.15837
-0.90931 -6.09693
-1.01812 -6.20027
-0.730839 -6.04893
-0.489017 -5.98313
-0.422506 -5.94416
-0.530026 -5.94079
-0.249777 -5.86266
-0.337547 -5.82455
-1.23877 -6.19927
-1.49943 -6.23465
-1.57597 -6.28266
-0.153857 -5.70165
0.216017 -5.4671
0.0314655 -5.58675
0.267883 -5.46115
0.111988 -5.61276
-0.0709085 -5.7635
0.164833 -5.67133
0.0177946 -5.78364
-0.12644 -5.84227
-0.0463247 -5.80759
-0.192399 -5.87236
-0.198015 -5.89214
-0.326712 -5.9477
-0.28631 -5.9061
-0.481325 -6.00754
-0.401577 -5.98302
-0.345927 -5.94198
-0.447992 -5.96325
-0.290929 -5.85935
-0.283505 -5.78969
-0.382853 -5.77487
-0.1878 -5.6446
-0.107988 -5.71999
0.0177097 -5.56569
0.0525532 -5.60805
0.0159874 -5.69069
-0.12881 -5.81127
-0.00556469 -5.77824
-0.223114 -5.89465
0.151999 -5.64375
0.0695066 -5.72493
0.078104 -5.73361
0.180102 -5.66334
0.291377 -5.61501
0.340461 -5.57294
0.338791 -5.47938
0.150498 -5.57938
0.207899 -5.47641
0.451884 -5.33908
0.543723 -5.3401
0.562522 -5.17791
0.326124 -5.31648
0.396915 -5.18655
0.215641 -5.26654
0.137834 -5.41708
0.0942354 -5.3687
-0.00881386 -5.47107
0.0405006 -5.27682
-0.165897 -5.47519
-0.149542 -5.28066
-0.333769 -5.42613
-0.267883 -5.06511
-0.493688 -5.40485
-0.549495 -5.21066
-0.643414 -5.44332
-0.74867 -5.37889
-0.776116 -5.5531
-0.647645 -5.58011
-0.787599 -5.68184
-0.668374 -5.71376
-0.790649 -5.78496
-0.714681 -5.8285
-0.889031 -5.86238
-1.02339 -5.9431
-0.939495 -5.75974
-0.573154 -5.73714
-0.394165 -5.65185
-0.518069 -5.59953
-0.898867 -5.63986
-0.90852 -5.50327
-1.05061 -5.40808
-1.19931 -5.48372
-1.19316 -5.27876
-1.33844 -5.38967
-1.49141 -5.47613
-1.48967 -5.23292
-1.61238 -5.35173
-1.67876 -5.12323
-1.86587 -5.12552
-1.83223 -4.88865
-2.02156 -4.95272
-2.21937 -5.01372
-2.20965 -4.75388
-2.36123 -4.84747
-2.52182 -4.80735
-2.45284 -4.58064
-2.69735 -4.61497
-2.93331 -4.64049
-2.90712 -4.33982
-3.15602 -4.36429
-3.11624 -4.07545
-3.3303 -4.08592
-3.60707 -3.94046
-3.40152 -3.80273
-3.61738 -3.59743
-3.80052 -3.67506
-3.90371 -3.85523
-4.01592 -3.53997
-3.82672 -3.38741
-4.04744 -3.20428
-4.24175 -3.03636
-4.06475 -2.86169
-4.28389 -2.76102
-4.11515 -2.56391
-4.30561 -2.44712
-4.03617 -2.17299
-4.33078 -2.15308
-4.23352 -1.78008
-4.37187 -2.00983
-3.9233 -1.75184
-3.90301 -1.4146
-3.81551 -1.05805
-3.65789 -1.13018
-3.68587 -1.47948
-3.50028 -1.1833
-3.39888 -1.44675
-3.3266 -0.989712
-3.41925 -0.794983
-3.16152 -0.550331
-3.27919 -0.463627
-3.40892 -0.447343
-3.1616 -0.0853878
-3.42243 -0.138904
-3.26074 0.27055
-3.52187 0.101436
-3.36835 0.508397
-3.43837 0.753404
-3.23402 0.848422
-3.12775 0.686622
-3.04279 1.09476
-3.2443 1.14431
-3.07955 1.37667
-3.18564 1.4978
-3.30254 1.29805
-3.46963 1.09138
-3.67401 0.8449
-3.63502 1.12696
-3.47898 1.5125
-3.69554 1.38552
-3.58383 1.79709
-3.68025 2.06672
-3.84147 1.89011
-3.85182 2.08526
-3.99033 1.93586
-4.13023 1.81775
-3.97091 2.0923
-4.06581 2.1007
-3.64676 2.84566
-3.11248 3.34086
-2.98841 3.44938
-3.0674 3.26414
-2.85448 3.35573
-2.96995 3.18797
-2.82952 3.22289
-2.93081 3.0482
-3.16814 3.04943
-3.10143 2.80332
-2.9424 2.92359
-2.9451 2.811
-3.02311 2.61274
-2.86357 2.6835
-2.93182 2.46641
-3.07187 2.33073
-3.21383 2.4739
-3.22147 2.13959
-3.3388 2.23742
-3.38326 1.94069
-3.4772 2.15181
-3.3716 2.39689
-3.52121 2.40269
-3.68699 2.29901
-3.61104 2.57223
-3.76231 2.35525
-3.80465 2.52521
-3.85898 2.27791
-3.92665 2.32368
-3.71529 2.69609
-3.53758 2.94432
-3.44684 3.04168
-3.4412 2.94209
-3.34337 3.1356
-3.32672 3.03033
-3.23224 3.23553
-3.35099 2.85385
-3.24366 2.84362
-3.33366 2.65652
-3.46099 2.65765
-3.48461 2.79715
-3.25587 1.76923
-3.09576 2.02423
-3.10635 1.7719
-2.99627 1.89844
-3.0203 1.64688
-2.84755 1.84305
-2.91404 1.46141
-2.69991 1.56332
-2.81732 1.20972
-2.9124 0.859674
-2.73217 0.984738
-2.7611 0.634032
-3.00932 0.452147
-2.8832 0.230093
-2.96521 -0.149952
-2.92215 -0.461056
-3.12529 -0.932901
-2.89663 -0.814206
-3.0561 -1.34078
-2.70524 -0.950687
-2.69756 -0.417326
-2.45646 -0.423888
-2.50327 0.0109586
-2.73509 0.0309901
-2.53235 0.498373
-2.71716 0.370878
-2.58394 0.915833
-2.40039 0.916537
-2.28221 0.650846
-2.32332 0.286642
-2.14669 0.410666
-2.19288 0.0543908
-2.02351 0.120038
-2.11 -0.327342
-1.88625 -0.245596
-1.98824 -0.719724
-1.78158 -0.742089
-1.90039 -1.07152
-1.72568 -1.27628
-1.903 -1.4584
-2.10016 -1.2245
-2.03211 -1.60775
-1.92437 -1.83123
-1.74738 -1.81231
-1.84392 -2.10084
-1.71892 -2.37406
-1.89926 -2.41217
-1.95747 -2.11953
-2.05967 -2.33901
-2.01655 -2.71965
-2.17006 -2.59443
-2.25813 -2.24928
-2.36558 -2.69729
-2.18281 -2.96282
-2.41079 -3.21066
-2.16887 -3.38359
-2.30754 -3.59705
-2.13824 -3.82079
-2.27374 -3.75272
-2.36261 -3.8434
-2.25349 -4.1088
-2.0667 -4.23643
-2.23886 -4.42436
-2.00108 -4.61774
-2.46506 -4.18019
-2.67499 -4.30341
-2.65181 -4.07538
-2.8538 -3.91053
-2.58844 -3.84508
-2.69191 -3.42492
-2.96448 -3.40347
-3.17574 -3.70651
-3.25843 -3.93282
-3.41466 -3.46868
-3.21354 -3.25563
-3.42699 -3.13889
-3.61969 -3.24465
-3.56633 -2.81675
-3.83452 -3.02044
-3.85546 -2.58478
-3.59973 -2.41578
-3.74238 -2.21387
-3.71353 -1.85773
-3.46451 -2.01061
-3.26803 -1.69797
-3.12724 -1.96856
-3.3409 -2.43062
-3.15541 -2.33129
-3.13165 -2.58375
-2.99354 -2.35014
-3.00328 -2.61549
-2.88494 -2.60797
-2.75505 -2.33131
-2.86227 -2.01511
-2.81709 -1.57079
-2.60156 -1.8673
-2.54487 -1.30224
-2.45931 -0.849318
-2.31512 -1.04112
-2.33412 -1.55446
-2.15818 -1.63587
-2.24295 -1.87144
-2.38793 -1.97525
-2.08661 -1.9462
-2.50625 -2.32543
-2.68219 -2.83539
-2.15812 -0.7667
-2.29031 -0.595962
-2.26737 -0.245063
-2.33858 -0.0408826
-3.0033 -2.91863
-2.83455 -3.14647
-3.28441 -2.86226
-2.47936 -3.58619
-1.84953 -4.32933
-1.79875 -4.63451
-1.68675 -4.47923
-1.64715 -4.79285
-1.50628 -4.47948
-1.50003 -4.83859
-1.35947 -4.81465
-1.44571 -5.02434
-1.54991 -5.01592
-1.33631 -5.14172
-1.20292 -4.9951
-1.20924 -4.66679
-1.32114 -4.4403
-1.19814 -4.37164
-1.25558 -4.17291
-1.4071 -4.04362
-1.51632 -4.21896
-1.64779 -4.1
-1.52938 -3.6904
-1.6973 -3.62602
-1.86427 -3.82434
-1.82003 -4.0933
-1.94193 -4.07059
-1.99479 -3.53675
-1.84337 -3.45863
-1.97638 -3.16193
-1.81694 -3.1914
-1.73037 -3.34003
-1.59142 -3.25793
-1.72069 -3.10458
-1.6475 -2.84737
-1.82528 -2.83398
-1.49907 -2.55983
-1.58668 -2.08198
-1.42623 -2.05304
-1.55489 -1.64472
-1.56865 -1.28531
-1.60835 -0.971014
-1.47436 -1.14325
-1.47031 -1.40937
-1.3801 -1.33136
-1.36446 -1.64577
-1.25603 -1.39171
-1.33165 -1.06202
-1.15431 -1.09433
-1.24348 -0.595614
-1.46175 -0.797283
-1.46755 -0.401465
-1.61443 -0.591056
-1.72466 -0.36063
-1.60934 -0.268466
-1.7044 0.0327997
-1.86889 0.196649
-1.76476 0.485312
-1.97139 0.531647
-1.86328 0.846206
-2.02931 0.857942
-2.12081 0.703709
-2.19289 0.991397
-1.99936 1.15154
-2.17984 1.34731
-2.34851 1.23045
-2.35887 1.58584
-2.46952 1.34761
-2.53524 1.49707
-2.61691 1.24519
-2.48221 1.13908
-2.53186 1.7186
-2.63587 1.92949
-2.41264 1.98734
-2.5448 2.23969
-2.73277 2.19066
-2.92415 2.18339
-2.78134 2.47453
-2.62948 2.44612
-2.66395 2.5862
-2.54002 2.69384
-2.49376 2.4803
-2.33617 2.39813
-2.40402 2.62635
-2.28689 2.67029
-2.14361 2.61029
-2.18726 2.81231
-2.3481 2.87602
-2.1306 3.01442
-2.26812 3.17755
-2.46074 3.03612
-2.46883 3.21915
-2.5955 3.06787
-2.68903 3.19109
-2.78667 2.9368
-2.59734 2.90398
-2.70539 2.7207
-2.48717 2.88703
-2.50185 3.36842
-2.70076 3.32885
-2.6389 3.43394
-2.7682 3.48862
-2.58834 3.53227
-2.66192 3.58561
-2.85511 3.54311
-2.69563 3.62387
-2.20251 3.76957
-2.37944 3.72482
-2.04171 3.78871
-2.24619 3.64503
-2.46811 3.60809
-2.53638 3.67265
-2.41372 3.51916
-2.13188 3.52986
-2.33595 3.45913
-2.30465 3.37378
-2.11835 3.37708
-2.02137 3.46075
-1.93907 3.3909
-1.89763 3.50821
-1.7273 3.43138
-1.71836 3.55476
-1.84477 3.606
-1.99259 3.68602
-1.75172 3.70154
-1.57387 3.64233
-1.6017 3.72274
-1.54492 3.75689
-1.39056 3.66272
-1.36124 3.55608
-1.54373 3.50091
-1.35152 3.42364
-1.11707 3.46404
-1.18021 3.28184
-0.956484 3.28088
-1.02958 3.06829
-0.817004 3.09021
-0.879584 2.94853
-0.958553 2.77419
-1.18877 2.92103
-1.15395 2.68081
-0.997388 2.40182
-1.25377 2.49832
-1.368 2.77838
-1.48713 2.54521
-1.52335 2.75416
-1.65834 2.72342
-1.69406 2.47586
-1.55692 2.25399
-1.34709 2.26145
-1.42393 1.95098
-1.65909 2.01609
-1.58682 1.72035
-1.37657 1.61922
-1.2455 1.77876
-1.16482 1.55555
-1.07357 1.76656
-0.979906 1.57487
-0.8784 1.73935
-0.781462 1.49019
-1.00328 1.33023
-0.799311 1.25118
-0.64719 1.29871
-0.677036 1.05218
-0.900082 1.04989
-0.790045 0.786436
-1.04494 0.746802
-0.869092 0.334603
-0.626227 0.622515
-0.603877 0.268992
-0.737139 0.0142642
-0.572062 -0.139511
-0.748573 -0.288551
-0.89511 -0.161012
-0.869362 -0.585301
-1.0315 -0.43554
-1.11149 -0.0573159
-1.02882 -0.796314
-1.33323 -0.115458
-1.25469 0.1647
-1.38961 0.218811
-1.51201 -0.0211921
-1.54538 0.399949
-1.38221 0.475948
-1.42089 0.717794
-1.62935 0.839024
-1.44038 0.996171
-1.57051 1.20162
-1.78556 1.15359
-1.90077 1.37018
-2.03417 1.43218
-1.94246 1.61357
-2.13418 1.63534
-2.03094 1.92316
-2.2328 1.8621
-2.20244 2.13901
-2.14815 2.38416
-2.02144 2.24405
-1.85179 2.10993
-1.80295 1.81259
-1.72577 2.2511
-1.86355 2.37793
-1.86531 2.64927
-2.01122 2.49419
-2.00901 2.65407
-2.01063 2.83218
-1.79479 2.90636
-1.92264 3.07845
-2.03661 3.23248
-1.83059 3.2717
-1.71894 3.12232
-1.62784 3.28346
-1.52998 3.39474
-1.40716 3.25614
-1.54459 3.14151
-1.3876 3.0401
-1.57285 2.93986
-1.23901 3.12136
-1.73281 1.47654
-1.51677 1.45605
-1.30598 1.27234
-1.26318 0.913431
-1.10266 1.07316
-1.25654 0.612668
-1.13795 0.372513
-1.28716 0.377407
-0.915186 -0.881715
-0.809095 -0.958845
-0.661118 -0.620836
-0.65958 -1.15831
-0.515862 -0.806636
-0.487879 -0.459814
-0.349895 -0.144407
-0.43659 0.169494
-0.277782 0.25857
-0.396372 0.545804
-0.235541 0.495817
-0.0962877 0.370236
-0.177077 0.0429588
-0.013732 0.00241971
0.114336 0.316466
0.0497093 0.637067
-0.180094 0.751347
0.00948715 0.916406
-0.13982 1.10468
-0.320578 1.01874
-0.315403 1.29605
-0.490363 1.18138
-0.515588 1.48064
-0.310785 1.54168
-0.439186 1.79284
-0.666864 1.73201
-0.626331 1.9472
-0.798646 1.94164
-0.982227 1.95117
-0.911825 2.12232
-1.04863 2.15007
-1.18509 2.01622
-1.16654 2.26925
-0.738003 2.19342
-0.757738 2.52168
-0.588585 2.34679
-0.513412 2.10364
-0.407577 2.33903
-0.563038 2.57537
-0.411696 2.59587
-0.504456 2.80754
-0.724977 2.83087
-0.616028 3.05201
-0.726416 3.28756
-0.528337 3.20658
-0.413886 3.00011
-0.351258 3.19472
-0.567901 3.3561
-0.452699 3.44805
-0.617952 3.50823
-0.750825 3.46132
-0.8917 3.42886
-0.949264 3.5671
-1.19145 3.61368
-1.05342 3.69967
-1.27997 3.70827
-1.22025 3.77224
-1.2064 3.83708
-1.38969 3.83805
-1.68075 3.74207
-1.8619 3.7689
-1.01709 3.8221
-0.823331 3.72966
-0.695223 3.6899
-0.755508 3.61238
-0.896036 3.65126
-0.571392 3.64399
-0.390416 3.57876
-0.07687 3.42543
1.86224 -2.37849
1.86234 -2.17072
1.79847 -2.27908
1.80239 -2.54171
1.69824 -2.4491
1.75647 -2.70342
1.90028 -2.81295
1.76118 -2.94412
1.64724 -2.7529
1.60026 -3.06979
1.48139 -2.80976
1.51303 -2.49286
1.37713 -2.62933
1.36059 -2.41489
1.42654 -2.18431
1.23144 -2.2064
1.23093 -2.59281
1.11253 -2.42741
1.01906 -2.76592
1.18527 -2.92232
1.32718 -2.85967
1.28544 -3.19172
1.0806 -3.23965
1.18866 -3.40328
1.30026 -3.54635
1.45743 -3.30183
1.4945 -3.5733
1.35488 -3.85552
1.20564 -3.81451
1.17729 -4.06404
1.08493 -3.8949
1.10805 -3.60858
0.948216 -3.78637
1.01433 -4.09827
0.887953 -4.08691
0.937014 -4.2362
1.03766 -4.37827
1.35484 -4.20602
1.21205 -4.44217
1.31427 -4.48596
1.11373 -4.6286
1.38782 -4.53613
1.49366 -4.37974
1.57385 -4.44495
1.60933 -4.07941
1.57362 -3.81444
1.719 -3.83123
1.76867 -3.57722
1.65891 -3.52194
1.60545 -3.3503
1.76149 -3.26742
1.43446 -3.04795
1.91992 -3.24889
1.89765 -3.05928
1.87125 -2.59326
1.86354 -3.54105
1.93127 -3.42628
0.838793 -4.7027
0.807527 -4.50888
0.625508 -4.59861
0.576406 -4.87816
0.73515 -4.96841
0.524825 -5.06576
0.762851 -5.08841
0.91419 -4.96825
0.947384 -4.82751
0.348186 -5.06163
0.383088 -4.76904
0.165941 -5.00664
0.19239 -5.1657
-0.0291128 -5.07407
0.0782242 -4.91201
-0.0121326 -4.8149
-0.087225 -4.54224
-0.29839 -4.72599
-0.42097 -4.95889
-0.423471 -4.76501
-0.554578 -4.91396
-0.712239 -5.14592
-0.689311 -4.91456
-0.836644 -5.00009
-0.882528 -5.2872
-1.03076 -5.11988
-0.950875 -4.86704
-1.07444 -4.80407
-0.949001 -4.56018
-1.08436 -4.4582
-0.945869 -4.16904
-1.11188 -4.04271
-0.925339 -3.60127
-1.12902 -3.52541
-1.23631 -3.89826
-1.28869 -3.64401
-1.40202 -3.63965
-1.3464 -3.36085
-1.23356 -3.32901
-1.28278 -3.0457
-1.4346 -3.05027
-1.45684 -3.40945
-1.54069 -2.93257
-1.34534 -2.75768
-1.30731 -2.40347
-1.21613 -2.71481
-1.13786 -3.02141
-1.12156 -2.69994
-1.11019 -2.32669
-1.03615 -2.69654
-0.953422 -2.36123
-0.914145 -1.79406
-1.11535 -1.87037
-1.25457 -2.00021
-1.21593 -1.68767
-1.09779 -1.51126
-0.960032 -1.196
-0.815248 -1.32556
-0.75726 -1.49893
-0.661131 -1.69663
-0.79701 -2.28915
-0.623406 -2.12896
-0.682566 -2.59444
-0.510936 -2.25696
-0.542183 -2.65902
-0.661942 -2.9721
-0.802682 -3.06995
-0.836061 -2.74219
-0.969115 -3.05497
-0.723298 -3.38656
-0.79867 -3.86121
-0.628906 -3.64422
-0.718864 -4.09422
-0.532369 -3.94877
-0.685894 -4.42447
-0.551033 -4.31269
-0.586407 -4.61312
-0.392006 -4.19673
-0.463124 -4.61943
-0.338119 -4.5054
-0.231762 -4.20057
-0.155512 -3.76789
-0.273758 -3.48097
-0.451388 -3.39685
-0.321681 -3.12629
-0.399662 -3.0191
-0.544407 -3.10733
-0.385296 -2.61934
-0.436151 -2.3825
-0.306869 -1.98908
-0.470921 -1.78415
-0.302243 -1.43718
-0.444674 -1.19808
-0.188429 -0.888874
-0.355256 -0.63
-0.173386 -0.333477
0.0341702 -0.437343
0.187321 -0.0106193
0.282411 -0.332216
0.127237 -0.68364
0.268921 -0.729267
0.09023 -1.07736
-0.00969696 -0.880477
-0.112226 -1.34353
0.0020237 -1.4012
-0.0650549 -1.74141
-0.163774 -2.35471
0.107759 -1.91845
0.0051012 -2.50908
-0.185799 -2.88758
-0.0525665 -3.03144
-0.122484 -3.41296
-0.00707245 -3.34256
0.130736 -2.9329
0.115093 -2.63536
0.280584 -2.50559
0.212492 -2.23231
0.388595 -2.11754
0.386327 -1.74739
0.30526 -1.42601
0.115643 -1.4424
0.271548 -1.07889
0.466767 -1.02987
0.4044 -0.784581
0.455204 -0.466416
0.57358 -0.653788
0.686272 -0.275876
0.503264 -0.104984
0.368134 0.0273233
0.499366 0.234103
0.306763 0.292902
0.418277 0.585882
0.222183 0.54458
0.208037 0.847311
0.391772 0.924487
0.245673 1.08759
0.0659332 1.17446
0.210526 1.31246
0.0359573 1.49863
-0.13555 1.3965
-0.178609 1.71555
0.0197973 1.78421
-0.136559 1.96943
-0.311281 2.02223
-0.208576 2.23833
-0.292085 2.48421
-0.132249 2.49466
-0.32093 2.72298
-0.178167 2.85419
0.0176868 2.61979
0.0523291 2.35032
-0.00281239 2.11288
0.185837 2.11145
0.17386 1.83296
0.182171 1.56898
0.295115 1.62368
0.348013 1.81866
0.405533 1.54423
0.36024 1.37425
0.526648 1.3463
0.511265 1.08664
0.63663 1.14344
0.681538 1.35158
0.514957 1.59746
0.642653 1.66802
0.481523 1.88379
0.589561 1.92643
0.764859 1.77704
0.627606 2.12497
0.47388 2.15699
0.485127 2.35991
0.584009 2.3189
0.542918 2.48463
0.669912 2.30011
0.62738 2.55354
0.549158 2.67874
0.441588 2.65524
0.467787 2.7976
0.287221 3.16993
0.391668 2.91109
0.312044 3.01017
0.324058 2.82425
0.124559 2.98077
0.199166 2.78372
0.0398474 2.83247
-0.103789 3.09612
-0.0294447 3.32721
-0.249104 3.36649
-0.214569 3.50918
0.171402 2.65042
0.331964 2.62329
0.342458 2.43398
0.18418 2.39144
0.332945 2.13507
0.400834 2.48564
0.438764 2.52131
0.184819 3.24751
0.835012 2.33911
0.883184 2.21585
0.707178 2.42851
0.816156 2.17236
0.78973 2.02116
0.913472 1.97751
0.93874 2.094
0.985398 1.97206
1.1393 1.71184
1.02509 1.84086
1.21785 1.57359
1.09478 1.51309
1.27275 1.40351
1.218 1.27312
1.11068 1.28308
0.962957 1.47165
1.04085 1.2726
1.14353 1.08981
1.06126 1.12632
0.951977 1.22066
1.04222 0.969092
1.14891 0.922552
1.14253 0.728665
1.20656 0.770585
1.28249 0.587998
1.2285 0.454055
1.10852 0.493322
1.20236 0.343904
1.17051 0.209031
1.27401 0.222784
1.27941 0.0121163
1.1826 0.0200318
1.04837 0.00445008
1.21707 -0.168292
1.10255 -0.371903
0.909101 -0.297716
0.961098 -0.6366
1.14857 -0.734854
1.00334 -0.979295
1.16244 -1.14884
1.01316 -1.22827
1.0081 -1.58637
1.25407 -1.51641
1.16953 -1.85914
0.971279 -2.22526
0.759809 -1.97659
0.706282 -2.40234
0.7709 -2.76015
0.83215 -3.32993
0.985622 -3.49255
0.742236 -3.93087
0.590378 -3.60886
0.528 -4.06145
0.382808 -3.87902
0.457257 -3.38164
0.293211 -3.64783
0.153441 -4.11372
0.280927 -4.20363
0.383782 -4.20047
0.306507 -4.42946
0.200927 -4.39731
0.193831 -4.69565
0.34277 -4.60025
0.458038 -4.43658
0.638057 -4.30811
0.718571 -4.45057
0.820156 -4.29168
0.0884609 -4.52275
-0.0572376 -4.05294
-0.205606 -4.41912
0.147152 -3.65842
0.0165043 -3.62268
0.151677 -3.27233
0.314964 -3.26026
0.320728 -2.84456
0.529146 -2.85315
0.505943 -2.3416
0.631523 -3.16093
0.573963 -1.84617
0.778199 -1.59988
0.646854 -1.40016
0.485161 -1.33897
0.605746 -1.10915
0.642002 -0.858175
0.765685 -0.59473
0.790432 -0.962811
0.874896 -1.27491
1.36807 -1.84365
1.42118 -1.51373
1.36216 -1.22058
1.54072 -1.31067
1.442 -1.00663
1.31079 -0.876541
1.43559 -0.710638
1.28913 -0.4962
1.40805 -0.45393
1.34996 -0.23094
1.41731 0.000327349
1.47022 -0.324816
1.533 -0.229919
1.54564 0.0281309
1.43737 0.204582
1.47663 0.271139
1.40016 0.399403
1.34315 0.321438
1.39345 0.594208
1.26665 0.844637
1.39538 0.786232
1.33316 0.913383
1.22754 1.0871
1.29306 1.11881
1.33089 1.24244
1.3751 1.08376
1.69306 -0.107923
1.73048 -0.332669
1.74562 -0.558853
1.71021 -0.616866
1.78967 -0.778423
1.75304 -0.937949
1.67164 -0.860976
1.58352 -0.550347
1.58432 -0.817869
1.52462 -0.704187
1.48171 -0.541116
1.52741 -0.933724
1.63245 -1.07175
1.67934 -1.3506
1.68709 -1.69296
1.54035 -1.71071
1.61612 -1.93589
1.51313 -1.97276
1.58462 -2.19273
1.71069 -2.09406
1.79331 -1.9622
1.78866 -1.68815
1.74776 -1.46889
1.81842 -1.52994
1.79294 -1.34352
1.72532 -1.20845
1.78299 -1.16818
1.72751 -1.03977
1.80871 -1.11981
1.82453 -0.979011
1.85193 -1.18148
1.82767 -1.32969
1.86544 -1.38161
1.84889 -1.58114
1.85248 -1.78526
1.85278 -1.99305
1.70386 -1.03684
1.62907 -0.304007
1.64365 -0.12519
1.62717 0.0901511
1.55491 0.312114
1.49593 0.48011
1.46351 0.412094
1.45351 0.643018
0.85079 -0.0315757
0.689422 0.0970947
0.863849 0.237999
0.668148 0.449972
0.852053 0.518151
0.733994 0.6849
0.578509 0.772191
0.684875 0.915302
0.346051 1.15629
0.840566 0.785133
0.763755 1.05586
0.913553 0.968064
0.827215 1.21003
0.803845 1.45669
0.921135 1.76518
0.936283 0.777508
0.969559 0.611975
1.00923 0.348167
1.01869 0.758174
-0.294234 -2.80603
-0.730791 -4.75683
-0.834797 -4.69651
-0.823215 -4.40686
-0.896013 -4.35202
-0.839511 -4.19267
-0.917803 -2.64204
-0.492127 0.880004
-0.341718 0.814907
-0.642345 0.84611
-3.33342 1.43889
-3.75141 1.08571
-3.81851 1.16059
-3.5831 -0.466847
-3.61842 -0.773077
0.342874 -5.5767
0.322585 -5.54755
0.33728 -5.46604
0.409749 -5.36467
0.619473 -5.27083
0.603622 -5.26871
0.791268 -5.17452
-0.930606 -6.18579
-0.954912 -6.18822
-4.18196 -4.33086
-4.75925 -4.49331
-4.66992 -4.59637
-5.26276 -3.92693
-5.32144 -3.85389
-5.37487 -3.69675
-5.44223 -3.42921
-5.30779 -3.15744
-5.16137 -3.14395
-5.33757 -2.93815
-4.95882 -3.0018
-4.99068 -2.63266
-4.9649 -3.34148
-5.06535 -3.388
-4.92476 -3.58176
-4.79122 -3.55677
-4.78052 -3.33021
1.88774 -3.86951
1.86031 -4.005
