2.17138 -8.35372
2.1419 -8.55748
2.16083 -8.46675
2.1097 -8.64976
2.13746 -8.52411
2.09897 -8.57724
2.03504 -8.80795
1.98765 -8.73887
2.05217 -8.52276
2.12778 -8.36537
2.06302 -8.31946
2.12791 -8.13104
2.05842 -8.11559
1.98246 -8.28662
1.96233 -8.07957
1.87238 -8.24941
1.83459 -7.97293
1.75017 -8.19899
1.61352 -7.97335
1.71065 -7.61353
1.88037 -7.71857
1.83268 -7.53455
1.9195 -7.49875
1.77474 -7.23853
1.93482 -7.27751
2.0303 -7.42025
1.98597 -7.11588
1.87533 -7.02505
1.93251 -6.83178
2.01649 -6.92026
2.0651 -7.10645
2.06724 -6.86102
2.00527 -6.60184
2.10222 -6.66442
2.06177 -6.40477
2.11641 -6.49337
2.15846 -6.64959
2.18017 -6.41142
2.10771 -6.32102
2.1419 -6.16123
2.05889 -6.14777
2.09927 -5.96494
1.96247 -5.54073
1.89112 -5.27724
1.82927 -5.50937
1.9205 -5.68781
2.00994 -5.86277
1.90499 -5.83789
1.97299 -6.17592
1.85418 -6.02666
1.81542 -5.75315
1.73161 -5.81248
1.74503 -5.57306
1.66974 -5.28368
1.65033 -5.51555
1.5518 -5.27151
1.55792 -4.99941
1.4583 -4.99042
1.46138 -4.68207
1.32685 -4.78966
1.3861 -5.21177
1.21312 -4.92663
1.20919 -5.32058
1.08424 -4.98147
1.06455 -4.67999
0.982852 -4.78852
0.920502 -4.52725
0.844972 -4.76289
0.972965 -4.97327
0.901552 -5.14129
1.04547 -5.1695
1.03883 -5.40158
1.1633 -5.66464
1.29107 -5.6481
1.29161 -5.89925
1.12268 -6.02015
1.31947 -6.19047
1.41805 -6.05098
1.45651 -6.25958
1.57314 -6.10735
1.56401 -6.48644
1.68474 -6.44119
1.76556 -6.23973
1.65673 -5.95026
1.54433 -5.64968
1.41585 -5.81295
1.37183 -5.52885
1.80594 -6.67977
1.88545 -6.5451
1.90333 -6.32484
1.68762 -6.68932
1.77184 -6.91421
1.66655 -6.88619
1.57861 -7.00989
1.51911 -6.74063
1.6133 -6.70054
1.40006 -6.47544
1.3501 -6.75135
1.469 -6.88024
1.44523 -7.02182
1.5789 -7.26785
1.41142 -7.22688
1.52314 -7.44529
1.48455 -7.64608
1.38267 -7.41402
1.21235 -7.51084
1.38732 -7.84299
1.34399 -8.16876
1.6007 -8.2856
1.47603 -8.36263
1.3161 -8.47635
1.05841 -8.40983
0.965464 -8.09731
1.17158 -7.86507
1.01178 -7.87242
0.956858 -7.6491
0.941777 -7.34174
1.00937 -7.05611
0.731439 -7.0542
0.727283 -7.38671
0.562306 -7.18234
0.457243 -7.36571
0.346261 -7.07923
0.0790529 -7.22928
0.333649 -7.59462
0.0667057 -7.66123
-0.151011 -7.48354
-0.231332 -7.82626
0.0836 -8.01651
-0.195775 -8.28582
0.043395 -8.25364
0.257397 -8.2614
0.0394716 -8.43804
0.251032 -8.53544
0.50329 -8.37391
0.511139 -8.631
0.771374 -8.39078
0.69152 -8.20665
0.503519 -8.17046
0.657759 -7.97803
0.375642 -8.01046
0.465005 -7.81421
0.65086 -7.66937
0.267673 -7.81791
0.868763 -7.85776
0.815714 -8.59001
0.999072 -8.70973
0.662136 -8.78225
0.724922 -8.89063
0.84161 -8.93751
1.09399 -8.89486
1.32889 -8.68446
1.3462 -8.83025
1.55125 -8.7059
1.41675 -8.93262
1.61589 -8.83388
1.56081 -9.02144
1.73999 -8.8322
1.73127 -8.68782
1.82808 -8.70049
1.8738 -8.77314
1.90219 -8.60115
1.83231 -8.58532
1.89548 -8.44737
1.73797 -8.46293
1.52665 -8.50079
1.99346 -8.47387
1.97482 -8.6297
1.876 -8.92583
1.94955 -8.90874
1.8524 -9.06637
1.76507 -9.07393
1.74957 -8.97217
1.58631 -9.18108
1.35482 -9.23731
1.3211 -9.39743
1.53475 -9.32772
1.41326 -9.44749
1.18677 -9.61485
1.41112 -9.53556
1.58786 -9.37123
1.55202 -9.46834
1.67597 -9.33944
1.67258 -9.38871
1.793 -9.25536
1.77282 -9.21899
1.867 -9.15926
1.88335 -9.10537
1.94023 -9.07341
1.93262 -9.12953
2.01711 -8.94298
1.95936 -8.99152
2.06217 -8.79742
2.07392 -8.76856
2.00642 -8.96276
2.04787 -8.79865
2.11909 -8.63084
1.36958 -9.41
1.23525 -9.5158
0.989988 -9.60993
1.16838 -9.6066
1.41407 -9.4694
1.30337 -9.60347
1.46908 -9.51275
1.44053 -9.56443
1.57319 -9.48341
1.60488 -9.41793
1.68848 -9.38495
1.74202 -9.31472
1.7134 -9.29416
1.85951 -9.15925
1.8142 -9.26179
1.92237 -9.10516
1.9716 -8.96494
1.58018 -9.37997
1.57615 -9.47989
1.48631 -9.53948
1.41777 -9.58177
1.34898 -9.62213
1.25555 -9.66134
1.16175 -9.71441
1.11035 -9.69631
0.956017 -9.79541
0.947755 -9.73578
0.751363 -9.85054
0.694793 -9.7864
0.74001 -9.65673
0.573785 -9.6595
0.35639 -9.67802
0.34957 -9.5981
0.148569 -9.63229
0.119094 -9.5351
-2.67864 -9.00334
-2.94599 -9.02624
-3.26991 -8.94861
-3.46798 -9.17691
-3.32231 -9.1077
-3.21141 -9.2749
-3.32482 -9.32476
-3.10535 -9.41378
-3.30417 -9.4163
-3.13547 -9.48258
-2.97718 -9.517
-2.83884 -9.50594
-2.78119 -9.61051
-2.60734 -9.59326
-2.64743 -9.49332
-2.9249 -9.378
-2.72166 -9.39089
-2.86316 -9.31066
-2.71809 -9.27225
-2.42852 -9.46277
-2.32867 -9.33062
-2.09157 -9.49059
-1.94821 -9.42146
-2.06837 -9.29145
-1.20458 -9.68394
-1.44475 -9.69191
-1.84708 -9.52177
-1.89064 -9.57756
-2.09745 -9.59307
-1.75447 -9.68176
-2.04132 -9.70421
-2.36862 -9.58613
-2.41131 -9.68581
-2.12219 -9.76204
-1.84812 -9.8094
-1.99517 -9.84425
-1.69814 -9.89889
-1.82987 -9.91479
-1.59124 -9.97956
-1.66323 -9.9989
-1.39 -10.0477
-1.37899 -9.97672
-1.17562 -10.0494
-1.14389 -10.0788
-0.93541 -10.0921
-1.0638 -10.0206
-0.81939 -10.062
-0.895588 -9.99588
-0.584757 -10.0348
-0.70391 -9.96646
-0.432084 -9.97616
-0.501902 -9.9318
-0.621666 -9.89115
-0.428991 -9.88508
-0.474996 -9.82352
-0.226178 -9.82438
-0.304602 -9.72941
-0.0758781 -9.71825
-0.105961 -9.61869
0.0939178 -9.7572
0.23533 -9.66794
0.281287 -9.80618
-0.0781994 -9.9062
-0.320438 -9.92086
-0.263503 -9.95319
-0.231174 -10.0189
0.100327 -9.96466
-0.0377045 -10.0409
-0.212005 -10.0547
-0.395718 -10.0611
-0.659163 -10.0908
-0.51898 -10.1026
-0.221225 -10.0829
-0.428788 -10.1175
-0.264331 -10.1163
-0.0610952 -10.0969
-0.182542 -10.1236
0.0175209 -10.1089
-0.0492678 -10.1174
0.168797 -10.1022
0.146876 -10.0753
0.357949 -10.0402
0.264989 -10.0292
0.0640736 -10.0628
0.21834 -9.99101
0.482056 -9.93483
0.387342 -9.87755
0.534588 -9.7549
0.516411 -9.96947
0.63544 -9.93655
0.778225 -9.89067
0.616988 -9.96418
0.721341 -9.92043
0.964394 -9.80546
0.688803 -9.88831
0.859428 -9.75903
1.01168 -9.58782
0.665046 -9.72895
0.593306 -9.84801
0.3109 -9.89611
0.435977 -9.94197
0.517291 -9.98435
0.270643 -10.032
0.343195 -10.0516
0.479723 -10.0094
0.191901 -10.074
0.0667524 -10.1026
0.067811 -10.0791
-0.0964689 -10.1258
-0.320305 -10.1383
-0.275597 -10.1197
-0.5247 -10.1254
-0.666752 -10.1335
-0.480881 -10.1361
-0.8212 -10.1265
-0.702666 -10.1231
-0.956404 -10.116
-0.983458 -10.1065
-0.75272 -10.1082
-1.14578 -10.1186
-1.2641 -10.0887
-1.39372 -10.1035
-1.52795 -10.0443
-1.73076 -10.0301
-1.74181 -9.99612
-1.90123 -9.93406
-1.90714 -9.97034
-2.1456 -9.91171
-2.14875 -9.85492
-2.39368 -9.85032
-2.47913 -9.80091
-2.3043 -9.78329
-2.65674 -9.71732
-2.95822 -9.63469
-3.03549 -9.55462
-3.11566 -9.57662
-3.25336 -9.51613
-3.21598 -9.60627
-3.45512 -9.52089
-3.47768 -9.42825
-3.49033 -9.32504
-3.6584 -9.34327
-3.64461 -9.21916
-3.77597 -9.21699
-3.75062 -9.11017
-3.8881 -9.16681
-3.82961 -9.3183
-3.97262 -9.33156
-3.78429 -9.45999
-3.65153 -9.44729
-3.61502 -9.51786
-3.46476 -9.58429
-3.66541 -9.55322
-3.4486 -9.62169
-3.60119 -9.61116
-3.41376 -9.65409
-3.52349 -9.64372
-3.29539 -9.69274
-3.18118 -9.68894
-3.10681 -9.75556
-3.10839 -9.74562
-2.9472 -9.79014
-2.97985 -9.76429
-2.79685 -9.82403
-2.75104 -9.83976
-2.57776 -9.85929
-2.50664 -9.89562
-2.6296 -9.86468
-2.43236 -9.92541
-2.28775 -9.93997
-2.24446 -9.97923
-2.03538 -9.98565
-1.89886 -10.0311
-2.15599 -9.99702
-1.97312 -10.0261
-1.81763 -10.0565
-1.73218 -10.0327
-1.83508 -9.99716
-1.60928 -9.98431
-1.78036 -9.93336
-2.0268 -9.96508
-2.03698 -9.88895
-2.21528 -9.90863
-2.25106 -9.95699
-2.44869 -9.81251
-2.4733 -9.87142
-2.37895 -9.94526
-2.59259 -9.8322
-2.50339 -9.90011
-2.74034 -9.81637
-2.86184 -9.79274
-3.02909 -9.72037
-2.81319 -9.73704
-2.9916 -9.6659
-2.8668 -9.66752
-2.65589 -9.76367
-2.72015 -9.66941
-2.92964 -9.59893
-3.06685 -9.60917
-3.13151 -9.53559
-3.26819 -9.57557
-3.17068 -9.64501
-3.32473 -9.60076
-3.27838 -9.64968
-3.25516 -9.68754
-3.07803 -9.72883
-3.26923 -9.69796
-2.94669 -9.77478
-3.39056 -9.63291
-3.44645 -9.64539
-3.53765 -9.58534
-3.62417 -9.58744
-3.71147 -9.57817
-3.79103 -9.54062
-3.89381 -9.51493
-3.79498 -9.55485
-3.9188 -9.46498
-3.87396 -9.47125
-4.01342 -9.37402
-4.07022 -9.26927
-4.15911 -9.13215
-4.1604 -9.20414
-4.11863 -9.23492
-4.07447 -9.22223
-4.05649 -9.31919
-4.10859 -9.2902
-4.01431 -9.40529
-3.95846 -9.40679
-3.91328 -9.48215
-3.99287 -9.42191
-4.07594 -9.33547
-4.09761 -9.27625
-4.15591 -9.22037
-3.83977 -9.4746
-3.88169 -9.39553
-3.99331 -9.32251
-3.91567 -9.31697
-3.80306 -9.37423
-3.75397 -9.46511
-3.65316 -9.45081
-3.69599 -9.33634
-3.86831 -9.23296
-3.76039 -9.17545
-3.87102 -9.06364
-3.9778 -9.08921
-3.99607 -9.21914
-4.07983 -9.0896
-4.05881 -8.94211
-3.95845 -8.95399
-3.99723 -8.76211
-3.8722 -8.88454
-3.86259 -8.67881
-3.72889 -8.79289
-3.74268 -8.52389
-3.62079 -8.62078
-3.57169 -8.81154
-3.64087 -8.98211
-3.49538 -8.98652
-3.56427 -9.13447
-3.40221 -9.14587
-3.30677 -8.96814
-3.20773 -9.1649
-3.08833 -9.02389
-2.99527 -9.18529
-2.90005 -9.06042
-2.7665 -9.17626
-2.7148 -9.00036
-2.4976 -9.15407
-2.43443 -8.89143
-2.12368 -9.16411
-2.08242 -8.9151
-1.80302 -9.06824
-1.70415 -9.31604
-1.48204 -9.17741
-1.56833 -8.95537
-1.25632 -9.06642
-1.34693 -8.81874
-1.10504 -8.90095
-0.997243 -9.04494
-0.840876 -8.84421
-0.764512 -9.10263
-0.535734 -8.89157
-0.478434 -9.15159
-0.1835 -8.88212
-0.362535 -8.63071
-0.134238 -8.58976
0.0275917 -8.65838
0.171763 -8.78701
0.0626955 -9.03569
0.365601 -8.89523
0.521343 -8.95522
0.282098 -9.11843
0.573175 -9.0605
0.378494 -9.20686
0.125726 -9.34419
0.43294 -9.29722
0.526777 -9.17282
0.749513 -9.11358
0.629218 -9.27024
0.839621 -9.23612
0.483753 -9.40847
0.705259 -9.41801
1.02274 -9.27184
0.86773 -9.45761
1.14767 -9.29823
1.1102 -9.42604
1.29756 -9.13425
0.863779 -9.57617
0.609733 -9.63757
0.408562 -9.77109
0.33732 -9.71258
0.153709 -9.84321
-0.0250769 -9.95424
0.0379152 -10.0154
0.223743 -9.98933
0.0584183 -10.0535
-0.154372 -10.0684
-0.118416 -10.0949
-0.32483 -10.11
-0.372119 -10.0797
-0.506436 -10.1143
-0.720124 -10.11
-0.847926 -10.1265
-1.02069 -10.0827
-1.14603 -10.0985
-0.994005 -10.1218
-1.32766 -10.1086
-1.114 -10.1256
-1.60184 -10.0927
-1.61507 -10.0556
-1.37559 -10.0653
-1.48793 -10.0233
-1.26783 -10.0482
-1.28585 -9.99684
-1.03022 -10.0327
-0.823493 -10.0662
-0.912397 -10.0094
-0.675338 -10.0396
-0.589293 -10.0882
-0.442731 -10.0523
-0.207109 -10.0431
-0.289591 -9.98204
-0.527946 -9.99145
-0.37989 -9.91942
-0.12513 -9.89286
-0.230651 -9.81608
0.0688715 -9.75392
-0.0820284 -9.6689
0.217729 -9.59578
0.307296 -9.64194
0.443854 -9.53599
0.541315 -9.57368
0.169139 -9.488
-0.0766144 -9.52725
-0.212765 -9.4334
-0.29511 -9.62947
-0.501803 -9.57905
-0.493653 -9.72991
-0.326334 -9.74953
-0.460933 -9.83522
-0.687201 -9.81036
-0.611981 -9.91807
-0.843703 -9.88538
-0.771518 -9.96879
-1.07692 -9.91455
-1.11065 -9.97625
-1.26097 -9.93664
-1.4822 -9.92847
-1.34938 -9.87958
-1.58046 -9.86045
-1.83709 -9.85187
-1.65573 -9.80656
-1.34533 -9.80111
-1.63278 -9.72636
-1.36128 -9.6645
-1.08506 -9.74783
-1.05308 -9.6268
-0.85153 -9.72087
-0.769195 -9.57397
-0.65874 -9.69288
-0.610683 -9.49053
-0.45716 -9.3853
-0.72778 -9.35903
-0.216241 -9.20517
-0.0021553 -9.24305
-1.02344 -9.46056
-1.04359 -9.24526
-1.32074 -9.35643
-1.28261 -9.52859
-1.49631 -9.45878
-1.49946 -9.55882
-1.67422 -9.62582
-1.71921 -9.4964
-1.95379 -9.57155
-1.88964 -9.68839
-2.13936 -9.65523
-2.0486 -9.74022
-2.25443 -9.74123
-2.05779 -9.81693
-1.85967 -9.77981
-2.2459 -9.83142
-2.39816 -9.75958
-2.55686 -9.69182
-2.72776 -9.61215
-2.57109 -9.62777
-2.44296 -9.6972
-2.37866 -9.63417
-2.54014 -9.54182
-2.71244 -9.55922
-2.74245 -9.45231
-2.50722 -9.43762
-2.27158 -9.51577
-2.34026 -9.33958
-2.62206 -9.31703
-2.0167 -9.40927
-2.87053 -9.31963
-2.97087 -9.41914
-2.91569 -9.53376
-3.18296 -9.44313
-3.37631 -9.48514
-3.39462 -9.3998
-3.5386 -9.37969
-3.55564 -9.44326
-3.46368 -9.544
-3.59655 -9.52528
-3.42736 -9.6066
-3.38492 -9.59711
-3.69838 -9.53148
-3.6327 -9.2473
-3.48742 -9.27843
-3.6821 -9.11779
-3.76213 -9.00745
-3.30613 -9.30048
-3.0966 -9.31228
-2.83086 -9.5968
-1.27026 -9.22468
-0.895661 -9.80517
-1.04397 -9.83841
1.15837 -9.08882
1.23189 -8.95492
1.02863 -9.04905
-0.531693 -8.41682
-0.610857 -8.67362
-0.810102 -8.54824
-1.09222 -8.68083
-1.05063 -8.39721
-0.761184 -8.24083
-0.981099 -8.1329
-1.26911 -8.22247
-1.40541 -8.52281
-1.59664 -8.27482
-1.8102 -8.49655
-1.85892 -8.27582
-2.04668 -8.36247
-2.18615 -8.60029
-1.88373 -8.66578
-1.86501 -8.82771
-1.65057 -8.7214
-2.28845 -8.26451
-2.52552 -8.36482
-2.67507 -8.58531
-2.83735 -8.28182
-2.95944 -8.48395
-3.13053 -8.34462
-3.11436 -8.54119
-2.97483 -8.68583
-3.17399 -8.66839
-3.14068 -8.83408
-3.3103 -8.746
-3.43799 -8.83183
-3.45965 -8.61125
-3.2698 -8.54292
-3.35666 -8.34243
-3.57248 -8.33338
-3.39187 -8.05397
-3.23133 -8.1382
-3.04039 -8.07879
-3.17316 -7.84079
-2.93961 -7.81601
-2.83999 -8.023
-2.71303 -7.82157
-2.58109 -8.08856
-2.4677 -7.81486
-2.27678 -7.9946
-2.23367 -7.761
-1.95914 -7.82912
-2.05263 -7.51556
-1.65811 -7.43746
-1.62336 -7.81026
-1.76077 -8.0668
-1.44513 -8.00517
-1.27661 -7.66118
-1.1447 -7.95068
-1.05217 -7.75668
-0.949488 -7.51187
-1.14461 -7.48982
-1.23414 -7.28828
-0.882186 -6.95084
-1.23176 -6.90503
-1.10962 -6.56439
-1.41443 -6.68972
-1.53231 -7.06351
-1.62518 -6.84889
-1.85757 -7.08913
-1.67524 -6.57698
-1.97769 -6.75466
-2.23747 -7.05876
-2.17396 -6.66562
-1.90359 -6.3808
-2.11343 -6.3015
-1.85686 -5.93319
-2.09664 -6.00467
-1.998 -5.67282
-2.2493 -5.90402
-2.30004 -6.24901
-2.49204 -6.19171
-2.43707 -5.81502
-2.2014 -5.52033
-2.36877 -5.57908
-2.50261 -5.6206
-2.57967 -5.82095
-2.6906 -6.08002
-2.68403 -5.75391
-2.89782 -5.96794
-2.7996 -5.63371
-2.93016 -5.70011
-2.83198 -5.35814
-2.99507 -5.62576
-3.07734 -5.90286
-3.08535 -5.55096
-3.23383 -5.95314
-3.2255 -6.24396
-3.35442 -6.24669
-3.36171 -6.00594
-3.48091 -6.23943
-3.42984 -6.01514
-3.3766 -5.80692
-3.26363 -5.76692
-3.23924 -5.51593
-3.3839 -5.54451
-3.44045 -5.78993
-3.49785 -5.80141
-3.49048 -5.98359
-3.60353 -5.98235
-3.57471 -6.19384
-3.60866 -6.42128
-3.68005 -6.27407
-3.72358 -6.60489
-3.6068 -6.676
-3.54188 -6.47219
-3.46973 -6.51814
-3.51039 -6.80362
-3.65223 -7.03369
-3.51454 -7.11765
-3.62842 -7.28298
-3.71315 -7.32374
-3.68789 -7.49102
-3.58264 -7.43233
-3.65374 -7.64311
-3.7752 -7.72633
-3.67493 -7.85951
-3.7942 -8.06025
-3.6556 -8.09586
-3.58094 -7.91489
-3.54094 -8.05751
-3.47145 -7.84531
-3.55148 -7.66608
-3.39365 -7.56607
-3.46074 -7.35837
-3.38496 -7.08968
-3.38346 -6.8061
-3.23993 -6.89379
-3.31211 -7.25393
-3.15742 -7.11062
-3.03889 -6.79
-3.12048 -6.59172
-3.23952 -6.5583
-3.08967 -6.28364
-3.34934 -6.50748
-3.42462 -6.66026
-2.94172 -6.39048
-2.76127 -6.57448
-2.51449 -6.50653
-2.63412 -6.8942
-2.36308 -6.5896
-2.40671 -6.89859
-2.56302 -7.24328
-2.79999 -7.27488
-2.95271 -7.10137
-2.98959 -7.51872
-3.19826 -7.46092
-3.33266 -7.76226
-2.7806 -7.55227
-2.56169 -7.5772
-2.39558 -7.36935
-2.33431 -7.57513
-2.19118 -7.33323
-3.73959 -8.29605
-3.79987 -8.41109
-3.86046 -8.48892
-3.84955 -8.30964
-3.9436 -8.39118
-3.94179 -8.57643
-4.02457 -8.51917
-4.09466 -8.6631
-4.07469 -8.80902
-4.12375 -8.77724
-4.11418 -8.87124
-4.12985 -8.97053
-4.16051 -8.89783
-4.17401 -8.80297
-4.15107 -8.70791
-4.11041 -8.43657
-4.13374 -8.20079
-4.09179 -7.53561
-4.11243 -7.79038
-4.02715 -7.72975
-4.06775 -7.92166
-4.06721 -8.07688
-4.03106 -8.23654
-4.02274 -7.98399
-3.97079 -8.03842
-3.9664 -7.85289
-3.89817 -7.90817
-3.92176 -8.1651
-3.89034 -7.56734
-3.99388 -7.42491
-3.90651 -7.23788
-3.98555 -7.17643
-3.93163 -6.95326
-4.03516 -6.96171
-4.07127 -7.27055
-4.05149 -6.70064
-4.02974 -6.43379
-3.9918 -6.12157
-3.90446 -6.29694
-3.97147 -6.67064
-3.8646 -6.64499
-3.79755 -6.98275
-3.79194 -6.32165
-3.69649 -6.83265
-3.75693 -7.20674
-3.8299 -7.28338
-3.78776 -7.38431
-3.77302 -7.50485
-3.81272 -5.9971
-3.87113 -5.86203
-3.81719 -5.82212
-3.78224 -5.64797
-3.81489 -5.51332
-3.94248 -5.60635
-3.85457 -5.3422
-3.95587 -5.34554
-3.78903 -5.04211
-3.86732 -5.18675
-3.78372 -5.16367
-3.73949 -5.2524
-3.67777 -4.9934
-3.61594 -5.12971
-3.55584 -4.87987
-3.58406 -4.76929
-3.67792 -4.80504
-3.73748 -4.91823
-3.32815 -4.43277
-3.40692 -4.57666
-3.5005 -4.71129
-3.43033 -4.7591
-3.5094 -4.95743
-3.43066 -4.92853
-3.53812 -5.12675
-3.6208 -5.34763
-3.53599 -5.34627
-3.63979 -5.59004
-3.54703 -5.49967
-3.54597 -5.66753
-3.65927 -5.8295
-3.72599 -6.04824
-3.73236 -5.82562
-3.7801 -5.7934
-3.73079 -5.67457
-3.69437 -5.52762
-3.70927 -5.39719
-3.4633 -5.38705
-3.31711 -5.13426
-3.43436 -5.13097
-3.32052 -4.9012
-3.33645 -4.75526
-3.2286 -4.67093
-3.29282 -4.55704
-3.09619 -4.40741
-3.21403 -4.33795
-3.05626 -4.16609
-3.18057 -4.18466
-3.06019 -4.0126
-2.91588 -3.79532
-2.84994 -3.91175
-2.90633 -4.14917
-2.76067 -3.99149
-2.76874 -4.15032
-2.91678 -4.31502
-2.99332 -4.52089
-2.81508 -4.42091
-2.96063 -4.66391
-2.87232 -4.74876
-3.05309 -4.92944
-3.07864 -4.74995
-3.17701 -4.96608
-3.21713 -5.21321
-3.08589 -5.2103
-2.89914 -5.07714
-2.98116 -4.98792
-2.71178 -4.72669
-2.68985 -4.48211
-2.52126 -4.41628
-2.58348 -4.13967
-2.6523 -3.97288
-2.51351 -3.83156
-2.65461 -3.82634
-2.50756 -3.63869
-2.64992 -3.67269
-2.76976 -3.69903
-2.64232 -3.51331
-2.49049 -3.30465
-2.29548 -3.01601
-2.39012 -3.16235
-2.2886 -3.22165
-2.49871 -3.46303
-2.38015 -3.46937
-2.36508 -3.62729
-2.26654 -3.43198
-2.17723 -3.59773
-2.11739 -3.29611
-2.01535 -3.01178
-2.12384 -2.91242
-1.9032 -2.73391
-2.03913 -2.70081
-1.85524 -2.51894
-1.71147 -2.38869
-1.52525 -2.27457
1.10076 -3.2666
1.22906 -3.44935
1.09567 -3.40271
1.20583 -3.58115
1.0913 -3.51753
1.15892 -3.7185
1.00946 -3.54092
0.991119 -3.38323
0.909794 -3.3921
0.884178 -3.2535
0.981516 -3.2465
0.861274 -3.11298
0.962213 -3.10974
0.712147 -2.99005
0.609202 -2.82787
0.453087 -2.69745
0.503961 -2.90073
0.330224 -2.74364
0.314301 -2.63396
0.17531 -2.62214
0.284318 -2.51638
0.0525455 -2.47122
-0.0267572 -2.59254
0.0891581 -2.67795
0.0314846 -2.74773
-0.100814 -2.70934
-0.0398874 -2.86922
0.104975 -2.89747
0.0921211 -3.12348
-0.13353 -2.99941
-0.0667849 -3.18502
-0.225085 -3.1494
-0.108983 -3.3402
-0.265545 -3.32091
-0.1783 -3.512
-0.379432 -3.45649
-0.273433 -3.70931
-0.491144 -3.68187
-0.377275 -3.95981
-0.585959 -3.94019
-0.72512 -3.69373
-0.821174 -4.02284
-0.645526 -4.18662
-0.79638 -4.44055
-1.01123 -4.25256
-1.0499 -3.98624
-1.18251 -4.13033
-1.30303 -3.84205
-0.993601 -3.70856
-1.17049 -3.59732
-1.32627 -3.47937
-1.50873 -3.61566
-1.64504 -3.8561
-1.69711 -3.58514
-1.57181 -3.34618
-1.80306 -3.40548
-1.93735 -3.72663
-1.98636 -3.39277
-2.20242 -3.92187
-2.08082 -4.04283
-2.27859 -4.25634
-2.08188 -4.28539
-2.25207 -4.51601
-2.42706 -4.57521
-2.38763 -4.10555
-2.58583 -4.70218
-2.54794 -4.85629
-2.39123 -4.74525
-2.47239 -4.88631
-2.53888 -5.05865
-2.66798 -5.09103
-2.66879 -5.22177
-2.60039 -5.38757
-2.71337 -4.96635
-2.37645 -5.08922
-2.35938 -5.37186
-2.12588 -5.08194
-2.23071 -4.78071
-1.9759 -4.6876
-2.08687 -4.51811
-2.40506 -4.90512
-1.89829 -4.36964
-1.89053 -4.06613
-1.66881 -4.17475
-1.50219 -4.02006
-1.40752 -4.23299
-1.67074 -4.5419
-1.36254 -4.59395
-1.5656 -4.87815
-1.27317 -4.9993
-1.54102 -5.15779
-1.44362 -5.38956
-1.7197 -5.454
-1.7133 -5.12428
-1.92623 -5.28093
-1.82919 -4.91863
-1.58905 -5.7073
-1.61016 -6.08399
-1.33177 -5.72959
-1.31882 -6.23394
-1.11037 -5.88593
-1.04262 -5.52665
-1.23041 -5.35917
-1.06334 -5.19849
-0.909214 -4.9004
-1.08527 -4.58816
-0.600087 -4.77329
-0.547375 -4.40407
-0.365524 -4.60631
-0.376213 -4.9482
-0.518484 -5.07284
-0.379025 -5.26467
-0.559762 -5.33838
-0.694036 -5.10484
-0.717775 -5.36746
-0.873593 -5.25777
-0.829837 -5.51797
-0.887909 -5.81146
-0.649756 -5.68511
-0.72996 -6.12993
-0.994826 -6.17563
-0.85554 -6.47493
-0.588598 -6.57449
-0.440089 -6.08333
-0.30586 -6.55037
-0.384792 -6.84452
-0.550226 -6.97662
-0.307041 -7.18466
-0.601887 -7.31341
-0.371476 -7.51084
-0.592478 -7.73542
-0.880805 -7.88394
-0.700023 -8.00544
-0.820821 -8.07011
-0.494709 -8.08607
-0.176143 -6.90239
-0.0182953 -6.91218
-0.0813885 -6.6563
-0.144759 -6.2132
0.0505476 -6.48126
0.120543 -6.13602
-0.0691881 -5.7408
-0.260463 -5.82709
-0.235616 -5.50519
-0.416844 -5.60829
-0.189314 -5.18248
-0.120709 -5.44546
-0.000881195 -5.37826
-0.0194597 -4.94572
-0.219036 -4.8488
-0.162175 -4.60489
-0.267696 -4.39473
-0.136913 -4.31845
-0.283553 -4.1761
-0.391772 -4.30761
-0.385258 -4.13972
-0.152626 -3.99041
-0.489272 -4.15101
0.0305481 -4.23011
0.013092 -4.55436
0.157656 -4.47595
0.181307 -4.81053
0.220466 -5.27565
0.382632 -5.02493
0.322935 -4.61505
0.519682 -4.80843
0.443715 -4.40922
0.235841 -4.2032
0.394864 -4.04842
0.221556 -3.80983
0.0495968 -3.90894
0.0224457 -3.5738
-0.10106 -3.72624
0.190647 -3.46941
0.0332623 -3.32954
0.358427 -3.31098
0.255543 -3.00324
0.441987 -3.07923
0.341082 -2.89277
0.187684 -2.78827
0.641916 -3.15725
0.542948 -3.30514
0.715135 -3.48316
0.553758 -3.57621
0.407085 -3.72248
0.614079 -3.94391
0.496181 -3.97518
0.556318 -4.21291
0.750672 -4.34229
0.642648 -4.58253
0.715653 -4.97125
0.61207 -5.25023
0.786545 -5.26757
0.799201 -5.54419
0.904152 -5.41019
0.984221 -5.6664
0.875565 -5.91298
0.969842 -6.34292
0.750429 -6.14653
0.624861 -5.72876
0.513103 -6.13603
0.755853 -6.5975
0.476339 -6.51479
0.329834 -6.2656
0.265965 -6.54939
0.293466 -5.98771
0.15672 -5.70248
0.371909 -5.7038
0.444976 -5.39758
0.432597 -6.73701
0.334936 -6.84121
0.133846 -6.82879
0.502291 -6.95786
0.584658 -6.78105
1.01483 -6.70737
1.13849 -6.93796
1.24428 -7.19449
1.28759 -6.97891
1.17195 -6.72915
1.19665 -6.4391
1.08168 -6.55661
0.803152 -4.07347
0.713249 -3.76954
0.883882 -3.83996
0.887983 -3.54037
0.800895 -3.31255
1.02806 -3.76944
1.06067 -4.04886
0.984732 -4.2861
1.12813 -4.28039
1.17167 -4.55359
1.27562 -4.36355
1.16067 -4.16692
1.18058 -4.00467
1.33208 -4.11635
1.27398 -3.9073
1.30342 -3.77269
1.3938 -3.9606
1.45644 -3.84374
1.34097 -3.64299
1.46557 -4.14284
1.53624 -4.295
1.44431 -4.3465
1.57395 -4.53146
1.703 -4.79434
1.76294 -5.13198
1.65328 -4.99261
1.58197 -4.79362
0.867495 -4.30466
0.783759 -3.14843
-1.1994 -4.35677
-2.36465 -3.85882
-1.86193 -3.22242
-1.96044 -3.17218
-1.79545 -2.99363
-1.86277 -2.85343
-1.72681 -2.72557
-1.68245 -2.49809
-1.51741 -2.55419
-1.52882 -2.40231
-1.39023 -2.35882
-1.24226 -2.19437
-1.33065 -2.05267
-1.1746 -2.06057
-1.09615 -1.95613
0.110392 -2.3899
-0.0337877 -2.34967
-0.189981 -2.39969
-0.165065 -2.23632
-0.357018 -2.21291
-0.511137 -2.07883
-0.87164 -2.02035
-0.678066 -2.09781
-0.84215 -2.16828
-1.04114 -2.10024
-1.03454 -2.29301
-0.797424 -2.3567
-0.959609 -2.54739
-1.14231 -2.45447
-1.22257 -2.3424
-1.30976 -2.49762
-1.39183 -2.70287
-1.18468 -2.66889
-1.29994 -2.85708
-1.14407 -2.92064
-1.01557 -2.77751
-0.824723 -2.79523
-0.702826 -2.58222
-0.58217 -2.84738
-0.722413 -3.06525
-0.947148 -2.98415
-0.887108 -3.23576
-1.07779 -3.12784
-1.32077 -3.12737
-1.08753 -3.38675
-1.57837 -3.05452
-1.73044 -3.1963
-1.57885 -2.81122
-1.43861 -2.90309
-0.860033 -3.47656
-0.640746 -3.39016
-0.449953 -3.16075
-0.342159 -2.91838
-0.431477 -2.60766
-0.216898 -2.77534
-0.220828 -2.58522
-0.322356 -2.47166
-0.437634 -2.34682
-0.603466 -2.41049
-0.64462 -2.24337
-0.522493 -2.18195
-2.18533 -2.83516
-3.20629 -4.83298
-3.12297 -4.62465
-3.97966 -5.88278
-1.68903 -7.19723
-2.0429 -8.14307
-2.93317 -8.90271
-2.74882 -8.80992
-2.38045 -9.89828
-2.64113 -9.81072
-2.87844 -9.76922
-2.72234 -9.77059
-2.93818 -9.70556
-3.3317 -9.6237
-0.414903 -9.61212
-0.211371 -9.55307
-0.671428 -9.64696
-0.790775 -9.71471
-0.96848 -9.75543
-1.18336 -9.78352
-0.899786 -9.87065
-0.718616 -9.80551
-1.08072 -9.86469
-1.22778 -9.84646
-1.45427 -9.77402
-1.6819 -9.79117
-1.42666 -9.84741
-1.54097 -9.86862
-1.21832 -9.92731
-1.00595 -9.92746
-0.558591 -9.72829
-2.34881 -9.1458
-2.62091 -9.16142
-3.05019 -9.19604
1.69902 -9.2141
2.22923 -7.43614
2.21614 -7.15575
2.18459 -7.4745
2.14206 -7.28443
2.14956 -6.93463
2.10124 -7.5334
2.06452 -7.712
2.14567 -7.71093
2.20514 -7.67289
2.17628 -7.89424
2.22765 -7.83839
2.18473 -8.03942
2.22656 -7.95888
2.20045 -8.1434
2.25766 -7.94019
2.2756 -7.78194
2.25102 -7.62441
2.18775 -8.29835
2.15509 -8.37635
2.17453 -8.22068
2.11077 -7.92134
2.02728 -7.91299
1.99384 -7.70489
1.94202 -7.89023
2.20458 -6.94282
2.20965 -6.73864
2.23337 -6.92028
1.22906 -3.44935
