-4.05149 -6.70064
-3.95587 -5.34554
-3.73748 -4.91823
-3.67792 -4.80504
-2.91588 -3.79532
-2.18533 -2.83516
-1.85524 -2.51894
-1.71147 -2.38869
-1.33065 -2.05267
-1.09615 -1.95613
-0.511137 -2.07883
-0.165065 -2.23632
0.110392 -2.3899
0.284318 -2.51638
0.962213 -3.10974
1.10076 -3.2666
1.22906 -3.44935
1.34097 -3.64299
1.45644 -3.84374
1.89112 -5.27724
2.09927 -5.96494
2.1419 -6.16123
2.18017 -6.41142
2.23337 -6.92028
2.2756 -7.78194
2.25766 -7.94019
2.16083 -8.46675
2.1419 -8.55748
2.11909 -8.63084
2.01711 -8.94298
1.93262 -9.12953
1.8142 -9.26179
1.68848 -9.38495
1.57319 -9.48341
1.48631 -9.53948
1.41777 -9.58177
1.34898 -9.62213
1.16175 -9.71441
0.721341 -9.92043
0.616988 -9.96418
0.479723 -10.0094
0.343195 -10.0516
0.168797 -10.1022
-0.0964689 -10.1258
-0.320305 -10.1383
-0.666752 -10.1335
-1.114 -10.1256
-1.60184 -10.0927
-1.81763 -10.0565
-2.15599 -9.99702
-2.24446 -9.97923
-2.37895 -9.94526
-3.10681 -9.75556
-3.52349 -9.64372
-3.79498 -9.55485
-3.89381 -9.51493
-4.01431 -9.40529
-4.07594 -9.33547
-4.10859 -9.2902
-4.15591 -9.22037
-4.1604 -9.20414
-4.17401 -8.80297
