-2.78491 -2.78217
-2.74283 -2.51696
-2.60393 -1.91486
-1.79496 0.197313
-1.27049 0.923803
-0.66906 1.75575
-0.310385 2.15067
-0.0127459 2.34159
0.189099 2.42856
0.359012 2.48995
0.652333 2.56877
1.02008 2.61453
1.77038 2.70742
2.19195 2.69952
3.10166 2.24096
4.48945 1.01366
4.83416 0.613956
5.25184 0.0659383
5.6338 -1.10916
5.76553 -1.60365
5.82778 -1.93164
5.87688 -2.19467
5.92641 -2.46131
5.9513 -2.60767
5.97563 -2.76954
6.00265 -3.02012
6.01677 -3.1674
6.17784 -4.99887
6.20503 -5.71656
6.21282 -5.96943
6.19854 -6.14796
6.13911 -6.85412
6.07244 -7.11355
6.03571 -7.24531
5.88093 -7.56541
5.83375 -7.64661
5.76202 -7.7682
5.53959 -8.06302
5.4458 -8.17966
5.32054 -8.29587
5.1677 -8.40776
4.9757 -8.44802
4.87224 -8.46871
4.33948 -8.5633
3.22482 -8.61335
3.20162 -8.61346
0.356942 -8.45248
-0.0387764 -8.41877
-0.596978 -8.36393
-1.11243 -8.3039
-1.20555 -8.28762
-1.39785 -8.25324
-1.53746 -8.22482
-1.66896 -8.19638
-1.8225 -8.13047
-1.88983 -8.09355
-2.07727 -7.94275
-2.344 -7.59311
-2.43664 -7.47032
-2.51213 -7.34949
-2.62573 -7.15289
-2.7237 -6.96954
-2.75613 -6.9046
-3.07535 -6.04317
-3.02143 -4.54475
