1.40618 -3.97444
1.3985 -3.87846
1.47595 -2.57784
1.53317 -2.37998
1.60247 -2.23065
3.24268 0.426101
3.71166 1.15254
4.30232 1.62053
4.76418 1.8759
4.97641 1.95706
5.19322 1.97089
5.4016 1.95594
5.59241 1.8756
5.74202 1.7629
5.9705 1.50828
6.11611 1.34046
6.85447 0.358014
7.48624 -0.633824
7.5721 -0.780748
7.71217 -1.09209
8.21921 -2.33245
8.42488 -2.931
8.46217 -3.05325
8.49777 -3.1827
8.87458 -4.67761
8.90659 -4.84077
9.02712 -5.88255
9.03327 -5.99923
9.03255 -6.10254
9.02275 -6.25172
9.00375 -6.37448
8.89911 -6.73932
8.77518 -7.01086
8.65471 -7.17313
8.58729 -7.24957
8.44025 -7.37076
8.3327 -7.44565
8.03859 -7.57495
7.67385 -7.65322
7.45723 -7.69355
7.03104 -7.71225
6.81959 -7.71748
6.57169 -7.71473
5.94194 -7.69491
5.58198 -7.66334
3.46556 -7.18303
3.36301 -7.1536
3.0648 -7.06428
2.87171 -6.99327
2.69631 -6.90241
2.5735 -6.80145
2.44566 -6.67291
2.2324 -6.44508
2.12956 -6.30932
1.79439 -5.70522
1.5673 -5.25029
1.5247 -5.08035
1.47823 -4.81201
1.46529 -4.66426
