-5.74209 1.11427
-5.40935 2.73597
-5.27703 3.16749
-5.10644 3.68475
-4.88684 4.20639
-4.75102 4.47733
-3.40407 6.28579
-3.02982 6.74094
-2.49139 7.05506
-1.58402 7.40041
-1.29879 7.41821
-1.03621 7.31634
-0.888614 7.1718
-0.617109 6.90547
-0.341644 6.55215
0.691517 5.08591
1.02574 4.32288
1.68652 2.43746
1.93291 1.62081
2.00265 1.30937
2.03085 0.994159
2.04304 0.709262
1.93597 -0.066537
1.89644 -0.216042
1.75732 -0.550642
1.68132 -0.688343
1.65719 -0.730931
1.50423 -0.993516
1.46053 -1.05833
0.651908 -2.03002
0.207463 -2.44251
0.0264072 -2.55111
-0.149738 -2.62084
-0.357044 -2.68146
-2.57815 -3.24428
-2.72121 -3.26962
-2.9224 -3.25063
-3.10789 -3.20365
-4.67254 -2.52371
-4.88503 -2.39212
-5.01666 -2.28748
-5.10797 -2.19763
-5.35539 -1.86711
-5.44756 -1.69871
-5.53064 -1.49416
-5.54317 -1.45762
-5.63586 -1.1582
-5.68083 -0.999944
-5.71872 -0.846247
-5.76945 -0.628241
-5.79472 -0.391977
-5.80394 -0.305291
-5.81769 -0.0428046
-5.81624 0.0873308
