5.33298 0.747222
5.35639 0.472102
5.34496 0.630461
5.39412 0.849619
5.34545 0.811952
5.26138 2.12677
5.30016 2.24288
5.3566 2.35611
5.4265 2.15245
5.38077 1.99345
5.24979 2.00509
5.2865 1.85771
5.34991 1.68234
5.35393 1.5054
5.45831 1.63297
5.41902 1.80094
5.50773 1.74217
5.49489 1.87816
5.4848 2.00805
5.56571 1.93729
5.59265 1.77718
5.68599 1.94319
5.55038 2.0706
5.63132 2.1296
5.5026 2.24583
5.61786 2.3098
5.43181 2.45225
5.66122 3.87952
5.64256 3.95692
5.62983 3.89636
5.59525 4.08278
5.64308 4.25604
5.72372 4.12451
5.86781 3.87538
5.82693 3.74003
6.00734 3.94105
5.90974 3.62238
6.08193 3.63818
5.99906 3.35887
6.21149 3.37722
6.21115 3.0241
6.0128 3.09524
5.84531 3.32023
5.93432 2.95245
5.83863 3.02847
5.79161 3.13005
5.76243 2.93322
5.79169 2.74583
5.79683 3.5998
5.80725 3.45273
5.78159 1.82689
5.89611 2.04705
5.89767 2.18725
5.89594 2.35966
6.01612 2.39343
5.96451 2.64006
6.09831 2.57444
6.08219 2.82505
5.85706 2.8103
5.83261 2.56374
6.25061 2.66492
6.35453 2.76453
6.42835 2.91204
6.35879 3.19841
6.5494 3.10569
6.58985 2.67698
6.47462 2.59539
6.57416 2.38972
6.46685 2.27774
6.38444 2.54116
6.32893 2.3884
6.15851 2.34795
6.30678 2.11463
6.10484 2.05814
6.25958 1.75498
6.03756 1.78387
5.97188 1.97583
6.05345 2.2476
5.88936 1.81013
5.89761 1.60508
6.09496 1.49903
5.92124 1.43499
5.70055 1.47767
5.8986 1.28455
5.78747 1.29767
5.92098 1.10511
5.77964 1.14138
5.67273 1.48437
5.68513 1.19093
5.62801 1.3281
5.6337 1.10422
5.7463 0.907575
5.61525 0.94596
5.57435 1.16005
5.53197 1.02344
5.56836 0.798297
5.4926 0.93959
5.4251 0.870002
5.46137 0.922853
5.42134 1.04078
5.46038 1.0876
5.389 1.18164
5.37194 1.34214
5.43337 1.29592
5.50302 1.44384
5.51599 1.22473
5.56125 1.35041
5.56479 1.49386
5.54677 1.6151
5.61709 1.60303
5.70035 1.71865
5.71471 1.55124
5.61428 1.46395
5.76169 1.61973
5.47524 0.608312
5.55863 0.62241
5.55508 0.513195
5.57012 0.380655
5.61277 0.44397
5.70411 0.209486
5.68469 0.499497
5.70002 0.705856
5.79558 0.488511
5.84734 0.232428
5.88711 0.420745
5.99276 0.240598
6.01429 -0.0235955
5.92525 -0.0708168
5.84982 -0.0171024
5.95269 -0.283387
6.01745 -0.241029
6.06521 -0.470538
6.14128 -0.352443
6.21659 -0.19798
6.15917 0.0376857
6.33524 -0.155624
6.2817 0.0563497
6.4694 -0.126599
6.28361 0.235714
6.13262 0.253183
6.12159 0.426445
6.1933 0.507815
6.0424 0.631036
5.98292 0.479402
5.9073 0.705149
5.93562 0.881105
5.82785 0.613738
6.11634 0.74551
6.04932 0.93859
6.06589 1.09043
6.15612 0.865474
6.26971 0.922874
6.19015 1.21982
6.0313 1.30612
6.31715 1.38986
6.42612 1.58241
6.50974 1.85877
6.5657 1.5406
6.46707 1.39079
6.60797 1.27574
6.45018 1.1731
6.33244 1.12147
6.44077 0.908881
6.59236 0.968439
6.59278 0.662616
6.74269 0.754928
6.74446 1.08535
6.73987 1.33674
6.88202 1.31797
6.78091 1.57004
6.67757 1.47657
6.66731 1.70018
6.76151 1.92107
6.91151 1.71987
6.90502 2.20427
6.71012 2.32969
6.62102 2.10067
6.65004 1.8845
6.75642 2.71503
6.96569 2.62948
7.11597 2.28274
7.06878 1.85109
7.24922 1.93631
7.19296 1.46896
7.38234 1.62952
7.40512 1.15011
7.20585 1.06732
7.04883 1.15906
7.10294 0.732433
7.32222 0.848464
7.31517 0.544086
7.16932 0.420118
7.29979 0.290016
7.15153 0.173644
7.03973 0.418878
6.95041 0.262324
7.04156 0.0223419
7.26493 -0.175877
7.02751 -0.172304
6.88266 0.0673148
6.86644 -0.150288
6.72414 0.105439
6.71824 -0.122092
6.88712 -0.403309
6.691 -0.310167
6.84225 -0.609415
6.65958 -0.512115
6.78603 -0.682839
6.73645 -0.75735
6.61853 -0.662191
6.49079 -0.397773
6.48217 -0.589044
6.37135 -0.348824
6.31401 -0.437095
6.41037 -0.574837
6.34516 -0.598308
6.23934 -0.547462
6.14898 -0.536363
6.19878 -0.639308
6.06465 -0.688479
6.1948 -0.733349
6.14538 -0.992291
6.24451 -1.10848
6.35891 -1.24376
6.3371 -1.25771
6.43729 -1.37884
6.48999 -1.35007
6.55666 -1.48469
6.52383 -1.52402
6.48433 -1.49247
6.56948 -1.56457
6.3668 -1.42839
6.29538 -1.35258
5.40466 0.367131
5.77671 -0.588274
5.52908 0.0897049
5.62583 -0.0526313
5.6004 0.119945
5.4607 0.243214
5.4736 0.391374
5.68283 -0.106653
5.78944 -0.184664
5.7362 -0.236051
5.67743 -0.176633
5.72966 -0.300105
5.7615 -0.453225
5.85491 -0.573852
5.82164 -0.408047
6.00022 -0.746395
5.95496 -0.759039
5.90142 -0.764109
6.00491 -0.888081
5.97201 -0.88949
5.82523 -0.658953
6.21979 -1.27283
6.13961 -1.14332
6.05204 -1.01558
6.10275 -1.05129
6.06121 -0.903169
6.0291 -0.820619
6.18237 -1.11922
6.32502 -1.29548
6.22144 -1.22169
6.43065 -1.45545
7.23973 -1.4523
7.10422 -1.39488
6.92647 -1.33084
7.02926 -1.22979
6.90562 -1.17366
6.95515 -1.10359
6.82095 -0.992712
6.78282 -1.22656
6.71771 -0.975943
6.6671 -1.00393
6.60838 -0.81977
6.69808 -0.842934
6.56263 -0.898496
6.65177 -1.10385
6.52568 -1.01006
6.47091 -0.950366
6.38274 -0.894647
6.29513 -0.818613
6.43151 -0.843628
6.31272 -0.700451
6.45041 -0.727116
6.50014 -0.867037
6.52717 -0.758359
6.51824 -1.41567
6.8768 -0.827502
6.95262 -0.996956
7.03005 -0.948843
6.98171 -0.79437
7.02775 -0.682473
7.11347 -0.882051
7.24126 -0.82548
7.1076 -0.560138
7.00703 -0.343769
7.18769 -0.409278
7.33508 -0.665947
7.44475 -0.487439
7.44976 -0.321658
7.50248 -0.189015
7.38832 0.0559136
7.62534 -0.00872385
7.51555 0.307995
7.77484 0.1923
7.67487 0.421741
7.54253 0.727488
7.8465 0.496948
7.80777 0.847721
7.62723 1.07536
7.41513 0.905686
7.61306 1.48326
7.79754 1.16097
7.89164 1.4259
7.78633 1.78338
7.48384 2.07696
7.75501 2.16098
7.58644 2.54989
7.30794 2.66754
7.27097 2.28961
7.20388 2.46288
7.12716 2.60329
7.05039 2.95928
6.83845 3.00039
6.86729 3.3341
6.67977 3.29305
6.70582 3.03664
6.49722 3.51251
6.37902 3.40418
6.29642 3.64849
6.43756 3.78642
6.32447 3.92942
6.16123 3.88848
6.20718 4.10502
6.04352 4.06706
6.06774 4.24697
6.24517 4.32076
6.12049 4.42975
5.99394 4.53935
5.91697 4.42091
5.83241 4.29089
5.81079 4.41347
5.8409 4.61387
5.72041 4.44099
5.74583 4.30394
10.0555 5.48478
10.2151 5.35289
10.3782 5.20872
10.268 5.12177
10.5436 5.06849
10.4459 4.9167
10.2884 4.87749
10.5008 4.73258
10.3925 4.69535
10.5465 4.50736
10.346 4.52193
10.2507 4.71996
10.1586 4.58772
10.2803 4.30404
10.056 4.39935
10.19 4.03201
9.91236 4.23878
9.87137 4.5396
9.67813 4.55161
9.74954 4.80324
9.50285 4.94417
9.41071 4.69912
9.53407 4.38348
9.28871 4.51349
9.1905 4.78715
9.22962 5.00451
8.98336 5.00529
9.00972 4.68759
8.84747 4.91665
8.73089 4.75567
8.88519 4.4919
8.67309 4.43227
8.89074 4.25181
9.12046 4.30153
9.04567 3.90477
8.74158 4.08044
8.79384 3.72731
9.0074 3.50531
9.20933 3.53492
9.20338 3.22767
9.33156 3.31304
9.44575 3.01626
9.46882 3.27892
9.6563 3.09691
9.73549 2.70571
9.51263 2.66616
9.71548 2.3613
9.8736 2.42422
9.99112 2.13616
9.81556 2.07749
9.62506 2.0467
9.9261 1.74474
9.70535 1.70262
9.81865 1.56689
9.89574 1.31959
10.2566 1.34243
10.1827 1.09383
10.4138 0.996193
10.2952 0.890327
10.0683 0.921245
10.328 0.696493
10.5074 0.748295
10.5776 0.524701
10.6883 0.602333
10.927 0.352326
10.5732 0.268127
10.813 0.133242
10.9859 -0.050091
11.1469 0.0719862
11.2999 -0.131186
11.1304 -0.396427
10.7373 -0.333694
10.8805 -0.580549
11.1025 -0.678241
10.8048 -0.834632
10.524 -0.637746
10.4247 -0.891069
10.2828 -0.770414
10.0939 -0.635817
10.373 -0.420909
9.98802 -0.272819
10.4288 -0.201809
10.2755 0.0583737
9.93457 0.0441639
9.69683 -0.0468078
9.62282 -0.233587
9.49549 -0.109916
9.43376 -0.226097
9.31074 -0.117512
9.30968 -0.315189
9.4826 -0.335876
9.44199 -0.477291
9.16039 -0.493563
9.3905 -0.679671
9.1706 -0.705612
9.23669 -0.894812
8.94809 -0.69049
8.9162 -0.983043
9.1411 -1.15794
8.81794 -1.21916
8.64232 -1.01157
8.5131 -1.17285
8.38677 -1.00344
8.33139 -1.13804
8.13196 -1.0578
8.28669 -1.26823
8.04842 -1.18475
8.01551 -1.3003
7.76743 -1.09241
7.83681 -1.34056
8.02096 -1.45609
8.22698 -1.44845
8.21957 -1.62564
7.81424 -1.54146
8.02778 -1.69202
7.86227 -1.67116
7.88826 -1.76474
8.36135 -1.83301
8.05507 -1.83562
7.72042 -1.68436
7.54939 -1.59883
7.37672 -1.51995
7.53409 -1.46729
7.36353 -1.3678
7.18287 -1.28832
7.28427 -1.16789
7.5719 -1.29665
7.42191 -1.04986
7.46654 -0.892152
7.59908 -0.775757
7.90177 -0.830152
7.727 -0.592958
7.60633 -0.383057
7.82764 -0.386392
7.68931 -0.230751
7.85529 -0.117938
8.06158 -0.322846
8.08878 0.118903
8.05708 0.54207
7.95344 0.701758
8.06474 0.993137
8.26316 0.529207
8.42326 0.935021
8.26225 1.31307
8.12732 1.49055
7.95643 1.65042
8.01877 1.90776
8.38265 1.58613
8.21909 2.20326
7.90152 2.48866
8.11021 2.62025
7.96215 3.01328
7.65506 2.97102
7.77588 3.30943
7.55047 3.43925
7.40116 3.09695
7.48263 2.82588
7.2079 3.12281
7.2335 3.54205
7.05856 3.32939
6.9454 3.68029
7.0837 3.82199
6.95882 4.04719
7.21065 4.01055
7.06977 4.27629
6.88498 4.36411
6.74664 4.21504
6.70864 4.46551
6.80796 4.61234
6.6772 4.62562
6.63705 4.76036
6.9502 4.82603
6.76815 5.0681
6.53916 4.99643
6.73447 5.25137
6.4494 5.18187
6.67342 5.43032
6.39542 5.38463
6.20684 5.19837
6.2853 5.06133
6.16456 4.91973
6.32546 4.94847
6.19291 4.77605
6.34803 4.75201
6.08102 4.62807
6.08102 4.62807
5.96182 4.63827
6.02861 4.80478
5.91173 4.81904
6.02867 5.02512
6.60397 5.57352
6.86226 5.6994
6.99194 5.5222
7.13001 5.82644
7.39877 5.95509
7.34044 5.78227
7.59867 5.79308
7.36828 5.66774
7.20414 5.67396
7.18837 5.57655
7.25134 5.55353
7.12757 5.46605
7.00423 5.28868
7.20038 5.396
7.20184 5.20862
7.37954 5.32566
7.46087 5.15228
7.62316 5.34723
7.68926 5.1277
7.89119 5.22217
7.82447 4.98216
7.59213 4.89094
7.84163 4.6441
8.0575 4.97421
8.14535 4.64921
8.06844 4.35374
8.2522 4.45246
8.29907 4.16004
8.42454 4.46671
8.53233 4.21179
8.52827 3.86024
8.25423 3.7457
8.43987 3.47337
8.65566 3.48842
8.58934 3.20813
8.79035 3.13295
8.6913 2.83302
8.40458 3.03003
8.58402 2.49832
8.81652 2.45357
8.79596 2.16344
8.62906 2.02077
8.41922 2.31705
8.36522 2.66947
8.26379 2.53421
8.43328 1.97611
8.20308 2.86489
8.15712 3.17955
8.24552 3.40386
7.99423 3.516
8.03951 3.97874
7.80478 3.84712
7.74788 3.57257
7.62879 3.74283
7.61288 4.03031
7.44035 3.81952
7.41978 4.13764
7.271 4.39576
7.57127 4.40009
7.41666 4.67111
7.18422 4.68336
7.02912 4.53254
7.25814 4.94056
7.01454 5.07863
7.61068 4.65789
7.82364 4.21253
8.51026 1.76144
8.38265 1.58613
8.71169 1.64299
8.78639 1.31413
8.72388 1.03061
9.10014 0.929121
8.89064 0.800371
8.98665 0.620833
9.18978 0.548286
8.99908 0.335514
8.75055 0.624447
8.70752 0.176973
8.91856 0.00380228
8.76247 -0.0711187
8.61821 -0.161597
8.86365 -0.310887
8.63364 -0.532456
8.35883 -0.325323
8.46094 -0.573937
8.34704 -0.613462
8.19845 -0.541296
8.20919 -0.790197
8.48702 -0.776467
7.99147 -0.591694
8.72319 -0.810807
8.43068 0.115339
8.51479 0.475034
9.10422 -0.19552
9.16882 0.0711643
9.43983 0.0613751
9.32868 0.309377
9.67797 0.22827
9.53769 0.572883
9.78539 0.391211
9.91661 0.499843
9.80083 0.813843
9.4747 0.912623
9.30012 1.17975
9.00727 1.38853
9.18945 1.46897
8.94714 1.79651
9.27709 1.74872
9.02057 2.14837
9.29941 2.18681
9.01025 2.64906
9.2465 2.51294
9.25801 2.80487
9.0055 3.13014
8.84074 3.41487
9.43962 2.4285
9.49837 1.83195
9.58952 1.51635
9.39511 1.40161
9.61483 1.1604
9.84437 1.0467
10.1246 0.625733
9.75112 1.51901
10.2243 0.362082
9.98241 0.26138
10.3768 0.489897
10.6622 -0.024727
8.30982 1.57082
8.50784 4.69579
8.39052 4.65745
8.30794 4.61758
8.31556 4.83651
8.51041 4.98218
8.26277 5.23089
8.07309 5.20274
8.04456 5.35577
7.85787 5.48077
8.10527 5.58985
7.81607 5.67738
7.62095 5.56931
7.56738 5.66604
7.97129 5.85907
7.72599 5.93811
7.98568 6.0217
8.23489 5.99611
8.28003 5.87779
8.12358 5.78973
7.99899 5.75453
8.32913 5.7582
8.41433 5.51714
8.55385 5.25144
8.68946 5.44822
8.60354 5.64904
8.88629 5.56141
8.99203 5.30455
9.15736 5.45517
9.09746 5.69896
8.76959 5.79867
8.96274 5.95323
9.1595 5.91634
8.60161 6.04058
8.29739 6.19357
8.44292 6.12493
8.36618 6.13873
8.36906 5.98148
8.52223 5.93063
8.41424 5.84194
8.52689 5.79627
8.77954 5.97628
8.20496 6.17345
7.93941 6.13598
7.67164 6.05705
9.55732 5.83451
9.35986 5.87449
9.59615 5.70396
9.39592 5.67242
9.68114 5.5126
9.53471 5.47862
9.7455 5.29373
9.50459 5.39089
9.33947 5.51684
9.34521 5.40055
9.28248 5.24388
9.48707 5.21688
9.64055 5.04331
9.62935 5.20257
9.83193 5.0162
10.0361 5.08697
9.97219 5.34373
10.0847 4.8536
9.95635 4.70348
9.82656 5.57053
9.90484 5.62463
9.74551 5.75303
8.7825 5.19614
8.82461 5.05083
8.70231 5.03658
7.43296 5.61764
7.41322 5.47936
6.27157 4.53078
6.44711 4.61197
6.418 4.43035
6.57574 4.58512
6.57332 4.35408
6.39943 4.17219
6.59979 4.0785
6.47012 3.96973
6.65516 3.70792
6.7771 3.94947
7.24236 -0.993708
7.15122 -1.02582
7.08114 -1.11119
8.22542 -1.87795
8.26946 -1.93559
8.31892 -1.89076
8.46527 -1.73854
8.47262 -1.66819
8.38439 -1.56344
8.56516 -1.58439
8.44241 -1.45397
8.59376 -1.34846
8.64467 -1.48956
8.82011 -1.43468
9.05999 -1.37226
9.00161 -1.54931
8.8046 -1.62571
9.09683 -1.74413
8.89718 -1.76012
8.77007 -1.72193
8.73357 -1.79898
9.85723 -1.88442
9.59244 -1.72677
9.48556 -1.75409
9.35297 -1.77606
9.41431 -1.70749
9.20452 -1.74458
9.33941 -1.64391
9.23102 -1.52677
9.52524 -1.4671
9.35064 -1.31771
9.46945 -1.09452
9.65214 -1.23267
9.79591 -1.0515
9.67586 -0.843092
10.0649 -0.902423
9.99638 -1.04147
9.95908 -1.16776
10.1885 -1.04562
10.2556 -1.22057
10.4984 -1.10216
10.6123 -0.959433
10.7533 -1.05353
10.9857 -1.01932
11.0879 -0.858669
11.2568 -0.981432
11.1154 -1.09905
10.9867 -1.22262
11.1925 -1.20185
11.0742 -1.39122
10.9009 -1.36183
10.7496 -1.25683
10.8687 -1.13979
10.7937 -1.44983
10.9051 -1.48174
10.6046 -1.47474
10.5606 -1.56459
10.4168 -1.73503
10.492 -1.67186
11.213 -1.55039
11.3486 -1.49973
11.2907 -1.36348
11.0269 -1.51309
11.1383 -1.54152
11.4673 -1.33431
11.43 -1.14333
11.4883 -0.914759
11.3885 -0.795907
11.2485 -0.784635
11.3514 -0.59994
11.5221 -0.70486
11.5315 -0.468127
11.3917 -0.368654
11.5214 -0.229107
11.4578 -0.0309907
11.2808 0.13626
11.477 0.16073
11.2539 0.433833
10.9811 0.670221
10.7038 0.785344
10.8214 1.02232
10.5497 1.10619
10.5451 1.3695
10.2909 1.74343
10.5726 1.63236
10.4354 1.8491
10.2877 2.08172
10.051 2.47154
10.3793 2.36276
10.1391 2.68001
9.9134 2.86062
10.0627 2.95705
9.83413 3.23172
9.55909 3.46099
9.72585 3.55966
9.53598 3.83285
9.33313 3.71369
9.28859 3.99924
9.40586 4.18953
9.6418 4.07435
9.72897 4.24817
9.84838 3.99059
9.77802 3.77179
9.98752 3.68353
9.91648 3.46346
10.1459 3.32478
10.0295 3.20237
10.1939 3.03532
10.2848 2.74441
10.3794 2.90104
10.2801 3.1039
10.4523 3.18388
10.2571 3.63677
10.5556 3.52713
10.4229 3.78484
10.5018 3.99995
10.6116 3.72848
10.7196 3.76506
10.8584 3.56473
10.8357 3.62207
10.8604 3.56554
10.9171 3.45205
11.0724 3.35272
10.9538 3.34885
11.1444 3.31372
11.251 3.1833
11.1188 3.06049
10.9784 3.13119
10.9166 3.26402
10.8819 3.07185
11.0344 2.91818
10.936 2.7121
11.1023 2.69675
11.1156 2.43888
11.2434 2.579
11.3156 2.20294
11.4231 2.45061
11.456 2.19805
11.4819 1.92599
11.36 1.80299
11.5268 1.45599
11.3836 1.49728
11.2715 1.68273
11.2971 1.43691
11.1409 1.71488
11.1525 2.03907
10.9521 2.04163
10.9251 2.39602
10.7751 2.33061
10.72 2.60198
10.5472 2.54556
10.7183 2.08901
10.5752 1.90418
10.8181 1.74011
10.7784 1.56696
10.9881 1.42835
10.9002 1.35796
11.0125 1.1242
11.1986 1.12494
11.1661 1.41817
10.975 1.7327
11.3338 1.15298
11.3941 0.847115
11.2258 0.882959
11.347 0.633884
11.5189 0.581334
11.5976 0.727225
11.4756 0.97564
11.5761 1.02251
11.4371 1.23215
11.677 1.08895
11.6609 1.39477
11.6144 1.67508
11.7444 1.50511
11.7458 1.25345
11.8256 1.29619
11.8245 0.987558
11.7153 0.813628
11.8434 0.696286
11.7588 0.578893
11.6852 0.407936
11.8845 0.400464
11.7921 0.146006
11.8985 0.100096
11.849 -0.0656596
11.7437 -0.0584285
11.8037 -0.213246
11.6786 -0.289708
11.7969 -0.387728
11.8809 -0.271522
11.8746 -0.552204
11.7055 -0.602394
11.8021 -0.9163
11.6637 -0.844795
11.8007 -0.917908
11.6359 -0.986117
11.801 -0.919642
11.8008 -0.917912
11.7936 -1.06089
11.7069 -1.15451
11.6116 -1.15318
11.6146 -1.36247
11.4885 -1.45009
11.7953 -1.1746
11.8496 -1.07111
11.8807 -0.910763
11.9341 -0.913872
11.9597 -0.709098
11.8879 -0.764032
11.9542 -0.559669
11.9738 -0.336045
12.0405 -0.428509
12.0691 -0.12049
11.9694 -0.0724074
12.0364 0.017976
12.0025 0.173832
12.0834 0.0931219
12.0738 0.277772
12.0087 0.398322
11.9829 0.684002
12.0621 0.452167
12.0952 0.614355
12.0466 0.814699
11.9453 1.07031
12.0252 0.949947
12.0045 1.08029
11.868 1.66871
11.9099 1.56882
11.7741 1.80655
11.7185 1.73974
11.5525 2.03171
11.5624 2.12494
11.6231 1.9923
11.5027 2.2897
11.545 2.56689
11.4672 2.48947
11.3148 2.84599
11.5083 2.63561
11.3863 2.7596
11.3231 2.9446
11.1864 2.8394
11.3292 3.02653
11.0539 3.90999
10.8375 3.73865
10.909 3.86905
10.8572 3.94809
10.7097 3.95323
10.7695 4.15201
10.6166 4.13933
10.4734 4.29479
10.6364 4.29822
10.7676 4.39309
10.6814 4.60147
10.8865 4.55246
10.6528 4.7984
10.8391 4.80052
10.6873 4.92903
11.0835 4.25003
11.0372 4.38782
10.9761 4.31981
10.979 4.16479
10.9298 4.27489
10.8776 4.24167
10.9028 4.08255
10.9018 4.37736
11.0491 3.91812
11.0684 4.08579
11.1227 3.99779
11.0841 3.92588
11.131 4.1186
11.6467 1.93796
11.9488 1.47783
11.998 1.38428
11.9703 1.3595
12.0053 1.29353
12.1572 -0.365756
12.1576 -0.415414
12.119 -0.547081
12.1035 -0.616745
12.0175 -0.753849
12.0208 -0.661771
12.0993 -0.482885
12.1345 -0.112741
12.1529 -0.250827
12.1011 -0.654498
12.1321 0.000894877
12.1411 0.210801
12.1153 0.404825
12.0995 0.336205
12.0102 1.20592
10.9728 4.47987
11.7011 -1.26503
11.6073 -0.0544184
11.6403 0.155012
11.5 0.38163
11.1181 0.781154
10.7795 1.34433
10.5529 2.81862
10.7285 2.90044
10.7218 3.2608
10.8583 3.32153
10.8162 2.6468
10.0253 3.91065
9.37476 3.47042
9.94471 -1.86317
9.77464 -1.77944
10.107 -1.82042
9.95464 -1.71918
9.68954 -1.70816
9.68 -1.62515
9.9966 -1.51264
9.71359 -1.51761
9.82029 -1.37267
9.5398 -1.61123
10.0684 -1.33054
10.3086 -1.37307
10.3313 -1.46977
10.3239 -1.57078
10.694 -1.41827
10.0298 -1.6433
10.1824 -1.70829
10.2599 -1.75761
10.5011 -1.27558
9.54477 -1.68563
9.70513 -0.56543
8.64968 -1.69821
8.56028 -1.78733
9.64603 -0.38805
6.58229 -0.0625445
6.44639 0.146754
6.58188 0.127045
6.44744 0.373677
6.33402 0.374479
6.28535 0.630576
6.43872 0.638199
6.58299 0.371206
6.75964 0.38846
6.9052 0.567452
6.89807 0.924218
7.02503 1.4979
