5.59525 4.08278
5.64308 4.25604
5.72041 4.44099
5.91173 4.81904
6.02867 5.02512
6.39542 5.38463
6.60397 5.57352
6.86226 5.6994
7.39877 5.95509
7.67164 6.05705
7.93941 6.13598
8.29739 6.19357
9.55732 5.83451
9.74551 5.75303
9.90484 5.62463
10.5436 5.06849
10.8391 4.80052
11.0372 4.38782
11.131 4.1186
11.998 1.38428
12.0952 0.614355
12.1411 0.210801
12.1572 -0.365756
12.1576 -0.415414
12.1011 -0.654498
11.7953 -1.1746
11.6146 -1.36247
11.4885 -1.45009
11.213 -1.55039
9.94471 -1.86317
9.85723 -1.88442
8.26946 -1.93559
6.56948 -1.56457
6.3668 -1.42839
6.21979 -1.27283
6.05204 -1.01558
5.77671 -0.588274
5.35639 0.472102
5.33298 0.747222
5.24979 2.00509
5.26138 2.12677
