-4.82296 -6.20964
-4.78033 -6.38229
-4.7422 -6.36769
-4.73493 -6.54882
-4.69487 -6.6981
-4.60593 -6.83499
-4.6717 -6.58736
-4.59354 -6.67171
-4.50764 -6.90332
-4.29266 -6.93081
-4.19846 -6.95447
-4.28762 -6.825
-4.3319 -6.90683
-4.35059 -6.64123
-4.49024 -6.60325
-4.40932 -6.35518
-4.51378 -6.16597
-4.589 -6.27007
-4.51016 -6.60176
-4.66236 -6.33932
-4.57168 -6.57772
-4.63974 -6.51735
-4.68422 -6.43833
-4.64794 -6.55352
-4.73386 -6.26557
-4.79201 -6.151
-4.76605 -6.02707
-4.85291 -5.87693
-4.80643 -5.83159
-4.82726 -5.69466
-4.85443 -6.04111
-4.97856 -4.87652
-4.93883 -5.0791
-4.89194 -5.2906
-4.8813 -5.00164
-4.83216 -5.19235
-4.86964 -5.49719
-4.78265 -5.72754
-4.77196 -5.37929
-4.69768 -5.6649
-4.69286 -5.99142
-4.6065 -5.91336
-4.59097 -5.5756
-4.69057 -5.39746
-4.64656 -5.23469
-4.72704 -5.1302
-4.79812 -5.04344
-4.84587 -4.95033
-4.82853 -4.79254
-4.88545 -4.72223
-4.94006 -4.78888
-4.92194 -4.372
-4.99107 -4.685
-4.96828 -4.52463
-4.49746 0.292919
-4.62523 0.164619
-4.58501 -0.041599
-4.68932 -0.173049
-4.68641 -0.347949
-4.68046 -0.522873
-4.69215 -0.711195
-4.87856 -1.21076
-4.92302 -1.34293
-4.97237 -1.73911
-4.91052 -2.40982
-4.91143 -2.15227
-4.93608 -1.91647
-4.84771 -2.24365
-4.86335 -1.78883
-4.95535 -1.5282
-4.83791 -1.47239
-4.79842 -1.23781
-4.80424 -1.09829
-4.6945 -0.970094
-4.7222 -1.02512
-4.71483 -0.880912
-4.67259 -1.09568
-4.65054 -0.8781
-4.59622 -0.813036
-4.52637 -0.640745
-4.60757 -0.472043
-4.53916 -0.374822
-4.55132 -0.185798
-4.44041 -0.170404
-4.4791 0.00650784
-4.34609 0.145369
-4.36395 0.429922
-4.16699 0.446821
-4.18835 0.200734
-4.29775 -0.178959
-4.11901 -0.0373549
-4.19617 -0.406772
-4.33143 -0.553573
-4.42805 -0.426921
-4.42737 -0.637473
-4.41585 -0.926799
-4.53673 -0.944067
-4.51721 -1.26545
-4.60656 -1.07567
-4.64579 -1.45834
-4.52663 -1.59356
-4.39798 -1.46699
-4.47141 -1.85957
-4.6084 -1.87581
-4.55479 -2.2557
-4.69654 -2.21758
-4.62873 -2.49799
-4.71291 -2.65596
-4.76841 -2.45035
-4.81954 -2.68759
-4.75506 -2.92495
-4.8125 -3.02788
-4.87259 -2.87537
-4.879 -2.63596
-4.85792 -3.11643
-4.80865 -3.32583
-4.87443 -4.20805
-4.81838 -4.43284
-4.82165 -4.01751
-4.74636 -4.07481
-4.74526 -4.33525
-4.72309 -4.55867
-4.75839 -4.81178
-4.67717 -4.91214
-4.63892 -4.58493
-4.68204 -4.27235
-4.58431 -4.19304
-4.66146 -3.88478
-4.73549 -3.77131
-4.78876 -3.80654
-4.75898 -3.54272
-4.69057 -3.54507
-4.74212 -3.24063
-4.6611 -3.30157
-4.67788 -3.01613
-4.57574 -3.17551
-4.61024 -2.79968
-4.50672 -2.92746
-4.55337 -2.60872
-4.42821 -2.62008
-4.39464 -2.15565
-4.28604 -2.41579
-4.27607 -1.99992
-4.36188 -1.81849
-4.25846 -1.61551
-4.24427 -1.18628
-4.21351 -0.741725
-4.09714 -0.954173
-4.04576 -0.51296
-4.00395 -0.822364
-3.9832 -1.0954
-4.11338 -1.42186
-3.96357 -1.49283
-4.06073 -1.83263
-3.93868 -1.87184
-4.0092 -2.22461
-3.91494 -2.10833
-3.88762 -2.37151
-4.00906 -2.74508
-4.08011 -2.46197
-4.16021 -2.67678
-4.15336 -2.20122
-4.28506 -2.8668
-4.19367 -3.09204
-4.29484 -3.25535
-4.22334 -3.49254
-4.35071 -3.66575
-4.40158 -3.16183
-4.47086 -3.58081
-4.47359 -4.13931
-4.56284 -3.80386
-4.55387 -4.40029
-4.5176 -4.66726
-4.39204 -4.61355
-4.32839 -4.16174
-4.2682 -4.50706
-4.29287 -4.868
-4.37085 -4.99069
-4.31442 -5.23211
-4.43431 -5.28131
-4.44421 -4.92173
-4.50803 -5.02706
-4.55114 -5.27707
-4.4996 -5.52878
-4.50305 -5.80759
-4.44101 -5.6179
-4.40381 -5.80827
-4.35113 -5.57505
-4.30728 -5.89059
-4.22136 -5.53833
-4.19112 -5.0755
-4.08707 -5.32099
-4.07787 -5.68249
-4.18059 -5.90893
-4.0502 -6.04348
-4.17843 -6.17431
-4.07501 -6.36078
-4.19735 -6.41992
-4.07778 -6.63138
-3.98009 -6.53631
-3.91181 -6.32227
-3.80808 -6.5995
-3.91675 -6.73653
-3.73372 -6.85001
-3.87036 -6.95144
-3.67266 -7.06767
-3.8012 -7.10213
-3.35131 -6.98804
-3.50813 -7.01491
-3.32205 -6.74825
-3.59805 -6.70007
-3.50693 -6.52916
-3.69431 -6.44323
-3.58377 -6.32427
-3.75299 -6.18184
-3.8898 -5.98541
-3.97071 -5.77697
-3.86215 -5.67329
-3.95942 -5.46214
-3.83838 -5.41055
-3.86829 -5.20399
-3.97283 -5.11064
-4.0731 -5.01423
-3.98402 -4.77788
-4.11106 -4.75951
-4.02205 -4.44866
-4.15536 -4.46146
-4.07686 -4.11355
-4.2041 -4.15321
-4.13979 -3.77642
-4.25759 -3.8561
-4.08055 -3.28744
-3.99131 -3.70583
-3.87968 -3.21116
-4.11039 -2.95363
-3.84948 -2.73774
-3.75458 -2.9179
-3.72156 -2.43127
-3.82753 -1.9774
-3.67132 -1.87449
-3.77215 -1.59816
-3.86143 -1.61435
-3.82562 -1.14963
-3.67367 -1.38408
-3.67223 -0.982532
-3.7361 -0.693659
-3.834 -0.744537
-3.91678 -0.775087
-3.84791 -0.407431
-3.94645 0.0398708
-3.99451 0.631025
-3.88122 0.40751
-3.71341 0.146619
-3.74983 0.588692
-3.95014 0.625062
-3.9049 0.622531
-3.95295 0.626729
-3.99616 0.642645
-4.10331 0.632819
-3.93952 1.02008
-4.22868 0.638273
-3.62136 1.60477
-3.7314 1.40625
-3.53698 1.44312
-3.4761 1.78367
-3.34133 1.56118
-3.39163 1.34597
-3.50224 1.26841
-3.4444 1.20254
-3.38461 1.17245
-3.38653 1.17126
-3.46292 1.23284
-3.49926 0.980473
-3.65615 0.890105
-3.6087 0.777258
-3.52268 0.652838
-3.32381 1.14735
-3.25358 0.624199
-3.48128 0.295542
-3.36857 0.148546
-3.17599 0.230243
-3.32414 -0.0780301
-3.15094 -0.0875081
-3.294 -0.327235
-3.1461 -0.45335
-3.37607 -0.676907
-3.20824 -0.939319
-2.85989 -0.581082
-2.99861 -1.15636
-3.21417 -1.42996
-3.38089 -1.28834
-3.38414 -0.997978
-3.52419 -1.07987
-3.56978 -0.596572
-3.42769 -0.315895
-3.5393 -0.0961875
-3.68066 -0.317132
-3.42685 -0.088365
-3.52504 -1.6173
-3.36835 -1.66212
-3.43671 -2.09552
-3.23194 -1.8878
-3.24021 -2.3322
-3.37526 -2.62355
-3.20082 -2.73005
-3.30777 -3.02381
-3.1335 -3.08724
-3.24353 -3.30874
-3.10758 -3.44677
-3.28119 -3.60146
-3.38141 -3.3426
-3.48848 -3.71312
-3.32681 -3.93612
-3.47806 -4.24141
-3.61267 -4.06058
-3.68706 -4.446
-3.76056 -4.0952
-3.666 -3.7863
-3.81412 -3.71016
-3.65436 -3.3245
-3.4986 -3.35256
-3.48965 -3.01202
-3.63516 -2.84728
-3.54512 -2.53171
-3.58905 -2.17344
-3.56024 -1.93914
-3.92141 -4.09432
-3.86795 -4.45677
-3.82748 -4.85171
-3.67777 -4.78703
-3.71632 -5.16092
-3.57981 -4.86217
-3.49585 -5.09587
-3.60243 -5.49301
-3.75595 -5.5215
-3.72165 -5.83134
-3.4938 -5.81393
-3.60668 -6.07353
-3.40939 -6.15682
-3.33579 -6.43638
-3.1141 -6.29306
-3.18349 -5.89534
-2.92638 -6.09689
-2.82173 -5.81055
-3.0866 -5.42251
-3.34976 -5.59402
-3.31325 -5.40691
-3.31395 -5.19479
-3.14557 -4.93321
-3.33482 -4.90274
-3.24954 -4.65588
-3.42555 -4.66088
-3.23799 -4.27536
-3.57047 -4.60148
-3.06608 -4.53189
-2.95478 -4.09535
-3.14254 -3.83281
-2.93079 -3.63656
-2.90104 -3.17948
-2.69219 -3.44176
-2.60614 -3.06809
-2.77372 -2.76036
-3.01374 -2.79175
-2.91957 -2.44858
-3.09512 -2.49575
-3.06038 -2.14993
-2.8055 -2.04442
-3.00719 -1.66552
-2.78084 -1.63844
-2.8474 -1.35842
-2.74423 -1.00341
-2.61368 -1.35363
-2.4508 -0.980435
-2.57598 -0.652195
-2.56922 -0.360891
-2.57839 -0.0612986
-2.9178 -0.112237
-2.70321 0.251491
-2.97315 0.221513
-2.79982 0.478967
-2.97749 0.548443
-2.69523 0.78784
-2.95925 0.940005
-3.20382 1.02347
-3.07856 1.21315
-3.15676 1.45071
-2.93206 1.42378
-2.84138 1.67145
-3.1301 1.77791
-2.7228 1.98191
-2.99408 2.0747
-3.3628 1.90674
-3.14489 2.27521
-3.30013 2.12318
-2.86296 2.3105
-2.98203 2.4327
-2.72708 2.50918
-2.46322 2.59721
-2.22814 2.77036
-1.97021 2.83766
-1.71581 2.90621
-1.45988 2.95212
-1.54861 2.8101
-1.83411 2.73947
-1.68965 2.65868
-1.96424 2.57831
-1.82412 2.52155
-2.04438 2.42959
-1.94053 2.32339
-2.22074 2.26891
-2.27256 2.45134
-2.49752 2.23042
-2.59367 2.38279
-2.73408 2.19373
-2.44475 2.11795
-2.47545 1.93662
-2.65812 1.8457
-2.5255 1.68623
-2.74858 1.51368
-2.58518 1.38833
-2.34456 1.47689
-2.3648 1.20176
-2.03736 1.40861
-2.07933 1.14021
-2.29039 0.841158
-2.51052 0.9923
-2.66591 1.10818
-2.5691 0.552498
-2.32023 0.378104
-1.87101 0.641247
-1.93354 0.294115
-2.21817 0.0505409
-2.38405 -0.184302
-2.12389 -0.239147
-2.3755 -0.418634
-2.18178 -0.525065
-1.89599 -0.513309
-1.8521 -0.218188
-1.90965 0.0138988
-1.63779 -0.0957446
-1.64635 0.177554
-1.61314 0.437599
-1.38842 0.294926
-1.35149 0.0318396
-1.01813 0.248444
-1.00284 -0.185309
-1.36754 -0.35042
-1.672 -0.334391
-1.58718 -0.583447
-1.71859 -0.939721
-1.26788 -0.859988
-1.41064 -1.32815
-1.7868 -1.37149
-1.54418 -1.71829
-1.88839 -1.76568
-1.67061 -1.99428
-1.90161 -2.15165
-1.65097 -2.28973
-1.8604 -2.51952
-2.15316 -2.38261
-2.11543 -2.73836
-2.44847 -2.61701
-2.34485 -2.29647
-2.52242 -2.19293
-2.70547 -2.41948
-2.54074 -1.77134
-2.22635 -1.99096
-2.2069 -1.39847
-2.28947 -3.07683
-1.99855 -3.02178
-2.01116 -3.37106
-1.82597 -3.16135
-1.67547 -3.36035
-1.78711 -3.66451
-1.44176 -3.6267
-1.58234 -4.04918
-1.17352 -3.90344
-1.19029 -4.39388
-1.61142 -4.49926
-1.86218 -4.3201
-1.94096 -4.68081
-2.15881 -4.41317
-2.3288 -4.85061
-2.43729 -4.46997
-2.57856 -4.63663
-2.70683 -4.90615
-2.5276 -5.20624
-2.23746 -5.33896
-2.55244 -5.56906
-2.78208 -5.29946
-2.81812 -5.53982
-2.94365 -5.07018
-2.93999 -4.78012
-2.77905 -4.47545
-2.47531 -5.91748
-2.65942 -6.11442
-2.36326 -6.15302
-2.53806 -6.3056
-2.80291 -6.30598
-2.63036 -6.4795
-2.22205 -6.42431
-2.47287 -6.66265
-2.11416 -6.70661
-2.35151 -6.8429
-2.02438 -6.89735
-2.25584 -6.97869
-2.40991 -6.95675
-2.52924 -6.9299
-2.51575 -7.00495
-2.70023 -7.01026
-2.54419 -7.10192
-2.40118 -7.02996
-2.28415 -7.09908
-2.33959 -7.24354
-2.74052 -7.18568
-2.58458 -7.22911
-2.13815 -7.26846
-1.72736 -7.25475
-1.91987 -7.2629
-1.85302 -7.13141
-2.09996 -7.17365
-2.06694 -7.05278
-1.88505 -7.01159
-1.78204 -6.92607
-1.81081 -6.80081
-1.63444 -6.88902
-1.57323 -6.74391
-1.83213 -6.59525
-1.50822 -6.51701
-1.80857 -6.33818
-2.0452 -6.08031
-2.25823 -5.98992
-2.18941 -5.74666
-1.7742 -5.7274
-2.01241 -5.49972
-2.02774 -5.31681
-2.00774 -5.07555
-1.82958 -5.31656
-1.65869 -4.91892
-1.46752 -5.33015
-1.42693 -5.71178
-1.48589 -6.00897
-1.72923 -6.09392
-1.54696 -6.25947
-1.24563 -6.3081
-1.2973 -6.55188
-1.33444 -6.74172
-1.14465 -6.57553
-1.03822 -6.7315
-1.15887 -6.95456
-0.926813 -6.89306
-0.922546 -7.08164
-0.72686 -6.93144
-0.785723 -6.74071
-0.55606 -6.80682
-0.601258 -6.59398
-0.870103 -6.46229
-0.578638 -6.38449
-0.670977 -6.20318
-0.925978 -6.07798
-1.19124 -5.90717
-1.00999 -5.89105
-1.04053 -5.74441
-1.19372 -5.57394
-0.9132 -5.52732
-1.07206 -5.21782
-1.28082 -4.87626
-0.833964 -4.79461
-1.43825 -4.66469
-0.703174 -4.33986
-0.896197 -4.06819
-0.563712 -3.9341
-0.347045 -4.2753
-0.448801 -4.60232
-0.148424 -4.50036
-0.196836 -4.76219
-0.43709 -4.95997
-0.149942 -4.98476
-0.235168 -5.14691
0.100289 -5.19497
-0.224234 -5.39925
-0.431631 -5.24485
-0.530587 -5.52023
-0.227615 -5.77217
-0.61896 -5.88854
-0.355458 -6.1759
-0.0589819 -6.04001
-0.07903 -6.24962
-0.175825 -6.40744
-0.389783 -6.47341
-0.206458 -6.59481
-0.367542 -6.69286
-0.137381 -6.78814
-0.319927 -6.91955
-0.535373 -6.95694
-0.436446 -7.03381
-0.254708 -7.08367
-0.428795 -7.14084
-0.638399 -7.08327
-0.613331 -7.20534
0.104616 -7.11432
-0.131744 -7.09238
0.141479 -7.02562
0.00399494 -6.92311
-0.146707 -6.93376
0.114167 -6.7833
-0.0369387 -6.66518
0.157345 -6.59357
-0.0465345 -6.5362
0.0497932 -6.40472
0.307261 -6.40157
0.151678 -6.20513
0.504416 -6.14874
0.191463 -5.93295
-0.0169477 -5.87894
0.0380449 -5.75071
-0.010973 -5.54591
0.269053 -5.60906
0.478703 -5.3388
0.397272 -5.10366
0.331432 -4.80262
0.0271492 -4.87284
0.0325069 -4.67011
0.126781 -4.44463
-0.0787697 -4.27599
0.106798 -4.16803
-0.164301 -4.01573
0.136203 -3.83217
-0.271173 -3.61264
-0.703902 -3.44929
-0.421316 -3.24981
-0.683554 -2.90689
-1.04733 -3.12117
-1.09939 -3.52469
-1.37273 -3.26797
-1.36639 -2.8987
-1.07954 -2.66787
-1.42802 -2.49652
-1.17214 -2.27153
-1.4295 -2.09034
-1.64934 -2.51396
-1.66085 -2.75537
-1.89284 -2.80417
-1.80402 -2.96702
-1.61861 -3.07235
-1.13846 -1.82119
-0.798105 -2.31765
-0.60996 -1.74099
-1.032 -1.34522
-0.73631 -1.03555
-1.01393 -0.570463
-0.657316 -0.521405
-0.56409 -0.0745139
-0.327999 -0.454798
-0.250021 -0.908615
-0.0500708 -0.684427
-0.011775 -0.885954
0.0177956 -1.01434
0.0934467 -1.32591
-0.296311 -1.39435
-0.0439758 -1.63817
-0.233464 -1.75035
-0.21698 -2.07635
-0.0228281 -1.91261
0.136263 -2.28607
0.213068 -1.82485
0.391593 -2.15009
0.423126 -2.45758
0.294996 -2.73441
0.0873117 -2.60312
0.0450869 -2.85332
-0.160212 -2.51752
-0.265072 -2.94768
0.0206385 -3.1947
-0.187488 -3.3019
-0.00619602 -3.48466
0.25607 -3.45217
0.272958 -3.09583
0.553695 -3.30198
0.524867 -3.79083
0.469397 -4.29744
0.809055 -4.12983
0.873118 -3.7197
1.0454 -4.10544
1.05491 -4.40565
0.840391 -4.46502
1.03401 -4.70648
1.24735 -4.68319
1.29334 -4.3142
1.45826 -4.67826
1.40006 -4.95949
1.19272 -4.96451
1.36663 -5.27894
1.0161 -5.18592
1.20483 -5.52174
1.01337 -5.49581
1.08405 -5.68573
1.23173 -5.80409
1.0041 -5.91718
0.887295 -5.67193
0.725298 -5.88764
0.613418 -5.62872
0.790572 -5.4033
0.644816 -5.10038
0.777198 -4.7807
1.01918 -4.9145
0.466276 -5.84727
0.814659 -6.09001
0.799456 -6.3204
0.547708 -6.41433
0.679161 -6.56384
0.940074 -6.51107
0.797213 -6.69412
1.01978 -6.63615
0.924542 -6.81597
1.20872 -6.72762
1.22698 -6.43475
1.50106 -6.50393
1.49895 -6.29868
1.35167 -6.19438
1.22055 -6.26634
1.19079 -6.08706
1.39379 -5.94206
1.42968 -5.64141
1.54503 -5.82531
1.54917 -6.05485
1.6675 -5.84938
1.66249 -5.61398
1.84282 -5.72468
1.73719 -5.99388
1.9114 -5.96941
1.78003 -6.17274
1.926 -6.25354
1.81545 -6.32313
1.76902 -6.57244
1.7056 -6.72003
2.22837 -6.11666
2.08283 -6.17807
2.09171 -6.03776
2.00141 -6.03155
2.06778 -5.8592
2.0004 -5.73122
2.14322 -5.58935
2.01139 -5.50186
1.86021 -5.39109
2.0323 -5.26672
1.96363 -5.08777
1.80184 -5.13759
1.68276 -5.34533
1.64676 -5.13243
1.55884 -5.27947
1.54671 -5.44343
1.51222 -5.13164
1.5666 -4.93083
1.74082 -4.88675
1.61864 -4.70407
1.55138 -4.38547
1.75168 -4.5699
1.75458 -4.18861
1.49948 -3.95227
1.42617 -4.1901
1.33854 -4.04982
1.29175 -3.79165
1.33326 -3.41647
1.10469 -3.5453
1.16325 -3.93034
0.859694 -3.20864
0.597515 -2.81735
0.439749 -2.99369
0.911793 -2.68584
0.635911 -2.2968
0.866742 -2.14472
0.693495 -1.93654
0.495987 -1.89859
0.607297 -1.6394
0.383463 -1.59412
0.45507 -1.32697
0.232306 -0.947397
0.613254 -1.09384
0.510854 -0.719903
0.176469 -0.555243
-0.109416 -0.373482
0.0715418 -0.244587
-0.208182 -0.102333
-0.309109 -0.239664
-0.331144 0.181715
-0.609419 0.347571
-0.886374 0.684165
-1.28584 0.51641
-1.28478 0.743217
-1.52153 0.643781
-1.54123 0.86009
-1.85764 0.978666
-1.52752 1.1417
-1.82014 1.22638
-1.59882 1.44098
-1.8564 1.67345
-2.18496 1.65962
-2.04134 1.83403
-2.27795 1.84215
-2.12453 2.06127
-1.74238 1.92277
-1.72226 2.18271
-1.55332 2.43002
-1.45549 2.24462
-1.48171 2.07519
-1.29594 2.16439
-1.24541 1.9996
-1.43874 1.89658
-1.23528 1.78419
-0.967222 1.90968
-1.02591 1.61894
-0.76926 1.68856
-0.785275 1.43117
-1.16897 1.32965
-0.818794 1.10021
-1.19958 0.981951
-0.433979 0.880222
-0.454515 0.561615
-0.19611 0.602393
-0.202825 0.374478
-0.399785 0.383811
0.00366974 0.0610312
0.152549 0.359496
0.31289 -0.0657135
0.191498 -0.151698
0.354916 -0.366686
0.572343 -0.314682
0.563983 0.0252644
0.827817 -0.359148
0.735908 -0.605695
0.558906 -0.505267
0.816644 -0.952339
1.03392 -0.789348
1.07184 -1.28829
0.850376 -1.24995
0.951009 -1.5616
0.728833 -1.42216
0.818531 -1.75354
0.990903 -1.91096
1.17456 -1.83072
1.10076 -2.32768
1.31474 -2.34079
1.42041 -1.92966
1.29705 -1.54904
1.31421 -1.17315
1.46544 -1.58097
1.5486 -1.33026
1.46482 -0.962433
1.27771 -0.774621
1.11578 -0.401588
0.876 -0.0637383
1.06699 -0.0689048
0.929711 0.189394
0.695235 0.24587
0.456328 0.363603
0.302465 0.67491
-0.0416908 0.772744
0.0966101 0.950498
-0.166377 1.08293
-0.480933 1.25293
-0.194557 1.40793
-0.515103 1.56783
-0.287541 1.72145
-0.596307 1.9009
-0.311403 1.98467
-0.485103 2.18936
-0.846696 2.21952
-1.10725 2.1332
-1.21251 2.33553
-0.964264 2.51281
-1.25821 2.53129
-1.34043 2.58997
-1.56187 2.583
-1.4044 2.70724
-1.09934 2.70172
-1.18989 2.89297
-0.952902 2.87596
0.580636 2.59155
0.422567 2.62913
0.148561 2.79659
0.267984 2.68411
0.00416088 2.81176
-0.144653 2.83769
-0.424962 2.84875
-0.232821 2.68349
0.0707769 2.66487
-0.0439749 2.49136
0.223761 2.52305
0.202857 2.38441
0.0376863 2.32118
-0.238976 2.32363
7.43866e-05 2.15167
-0.226377 2.13939
-0.596058 2.40082
-0.376162 2.53954
-0.665856 2.62118
-0.869122 2.69565
-0.90742 2.78366
-0.708271 2.86545
-0.481691 2.71113
-1.16555 2.58384
-0.106177 2.02734
0.0249739 2.00036
-0.029686 1.84798
0.232867 1.97989
0.267876 1.59891
-0.0474529 1.59896
0.0764751 1.41666
0.0719662 1.19209
0.309347 1.27469
0.326685 0.985154
0.620472 1.06175
0.51043 1.36617
0.564659 1.546
0.521111 1.75942
0.758367 1.61406
0.75469 1.83948
0.541036 1.98344
0.256287 2.2282
0.26383 2.26118
0.26383 2.26118
0.461493 2.44365
0.726748 2.28463
0.906608 2.07849
1.16733 2.18418
0.906609 2.07849
0.890987 2.03189
0.891572 1.88024
1.00961 1.74603
0.886346 1.70956
1.00938 1.47171
0.789925 1.33953
1.02542 1.23931
1.15466 1.26351
1.14536 1.06199
0.968708 0.975045
1.24265 0.737373
1.04856 0.649326
1.18489 0.396911
1.3471 0.36524
1.32611 0.0949709
1.13083 0.138521
0.987878 0.426309
0.7672 0.471253
0.832279 0.72052
0.57029 0.738829
0.560278 0.500963
1.26241 -0.183098
1.48382 -0.256316
1.52544 0.162768
1.63698 -0.206334
1.63596 -0.445791
1.55377 -0.573602
1.69466 -0.706277
1.79125 -0.440997
1.87574 -0.850971
1.95232 -0.583183
2.01927 -0.797473
2.03599 -1.08703
1.91354 -1.24703
2.06709 -1.42758
1.97246 -1.65185
2.07684 -1.66082
2.12344 -1.91683
2.0068 -2.00458
2.10138 -2.20808
2.23341 -2.28104
2.14413 -2.4494
1.97709 -2.34323
2.16337 -2.80136
1.91469 -2.77234
2.06665 -3.21733
2.21585 -3.13845
2.20452 -3.40796
2.11291 -3.70248
1.91955 -3.5467
1.99396 -3.8616
2.08028 -4.01618
1.9576 -4.1303
1.85124 -3.87846
1.92533 -4.45529
2.10795 -4.32511
2.04737 -4.73857
2.2013 -4.54276
2.24228 -4.76496
2.13283 -5.03246
2.29567 -5.01186
2.16888 -5.30096
2.32238 -5.28328
2.22126 -5.41822
2.25867 -5.51871
2.226 -5.77831
2.37636 -5.52286
2.47804 -5.24493
2.45192 -4.98964
2.60259 -4.98195
2.57862 -4.72066
2.41338 -4.69351
2.54118 -4.43383
2.41175 -4.35719
2.31541 -4.54005
2.27141 -4.31271
2.36148 -4.02886
2.20898 -4.02422
2.29952 -3.66677
2.44142 -3.7546
2.41874 -3.43119
2.29778 -3.31836
2.3321 -2.94713
2.44409 -3.21749
2.5534 -3.54603
2.50774 -3.57291
2.58744 -3.64346
2.53619 -3.76912
2.52309 -4.05696
2.59793 -3.81988
2.62569 -4.03843
2.62237 -4.25425
2.68929 -4.46044
2.69497 -4.16793
2.77516 -4.31084
2.80785 -4.50399
2.84924 -4.2726
2.90433 -4.32239
2.90402 -4.59659
2.81229 -4.74146
2.87226 -4.90448
2.96361 -4.70888
2.92968 -4.95418
2.85758 -5.16809
2.75943 -5.17707
2.75141 -5.41768
2.68035 -5.36533
2.64795 -5.52572
2.59941 -5.46541
2.61502 -5.23398
2.50703 -5.49565
2.53334 -5.70337
2.38209 -5.78788
2.34276 -6.07779
2.45901 -6.04117
2.57076 -5.97703
2.53756 -5.88153
2.63155 -5.80457
2.63776 -5.66121
2.72098 -5.63205
2.65935 -5.85806
2.72647 -5.70431
2.75266 -5.72562
2.82016 -5.56602
2.7726 -5.59942
2.84508 -5.36749
2.87409 -5.24245
2.9041 -5.09787
2.97394 -4.83955
3.00548 -4.70476
3.02486 -4.5673
2.98191 -4.3915
3.05734 -4.35688
3.03518 -4.08809
2.94838 -4.09738
2.87045 -4.07418
2.90899 -3.82628
2.82577 -3.87516
2.78403 -4.04994
2.745 -3.75793
2.67675 -3.89269
2.61772 -3.52056
2.7521 -3.54215
2.74337 -3.30985
2.6073 -3.22424
2.45953 -2.94777
2.56489 -2.9478
2.40174 -2.93535
2.39341 -2.95698
2.36676 -2.93806
2.25722 -2.61019
2.35156 -2.58636
2.37547 -2.24107
2.2788 -1.95461
2.39742 -1.97148
2.50006 -2.14529
2.47955 -2.51025
2.62065 -2.43912
2.56328 -2.72229
2.69835 -2.77626
2.73559 -2.4202
2.6276 -2.07456
2.77515 -2.10124
2.8431 -2.41163
2.80569 -2.73016
2.88794 -2.66201
2.81235 -3.00587
2.85421 -3.10883
2.89243 -3.20342
2.91966 -3.1189
2.87708 -3.32796
2.8858 -3.23921
2.89186 -3.52829
2.82584 -3.45632
2.82897 -3.66447
2.95927 -3.65961
2.99134 -3.88164
3.05305 -3.73508
3.02319 -3.27043
3.10202 -3.599
3.14398 -3.81875
3.12297 -3.98977
3.08055 -3.99282
3.10227 -4.16099
3.17397 -3.38689
3.15281 -3.6581
3.14135 -3.52015
3.15993 -3.26695
3.11907 -3.21487
3.07658 -3.17571
3.03082 -2.90446
2.99972 -2.78644
3.02656 -2.75263
2.97027 -2.62094
2.93374 -2.41801
3.00756 -2.48572
2.99305 -2.18422
2.89472 -2.14601
2.97194 -2.00117
2.8599 -1.90676
2.82663 -2.01149
2.78469 -1.9017
2.69128 -1.76284
2.78656 -1.73997
2.73437 -1.48409
2.58123 -1.3405
2.54661 -1.71931
2.53177 -1.9445
2.453 -1.84319
2.44403 -1.61352
2.33844 -1.63438
2.41473 -1.4532
2.35441 -1.32748
2.22367 -1.29165
2.17835 -1.64753
2.33949 -1.03946
2.18421 -0.89591
2.28399 -0.838605
2.25339 -0.689331
2.12609 -0.535788
2.3077 -0.44906
2.18407 -0.103027
1.96799 -0.237777
1.97532 0.162693
1.76774 0.0732987
1.82412 0.543082
1.62864 0.528316
1.71612 1.03436
1.74678 1.02965
1.74678 1.02965
1.64473 1.09661
1.52135 1.09411
1.5916 1.23573
1.38801 1.28791
1.31049 1.08791
1.22182 1.33168
1.22746 1.53812
1.43591 1.43699
1.37214 1.64441
1.1284 1.82548
1.31413 1.86688
1.38698 2.03959
1.24945 2.13714
1.10069 2.26454
1.01534 2.40081
0.740761 2.56876
0.893639 2.51961
0.801417 2.42994
1.75344 1.75046
1.56186 1.88383
1.66476 1.63075
1.49887 1.6993
1.58492 1.4705
1.75805 1.4207
1.8611 1.57564
1.92707 1.21367
1.76403 1.22243
1.86677 1.10942
1.82083 1.06683
1.9626 0.948035
2.05448 0.635231
1.94247 0.579755
2.11872 0.30601
1.96709 0.396225
2.18491 0.42205
2.22636 0.491491
2.19729 0.681788
2.34883 0.460679
2.33827 0.260087
2.56716 0.278324
2.40254 0.589255
2.52732 0.425082
2.27329 0.753124
2.14498 0.918883
2.10493 1.16517
1.98439 1.3707
2.58543 0.359903
2.47876 0.0962738
2.5999 -0.180361
2.66489 -0.243162
2.51821 -0.182963
2.55715 -0.590028
2.47276 -0.145246
2.46258 -0.0688917
2.43935 -0.571748
2.36948 -0.731718
2.4747 -0.562454
2.48684 -0.980494
2.45846 -1.22347
2.50107 -0.973672
2.50107 -0.973566
2.51214 -0.978306
2.53113 -0.562855
2.47461 -0.569239
2.65586 -0.804554
2.78507 -0.632236
2.70247 -0.445296
2.7967 -0.454687
2.74161 -0.303722
2.98405 -0.658953
2.93106 -0.6222
2.82294 -0.668975
2.8563 -0.708176
2.86081 -1.01255
2.78531 -0.951721
2.82563 -1.14595
2.87542 -1.34768
2.92314 -1.26976
2.99747 -1.72991
2.99599 -1.25315
2.93157 -1.01417
2.98375 -1.01575
2.9532 -0.840686
3.02236 -0.91303
3.00436 -0.77985
3.06189 -1.22269
3.09003 -1.37121
3.10678 -1.50323
3.10971 -1.61705
3.03616 -2.60277
3.13663 -2.97846
3.10158 -2.96678
3.12914 -3.01958
3.1404 -3.14278
-3.92262 -7.09443
-4.04241 -7.05662
-4.02171 -6.9647
-4.1511 -6.98906
-4.12004 -6.84679
-4.22711 -6.68476
-4.00412 -6.82785
-2.67051 -7.22197
-3.04547 -7.02203
-3.20059 -6.99435
-3.18442 -6.91554
-2.99595 -6.81897
-3.07888 -6.57156
-2.79309 -6.64251
-2.90631 -6.47483
-2.67286 -6.8391
-2.87059 -6.95987
-2.93987 -7.06996
-2.83649 -7.12517
2.96501 -1.81665
2.87943 -1.65981
3.03271 -1.68873
3.04995 -1.46158
3.1107 -1.66957
3.04097 -1.06508
2.79872 -1.28377
2.68559 -1.13698
2.4945 -1.46768
2.28137 0.0985883
1.47905 0.833882
1.44768 0.526071
2.69534 -3.07341
2.73987 -4.9647
2.70848 -4.73524
1.88984 -4.92383
1.87724 -4.72415
1.68947 -3.8635
1.74422 -3.61254
1.57294 -3.61103
1.63314 -3.39628
1.5045 -3.31749
1.3951 -3.01801
1.19651 -2.84069
1.08511 -3.14938
1.22787 -2.55331
1.31405 -2.69532
1.44831 -2.7061
1.516 -2.3768
1.59878 -2.71772
1.58194 -3.06431
1.74486 -2.9272
1.75597 -3.29593
1.88805 -3.16537
1.71478 -2.49933
1.84707 -2.45137
1.77691 -2.16807
1.60358 -2.08401
1.53988 -1.82681
1.6533 -1.75096
1.86289 -1.88925
1.76133 -1.4287
1.61903 -1.11645
1.74125 -1.03527
1.58061 -0.831566
1.39257 -0.571721
-1.29857 1.57972
-1.52144 1.7206
0.345742 -7.1172
0.562634 -7.06063
0.342164 -6.97644
0.48967 -6.90088
0.328157 -6.84348
0.530576 -6.74752
0.307521 -6.73321
0.423943 -6.59057
0.185666 -6.91271
0.684656 -6.87417
0.797803 -7.00044
1.0323 -6.94064
1.26031 -6.88499
1.48427 -6.8289
1.63681 -6.60413
1.74 -6.40948
1.64721 -6.3233
1.54944 -6.37695
1.64313 -6.16997
1.07037 -6.30462
0.987974 -6.14744
-0.470037 -2.58888
-0.449091 -2.24749
-0.878896 -3.7766
-1.08505 -7.25987
-0.943867 -7.23576
-1.25367 -7.22052
-1.36007 -7.21483
-1.54107 -7.26508
-1.57613 -7.14611
-1.40906 -7.14492
-1.44692 -6.99998
-1.6968 -7.0206
-1.49734 -6.84383
-0.807921 -7.2216
-0.736052 -5.64275
-0.72681 -5.47865
-0.87644 -5.79981
-0.712188 -5.24341
-2.60206 -4.46576
-2.57696 -4.2761
-2.7226 -4.12235
-2.72418 -3.81339
-2.53207 -3.97454
-2.46988 -3.63221
-2.48293 -3.32055
-2.29676 -3.40329
-2.19158 -3.64289
-2.31398 -3.86894
-2.02947 -3.96629
-2.34443 -4.16171
-2.00083 -3.6567
-1.95952 -1.13586
-2.11772 -0.868887
-2.35512 -0.673154
-2.8292 1.26547
-2.12202 2.66366
-3.44123 -5.39877
-3.48511 -5.58063
-3.68405 1.13275
-3.84384 0.997953
-3.84342 1.21604
-4.13657 0.86245
-4.20828 -4.7412
-4.30293 -6.46126
-4.30144 -6.20117
-4.42205 -6.04002
-4.24124 -6.05669
-4.58865 -4.95699
-4.53805 -3.46719
-4.60955 -3.5305
-4.50093 -3.25689
-4.18129 -1.81008
-4.79526 -3.56636
-4.77595 -1.94048
-4.70556 -1.82339
-4.74925 -1.63298
-4.73473 -1.31026
-4.66321 0.0189736
-4.5132 -6.73234
-4.49024 -6.60325
-4.37612 -6.89965
-4.41929 -6.91065
