-4.97237 -1.73911
-4.95535 -1.5282
-4.92302 -1.34293
-4.66321 0.0189736
-4.62523 0.164619
-3.30013 2.12318
-3.14489 2.27521
-2.98203 2.4327
-2.22814 2.77036
-1.71581 2.90621
-1.45988 2.95212
-0.144653 2.83769
0.148561 2.79659
0.893639 2.51961
1.75344 1.75046
1.8611 1.57564
1.98439 1.3707
2.58543 0.359903
2.98405 -0.658953
3.00436 -0.77985
3.09003 -1.37121
3.10678 -1.50323
3.17397 -3.38689
3.14398 -3.81875
3.10227 -4.16099
3.00548 -4.70476
2.82016 -5.56602
2.75266 -5.72562
2.65935 -5.85806
2.57076 -5.97703
1.7056 -6.72003
1.48427 -6.8289
0.345742 -7.1172
-1.08505 -7.25987
-1.54107 -7.26508
-2.13815 -7.26846
-2.67051 -7.22197
-3.92262 -7.09443
-4.04241 -7.05662
-4.50764 -6.90332
-4.60593 -6.83499
-4.69487 -6.6981
-4.78033 -6.38229
-4.82296 -6.20964
-4.85443 -6.04111
-4.97856 -4.87652
-4.99107 -4.685
