-5.28129 -1.6099
-5.28823 -1.87728
-5.22984 -2.05566
-5.19157 -2.24967
-5.11526 -2.32661
-5.12368 -2.10366
-5.01896 -2.193
-5.02881 -1.93805
-5.15967 -1.82948
-5.02571 -1.65728
-5.1375 -1.52271
-5.18036 -1.40826
-5.25308 -1.36232
-5.24843 -1.22735
-5.17593 -1.23155
-5.20402 -1.07616
-4.30542 2.13048
-3.52976 2.47249
-3.70197 2.29577
-4.11581 2.01355
-4.04682 1.88533
-4.15357 1.61466
-4.21324 1.66555
-4.31834 1.59835
-4.22995 1.81144
-4.37537 1.68839
-4.51134 1.45296
-4.47318 1.3208
-4.65223 1.21002
-4.59912 1.16566
-4.68999 1.01452
-4.79916 1.00263
-4.78393 1.17971
-4.67762 1.31827
-4.76315 1.31099
-4.65937 1.44193
-4.78207 1.3975
-4.87313 1.23188
-4.87613 1.36715
-4.98293 1.28399
-4.99104 1.12856
-4.92372 1.01711
-5.20082 -0.785851
-5.23456 -0.94892
-5.15379 -0.887442
-5.0873 -1.00041
-5.07452 -0.738549
-5.13997 -0.717552
-5.08864 -0.508314
-5.16774 -0.64428
-5.12217 -0.268433
-5.08666 -0.0177904
-4.99942 -0.101106
-5.04747 -0.300636
-4.99282 -0.307005
-4.99542 -0.533099
-4.92585 -0.344642
-4.92726 -0.509045
-4.98849 -0.736846
-4.87758 -0.602499
-4.85505 -0.29364
-4.79891 -0.365968
-4.75966 -0.144654
-4.80238 -0.00538445
-4.88559 -0.0470868
-4.75977 0.344273
-4.85784 0.248117
-4.92689 0.113474
-4.91737 0.324784
-4.81563 0.510437
-4.91064 0.574577
-4.78678 0.782828
-4.89134 0.811653
-4.97273 0.687215
-4.99354 0.553226
-5.00719 0.368588
-5.00286 0.144262
-4.6694 0.803775
-4.56555 1.1051
-4.4862 1.06516
-4.4254 1.24181
-4.30601 1.4582
-4.33095 1.26818
-4.2171 1.30242
-4.08247 1.56567
-3.98183 1.84519
-3.96817 1.64946
-3.81249 1.88425
-3.70883 2.13913
-3.60123 2.25587
-3.6302 2.04893
-3.49095 2.23169
-3.36932 2.4013
-3.27889 2.61246
-3.33923 2.77605
-3.06152 2.848
-2.7504 3.05869
-2.13812 3.29645
-1.80403 3.35923
-1.42952 3.42272
-1.58207 3.28084
-1.68638 3.17732
-1.41938 3.15754
-1.55816 3.00266
-1.34767 3.00208
-1.37087 2.90298
-1.49548 2.83757
-1.72467 2.86516
-1.5471 2.63555
-1.26381 2.74629
-1.262 2.55697
-1.37059 2.38671
-1.11365 2.37285
-1.22699 2.13733
-0.964781 2.13064
-1.09205 1.80859
-0.838463 1.89526
-0.856767 1.61212
-1.09171 1.34023
-1.34346 1.5734
-1.41287 1.13277
-1.20321 0.839774
-1.41733 0.780317
-1.62238 0.761692
-1.67522 1.1476
-1.81352 0.9047
-1.90355 1.15073
-2.01661 0.804688
-1.85022 0.636222
-2.05147 0.36941
-1.76385 0.337352
-1.93571 0.0304855
-2.15999 -0.0353829
-2.02605 -0.366723
-2.26149 -0.303771
-2.35136 -0.113135
-2.46494 -0.334756
-2.50884 -0.088434
-2.37454 0.186665
-2.69363 0.0549154
-2.65412 -0.258678
-2.9033 -0.346533
-2.68737 -0.596894
-2.33626 -0.665211
-2.62816 -1.00897
-2.87833 -0.894527
-2.87744 -1.11635
-2.7798 -1.28979
-3.0253 -1.3026
-3.07916 -1.08203
-3.35047 -1.33411
-3.15358 -1.49866
-3.36941 -1.68402
-3.62083 -1.61676
-3.5695 -1.78043
-3.74063 -1.89221
-3.53306 -1.93293
-3.74292 -2.13953
-3.5165 -2.16906
-3.22582 -1.97259
-3.10697 -1.68594
-3.04269 -1.80897
-2.89891 -1.90478
-3.0325 -2.09964
-3.14885 -2.30804
-3.35704 -2.2153
-3.49652 -2.45009
-3.6978 -2.33459
-3.75472 -2.53489
-3.90995 -2.3984
-3.91622 -2.63985
-3.75701 -2.77381
-3.93779 -2.81125
-3.86798 -3.05599
-3.59098 -2.98011
-3.57713 -3.28508
-3.37885 -3.10816
-3.39572 -2.89557
-3.53238 -2.73279
-3.24223 -2.67612
-3.64674 -2.62123
-3.20347 -2.96731
-2.98178 -2.85517
-2.87868 -2.55323
-2.9077 -2.29218
-2.99352 -2.20547
-2.86064 -2.12818
-2.61834 -2.264
-2.69995 -2.00636
-2.72249 -1.86933
-2.71087 -1.70425
-2.91518 -1.51329
-2.69638 -1.47498
-2.5518 -1.3287
-2.54985 -1.55459
-2.39655 -1.47831
-2.29827 -1.17159
-2.20037 -1.55241
-2.42737 -1.7663
-2.17958 -1.84609
-2.33021 -2.06542
-2.52616 -2.00193
-2.26199 -2.3828
-2.02281 -2.094
-1.94284 -2.49565
-1.77169 -2.20176
-1.76673 -1.88166
-1.9752 -1.70332
-1.73749 -1.48964
-1.9873 -1.29988
-1.70992 -0.986118
-2.02334 -0.850519
-1.80385 -0.575206
-1.70812 -0.125867
-1.56286 -0.511044
-1.4535 -0.12534
-1.43965 0.365355
-1.27618 0.0404027
-1.10953 0.400514
-0.990377 0.762951
-0.969687 1.04001
-0.773205 0.907224
-0.790607 1.30823
-0.512193 1.20591
-0.617078 1.47466
-0.456326 1.5459
-0.617464 1.75265
-0.719798 1.53841
-0.374881 1.75992
-0.437876 2.01066
-0.682016 2.12899
-0.471564 2.27182
-0.653524 2.38015
-0.533009 2.49968
-0.77786 2.55956
-0.862494 2.37044
-1.03582 2.57182
-0.970369 2.74757
-1.17835 2.89976
-0.922069 2.94255
-1.20002 3.03489
-0.562 2.87225
-0.681851 2.71514
-0.37463 2.62032
-0.31018 2.37891
-0.125506 2.45017
-0.139713 2.22321
-0.277392 2.14123
-0.0853224 1.95564
-0.267086 1.91874
-0.178691 1.65679
0.0543756 1.64253
0.101183 1.86714
0.0711231 2.14226
0.268395 1.37373
0.446217 1.17899
0.34761 1.03477
0.193974 1.14312
0.249076 0.984709
0.174737 0.926872
0.0458221 1.05633
0.091094 0.590909
0.281828 0.748815
0.281017 0.348239
0.184196 0.134254
0.325569 -0.106603
0.16847 -0.348435
0.0517673 0.131918
-0.0564833 -0.141564
-0.00722122 -0.581055
-0.184708 -0.40585
-0.229174 -0.0595932
-0.409498 -0.29768
-0.360583 0.139614
-0.156561 0.352431
-0.367648 0.464652
-0.484647 0.296496
-0.529794 0.532391
-0.643891 0.271164
-0.540911 0.0171235
-0.732244 -0.0580299
-0.626253 -0.280492
-0.579915 -0.509476
-0.479753 -0.645588
-0.668128 -0.813998
-0.704111 -0.504903
-0.846659 -0.579286
-0.7726 -0.337272
-0.926088 -0.258051
-0.87233 0.212922
-1.10041 -0.0623503
-1.11113 -0.410697
-1.30368 -0.379714
-1.18882 -0.76218
-1.42152 -0.828504
-1.44292 -1.3101
-1.3165 -1.01054
-1.20185 -1.14637
-1.21845 -1.51648
-1.38877 -1.76305
-1.57404 -1.70369
-1.5598 -2.04473
-1.37523 -2.05962
-1.45939 -2.22349
-1.59906 -2.44218
-1.30481 -2.31681
-1.38236 -2.65038
-1.11456 -2.56595
-1.02491 -2.28267
-1.15997 -1.93289
-0.913796 -2.03846
-0.984977 -1.84398
-1.02836 -1.6283
-1.06925 -1.32553
-0.899981 -1.38663
-0.957788 -0.970612
-1.0124 -0.594065
-0.754842 -1.18595
-0.564485 -1.17612
-0.647745 -1.32397
-0.716318 -1.46384
-0.533937 -1.47667
-0.644693 -1.62019
-0.787385 -1.76858
-0.518698 -1.76277
-0.554944 -2.07715
-0.254431 -1.94122
-0.344709 -2.27061
-0.529793 -2.36451
-0.759905 -2.28144
-0.660771 -2.56441
-0.883699 -2.49722
-0.897031 -2.73569
-0.594522 -2.8671
-0.971523 -3.03673
-1.19479 -2.84279
-1.32073 -3.10494
-1.18622 -3.32034
-0.931946 -3.21236
-0.876122 -3.35193
-1.08891 -3.54186
-0.795479 -3.56879
-1.05295 -3.72013
-0.877583 -3.78164
-1.05675 -3.82503
-1.03256 -3.92532
-0.691371 -3.91251
-0.648753 -3.70708
-0.442049 -3.70865
-0.494488 -3.53114
-0.587754 -3.33875
-0.322533 -3.32581
-0.411754 -3.11553
-0.715527 -3.15213
-0.24679 -2.86798
-0.349712 -2.56906
-0.101559 -2.6463
-0.0992365 -2.32654
0.111472 -2.56101
0.141106 -2.18188
-0.00314426 -2.00438
0.159341 -1.71581
-0.0396214 -1.7662
-0.176308 -1.58569
-0.0038147 -1.49669
-0.12431 -1.30548
-0.323697 -1.31084
-0.199494 -1.01382
-0.425157 -0.940005
-0.304257 -0.669792
-0.138636 -0.729299
-0.0226755 -0.988408
0.153275 -0.904919
0.0990019 -1.28711
-0.0158052 -1.25168
-0.0816259 -1.14306
0.236287 -1.30878
0.379371 -1.52292
0.315708 -1.04433
0.262291 -0.735817
0.372025 -0.637117
0.459672 -1.08846
0.531237 -0.777774
0.519992 -0.323343
0.430727 0.151207
0.56914 0.044111
0.528308 0.41152
0.384728 0.491198
0.446212 0.738522
0.529427 0.957999
0.597794 0.700393
0.694562 0.892824
0.599107 1.13675
0.741585 1.0452
0.806395 0.922029
0.810882 0.783787
0.907933 0.713395
0.991647 0.667483
1.0556 0.543395
0.954319 0.546762
1.03202 0.385946
0.931779 0.32315
0.973859 0.0277007
1.06045 -0.261779
0.930434 -0.233948
0.848681 -0.674357
0.890041 -1.19241
0.719141 -1.64019
0.553521 -1.99614
0.573809 -1.7378
0.608648 -1.45056
0.72433 -1.13362
0.589598 -1.10069
0.663619 -0.710922
0.712004 -0.242595
0.848422 -0.301334
0.835814 0.0324916
0.675048 0.196181
0.790386 0.389848
0.661177 0.482354
0.737376 0.65089
0.857988 0.580504
0.905038 -0.426102
0.513758 -1.37357
0.508217 -1.61496
0.456288 -1.87098
0.30957 -2.00001
0.414486 -2.19837
0.26955 -2.36039
0.375731 -2.48967
0.262042 -2.60628
0.210189 -2.83758
0.00142384 -2.86185
0.0782804 -3.07841
-0.138012 -3.12083
-0.0218935 -3.25529
-0.14979 -3.33392
-0.058917 -3.45751
-0.264091 -3.51381
-0.221387 -3.68782
-0.0378294 -3.62138
0.118029 -3.48652
0.107196 -3.27744
0.23768 -3.07699
0.348245 -2.87046
0.327441 -2.70028
0.458457 -2.62653
0.512266 -2.31671
-0.321241 -3.97953
-0.282005 -3.86154
-0.465464 -3.95757
-0.745337 -4.0985
-0.934235 -4.23225
-0.975119 -4.33233
-1.14842 -4.33111
1.14009 0.384003
-5.16137 -3.05479
-5.13954 -2.85215
-5.07384 -2.66629
-5.01105 -2.86879
-5.06377 -3.04612
-4.94791 -3.07827
-5.00197 -3.20709
-5.08682 -3.19696
-5.01518 -3.37363
-4.88487 -3.33837
-4.9138 -3.50297
-4.73447 -3.4932
-4.74586 -3.32867
-4.80606 -3.10299
-4.88418 -2.87341
-4.7741 -2.8652
-4.79314 -2.61343
-4.94307 -2.66496
-4.89176 -2.47629
-5.00882 -2.45072
-4.91319 -2.27043
-4.92918 -2.03053
-4.82148 -2.08644
-4.80485 -2.33363
-4.69114 -2.11935
-4.70053 -2.37567
-4.65237 -2.51468
-4.66555 -2.73182
-4.52321 -2.56208
-4.53454 -2.24563
-4.37693 -2.37082
-4.29903 -2.65312
-4.52469 -2.82675
-4.39716 -2.9368
-4.25548 -2.94462
-4.31674 -3.16201
-4.51664 -3.07646
-4.46839 -3.3131
-4.29409 -3.3801
-4.37374 -3.53941
-4.59351 -3.45829
-4.49963 -3.60042
-4.61312 -3.64324
-4.39199 -3.75093
-4.55924 -3.79443
-4.44651 -3.91435
-4.43595 -4.0585
-4.29001 -4.09914
-4.22592 -4.03849
-4.35008 -4.01111
-4.29465 -3.92775
-4.14467 -3.97422
-4.1608 -3.86612
-4.14434 -3.69643
-4.17789 -3.50672
-3.974 -3.55446
-4.10445 -3.33717
-3.86238 -3.35563
-3.67773 -3.60057
-3.90571 -3.76399
-3.69039 -3.86986
-3.94728 -3.97486
-4.03427 -3.83107
-3.70558 -4.05513
-3.84299 -4.11946
-3.72396 -4.20959
-3.986 -4.12984
-3.54142 -4.13377
-3.41789 -4.08468
-3.516 -3.98508
-3.33414 -3.9508
-3.42822 -3.77861
-3.22273 -3.81634
-3.23311 -3.67702
-3.34469 -3.51921
-3.32018 -3.30085
-3.13495 -3.36878
-3.17662 -3.18174
-3.01159 -3.0795
-3.01971 -3.23943
-2.89066 -3.19662
-2.81202 -3.04833
-2.70602 -2.83875
-2.55997 -3.08319
-2.72313 -3.24874
-2.51553 -3.35009
-2.67972 -3.45147
-2.90074 -3.37824
-2.80781 -3.59792
-2.62609 -3.60665
-2.52033 -3.5361
-2.47019 -3.72166
-2.65182 -3.72154
-2.58587 -3.89637
-2.77421 -3.7913
-2.95081 -3.7226
-2.89627 -3.87154
-3.0531 -3.85692
-3.10681 -3.72043
-3.18068 -3.947
-3.0489 -4.02167
-2.96654 -3.92875
-2.86725 -4.02434
-2.71579 -4.38495
-2.65981 -4.30488
-2.62255 -4.25601
-2.64769 -4.172
-2.72988 -4.08963
-2.7453 -3.95524
-2.61453 -4.06684
-2.4704 -4.05547
-2.36666 -3.94223
-2.28993 -4.1389
-2.16089 -3.9926
-2.23642 -3.79778
-2.31695 -3.53848
-2.10496 -3.65849
-2.06502 -3.40553
-2.30446 -3.22841
-2.1146 -3.18782
-2.17742 -2.98707
-1.90852 -3.09725
-2.0026 -2.81746
-2.19966 -2.69817
-2.34777 -2.8398
-2.4996 -2.63602
-2.49594 -2.87672
-2.37552 -3.00298
-1.7872 -2.772
-1.5882 -2.75969
-1.68198 -2.95612
-1.61481 -3.17545
-1.79492 -3.39919
-1.89889 -3.63905
-1.63525 -3.59443
-1.60239 -3.39079
-1.46005 -3.43855
-1.36095 -3.5731
-1.49753 -3.79893
-1.25614 -3.70389
-1.24679 -3.8651
-1.48182 -4.01098
-1.65865 -3.97528
-1.65761 -4.11423
-1.51988 -4.1971
-1.75009 -4.2304
-1.86082 -4.07159
-2.07148 -4.13331
-2.15604 -4.25865
-2.15483 -4.38781
-2.33202 -4.29824
-2.50239 -4.20503
-2.53381 -4.32969
-2.39152 -4.41662
-2.54214 -4.41068
-1.67212 -4.33249
-1.82161 -4.34149
-1.48217 -4.35486
-1.28174 -4.22635
-1.27669 -4.0528
-1.0174 -4.1014
-1.1069 -4.22669
-1.32987 -4.33898
-2.02268 -4.0221
-2.00763 -3.86632
-1.76425 -3.83956
-1.45078 -3.28828
-1.47122 -2.92308
-3.06785 -3.56395
-4.09033 -4.05675
-3.9877 -3.22455
-4.1108 -3.10256
-4.08907 -2.84574
-4.64442 -3.21432
-4.66677 -2.97539
-4.0672 -2.61067
-4.11017 -2.42133
-4.2202 -2.32459
-4.00082 -2.13563
-4.2523 -2.04068
-3.94054 -1.76983
-4.14453 -1.7446
-4.00407 -1.49872
-4.19733 -1.61305
-4.28604 -1.78995
-4.34741 -1.61711
-4.15737 -1.39912
-4.29227 -1.28581
-4.46646 -1.48845
-4.51749 -1.7695
-4.42861 -1.91982
-4.56799 -2.00041
-4.63076 -1.88458
-4.73363 -1.82836
-4.60826 -1.64318
-4.68507 -1.49526
-4.54401 -1.34035
-4.62253 -1.17235
-4.78054 -1.31327
-4.69899 -1.0422
-4.82087 -1.05517
-4.88486 -1.28018
-4.90492 -1.50427
-4.81706 -1.63738
-4.92012 -1.77976
-4.84241 -1.87896
-4.98574 -1.34816
-4.90883 -1.17413
-4.94445 -0.999692
-5.08195 -1.26157
-4.80471 -0.759687
-4.68744 -0.803146
-4.69046 -0.544174
-4.77395 -0.513369
-4.68855 -0.256548
-4.6012 -0.3524
-4.56695 -0.144886
-4.56308 0.126787
-4.69214 -0.0435895
-4.71345 0.124955
-4.58096 0.482368
-4.44493 0.482989
-4.37348 0.761118
-4.4494 0.922195
-4.62381 0.633843
-4.26644 1.06049
-4.07914 1.32482
-4.20577 0.962513
-4.01931 1.12833
-3.88951 1.51586
-3.80174 1.26022
-3.69848 1.71959
-3.51058 1.94683
-3.55016 1.54517
-3.35075 1.86736
-3.35024 2.17272
-3.1848 2.11755
-3.19706 2.38767
-2.97011 2.33282
-3.00921 2.61619
-2.75268 2.61074
-2.77841 2.83281
-2.49532 2.98068
-2.56305 2.80245
-2.31165 2.86894
-2.45166 2.63979
-2.67939 2.34763
-2.40664 2.4229
-2.52772 2.21709
-2.31257 2.21262
-2.50881 2.04547
-2.72392 2.01352
-2.6103 1.83447
-2.37887 1.90607
-2.58571 1.56244
-2.85375 1.63051
-2.84368 1.30829
-3.06795 1.26445
-2.99692 0.900711
-2.68599 1.16388
-2.76231 0.746775
-2.94495 0.706837
-3.05723 0.447868
-2.82414 0.358052
-2.99657 0.0265143
-3.2794 -0.0437866
-3.19139 -0.339164
-3.35986 -0.353468
-3.41203 -0.663343
-3.13898 -0.647479
-2.93813 -0.673011
-3.06347 -0.860635
-3.28215 -0.963483
-3.61646 -1.14089
-3.71359 -0.806369
-3.92396 -1.18005
-3.9718 -0.872738
-4.11415 -1.1656
-4.16676 -1.04134
-4.27941 -1.00329
-4.11379 -0.810553
-4.18452 -0.611276
-3.91926 -0.460297
-3.99099 -0.208118
-4.15271 -0.225784
-4.37105 -0.530663
-4.26527 -0.165989
-4.4087 -0.306112
-4.55006 -0.525936
-4.49026 -0.229764
-4.32906 -0.0282381
-4.43825 0.0479659
-4.30101 0.233665
-4.34901 0.403403
-4.1741 0.510958
-4.17923 0.763148
-4.31625 0.675154
-4.00731 0.85053
-4.03218 0.528817
-3.83367 0.798971
-3.65938 1.15528
-3.48299 1.23031
-3.33438 1.55245
-3.2911 1.25403
-3.44181 0.983781
-3.61975 0.877566
-3.52398 0.610495
-3.27589 0.934891
-3.28824 0.567403
-3.51881 0.210416
-3.32357 0.246485
-3.45069 -0.00346339
-3.58925 -0.111334
-3.71858 -0.0946076
-3.71379 -0.322581
-3.84172 -0.0997013
-3.70747 0.194235
-3.86186 0.0857307
-3.97967 0.0978748
-3.78307 0.442569
-3.96564 0.391181
-4.11271 0.0997984
-4.06128 0.321025
-4.17144 0.245043
-4.22061 0.0343757
-3.77692 -0.572059
-3.54061 -0.360537
-3.12155 1.56491
-3.17508 1.84107
-2.97112 1.86915
-3.04183 2.05696
-2.88375 2.12624
-4.55791 -0.849741
-4.43074 -0.971518
-4.41301 -1.22756
-3.83184 -1.32014
-3.77065 -1.45723
-3.59435 -1.38673
-2.57317 0.471632
-2.46939 0.81079
-2.50781 1.05081
-2.20849 1.11459
-2.4042 1.37227
-2.32917 1.67241
-2.1226 1.60771
-2.18235 1.86278
-2.16548 2.07312
-2.02941 2.30651
-2.20601 2.43427
-2.05103 2.56258
-2.25657 2.57688
-2.16244 2.73126
-1.88225 2.71258
-2.0153 2.89661
-2.1589 3.07298
-1.84382 3.04264
-1.92119 3.19568
-2.41115 3.17924
-1.80542 2.49218
-1.59163 2.3936
-1.7638 2.23762
-1.50941 2.13168
-1.7279 1.98598
-1.57921 1.75766
-1.84689 1.7191
-1.96734 1.98982
-1.96442 1.42308
-1.75237 1.45135
-1.55009 1.42674
-1.34858 1.89568
-2.28089 0.629777
-4.0116 -2.72554
-0.599578 -4.02054
-0.414185 -3.832
-0.75479 -2.05458
-0.891517 0.581384
-0.708306 0.566434
-0.552074 0.819304
-0.421804 0.700252
-0.372275 0.925023
-0.292733 1.16415
-0.315577 1.42704
-0.121067 1.31127
-0.336116 1.60686
-0.0409355 1.50984
0.0713167 1.35812
-0.154925 0.8864
-0.288569 0.682263
-4.53205 1.58681
-4.46133 1.74451
-4.38328 1.93186
-4.28298 1.88723
-4.2025 2.08432
-1.68638 3.17732
-3.14885 -2.30804
-3.14885 -2.30804
-0.913796 -2.03846
-0.787385 -1.76858
-4.92918 -2.03053
-2.80781 -3.59792
-2.96654 -3.92875
-1.48182 -4.01098
-1.65761 -4.11423
-1.51988 -4.1971
-1.51988 -4.1971
-1.27669 -4.0528
