-6.65915 6.1599
-6.63599 6.33958
-6.61632 6.56837
-6.51374 7.02735
-6.64163 6.73366
-6.55593 6.82784
-6.52752 6.68479
-6.54802 6.53944
-6.43724 6.82212
-6.43866 6.66003
-6.53369 6.44309
-6.46308 6.53127
-6.51902 6.3865
-6.44001 6.45874
-6.3781 6.68829
-6.32114 6.6413
-6.37078 6.30758
-6.50017 6.22415
-6.53548 6.23114
-6.57824 6.01827
-6.62403 6.04537
-6.64963 5.88832
-6.63524 5.78099
-6.68969 5.72181
-6.69056 5.84191
-6.73068 5.64838
-6.71251 5.59521
-6.68049 5.54863
-6.72738 5.78438
-6.73141 5.73873
-6.69569 5.8916
-6.65196 6.05998
-6.67527 5.9579
-6.6271 6.11367
-6.60838 6.27054
-6.5825 6.25084
-6.43677 4.09452
-6.55949 4.29558
-6.51651 4.32534
-6.61511 4.52539
-6.55118 4.53032
-6.59 4.76663
-6.49114 4.51588
-6.45783 4.32255
-6.36125 4.24845
-6.24257 3.99144
-6.35968 3.98319
-6.24588 3.78847
-6.1819 3.76778
-6.14724 3.61831
-6.0427 3.52878
-6.10851 3.77703
-6.2352 4.04835
-6.11571 3.97973
-6.26926 4.22497
-6.38728 4.47716
-6.23228 4.30709
-6.31513 4.54604
-6.40709 4.73012
-6.50574 4.73054
-6.48742 4.95948
-6.57136 4.93161
-6.56304 5.13426
-6.47354 5.18943
-6.52895 5.32126
-6.30429 6.10968
-6.23192 6.4031
-6.21825 6.6169
-6.11029 6.63179
-6.09636 6.87276
-6.1999 6.85239
-6.25806 6.93026
-6.31984 6.94255
-6.19334 7.2077
-6.25087 7.15915
-6.31967 7.07779
-6.42354 7.04335
-6.2626 7.2674
-6.38305 7.19297
-6.42057 7.2272
-5.64622 8.25856
-5.82249 8.04016
-5.70754 8.08294
-5.84938 7.86359
-5.68282 8.01862
-5.73042 7.86879
-5.85247 7.69005
-5.69723 7.72544
-5.90765 7.48504
-5.83254 7.39933
-5.55419 7.6152
-5.43408 7.96632
-5.57167 8.02287
-5.32452 8.30757
-5.53578 8.22286
-5.37577 8.41564
-5.2433 8.58249
-5.0985 8.60803
-5.07261 8.82714
-5.3426 8.50858
-5.45728 8.42135
-4.89639 8.88593
-4.90669 9.08002
-4.67439 9.21502
-4.75773 9.33335
-4.56148 9.49112
-4.61083 9.59672
-4.37451 9.8794
-3.51999 10.3955
-3.20403 10.4286
-3.4363 10.2824
-3.67735 10.1902
-3.52367 10.1288
-3.73962 10.0277
-3.90095 10.0487
-3.94289 9.88971
-3.83361 9.84795
-3.64102 9.9278
-3.81592 9.7335
-4.00926 9.70735
-3.99968 9.56025
-3.82998 9.55486
-4.00656 9.35061
-4.16987 9.36618
-4.21401 9.10467
-4.00168 9.15183
-3.85231 9.33999
-3.8813 9.19061
-3.73863 9.24459
-3.66175 9.50459
-3.6097 9.73853
-3.44647 9.68145
-3.52839 9.43349
-3.3708 9.55826
-3.4114 9.38461
-3.56866 9.20879
-3.75484 8.99751
-3.60261 8.95481
-3.37766 9.19889
-3.45887 8.88343
-3.23124 9.07262
-3.30829 8.78217
-3.09073 8.96047
-3.14166 8.71358
-2.92466 8.88465
-2.98258 8.63954
-2.82482 8.75165
-2.8149 8.56345
-2.65902 8.75451
-2.73948 8.90477
-2.5396 8.97853
-2.74606 9.14265
-2.46445 9.22877
-2.5816 9.37584
-2.769 9.45792
-2.52255 9.59639
-2.66197 9.77197
-2.88747 9.64126
-2.97066 9.44433
-3.05182 9.54116
-3.03079 9.75606
-3.23141 9.51003
-3.14159 9.33658
-3.24065 9.7309
-3.10178 9.92514
-3.29449 9.92577
-3.44682 9.8165
-3.46773 9.89677
-3.39981 10.0525
-3.27758 10.2376
-3.22227 10.1331
-3.06126 10.2631
-3.13115 10.3444
-2.99287 10.4106
-2.92887 10.5501
-2.6253 10.8695
-2.37901 10.9276
-2.32574 10.7471
-2.20124 10.8487
-2.04679 10.7056
-2.1617 10.556
-2.37391 10.5719
-2.29216 10.3989
-2.41926 10.4693
-2.56972 10.5107
-2.50012 10.3359
-2.70305 10.3509
-2.67559 10.2022
-2.78486 10.2279
-2.80763 10.3003
-2.9076 10.2265
-2.87159 10.3523
-2.79005 10.4732
-3.07271 10.0977
-2.88213 10.0506
-2.67858 10.0041
-2.54164 10.1554
-2.49793 9.99771
-2.42018 9.82985
-2.30721 10.0436
-2.38583 10.2007
-2.22304 10.2246
-2.08603 10.3478
-2.09483 10.0986
-1.89825 10.262
-1.93756 10.4914
-1.71254 10.3967
-1.82694 10.6262
-1.9148 10.7526
-2.0403 10.8672
-1.78903 10.7809
-2.22892 10.95
0.986982 4.74457
1.02508 4.94588
0.953815 4.82254
0.972445 5.01556
0.919625 4.91543
0.982318 5.16567
0.798063 4.63182
0.717003 4.73424
0.691493 4.49323
0.720958 4.32248
0.814164 4.43403
0.604786 4.08187
0.888597 4.45984
0.896117 4.65104
0.941266 4.64963
0.961651 4.55712
0.91777 4.36819
-0.303019 2.70921
-0.487266 2.54929
-1.0101 2.26778
-1.16542 2.21163
-0.994251 2.40453
-1.34797 2.25939
-1.36765 2.06993
-1.53385 2.05934
-1.57599 1.95532
-5.58507 2.78889
-5.46906 2.65682
-5.6216 3.03109
-5.70624 3.01418
-5.77773 3.22094
-5.81963 3.39752
-5.9196 3.45646
-5.84352 3.22804
-5.97499 3.66321
-5.88027 3.70117
-6.0527 4.09939
-6.17712 4.45787
-5.9984 4.24253
-6.02612 4.51753
-6.18917 4.73097
-6.07191 4.82835
-6.19062 4.92159
-6.12485 5.06665
-6.24254 5.04919
-6.27862 4.90703
-6.32985 5.07841
-6.38283 4.91459
-6.41879 5.07865
-6.37917 5.25252
-6.23783 5.25838
-6.31389 5.52433
-6.12617 5.5449
-6.17224 5.80402
-6.30698 5.82742
-6.41207 5.63493
-6.44817 5.4057
-6.15364 6.11337
-6.14484 6.38347
-6.04278 6.40999
-5.97346 6.69091
-5.86238 6.61232
-5.73588 7.00826
-5.88255 6.97811
-6.00597 6.85404
-5.94811 7.09283
-6.07176 7.16484
-5.75485 7.25345
-5.53805 7.39694
-5.41802 7.64542
-5.26523 7.93748
-5.33223 7.61522
-5.09198 7.90995
-4.98622 8.24758
-5.11507 8.27815
-4.95144 8.57639
-5.14409 8.40118
-5.25287 8.18345
-4.7209 8.56688
-4.68836 8.93706
-4.54363 8.86793
-4.5077 8.70365
-4.60656 8.41888
-4.44468 8.59682
-4.46288 8.45955
-4.5428 8.29058
-4.74566 8.09108
-4.62313 8.04051
-4.91532 7.65107
-4.94868 7.88251
-4.84312 8.19622
-5.20889 7.52367
-5.20492 7.29057
-5.47737 6.97085
-5.30447 7.00351
-5.51323 6.64479
-5.7103 6.51532
-5.72128 6.25933
-5.85425 6.23575
-5.88919 6.04649
-6.00978 6.08127
-5.86694 6.38407
-5.99615 6.30142
-5.99998 5.82249
-5.72142 6.66848
-5.66331 6.9012
-5.49525 7.24236
-5.79209 5.94989
-5.89104 5.60919
-6.03565 5.3029
-5.80654 5.31945
-5.91608 5.01684
-5.65068 5.06643
-5.7367 4.8156
-5.89192 4.68971
-5.65781 4.50659
-5.84404 4.43316
-5.71497 4.21388
-5.87005 4.21889
-5.73371 4.01543
-5.81032 3.88177
-5.60476 3.76765
-5.5754 3.47305
-5.41017 3.4681
-5.42611 3.77994
-5.59967 3.98193
-5.45314 4.1391
-5.14869 3.80708
-5.19414 4.23788
-5.38424 4.46839
-5.51027 4.78808
-5.24961 4.7139
-5.38039 4.93997
-5.21808 5.02208
-5.42113 5.16953
-5.49156 4.99542
-5.58953 5.3308
-5.37348 5.49298
-5.64788 5.56167
-5.45451 5.80501
-5.68353 5.7943
-5.54381 6.07447
-5.66009 6.15546
-5.4953 6.40792
-5.2947 6.39029
-5.2583 6.65653
-5.31438 6.7862
-5.08182 7.00161
-5.1677 7.07116
-5.1145 7.26809
-4.99661 7.30161
-4.77652 7.52698
-4.65457 7.83132
-4.48721 7.84407
-4.58854 7.50008
-4.84626 7.19432
-4.6683 7.08843
-5.02216 6.75939
-4.83795 6.61052
-5.09107 6.40789
-4.96034 6.20657
-5.26368 6.10748
-5.12029 5.7947
-4.72762 5.93632
-4.68294 6.40193
-4.4995 6.30539
-4.50464 6.57467
-4.55977 6.80525
-4.41332 6.77163
-4.37209 6.97825
-4.40297 7.1919
-4.39372 7.49154
-4.1848 7.50287
-4.17718 7.80279
-4.36384 7.75434
-4.2195 8.05175
-4.35013 8.1133
-4.49237 8.03224
-4.38716 8.28642
-4.19313 8.31418
-4.20446 8.50243
-4.30894 8.58604
-4.42356 8.40537
-4.14661 8.90238
-4.33467 8.80539
-4.39945 8.92991
-4.40247 9.1515
-3.92315 9.00264
-3.91836 8.81564
-4.00157 8.56727
-3.80353 8.76238
-3.85521 8.55211
-3.67775 8.68941
-3.79345 8.40735
-4.00601 8.33741
-3.97466 8.10649
-3.68641 8.15675
-3.9636 7.80848
-3.7764 7.75326
-3.98713 7.4291
-4.21579 7.18689
-4.09363 7.04874
-4.27102 6.88922
-4.17342 6.71346
-4.0114 6.86001
-3.89999 7.14825
-3.84301 6.84872
-4.03624 6.49929
-3.81619 6.46745
-3.97388 6.20533
-3.87774 6.1736
-3.95147 5.82753
-4.17648 6.00909
-4.16206 5.58938
-4.05666 5.28945
-3.84836 5.37257
-3.95054 4.86924
-3.72658 5.01994
-3.79843 4.64341
-3.96591 4.37933
-4.06652 4.58313
-4.19484 4.25943
-4.1905 4.82001
-4.32503 4.49626
-4.41016 4.8024
-4.44109 4.42326
-4.38911 4.17993
-4.54402 4.17177
-4.50741 3.9055
-4.36941 3.84906
-4.56955 3.49476
-4.69746 3.86733
-4.87363 3.4685
-4.72369 3.17073
-4.84288 3.09191
-4.7505 2.84751
-4.90075 2.90928
-4.98536 3.14608
-5.02359 2.87453
-4.88799 2.67711
-5.01618 2.57822
-5.16452 2.84803
-5.164 2.63038
-5.24478 2.81699
-5.35189 3.08877
-5.19297 3.18699
-5.26375 3.52856
-5.09694 3.41921
-4.89916 3.84709
-4.98119 4.10424
-4.82121 4.04529
-4.85223 4.26083
-5.02236 4.48901
-4.77217 4.51084
-4.86608 4.83597
-5.06072 4.84583
-5.00587 5.16814
-5.22312 5.27163
-5.11915 5.45915
-4.88971 5.51849
-4.75038 5.18013
-4.63383 5.52368
-4.54598 5.75364
-4.43347 5.98492
-4.38268 5.55859
-4.27946 6.35297
-4.35639 6.59946
-4.52624 5.17984
-4.36729 5.16079
-4.64194 4.83138
-4.58032 4.48729
-4.70215 4.21274
-4.29697 5.00937
-4.24109 5.24156
-5.20968 4.46942
-5.31233 2.76037
-5.53809 3.12797
-5.42205 2.74822
-5.71406 3.3492
-5.70945 3.50525
-5.29681 2.5411
-5.33238 2.45575
-5.33674 2.31142
-5.21721 2.2185
-3.96968 1.6868
-4.09199 1.74385
-3.92668 1.80621
-4.18235 1.83408
-4.36208 1.97131
-4.10218 1.96958
-4.18092 2.13606
-4.31288 2.26172
-4.49273 2.1873
-4.57821 2.05116
-4.63837 2.18283
-4.61075 2.35787
-4.75573 2.29903
-4.74298 2.12766
-4.9222 2.28955
-4.87861 2.06394
-5.09011 2.24663
-5.21334 2.37058
-5.18634 2.47491
-5.07763 2.41922
-4.89755 1.93591
-4.74132 1.90055
-4.68597 1.98364
-4.61172 1.89021
-4.49167 1.86807
-4.54938 1.94289
-4.86816 2.45174
-4.74359 2.52667
-4.57168 2.66151
-4.58181 3.02923
-4.46141 2.89713
-4.40794 3.21331
-4.36738 3.53953
-4.28183 3.42943
-4.21336 3.75521
-4.06736 4.02442
-4.06734 3.74903
-4.1573 3.45977
-3.96895 3.53638
-3.92514 3.98297
-3.72872 3.90933
-3.76318 4.30786
-3.57941 4.28114
-3.5817 4.67616
-3.34633 4.49363
-3.48195 4.06425
-3.23458 4.16202
-3.4135 3.8331
-3.24365 3.90033
-3.34517 3.66871
-3.12304 3.82107
-3.27008 3.56257
-3.08688 3.58419
-3.33595 3.3126
-3.42249 3.43709
-3.55873 3.18282
-3.49902 2.96862
-3.69796 2.8541
-3.64711 2.69708
-3.50861 2.70434
-3.70116 2.41787
-3.77274 2.59259
-3.89252 2.3954
-3.85736 2.20289
-4.01306 2.17084
-3.9086 2.01366
-3.78115 1.92563
-3.72465 2.12905
-3.62768 1.97232
-3.72003 1.83407
-3.53474 1.82271
-3.71569 1.7136
-3.85381 1.70353
-3.54204 1.6701
-3.36112 1.69689
-3.28176 1.94474
-3.45829 2.01675
-3.29643 2.21
-3.51194 2.20818
-3.29193 2.48304
-3.49745 2.46998
-3.621 2.28991
-3.28321 2.78834
-3.36022 2.94142
-3.14686 3.12802
-3.30875 3.13627
-3.14788 3.34498
-2.95127 3.41376
-3.01145 3.5059
-2.82495 3.68659
-2.87678 3.906
-2.64562 3.99767
-2.66786 4.2777
-2.92556 4.11731
-3.09983 4.05234
-2.99222 4.31365
-3.07763 4.55336
-2.84119 4.67024
-2.95397 4.87778
-3.13842 4.88147
-3.34853 4.92372
-3.1918 5.22569
-3.34354 5.20941
-3.50537 5.16271
-3.64705 5.45091
-3.47576 5.57472
-3.56462 5.83909
-3.73554 5.79522
-3.61107 6.12788
-3.76862 6.14922
-3.61391 6.4555
-3.6062 6.87051
-3.40387 6.704
-3.49323 6.3625
-3.35655 6.34958
-3.48622 6.13318
-3.39967 5.96041
-3.17691 6.17248
-3.16071 6.72042
-2.93207 6.60685
-2.92585 7.00286
-3.05251 7.09217
-3.21644 7.05821
-3.0347 7.39076
-3.25596 7.36162
-3.39105 7.06336
-3.4792 7.31336
-3.7001 7.1933
-3.59735 7.48537
-3.77073 7.45583
-3.64503 7.66941
-3.57462 7.90958
-3.50214 7.71027
-3.36695 7.95988
-3.45131 8.15713
-3.36437 8.45553
-3.55121 8.56885
-3.24267 8.25348
-3.15298 8.49772
-3.01851 8.3806
-3.08804 8.02052
-3.32503 7.65837
-3.09592 7.67618
-2.95021 7.8886
-2.92212 7.70123
-2.78712 7.56294
-2.91536 7.26811
-2.77535 7.27514
-2.68881 7.01041
-2.53359 7.48895
-2.39922 7.18865
-2.53817 6.90109
-2.36315 6.81667
-2.08215 7.18518
-2.14051 7.62792
-1.90096 7.49333
-1.84527 7.72409
-1.8934 7.9463
-2.09295 8.01629
-1.92162 8.15329
-2.02623 8.28092
-1.85546 8.33314
-1.91256 8.56611
-1.69844 8.46952
-1.68354 8.71154
-1.79922 8.89544
-1.49754 8.96296
-1.63235 9.251
-1.36083 9.27249
-1.41061 9.53625
-1.62902 9.51945
-1.88579 9.40832
-1.71799 9.70231
-1.88704 9.6147
-2.06501 9.58997
-2.2055 9.33945
-2.23662 9.50201
-2.38531 9.44897
-2.27909 9.66987
-2.2357 9.89384
-2.07436 9.84259
-1.89406 10.0289
-1.88916 9.785
-1.71545 9.96669
-1.74733 10.1686
-1.57143 10.1706
-1.46487 10.4043
-1.64733 10.5849
-1.50064 10.6695
-1.31022 10.4992
-1.24729 10.337
-1.32809 10.1174
-1.05531 10.1784
-1.13103 9.93626
-1.34632 9.82541
-1.52877 9.91404
-1.52515 9.69646
-1.18647 9.69939
-1.20466 9.46292
-1.0114 9.60212
-1.01508 9.79262
-0.890501 9.93203
-0.874983 9.72938
-0.69773 9.7462
-0.771021 9.51753
-0.608166 9.58836
-0.533247 9.44514
-0.612995 9.30948
-0.397942 9.2751
-0.481282 9.13303
-0.284577 9.07643
-0.384383 8.96821
-0.230833 8.86378
-0.39443 8.75433
-0.560927 8.96453
-0.607814 8.80864
-0.551203 8.64696
-0.39341 8.49497
-0.607227 8.42862
-0.742675 8.6929
-0.871585 8.48274
-0.761969 8.25734
-0.953302 8.2199
-0.770151 7.98038
-1.00831 7.93443
-1.1659 8.15868
-1.22428 7.87579
-1.40278 8.08755
-1.42514 7.76018
-1.25521 7.6243
-1.38899 7.44115
-1.15717 7.36766
-1.28381 7.25499
-1.40388 7.16783
-1.57191 7.31057
-1.61764 7.02486
-1.3787 6.91355
-1.4903 6.66508
-1.78081 6.7179
-1.89956 7.03213
-1.78984 7.28649
-2.02575 7.03762
-2.06325 6.82125
-1.95814 6.38244
-1.62946 6.2895
-1.84906 5.98435
-2.13097 5.96382
-1.96704 5.66273
-2.13202 5.60071
-2.06074 5.3675
-2.20984 5.37194
-2.30091 5.61511
-2.3769 5.21534
-2.17378 5.061
-2.42918 4.7231
-2.18505 4.69758
-2.3271 4.2696
-2.0169 4.53368
-2.06438 4.29952
-2.07373 4.06688
-2.31394 3.99143
-2.51861 3.87382
-2.31602 3.74386
-2.67022 3.55478
-2.86945 3.26464
-2.53204 3.33841
-2.83407 3.09603
-2.67686 3.1346
-2.77978 2.95515
-3.03759 2.79628
-2.88689 2.73039
-3.06526 2.48126
-2.84906 2.58162
-2.91526 2.38368
-2.67277 2.48505
-2.85083 2.19596
-3.0871 2.18962
-3.03722 1.98377
-3.12805 1.78265
-2.92162 1.85512
-2.94505 1.70187
-3.16864 1.62631
-2.5901 1.66839
-2.33482 1.67904
-2.07922 1.70066
-1.89847 1.79313
-2.18233 1.77995
-1.96528 1.88789
-2.1723 1.86419
-2.40046 1.84737
-2.43276 1.73525
-2.63704 1.73426
-2.73061 1.81797
-2.53641 1.98915
-2.7654 1.94237
-2.86615 1.99949
-2.69585 2.08418
-2.59878 2.27199
-2.50002 2.14978
-2.25485 2.14754
-2.33425 1.97785
-2.13934 1.97299
-1.93493 2.13285
-1.98264 2.28711
-2.1746 2.41932
-2.39618 2.28275
-2.44162 2.43473
-2.33138 2.68225
-2.63964 2.79517
-2.36126 2.95795
-2.53754 3.08294
-2.20891 3.22634
-2.14986 3.53987
-1.94475 3.79102
-1.74331 4.05213
-1.81657 4.33764
-1.49545 4.26789
-1.60761 4.47235
-1.71309 4.69787
-1.9501 4.93768
-1.67288 5.10978
-1.86709 5.34509
-1.62225 5.49217
-1.78325 5.67786
-1.61517 5.86071
-1.41938 5.66716
-1.39532 6.00509
-1.31346 6.3396
-1.23157 6.66169
-1.17515 6.4325
-1.0983 6.25205
-1.21605 6.07293
-1.06641 5.98909
-1.195 5.78302
-0.842818 5.74259
-0.935706 6.09633
-0.753704 6.14666
-0.921167 6.37437
-1.07827 6.48746
-0.979294 6.73383
-1.19479 7.0328
-0.955829 7.12799
-0.951138 7.4223
-1.08129 7.65269
-0.856997 7.66775
-0.70239 7.29304
-0.641708 7.69414
-0.602949 7.91194
-0.581757 8.11443
-0.508754 7.94598
-0.497979 7.79085
-0.439538 7.88687
-0.338915 7.79156
-0.417199 8.00048
-0.282298 8.0029
-0.381329 8.2278
-0.108031 8.15678
-0.262696 8.35251
-0.189732 8.51034
0.055603 8.38401
-0.0632963 8.67419
-0.212117 8.70915
-0.0794525 8.9493
-0.675666 9.94294
-0.62843 10.1019
-0.822335 10.1047
-0.869602 10.3361
-1.12445 10.4241
0.976115 6.02892
0.910085 6.20139
0.913558 6.04494
0.954211 5.84141
0.859052 5.95944
0.845249 6.19698
0.786684 6.08971
0.755037 6.29935
0.713391 6.17839
0.677919 6.38493
0.616505 6.12525
0.733829 5.94998
0.650666 5.68437
0.520103 5.8826
0.469603 6.23284
0.331081 5.93546
0.460872 5.36834
0.247937 5.39354
0.321527 5.04029
0.217231 4.98686
0.082015 5.0832
0.133036 4.772
0.232053 4.71894
0.0880508 4.45703
0.0231829 4.71487
-0.0835075 4.47217
-0.0587797 4.09914
-0.292829 4.22204
-0.235586 4.56776
-0.396467 4.52588
-0.371282 4.80606
-0.612735 4.70988
-0.549232 4.38635
-0.827787 4.48506
-0.663932 4.28943
-0.550941 4.12692
-0.437593 3.83214
-0.703935 3.89295
-0.788057 4.1793
-0.886789 3.99643
-0.891966 3.84328
-0.816475 3.70287
-0.966169 3.69374
-1.09681 3.81373
-1.16944 3.59132
-0.944505 3.51248
-1.20018 3.3332
-0.937554 3.22856
-1.25696 3.076
-1.53383 3.1717
-1.42377 3.45782
-1.68495 3.416
-1.87025 3.19292
-1.78263 2.95574
-2.08217 2.95537
-1.92345 2.68298
-1.50704 2.80491
-1.69059 2.55151
-1.88579 2.44591
-1.66182 2.33806
-1.48929 2.55314
-1.31991 2.48546
-1.67839 2.11365
-1.89129 2.00937
-1.73146 1.97568
-1.75254 1.88427
-1.10094 2.49134
-1.06705 2.68737
-1.29673 2.67089
-1.13541 2.89755
-0.799639 2.98534
-0.665188 3.29772
-0.692059 3.56574
-0.46476 3.50181
-0.299544 3.67291
-0.219453 3.8919
-0.13343 3.71604
0.0530567 3.91019
0.104072 4.17607
0.204506 4.12089
0.157904 3.80193
-0.00892544 3.66237
0.0172329 3.52506
0.115429 3.50799
-0.143325 3.41139
-0.21473 3.11416
-0.272599 2.9221
-0.232577 2.84337
-0.401608 2.73719
-0.395099 2.90959
-0.5382 2.72068
-0.607377 2.55048
-0.729719 2.57874
-0.821289 2.39049
-0.82729 2.68132
-0.623787 2.74227
-0.564059 2.93144
-0.505569 3.21913
-0.333807 3.16472
-0.298779 3.44223
-0.518274 2.82279
0.230806 3.62184
0.220443 3.7259
0.31955 3.80989
0.296934 3.90524
0.354865 4.14656
0.451296 4.05588
0.507395 4.30493
0.483097 4.55652
0.335812 4.38237
0.229916 4.41309
0.377559 4.76532
0.521454 4.96124
0.627954 5.25695
0.710796 5.4776
0.815573 5.66333
0.989266 5.58085
1.05949 5.75207
1.01355 5.89627
0.629085 4.87527
0.608846 4.53265
0.616438 4.2853
-1.93816 3.44912
-1.73973 3.63709
-1.94361 3.61461
-1.65893 3.84613
-1.41607 3.72626
-1.47497 3.99565
-1.26311 3.93259
-1.19467 4.31977
-1.37639 4.59855
-1.09635 4.4882
-1.08868 4.72208
-1.28312 4.91638
-1.49195 4.91674
-1.37232 5.27327
-1.05204 5.06123
-1.10332 5.45195
-1.28405 5.54927
-0.830389 5.28095
-0.586477 5.38908
-0.536769 5.66443
-0.586181 5.9187
-0.346191 5.83077
-0.515383 6.21106
-0.699008 6.54576
-0.407394 6.57271
-0.557735 6.88591
-0.773489 6.91619
-0.431503 7.13073
-0.435183 7.50071
-0.2624 7.27325
-0.209188 6.9849
-0.374643 6.86088
-0.276225 6.73464
-0.110625 6.71789
-0.215399 6.52987
-0.261681 6.24634
-0.035078 6.36664
-0.0948029 5.94375
0.117666 6.0022
0.0613871 5.58443
0.199815 5.74119
0.199693 6.35615
0.357908 6.36176
0.309787 6.68392
0.0948105 6.68654
0.00332928 6.9623
0.177583 6.97772
0.0759153 7.1599
-0.0548897 7.23396
-0.023633 7.44462
-0.17697 7.5252
-0.0294962 7.62778
-0.145882 7.82282
0.13688 8.10258
0.0958481 7.52041
0.208127 7.29268
0.568092 6.99486
0.675733 6.88897
0.633586 6.67884
0.473005 6.73961
0.54924 6.45924
0.741282 6.50994
0.752873 6.73404
0.813034 6.54715
0.800911 6.39083
0.869631 6.38012
0.431681 6.51457
0.375718 7.04648
-0.137265 5.59132
-0.0572166 5.29213
-0.214204 5.32836
-0.262347 5.55825
-0.378424 5.48627
-0.372264 5.15447
-0.575719 5.04742
-0.138181 4.91311
-0.788182 4.97899
-0.871383 4.79157
-0.980716 4.32312
-1.01167 4.14776
0.807362 5.91889
-2.01507 5.17275
-3.04472 3.01815
-2.66848 4.60337
-2.61881 5.00561
-2.81339 4.38545
-2.80868 5.02801
-2.72304 5.31589
-2.94238 5.30955
-2.72721 5.71186
-2.90182 5.79037
-3.10746 5.6791
-3.27288 5.42966
-3.30893 5.69664
-3.38686 5.39919
-2.93361 6.14892
-2.775 6.06512
-2.6562 6.51644
-2.6176 6.08912
-2.5795 5.83893
-2.53561 5.53181
-2.42324 5.98197
-2.28068 6.42343
-2.49802 6.32762
-2.4596 6.54003
-1.64969 7.57476
-1.64037 7.92485
-1.56067 8.14804
-1.72197 8.1943
-1.49732 8.35713
-1.50248 8.65373
-1.29784 8.57236
-1.31087 8.82034
-1.19914 9.09156
-1.03258 8.77891
-0.932337 9.10352
-1.02545 9.3451
-1.20584 9.29682
-0.808907 9.29317
-0.700039 9.13295
-0.767907 8.92529
-1.10844 8.43759
-1.29788 8.33151
-2.32168 9.08285
-2.08976 9.12552
-2.25126 8.87899
-2.39192 8.93146
-2.46145 8.79229
-2.3552 8.65956
-2.13841 8.65871
-2.01838 8.9055
-1.96665 8.75657
-1.8827 9.11497
-2.13549 8.42055
-2.35918 8.40452
-2.23921 8.18568
-2.47892 8.08713
-2.59637 8.25544
-2.57922 8.53237
-2.81848 8.25862
-2.75121 7.95786
-2.89872 8.03984
-2.57895 7.80435
-2.34507 7.87704
-3.47656 7.54368
-4.08596 2.44343
-3.87459 2.67593
-3.96828 2.79963
-3.77888 3.07163
-3.96308 3.11614
-4.11807 2.78398
-4.152 3.11307
-4.25529 2.80136
-4.32389 2.97381
-4.26452 3.22706
-4.39245 2.69492
-4.27197 2.54359
-4.44637 2.4262
-3.7709 3.47155
-3.56154 3.48292
-3.59467 3.74869
-4.91918 7.25974
-4.53515 9.18893
-4.49446 9.42962
-4.43028 9.34884
-4.32582 9.5332
-4.37714 9.60926
-4.39994 9.70499
-4.28091 9.73452
-4.18542 9.71793
-4.16241 9.87643
-4.19789 9.60958
-4.27269 9.43255
-4.12974 9.54928
-4.04808 10.0943
-3.80315 10.2661
-3.85439 10.1551
-6.30315 4.72022
-2.82964 9.85332
-2.72296 10.5922
-2.56173 10.6779
-2.98627 9.21542
-2.93829 9.05514
-6.08256 7.43792
-6.1861 7.30698
-6.10465 7.49666
-6.18879 7.46024
-6.00071 7.82723
-6.08887 7.63455
-5.99946 7.69535
-5.97307 7.6283
-6.2471 7.20867
-5.96671 7.53129
-6.4323 4.16767
-1.16542 2.21163
-5.29681 2.5411
