2.25536 0.968826
2.2413 1.00578
2.31488 0.899459
3.21275 -0.113726
3.41691 -0.154806
3.63462 -0.203467
3.65838 -0.411073
3.76674 -0.322519
3.86089 -0.252048
4.65874 -0.51247
4.29154 -0.364545
4.48326 -0.436262
4.08273 -0.303565
4.01642 -0.366163
3.91751 -0.409015
4.20283 -0.494389
3.99587 -0.615029
3.73791 -0.661645
3.47283 -0.575849
3.33092 -0.342023
3.15667 -0.530735
3.37626 -0.714739
3.58567 -0.772367
3.49986 -0.821787
3.64513 -0.881492
3.56271 -0.883159
3.733 -0.964442
3.63755 -0.951868
3.82984 -1.03587
3.60588 -0.926826
3.51323 -0.888029
3.40751 -0.84441
3.39441 -0.806775
3.21951 -0.743851
3.23516 -0.696179
3.05541 -0.615231
2.97093 -0.498859
2.90126 -0.354972
3.07605 -0.266346
2.83534 -0.178648
3.02265 -0.0887978
2.84869 -0.0816138
2.33064 0.72179
2.346 0.557991
2.2745 0.762112
2.20718 0.927076
2.19702 1.03672
2.15864 1.04228
2.05154 1.23145
2.12269 1.0266
2.10052 1.02261
2.10572 1.00547
2.20812 0.811096
2.20523 0.712238
2.29282 0.585602
2.27868 0.677678
2.35787 0.447613
2.33862 0.453522
2.38623 0.336966
2.31867 0.451231
2.41238 0.240818
2.48104 0.116019
2.54967 -0.0211874
2.61841 -0.0753142
2.6616 -0.163299
2.73003 -0.187219
2.75682 -0.288616
2.65486 -0.184979
2.7645 -0.353421
2.85665 -0.409966
2.89861 -0.488744
2.82421 -0.408248
2.65704 -0.229784
2.75562 -0.322669
2.63265 -0.17815
2.52009 -0.0374832
2.5112 -0.0135646
2.43165 0.159822
2.3919 0.249722
2.31621 0.429817
2.23501 0.634132
2.16501 0.837256
2.2 0.760453
2.07298 1.08164
2.09187 1.03995
2.05662 1.11992
2.04361 1.16092
2.07534 1.12431
2.04498 1.19558
2.05057 1.23326
2.16092 0.952239
2.16147 1.03033
2.23991 0.783089
2.21593 0.981588
2.28827 0.766378
2.30159 0.599113
2.30781 0.519843
2.35914 0.443571
2.3822 0.316545
2.33412 0.399957
2.26411 0.641063
2.42386 0.175647
2.47956 0.115206
2.55313 -0.0431352
2.61045 -0.0731054
2.68798 -0.215426
2.76848 -0.240083
2.82719 -0.382194
2.9232 -0.413633
2.98384 -0.528988
3.07814 -0.566146
3.13424 -0.678868
3.21664 -0.681007
3.34681 -0.79135
3.35666 -0.730807
3.18223 -0.602709
3.28117 -0.623769
3.42133 -0.653792
3.59282 -0.80652
3.64368 -0.758943
3.5877 -0.684025
3.77307 -0.719248
3.86174 -0.88857
4.09779 -0.870936
4.01806 -0.705401
4.37713 -0.87411
4.23167 -0.690083
4.51164 -0.771923
4.7227 -0.949907
4.685 -1.06274
4.96578 -1.10385
4.97501 -0.998921
5.23238 -1.10401
5.11624 -0.937496
5.38962 -1.01122
5.49546 -1.13296
5.45869 -1.24417
5.74149 -1.18694
5.71752 -1.31586
5.51783 -1.3612
5.71746 -1.40496
5.54899 -1.42698
5.36521 -1.39323
5.28237 -1.30591
5.1646 -1.3394
4.97153 -1.2292
4.96959 -1.32543
5.20688 -1.41123
5.04583 -1.39085
5.25116 -1.44699
5.08067 -1.42514
4.8835 -1.37528
4.89395 -1.40617
4.67941 -1.34087
4.71512 -1.36897
4.54509 -1.30807
4.55963 -1.31907
4.37462 -1.2444
4.45142 -1.26003
4.59303 -1.28722
4.75115 -1.3644
4.81375 -1.31659
4.97535 -1.38798
4.91901 -1.40069
5.10238 -1.4075
5.13363 -1.42664
5.3154 -1.40571
5.21569 -1.37295
5.51117 -1.35587
5.33974 -1.34263
5.11621 -1.34553
5.36992 -1.29461
5.531 -1.29964
5.68937 -1.21579
5.78764 -1.29534
6.05345 -1.21818
6.03769 -1.13113
6.26019 -1.14052
6.29865 -1.09397
6.10255 -1.07312
6.28576 -1.0213
6.65043 -1.07247
6.57141 -0.96796
6.76948 -1.01923
6.84242 -0.978026
6.30591 -0.96509
4.82021 -0.596124
4.97103 -0.685813
4.85122 -0.65176
4.71271 -0.596055
4.89656 -0.733597
4.5596 -0.639766
4.34557 -0.724364
4.71675 -0.824082
4.44237 -0.932938
4.16314 -0.813643
3.94403 -0.79345
4.1652 -0.92179
3.9403 -0.919529
3.77046 -0.807902
3.73861 -0.874671
3.8271 -0.961754
4.03952 -1.03383
4.18739 -1.02309
4.228 -1.09956
4.43933 -1.12404
4.36933 -1.01599
4.63724 -1.06202
4.77058 -0.969347
5.03474 -1.08553
4.78338 -1.20128
5.03245 -1.242
5.24181 -1.22462
5.18521 -1.28902
5.41235 -1.23432
5.57442 -1.12412
5.87339 -1.09556
5.81999 -0.977282
6.02473 -1.02925
6.05295 -0.973463
5.11695 -0.775144
5.26678 -0.853912
4.97673 -0.833905
5.03124 -0.915304
5.42893 -0.921017
5.61195 -0.968891
5.37588 -1.07064
4.97832 -1.29397
4.56678 -1.22351
4.35269 -1.17726
4.45044 -1.2336
4.31533 -1.21112
4.16186 -1.13782
4.16334 -1.16392
3.95709 -1.06352
4.03303 -1.10687
4.03923 -1.11804
4.20775 -1.17524
4.24023 -1.15968
4.4315 -1.2527
4.42536 -1.20919
4.59259 -1.27739
4.74208 -1.32205
4.68185 -1.26297
4.86561 -1.34464
4.8264 -1.2508
4.6562 -1.17061
4.37081 -1.131
4.23606 -1.13475
4.0467 -1.04865
4.09081 -1.10086
3.88902 -1.03671
3.75093 -0.932938
3.52535 -0.847445
4.15045 -1.00572
4.38881 -1.03005
7.11447 -0.992876
8.7072 -1.0937
8.90323 -1.04637
8.83035 -1.10133
8.95027 -1.03979
9.08669 -0.937973
9.20545 -0.822894
9.4221 -0.349356
9.46068 -0.0595225
9.44547 -0.224614
9.4292 -0.206348
9.41957 -0.0348977
9.45967 0.108148
9.39674 0.215462
9.34219 -0.0406034
9.36005 -0.223755
9.29749 -0.231783
9.25151 -0.113356
9.21034 -0.334741
9.10203 -0.191136
9.1013 -0.404312
9.1484 -0.510044
9.22104 -0.456304
9.29473 -0.395911
9.21062 -0.553647
9.29567 -0.577236
9.18298 -0.680066
9.20547 -0.764955
9.30017 -0.659101
9.37467 -0.488885
9.38599 -0.365709
9.16694 -0.868278
9.07268 -0.888612
9.00187 -0.987161
8.94835 -0.964903
8.85083 -1.04623
8.85389 -1.08009
8.74389 -1.11281
8.69067 -1.1292
8.58449 -1.13271
8.67215 -1.09377
8.44972 -1.15374
8.52593 -1.10623
8.66984 -1.05763
8.8172 -0.980102
8.62614 -1.01029
8.76006 -0.878536
8.55799 -0.960211
8.58754 -0.84517
8.79718 -0.737961
8.92779 -0.750466
8.98499 -0.575538
8.77222 -0.601047
8.68105 -0.730251
8.52463 -0.712206
8.34249 -0.872568
8.38336 -0.971437
8.16482 -0.988383
8.21173 -1.05728
7.95768 -1.08802
8.13171 -1.11993
8.39669 -1.0643
8.29286 -1.15246
8.03176 -1.17
8.18475 -1.189
8.38778 -1.16799
8.17741 -1.19403
8.3645 -1.18739
8.52617 -1.15889
8.55048 -1.15404
8.45711 -1.16698
8.53148 -1.14072
8.3454 -1.16696
8.36291 -1.1393
8.18934 -1.1244
8.01199 -1.10589
7.83267 -1.06731
7.81827 -1.10631
7.65017 -1.02549
7.59795 -1.1144
7.33734 -1.10704
7.38485 -1.01318
7.01538 -1.0495
7.01191 -1.13262
6.76082 -1.16711
6.48252 -1.11613
6.41592 -1.2047
6.72006 -1.23252
6.93335 -1.21275
6.94624 -1.25969
7.13657 -1.24002
7.07114 -1.19156
7.31583 -1.21506
7.24031 -1.16814
7.46698 -1.17487
7.59434 -1.21291
7.71662 -1.1601
7.86592 -1.18559
7.95665 -1.14426
8.13664 -1.17331
7.99958 -1.20002
7.79058 -1.21327
7.84542 -1.22914
7.60916 -1.24917
7.37347 -1.25179
7.4105 -1.25405
7.61968 -1.24307
7.60163 -1.24642
7.9382 -1.21993
8.02662 -1.20483
8.12097 -1.20847
7.72144 -1.2171
7.9716 -1.19383
7.87273 -1.15246
7.67774 -1.17799
7.55209 -1.21379
7.41647 -1.24831
7.42775 -1.26949
7.17531 -1.30394
7.23714 -1.27625
6.9774 -1.32305
6.89324 -1.30619
7.15493 -1.27196
7.26881 -1.255
6.94242 -1.27527
6.75151 -1.28602
6.69852 -1.32608
6.54151 -1.32308
6.48153 -1.28418
6.31019 -1.33015
6.13652 -1.29221
6.0912 -1.35238
5.84178 -1.33524
5.60894 -1.394
5.97355 -1.38625
5.78512 -1.43835
6.07385 -1.42709
6.23589 -1.40124
6.37094 -1.41041
6.4336 -1.40331
6.60882 -1.37952
6.59199 -1.36573
6.37454 -1.38591
6.40676 -1.35016
6.2261 -1.36427
6.77882 -1.36293
6.82838 -1.34953
6.67343 -1.36416
6.9891 -1.30849
6.98244 -1.32405
7.24645 -1.25614
7.16541 -1.2392
6.9065 -1.27061
7.14032 -1.17142
7.36494 -1.16392
7.36925 -1.20121
7.52586 -1.16532
7.53889 -1.18712
7.41855 -1.22059
7.70682 -1.1499
7.64377 -1.08324
7.93201 -0.988766
7.7481 -0.970462
7.53577 -0.997798
7.35039 -1.09267
7.28451 -1.01132
7.11434 -1.10591
6.96649 -1.17932
6.87212 -1.13725
6.80107 -1.21404
6.61441 -1.31414
6.40313 -1.39254
6.18659 -1.4331
6.1628 -1.38111
5.91642 -1.44865
5.88644 -1.42441
5.69368 -1.44568
5.63264 -1.4596
5.51811 -1.44706
5.43056 -1.4514
5.29616 -1.44726
5.37005 -1.43329
5.44919 -1.43965
5.92807 -1.36256
6.14629 -1.281
5.92478 -1.27383
6.08594 -1.15107
5.87363 -1.01129
5.61703 -1.06211
5.56812 -0.877725
5.27299 -0.864539
5.28812 -0.703018
4.97887 -0.743857
4.82176 -0.853248
4.63613 -0.67286
4.3017 -0.564034
4.49216 -0.491109
4.74706 -0.580989
4.68393 -0.43531
4.43131 -0.260417
4.2042 -0.366058
4.08923 -0.141949
4.23748 0.016884
3.97475 0.0842587
4.03986 0.39002
3.69415 0.234254
3.83297 -0.0186521
3.57332 0.0305794
3.44576 0.25345
3.44733 0.401681
3.23506 0.41859
3.32406 0.196842
3.09766 0.28505
3.01904 0.526165
3.08265 0.711408
2.86669 0.71935
2.88973 0.495088
2.73148 0.684271
2.77175 0.446353
2.92398 0.30222
2.85038 0.215619
3.07482 0.0640985
3.32107 0.00155711
3.25508 -0.101018
3.20072 -0.211473
3.44417 -0.257286
3.42504 -0.406982
3.69081 -0.510318
3.70708 -0.347308
3.98095 -0.507422
3.87817 -0.249179
4.08992 -0.424078
3.57608 -0.170567
3.52847 -0.57498
3.28518 -0.448788
3.17329 -0.497929
3.03786 -0.27551
3.02179 -0.377118
3.03158 -0.461899
2.86889 -0.254618
2.83026 -0.0624906
2.73087 -0.0523958
2.68868 -0.0833743
2.62813 0.0591138
2.54824 0.0834467
2.52411 0.258412
2.44018 0.283741
2.39085 0.518657
2.4785 0.504198
2.36221 0.798063
2.27353 0.946176
2.28622 1.04621
2.21458 1.16513
2.13739 1.20461
2.16429 1.33086
2.11838 1.39005
2.08537 1.3085
2.15922 1.48656
3.5211 6.34073
3.43847 6.20375
3.41085 6.0837
3.35609 6.09441
3.32783 5.98533
2.16429 3.65341
2.1838 2.05185
2.1291 2.21929
2.0821 2.39377
2.04291 2.58697
2.04262 2.79947
2.06028 3.02187
2.10723 3.24348
2.13849 3.47127
2.1928 3.36968
2.14872 3.12372
2.21235 3.27386
2.18149 3.11139
2.16052 2.97198
2.10647 2.88194
2.15211 2.72313
2.09223 2.6557
2.12004 2.55453
2.15725 2.44784
2.24735 2.64081
2.20442 2.9129
2.30794 2.93579
2.28537 3.13757
2.39296 3.24485
2.33369 3.40433
2.39177 3.66337
2.3942 3.67355
2.39423 3.6736
2.39815 3.68178
2.40942 3.88717
2.32444 3.66631
2.29378 3.46417
2.25306 3.52474
2.3005 3.77776
2.22303 3.59419
2.22067 3.78063
2.28881 3.92368
2.47654 4.24327
2.3458 4.07791
2.5598 4.10293
2.55948 4.45472
2.75811 4.43356
2.65705 4.63164
3.26509 5.70343
3.18508 5.536
3.28871 5.51982
3.20798 5.34515
3.29603 5.26218
3.46078 5.39086
3.33242 5.88154
3.52736 5.75298
3.49245 6.00314
3.65948 5.96614
3.71102 6.30373
3.63984 6.49249
3.73975 6.4834
3.87531 6.44711
3.8469 6.08723
4.01015 6.17213
4.00655 5.88031
3.84747 5.74385
4.00173 5.55135
3.88573 5.44915
3.69132 5.52728
3.8236 5.18552
3.64754 5.20142
3.54685 4.94529
3.35938 5.04111
3.42034 4.7685
3.24945 4.80029
3.22201 5.07307
3.2184 5.21289
3.14204 5.17447
3.10261 5.37264
3.08833 5.21168
3.04456 5.07328
3.04223 5.23135
2.96721 5.09027
2.82861 4.97655
2.74238 4.80926
2.81072 4.75168
2.9486 4.78607
2.96182 4.49883
2.8727 4.34444
2.96295 4.2368
3.13806 4.48834
3.07626 4.70229
3.32896 4.44416
3.13487 4.16217
3.28301 4.05538
3.51863 4.23592
3.39942 3.81852
3.67895 3.93338
3.53275 3.66038
3.37923 3.54587
3.1975 3.50332
3.27176 3.3031
3.09882 3.20298
3.1307 3.00055
3.36551 3.15138
3.29803 2.86708
3.00347 2.70164
3.01524 2.87504
2.95387 2.95883
2.77567 2.68739
2.83172 2.39788
2.99209 2.38073
2.8742 2.20997
3.01578 2.16692
2.88321 2.05022
2.73848 2.09585
2.86927 1.82666
3.01536 1.97448
2.99454 1.85109
3.01914 1.74815
3.14061 1.85416
3.18828 1.63744
2.97982 1.56901
3.19633 1.32835
2.89313 1.31209
3.06741 1.02892
2.88471 1.11141
2.76156 1.1596
2.87891 0.947722
2.70101 0.951948
2.62671 1.19306
2.66115 1.4218
2.51516 1.31689
2.54376 1.08149
2.40263 1.17299
2.40373 1.42353
2.50136 1.60804
2.39572 1.596
2.2652 1.57774
2.31276 1.65716
2.24177 1.55262
2.26524 1.28529
2.19835 1.37256
2.20069 1.52425
2.32278 1.36446
2.33942 1.04104
2.42373 0.909571
2.48763 0.68705
2.51322 0.807938
2.61634 0.620365
2.56325 0.492085
2.68664 0.369236
2.59906 0.304491
2.75671 0.14697
2.668 0.102287
2.95024 -0.0234673
2.59096 0.854501
2.48627 0.966834
2.3672 1.85947
2.33923 1.89364
2.28035 1.95395
2.3535 2.16038
2.27131 2.22435
2.31103 2.40841
2.23805 2.38728
2.20165 2.21366
2.38734 2.67047
2.42824 2.36604
2.51148 2.56509
2.51691 2.88671
2.41247 2.99666
2.51083 3.23705
2.50657 3.46374
2.61592 3.56717
2.51513 3.6866
2.55594 3.75261
2.57826 3.91424
2.68637 4.11317
2.72992 3.90344
2.80282 4.20688
2.93586 3.84
2.74338 3.5856
2.85294 3.43293
2.65866 3.25525
2.79253 3.06468
2.64552 2.84483
2.61564 2.56274
2.69643 2.38949
2.57195 2.27919
2.55427 1.93314
2.6628 1.74826
2.43241 1.76412
2.4657 1.92965
2.47744 2.11172
2.7969 1.5768
2.56953 2.70266
2.98189 3.28598
3.0489 3.61526
3.20966 3.77493
3.1171 3.88837
2.67439 3.46801
3.31147 0.789028
3.32708 1.03899
3.56116 0.878317
3.58724 0.557129
3.3195 0.569388
3.80784 0.710953
4.05355 0.788226
3.82745 1.00642
4.11663 1.1196
3.90225 1.37103
3.55177 1.22845
3.66883 1.4839
3.43949 1.52201
3.62397 1.66185
3.42435 1.80504
3.7287 1.83315
3.59652 2.0029
3.29396 2.09589
3.68763 2.22576
3.40439 2.40582
3.16044 2.31586
3.19263 2.54842
3.42583 2.66483
3.61207 2.97723
3.45518 3.06218
3.56336 3.24512
3.47828 3.41714
3.70296 3.54503
3.74472 3.2812
3.92514 3.43875
3.95519 3.77238
3.90447 4.09775
3.76831 4.35967
3.99984 4.36458
3.92085 4.78453
3.70314 4.67288
3.63859 4.4571
3.5302 4.58496
3.74147 4.95204
3.97418 5.21688
4.07608 5.01602
4.11226 4.79094
4.09149 4.57307
4.22965 4.62797
4.18618 4.35042
4.38662 4.38775
4.36823 4.72034
4.24041 4.9957
4.45912 4.99747
4.32454 5.51549
4.12879 5.32402
4.12676 5.65287
4.15553 5.95791
4.33644 6.10823
4.10484 6.31915
4.23489 6.48837
4.0291 6.7298
3.83274 6.78694
3.74152 6.68633
3.75041 6.90592
3.65844 6.803
3.65239 6.6829
3.83318 7.32503
3.75763 7.17077
3.71172 7.04504
3.6893 6.93509
4.01639 7.38584
4.12066 7.10048
4.28018 6.79399
4.38008 7.12423
4.26873 7.39203
4.50483 7.48525
4.61902 7.13307
4.49574 6.82694
4.65879 6.7949
4.62699 6.48611
4.42688 6.48695
4.57528 6.10598
4.82483 6.08801
4.80219 6.5766
5.00313 6.32078
5.03222 5.92328
5.02202 5.51553
5.1737 5.71352
5.3524 5.39236
5.32018 5.79537
5.53846 5.60424
5.67845 5.18614
5.49992 4.95985
5.73464 4.84396
5.61687 4.58669
5.38257 4.74425
5.24197 5.04989
5.19248 4.72019
5.35506 4.43118
5.15433 4.47559
5.01432 4.63785
4.99629 5.01033
4.86551 4.79732
4.79953 5.05055
4.68024 4.82651
4.8348 4.4675
4.6667 4.54778
4.62897 4.29226
4.52946 4.62374
4.47648 4.01084
4.29517 4.14113
4.30815 3.93083
4.12512 4.05556
4.20947 3.74527
4.11016 3.54432
4.32258 3.44326
4.11014 3.28956
4.29261 3.08363
4.06245 3.04368
4.12435 2.84961
3.88776 2.86017
3.8934 3.15174
3.65373 2.68319
3.8849 2.61679
3.67517 2.47236
3.98858 2.38865
4.14699 2.62218
4.00793 2.72795
4.3432 2.79731
4.38308 2.60609
4.31129 2.4297
4.55005 2.50262
4.55684 2.71419
4.74294 2.61264
4.77765 2.8503
4.53896 2.95718
4.52603 3.23004
4.72843 3.11339
4.6944 3.33122
4.56056 3.49729
4.7951 3.57511
4.59313 3.73628
4.70357 3.92751
4.41419 3.72225
4.91236 3.87737
4.81374 4.13387
4.98616 4.15571
5.03328 4.38709
5.17512 4.22792
5.15532 3.88925
5.37613 4.07468
5.43655 3.74665
5.21942 3.55765
5.01768 3.64694
5.02358 3.38888
5.30586 3.24039
4.98651 3.08127
4.8456 3.28823
4.99903 2.83466
4.90607 2.69558
5.10242 2.67588
4.93181 2.53452
5.15577 2.47617
4.95315 2.33648
5.17281 2.24907
4.9521 2.07174
5.19353 2.02747
5.09849 1.78764
5.37842 1.79497
5.39505 2.12405
5.61435 1.95672
5.64102 2.22224
5.40703 2.37673
5.71897 2.47626
5.39985 2.63541
5.67906 2.68011
5.54359 2.81277
5.26444 2.89859
5.58964 3.02073
5.70709 3.29544
5.44394 3.47628
5.64085 3.55432
5.74035 3.7529
5.58587 3.95938
5.85383 4.01275
5.59612 4.22683
5.84623 4.32397
5.92341 4.60125
6.05306 4.36841
6.08808 4.15381
6.15635 3.9384
6.06546 3.75109
6.39944 3.75625
6.3478 3.54415
6.68398 3.54329
6.64575 3.35539
6.90672 3.36404
6.93585 3.1824
7.16022 3.26602
6.9996 3.50671
7.29335 3.43206
7.0901 3.73443
6.74248 3.75259
6.79281 3.99379
6.42539 4.02372
6.53528 4.32272
6.25482 4.27242
6.19226 4.49576
6.32129 4.71924
6.09545 4.68297
5.9666 4.90133
6.14021 5.07866
5.90622 5.19573
5.77704 5.46867
6.00024 5.37061
5.89597 5.68407
5.67727 5.83948
5.44961 6.04487
5.61443 6.24315
5.83416 6.1014
5.73239 6.55644
5.55269 6.5769
5.56551 6.95325
5.39968 6.74242
5.45958 6.40055
5.28945 6.43096
5.27265 6.10036
5.1574 6.01154
5.16441 6.2792
5.11558 6.55691
4.95477 6.81425
5.17949 6.90991
5.00528 7.16396
4.83127 7.16899
4.76804 6.91254
4.7415 7.45394
4.92639 7.40661
4.91916 7.6994
4.67879 7.66449
4.55243 7.7292
4.39974 7.6436
4.54277 7.87121
4.33735 7.77274
4.19891 7.59781
4.00012 7.65357
3.91302 7.48847
5.14988 8.37545
4.86161 8.35557
4.59634 8.26853
4.84716 8.20454
4.54274 8.08888
4.70598 8.02056
5.0202 8.08961
4.83793 7.9473
5.18726 7.93107
4.70198 7.81607
5.14787 7.70029
5.14918 7.40774
5.33576 7.63442
5.32705 7.40831
5.46985 7.3567
5.56278 7.59222
5.6679 7.29315
5.74128 7.55065
5.88152 7.2699
5.8811 7.54782
5.99883 7.42577
6.10463 7.15931
5.99881 6.89077
6.2635 6.74757
6.3467 7.12197
6.50711 6.75789
6.51977 6.43139
6.31798 6.3212
6.53589 6.10649
6.37696 6.02922
6.18829 6.10687
6.07224 6.48025
6.00239 6.18746
5.89985 6.39975
6.07311 5.84694
6.08338 5.54884
6.24557 5.56693
6.35726 5.76553
6.51921 5.39148
6.26727 5.2962
6.52859 5.13229
6.78064 5.07866
6.85306 5.30821
7.13361 4.97536
7.12713 5.31233
7.23531 5.09296
7.32669 4.95708
7.33416 5.1459
7.46599 4.90105
7.42855 4.70081
7.58366 4.67963
7.60511 4.83586
7.72146 4.61185
7.68914 4.39612
7.87219 4.37741
7.8819 4.17188
7.81159 4.04566
7.9789 3.93681
7.91315 3.76124
7.76335 3.86975
7.83027 3.5752
7.62901 3.83026
7.67552 3.54091
7.5052 3.69634
7.55722 3.39013
7.80854 3.23681
7.66559 3.12542
7.78406 2.96035
7.88811 3.00625
7.91019 2.81504
8.01797 3.03957
8.09463 2.66578
8.1895 2.89866
8.26432 2.65998
8.26824 2.40443
8.11799 2.27198
8.31215 2.1325
8.28111 1.97437
8.16077 1.89665
8.32487 1.74552
8.26132 1.51761
7.99097 1.72168
8.1239 1.34083
7.86297 1.36525
8.07054 1.0835
8.22425 1.1072
8.24168 0.874847
8.3513 1.00685
8.48009 0.69557
8.47714 1.13738
8.29236 1.22628
8.42716 1.51499
8.57269 1.3614
8.48109 1.78328
8.70536 1.39744
8.73613 0.978649
8.92046 1.08998
8.93077 0.711878
8.8297 0.659348
8.93139 0.409596
8.73302 0.537646
8.74177 0.732415
8.64606 0.806073
8.62735 0.354155
8.41627 0.326432
8.60556 0.0699239
8.31863 0.0324441
8.4958 -0.121327
8.27339 -0.230649
8.15171 -0.0948496
7.90562 -0.200403
7.99521 -0.445382
8.34364 -0.455827
8.15344 -0.60981
7.92023 -0.615897
7.67215 -0.584579
7.73665 -0.696504
7.38315 -0.761756
7.34899 -0.58164
7.01915 -0.688378
6.89667 -0.880131
6.71055 -0.786394
6.53266 -0.924725
6.62174 -1.02701
6.86995 -1.0274
6.61053 -1.14346
6.48219 -1.10602
6.35072 -1.17757
6.42314 -1.27817
6.66604 -1.22135
6.40135 -1.3413
6.37259 -1.06511
6.20254 -0.957157
6.43508 -0.790349
6.14379 -0.784133
6.02041 -0.903446
5.88093 -0.818929
5.99847 -0.57693
5.6913 -0.700112
5.50948 -0.726911
5.47151 -0.579912
5.22324 -0.526823
4.96959 -0.530784
5.07228 -0.393821
4.79512 -0.286564
5.06873 -0.192881
4.81385 -0.0534134
4.54539 -0.0562534
4.64585 0.164519
4.37694 0.170122
4.43071 0.4214
4.2725 0.650422
4.56274 0.80693
4.71248 0.42779
4.90585 0.632477
5.02753 0.181713
5.20782 0.534541
5.47865 0.210637
5.40245 -0.142054
5.69896 -0.054059
5.66588 -0.249921
5.56082 -0.390931
5.30196 -0.381708
5.70666 -0.539154
5.80843 -0.385739
6.06907 -0.287942
5.85377 -0.20341
6.03097 0.048435
5.74635 0.124182
5.76762 0.387773
5.47511 0.592536
5.65884 0.794072
5.44508 0.892567
5.2691 0.845874
5.07163 0.827976
5.10788 1.07469
4.87026 1.06028
5.02966 1.4169
4.78094 1.40447
4.81026 1.73917
4.55689 1.521
4.63592 1.20409
4.40201 1.17745
4.27897 0.904118
4.24301 1.48282
4.41081 1.72868
4.21377 1.78635
4.04642 1.62732
3.97819 1.82873
3.8348 1.63961
3.85795 2.02015
4.12158 2.00843
3.98887 2.17586
4.23485 2.21135
4.5354 2.2606
4.40288 1.98513
4.67808 2.02747
4.57621 1.81388
4.77491 2.22755
4.74889 2.41324
5.24996 1.53764
5.2957 1.18677
5.46142 1.4037
5.67866 1.57979
5.6698 1.16733
5.50782 1.08606
5.8468 0.914263
5.87624 1.23676
6.00293 0.981103
5.99986 0.749175
5.87246 0.641075
6.08399 0.475913
6.19899 0.83647
6.44095 0.56162
6.41938 0.845184
6.3802 1.11154
6.11471 1.21487
6.30043 1.54013
5.97086 1.5703
5.82164 1.8356
5.81182 2.05604
6.07568 1.92224
5.94061 2.23738
6.3393 2.18998
6.08842 2.44886
5.93858 2.62576
6.163 2.57812
6.17941 2.7001
5.85413 2.82359
6.16512 2.87034
5.95696 3.04388
6.34462 2.99945
6.14776 3.22672
5.98326 3.49935
6.34142 3.35693
6.58917 3.14531
6.6704 2.92995
6.5026 2.77221
6.87149 2.76591
6.74325 2.6179
6.45464 2.51076
6.77339 2.47687
6.81654 2.21585
6.60325 1.97591
6.85021 1.82592
6.62519 1.66523
6.38389 1.88214
6.59971 1.32134
7.02868 1.34533
6.69251 0.910365
7.15581 0.769094
6.85763 0.481702
6.58191 0.23941
6.29531 0.258726
6.37708 0.0694072
6.62354 0.0281127
6.95737 0.141723
6.84208 -0.106481
6.40701 -0.143432
6.63534 -0.28393
6.95809 -0.294978
7.25589 -0.129638
7.103 -0.00928044
7.35146 0.085197
7.33559 0.374525
7.73856 0.22577
7.65314 -0.0379615
8.00903 0.0287831
7.5489 -0.217595
7.28581 -0.305381
7.56052 -0.401426
7.07999 -0.481641
6.67348 -0.453925
6.70717 -0.639896
6.37471 -0.612605
6.34922 -0.399694
8.12239 0.275395
7.89116 0.519485
7.65092 0.416626
7.55358 0.625706
7.43385 0.980142
7.7557 0.831284
7.66022 1.14466
7.40745 1.28296
7.32504 1.53465
7.1698 1.85464
7.44587 1.73433
7.46085 2.01388
7.24521 2.25021
7.02584 2.53015
7.41927 2.54121
7.18437 2.77867
6.93937 2.96933
7.21798 3.02419
7.46129 2.84695
7.45041 3.13744
7.6344 2.94266
7.72047 2.67695
7.67446 2.37644
7.5064 2.27486
7.66923 2.12177
7.80954 2.2063
7.87719 2.37317
7.96906 2.08955
7.83008 1.99681
7.69311 1.78203
7.94408 2.56274
7.5685 1.46869
7.8871 1.03424
8.0277 0.807191
8.2189 0.573284
7.06336 -1.04395
7.16509 -0.938582
7.46468 -0.903774
7.7009 -0.814326
7.67986 -0.909684
7.91555 -0.868948
7.95494 -0.731633
8.21338 -0.767093
8.38406 -0.615546
8.60227 -0.495879
8.53298 -0.297583
8.73293 -0.299849
8.64889 -0.153665
8.7962 -0.0938916
8.82058 0.188981
8.96206 -0.0400029
8.91832 -0.27955
9.0139 -0.386515
8.91071 -0.460851
8.79803 -0.431706
9.06607 0.0324244
8.9824 0.152779
9.07452 0.226727
9.06646 0.478122
9.19721 0.303112
9.16822 0.577518
9.05006 0.732336
9.09797 0.872099
9.04872 1.15339
8.93131 1.4801
8.80492 1.48267
8.76337 1.76017
8.672 1.68837
8.59101 2.00338
8.42516 2.18668
8.506 2.27974
8.39003 2.45964
8.47919 2.42053
8.57594 2.3545
8.59276 2.18727
8.71331 2.07922
8.72924 2.33254
8.57325 2.57261
8.4647 2.54254
8.441 2.73111
8.37236 2.65654
8.32928 2.85502
8.42618 2.93334
8.35561 3.04095
8.27514 3.03893
8.17986 3.14599
8.31483 3.25508
8.16609 3.38815
8.07424 3.27187
7.96042 3.32022
8.01051 3.49247
8.09391 3.66448
8.23619 3.506
8.22429 3.71131
8.11006 3.8687
8.03895 4.10992
8.1859 3.9232
8.21026 4.14824
8.00815 4.35934
7.85666 4.6381
8.0404 4.53905
7.88584 4.90875
8.0457 4.70358
8.17933 4.45626
8.28065 4.24797
8.35642 4.06509
8.40713 3.84683
8.31547 3.78579
8.45053 3.56838
8.56389 3.61422
8.56897 3.36192
8.65821 3.37563
8.65624 3.16853
8.75528 3.20897
8.7305 2.99965
8.82446 2.93048
8.7881 2.77934
8.64687 2.90172
8.76595 2.64925
8.67875 2.61391
8.84295 2.40358
8.8416 2.21531
8.93512 2.0769
8.99077 2.23042
9.0833 1.8335
8.98757 1.73026
9.11013 1.51748
9.08045 1.34459
9.19278 1.20917
9.1714 1.48664
9.26178 1.26629
9.26421 0.973874
9.22782 0.916263
9.2901 0.767424
9.22066 0.741317
9.15442 1.02599
9.2907 0.475789
9.37458 0.5629
9.28864 0.149107
9.17566 0.0544203
9.45403 0.272339
9.41463 0.707371
9.34314 0.931148
9.37654 1.03006
9.41227 1.00577
9.47895 0.436785
9.48882 0.598035
9.48992 0.777289
9.39873 1.20489
9.35137 1.31017
9.37265 1.43165
9.32696 1.56044
9.28819 1.61456
9.2886 1.4474
9.33385 1.19782
9.2307 1.55473
9.17988 1.62863
9.18671 1.75688
9.14089 1.86571
9.08818 2.10309
9.16285 1.97318
9.10724 2.25817
9.01612 2.40465
8.89965 2.51336
8.90088 2.67216
8.85053 2.65179
8.82634 2.63184
8.84057 2.55755
9.03078 2.57574
8.92671 2.8257
8.8694 3.07827
8.98222 2.91769
8.89828 3.1865
8.81367 3.37632
8.69791 3.51906
8.75157 3.60893
8.67001 3.74212
8.59985 3.72698
8.49341 3.91436
8.58189 3.87938
8.49649 4.09435
8.38188 4.18197
8.37695 4.37727
8.27951 4.39179
8.18027 4.66924
8.35666 4.59507
8.44077 4.38916
8.47626 4.24965
8.5175 4.25432
8.4802 4.42296
8.56175 4.29228
8.65563 4.04325
8.55238 4.11795
8.62426 3.9479
8.72115 3.79901
8.77592 3.81751
8.81183 3.60075
8.83541 3.70301
8.88434 3.5029
8.87 3.38768
8.92693 3.26743
8.9934 3.03389
9.00118 3.14894
9.07488 2.90834
9.07253 2.77143
9.12449 2.65101
9.13925 2.44208
9.07662 2.66283
9.13068 2.34596
9.20771 2.08321
9.18414 2.04312
9.24002 1.85257
9.23139 1.73913
9.27699 1.78169
9.31444 1.93187
9.2136 2.19168
9.27357 2.11788
9.1895 2.39099
9.2489 2.28991
9.16976 2.65319
9.14727 2.74736
9.23432 2.55795
9.24323 2.43352
9.34958 1.67255
9.11847 2.91582
9.0757 3.08984
9.02997 3.2534
8.95129 3.35682
8.98738 3.40994
8.9292 3.57448
8.87586 3.6296
8.8762 3.74091
8.79 3.92261
8.84239 3.90278
8.80375 4.04933
8.6764 4.18264
8.68187 4.34007
8.56247 4.44599
8.60431 4.54902
8.54668 4.69065
8.49837 4.58215
8.43086 4.67434
8.41948 4.80178
8.29748 4.85561
8.35012 4.94086
8.23416 5.03717
8.09853 5.0838
8.18262 4.85303
8.07273 4.95331
7.96812 5.14453
7.95008 5.27512
7.99022 5.36625
7.85205 5.49281
7.86418 5.29912
7.774 5.45885
7.75601 5.29029
7.88802 5.13485
7.99885 4.93013
7.7599 5.07853
7.64841 5.17662
7.60583 5.44348
7.51076 5.38926
7.50543 5.1297
7.64845 4.96713
7.75144 4.92253
7.71495 4.78517
7.30598 5.50178
7.05593 5.64627
6.90431 5.51135
6.80392 5.6932
6.65644 5.60172
6.66206 5.74069
6.53415 5.84282
6.6853 5.87164
6.73508 6.05681
6.62928 6.21815
6.74534 6.29491
6.64987 6.53595
6.78647 6.48133
6.94211 6.30617
6.95343 6.03384
7.14985 6.0859
7.16809 5.79739
7.32822 5.87716
7.32116 5.71749
7.45856 5.64517
7.46846 5.84915
7.34841 6.08193
7.53941 5.90961
7.45094 6.10852
7.31335 6.30475
7.11591 6.36691
7.13588 6.57077
6.9823 6.62603
6.88996 6.5553
6.81107 6.82525
6.70087 6.69404
6.58706 6.97138
6.70812 7.0733
6.52472 7.19719
6.34273 7.3842
6.14952 7.42386
6.16375 7.61636
5.98492 7.66567
5.98865 7.81885
5.88715 7.86368
5.83819 7.92173
5.88566 8.00066
5.67213 8.02172
5.7468 7.89826
5.60891 7.93328
5.45157 7.99764
5.50071 7.86027
5.66815 7.88261
5.65458 7.74913
5.79854 7.76085
5.27176 8.07777
5.46186 8.1493
5.23368 8.21003
5.06185 8.22003
5.43603 8.33553
6.15685 8.0444
5.94256 8.14948
6.1508 7.82994
6.52849 7.58831
6.34602 7.56252
6.53029 7.3829
6.66445 7.4515
6.69292 7.2567
6.61489 7.2301
6.84846 7.09715
6.80765 7.30634
6.95456 7.14823
7.03789 6.85853
6.87331 6.92317
6.96274 6.75803
7.22125 6.64237
7.24567 6.77596
7.10965 6.97812
6.46313 7.79099
6.31748 7.91293
8.80748 4.23117
8.75261 4.34987
8.46806 4.84691
8.38691 5.00288
8.3009 5.10612
8.2695 5.09398
8.17956 5.29441
8.1443 5.20762
8.04671 5.47929
7.93777 5.7022
7.78989 5.94416
7.72115 5.76986
7.60081 6.02224
7.63613 5.62023
7.7492 5.58685
7.64228 6.17242
7.51359 6.37707
7.47511 6.23853
7.33833 6.4507
7.37516 6.57318
8.69001 4.46477
5.69806 8.24257
7.18567 5.6552
7.01912 5.83273
6.87712 5.85063
8.47771 4.52425
8.51914 4.42097
9.00766 2.75604
8.85123 1.81888
8.84713 2.04308
8.54072 2.80273
8.51373 3.03626
8.41368 3.1137
8.46257 3.28843
8.35483 3.5209
8.57606 3.15578
8.12009 -0.899766
7.36214 3.6213
7.27737 3.89891
7.03251 3.99401
7.0673 4.21171
6.85818 4.17423
6.80151 4.3745
6.61408 4.54046
6.76602 4.54803
6.63604 4.72409
6.42409 4.98044
6.69301 4.90486
6.81842 4.72836
6.82638 4.61832
6.95083 4.60994
6.93531 4.46938
7.15029 4.44958
6.97816 4.76634
7.27835 4.60798
7.4068 4.31029
7.3248 4.14609
7.49616 4.07138
7.62113 4.13807
7.49997 4.4336
7.45356 3.92679
5.89207 6.65949
5.78867 6.94748
5.34885 7.14886
4.44913 7.92721
4.30268 7.97289
4.26517 7.84786
4.1744 7.73785
4.06511 7.83077
4.13606 8.0133
4.36199 8.14054
3.52209 2.55077
4.61896 5.30822
4.83439 5.31192
4.72971 5.68135
4.51695 5.74863
3.10329 4.93598
2.24969 3.24175
2.19581 3.07941
2.22173 3.08619
8.2375 -1.19076
9.08546 -0.685554
8.95839 -0.844621
9.08762 -0.799714
8.98597 -0.902826
5.18925 -1.20721
3.03707 -0.610581
2.89715 -0.475591
2.93886 -0.541719
2.66415 -0.0887111
2.68611 -0.0680792
2.57657 0.0117382
