1.45448 -3.88142
1.27391 -4.78932
1.33473 -4.6616
1.26302 -4.82263
1.28648 -4.75021
1.20231 -4.97504
1.23237 -4.88339
1.12953 -5.09135
1.12665 -5.00601
1.057 -5.20197
1.05257 -5.1248
0.997451 -5.26001
0.90138 -5.27296
0.930237 -5.40766
0.806784 -5.49161
0.753572 -5.59445
0.79358 -5.58719
0.90293 -5.4412
1.03379 -5.28133
0.985352 -5.32447
0.877928 -5.4287
1.00086 -5.27424
1.09399 -5.18415
1.11744 -5.11103
1.20485 -4.95201
1.11534 -5.05616
1.16255 -4.93914
1.05515 -5.09944
1.04618 -5.05962
-0.262004 -6.01865
-0.045486 -5.95144
0.211061 -5.81997
0.0528574 -5.979
0.220754 -5.91845
0.0274811 -6.07035
0.188118 -6.01015
0.0184331 -6.13864
0.264769 -6.00196
0.398294 -5.85736
0.472281 -5.86165
0.604422 -5.7265
0.651762 -5.72801
0.535798 -5.81713
0.674148 -5.69379
0.625712 -5.73599
0.674339 -5.64287
0.518452 -5.80793
0.527191 -5.81222
0.425527 -5.89353
0.354999 -5.96377
0.246697 -6.02257
0.138292 -6.10461
-0.0114508 -6.16367
-0.104354 -6.22063
-0.224961 -6.27153
-0.180052 -6.20673
-0.371543 -6.31109
-0.413967 -6.26524
-0.141675 -6.11026
-0.309758 -6.12892
-0.562639 -6.23759
-0.479955 -6.13196
-0.685755 -6.2194
-0.713471 -6.13012
-1.05682 -6.18678
-6.43072 -5.63118
-6.1846 -5.65236
-6.31926 -5.67686
-6.04343 -5.75899
-6.18896 -5.75251
-6.0258 -5.83138
-5.89252 -5.84706
-5.83361 -5.83951
-5.70983 -5.94723
-5.86504 -5.92206
-5.73337 -6.03937
-5.56901 -6.12056
-5.47675 -6.04968
-5.36417 -6.20564
-5.46268 -6.27062
-5.28562 -6.33347
-5.3618 -6.4238
-5.0957 -6.42773
-5.12543 -6.28802
-4.94957 -6.3754
-4.90651 -6.31769
-4.75354 -6.4066
-4.85932 -6.46577
-4.58216 -6.5203
-4.89422 -6.51602
-5.13754 -6.50234
-4.98365 -6.57126
-4.68005 -6.60357
-4.76996 -6.65468
-4.45662 -6.68192
-4.58448 -6.70306
-4.44103 -6.73165
-4.19538 -6.73484
-4.15448 -6.67237
-4.38627 -6.61125
-4.13818 -6.60157
-4.3325 -6.56642
-4.24366 -6.49997
-4.52245 -6.43831
-3.93817 -6.43514
-3.88648 -6.55883
-3.63391 -6.50042
-2.97551 -6.51408
-3.32553 -6.51147
-3.53751 -6.59982
-3.20963 -6.58089
-3.27159 -6.65838
-2.97068 -6.61177
-2.96879 -6.69382
-2.72781 -6.63179
-2.55418 -6.68221
-2.46563 -6.59233
-2.69669 -6.55751
-2.13895 -6.53688
-1.81569 -6.44357
-1.85248 -6.53185
-1.5159 -6.45751
-1.73628 -6.5814
-2.05971 -6.60058
-2.06562 -6.65628
-2.2624 -6.66548
-2.29509 -6.6207
-2.32711 -6.70041
-2.56702 -6.72941
-2.80366 -6.74503
-2.68578 -6.76469
-2.93097 -6.79521
-3.09011 -6.78214
-3.35191 -6.74177
-3.30455 -6.77624
-3.15011 -6.81444
-3.39184 -6.79696
-3.52068 -6.78961
-3.5764 -6.80863
-3.8039 -6.80129
-3.69444 -6.76554
-3.60393 -6.70075
-3.91241 -6.72522
-3.86724 -6.65232
-3.98448 -6.77241
-4.24854 -6.76886
-4.07978 -6.78656
-4.082 -6.7793
-3.85484 -6.78351
-3.67598 -6.80026
-3.66558 -6.78228
-3.835 -6.74468
-4.0995 -6.72962
-3.99946 -6.70283
-3.77889 -6.68188
-3.64197 -6.75171
-3.43389 -6.73262
-3.51642 -6.7716
-3.49457 -6.79327
-3.35142 -6.77814
-3.29092 -6.80421
-3.22634 -6.79267
-3.11432 -6.80013
-3.14399 -6.76965
-2.96508 -6.76825
-2.92377 -6.74866
-2.97342 -6.7189
-2.8123 -6.70411
-2.73538 -6.74176
-2.6216 -6.6431
-2.46922 -6.69199
-2.39971 -6.625
-2.21486 -6.64414
-2.31059 -6.70463
-2.09039 -6.67833
-1.94836 -6.61533
-1.86769 -6.65564
-2.09779 -6.69325
-1.95946 -6.67148
-1.90304 -6.67761
-2.08955 -6.685
-2.08549 -6.68603
-2.24685 -6.71705
-2.25074 -6.69732
-2.42896 -6.73302
-2.12557 -6.6753
-1.87038 -6.65005
-2.45152 -6.77268
-2.66486 -6.7804
-2.89545 -6.79078
-2.53028 -6.74681
-2.28397 -6.72588
-1.57511 -6.63388
-1.58893 -6.6041
-1.28904 -6.55255
-1.29856 -6.58669
-1.06367 -6.5344
-0.936352 -6.47447
-1.08779 -6.46153
-0.764541 -6.35961
-1.00007 -6.3639
-0.782737 -6.28929
-0.950224 -6.27516
-1.19537 -6.37663
-1.27443 -6.32843
-1.40544 -6.27092
-1.53331 -6.38048
-1.25805 -6.45567
-1.45859 -6.52408
-1.3126 -6.513
-1.4766 -6.56201
-0.621967 -6.401
-0.830146 -6.47667
-0.657786 -6.41909
-0.900035 -6.48
-0.6879 -6.40087
-1.01377 -6.45545
-1.16564 -6.53845
-1.3134 -6.53831
-1.42458 -6.61374
-1.57048 -6.59959
-1.66637 -6.64311
-1.69798 -6.58278
-1.46163 -6.5363
-1.56802 -6.49838
-1.77936 -6.52158
-2.02685 -6.54451
-1.77558 -6.39098
-1.6426 -6.46249
-1.44071 -6.40552
-1.37867 -6.46408
-1.16484 -6.39894
-1.2631 -6.48217
-0.907865 -6.35544
-0.961165 -6.28759
-0.672381 -6.24299
-0.728647 -6.35269
-0.481389 -6.26914
-0.592457 -6.33626
-0.434244 -6.31434
-0.294405 -6.23626
-0.225256 -6.22753
-0.254866 -6.28489
-0.0944605 -6.1502
0.165574 -6.02098
0.00431585 -6.03644
0.219123 -5.91728
0.0830917 -5.93342
0.241313 -5.81276
0.0488067 -5.86067
0.212541 -5.7
0.415619 -5.63098
0.373353 -5.79363
0.536709 -5.67766
0.613449 -5.44814
0.490083 -5.38246
0.630847 -5.24399
0.720998 -5.28195
0.758567 -5.10743
0.835325 -5.183
0.759471 -5.34894
0.713793 -5.48687
0.941918 -5.05973
0.884834 -4.93033
1.02472 -4.84602
1.03991 -5.01024
1.13869 -4.75453
1.12351 -4.94788
1.21515 -4.80558
1.23175 -4.55202
1.16341 -4.52824
1.24566 -4.39351
1.32176 -4.31938
1.26933 -4.16473
1.40357 -4.0708
1.33722 -3.85542
1.2189 -3.86939
1.30655 -3.60497
1.22949 -3.45464
1.32572 -3.22274
1.375 -3.58795
1.41538 -3.36921
1.38914 -3.0359
1.31287 -2.78429
1.37384 -2.68959
1.30423 -2.38562
1.37357 -2.4223
1.34576 -2.08977
1.40957 -2.32506
1.411 -2.57884
1.4611 -2.4345
1.4698 -2.65567
1.52795 -2.54646
1.52283 -2.78382
1.50958 -2.2017
1.48351 -1.94081
1.43001 -1.93739
1.4461 -2.21938
1.40717 -2.15066
1.34199 -1.66859
1.29386 -1.80438
1.26922 -2.00698
1.25314 -1.6989
1.30334 -1.58234
1.25176 -1.37876
1.34168 -1.37032
1.27975 -1.16911
1.37625 -1.13097
1.40332 -1.51307
1.44913 -1.32276
1.48781 -1.68192
1.46962 -0.704002
1.40159 -0.782968
1.45684 -0.855969
1.43666 -1.02811
1.30623 -0.797812
1.3223 -0.487086
1.23249 -0.990429
1.18752 -1.28825
1.20793 -1.57735
1.15984 -1.47277
1.15051 -1.78766
1.22007 -1.89936
1.19132 -2.17205
1.24644 -2.18904
1.24189 -2.49082
1.14856 -2.57213
1.25714 -2.82855
1.21705 -3.0506
1.1143 -2.92215
1.12239 -3.27004
1.10681 -3.66898
1.0157 -3.46312
1.00902 -3.0235
0.903455 -3.28815
0.890653 -2.88612
0.956202 -2.62645
0.862747 -2.59114
0.871204 -2.28307
0.775786 -2.43251
0.748525 -2.16601
0.79795 -1.94179
0.915678 -1.93992
0.826115 -1.70591
0.720373 -1.64487
0.799555 -1.38712
0.909256 -1.60378
0.907734 -1.33009
0.994969 -1.43487
0.971458 -1.10375
1.05007 -1.24994
1.10697 -0.953489
0.944746 -0.741053
1.06798 -0.539096
1.17844 -0.692173
1.15967 -1.11636
1.11642 -1.25811
1.13394 -0.410611
1.0885 -0.38371
1.03086 -0.209404
1.06535 0.0951243
0.954951 0.392488
0.927548 0.164486
0.854412 -0.0668028
0.915308 -0.402331
0.799465 -0.307329
0.814657 -0.53524
0.806876 -0.739634
0.879775 -0.917535
0.792223 -0.896658
0.843012 -1.10608
0.684374 -0.987554
0.636079 -1.3241
0.508794 -1.04748
0.485448 -1.29719
0.346606 -1.07582
0.373627 -1.45618
0.569534 -1.58826
0.494688 -1.90877
0.667583 -1.91688
0.644561 -2.26538
0.508822 -2.28208
0.589008 -2.61187
0.699628 -2.57508
0.696818 -2.84893
0.793832 -2.73051
0.799863 -3.05166
0.689146 -3.19757
0.795424 -3.34301
0.832263 -3.59022
0.927022 -3.62258
0.865128 -3.86352
0.984394 -3.86619
0.87982 -4.1438
0.982216 -4.1869
1.07184 -4.04781
1.14309 -4.24352
1.01448 -4.41136
1.09363 -4.55679
1.17627 -4.37846
0.9823 -4.69279
0.90533 -4.67534
0.888753 -4.41678
0.795449 -4.64486
0.780602 -4.38573
0.764519 -4.08772
0.659645 -4.3372
0.691541 -4.6286
0.546235 -4.63137
0.53483 -4.30835
0.609668 -3.91869
0.438779 -4.12711
0.450042 -3.83591
0.501254 -3.62002
0.594101 -3.45987
0.463413 -3.25693
0.378984 -3.55897
0.32603 -3.23013
0.3481 -2.83957
0.505279 -2.88581
0.440145 -2.52206
0.612432 -2.93863
0.574541 -3.15136
0.717008 -3.56162
0.308496 -2.41592
0.176669 -2.5687
0.182889 -2.06132
0.0268173 -2.17812
0.00168991 -2.57651
0.0979261 -2.95705
-0.0506163 -2.91994
-0.128835 -2.63512
-0.155732 -2.25833
-0.266675 -2.53955
-0.213944 -2.91989
-0.386983 -2.75915
-0.40423 -2.47984
-0.35454 -2.22203
-0.535752 -2.29355
-0.518608 -2.59794
-0.714768 -2.51141
-0.759051 -2.09485
-0.953016 -2.3257
-1.07597 -1.92771
-1.29288 -2.30731
-1.00472 -2.82346
-1.3748 -2.73639
-1.3358 -3.08097
-1.10903 -3.28273
-1.38282 -3.43211
-1.53055 -3.23951
-1.74336 -3.4643
-1.66945 -2.98417
-2.06382 -3.18541
-2.15709 -3.66638
-1.87598 -3.88009
-2.164 -4.17381
-1.7626 -4.21227
-1.96407 -4.49351
-2.22457 -4.56324
-2.49977 -4.42374
-2.44623 -4.81728
-2.0006 -4.85978
-2.25467 -5.16698
-1.85988 -5.28841
-1.6091 -5.00521
-1.51328 -5.2842
-1.6516 -5.46473
-1.84447 -5.67055
-1.58778 -5.57251
-1.40327 -5.63451
-1.59144 -5.91286
-1.15042 -5.83945
-1.03475 -5.56576
-0.74738 -5.60117
-0.742357 -5.79754
-0.446476 -5.60606
-0.421465 -5.76565
-0.191106 -5.57497
-0.128594 -5.71801
0.0441899 -5.50367
0.138739 -5.61112
0.223419 -5.43979
0.327686 -5.51306
0.367728 -5.25875
0.178754 -5.31105
0.264224 -5.01686
0.0422335 -5.18217
0.0793238 -4.94214
0.223433 -4.65489
0.392298 -4.75711
0.409461 -4.46861
0.274286 -4.2516
0.0693631 -4.34707
0.135705 -3.9404
-0.0248208 -4.03202
-0.113861 -4.26889
-0.0576644 -4.47159
-0.202748 -4.51083
-0.333189 -4.23142
-0.429768 -4.51874
-0.638456 -4.2675
-0.712086 -4.74475
-0.337259 -4.78242
-0.530471 -5.0569
-0.205386 -5.08407
-0.0441918 -4.69905
-0.452026 -5.22751
-0.728014 -5.33459
-0.830793 -5.09957
-1.16836 -5.32011
-1.06408 -4.97816
-1.33347 -5.09596
-1.46367 -5.46671
-1.31931 -4.82806
-1.61716 -4.60371
-1.23373 -4.51578
-1.04563 -4.71216
-0.925665 -4.44588
-1.10198 -4.22709
-1.40512 -4.2396
-1.21613 -3.99619
-1.49897 -3.84553
-1.10271 -3.68874
-1.009 -3.99183
-0.802339 -3.88945
-0.88065 -4.16613
-0.486091 -3.82247
-0.777867 -3.40319
-0.444913 -3.36611
-0.271719 -3.61558
-0.206933 -3.93911
-0.0542483 -3.59844
-0.236595 -3.30305
-0.102951 -3.19976
0.0198665 -3.23061
0.18819 -3.43757
0.229814 -3.00991
0.317305 -3.87607
-0.367496 -3.06337
-0.592187 -2.9371
-0.407448 -5.38612
-0.149119 -5.30535
-0.0320716 -5.39276
-0.232206 -5.45537
0.466857 -4.96
0.605832 -4.87789
0.543417 -5.13801
0.672514 -5.0244
0.694998 -4.8173
0.788941 -4.88133
0.0298162 -5.76343
-0.209385 -5.90606
-0.157442 -6.02211
-0.449296 -6.07786
-0.393084 -6.16947
-0.237445 -6.14708
-0.771617 -6.13573
-0.500599 -5.99268
-0.691533 -5.96159
-1.05496 -6.11844
-1.06388 -6.22447
-1.30643 -6.26836
-1.18948 -6.32146
-1.51597 -6.33847
-1.51976 -6.25506
-1.68002 -6.22989
-1.87964 -6.23089
-2.0487 -6.32174
-2.18597 -6.44526
-2.30704 -6.28697
-2.45636 -6.41587
-2.44848 -6.54652
-2.2541 -6.57255
-2.58404 -6.48015
-2.68238 -6.56064
-2.82615 -6.64496
-2.9129 -6.56381
-2.74934 -6.4709
-2.94406 -6.46674
-2.80051 -6.38394
-3.02006 -6.36986
-3.12387 -6.45046
-3.27029 -6.39089
-3.29673 -6.5005
-3.10534 -6.53648
-3.2619 -6.58511
-3.4592 -6.57448
-3.57214 -6.44356
-3.7464 -6.56432
-3.55035 -6.65726
-3.96394 -6.58406
-4.08455 -6.60959
-4.20945 -6.54944
-4.38143 -6.59048
-4.51458 -6.48326
-4.77009 -6.52772
-4.87113 -6.37614
-5.09366 -6.40907
-5.10013 -6.48431
-5.32303 -6.40048
-5.30227 -6.48015
-5.51174 -6.41145
-5.39797 -6.51084
-5.1251 -6.54713
-5.19039 -6.57247
-4.95859 -6.61633
-4.94205 -6.59201
-4.73149 -6.62729
-4.68195 -6.6778
-4.90297 -6.66312
-4.59285 -6.72749
-4.37725 -6.73419
-4.31106 -6.77429
-4.37192 -6.69283
-4.23353 -6.67018
-4.4999 -6.64236
-4.52972 -6.67238
-4.53318 -6.68072
-4.93746 -6.55711
-4.50843 -6.75871
-4.66704 -6.70487
-4.77521 -6.70565
-4.91202 -6.65871
-5.0677 -6.60331
-5.11796 -6.61233
-5.2561 -6.58698
-5.31361 -6.54248
-5.44915 -6.56324
-5.56817 -6.51325
-5.56737 -6.43799
-5.58079 -6.32106
-5.74028 -6.28746
-5.69374 -6.22793
-5.61095 -6.20414
-5.718 -6.14482
-5.65062 -6.1235
-5.80169 -6.07194
-5.86141 -5.99823
-5.91059 -6.05134
-5.99141 -5.92793
-6.2007 -5.8578
-6.11266 -5.99206
-6.31614 -5.93661
-6.40992 -5.86461
-6.40615 -5.74564
-6.55369 -5.82445
-6.68045 -5.76157
-6.55707 -5.68201
-6.50726 -5.66215
-6.68267 -5.66701
-6.80175 -5.70455
-6.91221 -5.67227
-6.75682 -5.65101
-7.14735 -5.71124
-7.06728 -5.74942
-7.26708 -5.75683
-7.43788 -5.81689
-7.25701 -5.81241
-7.37673 -5.88213
-7.52364 -5.90917
-7.62887 -5.84355
-7.77898 -5.79278
-8.10058 -5.10873
-8.0577 -5.26082
-8.06148 -5.15721
-8.00976 -5.32861
-8.01018 -5.13652
-7.90467 -5.34044
-7.90277 -5.4697
-7.95768 -5.4833
-7.82859 -5.64312
-7.81396 -5.5408
-7.69148 -5.70064
-7.71627 -5.76847
-7.74949 -5.76831
-7.66198 -5.84892
-7.60911 -5.8259
-7.53387 -5.9111
-7.59285 -5.91393
-7.47252 -5.96471
-7.47265 -5.95195
-7.33709 -5.97731
-7.38993 -5.96806
-7.20403 -5.93479
-7.29316 -5.92955
-7.14894 -5.90636
-7.04302 -5.89227
-7.01013 -5.89121
-6.9561 -5.88115
-6.8524 -5.88279
-6.90995 -5.87649
-6.76671 -5.88059
-6.82304 -5.87685
-6.99994 -5.88324
-6.84973 -5.87459
-6.71581 -5.8759
-6.69079 -5.88735
-6.53911 -5.90655
-6.62422 -5.90492
-6.71473 -5.88792
-6.59404 -5.90258
-6.47495 -5.92707
-6.46466 -5.90567
-6.35506 -5.95303
-6.38239 -5.952
-6.49497 -5.91062
-6.40526 -5.93271
-6.5308 -5.87299
-6.62148 -5.88185
-6.67109 -5.83236
-6.76822 -5.84855
-6.81433 -5.80082
-6.92227 -5.83676
-6.97342 -5.74418
-7.09165 -5.82477
-7.19119 -5.87682
-7.25536 -5.78683
-7.34461 -5.84997
-7.4646 -5.88092
-7.46978 -5.7862
-7.56443 -5.78825
-7.58878 -5.69477
-7.70523 -5.58028
-7.61007 -5.56798
-7.48415 -5.67513
-7.38194 -5.76185
-7.34811 -5.63589
-7.50773 -5.52091
-7.41234 -5.42637
-7.23763 -5.48948
-7.15257 -5.68177
-6.98757 -5.51771
-6.81152 -5.70799
-6.69444 -5.58928
-6.63416 -5.74783
-6.70667 -5.79075
-6.57259 -5.83288
-6.4387 -5.83026
-6.52319 -5.70938
-6.33708 -5.76506
-6.26904 -5.88759
-6.26672 -5.95863
-6.11994 -6.0022
-6.09269 -6.11467
-5.94528 -6.15396
-5.97601 -6.03178
-6.14389 -5.875
-5.97665 -5.89025
-6.14517 -5.67715
-6.45253 -5.60195
-6.36071 -5.44052
-6.59815 -5.41658
-6.80286 -5.38849
-6.70752 -5.17142
-6.9556 -5.14298
-7.17517 -5.26066
-7.17028 -4.92778
-7.33615 -5.05923
-7.33236 -5.30019
-7.48924 -5.16184
-7.54801 -5.33886
-7.6794 -5.1181
-7.64575 -5.39359
-7.70552 -5.45914
-7.79957 -5.27554
-7.78827 -5.44625
-7.92867 -5.13084
-7.86653 -4.95447
-7.98876 -4.88362
-8.09831 -4.94094
-8.09325 -4.63865
-8.15361 -4.7244
-8.1632 -4.2612
-8.15164 -3.92496
-8.07522 -4.06824
-8.08894 -3.78029
-8.01388 -3.69646
-8.05491 -3.52327
-7.97008 -3.34591
-8.04179 -3.20299
-7.94234 -2.96057
-8.01164 -2.87574
-7.95956 -2.69083
-7.89991 -2.58503
-7.86805 -2.79501
-7.8318 -2.54451
-7.84589 -2.32163
-7.74877 -2.24021
-7.75764 -2.67865
-7.66774 -2.23322
-7.6728 -2.02377
-7.62265 -1.96707
-7.63555 -1.78189
-7.58539 -1.74252
-7.56038 -2.03122
-7.47466 -1.48289
-7.57302 -1.45485
-7.43871 -1.02356
-7.53964 -1.08458
-7.66307 -1.45694
-7.65264 -1.63516
-7.69991 -1.84791
-7.79335 -1.91948
-7.73149 -1.46664
-7.82062 -1.70679
-7.86171 -2.00566
-7.87326 -2.24751
-7.90308 -2.173
-7.9276 -2.42033
-7.95935 -2.21316
-8.00158 -2.55937
-8.03684 -2.37715
-8.02441 -2.12004
-8.05708 -2.76563
-8.05581 -2.57354
-8.09246 -3.02732
-8.09897 -3.21608
-8.10843 -3.38621
-8.12785 -3.63703
-8.01987 -1.83015
-8.01584 -1.95591
-7.94436 -1.88828
-7.94442 -1.68951
-7.88134 -1.45141
-7.89931 -1.64181
-7.82007 -1.48325
-7.85459 -1.70283
-7.81659 -1.50576
-7.7672 -1.35349
-7.7655 -1.24684
-7.71487 -1.06507
-7.69748 -0.892506
-7.74177 -1.04986
-7.69247 -0.746297
-7.71687 -0.901555
-7.66105 -0.630351
-7.60493 -0.513828
-7.60126 -0.34702
-7.65183 -0.475753
-7.66355 -0.640298
-7.69227 -0.7907
-7.74189 -0.978054
-7.78006 -1.16421
-7.79741 -1.29071
-7.73205 -0.584225
-7.67724 -0.513541
-7.67479 -0.399602
-6.94383 1.31381
-6.92829 1.17195
-7.04828 0.897624
-7.13175 0.753432
-7.32627 0.407757
-7.21438 0.598032
-7.27578 0.441655
-7.37817 0.138331
-7.42057 0.123924
-7.46948 -0.150288
-7.49112 -0.140045
-7.45163 0.0764021
-7.52991 -0.131465
-7.52035 -0.0189609
-7.60588 -0.282873
-7.62801 -0.261205
-7.43047 0.249484
-7.35841 0.498005
-7.38513 0.32429
-7.54904 -0.350679
-7.51944 -0.275594
-7.59638 -0.494014
-7.49955 -0.345336
-7.43536 -0.121295
-7.42198 -0.16375
-7.33899 0.0537005
-7.26585 0.382307
-7.21886 0.285513
-7.12927 0.639093
-7.1758 0.603854
-7.12048 0.740582
-7.00447 0.88948
-7.07288 0.556029
-6.93204 0.856573
-6.87145 1.10292
-6.77591 1.38959
-6.86506 1.39596
-6.80193 1.52675
-6.4561 2.08998
-6.30943 2.19818
-6.39893 1.99751
-6.51909 1.89694
-6.45739 1.82521
-6.3588 1.84358
-6.50658 1.6159
-6.53295 1.73866
-6.62765 1.58976
-6.66479 1.41175
-6.57443 1.37357
-6.70803 1.17998
-6.60389 1.13372
-6.77544 0.845814
-6.66719 0.759753
-6.79276 0.617485
-6.82589 0.355591
-6.70238 0.451297
-6.76336 0.0939247
-6.61077 0.399783
-6.60008 0.636778
-6.48293 0.685551
-6.49859 0.881932
-6.48477 1.1157
-6.39643 1.10109
-6.32054 1.31191
-6.40571 1.48142
-6.18046 1.62415
-6.23871 1.79773
-6.18546 2.04263
-6.28145 2.08073
-6.13214 2.28428
-6.20036 2.44456
-5.97273 2.5852
-5.96897 2.4042
-6.01669 2.22785
-5.90816 2.36326
-5.84568 2.28164
-5.81682 2.5424
-5.64606 2.55159
-5.68928 2.35826
-5.75485 2.16477
-5.89792 2.06147
-5.93186 1.82905
-6.04966 1.9814
-6.13536 1.35038
-5.84437 1.60649
-5.97168 1.28912
-6.148 0.984434
-6.33745 0.990056
-6.34022 0.739853
-6.45638 0.462827
-6.23953 0.594408
-6.39333 0.28762
-6.20059 0.268836
-6.4113 0.0162896
-6.58868 0.058234
-6.55764 -0.298438
-6.41227 -0.219076
-6.47256 -0.394152
-6.57606 -0.6793
-6.72531 -0.619753
-6.75515 -0.933475
-6.88927 -0.949007
-6.86101 -1.25386
-6.68937 -1.181
-6.84546 -1.58091
-6.67668 -1.63718
-6.57747 -1.28445
-6.47982 -0.963764
-6.3218 -0.432208
-6.22948 -0.869174
-6.06434 -0.410755
-6.01355 0.00566679
-6.28024 -0.0586644
-5.91158 0.413161
-6.04417 0.574141
-5.78426 0.753281
-6.00304 0.844559
-5.93814 1.11436
-5.76765 1.0747
-5.73573 1.40558
-5.48943 1.33454
-5.55626 1.02317
-5.45168 0.814467
-5.64742 0.564099
-5.35101 0.558713
-5.08747 0.849492
-5.21931 1.17364
-4.89731 1.11232
-4.82484 1.45049
-5.14493 1.65354
-5.44295 1.69186
-5.21758 1.96435
-5.39845 2.0266
-5.61772 1.75284
-5.63328 2.02671
-5.33572 2.36029
-5.52614 2.43593
-5.23071 2.69261
-5.38553 2.8444
-5.61089 2.8068
-5.42257 3.12048
-5.63796 2.96428
-5.76989 2.76798
-5.81812 2.90019
-6.06739 2.70614
-5.94144 2.94969
-6.10718 2.83203
-6.21657 2.66992
-6.20234 2.57308
-5.87572 3.11978
-5.77547 3.125
-5.7729 3.24314
-5.64083 3.32339
-5.70312 3.39302
-5.22969 3.85529
-5.35561 3.65041
-5.54242 3.51487
-5.45532 3.45161
-5.21177 3.61687
-5.3715 3.3699
-5.16 3.42026
-5.19459 3.16604
-4.96639 3.35629
-4.88765 3.62944
-4.75681 3.52159
-4.61915 3.7351
-4.55367 3.55393
-4.75059 3.31084
-4.41824 3.33799
-4.74337 3.01319
-4.48108 2.98984
-4.66168 2.84739
-4.85453 2.67732
-4.55867 2.65563
-4.82486 2.40912
-4.63101 2.23927
-4.16522 2.43644
-4.43406 1.91711
-4.08062 2.01346
-4.11913 1.58848
-4.52308 1.54465
-4.65269 1.69549
-4.61694 1.35912
-4.68416 1.20773
-4.40468 1.23548
-4.64683 0.907937
-4.35166 0.975196
-4.24661 0.739512
-4.10257 1.04716
-3.76941 0.809127
-3.93925 0.435846
-4.3608 0.397621
-4.13055 0.218689
-4.37133 0.114689
-4.65612 0.217453
-4.67174 -0.0621272
-4.95877 0.078372
-4.93617 0.295041
-5.13097 0.155999
-5.27955 0.276393
-4.93521 0.562506
-5.66671 0.288846
-5.57888 0.083868
-5.77412 0.0598785
-5.77553 -0.18966
-5.33755 -0.0848726
-5.64583 -0.47133
-5.37075 -0.454247
-5.61567 -0.855917
-5.29595 -0.757204
-5.44686 -0.98959
-5.5611 -1.34458
-5.28406 -1.08637
-5.3312 -1.42855
-5.47844 -1.83607
-5.63808 -1.68259
-5.70441 -1.90256
-5.70424 -2.34655
-5.85868 -1.97651
-6.08152 -2.23476
-5.91583 -2.76545
-6.16243 -2.88214
-5.89966 -3.37914
-5.64154 -2.94239
-5.37171 -3.39028
-5.52664 -3.90572
-5.12966 -3.80226
-5.11062 -4.14709
-4.72967 -3.99668
-4.80761 -4.32708
-4.38601 -4.39742
-4.35348 -4.01226
-4.45431 -3.69334
-4.84647 -3.50083
-4.46635 -3.3372
-4.17376 -3.42799
-4.17643 -3.79295
-3.8847 -3.64115
-3.89612 -3.12195
-4.22607 -2.91779
-3.84885 -2.58223
-3.66487 -2.86493
-3.64126 -3.25882
-3.42284 -2.86842
-3.39909 -3.38241
-3.59951 -3.64817
-3.68934 -4.04781
-3.38047 -3.87545
-3.50156 -4.31241
-3.24227 -4.203
-3.031 -3.94641
-3.08471 -4.28342
-3.1979 -4.56038
-2.8543 -4.38837
-2.85846 -4.89376
-2.67224 -4.63946
-2.5689 -5.11976
-2.78535 -5.29289
-2.48021 -5.37936
-2.69942 -5.56011
-2.40651 -5.60653
-2.57169 -5.78719
-2.34646 -5.74058
-2.24055 -5.87075
-2.1937 -5.67879
-1.94727 -6.02639
-2.27138 -6.10436
-2.09051 -6.20495
-2.50815 -6.17952
-2.6224 -6.29311
-2.81269 -6.13806
-2.87742 -6.28132
-2.63162 -6.41156
-3.14182 -6.23981
-3.14901 -6.01489
-3.39382 -6.13819
-3.53805 -5.95117
-3.67139 -6.14862
-3.48424 -6.28785
-3.88434 -6.28011
-3.87764 -6.4331
-4.18446 -6.36878
-4.0377 -6.48965
-4.29537 -6.45076
-4.56096 -6.36079
-4.44246 -6.28263
-4.75259 -6.2207
-4.84445 -6.30803
-5.14181 -6.22579
-5.02438 -6.11881
-5.26212 -6.08621
-5.42053 -6.09508
-5.53046 -6.17234
-5.30854 -6.30993
-5.5433 -6.29612
-5.76917 -6.17309
-5.78765 -6.0245
-5.61249 -6.02236
-5.77188 -5.8276
-5.46258 -5.97179
-5.43004 -5.79944
-5.68851 -5.56447
-5.93504 -5.61707
-6.07603 -5.37312
-5.76939 -5.2804
-5.50066 -5.37405
-5.21738 -5.61549
-5.18019 -5.26454
-4.87616 -5.50634
-4.91371 -5.6748
-4.65422 -5.68842
-4.5533 -5.49845
-4.73491 -5.24062
-4.32744 -5.34811
-4.22027 -5.66725
-3.94108 -5.43456
-3.90125 -5.65847
-3.86908 -5.82468
-4.12222 -5.91609
-3.87336 -6.02413
-3.63052 -5.64224
-3.23745 -5.75402
-3.34101 -5.39134
-3.64581 -5.36381
-3.8171 -5.14351
-4.14363 -5.114
-3.97496 -4.76562
-4.40505 -4.82517
-4.46069 -5.0943
-4.74928 -4.92327
-5.023 -5.02407
-5.30698 -4.96393
-5.56262 -5.09533
-5.59076 -4.71079
-5.95052 -4.962
-5.9567 -4.56198
-6.29995 -4.60896
-6.29347 -5.07173
-6.32044 -5.2898
-6.48532 -5.22927
-6.54653 -4.91391
-6.78825 -4.84978
-6.62569 -4.48184
-6.84285 -4.53806
-6.99275 -4.75082
-6.98285 -4.41186
-7.15923 -4.53378
-7.35626 -4.69346
-7.3038 -4.28719
-7.45493 -4.40628
-7.53071 -4.63909
-7.47058 -4.89886
-7.60522 -4.87112
-7.6452 -4.60416
-7.74668 -4.74021
-7.8643 -4.69915
-7.94239 -4.74923
-7.91116 -4.55514
-8.00305 -4.57554
-7.94349 -4.4521
-7.89923 -4.33838
-7.81765 -4.43536
-7.83101 -4.16401
-7.69219 -4.02027
-7.7011 -4.42684
-7.57549 -4.29236
-7.50862 -3.81678
-7.41973 -4.06309
-7.32206 -3.58327
-7.26389 -3.92187
-7.1365 -3.5826
-7.07322 -4.02659
-7.02034 -3.65113
-6.84487 -3.57701
-6.9837 -3.36252
-6.80724 -2.99557
-6.65378 -3.19841
-6.54682 -3.60324
-6.43468 -2.97775
-6.27196 -3.33924
-6.29413 -2.56242
-6.4566 -2.42242
-6.60668 -2.81363
-6.6727 -2.46756
-6.87448 -2.51776
-6.98722 -3.01322
-7.03661 -2.7421
-7.14732 -3.15021
-7.06758 -3.28736
-7.15096 -2.70598
-7.2848 -3.09605
-7.41294 -3.36893
-7.35441 -3.06465
-7.42012 -3.09548
-7.54093 -3.50317
-7.51652 -3.1392
-7.65827 -3.51994
-7.78318 -3.89212
-7.79406 -3.62121
-7.8878 -4.04609
-7.95729 -3.87011
-7.97414 -4.27619
-8.02731 -4.1614
-8.05557 -4.36314
-8.11473 -4.38164
-8.15575 -4.52764
-8.18631 -4.64106
-7.83882 -3.47625
-7.71133 -3.14407
-7.65978 -3.27044
-7.58572 -2.89088
-7.57634 -3.12101
-7.48551 -2.78494
-7.47829 -2.44298
-7.61761 -2.58199
-7.47978 -2.13805
-7.37277 -1.9717
-7.35527 -2.36842
-7.24074 -1.83506
-7.22314 -2.16547
-7.29001 -2.68665
-7.127 -2.24958
-7.00823 -2.3429
-6.98633 -1.90591
-6.85707 -2.00231
-6.72721 -2.10759
-6.55199 -1.97964
-6.44342 -1.41075
-6.31628 -1.89764
-6.21435 -1.34107
-6.11213 -1.65565
-6.038 -1.28284
-6.00082 -1.489
-5.84855 -1.32181
-5.89379 -0.954741
-6.07389 -1.00438
-5.93529 -0.640784
-5.78307 -0.713607
-5.95806 -1.72144
-5.7754 -1.65542
-6.29207 -2.27867
-6.96448 -1.56171
-7.09905 -1.76751
-6.99518 -1.33526
-7.11905 -1.4023
-7.25467 -1.43968
-7.09062 -0.987983
-7.22481 -0.972052
-7.34404 -1.28369
-7.32542 -0.967108
-7.22616 -0.664266
-7.33307 -0.718346
-7.23158 -0.438696
-7.35557 -0.546254
-7.46454 -0.806052
-7.44194 -0.613897
-7.50121 -0.808994
-7.59552 -0.986811
-7.4835 -0.575061
-7.56144 -0.678552
-7.42451 -0.311465
-7.51035 -0.436669
-7.62773 -0.712403
-7.66577 -1.07933
-7.3834 -0.335643
-7.30344 -0.106299
-7.38233 -0.385589
-7.27438 -0.230076
-7.17743 0.0796052
-7.02213 0.313636
-7.10919 -0.101772
-7.21817 -0.242975
-7.13575 -0.38564
-7.04214 -0.194491
-6.97209 0.132536
-6.91628 -0.0802961
-7.07365 -0.528135
-6.88893 -0.323769
-6.9838 -0.646156
-6.96656 -0.848894
-7.01054 -1.10228
-6.84848 -0.55751
-6.75394 -0.209534
-6.69552 -0.323808
-6.8931 0.498201
-6.9205 0.686864
-6.83288 0.996586
-7.67526 -1.24926
-7.39827 -1.1808
-7.41272 -1.71242
-7.40834 -2.80588
-7.64437 -2.39169
-7.72678 -2.908
-7.813 -3.15107
-7.8782 -3.09291
-7.91423 -3.46546
-6.24584 -3.83598
-5.92522 -3.92953
-6.1029 -4.23998
-5.76197 -4.28527
-5.37188 -4.36948
-5.12894 -4.7227
-5.04015 -4.44029
-4.75215 -4.61006
-6.33765 -4.23262
-6.52948 -4.129
-6.45894 -4.36351
-6.65317 -4.25273
-6.77177 -4.1348
-4.03843 -4.43107
-3.77818 -4.39646
-3.56412 -4.74791
-3.71743 -4.96044
-3.55088 -5.11903
-3.26155 -5.0071
-3.0571 -5.23063
-3.01427 -5.50686
-3.65542 -4.26242
-4.03956 -4.11359
-2.90944 -5.7495
-3.04378 -5.87216
-2.84407 -5.93426
-2.54228 -6.00381
-4.20429 -6.09832
-3.89888 -6.15198
-4.23378 -6.24646
-4.47335 -6.18458
-4.71915 -6.0403
-4.49913 -5.89427
-4.70594 -5.93797
-4.89049 -5.84225
-5.15619 -5.96184
-5.19506 -5.82253
-5.73803 -6.29387
-5.68251 -6.40728
-5.89988 -6.25804
-5.85444 -6.35974
-5.7283 -6.44097
-5.75453 -6.45704
-5.57971 -6.50632
-5.52223 -6.54439
-5.32572 -6.57421
-5.27297 -6.59446
-5.66925 -6.5021
-5.13701 -6.61796
-5.11045 -6.61608
-5.029 -6.64724
-5.8289 -6.36535
-5.73277 -6.40635
-5.85152 -6.25658
-5.84962 -6.15886
-5.9794 -6.11907
-5.7805 -6.1508
-6.12989 -6.05611
-6.06401 -6.14335
-5.94345 -6.23723
-5.92494 -6.29588
-6.04253 -6.19841
-6.16659 -6.08215
-6.23238 -6.02827
-6.28617 -6.00575
-6.19989 -6.05453
-6.31727 -5.96563
-6.42411 -5.89885
-6.226 -5.98671
-5.11833 -6.32808
-1.71894 -6.11096
-1.46434 -6.09347
-2.16837 -5.47119
-2.58326 -3.9078
-2.85068 -3.36696
-3.17154 -3.53361
-3.15874 -3.07852
-2.89803 -2.79446
-2.59792 -2.93172
-2.43962 -3.34047
-2.30783 -2.9508
-2.02064 -2.67405
-2.37657 -2.60125
-2.20017 -2.28127
-2.44816 -2.24717
-2.65926 -2.50563
-2.68882 -2.11022
-2.8929 -2.36474
-3.1651 -2.51931
-3.00437 -1.92907
-3.34236 -2.13363
-3.37362 -2.49493
-3.5462 -2.48942
-3.63816 -2.01523
-3.96286 -2.16223
-4.08642 -2.51288
-4.24465 -2.3013
-4.25113 -2.59687
-4.50369 -2.62726
-4.66584 -3.05997
-4.88748 -2.76577
-5.07035 -3.09974
-5.37329 -2.99575
-5.21367 -2.74878
-5.47345 -2.69281
-5.3443 -2.3406
-5.04893 -2.46388
-4.77471 -2.45844
-4.87909 -2.14857
-5.12681 -2.18648
-5.04548 -1.91044
-5.25081 -1.99541
-5.18853 -1.66283
-4.87267 -1.55868
-4.87816 -1.87319
-4.67695 -1.84736
-4.48129 -1.42665
-4.38473 -1.84766
-4.53804 -2.1964
-4.31772 -2.07237
-4.15177 -1.93531
-4.18329 -1.60585
-3.88687 -1.63651
-4.07138 -1.20484
-4.34955 -1.01811
-4.63698 -1.06632
-4.71344 -1.30297
-4.85382 -1.19883
-4.94061 -0.854805
-5.0863 -1.28269
-5.06798 -0.442262
-4.7776 -0.498216
-4.48202 -0.656942
-4.56833 -0.330771
-4.82038 -0.280522
-5.01392 -0.155687
-5.20283 -0.25997
-4.32186 -0.16055
-4.36996 -0.384019
-4.14129 -0.405625
-4.11328 -0.768275
-3.88466 -0.528558
-3.85114 -0.237155
-4.05705 -0.132678
-3.8958 0.0795115
-4.14279 0.0311447
-3.64711 -0.05721
-3.58815 0.244868
-3.60968 0.521631
-3.32418 0.435236
-3.35814 0.237201
-3.37269 -0.00584254
-3.15686 0.215364
-3.06797 -0.0489488
-2.83983 0.144776
-2.97878 0.432825
-3.15041 0.675906
-3.44103 0.669635
-3.35127 0.916489
-3.61139 1.14446
-3.85417 1.05604
-3.91058 1.26897
-3.60038 1.55281
-4.14494 1.2809
-3.80525 1.90642
-3.50856 2.00379
-3.21117 1.84042
-3.20965 1.42266
-3.439 1.31121
-3.34324 1.17148
-3.11276 1.12525
-2.93676 1.32397
-2.84906 1.67124
-2.71235 1.34193
-2.81335 1.06971
-2.62429 1.15808
-2.49184 0.947421
-2.78557 0.709316
-3.04068 0.893542
-2.41461 0.587573
-2.19904 0.745021
-2.1152 0.467566
-1.84386 0.656526
-2.1367 1.0795
-1.87176 0.973111
-1.92527 1.13698
-1.97814 1.35769
-2.29568 1.53278
-2.47444 1.27167
-2.57535 1.53059
-2.53674 1.80185
-2.70655 2.01575
-2.93869 2.05588
-3.21236 2.33859
-2.76142 2.36749
-2.98207 2.70461
-3.25097 2.73304
-3.5448 2.63246
-3.4157 2.96214
-3.72707 2.904
-3.84821 2.65915
-3.79914 2.45409
-3.99087 2.81016
-4.23674 2.87119
-3.9407 3.11208
-4.23471 3.14682
-4.05536 3.37902
-4.1081 3.63028
-4.345 3.61681
-4.21312 3.78546
-3.99482 3.92425
-3.79207 3.79332
-3.71507 4.0895
-3.54155 3.96775
-3.52705 3.72251
-3.72951 3.63401
-3.88225 3.57586
-3.68322 3.43764
-3.42699 3.54247
-3.23949 3.30622
-3.2395 3.66998
-2.9584 3.58815
-2.79237 3.31115
-2.70083 3.54926
-2.46409 3.3583
-2.54035 3.63909
-2.29834 3.6055
-2.16161 3.28241
-2.27035 3.08909
-2.03828 2.99267
-1.93455 3.17516
-1.7671 2.88924
-1.73519 3.2594
-1.51347 2.92061
-1.52644 2.61595
-1.73229 2.58357
-1.57693 2.34742
-1.86164 2.38565
-1.65897 2.09451
-1.93102 2.08691
-1.71751 1.80975
-2.03063 1.75903
-1.73918 1.48661
-1.46853 1.56081
-1.50108 1.28853
-1.19109 1.26245
-1.36097 0.985645
-1.70868 1.10883
-1.53582 0.73447
-1.23868 0.667638
-1.29682 0.360746
-1.005 0.454672
-1.00404 0.20667
-1.08403 -0.000571898
-1.40628 0.05018
-1.25547 -0.188082
-1.59344 -0.193207
-1.2796 -0.425899
-1.59364 -0.477893
-1.26279 -0.748048
-1.76237 -0.717715
-1.85615 -0.429338
-2.1352 -0.425799
-2.22572 -0.827265
-1.81061 -1.06601
-1.41799 -1.07927
-1.59307 -1.34745
-2.05497 -1.43047
-1.51135 -1.76633
-1.83736 -1.87095
-1.62036 -2.11913
-1.90182 -2.21732
-2.15288 -1.91133
-2.30889 -2.08698
-2.4357 -1.943
-2.35628 -1.67314
-2.63892 -1.73509
-2.80771 -1.43602
-3.17393 -1.46199
-2.93225 -1.03758
-3.26243 -0.992513
-3.04581 -0.610694
-3.3321 -0.635839
-3.23371 -0.317383
-3.57569 -0.427941
-3.53845 -0.901983
-3.81161 -0.82952
-3.75713 -1.18722
-3.51953 -1.40968
-3.38789 -1.74935
-3.23858 -1.80466
-2.99777 -0.28938
-2.78447 -0.156474
-2.81968 -0.417772
-2.52213 -0.413168
-2.69245 -0.718896
-2.54057 -1.12867
-2.48581 -1.45491
-2.41001 -0.0275259
-2.61994 0.36401
-2.28672 0.295372
-2.07648 0.100769
-1.95847 -0.187728
-1.8319 0.00371907
-1.7591 -0.327999
-1.65585 0.075157
-1.88072 0.262265
-1.60092 0.308822
-1.56377 0.504766
-1.73947 0.866856
-2.08732 0.276639
-1.63598 -2.49946
-1.20869 -1.48032
-0.833215 -1.66539
-0.905067 -1.17832
-0.876103 -0.797746
-0.604489 -0.946426
-0.504737 -1.28202
-0.616964 -1.51231
-0.373181 -1.62499
-0.236729 -1.41981
-0.350054 -1.1038
-0.135405 -1.1955
0.0373406 -1.58343
-0.130112 -1.8224
0.038949 -1.89247
-0.296179 -1.94423
-0.526116 -1.89206
0.281614 -1.7535
0.193566 -1.42899
0.0521245 -1.20861
0.208161 -1.17617
0.0816588 -0.951021
-0.0875149 -0.944803
-0.244413 -0.960323
-0.282418 -0.712857
-0.400921 -0.874855
-0.553904 -0.679438
-0.701366 -0.753769
-0.794591 -0.60151
-1.02962 -0.582583
-0.947631 -0.328149
-0.673742 -0.455451
-0.656425 -0.230278
-0.853344 -0.111002
-0.883958 0.0496303
-0.731343 -0.0263134
-0.770071 0.199626
-0.529549 -0.0178286
-0.536051 0.274088
-0.753311 0.49186
-0.989181 0.825477
-0.69581 0.726792
-0.804178 0.898958
-0.877453 1.09338
-0.936063 1.39558
-1.18489 1.64318
-0.941662 1.64147
-0.746154 1.48997
-0.69931 1.20465
-0.498069 1.28069
-0.517502 1.00203
-0.669241 0.939381
-0.465306 0.699232
-0.321677 0.894665
-0.205081 0.468244
-0.395247 0.401273
-0.558241 0.509782
-0.290672 0.112469
-0.0405312 0.103045
0.0512156 0.384732
-0.0772576 0.763921
0.145772 0.64459
0.234976 0.329244
0.174449 0.061449
0.303861 0.130373
0.339712 -0.0858485
0.391494 0.101864
0.520673 -0.0418028
0.442163 -0.319804
0.297122 -0.335673
0.34389 -0.584051
0.148783 -0.492535
0.209631 -0.20863
0.066421 -0.188832
-0.0295482 -0.397749
-0.125347 -0.174776
-0.207886 -0.436503
-0.0422964 -0.673644
-0.449613 -0.423622
-0.331872 -0.200952
-0.481539 -0.222673
0.12284 -0.76839
0.206906 -0.94719
0.25172 -0.784527
0.384032 -0.849363
0.486308 -0.777858
0.470297 -0.551396
0.574871 -0.667236
0.706517 -0.736739
0.64771 -0.536116
0.562585 -0.415551
0.649807 -0.371164
0.617072 -0.22937
0.540009 -0.248307
0.692841 -0.0527364
0.600453 0.212385
0.458496 0.260535
0.504992 0.490574
0.339026 0.520424
0.353801 0.266139
0.426036 0.809086
0.24053 0.873619
0.0271816 1.0387
0.157279 1.1738
0.0195503 1.31094
-0.108602 1.35157
-0.235354 1.21482
-0.44443 1.54729
-0.619718 1.6152
-0.633286 1.96025
-0.821931 1.78681
-0.994419 2.13592
-1.05796 1.86335
-1.19639 2.06325
-1.29651 2.33326
-1.40412 2.09478
-1.25749 1.90115
-1.45119 1.85077
-1.12054 2.45452
-1.30786 2.65423
-1.13635 2.67922
-1.29422 2.95487
-1.49586 3.18181
-1.36738 3.29785
-1.20243 3.10642
-1.08186 2.86374
-1.07322 3.0811
-0.913657 2.86037
-0.956997 3.22266
-1.19915 3.34066
-1.15474 3.60326
-1.4319 3.69612
-1.59641 3.48924
-1.69148 3.78515
-1.88301 3.69486
-2.01596 3.46241
-2.13094 3.75071
-2.30241 3.87182
-2.49264 3.84508
-2.41988 4.02914
-2.63585 4.07003
-2.75351 3.81014
-2.91399 4.07855
-3.02379 3.83414
-3.24945 3.98215
-3.08033 4.32326
-3.41183 4.23258
-3.2554 4.4563
-3.43737 4.45621
-3.61989 4.32583
-3.62061 4.55392
-3.92229 4.25607
-3.8933 4.53738
-3.74442 4.74647
-4.05441 4.66242
-4.13928 4.38401
-4.36081 4.44242
-4.42502 4.18933
-4.21627 4.16368
-4.19376 3.98251
-4.42161 3.96872
-4.39444 3.77572
-4.6837 3.92521
-4.63653 4.11869
-4.84148 4.0068
-4.96153 3.7784
-5.05642 3.61818
-5.08282 3.83938
-5.22309 3.74456
-5.00508 4.00985
-4.61836 4.32982
-4.81784 4.16834
-4.69343 4.18243
-4.54482 4.2583
-3.62048 4.93957
-3.83291 4.88788
-3.4512 4.83672
-3.40894 5.04118
-3.26856 4.9865
-3.18981 4.87475
-3.08805 5.01434
-3.00174 4.91636
-2.91722 5.00388
-2.9452 5.11371
-3.18236 5.12699
-1.70005 4.82311
-1.98856 4.97263
-2.25468 5.0116
-2.0671 4.87162
-2.22341 4.83297
-2.02225 4.77229
-2.04649 4.66605
-2.22538 4.69249
-2.14785 4.47977
-2.37037 4.66145
-2.42201 4.43073
-2.17357 4.09167
-2.47991 4.21385
-2.74195 4.37855
-2.60854 4.65486
-2.85914 4.63871
-2.93508 4.48775
-3.07128 4.56672
-3.03109 4.76926
-3.291 4.65363
-2.78235 4.87483
-2.47452 4.85362
-2.32554 4.77083
-2.3738 4.95926
-2.4933 4.99589
-2.61692 4.98414
-2.58021 5.083
-2.76184 5.05396
-2.72344 5.20056
-2.45947 5.15712
-2.42991 5.05106
-1.90633 4.24197
-1.86493 3.97893
-1.67523 4.02501
-1.68635 4.28967
-1.89027 4.48196
-1.68664 4.50577
-1.87946 4.62894
-1.85574 4.73942
-1.94622 4.70898
-1.56909 4.61173
-1.46235 4.68857
-1.29111 4.49441
-1.43156 4.41426
-1.23497 4.31052
-1.30628 4.19588
-1.51326 4.3117
-1.45918 4.07433
-1.27946 4.01025
-1.30714 3.86225
-1.17365 3.84583
-0.98513 3.6721
-1.12004 3.97582
-0.954241 3.84784
-0.990089 3.98204
-1.10489 4.13668
-0.904761 4.02083
-1.03904 4.2531
-0.754401 4.03544
-0.684736 3.80012
-0.836093 3.83862
-0.644597 3.61864
-0.810056 3.6751
-0.667807 3.50338
-0.517484 3.39487
-0.576301 3.31198
-0.752494 3.46387
-0.611588 3.16089
-0.847384 3.36252
-0.735803 3.09739
-0.991883 3.48023
-0.73218 2.85953
-0.527654 2.81098
-0.532388 2.47118
-0.346794 2.45748
-0.332593 2.65354
-0.181017 2.39233
-0.214754 2.66319
-0.0229363 2.38507
-0.0191498 2.17617
-0.102895 2.10595
0.0914421 1.88656
-0.0411868 1.7904
0.139452 1.60926
0.081346 1.45854
0.25872 1.32788
0.307484 1.05593
0.411148 1.08137
0.410544 1.31089
0.271315 1.58744
0.428894 1.53122
0.560187 1.26013
0.541376 1.06187
0.649714 1.00159
0.653057 0.778278
0.529341 0.893066
0.570226 0.693573
0.664476 0.444218
0.806071 0.507849
0.803326 0.245209
0.730756 0.160467
0.773337 -0.168319
0.716177 -0.257881
0.730288 -0.431572
0.733519 0.791545
0.848144 0.708857
0.997497 0.553175
0.894083 0.834157
0.81645 1.00049
0.713092 1.11876
0.711768 1.22302
0.643396 1.32452
0.622293 1.26552
0.55761 1.44379
0.648935 1.12404
0.592285 1.51036
0.456673 1.68733
0.270735 1.84257
0.35779 1.92241
0.183458 2.16969
0.104037 2.09601
0.0554461 2.45157
-0.106909 2.70307
0.0555873 2.62016
-0.0915484 2.84524
-0.257505 3.00846
-0.150197 3.04188
-0.338333 3.23272
-0.421909 3.21737
-0.426748 3.08944
-0.279361 2.88234
-0.395953 2.89046
-0.435584 3.44695
-0.255199 3.27448
-0.336798 3.43779
-0.437313 3.54708
-0.542617 3.61615
-0.515545 3.66474
-0.541305 3.79162
-0.371459 3.5869
0.0100918 2.83167
0.148495 2.66748
0.433434 2.12515
0.526786 1.94126
0.436404 2.01573
0.336381 2.10962
0.305615 2.27667
0.185068 2.35082
0.21603 2.46567
0.459097 1.90102
0.459832 1.80859
0.553099 1.70485
0.578482 1.80263
0.679131 1.66072
0.675036 1.5221
0.726841 1.31781
0.735274 0.950017
0.807458 0.927665
-0.081193 1.56106
-0.191292 1.80894
-0.294087 1.67791
-0.292985 1.91878
-0.438904 2.08168
-0.64695 2.32791
-0.902483 2.4889
-0.744124 2.60941
-0.266749 2.11541
-0.220716 2.27166
0.734285 -0.595564
0.370829 -2.14544
-2.20639 2.12321
-2.31204 1.87702
-2.48063 2.12694
-2.3773 2.51387
-2.6973 2.72973
-2.52068 2.98575
-2.88916 3.01102
-3.14833 2.95941
-3.60592 3.15655
-2.20181 2.81083
-2.09389 2.55299
-2.09513 2.336
-1.94468 2.70255
-3.8537 2.20393
-3.59159 2.29069
-3.68269 2.10189
-4.68013 0.421463
-4.56818 0.607091
-4.78589 1.84813
-4.95806 2.08349
-5.10194 2.31395
-5.10259 2.58742
-4.98972 2.81343
-5.03451 3.03733
-5.59191 3.18837
-6.30227 1.18875
-6.7699 1.22947
-6.71183 1.60752
-6.61815 1.73871
-7.88606 -1.95248
-6.57443 -5.87159
-6.76075 -5.87987
-6.69865 -5.83992
-6.59945 -5.84756
-6.91126 -5.85688
-6.85017 -5.81219
-7.02594 -5.8397
-6.92683 -5.77669
-7.10883 -5.80338
-7.20463 -5.86359
-7.11392 -5.88531
-7.28853 -5.92976
-7.19441 -5.92769
-7.66695 -5.88938
-7.73168 -5.83586
-7.82471 -5.7567
-7.8893 -5.66217
-7.90077 -5.64932
-7.94932 -5.54041
-7.99755 -5.41757
-7.90155 -5.60937
-8.02178 -5.37856
-7.81014 -5.72765
-6.62934 -5.65232
-3.33158 -6.66244
-3.16467 -6.71214
-3.12423 -6.62797
-2.9938 -6.66289
-1.31813 -6.17048
-1.20591 -6.0453
-0.975724 -5.96389
-0.38589 -5.86981
0.761918 -3.81374
1.08002 -1.49884
1.03138 -1.81052
1.10312 -2.12384
1.02035 -2.28936
1.04673 -2.68686
1.50046 -3.65161
1.52846 -3.43035
1.46125 -3.46681
1.43988 -3.63297
1.4071 -3.80939
1.47261 -3.21784
1.53975 -3.26308
1.53589 -3.03907
1.44559 -2.86989
1.39672 -4.2795
1.38563 -4.39822
1.35648 -4.53605
1.29485 -4.62685
1.34615 -4.44148
0.369649 -5.86166
0.350656 -5.9233
-0.459842 -6.37209
-0.296211 -6.31323
-0.437615 -6.3601
-5.57547 -5.81616
-5.87848 -5.74531
-5.63738 -5.89874
-5.25756 -6.1477
0.778027 -5.59769
0.732817 -5.55477
0.877911 -5.37633
0.694565 -5.50168
0.900693 -5.25348
1.02061 -5.20067
0.63785 -5.41936
0.458069 -5.47546
0.391037 -5.62809
0.445646 -5.69784
0.573799 -5.67509
-0.437313 3.54708
