-11.157 0.470779
-11.1018 0.716599
-11.038 0.955277
-10.6978 2.20783
-10.5923 2.45431
-10.2899 3.0055
-9.60081 4.23757
-9.44825 4.40538
-9.2869 4.5809
-8.44387 5.26907
-8.07621 5.56429
-7.86222 5.67111
-7.39865 5.85514
-7.16291 5.94863
-6.92595 6.00156
-6.69433 6.03819
-6.4678 6.01286
-6.26499 5.94621
-6.08961 5.85074
-5.96784 5.72383
-5.75375 5.49675
-5.2046 4.84665
-4.02376 2.97783
-3.90206 2.57272
-3.84215 2.34972
-3.83946 1.25146
-3.85677 0.362534
-3.93917 -0.541345
-3.95527 -0.667175
-4.01699 -0.815181
-4.08403 -0.966106
-4.17035 -1.12313
-4.24504 -1.25763
-4.37528 -1.46831
-4.45545 -1.57553
-4.60276 -1.75704
-4.75563 -1.895
-4.82341 -1.94639
-4.92295 -2.01962
-5.00696 -2.07626
-5.22631 -2.21519
-5.46004 -2.35219
-5.78206 -2.50583
-6.07051 -2.62786
-6.75366 -2.79399
-6.91365 -2.82847
-7.18207 -2.87283
-7.57529 -2.90513
-7.75921 -2.91571
-8.02524 -2.92029
-8.18635 -2.91745
-9.33654 -2.86567
-9.50896 -2.83028
-9.74107 -2.76099
-9.86916 -2.71775
-10.0385 -2.65162
-10.2391 -2.55173
-10.3871 -2.47304
-10.5451 -2.36986
-10.8376 -2.14603
-10.9514 -2.00441
-11.0186 -1.89471
-11.1319 -1.65544
-11.2264 -1.39777
-11.2909 -0.728995
-11.2903 -0.511124
-11.2719 -0.281766
-11.245 -0.0323135
-11.2034 0.217862
