-9.18009 6.85121
-9.18008 7.00108
-9.16225 7.12721
-9.11726 7.2596
-8.55847 8.7506
-7.44422 10.3375
-7.14686 10.7593
-7.05928 10.8668
-6.63672 11.3401
-6.3271 11.6807
-5.36489 12.2884
-5.16286 12.3993
-4.73701 12.6319
-4.56556 12.7131
-4.34362 12.7198
-4.11554 12.7169
-3.4955 12.6612
-2.77775 12.059
-2.66041 11.9017
-2.54804 11.72
-2.44954 11.5118
-1.66225 9.68277
-1.55081 9.38281
-1.48299 8.9939
-1.45775 8.67896
-1.44556 7.2897
-1.81207 5.8583
-1.91476 5.53641
-1.97303 5.35997
-2.31547 4.47402
-2.36944 4.35592
-2.40617 4.30812
-2.59869 4.06427
-2.75301 3.91538
-2.81586 3.85684
-2.93612 3.76254
-3.03271 3.70499
-3.1659 3.63552
-3.41285 3.53466
-5.14953 2.87566
-5.29533 2.82261
-5.36409 2.80066
-5.597 2.73316
-5.78367 2.71123
-5.80022 2.71397
-5.97911 2.7599
-6.11781 2.81563
-6.78439 3.11829
-6.94546 3.19289
-7.35266 3.40891
-7.67381 3.58767
-7.93393 3.74243
-8.03125 3.8178
-8.08628 3.86792
-8.17074 3.95529
-8.25447 4.11383
-8.31429 4.24539
-8.42427 4.51365
-9.03426 6.05246
-9.07148 6.15322
-9.14093 6.49227
-9.15646 6.59988
-9.17025 6.70062
